-3.000000 	 -9.096915 
-2.990000 	 -12.731375 
-2.980000 	 -13.381238 
-2.970000 	 -12.585273 
-2.960000 	 -14.618363 
-2.950000 	 -12.178856 
-2.940000 	 -13.548510 
-2.930000 	 -7.767536 
-2.920000 	 -13.623950 
-2.910000 	 -12.188925 
-2.900000 	 -8.582493 
-2.890000 	 -10.515962 
-2.880000 	 -8.567853 
-2.870000 	 -8.066848 
-2.860000 	 -14.186117 
-2.850000 	 -12.446384 
-2.840000 	 -11.599289 
-2.830000 	 -11.812164 
-2.820000 	 -10.473631 
-2.810000 	 -10.912984 
-2.800000 	 -11.587347 
-2.790000 	 -10.018537 
-2.780000 	 -9.270312 
-2.770000 	 -11.956488 
-2.760000 	 -7.677424 
-2.750000 	 -11.122546 
-2.740000 	 -11.916876 
-2.730000 	 -12.147841 
-2.720000 	 -9.538934 
-2.710000 	 -12.900315 
-2.700000 	 -10.294885 
-2.690000 	 -11.866033 
-2.680000 	 -11.347445 
-2.670000 	 -9.039018 
-2.660000 	 -10.671297 
-2.650000 	 -9.589207 
-2.640000 	 -12.386590 
-2.630000 	 -12.791040 
-2.620000 	 -7.346451 
-2.610000 	 -11.496343 
-2.600000 	 -9.958659 
-2.590000 	 -9.486808 
-2.580000 	 -13.072135 
-2.570000 	 -10.674963 
-2.560000 	 -7.635626 
-2.550000 	 -10.884775 
-2.540000 	 -8.804871 
-2.530000 	 -13.209503 
-2.520000 	 -11.288423 
-2.510000 	 -8.929382 
-2.500000 	 -8.506393 
-2.490000 	 -9.402996 
-2.480000 	 -6.766973 
-2.470000 	 -10.074060 
-2.460000 	 -10.400734 
-2.450000 	 -8.584377 
-2.440000 	 -9.349449 
-2.430000 	 -9.946160 
-2.420000 	 -8.592666 
-2.410000 	 -8.566974 
-2.400000 	 -9.535944 
-2.390000 	 -10.449929 
-2.380000 	 -8.375279 
-2.370000 	 -11.020761 
-2.360000 	 -10.387853 
-2.350000 	 -7.851627 
-2.340000 	 -11.167356 
-2.330000 	 -6.317605 
-2.320000 	 -6.240114 
-2.310000 	 -7.962775 
-2.300000 	 -8.366007 
-2.290000 	 -8.570165 
-2.280000 	 -9.656061 
-2.270000 	 -7.652230 
-2.260000 	 -10.873543 
-2.250000 	 -8.498579 
-2.240000 	 -6.588029 
-2.230000 	 -7.072020 
-2.220000 	 -11.341231 
-2.210000 	 -8.354578 
-2.200000 	 -9.610430 
-2.190000 	 -8.430641 
-2.180000 	 -4.344393 
-2.170000 	 -8.903498 
-2.160000 	 -9.359362 
-2.150000 	 -8.571916 
-2.140000 	 -8.376683 
-2.130000 	 -8.204076 
-2.120000 	 -10.018474 
-2.110000 	 -8.161055 
-2.100000 	 -8.576551 
-2.090000 	 -9.678710 
-2.080000 	 -8.734920 
-2.070000 	 -10.754395 
-2.060000 	 -6.716342 
-2.050000 	 -8.290071 
-2.040000 	 -9.815425 
-2.030000 	 -4.160230 
-2.020000 	 -7.070239 
-2.010000 	 -8.234385 
-2.000000 	 -4.077258 
-1.990000 	 -5.124113 
-1.980000 	 -6.071385 
-1.970000 	 -7.232292 
-1.960000 	 -3.545353 
-1.950000 	 -8.973551 
-1.940000 	 -3.281932 
-1.930000 	 -5.075547 
-1.920000 	 -7.039355 
-1.910000 	 -7.102750 
-1.900000 	 -7.197559 
-1.890000 	 -7.358383 
-1.880000 	 -6.510824 
-1.870000 	 -7.367771 
-1.860000 	 -6.598998 
-1.850000 	 -7.721141 
-1.840000 	 -4.910100 
-1.830000 	 -5.090676 
-1.820000 	 -2.813195 
-1.810000 	 -5.714005 
-1.800000 	 -5.748559 
-1.790000 	 -4.974836 
-1.780000 	 -2.304319 
-1.770000 	 -6.343898 
-1.760000 	 -3.069152 
-1.750000 	 -6.235538 
-1.740000 	 -3.122810 
-1.730000 	 -5.735125 
-1.720000 	 -4.050324 
-1.710000 	 -6.661420 
-1.700000 	 -3.249868 
-1.690000 	 -6.279579 
-1.680000 	 -5.185694 
-1.670000 	 -5.365913 
-1.660000 	 -5.281601 
-1.650000 	 -3.642374 
-1.640000 	 -1.266694 
-1.630000 	 -1.173754 
-1.620000 	 -4.905028 
-1.610000 	 -6.048935 
-1.600000 	 -5.008858 
-1.590000 	 -2.554739 
-1.580000 	 -5.852305 
-1.570000 	 -5.895895 
-1.560000 	 -8.258395 
-1.550000 	 -4.504903 
-1.540000 	 -4.094437 
-1.530000 	 -2.948638 
-1.520000 	 -5.276462 
-1.510000 	 -4.374292 
-1.500000 	 -5.233316 
-1.490000 	 -4.643951 
-1.480000 	 -4.592967 
-1.470000 	 -0.485141 
-1.460000 	 -4.606625 
-1.450000 	 -5.099155 
-1.440000 	 -4.893844 
-1.430000 	 -1.802200 
-1.420000 	 -1.642601 
-1.410000 	 -0.079364 
-1.400000 	 -5.190293 
-1.390000 	 34.000000 
-1.380000 	 -5.878334 
-1.370000 	 -1.923136 
-1.360000 	 -4.051248 
-1.350000 	 -5.107412 
-1.340000 	 -2.397675 
-1.330000 	 -1.881375 
-1.320000 	 -4.776970 
-1.310000 	 -4.673414 
-1.300000 	 -3.627903 
-1.290000 	 -3.060762 
-1.280000 	 -1.661129 
-1.270000 	 -2.587843 
-1.260000 	 -1.126461 
-1.250000 	 -3.854544 
-1.240000 	 -2.234430 
-1.230000 	 -4.225393 
-1.220000 	 -3.575037 
-1.210000 	 -3.370951 
-1.200000 	 -2.752251 
-1.190000 	 -0.940512 
-1.180000 	 -6.244407 
-1.170000 	 -1.413409 
-1.160000 	 1.882981 
-1.150000 	 -5.398352 
-1.140000 	 -3.430057 
-1.130000 	 -4.060766 
-1.120000 	 -3.129944 
-1.110000 	 -1.826161 
-1.100000 	 -2.057164 
-1.090000 	 -2.895814 
-1.080000 	 -3.404639 
-1.070000 	 -4.250555 
-1.060000 	 -3.800626 
-1.050000 	 -1.559098 
-1.040000 	 -0.787364 
-1.030000 	 -3.394205 
-1.020000 	 -2.674687 
-1.010000 	 -1.129234 
-1.000000 	 -0.943369 
-0.990000 	 -3.761903 
-0.980000 	 -5.144828 
-0.970000 	 -3.736368 
-0.960000 	 -2.508368 
-0.950000 	 -0.534662 
-0.940000 	 -3.086564 
-0.930000 	 0.412222 
-0.920000 	 -3.712276 
-0.910000 	 -4.311882 
-0.900000 	 -2.496905 
-0.890000 	 0.934138 
-0.880000 	 -1.681643 
-0.870000 	 0.444167 
-0.860000 	 -0.800294 
-0.850000 	 -4.088288 
-0.840000 	 -2.711173 
-0.830000 	 -0.550942 
-0.820000 	 -2.926313 
-0.810000 	 -4.042809 
-0.800000 	 -1.809894 
-0.790000 	 -1.862204 
-0.780000 	 -2.308361 
-0.770000 	 0.006626 
-0.760000 	 0.373045 
-0.750000 	 -2.305944 
-0.740000 	 -1.181866 
-0.730000 	 -0.814066 
-0.720000 	 0.454322 
-0.710000 	 -0.513399 
-0.700000 	 -1.389152 
-0.690000 	 -2.096858 
-0.680000 	 -2.379307 
-0.670000 	 -2.942642 
-0.660000 	 0.494782 
-0.650000 	 -1.277217 
-0.640000 	 -1.668713 
-0.630000 	 -0.841525 
-0.620000 	 -2.166010 
-0.610000 	 -0.649694 
-0.600000 	 -1.682947 
-0.590000 	 0.393937 
-0.580000 	 -1.065796 
-0.570000 	 -0.315144 
-0.560000 	 1.862101 
-0.550000 	 -1.012101 
-0.540000 	 -2.248308 
-0.530000 	 -2.624468 
-0.520000 	 -1.043302 
-0.510000 	 -2.096951 
-0.500000 	 -0.483640 
-0.490000 	 1.345252 
-0.480000 	 -2.475298 
-0.470000 	 -1.671707 
-0.460000 	 -0.620061 
-0.450000 	 -4.627259 
-0.440000 	 -3.528125 
-0.430000 	 -0.972329 
-0.420000 	 1.539963 
-0.410000 	 -0.070143 
-0.400000 	 -2.505109 
-0.390000 	 -0.620689 
-0.380000 	 -3.778208 
-0.370000 	 0.950277 
-0.360000 	 0.163260 
-0.350000 	 -0.984878 
-0.340000 	 1.031040 
-0.330000 	 0.631074 
-0.320000 	 0.390754 
-0.310000 	 -3.185942 
-0.300000 	 -1.069324 
-0.290000 	 -1.666131 
-0.280000 	 -0.990531 
-0.270000 	 -0.181245 
-0.260000 	 -0.715264 
-0.250000 	 3.014056 
-0.240000 	 0.177196 
-0.230000 	 1.377052 
-0.220000 	 -1.724720 
-0.210000 	 0.662553 
-0.200000 	 1.914626 
-0.190000 	 0.158394 
-0.180000 	 -1.809394 
-0.170000 	 3.699807 
-0.160000 	 1.243201 
-0.150000 	 0.086063 
-0.140000 	 3.413636 
-0.130000 	 -3.010408 
-0.120000 	 -0.534632 
-0.110000 	 1.478215 
-0.100000 	 0.626326 
-0.090000 	 1.535131 
-0.080000 	 -5.016266 
-0.070000 	 1.096948 
-0.060000 	 1.767063 
-0.050000 	 0.693223 
-0.040000 	 -3.699034 
-0.030000 	 0.986672 
-0.020000 	 0.248649 
-0.010000 	 2.186995 
0.000000 	 -2.929761 
0.010000 	 0.914719 
0.020000 	 -0.367883 
0.030000 	 0.290806 
0.040000 	 -1.093712 
0.050000 	 0.116375 
0.060000 	 -1.587151 
0.070000 	 0.381710 
0.080000 	 -0.832224 
0.090000 	 -0.563768 
0.100000 	 0.627079 
0.110000 	 0.914249 
0.120000 	 3.899556 
0.130000 	 0.354394 
0.140000 	 -0.709854 
0.150000 	 1.381343 
0.160000 	 1.483665 
0.170000 	 2.314114 
0.180000 	 1.693841 
0.190000 	 -1.215542 
0.200000 	 -0.803885 
0.210000 	 -0.663987 
0.220000 	 0.915327 
0.230000 	 -0.809359 
0.240000 	 -1.405676 
0.250000 	 1.619831 
0.260000 	 -0.438372 
0.270000 	 -1.635722 
0.280000 	 -0.243764 
0.290000 	 0.522916 
0.300000 	 1.394641 
0.310000 	 -1.585280 
0.320000 	 2.536565 
0.330000 	 -0.196112 
0.340000 	 -1.604874 
0.350000 	 -1.155068 
0.360000 	 1.402582 
0.370000 	 -1.551468 
0.380000 	 -2.528336 
0.390000 	 -0.129619 
0.400000 	 1.388701 
0.410000 	 0.140368 
0.420000 	 1.970428 
0.430000 	 0.459759 
0.440000 	 -1.313775 
0.450000 	 1.794514 
0.460000 	 1.383567 
0.470000 	 -0.631488 
0.480000 	 -1.678930 
0.490000 	 1.514959 
0.500000 	 2.447264 
0.510000 	 1.785769 
0.520000 	 0.186632 
0.530000 	 1.647809 
0.540000 	 0.564926 
0.550000 	 -0.764806 
0.560000 	 -0.745118 
0.570000 	 -4.789099 
0.580000 	 1.401021 
0.590000 	 -2.371437 
0.600000 	 2.424592 
0.610000 	 0.055125 
0.620000 	 0.324274 
0.630000 	 0.386416 
0.640000 	 2.106576 
0.650000 	 2.486631 
0.660000 	 -1.389973 
0.670000 	 0.831860 
0.680000 	 0.940173 
0.690000 	 1.504847 
0.700000 	 2.525963 
0.710000 	 5.072842 
0.720000 	 -0.100996 
0.730000 	 -1.046820 
0.740000 	 -1.447257 
0.750000 	 2.056101 
0.760000 	 0.286333 
0.770000 	 -3.347168 
0.780000 	 -0.534383 
0.790000 	 1.421076 
0.800000 	 2.014369 
0.810000 	 -1.511002 
0.820000 	 -0.454507 
0.830000 	 1.691607 
0.840000 	 0.591022 
0.850000 	 -1.144815 
0.860000 	 0.696766 
0.870000 	 1.580417 
0.880000 	 0.225778 
0.890000 	 1.635198 
0.900000 	 1.559523 
0.910000 	 0.853790 
0.920000 	 2.589725 
0.930000 	 -1.930708 
0.940000 	 1.042720 
0.950000 	 -2.209280 
0.960000 	 1.442605 
0.970000 	 0.468571 
0.980000 	 1.632425 
0.990000 	 0.000848 
1.000000 	 1.725287 
1.010000 	 1.005707 
1.020000 	 1.687337 
1.030000 	 -2.391625 
1.040000 	 -0.240683 
1.050000 	 0.428818 
1.060000 	 1.621711 
1.070000 	 -0.530388 
1.080000 	 2.074099 
1.090000 	 -0.120978 
1.100000 	 -0.320348 
1.110000 	 2.403577 
1.120000 	 3.704722 
1.130000 	 -3.175888 
1.140000 	 0.079511 
1.150000 	 0.860814 
1.160000 	 -1.373113 
1.170000 	 -1.505371 
1.180000 	 2.386008 
1.190000 	 -0.587627 
1.200000 	 1.100807 
1.210000 	 -2.174403 
1.220000 	 0.696473 
1.230000 	 0.313140 
1.240000 	 2.033559 
1.250000 	 -1.008173 
1.260000 	 0.785146 
1.270000 	 2.454893 
1.280000 	 -1.276872 
1.290000 	 1.873290 
1.300000 	 1.153673 
1.310000 	 2.843371 
1.320000 	 2.132493 
1.330000 	 2.716687 
1.340000 	 -1.149222 
1.350000 	 2.730278 
1.360000 	 0.380840 
1.370000 	 1.731816 
1.380000 	 2.510843 
1.390000 	 2.071581 
1.400000 	 1.040404 
1.410000 	 1.976822 
1.420000 	 2.320099 
1.430000 	 0.752745 
1.440000 	 4.209159 
1.450000 	 -0.386176 
1.460000 	 -1.057347 
1.470000 	 1.683820 
1.480000 	 -0.059997 
1.490000 	 -1.590073 
1.500000 	 2.470495 
1.510000 	 0.687655 
1.520000 	 1.065111 
1.530000 	 -2.528251 
1.540000 	 -0.901998 
1.550000 	 -0.073380 
1.560000 	 1.387679 
1.570000 	 1.875412 
1.580000 	 0.419791 
1.590000 	 -1.477074 
1.600000 	 2.642545 
1.610000 	 1.612825 
1.620000 	 3.884867 
1.630000 	 -0.080517 
1.640000 	 3.930208 
1.650000 	 4.671763 
1.660000 	 1.058403 
1.670000 	 0.727385 
1.680000 	 0.295512 
1.690000 	 -0.176551 
1.700000 	 -1.967900 
1.710000 	 1.143329 
1.720000 	 0.167176 
1.730000 	 -0.096336 
1.740000 	 1.059844 
1.750000 	 -0.356169 
1.760000 	 2.226679 
1.770000 	 0.406521 
1.780000 	 2.235016 
1.790000 	 0.039675 
1.800000 	 -2.651638 
1.810000 	 0.197076 
1.820000 	 1.581568 
1.830000 	 4.836280 
1.840000 	 3.051457 
1.850000 	 2.282143 
1.860000 	 1.036824 
1.870000 	 4.979716 
1.880000 	 -0.519055 
1.890000 	 0.407297 
1.900000 	 1.699226 
1.910000 	 5.151473 
1.920000 	 3.520721 
1.930000 	 1.841254 
1.940000 	 0.389034 
1.950000 	 -0.182682 
1.960000 	 0.966747 
1.970000 	 3.147149 
1.980000 	 -1.369369 
1.990000 	 3.844204 
2.000000 	 1.106700 
2.010000 	 5.129838 
2.020000 	 0.886084 
2.030000 	 4.121960 
2.040000 	 0.946163 
2.050000 	 2.717434 
2.060000 	 2.252593 
2.070000 	 2.144647 
2.080000 	 4.096461 
2.090000 	 2.121367 
2.100000 	 4.762288 
2.110000 	 2.826516 
2.120000 	 2.555647 
2.130000 	 1.085831 
2.140000 	 0.340980 
2.150000 	 0.655885 
2.160000 	 4.615925 
2.170000 	 3.061043 
2.180000 	 2.471498 
2.190000 	 3.590188 
2.200000 	 1.944428 
2.210000 	 2.973354 
2.220000 	 4.802447 
2.230000 	 0.978626 
2.240000 	 3.791721 
2.250000 	 2.217690 
2.260000 	 3.097522 
2.270000 	 4.874472 
2.280000 	 2.045091 
2.290000 	 4.137894 
2.300000 	 3.438882 
2.310000 	 5.156253 
2.320000 	 3.796445 
2.330000 	 3.751528 
2.340000 	 2.896455 
2.350000 	 5.508190 
2.360000 	 4.646259 
2.370000 	 5.805627 
2.380000 	 6.169191 
2.390000 	 1.925100 
2.400000 	 2.870157 
2.410000 	 3.182380 
2.420000 	 3.361094 
2.430000 	 5.919846 
2.440000 	 2.984627 
2.450000 	 5.125742 
2.460000 	 6.415142 
2.470000 	 5.627900 
2.480000 	 3.623703 
2.490000 	 6.338137 
2.500000 	 5.662051 
2.510000 	 6.062042 
2.520000 	 1.228155 
2.530000 	 6.519940 
2.540000 	 7.065538 
2.550000 	 6.026641 
2.560000 	 4.164061 
2.570000 	 5.747774 
2.580000 	 4.417325 
2.590000 	 6.559173 
2.600000 	 4.187686 
2.610000 	 8.286094 
2.620000 	 8.247743 
2.630000 	 4.973541 
2.640000 	 8.184826 
2.650000 	 6.648386 
2.660000 	 6.950156 
2.670000 	 5.733765 
2.680000 	 8.788911 
2.690000 	 8.160235 
2.700000 	 8.207690 
2.710000 	 5.776814 
2.720000 	 5.877548 
2.730000 	 5.778198 
2.740000 	 7.834038 
2.750000 	 7.533217 
2.760000 	 9.547988 
2.770000 	 4.770492 
2.780000 	 6.086038 
2.790000 	 6.529607 
2.800000 	 7.946750 
2.810000 	 8.282303 
2.820000 	 8.461921 
2.830000 	 8.111501 
2.840000 	 8.320053 
2.850000 	 7.340557 
2.860000 	 9.265243 
2.870000 	 8.136311 
2.880000 	 9.888366 
2.890000 	 11.495295 
2.900000 	 8.371895 
2.910000 	 10.347911 
2.920000 	 11.183521 
2.930000 	 9.697675 
2.940000 	 9.869801 
2.950000 	 10.043652 
2.960000 	 11.830315 
2.970000 	 11.073630 
2.980000 	 8.650818 
2.990000 	 12.246622 
3.000000 	 10.729652 
3.010000 	 6.294580 
3.020000 	 11.863649 
3.030000 	 12.775643 
3.040000 	 10.829247 
3.050000 	 8.912453 
3.060000 	 13.195609 
3.070000 	 7.426787 
3.080000 	 14.036712 
3.090000 	 9.649975 
3.100000 	 11.908436 
3.110000 	 10.845841 
3.120000 	 10.293781 
3.130000 	 11.500641 
3.140000 	 12.944723 
3.150000 	 11.763553 
3.160000 	 11.526587 
3.170000 	 11.502558 
3.180000 	 11.731528 
3.190000 	 14.522007 
3.200000 	 13.186545 
3.210000 	 14.895669 
3.220000 	 13.822527 
3.230000 	 13.321996 
3.240000 	 13.723543 
3.250000 	 14.007490 
3.260000 	 13.443188 
3.270000 	 15.514093 
3.280000 	 15.183384 
3.290000 	 16.266385 
3.300000 	 12.559310 
3.310000 	 15.243908 
3.320000 	 14.886170 
3.330000 	 15.339960 
3.340000 	 16.315531 
3.350000 	 15.062971 
3.360000 	 15.642341 
3.370000 	 17.287019 
3.380000 	 13.456207 
3.390000 	 16.929923 
3.400000 	 16.895921 
3.410000 	 18.085433 
3.420000 	 21.087343 
3.430000 	 21.593197 
3.440000 	 17.537636 
3.450000 	 17.668346 
3.460000 	 18.251924 
3.470000 	 18.406385 
3.480000 	 17.496847 
3.490000 	 18.683126 
3.500000 	 17.045250 
3.510000 	 20.269421 
3.520000 	 18.408686 
3.530000 	 20.602209 
3.540000 	 19.039897 
3.550000 	 19.364471 
3.560000 	 21.342740 
3.570000 	 20.148194 
3.580000 	 19.722978 
3.590000 	 19.050672 
3.600000 	 18.629136 
3.610000 	 22.961104 
3.620000 	 23.887632 
3.630000 	 21.087492 
3.640000 	 21.860469 
3.650000 	 23.688705 
3.660000 	 23.406456 
3.670000 	 22.147073 
3.680000 	 26.706466 
3.690000 	 23.283729 
3.700000 	 23.310499 
3.710000 	 22.336035 
3.720000 	 22.285339 
3.730000 	 24.603427 
3.740000 	 25.843878 
3.750000 	 12.000000 
3.760000 	 25.860948 
3.770000 	 24.734023 
3.780000 	 26.459017 
3.790000 	 26.021292 
3.800000 	 26.380952 
3.810000 	 27.202896 
3.820000 	 27.629720 
3.830000 	 27.453967 
3.840000 	 27.125326 
3.850000 	 30.324002 
3.860000 	 25.632605 
3.870000 	 29.392396 
3.880000 	 24.646510 
3.890000 	 29.383107 
3.900000 	 29.608065 
3.910000 	 30.259315 
3.920000 	 28.253277 
3.930000 	 29.103951 
3.940000 	 31.966416 
3.950000 	 30.482497 
3.960000 	 35.238656 
3.970000 	 32.337081 
3.980000 	 30.721958 
3.990000 	 32.545156 
4.000000 	 35.948139 
