-3.000000 	 -10.026513 
-2.990000 	 -10.433690 
-2.980000 	 -11.100867 
-2.970000 	 -11.710402 
-2.960000 	 -15.406157 
-2.950000 	 -13.200374 
-2.940000 	 -13.057821 
-2.930000 	 -11.177563 
-2.920000 	 -10.638842 
-2.910000 	 -13.830470 
-2.900000 	 -12.330526 
-2.890000 	 -9.516546 
-2.880000 	 -10.011299 
-2.870000 	 -11.990047 
-2.860000 	 -11.657316 
-2.850000 	 -13.660976 
-2.840000 	 -11.764062 
-2.830000 	 -10.164177 
-2.820000 	 -11.491136 
-2.810000 	 -10.963009 
-2.800000 	 -12.412023 
-2.790000 	 -10.931750 
-2.780000 	 -11.391133 
-2.770000 	 -12.160607 
-2.760000 	 -11.289613 
-2.750000 	 -9.920908 
-2.740000 	 -9.218947 
-2.730000 	 -9.877672 
-2.720000 	 -8.216294 
-2.710000 	 -11.712061 
-2.700000 	 -8.974567 
-2.690000 	 -12.246065 
-2.680000 	 -12.485587 
-2.670000 	 -12.557802 
-2.660000 	 -10.559420 
-2.650000 	 -9.632360 
-2.640000 	 -10.368875 
-2.630000 	 -9.404544 
-2.620000 	 -8.124110 
-2.610000 	 -8.998214 
-2.600000 	 -15.408565 
-2.590000 	 -7.833740 
-2.580000 	 -9.512741 
-2.570000 	 -8.672969 
-2.560000 	 -6.668292 
-2.550000 	 -12.492766 
-2.540000 	 -10.538345 
-2.530000 	 -10.492226 
-2.520000 	 -12.463357 
-2.510000 	 -10.200688 
-2.500000 	 -9.510213 
-2.490000 	 -9.625327 
-2.480000 	 -6.863322 
-2.470000 	 -10.278121 
-2.460000 	 -9.455466 
-2.450000 	 -9.932828 
-2.440000 	 -9.459326 
-2.430000 	 -13.394735 
-2.420000 	 -8.154337 
-2.410000 	 -8.078786 
-2.400000 	 -8.440934 
-2.390000 	 -10.377696 
-2.380000 	 -11.064309 
-2.370000 	 -8.777596 
-2.360000 	 -8.332949 
-2.350000 	 -8.381007 
-2.340000 	 -11.755427 
-2.330000 	 -7.581371 
-2.320000 	 -9.630606 
-2.310000 	 -6.536581 
-2.300000 	 -9.635237 
-2.290000 	 -9.196680 
-2.280000 	 -9.818761 
-2.270000 	 -9.054296 
-2.260000 	 -7.422542 
-2.250000 	 -12.970399 
-2.240000 	 -9.102082 
-2.230000 	 -6.272358 
-2.220000 	 -6.136718 
-2.210000 	 -7.635950 
-2.200000 	 -5.658838 
-2.190000 	 -7.026800 
-2.180000 	 -7.880824 
-2.170000 	 -9.205820 
-2.160000 	 -7.246411 
-2.150000 	 -7.699796 
-2.140000 	 -6.946614 
-2.130000 	 -7.312937 
-2.120000 	 -8.213600 
-2.110000 	 -8.362127 
-2.100000 	 -5.959734 
-2.090000 	 -7.996636 
-2.080000 	 -7.199897 
-2.070000 	 -6.716174 
-2.060000 	 -4.144886 
-2.050000 	 -4.467098 
-2.040000 	 -7.134293 
-2.030000 	 -5.372817 
-2.020000 	 -9.225354 
-2.010000 	 -7.356733 
-2.000000 	 -6.515147 
-1.990000 	 -8.249331 
-1.980000 	 -5.632105 
-1.970000 	 -9.438179 
-1.960000 	 -6.608528 
-1.950000 	 -5.951938 
-1.940000 	 -4.825503 
-1.930000 	 -2.895996 
-1.920000 	 -5.970281 
-1.910000 	 -4.415754 
-1.900000 	 -4.899091 
-1.890000 	 -6.290866 
-1.880000 	 -6.123366 
-1.870000 	 -5.846884 
-1.860000 	 -3.717688 
-1.850000 	 -5.271831 
-1.840000 	 -8.473248 
-1.830000 	 -5.220806 
-1.820000 	 -9.498302 
-1.810000 	 -6.982436 
-1.800000 	 -7.683499 
-1.790000 	 -7.985422 
-1.780000 	 -5.177904 
-1.770000 	 -5.401969 
-1.760000 	 -6.534629 
-1.750000 	 -8.225339 
-1.740000 	 -5.745664 
-1.730000 	 -7.237480 
-1.720000 	 -3.349469 
-1.710000 	 -7.483347 
-1.700000 	 -4.707042 
-1.690000 	 -4.199395 
-1.680000 	 -7.284000 
-1.670000 	 -5.789635 
-1.660000 	 -5.942670 
-1.650000 	 -3.154263 
-1.640000 	 -3.255776 
-1.630000 	 -6.386577 
-1.620000 	 -2.729245 
-1.610000 	 -3.706185 
-1.600000 	 -6.300860 
-1.590000 	 -3.449186 
-1.580000 	 -4.201292 
-1.570000 	 -8.382153 
-1.560000 	 -4.753994 
-1.550000 	 -3.981940 
-1.540000 	 -2.268055 
-1.530000 	 -6.081293 
-1.520000 	 -5.914708 
-1.510000 	 -3.251027 
-1.500000 	 -0.156423 
-1.490000 	 -6.027716 
-1.480000 	 -5.579372 
-1.470000 	 -4.411878 
-1.460000 	 -5.202943 
-1.450000 	 -7.207184 
-1.440000 	 -2.919103 
-1.430000 	 -3.595911 
-1.420000 	 -2.965745 
-1.410000 	 -2.238649 
-1.400000 	 -4.230377 
-1.390000 	 -4.605521 
-1.380000 	 -3.904967 
-1.370000 	 -6.840103 
-1.360000 	 -5.188670 
-1.350000 	 -5.495651 
-1.340000 	 -3.295163 
-1.330000 	 -2.536667 
-1.320000 	 -5.713544 
-1.310000 	 -2.031478 
-1.300000 	 -3.457553 
-1.290000 	 -3.794129 
-1.280000 	 -2.201049 
-1.270000 	 -6.239862 
-1.260000 	 0.205291 
-1.250000 	 -4.517308 
-1.240000 	 -4.902344 
-1.230000 	 -3.108864 
-1.220000 	 -2.421162 
-1.210000 	 -1.653639 
-1.200000 	 -1.512859 
-1.190000 	 -0.827927 
-1.180000 	 -1.651866 
-1.170000 	 -3.722786 
-1.160000 	 -3.107079 
-1.150000 	 0.030770 
-1.140000 	 -3.016049 
-1.130000 	 -1.824751 
-1.120000 	 -3.024260 
-1.110000 	 -4.136588 
-1.100000 	 -2.253310 
-1.090000 	 -2.273247 
-1.080000 	 -3.004122 
-1.070000 	 -1.220421 
-1.060000 	 -5.587344 
-1.050000 	 -1.548977 
-1.040000 	 -2.520387 
-1.030000 	 -2.012525 
-1.020000 	 -0.485001 
-1.010000 	 -1.991654 
-1.000000 	 -0.986180 
-0.990000 	 -4.461839 
-0.980000 	 1.999645 
-0.970000 	 -3.821145 
-0.960000 	 -1.023480 
-0.950000 	 -6.052279 
-0.940000 	 -3.568341 
-0.930000 	 -2.550696 
-0.920000 	 -0.756966 
-0.910000 	 0.602500 
-0.900000 	 -2.928832 
-0.890000 	 1.978798 
-0.880000 	 -1.735774 
-0.870000 	 -0.480904 
-0.860000 	 0.947605 
-0.850000 	 -2.086148 
-0.840000 	 -2.399517 
-0.830000 	 -3.692392 
-0.820000 	 -3.881018 
-0.810000 	 -0.398090 
-0.800000 	 -3.393915 
-0.790000 	 -0.443393 
-0.780000 	 -0.741318 
-0.770000 	 -2.697975 
-0.760000 	 -2.343641 
-0.750000 	 -0.931730 
-0.740000 	 0.035492 
-0.730000 	 -1.896843 
-0.720000 	 0.288585 
-0.710000 	 -1.242112 
-0.700000 	 -2.581433 
-0.690000 	 -1.689675 
-0.680000 	 -1.843671 
-0.670000 	 0.693565 
-0.660000 	 -1.575682 
-0.650000 	 -3.212826 
-0.640000 	 0.281289 
-0.630000 	 -1.320286 
-0.620000 	 0.457488 
-0.610000 	 -0.169223 
-0.600000 	 1.089558 
-0.590000 	 1.151728 
-0.580000 	 -2.142809 
-0.570000 	 -0.340911 
-0.560000 	 -3.598879 
-0.550000 	 -3.230993 
-0.540000 	 -2.011088 
-0.530000 	 -3.213208 
-0.520000 	 0.539851 
-0.510000 	 -2.861405 
-0.500000 	 -1.664526 
-0.490000 	 -0.765575 
-0.480000 	 1.150335 
-0.470000 	 0.331306 
-0.460000 	 -3.477524 
-0.450000 	 -1.135753 
-0.440000 	 -0.775477 
-0.430000 	 0.307512 
-0.420000 	 -0.446012 
-0.410000 	 0.577254 
-0.400000 	 3.524295 
-0.390000 	 -1.182380 
-0.380000 	 -1.448705 
-0.370000 	 2.210196 
-0.360000 	 -1.651717 
-0.350000 	 -1.615704 
-0.340000 	 -3.350972 
-0.330000 	 2.068122 
-0.320000 	 -1.937028 
-0.310000 	 -1.687050 
-0.300000 	 -0.189009 
-0.290000 	 0.894675 
-0.280000 	 -0.152162 
-0.270000 	 -0.941299 
-0.260000 	 0.080889 
-0.250000 	 -0.873368 
-0.240000 	 0.581342 
-0.230000 	 -1.826347 
-0.220000 	 2.131371 
-0.210000 	 0.602050 
-0.200000 	 0.898845 
-0.190000 	 -0.342871 
-0.180000 	 -0.563065 
-0.170000 	 1.972494 
-0.160000 	 1.667864 
-0.150000 	 -1.935774 
-0.140000 	 -0.289908 
-0.130000 	 -3.699264 
-0.120000 	 1.628995 
-0.110000 	 -0.186258 
-0.100000 	 0.510936 
-0.090000 	 1.208484 
-0.080000 	 -2.456791 
-0.070000 	 -1.508098 
-0.060000 	 -1.274019 
-0.050000 	 -0.991711 
-0.040000 	 -0.826029 
-0.030000 	 2.610084 
-0.020000 	 -1.067273 
-0.010000 	 -2.553221 
0.000000 	 -2.317834 
0.010000 	 3.387999 
0.020000 	 0.757750 
0.030000 	 2.153880 
0.040000 	 -3.082188 
0.050000 	 -0.415280 
0.060000 	 0.243524 
0.070000 	 2.355793 
0.080000 	 -0.507122 
0.090000 	 -0.245094 
0.100000 	 0.162652 
0.110000 	 2.328851 
0.120000 	 -0.452537 
0.130000 	 -0.276513 
0.140000 	 -0.305559 
0.150000 	 -1.800554 
0.160000 	 -0.957514 
0.170000 	 0.045314 
0.180000 	 -1.398294 
0.190000 	 -2.257606 
0.200000 	 -3.048761 
0.210000 	 0.248619 
0.220000 	 1.248220 
0.230000 	 0.406926 
0.240000 	 2.038454 
0.250000 	 0.180255 
0.260000 	 -1.829336 
0.270000 	 1.217773 
0.280000 	 0.462921 
0.290000 	 -0.343663 
0.300000 	 -1.056124 
0.310000 	 0.827906 
0.320000 	 0.739933 
0.330000 	 2.596609 
0.340000 	 0.051694 
0.350000 	 -2.622623 
0.360000 	 -0.628592 
0.370000 	 -1.034970 
0.380000 	 0.641850 
0.390000 	 -2.129516 
0.400000 	 0.149659 
0.410000 	 2.567456 
0.420000 	 0.721450 
0.430000 	 -0.695446 
0.440000 	 -0.252343 
0.450000 	 0.458729 
0.460000 	 0.569685 
0.470000 	 3.912553 
0.480000 	 0.506901 
0.490000 	 1.108900 
0.500000 	 0.837006 
0.510000 	 -0.173843 
0.520000 	 -2.938647 
0.530000 	 -0.413230 
0.540000 	 1.467811 
0.550000 	 -0.046441 
0.560000 	 2.283099 
0.570000 	 0.067137 
0.580000 	 1.043589 
0.590000 	 -0.672877 
0.600000 	 -0.531223 
0.610000 	 1.913545 
0.620000 	 -0.227553 
0.630000 	 -0.603454 
0.640000 	 -0.232384 
0.650000 	 -1.144427 
0.660000 	 -1.090668 
0.670000 	 -2.642259 
0.680000 	 0.150573 
0.690000 	 1.485132 
0.700000 	 3.842264 
0.710000 	 -0.693925 
0.720000 	 -0.685903 
0.730000 	 -1.813790 
0.740000 	 -0.204240 
0.750000 	 4.108387 
0.760000 	 -0.466667 
0.770000 	 -0.973860 
0.780000 	 0.638509 
0.790000 	 -3.933181 
0.800000 	 -2.350972 
0.810000 	 1.391471 
0.820000 	 -1.078409 
0.830000 	 0.051366 
0.840000 	 0.162244 
0.850000 	 1.782057 
0.860000 	 -0.490461 
0.870000 	 2.630917 
0.880000 	 -1.701254 
0.890000 	 -0.647703 
0.900000 	 -1.919564 
0.910000 	 -1.505217 
0.920000 	 -1.455369 
0.930000 	 -3.643615 
0.940000 	 -1.698257 
0.950000 	 0.849195 
0.960000 	 -0.791644 
0.970000 	 2.251499 
0.980000 	 -0.204451 
0.990000 	 0.777014 
1.000000 	 0.006503 
1.010000 	 2.234366 
1.020000 	 2.196797 
1.030000 	 4.497123 
1.040000 	 2.363311 
1.050000 	 0.057379 
1.060000 	 0.742600 
1.070000 	 1.854583 
1.080000 	 2.995112 
1.090000 	 1.979183 
1.100000 	 -2.306168 
1.110000 	 1.031736 
1.120000 	 -2.338869 
1.130000 	 0.620589 
1.140000 	 -2.926886 
1.150000 	 -3.716335 
1.160000 	 1.402145 
1.170000 	 -0.207432 
1.180000 	 1.332346 
1.190000 	 2.632832 
1.200000 	 1.199723 
1.210000 	 -1.468774 
1.220000 	 -1.234948 
1.230000 	 0.891261 
1.240000 	 1.653511 
1.250000 	 3.215696 
1.260000 	 0.373644 
1.270000 	 -1.262345 
1.280000 	 0.971179 
1.290000 	 -0.743095 
1.300000 	 -1.206006 
1.310000 	 1.597345 
1.320000 	 -0.501407 
1.330000 	 3.174193 
1.340000 	 1.294174 
1.350000 	 1.522259 
1.360000 	 -1.560386 
1.370000 	 0.073190 
1.380000 	 -0.281735 
1.390000 	 2.132596 
1.400000 	 -0.888670 
1.410000 	 1.257181 
1.420000 	 -1.112441 
1.430000 	 -0.141769 
1.440000 	 -0.248582 
1.450000 	 0.359391 
1.460000 	 -1.432522 
1.470000 	 4.376140 
1.480000 	 0.242250 
1.490000 	 3.289523 
1.500000 	 1.830101 
1.510000 	 1.281684 
1.520000 	 3.077696 
1.530000 	 0.980157 
1.540000 	 0.697739 
1.550000 	 -0.931647 
1.560000 	 -4.000000 
1.570000 	 -2.189978 
1.580000 	 1.275102 
1.590000 	 0.677948 
1.600000 	 0.541372 
1.610000 	 0.097511 
1.620000 	 0.930797 
1.630000 	 -1.827245 
1.640000 	 1.697224 
1.650000 	 -0.913163 
1.660000 	 1.353100 
1.670000 	 -0.960401 
1.680000 	 1.255752 
1.690000 	 1.185513 
1.700000 	 0.646425 
1.710000 	 3.090432 
1.720000 	 1.781307 
1.730000 	 1.148710 
1.740000 	 1.538998 
1.750000 	 -0.303492 
1.760000 	 1.859280 
1.770000 	 1.021482 
1.780000 	 0.708087 
1.790000 	 -0.279480 
1.800000 	 2.865857 
1.810000 	 3.108015 
1.820000 	 1.982795 
1.830000 	 1.619805 
1.840000 	 -1.868902 
1.850000 	 3.084991 
1.860000 	 1.724257 
1.870000 	 2.696170 
1.880000 	 0.333323 
1.890000 	 -0.183247 
1.900000 	 3.161638 
1.910000 	 1.006692 
1.920000 	 -1.551862 
1.930000 	 3.737747 
1.940000 	 3.094708 
1.950000 	 -1.163044 
1.960000 	 3.569076 
1.970000 	 4.449381 
1.980000 	 1.831902 
1.990000 	 1.974744 
2.000000 	 2.263830 
2.010000 	 -1.251851 
2.020000 	 3.180396 
2.030000 	 2.889313 
2.040000 	 1.395112 
2.050000 	 4.045003 
2.060000 	 3.425743 
2.070000 	 0.579127 
2.080000 	 1.363028 
2.090000 	 -0.757486 
2.100000 	 4.002421 
2.110000 	 0.644229 
2.120000 	 3.866406 
2.130000 	 2.238831 
2.140000 	 1.914026 
2.150000 	 3.370256 
2.160000 	 3.364377 
2.170000 	 2.354983 
2.180000 	 3.473125 
2.190000 	 5.513280 
2.200000 	 2.975712 
2.210000 	 1.915980 
2.220000 	 3.999669 
2.230000 	 2.460738 
2.240000 	 2.129725 
2.250000 	 4.464971 
2.260000 	 3.431651 
2.270000 	 5.936111 
2.280000 	 6.483833 
2.290000 	 7.367147 
2.300000 	 1.083420 
2.310000 	 1.994248 
2.320000 	 4.230934 
2.330000 	 3.225956 
2.340000 	 4.963103 
2.350000 	 2.417638 
2.360000 	 5.572012 
2.370000 	 3.456006 
2.380000 	 6.465926 
2.390000 	 5.461681 
2.400000 	 7.155700 
2.410000 	 0.674838 
2.420000 	 5.034156 
2.430000 	 4.172401 
2.440000 	 5.555465 
2.450000 	 5.129248 
2.460000 	 4.166938 
2.470000 	 6.586898 
2.480000 	 1.326844 
2.490000 	 7.588129 
2.500000 	 6.416567 
2.510000 	 3.174592 
2.520000 	 6.445071 
2.530000 	 7.755787 
2.540000 	 6.274223 
2.550000 	 7.132738 
2.560000 	 7.033563 
2.570000 	 3.793703 
2.580000 	 4.788187 
2.590000 	 4.501329 
2.600000 	 4.350505 
2.610000 	 5.278916 
2.620000 	 2.102122 
2.630000 	 4.533522 
2.640000 	 3.206744 
2.650000 	 3.921118 
2.660000 	 5.239279 
2.670000 	 7.099172 
2.680000 	 6.534831 
2.690000 	 6.211646 
2.700000 	 7.392218 
2.710000 	 6.101242 
2.720000 	 7.858115 
2.730000 	 6.549935 
2.740000 	 4.324508 
2.750000 	 8.272490 
2.760000 	 4.289648 
2.770000 	 7.291894 
2.780000 	 8.764519 
2.790000 	 5.499496 
2.800000 	 9.004748 
2.810000 	 5.909001 
2.820000 	 9.061657 
2.830000 	 7.032445 
2.840000 	 8.361208 
2.850000 	 8.835677 
2.860000 	 4.896940 
2.870000 	 8.183608 
2.880000 	 8.014072 
2.890000 	 7.232765 
2.900000 	 8.484877 
2.910000 	 15.456609 
2.920000 	 9.730871 
2.930000 	 12.272735 
2.940000 	 9.206469 
2.950000 	 9.976026 
2.960000 	 11.371505 
2.970000 	 11.097399 
2.980000 	 8.278474 
2.990000 	 11.509361 
3.000000 	 8.485416 
3.010000 	 12.600711 
3.020000 	 11.000818 
3.030000 	 10.355485 
3.040000 	 8.475754 
3.050000 	 10.990737 
3.060000 	 10.954958 
3.070000 	 10.934531 
3.080000 	 14.101799 
3.090000 	 10.948780 
3.100000 	 11.759029 
3.110000 	 11.036846 
3.120000 	 12.899492 
3.130000 	 12.976400 
3.140000 	 11.834590 
3.150000 	 10.743143 
3.160000 	 11.953920 
3.170000 	 12.526418 
3.180000 	 15.695480 
3.190000 	 10.424340 
3.200000 	 13.249684 
3.210000 	 12.336577 
3.220000 	 14.762199 
3.230000 	 14.153806 
3.240000 	 15.649568 
3.250000 	 14.144239 
3.260000 	 12.809199 
3.270000 	 14.855647 
3.280000 	 14.837013 
3.290000 	 15.817736 
3.300000 	 14.976039 
3.310000 	 13.680363 
3.320000 	 15.397970 
3.330000 	 15.680849 
3.340000 	 17.032693 
3.350000 	 17.460252 
3.360000 	 13.588095 
3.370000 	 14.429320 
3.380000 	 17.554373 
3.390000 	 15.652039 
3.400000 	 18.160960 
3.410000 	 16.814978 
3.420000 	 15.874799 
3.430000 	 16.493894 
3.440000 	 16.245696 
3.450000 	 18.186931 
3.460000 	 16.285854 
3.470000 	 20.306779 
3.480000 	 19.648917 
3.490000 	 17.003930 
3.500000 	 19.603495 
3.510000 	 20.581249 
3.520000 	 19.983954 
3.530000 	 17.471827 
3.540000 	 18.995382 
3.550000 	 21.761978 
3.560000 	 25.065692 
3.570000 	 19.388749 
3.580000 	 19.429380 
3.590000 	 21.148295 
3.600000 	 24.969879 
3.610000 	 19.227780 
3.620000 	 24.802864 
3.630000 	 22.377483 
3.640000 	 23.289516 
3.650000 	 23.278603 
3.660000 	 24.831194 
3.670000 	 24.810056 
3.680000 	 25.772662 
3.690000 	 23.362995 
3.700000 	 23.327943 
3.710000 	 22.896814 
3.720000 	 23.896020 
3.730000 	 25.701013 
3.740000 	 24.603763 
3.750000 	 23.435259 
3.760000 	 23.667259 
3.770000 	 26.359707 
3.780000 	 25.773610 
3.790000 	 27.948485 
3.800000 	 8.000000 
3.810000 	 28.231344 
3.820000 	 24.422753 
3.830000 	 28.249756 
3.840000 	 27.394475 
3.850000 	 27.861166 
3.860000 	 27.672084 
3.870000 	 30.941663 
3.880000 	 29.815749 
3.890000 	 28.888271 
3.900000 	 30.073514 
3.910000 	 29.128636 
3.920000 	 30.536503 
3.930000 	 30.850320 
3.940000 	 30.577134 
3.950000 	 33.201985 
3.960000 	 30.840418 
3.970000 	 33.939617 
3.980000 	 32.122252 
3.990000 	 33.334342 
4.000000 	 34.383141 
