-3.000000 	 -12.798107 
-2.990000 	 -12.011332 
-2.980000 	 -14.384043 
-2.970000 	 -11.931615 
-2.960000 	 -12.644257 
-2.950000 	 -12.064040 
-2.940000 	 -11.706699 
-2.930000 	 -11.328529 
-2.920000 	 -12.038266 
-2.910000 	 -13.879903 
-2.900000 	 -11.210486 
-2.890000 	 -12.822273 
-2.880000 	 -11.154204 
-2.870000 	 -10.749242 
-2.860000 	 -11.796292 
-2.850000 	 -9.973017 
-2.840000 	 -11.066226 
-2.830000 	 -12.196345 
-2.820000 	 -12.165568 
-2.810000 	 -10.379652 
-2.800000 	 -11.551300 
-2.790000 	 -10.633763 
-2.780000 	 -11.836285 
-2.770000 	 -12.701475 
-2.760000 	 -10.598175 
-2.750000 	 -12.291682 
-2.740000 	 -9.108990 
-2.730000 	 -14.738507 
-2.720000 	 -9.763119 
-2.710000 	 -9.475557 
-2.700000 	 -14.507970 
-2.690000 	 -11.446376 
-2.680000 	 -10.892266 
-2.670000 	 -11.562652 
-2.660000 	 -10.899911 
-2.650000 	 -9.377232 
-2.640000 	 -7.748374 
-2.630000 	 -7.899476 
-2.620000 	 -9.304305 
-2.610000 	 -10.433386 
-2.600000 	 -12.157378 
-2.590000 	 -10.244970 
-2.580000 	 -11.991378 
-2.570000 	 -7.681438 
-2.560000 	 -6.705126 
-2.550000 	 -10.017432 
-2.540000 	 -9.440052 
-2.530000 	 -11.760280 
-2.520000 	 -12.046628 
-2.510000 	 -9.444662 
-2.500000 	 -7.704984 
-2.490000 	 -8.927315 
-2.480000 	 -7.693268 
-2.470000 	 -10.342264 
-2.460000 	 -11.386231 
-2.450000 	 -9.152054 
-2.440000 	 -9.541003 
-2.430000 	 -7.698547 
-2.420000 	 -12.608426 
-2.410000 	 -9.976577 
-2.400000 	 -8.017290 
-2.390000 	 -9.620192 
-2.380000 	 -10.095942 
-2.370000 	 -8.790629 
-2.360000 	 -11.127465 
-2.350000 	 -8.893301 
-2.340000 	 -10.266298 
-2.330000 	 -8.651715 
-2.320000 	 -9.413985 
-2.310000 	 -9.592426 
-2.300000 	 -9.266835 
-2.290000 	 -8.156282 
-2.280000 	 -8.038375 
-2.270000 	 -6.316698 
-2.260000 	 -6.480907 
-2.250000 	 -7.254213 
-2.240000 	 -8.716414 
-2.230000 	 -5.870563 
-2.220000 	 -8.094902 
-2.210000 	 -5.762119 
-2.200000 	 -8.372925 
-2.190000 	 -8.522417 
-2.180000 	 -9.068416 
-2.170000 	 -6.704953 
-2.160000 	 -4.982336 
-2.150000 	 -9.757632 
-2.140000 	 -4.080721 
-2.130000 	 -7.491488 
-2.120000 	 -5.284166 
-2.110000 	 -3.974449 
-2.100000 	 -7.560633 
-2.090000 	 -7.765848 
-2.080000 	 -8.336869 
-2.070000 	 -10.796966 
-2.060000 	 -8.231718 
-2.050000 	 -6.830317 
-2.040000 	 -8.112046 
-2.030000 	 -6.220553 
-2.020000 	 -7.401344 
-2.010000 	 -7.692300 
-2.000000 	 -9.262102 
-1.990000 	 -4.267237 
-1.980000 	 -8.534096 
-1.970000 	 -8.841800 
-1.960000 	 -5.251694 
-1.950000 	 -7.077774 
-1.940000 	 -5.825688 
-1.930000 	 -5.565972 
-1.920000 	 -11.837557 
-1.910000 	 -2.560365 
-1.900000 	 -5.927754 
-1.890000 	 -5.687276 
-1.880000 	 -8.112799 
-1.870000 	 -6.603709 
-1.860000 	 -6.128895 
-1.850000 	 -8.646793 
-1.840000 	 -5.520374 
-1.830000 	 -6.157430 
-1.820000 	 -7.162202 
-1.810000 	 -5.458429 
-1.800000 	 -6.399081 
-1.790000 	 -7.531755 
-1.780000 	 -6.889329 
-1.770000 	 -5.111986 
-1.760000 	 -5.018060 
-1.750000 	 -5.135261 
-1.740000 	 -4.218190 
-1.730000 	 -2.055229 
-1.720000 	 -4.818635 
-1.710000 	 -3.715429 
-1.700000 	 -1.561406 
-1.690000 	 -5.875866 
-1.680000 	 -0.893274 
-1.670000 	 -1.134978 
-1.660000 	 -5.200270 
-1.650000 	 -5.723778 
-1.640000 	 -4.723287 
-1.630000 	 -3.304921 
-1.620000 	 -4.168350 
-1.610000 	 -7.059263 
-1.600000 	 -5.670277 
-1.590000 	 -6.031473 
-1.580000 	 -3.383181 
-1.570000 	 -5.330877 
-1.560000 	 -5.271031 
-1.550000 	 -4.074340 
-1.540000 	 -4.979263 
-1.530000 	 -7.149487 
-1.520000 	 -3.399179 
-1.510000 	 -1.974330 
-1.500000 	 -4.668016 
-1.490000 	 -2.447210 
-1.480000 	 -5.387097 
-1.470000 	 -5.278832 
-1.460000 	 -5.442518 
-1.450000 	 -5.230359 
-1.440000 	 -3.915174 
-1.430000 	 -5.040661 
-1.420000 	 -2.677464 
-1.410000 	 -4.888932 
-1.400000 	 -2.135602 
-1.390000 	 -4.309813 
-1.380000 	 -3.043448 
-1.370000 	 -2.823957 
-1.360000 	 -4.057712 
-1.350000 	 -7.068852 
-1.340000 	 -2.706731 
-1.330000 	 -3.616443 
-1.320000 	 -2.516088 
-1.310000 	 -1.279017 
-1.300000 	 -3.488793 
-1.290000 	 -5.028608 
-1.280000 	 -3.630900 
-1.270000 	 -3.543568 
-1.260000 	 -0.212869 
-1.250000 	 -4.593470 
-1.240000 	 -4.084014 
-1.230000 	 -6.336040 
-1.220000 	 -5.068428 
-1.210000 	 -3.766191 
-1.200000 	 -2.030610 
-1.190000 	 -4.175563 
-1.180000 	 -1.005357 
-1.170000 	 -1.298057 
-1.160000 	 -1.918078 
-1.150000 	 -1.930274 
-1.140000 	 -2.479837 
-1.130000 	 -4.013088 
-1.120000 	 -4.725074 
-1.110000 	 -3.602751 
-1.100000 	 -5.153557 
-1.090000 	 -2.796417 
-1.080000 	 -1.400186 
-1.070000 	 -3.433603 
-1.060000 	 -4.186121 
-1.050000 	 -2.156379 
-1.040000 	 -1.139636 
-1.030000 	 -3.615816 
-1.020000 	 -0.633576 
-1.010000 	 -0.798539 
-1.000000 	 -3.423927 
-0.990000 	 -0.133863 
-0.980000 	 -0.184048 
-0.970000 	 -1.094468 
-0.960000 	 0.147507 
-0.950000 	 -4.085400 
-0.940000 	 -4.414774 
-0.930000 	 -2.483908 
-0.920000 	 0.336364 
-0.910000 	 -0.667493 
-0.900000 	 -2.085657 
-0.890000 	 -2.014631 
-0.880000 	 -3.947556 
-0.870000 	 0.211452 
-0.860000 	 -1.020496 
-0.850000 	 -1.644456 
-0.840000 	 -0.891297 
-0.830000 	 0.105239 
-0.820000 	 -1.515100 
-0.810000 	 -3.189098 
-0.800000 	 -3.428306 
-0.790000 	 0.320341 
-0.780000 	 0.663285 
-0.770000 	 -2.662376 
-0.760000 	 -2.500845 
-0.750000 	 -2.687228 
-0.740000 	 -1.430771 
-0.730000 	 1.037832 
-0.720000 	 -3.894260 
-0.710000 	 -3.187867 
-0.700000 	 -5.860289 
-0.690000 	 -3.044793 
-0.680000 	 -0.709825 
-0.670000 	 -1.661311 
-0.660000 	 -1.422942 
-0.650000 	 0.110311 
-0.640000 	 -2.514978 
-0.630000 	 -0.123399 
-0.620000 	 0.413708 
-0.610000 	 -1.115808 
-0.600000 	 -0.913156 
-0.590000 	 -1.395975 
-0.580000 	 -1.996006 
-0.570000 	 -1.366804 
-0.560000 	 -1.946772 
-0.550000 	 -0.540412 
-0.540000 	 -2.926385 
-0.530000 	 -1.597792 
-0.520000 	 -2.707271 
-0.510000 	 -0.998925 
-0.500000 	 -5.063941 
-0.490000 	 2.646520 
-0.480000 	 -0.164776 
-0.470000 	 0.571763 
-0.460000 	 0.392553 
-0.450000 	 2.920722 
-0.440000 	 -0.950193 
-0.430000 	 -2.882200 
-0.420000 	 -1.349924 
-0.410000 	 -0.239002 
-0.400000 	 -4.622747 
-0.390000 	 -2.147896 
-0.380000 	 -0.408743 
-0.370000 	 -0.559784 
-0.360000 	 2.988254 
-0.350000 	 0.186234 
-0.340000 	 -1.761909 
-0.330000 	 -2.260380 
-0.320000 	 -0.412777 
-0.310000 	 0.719623 
-0.300000 	 -1.820601 
-0.290000 	 -2.954816 
-0.280000 	 -1.355663 
-0.270000 	 2.839082 
-0.260000 	 -2.424347 
-0.250000 	 -1.609214 
-0.240000 	 2.333394 
-0.230000 	 -2.888630 
-0.220000 	 1.394798 
-0.210000 	 -0.345727 
-0.200000 	 -2.076790 
-0.190000 	 -1.707132 
-0.180000 	 1.598604 
-0.170000 	 0.810131 
-0.160000 	 -0.514507 
-0.150000 	 1.095248 
-0.140000 	 -0.679342 
-0.130000 	 4.377935 
-0.120000 	 -0.998401 
-0.110000 	 -2.276973 
-0.100000 	 -0.723816 
-0.090000 	 -0.954979 
-0.080000 	 0.732522 
-0.070000 	 -2.575174 
-0.060000 	 0.195851 
-0.050000 	 1.398690 
-0.040000 	 -1.807530 
-0.030000 	 -1.309194 
-0.020000 	 -0.913636 
-0.010000 	 3.756658 
0.000000 	 -0.652422 
0.010000 	 -0.315415 
0.020000 	 0.163252 
0.030000 	 -1.285452 
0.040000 	 1.302154 
0.050000 	 0.601714 
0.060000 	 0.053729 
0.070000 	 1.072406 
0.080000 	 -0.250792 
0.090000 	 -0.837223 
0.100000 	 -2.329035 
0.110000 	 1.774372 
0.120000 	 -2.624318 
0.130000 	 -3.226324 
0.140000 	 -1.574885 
0.150000 	 1.047373 
0.160000 	 -1.053688 
0.170000 	 -0.734511 
0.180000 	 0.986479 
0.190000 	 -1.700944 
0.200000 	 0.656834 
0.210000 	 -0.728914 
0.220000 	 0.464136 
0.230000 	 1.463831 
0.240000 	 1.728068 
0.250000 	 0.512278 
0.260000 	 0.026566 
0.270000 	 -0.359498 
0.280000 	 0.279057 
0.290000 	 1.906360 
0.300000 	 -1.082528 
0.310000 	 0.068726 
0.320000 	 -1.834488 
0.330000 	 -1.216575 
0.340000 	 0.966956 
0.350000 	 -6.000000 
0.360000 	 0.931498 
0.370000 	 1.578816 
0.380000 	 2.295574 
0.390000 	 1.001653 
0.400000 	 1.493329 
0.410000 	 3.010284 
0.420000 	 1.128251 
0.430000 	 -2.426235 
0.440000 	 -1.379037 
0.450000 	 1.432598 
0.460000 	 0.633917 
0.470000 	 -0.324499 
0.480000 	 -1.999281 
0.490000 	 -1.429810 
0.500000 	 0.760769 
0.510000 	 1.829680 
0.520000 	 -1.846723 
0.530000 	 2.761334 
0.540000 	 -0.680432 
0.550000 	 0.212304 
0.560000 	 0.953994 
0.570000 	 -0.727706 
0.580000 	 -0.451532 
0.590000 	 -0.871490 
0.600000 	 -1.557026 
0.610000 	 -0.290674 
0.620000 	 -0.683315 
0.630000 	 0.223293 
0.640000 	 -0.824745 
0.650000 	 0.733069 
0.660000 	 -0.529255 
0.670000 	 -0.395162 
0.680000 	 -0.438127 
0.690000 	 0.765229 
0.700000 	 -0.552355 
0.710000 	 2.030477 
0.720000 	 0.368368 
0.730000 	 0.358512 
0.740000 	 1.128237 
0.750000 	 -0.359693 
0.760000 	 1.997855 
0.770000 	 0.734743 
0.780000 	 2.207247 
0.790000 	 -1.763665 
0.800000 	 -1.745234 
0.810000 	 1.083057 
0.820000 	 1.418137 
0.830000 	 -0.379929 
0.840000 	 2.610402 
0.850000 	 -2.727228 
0.860000 	 -0.664357 
0.870000 	 0.837068 
0.880000 	 -0.032149 
0.890000 	 -0.390919 
0.900000 	 1.889727 
0.910000 	 1.806212 
0.920000 	 1.367017 
0.930000 	 -1.856585 
0.940000 	 -1.892917 
0.950000 	 0.398929 
0.960000 	 -2.031351 
0.970000 	 -0.593173 
0.980000 	 -2.599788 
0.990000 	 -2.789804 
1.000000 	 -2.075340 
1.010000 	 -1.811905 
1.020000 	 -5.259959 
1.030000 	 -0.368880 
1.040000 	 0.851351 
1.050000 	 1.044741 
1.060000 	 -1.193288 
1.070000 	 0.845868 
1.080000 	 4.516335 
1.090000 	 -1.276335 
1.100000 	 -0.304289 
1.110000 	 -0.737435 
1.120000 	 2.822834 
1.130000 	 1.715057 
1.140000 	 0.004937 
1.150000 	 1.355187 
1.160000 	 0.702628 
1.170000 	 3.033714 
1.180000 	 2.176330 
1.190000 	 1.594953 
1.200000 	 -0.368442 
1.210000 	 -1.591924 
1.220000 	 -2.739820 
1.230000 	 -0.033499 
1.240000 	 0.664557 
1.250000 	 1.252954 
1.260000 	 0.284744 
1.270000 	 0.817713 
1.280000 	 2.049880 
1.290000 	 0.745186 
1.300000 	 1.730929 
1.310000 	 -1.425020 
1.320000 	 2.677343 
1.330000 	 -2.149981 
1.340000 	 -2.313405 
1.350000 	 1.203229 
1.360000 	 1.046771 
1.370000 	 -11.000000 
1.380000 	 2.828422 
1.390000 	 1.250959 
1.400000 	 0.202724 
1.410000 	 0.170120 
1.420000 	 1.984951 
1.430000 	 1.669403 
1.440000 	 2.419553 
1.450000 	 1.876552 
1.460000 	 1.267611 
1.470000 	 1.054937 
1.480000 	 1.712216 
1.490000 	 0.158459 
1.500000 	 0.258823 
1.510000 	 2.205525 
1.520000 	 2.062526 
1.530000 	 1.546710 
1.540000 	 1.336340 
1.550000 	 1.327269 
1.560000 	 1.472674 
1.570000 	 0.296188 
1.580000 	 -1.166101 
1.590000 	 0.469386 
1.600000 	 0.084163 
1.610000 	 2.458178 
1.620000 	 -1.329145 
1.630000 	 -0.899611 
1.640000 	 0.742472 
1.650000 	 3.299785 
1.660000 	 2.019204 
1.670000 	 1.535014 
1.680000 	 0.777009 
1.690000 	 2.870162 
1.700000 	 1.221418 
1.710000 	 0.755567 
1.720000 	 0.457955 
1.730000 	 -0.920149 
1.740000 	 -0.062944 
1.750000 	 2.791711 
1.760000 	 0.885020 
1.770000 	 4.436153 
1.780000 	 -0.901465 
1.790000 	 0.351995 
1.800000 	 2.424672 
1.810000 	 3.314564 
1.820000 	 2.686052 
1.830000 	 1.416837 
1.840000 	 1.143780 
1.850000 	 1.932378 
1.860000 	 3.038159 
1.870000 	 0.070938 
1.880000 	 -2.134735 
1.890000 	 -1.972944 
1.900000 	 -0.913856 
1.910000 	 1.896332 
1.920000 	 1.580779 
1.930000 	 0.392138 
1.940000 	 4.010629 
1.950000 	 1.303057 
1.960000 	 2.189503 
1.970000 	 -1.480169 
1.980000 	 1.838133 
1.990000 	 3.875363 
2.000000 	 2.972697 
2.010000 	 3.138455 
2.020000 	 2.212173 
2.030000 	 4.830544 
2.040000 	 0.381995 
2.050000 	 1.335466 
2.060000 	 0.806646 
2.070000 	 1.331158 
2.080000 	 3.547087 
2.090000 	 0.820653 
2.100000 	 2.013092 
2.110000 	 1.581450 
2.120000 	 2.854962 
2.130000 	 0.268764 
2.140000 	 4.680987 
2.150000 	 2.284127 
2.160000 	 4.142519 
2.170000 	 2.543335 
2.180000 	 1.672889 
2.190000 	 -1.448570 
2.200000 	 3.196478 
2.210000 	 4.667583 
2.220000 	 3.030369 
2.230000 	 5.051790 
2.240000 	 3.265260 
2.250000 	 1.168012 
2.260000 	 4.762080 
2.270000 	 0.672812 
2.280000 	 4.410978 
2.290000 	 3.373994 
2.300000 	 4.003484 
2.310000 	 3.286803 
2.320000 	 2.505616 
2.330000 	 1.989334 
2.340000 	 6.028692 
2.350000 	 6.163577 
2.360000 	 4.589050 
2.370000 	 1.594007 
2.380000 	 5.672850 
2.390000 	 4.692516 
2.400000 	 4.751468 
2.410000 	 3.119953 
2.420000 	 4.939652 
2.430000 	 0.171683 
2.440000 	 3.185530 
2.450000 	 5.316359 
2.460000 	 5.009211 
2.470000 	 5.869493 
2.480000 	 5.430864 
2.490000 	 5.483206 
2.500000 	 6.650205 
2.510000 	 6.309328 
2.520000 	 7.260128 
2.530000 	 3.148756 
2.540000 	 7.824975 
2.550000 	 4.297792 
2.560000 	 4.775795 
2.570000 	 6.776077 
2.580000 	 5.700708 
2.590000 	 7.989154 
2.600000 	 5.536455 
2.610000 	 7.762082 
2.620000 	 5.813602 
2.630000 	 10.528994 
2.640000 	 7.815211 
2.650000 	 4.734958 
2.660000 	 7.005521 
2.670000 	 6.900294 
2.680000 	 7.967914 
2.690000 	 6.505975 
2.700000 	 8.748046 
2.710000 	 5.965396 
2.720000 	 9.120820 
2.730000 	 7.998408 
2.740000 	 7.052164 
2.750000 	 5.026825 
2.760000 	 8.256259 
2.770000 	 7.121556 
2.780000 	 6.723089 
2.790000 	 7.690627 
2.800000 	 8.933078 
2.810000 	 8.972187 
2.820000 	 8.566550 
2.830000 	 8.931844 
2.840000 	 6.161727 
2.850000 	 9.422871 
2.860000 	 7.901306 
2.870000 	 7.878199 
2.880000 	 9.049933 
2.890000 	 12.138756 
2.900000 	 8.592313 
2.910000 	 11.586128 
2.920000 	 10.256199 
2.930000 	 13.594038 
2.940000 	 11.337296 
2.950000 	 7.904185 
2.960000 	 10.691053 
2.970000 	 7.783086 
2.980000 	 8.834172 
2.990000 	 11.205663 
3.000000 	 9.800686 
3.010000 	 11.548374 
3.020000 	 12.067416 
3.030000 	 9.183974 
3.040000 	 9.122006 
3.050000 	 13.703400 
3.060000 	 14.781944 
3.070000 	 11.373314 
3.080000 	 7.469920 
3.090000 	 15.099605 
3.100000 	 11.626781 
3.110000 	 13.618564 
3.120000 	 13.535829 
3.130000 	 12.025381 
3.140000 	 10.484093 
3.150000 	 13.510530 
3.160000 	 11.624739 
3.170000 	 11.010691 
3.180000 	 13.093312 
3.190000 	 9.499642 
3.200000 	 14.983040 
3.210000 	 14.337103 
3.220000 	 11.831755 
3.230000 	 12.115734 
3.240000 	 15.957855 
3.250000 	 15.139862 
3.260000 	 12.458173 
3.270000 	 15.986656 
3.280000 	 14.839686 
3.290000 	 13.744108 
3.300000 	 15.261835 
3.310000 	 14.288082 
3.320000 	 18.933858 
3.330000 	 16.206360 
3.340000 	 17.482694 
3.350000 	 18.069449 
3.360000 	 16.729301 
3.370000 	 18.454525 
3.380000 	 16.746577 
3.390000 	 17.693898 
3.400000 	 15.939050 
3.410000 	 16.491044 
3.420000 	 15.921413 
3.430000 	 16.223974 
3.440000 	 18.512997 
3.450000 	 20.257779 
3.460000 	 18.779139 
3.470000 	 18.925985 
3.480000 	 16.934100 
3.490000 	 20.743800 
3.500000 	 15.627803 
3.510000 	 16.541190 
3.520000 	 19.362004 
3.530000 	 21.584645 
3.540000 	 19.286817 
3.550000 	 18.439844 
3.560000 	 21.085890 
3.570000 	 19.520269 
3.580000 	 22.260813 
3.590000 	 22.989673 
3.600000 	 23.724789 
3.610000 	 20.487665 
3.620000 	 21.468215 
3.630000 	 22.470923 
3.640000 	 22.616592 
3.650000 	 25.450084 
3.660000 	 23.507302 
3.670000 	 23.689001 
3.680000 	 23.156627 
3.690000 	 25.919589 
3.700000 	 23.445645 
3.710000 	 23.292639 
3.720000 	 23.604289 
3.730000 	 26.212976 
3.740000 	 25.250858 
3.750000 	 27.107616 
3.760000 	 26.423471 
3.770000 	 24.779719 
3.780000 	 29.589386 
3.790000 	 23.591532 
3.800000 	 26.541751 
3.810000 	 29.380906 
3.820000 	 26.984279 
3.830000 	 28.533863 
3.840000 	 25.651215 
3.850000 	 26.846714 
3.860000 	 24.790628 
3.870000 	 28.620143 
3.880000 	 30.988201 
3.890000 	 29.306174 
3.900000 	 28.485556 
3.910000 	 29.518462 
3.920000 	 29.917048 
3.930000 	 30.994385 
3.940000 	 32.539638 
3.950000 	 29.747235 
3.960000 	 30.925331 
3.970000 	 33.839163 
3.980000 	 31.196775 
3.990000 	 32.228393 
4.000000 	 33.383620 
