-3.000000 	 -10.996975 
-2.990000 	 -12.830634 
-2.980000 	 -12.558629 
-2.970000 	 -10.634595 
-2.960000 	 -11.659180 
-2.950000 	 -9.621190 
-2.940000 	 -15.416080 
-2.930000 	 -13.408754 
-2.920000 	 -10.995504 
-2.910000 	 -10.454581 
-2.900000 	 -10.191221 
-2.890000 	 -10.160632 
-2.880000 	 -9.617928 
-2.870000 	 -11.261617 
-2.860000 	 -10.998300 
-2.850000 	 -13.291597 
-2.840000 	 -12.378467 
-2.830000 	 -8.273171 
-2.820000 	 -11.705197 
-2.810000 	 -8.979257 
-2.800000 	 -11.726933 
-2.790000 	 -8.977344 
-2.780000 	 -11.448252 
-2.770000 	 -10.792850 
-2.760000 	 -11.328909 
-2.750000 	 -12.432725 
-2.740000 	 -9.620167 
-2.730000 	 -10.585406 
-2.720000 	 -12.018682 
-2.710000 	 -9.081491 
-2.700000 	 12.000000 
-2.690000 	 -11.432949 
-2.680000 	 -8.276472 
-2.670000 	 -9.279632 
-2.660000 	 -10.851825 
-2.650000 	 -12.259216 
-2.640000 	 -8.749503 
-2.630000 	 -7.300469 
-2.620000 	 -10.748718 
-2.610000 	 -9.867642 
-2.600000 	 -8.103300 
-2.590000 	 -9.072464 
-2.580000 	 -10.933567 
-2.570000 	 -8.578356 
-2.560000 	 -6.245403 
-2.550000 	 -9.202874 
-2.540000 	 -8.816942 
-2.530000 	 -4.682137 
-2.520000 	 -8.115364 
-2.510000 	 -6.159139 
-2.500000 	 -7.097518 
-2.490000 	 -7.285469 
-2.480000 	 -9.702645 
-2.470000 	 -12.295095 
-2.460000 	 -8.550334 
-2.450000 	 -6.874617 
-2.440000 	 -8.771578 
-2.430000 	 -8.339525 
-2.420000 	 -8.044332 
-2.410000 	 -6.511694 
-2.400000 	 -8.715017 
-2.390000 	 -6.911201 
-2.380000 	 -7.928820 
-2.370000 	 -8.223092 
-2.360000 	 -7.941887 
-2.350000 	 -9.893887 
-2.340000 	 -8.203872 
-2.330000 	 -8.070075 
-2.320000 	 -6.158608 
-2.310000 	 -8.083870 
-2.300000 	 -6.650235 
-2.290000 	 -11.417597 
-2.280000 	 -7.488101 
-2.270000 	 -7.593156 
-2.260000 	 -6.997081 
-2.250000 	 -8.332084 
-2.240000 	 -11.420189 
-2.230000 	 -8.394129 
-2.220000 	 -10.636860 
-2.210000 	 -10.800795 
-2.200000 	 -7.187340 
-2.190000 	 -7.436950 
-2.180000 	 -5.126035 
-2.170000 	 -7.942202 
-2.160000 	 -7.986945 
-2.150000 	 -6.679286 
-2.140000 	 -8.365616 
-2.130000 	 -5.839289 
-2.120000 	 -7.370778 
-2.110000 	 -3.024369 
-2.100000 	 -9.048126 
-2.090000 	 -8.203762 
-2.080000 	 -9.610536 
-2.070000 	 -7.641495 
-2.060000 	 -6.913705 
-2.050000 	 -8.791357 
-2.040000 	 -8.545657 
-2.030000 	 -7.143509 
-2.020000 	 -5.667436 
-2.010000 	 -7.595631 
-2.000000 	 -7.925003 
-1.990000 	 -7.221602 
-1.980000 	 -6.918946 
-1.970000 	 -6.640084 
-1.960000 	 -7.286414 
-1.950000 	 -6.066542 
-1.940000 	 -4.975123 
-1.930000 	 -3.490110 
-1.920000 	 -8.212257 
-1.910000 	 -5.157622 
-1.900000 	 -5.692271 
-1.890000 	 -3.870897 
-1.880000 	 -8.323965 
-1.870000 	 -2.255124 
-1.860000 	 -3.581363 
-1.850000 	 -8.335174 
-1.840000 	 -6.158507 
-1.830000 	 -5.735442 
-1.820000 	 -6.751648 
-1.810000 	 -6.474321 
-1.800000 	 -5.949090 
-1.790000 	 -7.775882 
-1.780000 	 -5.143259 
-1.770000 	 -4.037083 
-1.760000 	 -3.599352 
-1.750000 	 -3.200297 
-1.740000 	 -5.305404 
-1.730000 	 -5.700214 
-1.720000 	 -6.058193 
-1.710000 	 -4.485439 
-1.700000 	 -4.028092 
-1.690000 	 -4.533329 
-1.680000 	 -7.708735 
-1.670000 	 -7.445601 
-1.660000 	 -4.615039 
-1.650000 	 -1.729624 
-1.640000 	 -5.589554 
-1.630000 	 -7.134137 
-1.620000 	 -7.227402 
-1.610000 	 -1.484292 
-1.600000 	 -6.554894 
-1.590000 	 -5.791598 
-1.580000 	 -7.902379 
-1.570000 	 -5.757548 
-1.560000 	 -7.147184 
-1.550000 	 0.619469 
-1.540000 	 -6.123859 
-1.530000 	 -3.832566 
-1.520000 	 -5.859440 
-1.510000 	 -6.703081 
-1.500000 	 -3.042619 
-1.490000 	 -4.725984 
-1.480000 	 -2.224701 
-1.470000 	 -4.218820 
-1.460000 	 -4.117255 
-1.450000 	 -3.735718 
-1.440000 	 -1.959411 
-1.430000 	 -5.761699 
-1.420000 	 -5.643758 
-1.410000 	 -4.352310 
-1.400000 	 -5.655292 
-1.390000 	 -5.553659 
-1.380000 	 -3.652151 
-1.370000 	 -4.274240 
-1.360000 	 -4.760433 
-1.350000 	 -6.326207 
-1.340000 	 -3.672151 
-1.330000 	 -3.687640 
-1.320000 	 0.477641 
-1.310000 	 -3.490098 
-1.300000 	 -2.518658 
-1.290000 	 -3.890360 
-1.280000 	 -1.746960 
-1.270000 	 -6.174700 
-1.260000 	 -3.040233 
-1.250000 	 -4.313981 
-1.240000 	 -3.203573 
-1.230000 	 -4.992901 
-1.220000 	 -0.292533 
-1.210000 	 -5.319635 
-1.200000 	 -1.501807 
-1.190000 	 -2.438710 
-1.180000 	 -4.442515 
-1.170000 	 -3.066701 
-1.160000 	 -3.349594 
-1.150000 	 -0.507419 
-1.140000 	 -1.119574 
-1.130000 	 -1.426114 
-1.120000 	 -2.993513 
-1.110000 	 -2.979357 
-1.100000 	 -2.419104 
-1.090000 	 -2.939903 
-1.080000 	 0.159997 
-1.070000 	 -1.647374 
-1.060000 	 -0.658235 
-1.050000 	 -1.669330 
-1.040000 	 -1.292991 
-1.030000 	 -2.098304 
-1.020000 	 -0.921411 
-1.010000 	 -0.134829 
-1.000000 	 -1.988180 
-0.990000 	 -3.874533 
-0.980000 	 -2.452039 
-0.970000 	 -2.264506 
-0.960000 	 0.959907 
-0.950000 	 -2.582474 
-0.940000 	 -2.740420 
-0.930000 	 -3.672606 
-0.920000 	 -2.817969 
-0.910000 	 0.077489 
-0.900000 	 1.188216 
-0.890000 	 0.223428 
-0.880000 	 1.414964 
-0.870000 	 -1.916522 
-0.860000 	 -0.346350 
-0.850000 	 -1.070188 
-0.840000 	 -2.358187 
-0.830000 	 -3.752926 
-0.820000 	 1.037360 
-0.810000 	 -1.317998 
-0.800000 	 -4.352119 
-0.790000 	 -2.225126 
-0.780000 	 -2.450049 
-0.770000 	 -0.068823 
-0.760000 	 -2.532813 
-0.750000 	 -1.203672 
-0.740000 	 -1.649592 
-0.730000 	 -1.353814 
-0.720000 	 0.069823 
-0.710000 	 -1.580239 
-0.700000 	 -1.496894 
-0.690000 	 -2.782046 
-0.680000 	 -3.675257 
-0.670000 	 -2.494927 
-0.660000 	 0.171049 
-0.650000 	 -0.026041 
-0.640000 	 -0.975741 
-0.630000 	 -0.920048 
-0.620000 	 -1.255742 
-0.610000 	 0.345046 
-0.600000 	 -0.133437 
-0.590000 	 2.112860 
-0.580000 	 -0.791917 
-0.570000 	 1.590949 
-0.560000 	 -0.066996 
-0.550000 	 -4.091326 
-0.540000 	 -2.470051 
-0.530000 	 0.566413 
-0.520000 	 -1.930342 
-0.510000 	 2.472740 
-0.500000 	 -2.787849 
-0.490000 	 -2.213586 
-0.480000 	 -4.144354 
-0.470000 	 -1.419128 
-0.460000 	 -0.279454 
-0.450000 	 -1.447658 
-0.440000 	 2.011841 
-0.430000 	 -0.905165 
-0.420000 	 -1.196055 
-0.410000 	 -0.789946 
-0.400000 	 1.250044 
-0.390000 	 -0.507963 
-0.380000 	 2.158240 
-0.370000 	 0.325373 
-0.360000 	 -1.372178 
-0.350000 	 0.863672 
-0.340000 	 -1.619162 
-0.330000 	 -0.079804 
-0.320000 	 1.860587 
-0.310000 	 2.107567 
-0.300000 	 0.389357 
-0.290000 	 -0.898507 
-0.280000 	 -0.564153 
-0.270000 	 -1.317228 
-0.260000 	 0.537541 
-0.250000 	 -0.102087 
-0.240000 	 -1.237514 
-0.230000 	 -0.553427 
-0.220000 	 0.280007 
-0.210000 	 -0.701781 
-0.200000 	 -2.127199 
-0.190000 	 0.726069 
-0.180000 	 3.122036 
-0.170000 	 1.905376 
-0.160000 	 2.361720 
-0.150000 	 -1.112484 
-0.140000 	 -0.231918 
-0.130000 	 -2.635921 
-0.120000 	 -0.738050 
-0.110000 	 -2.033524 
-0.100000 	 -1.681681 
-0.090000 	 -3.833730 
-0.080000 	 -0.188463 
-0.070000 	 -0.797052 
-0.060000 	 -2.186547 
-0.050000 	 -3.264201 
-0.040000 	 1.849068 
-0.030000 	 -1.216569 
-0.020000 	 -0.078192 
-0.010000 	 0.915070 
0.000000 	 1.184695 
0.010000 	 -3.736125 
0.020000 	 0.969912 
0.030000 	 0.192124 
0.040000 	 2.358190 
0.050000 	 2.159785 
0.060000 	 2.983448 
0.070000 	 -0.896099 
0.080000 	 0.999921 
0.090000 	 -0.416516 
0.100000 	 3.488936 
0.110000 	 1.133530 
0.120000 	 -2.059428 
0.130000 	 3.254215 
0.140000 	 -1.906006 
0.150000 	 0.919415 
0.160000 	 0.675821 
0.170000 	 0.973673 
0.180000 	 6.000000 
0.190000 	 1.670864 
0.200000 	 -1.335017 
0.210000 	 2.450321 
0.220000 	 -0.101684 
0.230000 	 0.318524 
0.240000 	 2.248222 
0.250000 	 -2.701789 
0.260000 	 -3.043077 
0.270000 	 -0.859908 
0.280000 	 0.860815 
0.290000 	 0.806723 
0.300000 	 0.147479 
0.310000 	 -0.581231 
0.320000 	 0.700208 
0.330000 	 1.470002 
0.340000 	 1.585133 
0.350000 	 0.926755 
0.360000 	 1.772189 
0.370000 	 1.147454 
0.380000 	 -2.371546 
0.390000 	 1.950426 
0.400000 	 0.552733 
0.410000 	 -0.741404 
0.420000 	 -0.798779 
0.430000 	 1.644880 
0.440000 	 1.665639 
0.450000 	 -0.643807 
0.460000 	 2.243361 
0.470000 	 -1.692271 
0.480000 	 0.063078 
0.490000 	 -0.637235 
0.500000 	 0.497195 
0.510000 	 1.924470 
0.520000 	 1.966906 
0.530000 	 0.723237 
0.540000 	 0.916927 
0.550000 	 -0.421779 
0.560000 	 -1.294941 
0.570000 	 0.804261 
0.580000 	 1.842721 
0.590000 	 -0.056230 
0.600000 	 -1.427262 
0.610000 	 2.141987 
0.620000 	 -2.278980 
0.630000 	 0.657209 
0.640000 	 0.370120 
0.650000 	 -2.099697 
0.660000 	 3.510206 
0.670000 	 0.517055 
0.680000 	 1.561615 
0.690000 	 0.493644 
0.700000 	 0.496249 
0.710000 	 1.238928 
0.720000 	 -1.178308 
0.730000 	 1.025861 
0.740000 	 0.850239 
0.750000 	 -1.761876 
0.760000 	 1.089900 
0.770000 	 -0.665107 
0.780000 	 -0.186959 
0.790000 	 1.067157 
0.800000 	 0.465540 
0.810000 	 -3.342514 
0.820000 	 1.794572 
0.830000 	 -0.851517 
0.840000 	 1.815949 
0.850000 	 0.387969 
0.860000 	 0.504701 
0.870000 	 -0.053199 
0.880000 	 2.529804 
0.890000 	 1.517480 
0.900000 	 2.080598 
0.910000 	 -0.685881 
0.920000 	 0.355902 
0.930000 	 -2.048825 
0.940000 	 0.450002 
0.950000 	 1.162479 
0.960000 	 2.213940 
0.970000 	 -1.361928 
0.980000 	 -1.743090 
0.990000 	 1.426957 
1.000000 	 1.714543 
1.010000 	 1.116347 
1.020000 	 3.956383 
1.030000 	 1.875781 
1.040000 	 -1.141960 
1.050000 	 -1.059317 
1.060000 	 0.440892 
1.070000 	 1.817018 
1.080000 	 2.377008 
1.090000 	 -0.067863 
1.100000 	 -0.026713 
1.110000 	 -0.458605 
1.120000 	 1.192522 
1.130000 	 -0.582587 
1.140000 	 1.428506 
1.150000 	 -1.219950 
1.160000 	 1.982073 
1.170000 	 0.749426 
1.180000 	 0.245861 
1.190000 	 1.394929 
1.200000 	 -1.397628 
1.210000 	 1.994048 
1.220000 	 1.952691 
1.230000 	 -0.630562 
1.240000 	 0.909279 
1.250000 	 -0.557212 
1.260000 	 -0.129754 
1.270000 	 1.555944 
1.280000 	 1.879848 
1.290000 	 -1.192309 
1.300000 	 2.016044 
1.310000 	 -1.723340 
1.320000 	 -0.694460 
1.330000 	 -0.848654 
1.340000 	 -1.274563 
1.350000 	 3.763446 
1.360000 	 2.970571 
1.370000 	 3.789259 
1.380000 	 -3.092166 
1.390000 	 -1.613203 
1.400000 	 1.104592 
1.410000 	 -1.456768 
1.420000 	 -0.410937 
1.430000 	 -1.833918 
1.440000 	 -0.036110 
1.450000 	 0.508258 
1.460000 	 0.841421 
1.470000 	 -0.511250 
1.480000 	 -1.082257 
1.490000 	 2.973021 
1.500000 	 2.122088 
1.510000 	 1.129314 
1.520000 	 -0.182264 
1.530000 	 3.809488 
1.540000 	 0.374908 
1.550000 	 1.569021 
1.560000 	 0.520713 
1.570000 	 0.013393 
1.580000 	 0.638389 
1.590000 	 2.399324 
1.600000 	 3.072991 
1.610000 	 0.524327 
1.620000 	 0.741982 
1.630000 	 5.573979 
1.640000 	 3.530919 
1.650000 	 0.644813 
1.660000 	 -0.492186 
1.670000 	 -0.723439 
1.680000 	 -0.507707 
1.690000 	 -1.706424 
1.700000 	 -0.764482 
1.710000 	 2.395835 
1.720000 	 0.310626 
1.730000 	 1.061496 
1.740000 	 -0.423607 
1.750000 	 -1.010906 
1.760000 	 3.297689 
1.770000 	 2.652764 
1.780000 	 2.255843 
1.790000 	 -1.394613 
1.800000 	 1.401759 
1.810000 	 1.917612 
1.820000 	 2.237825 
1.830000 	 3.298011 
1.840000 	 3.300322 
1.850000 	 -3.092282 
1.860000 	 1.454761 
1.870000 	 1.299319 
1.880000 	 -0.828847 
1.890000 	 2.466921 
1.900000 	 0.500300 
1.910000 	 4.451664 
1.920000 	 3.156736 
1.930000 	 0.698900 
1.940000 	 2.090357 
1.950000 	 1.619475 
1.960000 	 3.000333 
1.970000 	 2.065645 
1.980000 	 2.239772 
1.990000 	 0.966077 
2.000000 	 1.395043 
2.010000 	 4.088773 
2.020000 	 4.385042 
2.030000 	 2.650681 
2.040000 	 3.504271 
2.050000 	 0.996923 
2.060000 	 1.722080 
2.070000 	 1.815620 
2.080000 	 3.743791 
2.090000 	 2.736920 
2.100000 	 4.521102 
2.110000 	 1.757195 
2.120000 	 5.123532 
2.130000 	 0.428761 
2.140000 	 0.491466 
2.150000 	 1.987433 
2.160000 	 4.259882 
2.170000 	 2.122716 
2.180000 	 2.035560 
2.190000 	 3.167049 
2.200000 	 2.632317 
2.210000 	 4.123289 
2.220000 	 0.977337 
2.230000 	 3.507877 
2.240000 	 1.448386 
2.250000 	 4.526663 
2.260000 	 3.666367 
2.270000 	 2.209490 
2.280000 	 2.732005 
2.290000 	 2.990486 
2.300000 	 3.310672 
2.310000 	 2.274168 
2.320000 	 2.097921 
2.330000 	 5.345097 
2.340000 	 5.091923 
2.350000 	 0.640735 
2.360000 	 2.259372 
2.370000 	 3.195118 
2.380000 	 5.796598 
2.390000 	 1.966013 
2.400000 	 2.963753 
2.410000 	 3.799384 
2.420000 	 2.273936 
2.430000 	 3.342392 
2.440000 	 1.659344 
2.450000 	 4.588412 
2.460000 	 3.593335 
2.470000 	 3.494488 
2.480000 	 4.581143 
2.490000 	 5.654155 
2.500000 	 3.487688 
2.510000 	 3.249303 
2.520000 	 0.968270 
2.530000 	 6.343564 
2.540000 	 5.623388 
2.550000 	 5.756659 
2.560000 	 6.211487 
2.570000 	 5.406381 
2.580000 	 7.760159 
2.590000 	 7.406070 
2.600000 	 6.168906 
2.610000 	 5.847156 
2.620000 	 9.427070 
2.630000 	 8.897065 
2.640000 	 6.576233 
2.650000 	 4.713839 
2.660000 	 5.496733 
2.670000 	 4.452454 
2.680000 	 9.264258 
2.690000 	 11.118589 
2.700000 	 6.920573 
2.710000 	 7.808224 
2.720000 	 4.885086 
2.730000 	 7.199471 
2.740000 	 6.248546 
2.750000 	 7.551554 
2.760000 	 6.730555 
2.770000 	 5.498759 
2.780000 	 8.315984 
2.790000 	 8.275093 
2.800000 	 6.700758 
2.810000 	 9.274607 
2.820000 	 7.979428 
2.830000 	 10.211461 
2.840000 	 6.158040 
2.850000 	 7.343956 
2.860000 	 8.894365 
2.870000 	 8.550358 
2.880000 	 6.866499 
2.890000 	 8.979442 
2.900000 	 9.606776 
2.910000 	 10.291547 
2.920000 	 10.282482 
2.930000 	 10.879507 
2.940000 	 11.948069 
2.950000 	 9.150984 
2.960000 	 7.753197 
2.970000 	 9.450133 
2.980000 	 7.979221 
2.990000 	 11.254604 
3.000000 	 8.951230 
3.010000 	 9.753294 
3.020000 	 11.400048 
3.030000 	 9.253023 
3.040000 	 9.613723 
3.050000 	 13.573185 
3.060000 	 12.684756 
3.070000 	 11.496102 
3.080000 	 10.642448 
3.090000 	 14.430545 
3.100000 	 12.193923 
3.110000 	 11.019027 
3.120000 	 11.067213 
3.130000 	 11.724741 
3.140000 	 11.547054 
3.150000 	 13.115875 
3.160000 	 13.644076 
3.170000 	 14.728757 
3.180000 	 13.195585 
3.190000 	 12.858600 
3.200000 	 13.646795 
3.210000 	 13.862117 
3.220000 	 14.492236 
3.230000 	 15.298516 
3.240000 	 18.911298 
3.250000 	 13.058644 
3.260000 	 15.176249 
3.270000 	 13.578077 
3.280000 	 13.906070 
3.290000 	 14.748059 
3.300000 	 13.594233 
3.310000 	 14.959731 
3.320000 	 14.031726 
3.330000 	 13.339660 
3.340000 	 16.310111 
3.350000 	 15.887371 
3.360000 	 13.891463 
3.370000 	 16.948304 
3.380000 	 14.177923 
3.390000 	 17.126050 
3.400000 	 15.380315 
3.410000 	 17.518236 
3.420000 	 19.843755 
3.430000 	 18.527077 
3.440000 	 17.297025 
3.450000 	 16.103358 
3.460000 	 19.765527 
3.470000 	 20.839675 
3.480000 	 18.951408 
3.490000 	 19.099694 
3.500000 	 17.333007 
3.510000 	 17.937630 
3.520000 	 16.453031 
3.530000 	 19.696376 
3.540000 	 22.033513 
3.550000 	 18.134003 
3.560000 	 19.534393 
3.570000 	 21.778532 
3.580000 	 21.508229 
3.590000 	 21.701615 
3.600000 	 21.878597 
3.610000 	 18.591833 
3.620000 	 20.484118 
3.630000 	 25.318146 
3.640000 	 23.160534 
3.650000 	 22.514958 
3.660000 	 24.054002 
3.670000 	 23.393044 
3.680000 	 23.822002 
3.690000 	 24.526145 
3.700000 	 24.946071 
3.710000 	 22.421244 
3.720000 	 21.320302 
3.730000 	 22.345365 
3.740000 	 23.455112 
3.750000 	 25.346431 
3.760000 	 25.789490 
3.770000 	 24.559343 
3.780000 	 26.776423 
3.790000 	 28.438590 
3.800000 	 24.497299 
3.810000 	 27.670453 
3.820000 	 25.324203 
3.830000 	 25.754317 
3.840000 	 27.177832 
3.850000 	 27.410742 
3.860000 	 31.604510 
3.870000 	 29.349514 
3.880000 	 28.221836 
3.890000 	 29.092482 
3.900000 	 30.001307 
3.910000 	 27.790801 
3.920000 	 29.993034 
3.930000 	 32.694166 
3.940000 	 27.162162 
3.950000 	 32.874788 
3.960000 	 32.390493 
3.970000 	 31.079049 
3.980000 	 34.875004 
3.990000 	 32.190349 
4.000000 	 31.291803 
