-3.000000 	 -14.261047 
-2.990000 	 -12.698763 
-2.980000 	 -13.362084 
-2.970000 	 -12.090775 
-2.960000 	 -12.187846 
-2.950000 	 -9.742281 
-2.940000 	 -6.949291 
-2.930000 	 -13.064481 
-2.920000 	 -12.695316 
-2.910000 	 -12.106491 
-2.900000 	 -11.427755 
-2.890000 	 -11.426338 
-2.880000 	 -10.990450 
-2.870000 	 -13.535486 
-2.860000 	 -12.219091 
-2.850000 	 -11.089853 
-2.840000 	 -9.317666 
-2.830000 	 -9.978542 
-2.820000 	 -12.106367 
-2.810000 	 -12.022643 
-2.800000 	 -13.941612 
-2.790000 	 -9.192530 
-2.780000 	 -12.424335 
-2.770000 	 -12.150987 
-2.760000 	 -10.706376 
-2.750000 	 -8.531323 
-2.740000 	 -9.391631 
-2.730000 	 -13.149633 
-2.720000 	 -13.784744 
-2.710000 	 -11.597703 
-2.700000 	 -11.528354 
-2.690000 	 -10.264560 
-2.680000 	 -7.815931 
-2.670000 	 -10.943107 
-2.660000 	 -7.286486 
-2.650000 	 -9.056902 
-2.640000 	 -9.441361 
-2.630000 	 -10.936281 
-2.620000 	 -11.285651 
-2.610000 	 -8.597840 
-2.600000 	 -8.476705 
-2.590000 	 -9.176614 
-2.580000 	 -13.042601 
-2.570000 	 -7.791825 
-2.560000 	 -7.747215 
-2.550000 	 -10.133149 
-2.540000 	 -11.746196 
-2.530000 	 -8.116015 
-2.520000 	 -7.173126 
-2.510000 	 -10.548590 
-2.500000 	 -7.979975 
-2.490000 	 -10.585562 
-2.480000 	 -10.874451 
-2.470000 	 -8.175038 
-2.460000 	 -8.435400 
-2.450000 	 -10.658801 
-2.440000 	 -6.550227 
-2.430000 	 -8.740852 
-2.420000 	 -7.043118 
-2.410000 	 -9.290025 
-2.400000 	 -7.401644 
-2.390000 	 -7.350436 
-2.380000 	 -10.265599 
-2.370000 	 -11.416525 
-2.360000 	 -6.629103 
-2.350000 	 -7.283213 
-2.340000 	 -7.835954 
-2.330000 	 -10.033795 
-2.320000 	 -8.067704 
-2.310000 	 -10.156163 
-2.300000 	 -8.380116 
-2.290000 	 -11.156345 
-2.280000 	 -6.931934 
-2.270000 	 -7.082000 
-2.260000 	 -3.010630 
-2.250000 	 -10.514457 
-2.240000 	 -7.237759 
-2.230000 	 -8.247260 
-2.220000 	 -7.391786 
-2.210000 	 -9.983635 
-2.200000 	 -8.932808 
-2.190000 	 -5.561510 
-2.180000 	 -8.985313 
-2.170000 	 -9.033086 
-2.160000 	 -7.104252 
-2.150000 	 -7.148788 
-2.140000 	 -6.580497 
-2.130000 	 -5.791932 
-2.120000 	 -6.100418 
-2.110000 	 -6.427513 
-2.100000 	 -6.688041 
-2.090000 	 -8.439732 
-2.080000 	 -4.641723 
-2.070000 	 -8.275665 
-2.060000 	 -6.195094 
-2.050000 	 -6.151151 
-2.040000 	 -6.388931 
-2.030000 	 -4.655549 
-2.020000 	 -5.422217 
-2.010000 	 -6.659849 
-2.000000 	 -5.128344 
-1.990000 	 -5.526203 
-1.980000 	 -8.056189 
-1.970000 	 -6.413389 
-1.960000 	 -6.133486 
-1.950000 	 -9.416931 
-1.940000 	 -4.984101 
-1.930000 	 -3.506146 
-1.920000 	 -8.183151 
-1.910000 	 -7.521402 
-1.900000 	 -5.553799 
-1.890000 	 -8.693186 
-1.880000 	 -5.763464 
-1.870000 	 -5.816557 
-1.860000 	 -5.530878 
-1.850000 	 -5.823438 
-1.840000 	 -7.186355 
-1.830000 	 -7.025337 
-1.820000 	 -5.559951 
-1.810000 	 -4.782858 
-1.800000 	 -6.137052 
-1.790000 	 -6.210766 
-1.780000 	 -5.468341 
-1.770000 	 -2.690207 
-1.760000 	 -2.799295 
-1.750000 	 -5.157464 
-1.740000 	 -2.910337 
-1.730000 	 -6.649967 
-1.720000 	 -4.698867 
-1.710000 	 -4.900366 
-1.700000 	 -5.066468 
-1.690000 	 -3.878083 
-1.680000 	 -6.467168 
-1.670000 	 -5.938853 
-1.660000 	 -7.167290 
-1.650000 	 -6.259229 
-1.640000 	 -2.077899 
-1.630000 	 -5.061374 
-1.620000 	 -3.720339 
-1.610000 	 -7.230453 
-1.600000 	 -5.704816 
-1.590000 	 -3.836718 
-1.580000 	 -2.083999 
-1.570000 	 -4.804732 
-1.560000 	 -3.627599 
-1.550000 	 -2.375299 
-1.540000 	 -2.074060 
-1.530000 	 -5.147156 
-1.520000 	 -6.708042 
-1.510000 	 -4.400184 
-1.500000 	 -3.425489 
-1.490000 	 -4.990925 
-1.480000 	 -2.576825 
-1.470000 	 -9.770688 
-1.460000 	 -5.888004 
-1.450000 	 -6.301542 
-1.440000 	 -6.155745 
-1.430000 	 -3.394097 
-1.420000 	 -4.744584 
-1.410000 	 -3.789584 
-1.400000 	 -5.218740 
-1.390000 	 -1.502023 
-1.380000 	 -4.555141 
-1.370000 	 -2.622770 
-1.360000 	 -3.869741 
-1.350000 	 -4.032185 
-1.340000 	 -4.218461 
-1.330000 	 -1.739860 
-1.320000 	 -4.607179 
-1.310000 	 -3.539675 
-1.300000 	 -0.880774 
-1.290000 	 17.000000 
-1.280000 	 -2.360168 
-1.270000 	 -2.861578 
-1.260000 	 -3.007268 
-1.250000 	 -3.274529 
-1.240000 	 -4.098225 
-1.230000 	 -2.933551 
-1.220000 	 -5.395525 
-1.210000 	 0.903237 
-1.200000 	 -4.921803 
-1.190000 	 -3.502710 
-1.180000 	 0.250471 
-1.170000 	 -3.601452 
-1.160000 	 -2.949184 
-1.150000 	 -2.103639 
-1.140000 	 -4.076601 
-1.130000 	 -3.679055 
-1.120000 	 -0.953685 
-1.110000 	 -1.564254 
-1.100000 	 -4.208235 
-1.090000 	 -1.875656 
-1.080000 	 -2.928316 
-1.070000 	 -5.975570 
-1.060000 	 -2.517020 
-1.050000 	 -0.980673 
-1.040000 	 -1.459477 
-1.030000 	 -3.026089 
-1.020000 	 -2.359383 
-1.010000 	 -0.128142 
-1.000000 	 1.395158 
-0.990000 	 -1.204428 
-0.980000 	 -3.649876 
-0.970000 	 1.033733 
-0.960000 	 -2.544738 
-0.950000 	 2.122921 
-0.940000 	 -2.252188 
-0.930000 	 -0.767937 
-0.920000 	 -2.028374 
-0.910000 	 -1.033978 
-0.900000 	 -3.356811 
-0.890000 	 -3.435267 
-0.880000 	 0.931035 
-0.870000 	 0.803291 
-0.860000 	 -2.173731 
-0.850000 	 -1.128566 
-0.840000 	 -2.239541 
-0.830000 	 -1.721010 
-0.820000 	 -3.284163 
-0.810000 	 -1.286037 
-0.800000 	 -2.453310 
-0.790000 	 -3.024416 
-0.780000 	 -1.228974 
-0.770000 	 -2.778492 
-0.760000 	 -2.900387 
-0.750000 	 -2.043193 
-0.740000 	 -1.869888 
-0.730000 	 0.009973 
-0.720000 	 -1.428903 
-0.710000 	 -0.580366 
-0.700000 	 -4.253473 
-0.690000 	 -1.177242 
-0.680000 	 -3.976364 
-0.670000 	 -1.451487 
-0.660000 	 -1.134170 
-0.650000 	 -1.218480 
-0.640000 	 0.109078 
-0.630000 	 1.240518 
-0.620000 	 0.869300 
-0.610000 	 2.817801 
-0.600000 	 -0.027281 
-0.590000 	 -2.182009 
-0.580000 	 -1.569669 
-0.570000 	 -1.638005 
-0.560000 	 -0.070462 
-0.550000 	 -0.280758 
-0.540000 	 -3.132481 
-0.530000 	 -0.555791 
-0.520000 	 -1.074713 
-0.510000 	 0.422997 
-0.500000 	 -0.998458 
-0.490000 	 0.476493 
-0.480000 	 0.421962 
-0.470000 	 -1.251721 
-0.460000 	 -3.793373 
-0.450000 	 -3.110926 
-0.440000 	 -1.175492 
-0.430000 	 -1.442180 
-0.420000 	 -1.375075 
-0.410000 	 -2.042489 
-0.400000 	 -3.540352 
-0.390000 	 -1.161416 
-0.380000 	 -1.455545 
-0.370000 	 -0.734714 
-0.360000 	 0.290653 
-0.350000 	 0.262713 
-0.340000 	 0.074149 
-0.330000 	 -0.778567 
-0.320000 	 0.113671 
-0.310000 	 -1.562439 
-0.300000 	 -0.126047 
-0.290000 	 1.284160 
-0.280000 	 1.182459 
-0.270000 	 -1.293298 
-0.260000 	 1.549081 
-0.250000 	 -2.524543 
-0.240000 	 -0.137604 
-0.230000 	 -0.988746 
-0.220000 	 -0.102161 
-0.210000 	 -0.429339 
-0.200000 	 -1.571817 
-0.190000 	 -0.843340 
-0.180000 	 0.641040 
-0.170000 	 1.622173 
-0.160000 	 0.351759 
-0.150000 	 0.255155 
-0.140000 	 -0.791150 
-0.130000 	 -0.849572 
-0.120000 	 -2.880142 
-0.110000 	 1.230558 
-0.100000 	 0.485057 
-0.090000 	 -0.494714 
-0.080000 	 0.756071 
-0.070000 	 -1.741769 
-0.060000 	 -2.935319 
-0.050000 	 -0.895751 
-0.040000 	 1.501387 
-0.030000 	 -0.729183 
-0.020000 	 -1.713005 
-0.010000 	 -2.830970 
0.000000 	 2.643290 
0.010000 	 3.751391 
0.020000 	 -2.045006 
0.030000 	 0.920638 
0.040000 	 1.083807 
0.050000 	 -0.009145 
0.060000 	 -2.509660 
0.070000 	 1.373089 
0.080000 	 -2.234601 
0.090000 	 2.315451 
0.100000 	 0.376957 
0.110000 	 0.626043 
0.120000 	 3.093862 
0.130000 	 0.505362 
0.140000 	 -1.486760 
0.150000 	 0.984297 
0.160000 	 2.162268 
0.170000 	 -1.948520 
0.180000 	 -0.598618 
0.190000 	 -1.325533 
0.200000 	 -1.447765 
0.210000 	 -1.411514 
0.220000 	 -1.881528 
0.230000 	 1.803983 
0.240000 	 -1.229631 
0.250000 	 -0.276717 
0.260000 	 2.002392 
0.270000 	 0.902263 
0.280000 	 -0.129593 
0.290000 	 -0.368984 
0.300000 	 1.261306 
0.310000 	 -1.107687 
0.320000 	 -1.769087 
0.330000 	 2.130542 
0.340000 	 1.036599 
0.350000 	 -0.291405 
0.360000 	 2.112683 
0.370000 	 -0.633673 
0.380000 	 0.087930 
0.390000 	 1.926855 
0.400000 	 1.249812 
0.410000 	 1.506755 
0.420000 	 1.261474 
0.430000 	 -3.042752 
0.440000 	 1.448097 
0.450000 	 -1.248685 
0.460000 	 -1.219638 
0.470000 	 -0.391324 
0.480000 	 1.296274 
0.490000 	 0.939190 
0.500000 	 1.419232 
0.510000 	 -1.033543 
0.520000 	 -2.794001 
0.530000 	 2.086725 
0.540000 	 3.319969 
0.550000 	 0.240854 
0.560000 	 -1.948021 
0.570000 	 1.158447 
0.580000 	 -2.046766 
0.590000 	 -1.359158 
0.600000 	 2.507109 
0.610000 	 -1.848936 
0.620000 	 -3.301599 
0.630000 	 0.280149 
0.640000 	 0.375455 
0.650000 	 1.281393 
0.660000 	 -0.811463 
0.670000 	 0.482036 
0.680000 	 -1.285571 
0.690000 	 -2.631542 
0.700000 	 -0.420735 
0.710000 	 2.761413 
0.720000 	 -2.631985 
0.730000 	 0.315003 
0.740000 	 1.848861 
0.750000 	 0.851082 
0.760000 	 -1.444677 
0.770000 	 -0.986296 
0.780000 	 3.965222 
0.790000 	 3.123440 
0.800000 	 1.366886 
0.810000 	 -1.517666 
0.820000 	 2.439959 
0.830000 	 -1.958663 
0.840000 	 -1.735979 
0.850000 	 0.381198 
0.860000 	 -0.473910 
0.870000 	 -1.631189 
0.880000 	 -2.771171 
0.890000 	 -1.839406 
0.900000 	 -1.275813 
0.910000 	 -0.295679 
0.920000 	 1.887883 
0.930000 	 -0.318550 
0.940000 	 2.009855 
0.950000 	 0.313086 
0.960000 	 0.584695 
0.970000 	 0.882551 
0.980000 	 4.118291 
0.990000 	 -2.636862 
1.000000 	 -0.002390 
1.010000 	 -1.066623 
1.020000 	 1.141886 
1.030000 	 -0.365606 
1.040000 	 -0.050638 
1.050000 	 1.647442 
1.060000 	 -1.383658 
1.070000 	 -0.708491 
1.080000 	 1.189851 
1.090000 	 0.761415 
1.100000 	 2.713468 
1.110000 	 2.569561 
1.120000 	 1.623045 
1.130000 	 2.027504 
1.140000 	 -0.313175 
1.150000 	 0.714212 
1.160000 	 -0.467613 
1.170000 	 1.520915 
1.180000 	 0.644534 
1.190000 	 -1.319351 
1.200000 	 0.938674 
1.210000 	 0.121132 
1.220000 	 0.340244 
1.230000 	 0.843521 
1.240000 	 1.276554 
1.250000 	 1.332654 
1.260000 	 0.779606 
1.270000 	 3.262157 
1.280000 	 1.023415 
1.290000 	 4.020159 
1.300000 	 0.398180 
1.310000 	 3.750730 
1.320000 	 1.066629 
1.330000 	 -1.004099 
1.340000 	 2.191268 
1.350000 	 1.075650 
1.360000 	 -0.298412 
1.370000 	 2.113507 
1.380000 	 1.714209 
1.390000 	 1.262841 
1.400000 	 2.250413 
1.410000 	 2.371219 
1.420000 	 0.830453 
1.430000 	 1.171906 
1.440000 	 0.400678 
1.450000 	 3.522249 
1.460000 	 1.613551 
1.470000 	 2.715611 
1.480000 	 1.628741 
1.490000 	 3.288296 
1.500000 	 0.182867 
1.510000 	 0.518953 
1.520000 	 3.296892 
1.530000 	 0.310756 
1.540000 	 1.187786 
1.550000 	 -1.417833 
1.560000 	 1.584809 
1.570000 	 -1.706699 
1.580000 	 1.896116 
1.590000 	 1.941488 
1.600000 	 2.003650 
1.610000 	 0.789487 
1.620000 	 -0.059067 
1.630000 	 -2.210218 
1.640000 	 2.584749 
1.650000 	 0.135052 
1.660000 	 -0.788544 
1.670000 	 -0.580577 
1.680000 	 -0.747374 
1.690000 	 3.696836 
1.700000 	 0.083003 
1.710000 	 -0.549201 
1.720000 	 -1.171349 
1.730000 	 3.034548 
1.740000 	 1.604050 
1.750000 	 1.493524 
1.760000 	 0.708199 
1.770000 	 1.182520 
1.780000 	 2.340410 
1.790000 	 2.759441 
1.800000 	 2.045088 
1.810000 	 6.539169 
1.820000 	 1.748045 
1.830000 	 0.368667 
1.840000 	 1.713539 
1.850000 	 1.376844 
1.860000 	 1.209512 
1.870000 	 -0.778073 
1.880000 	 1.101346 
1.890000 	 -0.715561 
1.900000 	 3.062786 
1.910000 	 1.054976 
1.920000 	 0.733005 
1.930000 	 0.723568 
1.940000 	 2.047941 
1.950000 	 3.054385 
1.960000 	 2.395192 
1.970000 	 2.017960 
1.980000 	 3.252624 
1.990000 	 1.033779 
2.000000 	 1.738908 
2.010000 	 0.381566 
2.020000 	 3.897044 
2.030000 	 1.195696 
2.040000 	 1.212171 
2.050000 	 -2.221645 
2.060000 	 1.007621 
2.070000 	 3.539039 
2.080000 	 1.244006 
2.090000 	 0.963890 
2.100000 	 2.601772 
2.110000 	 2.324518 
2.120000 	 1.397152 
2.130000 	 4.319601 
2.140000 	 3.375388 
2.150000 	 1.023051 
2.160000 	 4.807585 
2.170000 	 0.001006 
2.180000 	 2.871637 
2.190000 	 -0.528691 
2.200000 	 5.646281 
2.210000 	 1.776265 
2.220000 	 3.288496 
2.230000 	 0.021479 
2.240000 	 4.578644 
2.250000 	 2.707093 
2.260000 	 3.353076 
2.270000 	 2.948265 
2.280000 	 2.100398 
2.290000 	 5.217562 
2.300000 	 3.411822 
2.310000 	 3.238166 
2.320000 	 4.966325 
2.330000 	 2.671459 
2.340000 	 4.886901 
2.350000 	 1.749632 
2.360000 	 2.715260 
2.370000 	 2.953768 
2.380000 	 5.442996 
2.390000 	 2.560089 
2.400000 	 5.543773 
2.410000 	 1.361841 
2.420000 	 3.284669 
2.430000 	 2.156746 
2.440000 	 5.023600 
2.450000 	 4.603850 
2.460000 	 4.595463 
2.470000 	 5.520672 
2.480000 	 5.631932 
2.490000 	 6.703553 
2.500000 	 7.378887 
2.510000 	 1.832472 
2.520000 	 6.791350 
2.530000 	 2.950364 
2.540000 	 4.058758 
2.550000 	 6.227301 
2.560000 	 6.700800 
2.570000 	 8.791887 
2.580000 	 3.310627 
2.590000 	 5.606500 
2.600000 	 4.919063 
2.610000 	 8.092336 
2.620000 	 9.220198 
2.630000 	 3.650713 
2.640000 	 7.702562 
2.650000 	 6.246320 
2.660000 	 7.603724 
2.670000 	 5.760148 
2.680000 	 5.711247 
2.690000 	 7.685295 
2.700000 	 7.647823 
2.710000 	 5.632744 
2.720000 	 7.662262 
2.730000 	 4.967015 
2.740000 	 8.364641 
2.750000 	 5.860069 
2.760000 	 6.259238 
2.770000 	 5.975942 
2.780000 	 9.673503 
2.790000 	 7.865871 
2.800000 	 9.080086 
2.810000 	 8.111135 
2.820000 	 8.398060 
2.830000 	 6.122866 
2.840000 	 7.769341 
2.850000 	 5.933497 
2.860000 	 8.584763 
2.870000 	 8.045855 
2.880000 	 8.911251 
2.890000 	 6.906712 
2.900000 	 6.089112 
2.910000 	 9.317308 
2.920000 	 10.026422 
2.930000 	 -10.000000 
2.940000 	 8.755342 
2.950000 	 9.848840 
2.960000 	 10.306839 
2.970000 	 12.064213 
2.980000 	 7.039454 
2.990000 	 7.623851 
3.000000 	 8.050648 
3.010000 	 10.523429 
3.020000 	 10.131461 
3.030000 	 10.251825 
3.040000 	 8.484098 
3.050000 	 11.756159 
3.060000 	 11.224253 
3.070000 	 9.535449 
3.080000 	 13.277268 
3.090000 	 13.210998 
3.100000 	 11.309147 
3.110000 	 12.206203 
3.120000 	 13.849005 
3.130000 	 11.093752 
3.140000 	 13.516443 
3.150000 	 13.645792 
3.160000 	 13.088660 
3.170000 	 11.272312 
3.180000 	 10.847873 
3.190000 	 13.849604 
3.200000 	 13.104474 
3.210000 	 12.575560 
3.220000 	 12.756557 
3.230000 	 11.195450 
3.240000 	 13.630797 
3.250000 	 16.395604 
3.260000 	 15.348583 
3.270000 	 13.432978 
3.280000 	 16.561202 
3.290000 	 15.467509 
3.300000 	 14.601140 
3.310000 	 11.948766 
3.320000 	 16.414025 
3.330000 	 14.211535 
3.340000 	 17.447980 
3.350000 	 14.559749 
3.360000 	 15.851703 
3.370000 	 14.522578 
3.380000 	 16.622500 
3.390000 	 16.648246 
3.400000 	 17.387715 
3.410000 	 15.405761 
3.420000 	 13.236778 
3.430000 	 17.737009 
3.440000 	 21.108097 
3.450000 	 17.193795 
3.460000 	 18.687240 
3.470000 	 16.511492 
3.480000 	 18.831067 
3.490000 	 19.232107 
3.500000 	 18.947735 
3.510000 	 22.933788 
3.520000 	 17.426548 
3.530000 	 18.963206 
3.540000 	 21.380224 
3.550000 	 21.818795 
3.560000 	 18.835404 
3.570000 	 19.948153 
3.580000 	 21.394445 
3.590000 	 20.555237 
3.600000 	 22.508467 
3.610000 	 23.159218 
3.620000 	 20.134085 
3.630000 	 20.763386 
3.640000 	 24.855236 
3.650000 	 21.608355 
3.660000 	 21.937054 
3.670000 	 22.537528 
3.680000 	 20.367703 
3.690000 	 23.985404 
3.700000 	 24.757113 
3.710000 	 26.819855 
3.720000 	 23.776176 
3.730000 	 25.734237 
3.740000 	 23.361692 
3.750000 	 24.820588 
3.760000 	 24.681135 
3.770000 	 24.665934 
3.780000 	 27.233220 
3.790000 	 27.302078 
3.800000 	 25.027177 
3.810000 	 26.575705 
3.820000 	 26.976842 
3.830000 	 28.499826 
3.840000 	 27.286556 
3.850000 	 27.614771 
3.860000 	 25.500313 
3.870000 	 32.336785 
3.880000 	 30.836577 
3.890000 	 29.584396 
3.900000 	 29.610860 
3.910000 	 29.344702 
3.920000 	 28.666027 
3.930000 	 30.164713 
3.940000 	 30.333622 
3.950000 	 32.089202 
3.960000 	 29.555777 
3.970000 	 29.898736 
3.980000 	 34.497366 
3.990000 	 36.256375 
4.000000 	 31.554100 
