-3.000000 	 -11.777915 
-2.990000 	 -11.291762 
-2.980000 	 -13.477625 
-2.970000 	 -10.585418 
-2.960000 	 -11.099685 
-2.950000 	 -10.837664 
-2.940000 	 -10.243189 
-2.930000 	 -11.705817 
-2.920000 	 -12.874006 
-2.910000 	 -10.709907 
-2.900000 	 -10.723476 
-2.890000 	 -11.057040 
-2.880000 	 -11.069655 
-2.870000 	 -10.416085 
-2.860000 	 -11.602467 
-2.850000 	 -11.470369 
-2.840000 	 -12.708506 
-2.830000 	 -11.798395 
-2.820000 	 -11.773668 
-2.810000 	 -12.482670 
-2.800000 	 -11.659542 
-2.790000 	 -12.499989 
-2.780000 	 -10.757211 
-2.770000 	 -9.000099 
-2.760000 	 -9.081064 
-2.750000 	 -9.537154 
-2.740000 	 -9.915458 
-2.730000 	 -11.526497 
-2.720000 	 -11.623020 
-2.710000 	 -10.174221 
-2.700000 	 -9.286608 
-2.690000 	 -9.002198 
-2.680000 	 -10.674767 
-2.670000 	 -7.806772 
-2.660000 	 -11.061795 
-2.650000 	 -11.622147 
-2.640000 	 -11.072550 
-2.630000 	 -12.607260 
-2.620000 	 -10.317559 
-2.610000 	 -8.471082 
-2.600000 	 -8.740706 
-2.590000 	 -9.096559 
-2.580000 	 -10.690640 
-2.570000 	 -11.472179 
-2.560000 	 -12.872914 
-2.550000 	 -11.362552 
-2.540000 	 -7.154361 
-2.530000 	 -9.317468 
-2.520000 	 -7.324137 
-2.510000 	 -10.228584 
-2.500000 	 -7.632625 
-2.490000 	 -9.117242 
-2.480000 	 -10.141646 
-2.470000 	 -10.270658 
-2.460000 	 -7.216698 
-2.450000 	 -10.854837 
-2.440000 	 -8.197447 
-2.430000 	 -9.291160 
-2.420000 	 -8.741825 
-2.410000 	 -9.193922 
-2.400000 	 -7.896168 
-2.390000 	 -10.059106 
-2.380000 	 -9.020143 
-2.370000 	 -10.957377 
-2.360000 	 -6.683664 
-2.350000 	 -8.177967 
-2.340000 	 -9.305045 
-2.330000 	 -8.192382 
-2.320000 	 -10.109478 
-2.310000 	 -10.215261 
-2.300000 	 -9.057535 
-2.290000 	 -9.842226 
-2.280000 	 -9.072586 
-2.270000 	 -11.496553 
-2.260000 	 -6.691366 
-2.250000 	 -6.943450 
-2.240000 	 -7.690491 
-2.230000 	 -4.622184 
-2.220000 	 -8.531993 
-2.210000 	 -6.504993 
-2.200000 	 -7.860564 
-2.190000 	 -7.685629 
-2.180000 	 -7.151577 
-2.170000 	 -7.767369 
-2.160000 	 -9.246236 
-2.150000 	 -7.795751 
-2.140000 	 -6.215103 
-2.130000 	 -6.813895 
-2.120000 	 -8.145470 
-2.110000 	 -10.215206 
-2.100000 	 -4.216982 
-2.090000 	 -7.010878 
-2.080000 	 -9.986788 
-2.070000 	 -6.385372 
-2.060000 	 -8.496494 
-2.050000 	 -8.307713 
-2.040000 	 -6.171575 
-2.030000 	 -4.663352 
-2.020000 	 -5.917782 
-2.010000 	 -3.993821 
-2.000000 	 -4.211983 
-1.990000 	 -3.684605 
-1.980000 	 -6.453552 
-1.970000 	 -10.551634 
-1.960000 	 -6.615004 
-1.950000 	 -4.784578 
-1.940000 	 -9.416261 
-1.930000 	 -8.638505 
-1.920000 	 -5.583091 
-1.910000 	 -5.874469 
-1.900000 	 -5.651269 
-1.890000 	 -5.290314 
-1.880000 	 -5.307725 
-1.870000 	 -8.299905 
-1.860000 	 -4.534921 
-1.850000 	 -6.297762 
-1.840000 	 -6.150099 
-1.830000 	 -4.840990 
-1.820000 	 -7.215262 
-1.810000 	 -5.973221 
-1.800000 	 -5.602564 
-1.790000 	 -6.866213 
-1.780000 	 -3.949897 
-1.770000 	 -6.080640 
-1.760000 	 -6.196556 
-1.750000 	 -6.484051 
-1.740000 	 -4.555409 
-1.730000 	 -5.989281 
-1.720000 	 -3.846998 
-1.710000 	 -8.169097 
-1.700000 	 -4.464351 
-1.690000 	 -7.817675 
-1.680000 	 -6.210566 
-1.670000 	 -5.608169 
-1.660000 	 -4.148660 
-1.650000 	 -3.290607 
-1.640000 	 -7.114805 
-1.630000 	 -6.965477 
-1.620000 	 -3.990423 
-1.610000 	 -4.543488 
-1.600000 	 -2.206145 
-1.590000 	 -5.741693 
-1.580000 	 -5.909723 
-1.570000 	 -3.241904 
-1.560000 	 -4.243556 
-1.550000 	 -6.775207 
-1.540000 	 -5.267375 
-1.530000 	 -5.705390 
-1.520000 	 -7.638924 
-1.510000 	 -3.495205 
-1.500000 	 11.000000 
-1.490000 	 -4.272793 
-1.480000 	 -7.076225 
-1.470000 	 -2.977889 
-1.460000 	 -4.702317 
-1.450000 	 -3.842995 
-1.440000 	 -2.406448 
-1.430000 	 -0.954906 
-1.420000 	 -5.630602 
-1.410000 	 -3.615799 
-1.400000 	 -5.205400 
-1.390000 	 -4.019087 
-1.380000 	 -3.962940 
-1.370000 	 -4.209421 
-1.360000 	 -1.389314 
-1.350000 	 -3.822200 
-1.340000 	 -4.953215 
-1.330000 	 -6.508574 
-1.320000 	 -3.379294 
-1.310000 	 -4.016666 
-1.300000 	 -3.054824 
-1.290000 	 -3.776304 
-1.280000 	 -1.535443 
-1.270000 	 -4.821144 
-1.260000 	 -2.017529 
-1.250000 	 -3.205366 
-1.240000 	 -1.990766 
-1.230000 	 -1.875198 
-1.220000 	 -4.240013 
-1.210000 	 -0.745034 
-1.200000 	 -4.648049 
-1.190000 	 -2.718125 
-1.180000 	 -5.319179 
-1.170000 	 0.132366 
-1.160000 	 -6.794420 
-1.150000 	 -0.400193 
-1.140000 	 -5.296073 
-1.130000 	 -0.060590 
-1.120000 	 -2.483758 
-1.110000 	 -3.647336 
-1.100000 	 -3.083264 
-1.090000 	 -2.515474 
-1.080000 	 -4.308923 
-1.070000 	 -1.876488 
-1.060000 	 -4.297877 
-1.050000 	 -1.406036 
-1.040000 	 -3.176674 
-1.030000 	 -3.266663 
-1.020000 	 -3.417856 
-1.010000 	 -2.135107 
-1.000000 	 -1.287770 
-0.990000 	 -2.081302 
-0.980000 	 -3.308850 
-0.970000 	 -1.206941 
-0.960000 	 -1.030014 
-0.950000 	 -0.776303 
-0.940000 	 -1.412051 
-0.930000 	 -0.696785 
-0.920000 	 -5.044204 
-0.910000 	 -0.217599 
-0.900000 	 2.061713 
-0.890000 	 -3.439817 
-0.880000 	 -3.886373 
-0.870000 	 -1.802996 
-0.860000 	 -2.928641 
-0.850000 	 -1.120389 
-0.840000 	 -2.492099 
-0.830000 	 -1.588983 
-0.820000 	 -1.345864 
-0.810000 	 -1.002089 
-0.800000 	 -1.498424 
-0.790000 	 -3.540926 
-0.780000 	 1.439270 
-0.770000 	 -0.409983 
-0.760000 	 -1.405355 
-0.750000 	 -2.556531 
-0.740000 	 -1.633001 
-0.730000 	 2.005257 
-0.720000 	 -0.299379 
-0.710000 	 1.306115 
-0.700000 	 -1.404172 
-0.690000 	 0.361538 
-0.680000 	 -0.961807 
-0.670000 	 1.016925 
-0.660000 	 -2.462618 
-0.650000 	 -2.024653 
-0.640000 	 0.922696 
-0.630000 	 -0.460842 
-0.620000 	 -1.635405 
-0.610000 	 1.463406 
-0.600000 	 -3.839750 
-0.590000 	 0.271144 
-0.580000 	 -5.841596 
-0.570000 	 -1.079327 
-0.560000 	 -1.416223 
-0.550000 	 -1.646913 
-0.540000 	 1.182113 
-0.530000 	 -3.605433 
-0.520000 	 -2.016693 
-0.510000 	 -0.057522 
-0.500000 	 -1.655017 
-0.490000 	 -3.106996 
-0.480000 	 -2.339942 
-0.470000 	 -0.444840 
-0.460000 	 -0.951454 
-0.450000 	 2.573447 
-0.440000 	 3.811886 
-0.430000 	 -1.279998 
-0.420000 	 -2.618083 
-0.410000 	 -0.151666 
-0.400000 	 -1.534271 
-0.390000 	 1.242523 
-0.380000 	 -2.599362 
-0.370000 	 -1.369774 
-0.360000 	 -1.644066 
-0.350000 	 2.080527 
-0.340000 	 -4.063046 
-0.330000 	 2.267821 
-0.320000 	 -1.186255 
-0.310000 	 2.262170 
-0.300000 	 -0.158473 
-0.290000 	 1.980802 
-0.280000 	 -2.978171 
-0.270000 	 1.175403 
-0.260000 	 -1.564880 
-0.250000 	 0.358038 
-0.240000 	 -0.962425 
-0.230000 	 2.405148 
-0.220000 	 -2.823662 
-0.210000 	 -1.450453 
-0.200000 	 -1.501813 
-0.190000 	 -4.187383 
-0.180000 	 -0.567728 
-0.170000 	 1.433324 
-0.160000 	 -0.236939 
-0.150000 	 -0.108942 
-0.140000 	 0.568659 
-0.130000 	 0.090710 
-0.120000 	 0.516041 
-0.110000 	 -2.708243 
-0.100000 	 0.225345 
-0.090000 	 0.231182 
-0.080000 	 0.873391 
-0.070000 	 -0.023311 
-0.060000 	 1.031821 
-0.050000 	 -0.350940 
-0.040000 	 0.193794 
-0.030000 	 0.222548 
-0.020000 	 0.778783 
-0.010000 	 -2.996140 
0.000000 	 -2.433474 
0.010000 	 1.147512 
0.020000 	 0.812107 
0.030000 	 -1.343189 
0.040000 	 0.797251 
0.050000 	 1.036505 
0.060000 	 1.512721 
0.070000 	 2.523466 
0.080000 	 -2.058769 
0.090000 	 -0.359066 
0.100000 	 2.056855 
0.110000 	 0.874866 
0.120000 	 -0.519269 
0.130000 	 2.270468 
0.140000 	 2.524962 
0.150000 	 1.781732 
0.160000 	 -0.009775 
0.170000 	 3.677166 
0.180000 	 0.603765 
0.190000 	 -1.441500 
0.200000 	 0.290318 
0.210000 	 -0.915752 
0.220000 	 -0.279285 
0.230000 	 -0.019042 
0.240000 	 -1.873661 
0.250000 	 0.501028 
0.260000 	 1.894792 
0.270000 	 0.376789 
0.280000 	 2.879511 
0.290000 	 -1.117883 
0.300000 	 1.045378 
0.310000 	 -1.855935 
0.320000 	 2.698899 
0.330000 	 1.073520 
0.340000 	 0.709028 
0.350000 	 0.936558 
0.360000 	 0.695201 
0.370000 	 -0.443957 
0.380000 	 -0.435161 
0.390000 	 -0.459982 
0.400000 	 1.759094 
0.410000 	 0.851417 
0.420000 	 2.203590 
0.430000 	 1.773649 
0.440000 	 1.329087 
0.450000 	 1.366679 
0.460000 	 1.629738 
0.470000 	 -2.334639 
0.480000 	 1.335095 
0.490000 	 -0.277760 
0.500000 	 1.297304 
0.510000 	 0.327694 
0.520000 	 0.513535 
0.530000 	 -0.302596 
0.540000 	 0.143607 
0.550000 	 0.465375 
0.560000 	 -1.172356 
0.570000 	 -1.363374 
0.580000 	 1.127736 
0.590000 	 -2.185203 
0.600000 	 0.806165 
0.610000 	 -2.967027 
0.620000 	 -2.098759 
0.630000 	 2.136863 
0.640000 	 -0.255649 
0.650000 	 2.745345 
0.660000 	 2.376785 
0.670000 	 0.811774 
0.680000 	 -0.456886 
0.690000 	 -4.069248 
0.700000 	 2.251664 
0.710000 	 -1.442070 
0.720000 	 1.115521 
0.730000 	 0.753914 
0.740000 	 1.153130 
0.750000 	 0.397779 
0.760000 	 1.142100 
0.770000 	 1.911235 
0.780000 	 1.504017 
0.790000 	 0.018927 
0.800000 	 0.758100 
0.810000 	 0.888207 
0.820000 	 -0.744116 
0.830000 	 -0.327598 
0.840000 	 2.575551 
0.850000 	 0.279761 
0.860000 	 0.022730 
0.870000 	 3.607695 
0.880000 	 0.149765 
0.890000 	 2.226318 
0.900000 	 0.864378 
0.910000 	 2.008499 
0.920000 	 0.305942 
0.930000 	 -1.187548 
0.940000 	 -0.161784 
0.950000 	 1.786655 
0.960000 	 1.265496 
0.970000 	 0.239645 
0.980000 	 -0.519715 
0.990000 	 -4.839734 
1.000000 	 -0.445690 
1.010000 	 0.860435 
1.020000 	 -2.642915 
1.030000 	 -0.704221 
1.040000 	 1.622495 
1.050000 	 -1.149241 
1.060000 	 0.093553 
1.070000 	 0.402829 
1.080000 	 0.306138 
1.090000 	 -0.940939 
1.100000 	 -1.393534 
1.110000 	 3.013428 
1.120000 	 1.079050 
1.130000 	 3.404932 
1.140000 	 1.548695 
1.150000 	 1.565731 
1.160000 	 1.844333 
1.170000 	 -0.916372 
1.180000 	 -1.715309 
1.190000 	 -0.780380 
1.200000 	 -0.311889 
1.210000 	 3.761759 
1.220000 	 -1.595567 
1.230000 	 -1.107564 
1.240000 	 1.890136 
1.250000 	 2.619016 
1.260000 	 -0.688887 
1.270000 	 2.273498 
1.280000 	 2.108902 
1.290000 	 0.726921 
1.300000 	 0.131627 
1.310000 	 2.652627 
1.320000 	 1.314726 
1.330000 	 -2.441400 
1.340000 	 1.264976 
1.350000 	 -0.173106 
1.360000 	 0.420740 
1.370000 	 -0.804068 
1.380000 	 1.238922 
1.390000 	 1.165481 
1.400000 	 2.335841 
1.410000 	 -1.996673 
1.420000 	 0.763014 
1.430000 	 1.192330 
1.440000 	 -0.560464 
1.450000 	 0.190034 
1.460000 	 0.958608 
1.470000 	 0.571523 
1.480000 	 -0.710530 
1.490000 	 1.392714 
1.500000 	 0.918721 
1.510000 	 0.144331 
1.520000 	 0.465248 
1.530000 	 -2.344520 
1.540000 	 -0.537541 
1.550000 	 3.341131 
1.560000 	 2.512687 
1.570000 	 0.815765 
1.580000 	 1.700769 
1.590000 	 0.691725 
1.600000 	 0.160737 
1.610000 	 -0.364389 
1.620000 	 1.619765 
1.630000 	 0.665504 
1.640000 	 2.034776 
1.650000 	 2.076372 
1.660000 	 1.475295 
1.670000 	 1.480217 
1.680000 	 1.978398 
1.690000 	 3.420964 
1.700000 	 0.505416 
1.710000 	 -0.793338 
1.720000 	 1.034871 
1.730000 	 2.758580 
1.740000 	 1.967695 
1.750000 	 3.600242 
1.760000 	 -0.390452 
1.770000 	 2.448458 
1.780000 	 -2.424074 
1.790000 	 0.885102 
1.800000 	 -0.964167 
1.810000 	 -0.283252 
1.820000 	 3.894959 
1.830000 	 2.401888 
1.840000 	 3.329036 
1.850000 	 -1.071158 
1.860000 	 3.595468 
1.870000 	 2.268455 
1.880000 	 -0.718943 
1.890000 	 2.856992 
1.900000 	 1.955746 
1.910000 	 1.597912 
1.920000 	 3.391255 
1.930000 	 4.272968 
1.940000 	 -1.117512 
1.950000 	 1.023208 
1.960000 	 2.047073 
1.970000 	 2.492231 
1.980000 	 2.506697 
1.990000 	 3.827352 
2.000000 	 6.088638 
2.010000 	 3.395290 
2.020000 	 1.795033 
2.030000 	 -1.078075 
2.040000 	 2.497748 
2.050000 	 2.112692 
2.060000 	 0.169606 
2.070000 	 1.602722 
2.080000 	 2.203005 
2.090000 	 0.177651 
2.100000 	 0.685866 
2.110000 	 1.279919 
2.120000 	 1.337680 
2.130000 	 3.169977 
2.140000 	 3.889779 
2.150000 	 1.164080 
2.160000 	 3.567473 
2.170000 	 1.038113 
2.180000 	 4.900583 
2.190000 	 1.112392 
2.200000 	 4.744003 
2.210000 	 3.808626 
2.220000 	 4.494093 
2.230000 	 5.213632 
2.240000 	 1.840136 
2.250000 	 0.994042 
2.260000 	 2.720455 
2.270000 	 4.055062 
2.280000 	 6.343621 
2.290000 	 6.572716 
2.300000 	 4.694029 
2.310000 	 2.154475 
2.320000 	 2.473267 
2.330000 	 5.393727 
2.340000 	 5.146250 
2.350000 	 3.615844 
2.360000 	 3.126624 
2.370000 	 3.536460 
2.380000 	 4.105628 
2.390000 	 4.151105 
2.400000 	 9.022289 
2.410000 	 2.632987 
2.420000 	 3.857510 
2.430000 	 7.000000 
2.440000 	 3.593908 
2.450000 	 3.116867 
2.460000 	 3.349109 
2.470000 	 5.478609 
2.480000 	 3.426351 
2.490000 	 4.398161 
2.500000 	 2.877446 
2.510000 	 6.201651 
2.520000 	 7.652131 
2.530000 	 5.025699 
2.540000 	 2.317910 
2.550000 	 6.716541 
2.560000 	 6.221710 
2.570000 	 4.977427 
2.580000 	 4.689281 
2.590000 	 3.694690 
2.600000 	 9.266133 
2.610000 	 5.895449 
2.620000 	 6.979220 
2.630000 	 6.916366 
2.640000 	 7.124010 
2.650000 	 7.986966 
2.660000 	 6.655936 
2.670000 	 5.299470 
2.680000 	 6.216985 
2.690000 	 5.087537 
2.700000 	 5.909102 
2.710000 	 4.276259 
2.720000 	 4.886888 
2.730000 	 10.158849 
2.740000 	 6.775778 
2.750000 	 8.381840 
2.760000 	 9.757713 
2.770000 	 10.276242 
2.780000 	 6.157886 
2.790000 	 8.324695 
2.800000 	 9.852876 
2.810000 	 12.874057 
2.820000 	 9.805009 
2.830000 	 9.543050 
2.840000 	 8.518861 
2.850000 	 8.013835 
2.860000 	 8.835338 
2.870000 	 10.580434 
2.880000 	 5.101518 
2.890000 	 4.397809 
2.900000 	 10.299440 
2.910000 	 6.539964 
2.920000 	 9.835617 
2.930000 	 8.616511 
2.940000 	 10.290253 
2.950000 	 10.036524 
2.960000 	 8.569422 
2.970000 	 8.202742 
2.980000 	 10.887464 
2.990000 	 12.339237 
3.000000 	 10.164043 
3.010000 	 11.110529 
3.020000 	 11.494070 
3.030000 	 10.615496 
3.040000 	 10.192247 
3.050000 	 9.674877 
3.060000 	 11.152636 
3.070000 	 13.235362 
3.080000 	 13.230658 
3.090000 	 12.606224 
3.100000 	 13.032752 
3.110000 	 11.058996 
3.120000 	 12.118798 
3.130000 	 11.310122 
3.140000 	 13.774579 
3.150000 	 13.444693 
3.160000 	 13.603969 
3.170000 	 12.131904 
3.180000 	 13.624674 
3.190000 	 14.210958 
3.200000 	 14.454706 
3.210000 	 15.027672 
3.220000 	 13.000857 
3.230000 	 11.879550 
3.240000 	 12.334638 
3.250000 	 15.979839 
3.260000 	 13.936455 
3.270000 	 14.456453 
3.280000 	 15.101249 
3.290000 	 10.060086 
3.300000 	 15.490840 
3.310000 	 18.355859 
3.320000 	 16.388662 
3.330000 	 14.609115 
3.340000 	 14.710096 
3.350000 	 15.573211 
3.360000 	 16.893720 
3.370000 	 18.349661 
3.380000 	 13.687440 
3.390000 	 17.926264 
3.400000 	 17.839214 
3.410000 	 18.818055 
3.420000 	 15.404299 
3.430000 	 18.316608 
3.440000 	 18.690949 
3.450000 	 18.008058 
3.460000 	 21.639774 
3.470000 	 15.601301 
3.480000 	 18.107889 
3.490000 	 20.106445 
3.500000 	 19.325782 
3.510000 	 21.228557 
3.520000 	 19.513345 
3.530000 	 19.579095 
3.540000 	 22.317664 
3.550000 	 17.298524 
3.560000 	 18.899763 
3.570000 	 20.904675 
3.580000 	 19.598124 
3.590000 	 19.563968 
3.600000 	 23.098384 
3.610000 	 20.596154 
3.620000 	 21.151792 
3.630000 	 23.358143 
3.640000 	 22.215178 
3.650000 	 21.787443 
3.660000 	 23.121909 
3.670000 	 22.763119 
3.680000 	 21.375807 
3.690000 	 24.965733 
3.700000 	 23.283263 
3.710000 	 23.453019 
3.720000 	 24.563695 
3.730000 	 24.238313 
3.740000 	 25.100275 
3.750000 	 25.388508 
3.760000 	 25.510508 
3.770000 	 23.981882 
3.780000 	 25.260504 
3.790000 	 26.061518 
3.800000 	 26.276919 
3.810000 	 24.366589 
3.820000 	 28.589216 
3.830000 	 25.251008 
3.840000 	 25.920602 
3.850000 	 26.030028 
3.860000 	 29.372926 
3.870000 	 26.424473 
3.880000 	 27.732166 
3.890000 	 30.250087 
3.900000 	 29.622866 
3.910000 	 30.643292 
3.920000 	 30.904005 
3.930000 	 31.555468 
3.940000 	 30.175113 
3.950000 	 30.842193 
3.960000 	 31.745526 
3.970000 	 29.216998 
3.980000 	 33.087645 
3.990000 	 33.972152 
4.000000 	 32.155138 
