-3.000000 	 -10.757553 
-2.990000 	 -12.254434 
-2.980000 	 -9.211515 
-2.970000 	 -14.267787 
-2.960000 	 -11.412347 
-2.950000 	 -11.312020 
-2.940000 	 -8.246424 
-2.930000 	 -13.020260 
-2.920000 	 -9.861576 
-2.910000 	 -11.941339 
-2.900000 	 -9.178959 
-2.890000 	 -11.638874 
-2.880000 	 -8.691513 
-2.870000 	 -11.462865 
-2.860000 	 -13.126993 
-2.850000 	 -11.978633 
-2.840000 	 -9.511319 
-2.830000 	 -10.281278 
-2.820000 	 -12.375440 
-2.810000 	 -9.412679 
-2.800000 	 -9.529417 
-2.790000 	 -10.318527 
-2.780000 	 -11.960381 
-2.770000 	 -12.752023 
-2.760000 	 -7.996714 
-2.750000 	 -12.778750 
-2.740000 	 -10.828404 
-2.730000 	 -11.710489 
-2.720000 	 -9.576234 
-2.710000 	 -10.489327 
-2.700000 	 -8.513578 
-2.690000 	 -9.692023 
-2.680000 	 -9.222992 
-2.670000 	 -12.746269 
-2.660000 	 -8.715287 
-2.650000 	 -11.400076 
-2.640000 	 -13.224757 
-2.630000 	 -13.805298 
-2.620000 	 -9.176810 
-2.610000 	 -9.112717 
-2.600000 	 -12.139034 
-2.590000 	 -10.338839 
-2.580000 	 -11.261397 
-2.570000 	 -10.840991 
-2.560000 	 -10.019727 
-2.550000 	 -10.232329 
-2.540000 	 -9.629779 
-2.530000 	 -7.428675 
-2.520000 	 -10.425248 
-2.510000 	 -10.080484 
-2.500000 	 -11.278694 
-2.490000 	 -9.381623 
-2.480000 	 -9.584109 
-2.470000 	 -7.916879 
-2.460000 	 -9.934830 
-2.450000 	 -8.644431 
-2.440000 	 -13.231708 
-2.430000 	 -9.498655 
-2.420000 	 -9.518352 
-2.410000 	 -9.909940 
-2.400000 	 -9.824118 
-2.390000 	 -7.632845 
-2.380000 	 -10.362219 
-2.370000 	 -10.178124 
-2.360000 	 -6.442307 
-2.350000 	 -7.180748 
-2.340000 	 -9.094246 
-2.330000 	 -11.942834 
-2.320000 	 -9.593411 
-2.310000 	 -9.069153 
-2.300000 	 -9.213865 
-2.290000 	 -6.174903 
-2.280000 	 -9.105587 
-2.270000 	 -9.396079 
-2.260000 	 -8.950369 
-2.250000 	 -8.095265 
-2.240000 	 -7.468922 
-2.230000 	 -7.826748 
-2.220000 	 -4.780957 
-2.210000 	 -9.011393 
-2.200000 	 -10.860760 
-2.190000 	 -6.061642 
-2.180000 	 -7.899379 
-2.170000 	 -12.045689 
-2.160000 	 -9.719167 
-2.150000 	 -5.194681 
-2.140000 	 -9.247619 
-2.130000 	 -7.987753 
-2.120000 	 -8.461973 
-2.110000 	 -5.726497 
-2.100000 	 -6.255902 
-2.090000 	 -5.788421 
-2.080000 	 -6.594586 
-2.070000 	 -7.155731 
-2.060000 	 -8.038592 
-2.050000 	 -6.539491 
-2.040000 	 -5.630033 
-2.030000 	 -4.261325 
-2.020000 	 -5.168008 
-2.010000 	 -9.115972 
-2.000000 	 -7.049848 
-1.990000 	 -4.456165 
-1.980000 	 -6.395833 
-1.970000 	 -6.946540 
-1.960000 	 -4.369267 
-1.950000 	 -8.237628 
-1.940000 	 -6.944798 
-1.930000 	 -7.713919 
-1.920000 	 -5.540857 
-1.910000 	 -6.040840 
-1.900000 	 -7.722881 
-1.890000 	 -4.537998 
-1.880000 	 -3.747265 
-1.870000 	 -7.167557 
-1.860000 	 -6.698293 
-1.850000 	 -6.963363 
-1.840000 	 -4.296282 
-1.830000 	 -5.830688 
-1.820000 	 -6.515069 
-1.810000 	 -8.652264 
-1.800000 	 -9.520126 
-1.790000 	 -6.562661 
-1.780000 	 -6.567004 
-1.770000 	 -1.137635 
-1.760000 	 -8.791125 
-1.750000 	 10.000000 
-1.740000 	 -6.256143 
-1.730000 	 -5.349004 
-1.720000 	 -4.892166 
-1.710000 	 -4.797953 
-1.700000 	 -7.604306 
-1.690000 	 -5.322646 
-1.680000 	 -4.158396 
-1.670000 	 -4.979591 
-1.660000 	 -6.100865 
-1.650000 	 -5.795567 
-1.640000 	 -3.398815 
-1.630000 	 -6.547771 
-1.620000 	 -5.703412 
-1.610000 	 -6.927871 
-1.600000 	 -3.883556 
-1.590000 	 -4.376105 
-1.580000 	 -8.244522 
-1.570000 	 -5.591658 
-1.560000 	 -5.979904 
-1.550000 	 -4.737060 
-1.540000 	 -2.028903 
-1.530000 	 -3.592143 
-1.520000 	 -5.043795 
-1.510000 	 -3.822622 
-1.500000 	 -2.623450 
-1.490000 	 -4.345369 
-1.480000 	 -3.240536 
-1.470000 	 -1.438808 
-1.460000 	 -6.012892 
-1.450000 	 -4.084965 
-1.440000 	 -2.520405 
-1.430000 	 -4.904844 
-1.420000 	 -1.315001 
-1.410000 	 -0.734871 
-1.400000 	 -2.065281 
-1.390000 	 -3.029071 
-1.380000 	 -2.807515 
-1.370000 	 -4.304089 
-1.360000 	 -4.174724 
-1.350000 	 -4.894643 
-1.340000 	 -1.976433 
-1.330000 	 -3.091949 
-1.320000 	 -2.977821 
-1.310000 	 -3.268760 
-1.300000 	 -3.850882 
-1.290000 	 -2.185873 
-1.280000 	 -4.980056 
-1.270000 	 -2.694889 
-1.260000 	 -3.821174 
-1.250000 	 -2.107375 
-1.240000 	 -3.933232 
-1.230000 	 -3.004767 
-1.220000 	 -3.642824 
-1.210000 	 -2.226740 
-1.200000 	 -3.414358 
-1.190000 	 -1.083784 
-1.180000 	 -3.003197 
-1.170000 	 -3.544493 
-1.160000 	 -3.447083 
-1.150000 	 -2.622418 
-1.140000 	 -4.737987 
-1.130000 	 -4.525598 
-1.120000 	 -3.212257 
-1.110000 	 -4.813896 
-1.100000 	 -0.829835 
-1.090000 	 -0.825184 
-1.080000 	 -3.058686 
-1.070000 	 -1.027907 
-1.060000 	 -2.609347 
-1.050000 	 -2.009309 
-1.040000 	 -3.328401 
-1.030000 	 -1.021820 
-1.020000 	 -2.857858 
-1.010000 	 -2.808510 
-1.000000 	 -1.251342 
-0.990000 	 -1.518169 
-0.980000 	 -3.247189 
-0.970000 	 -1.519200 
-0.960000 	 -2.833239 
-0.950000 	 -2.575697 
-0.940000 	 -4.078658 
-0.930000 	 -1.571838 
-0.920000 	 -1.131231 
-0.910000 	 -0.859889 
-0.900000 	 -0.516865 
-0.890000 	 -1.850281 
-0.880000 	 -1.379846 
-0.870000 	 -0.310292 
-0.860000 	 -4.153110 
-0.850000 	 1.223177 
-0.840000 	 -5.091727 
-0.830000 	 2.122699 
-0.820000 	 1.116241 
-0.810000 	 -2.959529 
-0.800000 	 0.972347 
-0.790000 	 -0.603300 
-0.780000 	 -1.111789 
-0.770000 	 -0.609241 
-0.760000 	 -3.426985 
-0.750000 	 -1.053429 
-0.740000 	 -0.884194 
-0.730000 	 -3.435923 
-0.720000 	 -0.297410 
-0.710000 	 -6.982447 
-0.700000 	 -5.682453 
-0.690000 	 -2.944416 
-0.680000 	 -0.397314 
-0.670000 	 -2.141454 
-0.660000 	 -3.666143 
-0.650000 	 0.370724 
-0.640000 	 1.257677 
-0.630000 	 -0.821209 
-0.620000 	 0.885109 
-0.610000 	 0.180072 
-0.600000 	 -1.261386 
-0.590000 	 1.062620 
-0.580000 	 -3.157013 
-0.570000 	 -1.456311 
-0.560000 	 -1.194330 
-0.550000 	 -2.416365 
-0.540000 	 31.000000 
-0.530000 	 -2.031387 
-0.520000 	 -0.059447 
-0.510000 	 -1.445249 
-0.500000 	 -2.461024 
-0.490000 	 -2.543178 
-0.480000 	 -2.932079 
-0.470000 	 -0.725568 
-0.460000 	 0.029625 
-0.450000 	 -3.328796 
-0.440000 	 -0.187799 
-0.430000 	 -0.325470 
-0.420000 	 -0.638969 
-0.410000 	 -1.931606 
-0.400000 	 -0.635237 
-0.390000 	 -3.959186 
-0.380000 	 2.611976 
-0.370000 	 1.848115 
-0.360000 	 -0.743580 
-0.350000 	 -0.466888 
-0.340000 	 -0.335219 
-0.330000 	 0.996811 
-0.320000 	 -1.579753 
-0.310000 	 -1.454265 
-0.300000 	 -2.919164 
-0.290000 	 0.658894 
-0.280000 	 -1.343615 
-0.270000 	 0.948556 
-0.260000 	 -1.399161 
-0.250000 	 -1.488784 
-0.240000 	 1.968481 
-0.230000 	 -1.657445 
-0.220000 	 0.121510 
-0.210000 	 -0.206506 
-0.200000 	 0.028529 
-0.190000 	 -0.277109 
-0.180000 	 -0.303875 
-0.170000 	 1.700156 
-0.160000 	 0.593265 
-0.150000 	 0.399140 
-0.140000 	 2.901303 
-0.130000 	 -0.379069 
-0.120000 	 0.585523 
-0.110000 	 -1.175493 
-0.100000 	 -2.774114 
-0.090000 	 -1.287329 
-0.080000 	 1.073356 
-0.070000 	 1.418936 
-0.060000 	 1.929179 
-0.050000 	 -0.124529 
-0.040000 	 0.478011 
-0.030000 	 0.654673 
-0.020000 	 2.711869 
-0.010000 	 1.421087 
0.000000 	 3.662905 
0.010000 	 1.312847 
0.020000 	 0.310257 
0.030000 	 -1.649450 
0.040000 	 0.161238 
0.050000 	 -0.084340 
0.060000 	 1.163280 
0.070000 	 -0.122228 
0.080000 	 -0.624139 
0.090000 	 1.868936 
0.100000 	 0.474792 
0.110000 	 2.461839 
0.120000 	 0.261438 
0.130000 	 -2.051151 
0.140000 	 -2.463450 
0.150000 	 1.800526 
0.160000 	 -1.328082 
0.170000 	 -2.255586 
0.180000 	 1.229305 
0.190000 	 -0.407841 
0.200000 	 2.866547 
0.210000 	 -2.412376 
0.220000 	 -0.406355 
0.230000 	 -0.159855 
0.240000 	 -1.079639 
0.250000 	 -0.062864 
0.260000 	 0.473924 
0.270000 	 -2.352735 
0.280000 	 -0.690350 
0.290000 	 -0.733279 
0.300000 	 1.497752 
0.310000 	 0.776873 
0.320000 	 -0.205979 
0.330000 	 0.360852 
0.340000 	 1.171598 
0.350000 	 1.840297 
0.360000 	 2.517789 
0.370000 	 0.021839 
0.380000 	 -1.611928 
0.390000 	 0.339141 
0.400000 	 -2.350735 
0.410000 	 0.972098 
0.420000 	 2.526817 
0.430000 	 0.646818 
0.440000 	 1.849474 
0.450000 	 -0.485280 
0.460000 	 3.005574 
0.470000 	 -2.691590 
0.480000 	 0.666565 
0.490000 	 -0.681985 
0.500000 	 1.576455 
0.510000 	 1.633617 
0.520000 	 0.746901 
0.530000 	 -0.075157 
0.540000 	 0.346296 
0.550000 	 -0.165542 
0.560000 	 -0.326686 
0.570000 	 -1.079694 
0.580000 	 0.991943 
0.590000 	 2.831068 
0.600000 	 0.481399 
0.610000 	 -0.115360 
0.620000 	 1.840757 
0.630000 	 -0.460930 
0.640000 	 -2.138702 
0.650000 	 -0.492422 
0.660000 	 2.915323 
0.670000 	 -1.566327 
0.680000 	 -0.634756 
0.690000 	 -0.843959 
0.700000 	 -0.477515 
0.710000 	 0.443797 
0.720000 	 1.829902 
0.730000 	 0.868455 
0.740000 	 -1.181703 
0.750000 	 -0.146518 
0.760000 	 0.047484 
0.770000 	 0.138016 
0.780000 	 -1.922795 
0.790000 	 0.398759 
0.800000 	 0.858740 
0.810000 	 0.213418 
0.820000 	 0.390050 
0.830000 	 -0.268025 
0.840000 	 3.570992 
0.850000 	 -1.255381 
0.860000 	 1.323954 
0.870000 	 1.734044 
0.880000 	 -1.315650 
0.890000 	 0.690485 
0.900000 	 2.067176 
0.910000 	 -0.016407 
0.920000 	 2.262156 
0.930000 	 -1.488773 
0.940000 	 1.812819 
0.950000 	 1.080782 
0.960000 	 0.226724 
0.970000 	 0.984833 
0.980000 	 -1.075030 
0.990000 	 0.944137 
1.000000 	 0.197179 
1.010000 	 1.874958 
1.020000 	 -1.966281 
1.030000 	 1.431127 
1.040000 	 -0.998673 
1.050000 	 0.651181 
1.060000 	 2.450597 
1.070000 	 -0.670724 
1.080000 	 -0.282243 
1.090000 	 0.767773 
1.100000 	 -0.608596 
1.110000 	 -0.271827 
1.120000 	 -1.509499 
1.130000 	 0.109633 
1.140000 	 0.195207 
1.150000 	 1.339779 
1.160000 	 1.328750 
1.170000 	 -1.047856 
1.180000 	 -0.708496 
1.190000 	 -0.206568 
1.200000 	 2.563939 
1.210000 	 0.399503 
1.220000 	 0.645854 
1.230000 	 -0.259644 
1.240000 	 -2.861083 
1.250000 	 -1.684106 
1.260000 	 2.581107 
1.270000 	 -0.320823 
1.280000 	 1.888806 
1.290000 	 -0.106081 
1.300000 	 -0.105489 
1.310000 	 2.942379 
1.320000 	 1.036422 
1.330000 	 -0.990590 
1.340000 	 0.986265 
1.350000 	 -0.807126 
1.360000 	 1.697962 
1.370000 	 4.258037 
1.380000 	 3.449569 
1.390000 	 2.703034 
1.400000 	 2.179658 
1.410000 	 -4.270570 
1.420000 	 -0.579677 
1.430000 	 0.065507 
1.440000 	 0.584655 
1.450000 	 1.633590 
1.460000 	 0.412679 
1.470000 	 0.211947 
1.480000 	 0.284026 
1.490000 	 1.685455 
1.500000 	 1.241843 
1.510000 	 -0.546606 
1.520000 	 -0.296460 
1.530000 	 1.969411 
1.540000 	 1.075734 
1.550000 	 -0.617239 
1.560000 	 -0.166324 
1.570000 	 1.417120 
1.580000 	 3.173434 
1.590000 	 0.320624 
1.600000 	 2.245888 
1.610000 	 1.561428 
1.620000 	 2.093395 
1.630000 	 1.672181 
1.640000 	 1.103793 
1.650000 	 3.575046 
1.660000 	 3.474703 
1.670000 	 0.090165 
1.680000 	 2.914337 
1.690000 	 3.287664 
1.700000 	 -0.447161 
1.710000 	 2.873850 
1.720000 	 4.716697 
1.730000 	 3.363274 
1.740000 	 -1.201538 
1.750000 	 3.409213 
1.760000 	 2.764812 
1.770000 	 -1.640779 
1.780000 	 2.298375 
1.790000 	 2.244991 
1.800000 	 4.098396 
1.810000 	 1.390906 
1.820000 	 3.940061 
1.830000 	 1.911193 
1.840000 	 2.376454 
1.850000 	 2.735246 
1.860000 	 1.528200 
1.870000 	 3.931671 
1.880000 	 2.129653 
1.890000 	 1.318843 
1.900000 	 0.914609 
1.910000 	 1.932462 
1.920000 	 2.998521 
1.930000 	 1.219186 
1.940000 	 3.128114 
1.950000 	 2.222573 
1.960000 	 4.063942 
1.970000 	 2.087066 
1.980000 	 3.507820 
1.990000 	 0.280821 
2.000000 	 0.679947 
2.010000 	 1.849285 
2.020000 	 0.604076 
2.030000 	 2.783456 
2.040000 	 1.653492 
2.050000 	 1.661586 
2.060000 	 2.114896 
2.070000 	 1.623495 
2.080000 	 2.342661 
2.090000 	 3.646354 
2.100000 	 1.421766 
2.110000 	 1.741768 
2.120000 	 3.460971 
2.130000 	 3.228080 
2.140000 	 4.469786 
2.150000 	 1.068719 
2.160000 	 2.655856 
2.170000 	 2.160322 
2.180000 	 6.692021 
2.190000 	 3.228294 
2.200000 	 2.856676 
2.210000 	 3.868685 
2.220000 	 4.998139 
2.230000 	 4.218491 
2.240000 	 5.502671 
2.250000 	 4.958542 
2.260000 	 2.226977 
2.270000 	 0.065022 
2.280000 	 1.207199 
2.290000 	 3.777611 
2.300000 	 1.822551 
2.310000 	 3.623030 
2.320000 	 4.069310 
2.330000 	 5.302872 
2.340000 	 6.016703 
2.350000 	 5.246494 
2.360000 	 7.230284 
2.370000 	 4.742221 
2.380000 	 3.150347 
2.390000 	 2.953899 
2.400000 	 4.849163 
2.410000 	 1.186466 
2.420000 	 4.227192 
2.430000 	 7.707942 
2.440000 	 5.657585 
2.450000 	 3.844521 
2.460000 	 1.744552 
2.470000 	 5.112715 
2.480000 	 4.305855 
2.490000 	 5.532394 
2.500000 	 6.701878 
2.510000 	 1.572932 
2.520000 	 3.076025 
2.530000 	 5.154221 
2.540000 	 6.011476 
2.550000 	 3.702932 
2.560000 	 4.930815 
2.570000 	 6.136646 
2.580000 	 2.257325 
2.590000 	 6.275396 
2.600000 	 4.743697 
2.610000 	 5.903773 
2.620000 	 3.813547 
2.630000 	 4.728236 
2.640000 	 5.373736 
2.650000 	 5.644801 
2.660000 	 7.805714 
2.670000 	 5.184125 
2.680000 	 7.057298 
2.690000 	 7.833886 
2.700000 	 7.278497 
2.710000 	 6.516369 
2.720000 	 6.128490 
2.730000 	 6.518109 
2.740000 	 7.530384 
2.750000 	 6.955302 
2.760000 	 6.110784 
2.770000 	 6.418161 
2.780000 	 5.640079 
2.790000 	 8.069732 
2.800000 	 9.125920 
2.810000 	 7.561559 
2.820000 	 8.542422 
2.830000 	 6.796088 
2.840000 	 9.553080 
2.850000 	 10.948004 
2.860000 	 8.197708 
2.870000 	 6.551464 
2.880000 	 6.577051 
2.890000 	 9.172445 
2.900000 	 7.119522 
2.910000 	 9.341673 
2.920000 	 5.491889 
2.930000 	 7.670976 
2.940000 	 10.188949 
2.950000 	 9.223610 
2.960000 	 8.744049 
2.970000 	 12.313310 
2.980000 	 10.305276 
2.990000 	 10.862637 
3.000000 	 8.014777 
3.010000 	 8.309991 
3.020000 	 9.880775 
3.030000 	 10.011581 
3.040000 	 9.696704 
3.050000 	 14.892735 
3.060000 	 12.383380 
3.070000 	 9.547966 
3.080000 	 12.389177 
3.090000 	 11.528010 
3.100000 	 14.665610 
3.110000 	 11.154960 
3.120000 	 11.078891 
3.130000 	 13.622001 
3.140000 	 9.381323 
3.150000 	 13.486385 
3.160000 	 12.373702 
3.170000 	 13.189671 
3.180000 	 12.665182 
3.190000 	 13.566426 
3.200000 	 14.144333 
3.210000 	 12.017094 
3.220000 	 16.217291 
3.230000 	 15.429223 
3.240000 	 14.506009 
3.250000 	 14.899148 
3.260000 	 14.991678 
3.270000 	 13.443921 
3.280000 	 13.159085 
3.290000 	 16.101025 
3.300000 	 15.452520 
3.310000 	 12.828777 
3.320000 	 14.642685 
3.330000 	 15.608322 
3.340000 	 16.120115 
3.350000 	 15.135855 
3.360000 	 17.538614 
3.370000 	 15.863482 
3.380000 	 14.146114 
3.390000 	 17.320321 
3.400000 	 14.950129 
3.410000 	 15.130306 
3.420000 	 17.125817 
3.430000 	 14.995147 
3.440000 	 15.665757 
3.450000 	 15.863620 
3.460000 	 17.237124 
3.470000 	 17.780381 
3.480000 	 19.759742 
3.490000 	 21.191047 
3.500000 	 20.006142 
3.510000 	 17.118730 
3.520000 	 19.337033 
3.530000 	 16.457989 
3.540000 	 18.729758 
3.550000 	 21.274827 
3.560000 	 18.786184 
3.570000 	 24.343739 
3.580000 	 21.075281 
3.590000 	 19.389561 
3.600000 	 19.744197 
3.610000 	 19.577933 
3.620000 	 20.877125 
3.630000 	 22.583693 
3.640000 	 23.377539 
3.650000 	 21.589005 
3.660000 	 20.664219 
3.670000 	 21.509277 
3.680000 	 22.581433 
3.690000 	 26.661951 
3.700000 	 26.499561 
3.710000 	 26.006379 
3.720000 	 25.435390 
3.730000 	 24.176179 
3.740000 	 24.549952 
3.750000 	 24.700607 
3.760000 	 28.488138 
3.770000 	 27.290793 
3.780000 	 28.112590 
3.790000 	 27.299738 
3.800000 	 23.901313 
3.810000 	 26.240738 
3.820000 	 27.552280 
3.830000 	 25.870080 
3.840000 	 29.764535 
3.850000 	 29.977985 
3.860000 	 28.905585 
3.870000 	 27.057651 
3.880000 	 29.693786 
3.890000 	 29.534558 
3.900000 	 28.600295 
3.910000 	 28.347700 
3.920000 	 29.640920 
3.930000 	 28.176429 
3.940000 	 30.689873 
3.950000 	 30.019299 
3.960000 	 31.695605 
3.970000 	 34.589063 
3.980000 	 30.172979 
3.990000 	 28.541237 
4.000000 	 31.132646 
