-3.000000 	 -12.015064 
-2.990000 	 -12.761279 
-2.980000 	 -15.341044 
-2.970000 	 -10.237023 
-2.960000 	 -11.758738 
-2.950000 	 -11.829926 
-2.940000 	 -13.270654 
-2.930000 	 -9.554221 
-2.920000 	 -13.062774 
-2.910000 	 -11.043795 
-2.900000 	 -12.482932 
-2.890000 	 -11.252298 
-2.880000 	 -11.956105 
-2.870000 	 -10.660274 
-2.860000 	 -12.443110 
-2.850000 	 -9.609714 
-2.840000 	 -12.368715 
-2.830000 	 -12.626676 
-2.820000 	 -11.800630 
-2.810000 	 -13.121978 
-2.800000 	 -10.576647 
-2.790000 	 -12.095402 
-2.780000 	 -11.566636 
-2.770000 	 -10.894332 
-2.760000 	 -9.687105 
-2.750000 	 -11.304144 
-2.740000 	 -5.000000 
-2.730000 	 -8.800412 
-2.720000 	 -10.809657 
-2.710000 	 -11.101218 
-2.700000 	 -12.680639 
-2.690000 	 -8.599055 
-2.680000 	 -12.338923 
-2.670000 	 -8.463986 
-2.660000 	 -8.900526 
-2.650000 	 -10.827327 
-2.640000 	 -12.327755 
-2.630000 	 -12.037527 
-2.620000 	 -12.751836 
-2.610000 	 -6.059785 
-2.600000 	 -9.084107 
-2.590000 	 -10.965139 
-2.580000 	 -10.596750 
-2.570000 	 -10.518601 
-2.560000 	 -9.508567 
-2.550000 	 -8.992926 
-2.540000 	 -9.255360 
-2.530000 	 -10.447809 
-2.520000 	 -9.826372 
-2.510000 	 -12.010320 
-2.500000 	 -11.177745 
-2.490000 	 -9.241228 
-2.480000 	 -7.843880 
-2.470000 	 -12.349312 
-2.460000 	 -10.413400 
-2.450000 	 -9.531627 
-2.440000 	 -8.741480 
-2.430000 	 -7.651125 
-2.420000 	 -9.237237 
-2.410000 	 -8.461278 
-2.400000 	 -10.713475 
-2.390000 	 -9.416320 
-2.380000 	 -9.535357 
-2.370000 	 -11.150210 
-2.360000 	 -9.256855 
-2.350000 	 -10.909643 
-2.340000 	 -7.941207 
-2.330000 	 -9.399015 
-2.320000 	 -6.590345 
-2.310000 	 -9.205194 
-2.300000 	 -11.800608 
-2.290000 	 -9.654196 
-2.280000 	 -11.578528 
-2.270000 	 -6.662811 
-2.260000 	 -9.717798 
-2.250000 	 -9.684856 
-2.240000 	 -6.884308 
-2.230000 	 -9.135444 
-2.220000 	 -8.836172 
-2.210000 	 -8.615342 
-2.200000 	 -7.138961 
-2.190000 	 -8.535917 
-2.180000 	 -5.084557 
-2.170000 	 -9.466643 
-2.160000 	 -7.895034 
-2.150000 	 -7.026801 
-2.140000 	 -8.444868 
-2.130000 	 -6.334265 
-2.120000 	 -4.537669 
-2.110000 	 -9.308612 
-2.100000 	 -5.410874 
-2.090000 	 -5.402424 
-2.080000 	 -5.889473 
-2.070000 	 -8.495799 
-2.060000 	 -4.091745 
-2.050000 	 -4.162544 
-2.040000 	 -4.978157 
-2.030000 	 -7.034237 
-2.020000 	 -8.402222 
-2.010000 	 -5.918485 
-2.000000 	 -9.606016 
-1.990000 	 -8.493838 
-1.980000 	 -10.114552 
-1.970000 	 -6.218320 
-1.960000 	 -5.559140 
-1.950000 	 -7.300113 
-1.940000 	 -5.212785 
-1.930000 	 -6.045203 
-1.920000 	 -6.318022 
-1.910000 	 -5.581546 
-1.900000 	 -6.576568 
-1.890000 	 -4.628519 
-1.880000 	 -7.150281 
-1.870000 	 -5.687123 
-1.860000 	 -4.557267 
-1.850000 	 -5.840147 
-1.840000 	 -2.231217 
-1.830000 	 -4.538552 
-1.820000 	 -7.671285 
-1.810000 	 -2.789406 
-1.800000 	 -5.651538 
-1.790000 	 -4.694841 
-1.780000 	 -7.941382 
-1.770000 	 -7.906301 
-1.760000 	 -7.022708 
-1.750000 	 -5.588934 
-1.740000 	 -5.368364 
-1.730000 	 -2.848169 
-1.720000 	 -6.233219 
-1.710000 	 -7.117245 
-1.700000 	 -5.465740 
-1.690000 	 -5.483646 
-1.680000 	 -4.482462 
-1.670000 	 -5.578148 
-1.660000 	 -6.204696 
-1.650000 	 -5.891950 
-1.640000 	 -4.799934 
-1.630000 	 -7.287249 
-1.620000 	 -5.494808 
-1.610000 	 -4.205938 
-1.600000 	 -4.309030 
-1.590000 	 -3.716084 
-1.580000 	 -6.428632 
-1.570000 	 -5.061904 
-1.560000 	 -5.611041 
-1.550000 	 -4.083383 
-1.540000 	 -3.421069 
-1.530000 	 -2.824899 
-1.520000 	 -4.429882 
-1.510000 	 -5.341442 
-1.500000 	 -4.190608 
-1.490000 	 -2.657161 
-1.480000 	 -6.124348 
-1.470000 	 -2.273160 
-1.460000 	 -4.055859 
-1.450000 	 -5.169409 
-1.440000 	 -5.384952 
-1.430000 	 -3.060943 
-1.420000 	 -2.771424 
-1.410000 	 -3.017178 
-1.400000 	 -0.783021 
-1.390000 	 0.296628 
-1.380000 	 -3.024212 
-1.370000 	 -2.545627 
-1.360000 	 -6.490503 
-1.350000 	 -2.088313 
-1.340000 	 -5.978337 
-1.330000 	 -1.633890 
-1.320000 	 -2.539693 
-1.310000 	 -3.743722 
-1.300000 	 -6.912631 
-1.290000 	 -0.662957 
-1.280000 	 -4.200391 
-1.270000 	 -4.279053 
-1.260000 	 -3.739250 
-1.250000 	 -0.685866 
-1.240000 	 -0.061132 
-1.230000 	 -7.106624 
-1.220000 	 -2.547956 
-1.210000 	 -3.674000 
-1.200000 	 -4.517134 
-1.190000 	 -4.597764 
-1.180000 	 -0.818393 
-1.170000 	 -4.415380 
-1.160000 	 -2.739538 
-1.150000 	 -0.604688 
-1.140000 	 -3.004194 
-1.130000 	 -4.179582 
-1.120000 	 -2.617226 
-1.110000 	 -3.270687 
-1.100000 	 -3.405448 
-1.090000 	 -0.987763 
-1.080000 	 -0.692358 
-1.070000 	 -0.957453 
-1.060000 	 -2.419845 
-1.050000 	 -1.187130 
-1.040000 	 2.145643 
-1.030000 	 -2.397660 
-1.020000 	 -1.448875 
-1.010000 	 -0.982246 
-1.000000 	 -3.241200 
-0.990000 	 -2.979902 
-0.980000 	 -3.927388 
-0.970000 	 -2.139504 
-0.960000 	 -4.115761 
-0.950000 	 0.116186 
-0.940000 	 -2.269932 
-0.930000 	 -3.641005 
-0.920000 	 -0.336119 
-0.910000 	 -3.267002 
-0.900000 	 3.419897 
-0.890000 	 -4.174933 
-0.880000 	 -0.736296 
-0.870000 	 -2.062520 
-0.860000 	 3.213727 
-0.850000 	 -3.994611 
-0.840000 	 -1.857815 
-0.830000 	 -0.179359 
-0.820000 	 -0.385029 
-0.810000 	 -1.707209 
-0.800000 	 -0.193324 
-0.790000 	 -0.018163 
-0.780000 	 0.218425 
-0.770000 	 -4.285748 
-0.760000 	 -3.567079 
-0.750000 	 -1.747147 
-0.740000 	 -1.463974 
-0.730000 	 -2.359140 
-0.720000 	 0.737666 
-0.710000 	 -2.836932 
-0.700000 	 -0.836815 
-0.690000 	 -1.405195 
-0.680000 	 -1.048885 
-0.670000 	 1.114445 
-0.660000 	 -1.655657 
-0.650000 	 -2.930064 
-0.640000 	 -2.433706 
-0.630000 	 -1.691242 
-0.620000 	 2.163152 
-0.610000 	 0.799997 
-0.600000 	 0.286340 
-0.590000 	 0.378037 
-0.580000 	 -2.614450 
-0.570000 	 -1.100446 
-0.560000 	 1.143750 
-0.550000 	 -1.325138 
-0.540000 	 0.812521 
-0.530000 	 -2.984677 
-0.520000 	 -0.254033 
-0.510000 	 -1.292199 
-0.500000 	 -1.378528 
-0.490000 	 1.269310 
-0.480000 	 -0.827697 
-0.470000 	 0.755025 
-0.460000 	 0.764150 
-0.450000 	 -1.508626 
-0.440000 	 -3.057736 
-0.430000 	 -2.389290 
-0.420000 	 0.406903 
-0.410000 	 -1.332123 
-0.400000 	 1.455273 
-0.390000 	 -0.354212 
-0.380000 	 0.809237 
-0.370000 	 -1.329270 
-0.360000 	 3.820803 
-0.350000 	 -1.538357 
-0.340000 	 -0.308282 
-0.330000 	 -3.967085 
-0.320000 	 -3.488971 
-0.310000 	 1.182405 
-0.300000 	 1.103221 
-0.290000 	 -1.949692 
-0.280000 	 -1.154695 
-0.270000 	 -2.103297 
-0.260000 	 1.424294 
-0.250000 	 -1.161484 
-0.240000 	 -0.119087 
-0.230000 	 -1.991963 
-0.220000 	 -2.033423 
-0.210000 	 -0.647072 
-0.200000 	 1.566095 
-0.190000 	 0.473311 
-0.180000 	 0.408124 
-0.170000 	 1.118192 
-0.160000 	 -0.064954 
-0.150000 	 -0.911786 
-0.140000 	 -2.723507 
-0.130000 	 -0.005778 
-0.120000 	 -0.005466 
-0.110000 	 0.138985 
-0.100000 	 1.240475 
-0.090000 	 1.354766 
-0.080000 	 2.553333 
-0.070000 	 1.992604 
-0.060000 	 -1.765311 
-0.050000 	 0.864200 
-0.040000 	 3.884961 
-0.030000 	 -0.384963 
-0.020000 	 0.555726 
-0.010000 	 -0.905237 
0.000000 	 0.033833 
0.010000 	 1.296121 
0.020000 	 0.870908 
0.030000 	 0.062540 
0.040000 	 -0.712241 
0.050000 	 1.822593 
0.060000 	 0.396351 
0.070000 	 -1.272031 
0.080000 	 -1.519141 
0.090000 	 -0.607138 
0.100000 	 -2.717454 
0.110000 	 1.772810 
0.120000 	 0.071734 
0.130000 	 0.807238 
0.140000 	 1.484658 
0.150000 	 0.145744 
0.160000 	 -0.190679 
0.170000 	 4.545147 
0.180000 	 -0.314534 
0.190000 	 0.603441 
0.200000 	 -1.122509 
0.210000 	 -0.870508 
0.220000 	 -1.739386 
0.230000 	 1.517103 
0.240000 	 1.847311 
0.250000 	 1.379413 
0.260000 	 -1.387775 
0.270000 	 -1.109476 
0.280000 	 -0.580665 
0.290000 	 -0.821723 
0.300000 	 -0.775201 
0.310000 	 -0.811700 
0.320000 	 2.182550 
0.330000 	 1.081082 
0.340000 	 1.494454 
0.350000 	 0.282922 
0.360000 	 1.521058 
0.370000 	 1.703220 
0.380000 	 2.706436 
0.390000 	 1.564351 
0.400000 	 -1.406146 
0.410000 	 2.920078 
0.420000 	 2.250628 
0.430000 	 1.924174 
0.440000 	 -1.457963 
0.450000 	 -0.492704 
0.460000 	 -1.506366 
0.470000 	 -0.261310 
0.480000 	 0.332078 
0.490000 	 0.695881 
0.500000 	 -2.936402 
0.510000 	 0.516641 
0.520000 	 -0.220057 
0.530000 	 2.568424 
0.540000 	 -2.063894 
0.550000 	 -2.428916 
0.560000 	 1.337000 
0.570000 	 0.548930 
0.580000 	 -3.189407 
0.590000 	 -0.094151 
0.600000 	 0.385236 
0.610000 	 -2.215816 
0.620000 	 -0.032295 
0.630000 	 -0.266730 
0.640000 	 -1.579706 
0.650000 	 -1.033120 
0.660000 	 1.674828 
0.670000 	 -0.117034 
0.680000 	 1.626120 
0.690000 	 0.418441 
0.700000 	 -0.538022 
0.710000 	 1.475758 
0.720000 	 -0.908606 
0.730000 	 0.253235 
0.740000 	 3.419145 
0.750000 	 -3.686548 
0.760000 	 -0.910436 
0.770000 	 0.723039 
0.780000 	 1.454297 
0.790000 	 1.611321 
0.800000 	 -0.704858 
0.810000 	 0.620938 
0.820000 	 -0.272781 
0.830000 	 -0.045911 
0.840000 	 0.905281 
0.850000 	 -0.437935 
0.860000 	 -1.112361 
0.870000 	 1.010751 
0.880000 	 0.051899 
0.890000 	 -1.727955 
0.900000 	 -0.582169 
0.910000 	 -0.681234 
0.920000 	 4.931671 
0.930000 	 0.178061 
0.940000 	 0.316907 
0.950000 	 0.484427 
0.960000 	 -0.820129 
0.970000 	 -2.692032 
0.980000 	 0.757947 
0.990000 	 -1.863786 
1.000000 	 2.089169 
1.010000 	 0.134060 
1.020000 	 0.406825 
1.030000 	 2.298476 
1.040000 	 0.821748 
1.050000 	 -0.172928 
1.060000 	 0.999557 
1.070000 	 0.277228 
1.080000 	 1.491136 
1.090000 	 3.044151 
1.100000 	 0.188583 
1.110000 	 2.151121 
1.120000 	 2.051381 
1.130000 	 2.447782 
1.140000 	 3.246325 
1.150000 	 2.069748 
1.160000 	 3.223385 
1.170000 	 -0.971667 
1.180000 	 2.383550 
1.190000 	 0.609498 
1.200000 	 3.866991 
1.210000 	 -0.389108 
1.220000 	 -2.162975 
1.230000 	 0.192398 
1.240000 	 2.828209 
1.250000 	 2.428885 
1.260000 	 1.071697 
1.270000 	 1.152411 
1.280000 	 0.843763 
1.290000 	 3.570747 
1.300000 	 0.708541 
1.310000 	 0.945697 
1.320000 	 2.659219 
1.330000 	 1.096842 
1.340000 	 0.639351 
1.350000 	 -1.719126 
1.360000 	 -0.906567 
1.370000 	 -0.489381 
1.380000 	 4.126790 
1.390000 	 1.277013 
1.400000 	 0.417228 
1.410000 	 28.000000 
1.420000 	 -0.695049 
1.430000 	 -0.418807 
1.440000 	 1.157016 
1.450000 	 0.190051 
1.460000 	 -1.385571 
1.470000 	 2.601862 
1.480000 	 0.527165 
1.490000 	 0.072162 
1.500000 	 0.789782 
1.510000 	 3.736558 
1.520000 	 2.219117 
1.530000 	 0.682376 
1.540000 	 1.902051 
1.550000 	 -2.747117 
1.560000 	 1.038995 
1.570000 	 0.208335 
1.580000 	 0.167532 
1.590000 	 0.773459 
1.600000 	 2.790423 
1.610000 	 -2.434271 
1.620000 	 0.301491 
1.630000 	 0.854300 
1.640000 	 1.656066 
1.650000 	 2.478024 
1.660000 	 1.207859 
1.670000 	 -0.814811 
1.680000 	 2.228808 
1.690000 	 2.979635 
1.700000 	 1.803053 
1.710000 	 3.441129 
1.720000 	 2.104314 
1.730000 	 1.401108 
1.740000 	 1.037450 
1.750000 	 1.408934 
1.760000 	 1.754341 
1.770000 	 1.349899 
1.780000 	 -0.437958 
1.790000 	 3.276916 
1.800000 	 1.588097 
1.810000 	 1.295615 
1.820000 	 2.511800 
1.830000 	 1.761484 
1.840000 	 0.516432 
1.850000 	 2.935243 
1.860000 	 2.042252 
1.870000 	 1.386054 
1.880000 	 2.441346 
1.890000 	 3.605871 
1.900000 	 1.828456 
1.910000 	 2.947785 
1.920000 	 2.620220 
1.930000 	 2.441152 
1.940000 	 -1.183703 
1.950000 	 2.473452 
1.960000 	 -0.446347 
1.970000 	 1.383010 
1.980000 	 3.126973 
1.990000 	 1.978296 
2.000000 	 2.889649 
2.010000 	 1.446399 
2.020000 	 6.265797 
2.030000 	 3.135717 
2.040000 	 0.842465 
2.050000 	 -1.265274 
2.060000 	 1.628528 
2.070000 	 -0.782643 
2.080000 	 4.578219 
2.090000 	 5.503057 
2.100000 	 2.236328 
2.110000 	 5.003810 
2.120000 	 1.873880 
2.130000 	 1.588805 
2.140000 	 2.566124 
2.150000 	 4.952564 
2.160000 	 1.563660 
2.170000 	 6.951256 
2.180000 	 1.084301 
2.190000 	 1.490416 
2.200000 	 5.705329 
2.210000 	 2.909952 
2.220000 	 4.447730 
2.230000 	 1.942524 
2.240000 	 3.702511 
2.250000 	 2.677850 
2.260000 	 2.817238 
2.270000 	 3.672333 
2.280000 	 3.299657 
2.290000 	 4.119572 
2.300000 	 6.384907 
2.310000 	 3.313423 
2.320000 	 3.964947 
2.330000 	 4.611390 
2.340000 	 2.555849 
2.350000 	 5.978430 
2.360000 	 1.669790 
2.370000 	 3.324633 
2.380000 	 6.405230 
2.390000 	 5.246653 
2.400000 	 2.866540 
2.410000 	 3.727720 
2.420000 	 4.184050 
2.430000 	 2.307162 
2.440000 	 5.894705 
2.450000 	 6.243076 
2.460000 	 5.131414 
2.470000 	 4.197588 
2.480000 	 4.380422 
2.490000 	 6.238470 
2.500000 	 4.508007 
2.510000 	 4.633639 
2.520000 	 3.845682 
2.530000 	 2.403735 
2.540000 	 6.436543 
2.550000 	 8.695324 
2.560000 	 7.220675 
2.570000 	 9.149742 
2.580000 	 3.789902 
2.590000 	 8.833778 
2.600000 	 5.224599 
2.610000 	 3.570621 
2.620000 	 6.197251 
2.630000 	 6.063632 
2.640000 	 5.441015 
2.650000 	 5.513449 
2.660000 	 7.897561 
2.670000 	 6.940042 
2.680000 	 6.542671 
2.690000 	 6.940470 
2.700000 	 7.438605 
2.710000 	 7.987496 
2.720000 	 9.565085 
2.730000 	 5.958520 
2.740000 	 8.272215 
2.750000 	 6.041264 
2.760000 	 8.022600 
2.770000 	 6.939349 
2.780000 	 6.858076 
2.790000 	 7.642907 
2.800000 	 7.662864 
2.810000 	 8.456043 
2.820000 	 7.306912 
2.830000 	 8.497714 
2.840000 	 10.662343 
2.850000 	 8.027439 
2.860000 	 9.167385 
2.870000 	 9.342399 
2.880000 	 8.932760 
2.890000 	 6.886586 
2.900000 	 10.189722 
2.910000 	 9.792530 
2.920000 	 11.750877 
2.930000 	 9.539614 
2.940000 	 8.939420 
2.950000 	 7.631828 
2.960000 	 7.592294 
2.970000 	 13.465762 
2.980000 	 8.841916 
2.990000 	 11.756860 
3.000000 	 11.468100 
3.010000 	 11.071449 
3.020000 	 9.378871 
3.030000 	 9.346963 
3.040000 	 9.789829 
3.050000 	 13.214423 
3.060000 	 11.161926 
3.070000 	 12.350340 
3.080000 	 10.050770 
3.090000 	 11.657131 
3.100000 	 10.289797 
3.110000 	 14.081588 
3.120000 	 11.385804 
3.130000 	 12.790760 
3.140000 	 10.085542 
3.150000 	 14.353966 
3.160000 	 10.852204 
3.170000 	 9.574290 
3.180000 	 12.127986 
3.190000 	 11.435849 
3.200000 	 13.796130 
3.210000 	 12.393904 
3.220000 	 12.559794 
3.230000 	 12.698655 
3.240000 	 15.454871 
3.250000 	 14.605741 
3.260000 	 16.852011 
3.270000 	 13.289060 
3.280000 	 15.387806 
3.290000 	 13.241757 
3.300000 	 15.846022 
3.310000 	 15.917434 
3.320000 	 14.839991 
3.330000 	 16.454266 
3.340000 	 15.724941 
3.350000 	 18.292540 
3.360000 	 15.595309 
3.370000 	 19.766772 
3.380000 	 16.091677 
3.390000 	 17.814094 
3.400000 	 18.957422 
3.410000 	 17.310623 
3.420000 	 16.834811 
3.430000 	 13.360805 
3.440000 	 15.782123 
3.450000 	 18.668395 
3.460000 	 19.691067 
3.470000 	 19.284282 
3.480000 	 17.405096 
3.490000 	 19.909494 
3.500000 	 20.201162 
3.510000 	 18.627143 
3.520000 	 21.562298 
3.530000 	 20.339953 
3.540000 	 18.456335 
3.550000 	 19.915812 
3.560000 	 20.824456 
3.570000 	 19.591435 
3.580000 	 21.910184 
3.590000 	 23.023018 
3.600000 	 22.891750 
3.610000 	 23.609070 
3.620000 	 24.180222 
3.630000 	 20.118799 
3.640000 	 20.693224 
3.650000 	 26.854927 
3.660000 	 23.791431 
3.670000 	 22.544875 
3.680000 	 24.379329 
3.690000 	 24.506701 
3.700000 	 22.476286 
3.710000 	 24.408681 
3.720000 	 24.117902 
3.730000 	 26.533384 
3.740000 	 23.240738 
3.750000 	 27.875428 
3.760000 	 26.846012 
3.770000 	 28.753107 
3.780000 	 29.485547 
3.790000 	 25.845619 
3.800000 	 27.627118 
3.810000 	 26.898413 
3.820000 	 24.808317 
3.830000 	 26.475042 
3.840000 	 29.958600 
3.850000 	 26.002320 
3.860000 	 30.393889 
3.870000 	 27.308815 
3.880000 	 28.993083 
3.890000 	 29.198453 
3.900000 	 27.803566 
3.910000 	 31.285269 
3.920000 	 31.887424 
3.930000 	 28.640997 
3.940000 	 30.513114 
3.950000 	 33.021846 
3.960000 	 32.290387 
3.970000 	 32.489273 
3.980000 	 32.455441 
3.990000 	 29.498200 
4.000000 	 28.980253 
