-3.000000 	 -13.524730 
-2.990000 	 -14.104909 
-2.980000 	 -12.560267 
-2.970000 	 -14.201418 
-2.960000 	 -9.987684 
-2.950000 	 -13.507505 
-2.940000 	 -11.157989 
-2.930000 	 -13.196869 
-2.920000 	 -13.506061 
-2.910000 	 -13.406063 
-2.900000 	 -11.236281 
-2.890000 	 -8.898650 
-2.880000 	 -9.318658 
-2.870000 	 -13.730581 
-2.860000 	 -13.730759 
-2.850000 	 -14.017707 
-2.840000 	 -14.697932 
-2.830000 	 -9.907196 
-2.820000 	 -12.736236 
-2.810000 	 -9.824143 
-2.800000 	 -11.121657 
-2.790000 	 -8.047019 
-2.780000 	 -9.606436 
-2.770000 	 -11.378052 
-2.760000 	 -11.857169 
-2.750000 	 -9.385401 
-2.740000 	 -9.383947 
-2.730000 	 -12.186290 
-2.720000 	 -10.790897 
-2.710000 	 -10.888570 
-2.700000 	 -9.608647 
-2.690000 	 -8.107357 
-2.680000 	 -11.238313 
-2.670000 	 -11.055017 
-2.660000 	 -8.133576 
-2.650000 	 -8.709464 
-2.640000 	 -8.017477 
-2.630000 	 -8.259429 
-2.620000 	 -10.637445 
-2.610000 	 -11.151430 
-2.600000 	 -10.051442 
-2.590000 	 -11.792589 
-2.580000 	 -10.166819 
-2.570000 	 -11.818973 
-2.560000 	 -7.228952 
-2.550000 	 -11.091062 
-2.540000 	 -10.247226 
-2.530000 	 -7.229190 
-2.520000 	 -11.837456 
-2.510000 	 -11.236282 
-2.500000 	 -10.529622 
-2.490000 	 -10.070587 
-2.480000 	 -8.398353 
-2.470000 	 -8.250830 
-2.460000 	 -11.274849 
-2.450000 	 -7.892259 
-2.440000 	 -8.305275 
-2.430000 	 -5.624590 
-2.420000 	 -9.659875 
-2.410000 	 -9.410049 
-2.400000 	 -6.905521 
-2.390000 	 -9.829927 
-2.380000 	 -9.284660 
-2.370000 	 -12.467960 
-2.360000 	 -8.127820 
-2.350000 	 -8.844695 
-2.340000 	 -8.865065 
-2.330000 	 -5.840278 
-2.320000 	 -7.912807 
-2.310000 	 -7.528231 
-2.300000 	 -11.072733 
-2.290000 	 -10.348192 
-2.280000 	 -8.970290 
-2.270000 	 -6.629570 
-2.260000 	 -7.049457 
-2.250000 	 -7.766816 
-2.240000 	 -7.919606 
-2.230000 	 -10.308781 
-2.220000 	 -8.720627 
-2.210000 	 -9.981694 
-2.200000 	 -8.208054 
-2.190000 	 -9.007186 
-2.180000 	 -4.698320 
-2.170000 	 -6.234108 
-2.160000 	 -8.460246 
-2.150000 	 -7.733810 
-2.140000 	 -4.559248 
-2.130000 	 -7.340126 
-2.120000 	 -7.297143 
-2.110000 	 -6.732333 
-2.100000 	 -7.534821 
-2.090000 	 -8.665395 
-2.080000 	 -4.262221 
-2.070000 	 -7.274756 
-2.060000 	 -6.352620 
-2.050000 	 -8.906166 
-2.040000 	 -5.628564 
-2.030000 	 -4.721283 
-2.020000 	 -4.406263 
-2.010000 	 -4.023911 
-2.000000 	 -5.038732 
-1.990000 	 -6.881019 
-1.980000 	 -5.677412 
-1.970000 	 -5.715248 
-1.960000 	 -3.064777 
-1.950000 	 -6.957925 
-1.940000 	 -8.626911 
-1.930000 	 -8.185762 
-1.920000 	 -5.543823 
-1.910000 	 -2.688054 
-1.900000 	 -4.486355 
-1.890000 	 -5.727354 
-1.880000 	 16.000000 
-1.870000 	 -5.611012 
-1.860000 	 -6.696312 
-1.850000 	 -5.998919 
-1.840000 	 -8.078339 
-1.830000 	 -8.477945 
-1.820000 	 -3.704150 
-1.810000 	 -4.981406 
-1.800000 	 -7.707526 
-1.790000 	 -7.471113 
-1.780000 	 -3.662191 
-1.770000 	 -5.141983 
-1.760000 	 -4.468504 
-1.750000 	 -4.739020 
-1.740000 	 -4.972996 
-1.730000 	 -5.457275 
-1.720000 	 -5.348756 
-1.710000 	 -2.900729 
-1.700000 	 -4.208123 
-1.690000 	 -3.567191 
-1.680000 	 -4.098553 
-1.670000 	 -2.081570 
-1.660000 	 -4.138876 
-1.650000 	 -4.472473 
-1.640000 	 -4.277228 
-1.630000 	 -6.432404 
-1.620000 	 -6.896668 
-1.610000 	 -5.461115 
-1.600000 	 -3.796005 
-1.590000 	 -2.554346 
-1.580000 	 -5.216733 
-1.570000 	 -2.535025 
-1.560000 	 -4.771471 
-1.550000 	 -2.742184 
-1.540000 	 -4.654804 
-1.530000 	 -4.542437 
-1.520000 	 -3.090573 
-1.510000 	 -2.548030 
-1.500000 	 -4.384614 
-1.490000 	 -3.848399 
-1.480000 	 -1.448549 
-1.470000 	 -4.388030 
-1.460000 	 -2.825092 
-1.450000 	 -0.476534 
-1.440000 	 -3.338553 
-1.430000 	 -3.757065 
-1.420000 	 -3.020870 
-1.410000 	 -0.979163 
-1.400000 	 -4.012074 
-1.390000 	 -2.781208 
-1.380000 	 -2.977139 
-1.370000 	 -1.215246 
-1.360000 	 -4.923750 
-1.350000 	 -3.433474 
-1.340000 	 -4.245521 
-1.330000 	 -6.794816 
-1.320000 	 -2.786342 
-1.310000 	 -5.127528 
-1.300000 	 -5.302107 
-1.290000 	 -1.041588 
-1.280000 	 -3.461796 
-1.270000 	 -3.024618 
-1.260000 	 -2.962164 
-1.250000 	 -3.213539 
-1.240000 	 -3.704995 
-1.230000 	 -2.940801 
-1.220000 	 -2.594032 
-1.210000 	 -3.144817 
-1.200000 	 -2.761617 
-1.190000 	 -0.202947 
-1.180000 	 -2.500457 
-1.170000 	 -4.360213 
-1.160000 	 0.047430 
-1.150000 	 -3.469947 
-1.140000 	 -2.409341 
-1.130000 	 -3.922769 
-1.120000 	 -1.316043 
-1.110000 	 -2.957384 
-1.100000 	 -3.585578 
-1.090000 	 -4.080335 
-1.080000 	 -0.887459 
-1.070000 	 -1.288233 
-1.060000 	 -3.827432 
-1.050000 	 -5.115880 
-1.040000 	 -3.624687 
-1.030000 	 -3.144325 
-1.020000 	 -0.137398 
-1.010000 	 -1.345625 
-1.000000 	 -1.375290 
-0.990000 	 -2.153168 
-0.980000 	 -1.249372 
-0.970000 	 0.268047 
-0.960000 	 -1.395469 
-0.950000 	 -2.926433 
-0.940000 	 -0.270613 
-0.930000 	 -1.994341 
-0.920000 	 -0.297591 
-0.910000 	 -0.424004 
-0.900000 	 -0.863259 
-0.890000 	 -0.818865 
-0.880000 	 -1.852414 
-0.870000 	 -4.046131 
-0.860000 	 -1.948316 
-0.850000 	 -1.763169 
-0.840000 	 -2.825816 
-0.830000 	 -0.803803 
-0.820000 	 -2.312204 
-0.810000 	 1.207777 
-0.800000 	 -3.547284 
-0.790000 	 0.727844 
-0.780000 	 0.100154 
-0.770000 	 0.231688 
-0.760000 	 -0.748854 
-0.750000 	 -2.698634 
-0.740000 	 -2.196044 
-0.730000 	 -1.861553 
-0.720000 	 -1.181868 
-0.710000 	 -0.372372 
-0.700000 	 -2.389169 
-0.690000 	 1.114555 
-0.680000 	 -0.075177 
-0.670000 	 2.163528 
-0.660000 	 -3.189668 
-0.650000 	 -3.002517 
-0.640000 	 1.155482 
-0.630000 	 -1.322385 
-0.620000 	 -1.424199 
-0.610000 	 -2.637868 
-0.600000 	 0.963893 
-0.590000 	 -0.276160 
-0.580000 	 -0.885891 
-0.570000 	 -1.432290 
-0.560000 	 -2.062941 
-0.550000 	 -0.864286 
-0.540000 	 0.110634 
-0.530000 	 -1.055546 
-0.520000 	 -1.228700 
-0.510000 	 -0.565680 
-0.500000 	 -1.133805 
-0.490000 	 -1.684889 
-0.480000 	 -2.278860 
-0.470000 	 -0.945230 
-0.460000 	 0.561801 
-0.450000 	 -2.472265 
-0.440000 	 -1.437858 
-0.430000 	 -0.651231 
-0.420000 	 -0.213915 
-0.410000 	 -0.504710 
-0.400000 	 -0.949371 
-0.390000 	 0.880110 
-0.380000 	 0.299467 
-0.370000 	 -1.370087 
-0.360000 	 -2.874137 
-0.350000 	 0.725589 
-0.340000 	 0.660000 
-0.330000 	 1.318102 
-0.320000 	 1.281279 
-0.310000 	 0.640849 
-0.300000 	 0.417236 
-0.290000 	 2.837611 
-0.280000 	 -0.726563 
-0.270000 	 0.565930 
-0.260000 	 -0.946400 
-0.250000 	 -0.868285 
-0.240000 	 0.176401 
-0.230000 	 -0.603901 
-0.220000 	 -5.541414 
-0.210000 	 -2.832167 
-0.200000 	 1.348551 
-0.190000 	 -2.531313 
-0.180000 	 -0.308542 
-0.170000 	 0.879636 
-0.160000 	 1.698849 
-0.150000 	 0.693177 
-0.140000 	 -2.305578 
-0.130000 	 0.269292 
-0.120000 	 1.943420 
-0.110000 	 -1.050857 
-0.100000 	 -0.653752 
-0.090000 	 -1.493345 
-0.080000 	 -1.614887 
-0.070000 	 3.779797 
-0.060000 	 -0.323875 
-0.050000 	 -0.321219 
-0.040000 	 -1.380231 
-0.030000 	 -1.492598 
-0.020000 	 -1.502674 
-0.010000 	 1.004357 
0.000000 	 -2.326347 
0.010000 	 -0.138614 
0.020000 	 0.967824 
0.030000 	 -1.228621 
0.040000 	 -0.330547 
0.050000 	 -1.956126 
0.060000 	 -0.131869 
0.070000 	 1.914520 
0.080000 	 -0.822936 
0.090000 	 2.184966 
0.100000 	 2.055869 
0.110000 	 -0.983343 
0.120000 	 -0.937414 
0.130000 	 2.159191 
0.140000 	 -0.383497 
0.150000 	 -1.492354 
0.160000 	 1.488978 
0.170000 	 1.150153 
0.180000 	 1.511765 
0.190000 	 0.639334 
0.200000 	 0.294700 
0.210000 	 -0.433151 
0.220000 	 -0.583948 
0.230000 	 2.517557 
0.240000 	 0.907544 
0.250000 	 -2.706278 
0.260000 	 0.146114 
0.270000 	 0.518773 
0.280000 	 -0.031333 
0.290000 	 0.529553 
0.300000 	 1.067626 
0.310000 	 -0.299760 
0.320000 	 0.560958 
0.330000 	 -0.584002 
0.340000 	 -0.691110 
0.350000 	 -0.742466 
0.360000 	 -0.859940 
0.370000 	 1.917201 
0.380000 	 -2.523754 
0.390000 	 0.397870 
0.400000 	 2.582162 
0.410000 	 -1.016340 
0.420000 	 0.383957 
0.430000 	 1.540533 
0.440000 	 11.000000 
0.450000 	 -1.267359 
0.460000 	 0.093850 
0.470000 	 -0.063649 
0.480000 	 2.776633 
0.490000 	 0.048856 
0.500000 	 1.651075 
0.510000 	 2.132551 
0.520000 	 2.317244 
0.530000 	 -0.014031 
0.540000 	 0.218944 
0.550000 	 -0.438877 
0.560000 	 0.347221 
0.570000 	 0.023469 
0.580000 	 2.969712 
0.590000 	 3.024585 
0.600000 	 -1.307140 
0.610000 	 1.715534 
0.620000 	 -2.470724 
0.630000 	 -0.632607 
0.640000 	 1.177755 
0.650000 	 -0.301746 
0.660000 	 1.727683 
0.670000 	 -2.877881 
0.680000 	 -3.137339 
0.690000 	 0.152919 
0.700000 	 -1.394129 
0.710000 	 0.939129 
0.720000 	 -0.317616 
0.730000 	 -1.137432 
0.740000 	 1.466282 
0.750000 	 0.670497 
0.760000 	 -0.438021 
0.770000 	 1.235017 
0.780000 	 -0.045861 
0.790000 	 1.682212 
0.800000 	 1.288086 
0.810000 	 -0.716032 
0.820000 	 -2.645188 
0.830000 	 1.243630 
0.840000 	 -0.843698 
0.850000 	 1.265907 
0.860000 	 -0.138900 
0.870000 	 1.790195 
0.880000 	 1.162838 
0.890000 	 1.634154 
0.900000 	 0.573952 
0.910000 	 0.221938 
0.920000 	 1.292941 
0.930000 	 -0.155667 
0.940000 	 -0.339394 
0.950000 	 -1.847554 
0.960000 	 1.272535 
0.970000 	 1.994819 
0.980000 	 -1.167577 
0.990000 	 -1.234483 
1.000000 	 0.035492 
1.010000 	 -0.402977 
1.020000 	 0.748166 
1.030000 	 -0.498843 
1.040000 	 1.490301 
1.050000 	 -0.766979 
1.060000 	 1.141041 
1.070000 	 -0.355991 
1.080000 	 1.253838 
1.090000 	 -0.731810 
1.100000 	 -0.382561 
1.110000 	 -0.262844 
1.120000 	 3.393832 
1.130000 	 -2.094634 
1.140000 	 -0.377795 
1.150000 	 -1.940773 
1.160000 	 2.441201 
1.170000 	 2.696941 
1.180000 	 -1.520809 
1.190000 	 0.192835 
1.200000 	 0.973760 
1.210000 	 3.471217 
1.220000 	 -0.189653 
1.230000 	 -0.747087 
1.240000 	 1.953765 
1.250000 	 0.385413 
1.260000 	 0.084407 
1.270000 	 -0.937186 
1.280000 	 2.479808 
1.290000 	 0.650023 
1.300000 	 -0.355583 
1.310000 	 -1.007635 
1.320000 	 0.064533 
1.330000 	 3.081944 
1.340000 	 0.019490 
1.350000 	 1.288799 
1.360000 	 -0.119704 
1.370000 	 1.218371 
1.380000 	 0.812875 
1.390000 	 -0.987044 
1.400000 	 1.580071 
1.410000 	 0.552330 
1.420000 	 -1.136829 
1.430000 	 2.868736 
1.440000 	 2.372290 
1.450000 	 1.232308 
1.460000 	 0.718919 
1.470000 	 -0.985486 
1.480000 	 1.135445 
1.490000 	 -0.150114 
1.500000 	 1.091197 
1.510000 	 -1.933783 
1.520000 	 -1.023764 
1.530000 	 3.637383 
1.540000 	 3.222135 
1.550000 	 0.719498 
1.560000 	 0.339075 
1.570000 	 0.780082 
1.580000 	 1.695639 
1.590000 	 -1.756079 
1.600000 	 1.369497 
1.610000 	 0.707797 
1.620000 	 1.470572 
1.630000 	 1.464926 
1.640000 	 0.373358 
1.650000 	 1.613403 
1.660000 	 0.941675 
1.670000 	 0.193647 
1.680000 	 2.203045 
1.690000 	 3.334337 
1.700000 	 5.134744 
1.710000 	 1.270316 
1.720000 	 2.050688 
1.730000 	 2.419068 
1.740000 	 4.910790 
1.750000 	 3.090371 
1.760000 	 -0.464140 
1.770000 	 1.701754 
1.780000 	 1.007538 
1.790000 	 3.958249 
1.800000 	 1.443465 
1.810000 	 0.831024 
1.820000 	 4.258361 
1.830000 	 1.172167 
1.840000 	 -0.818072 
1.850000 	 2.981773 
1.860000 	 0.963394 
1.870000 	 -0.633971 
1.880000 	 1.381408 
1.890000 	 3.620918 
1.900000 	 1.927717 
1.910000 	 0.501740 
1.920000 	 0.111993 
1.930000 	 1.199174 
1.940000 	 1.763102 
1.950000 	 3.010654 
1.960000 	 1.356207 
1.970000 	 1.932999 
1.980000 	 4.852060 
1.990000 	 0.708747 
2.000000 	 1.525563 
2.010000 	 -0.067221 
2.020000 	 2.375572 
2.030000 	 0.271888 
2.040000 	 4.276278 
2.050000 	 1.251221 
2.060000 	 4.661171 
2.070000 	 3.633414 
2.080000 	 3.909439 
2.090000 	 2.161501 
2.100000 	 1.031531 
2.110000 	 5.087847 
2.120000 	 2.914919 
2.130000 	 0.652616 
2.140000 	 4.057315 
2.150000 	 2.817908 
2.160000 	 4.193423 
2.170000 	 3.027273 
2.180000 	 -1.379248 
2.190000 	 0.522118 
2.200000 	 4.094297 
2.210000 	 5.625210 
2.220000 	 3.662545 
2.230000 	 3.248631 
2.240000 	 5.093327 
2.250000 	 1.939475 
2.260000 	 0.969039 
2.270000 	 3.109243 
2.280000 	 4.778098 
2.290000 	 3.352116 
2.300000 	 5.319754 
2.310000 	 4.994874 
2.320000 	 2.912864 
2.330000 	 1.938806 
2.340000 	 4.379607 
2.350000 	 4.362621 
2.360000 	 4.561376 
2.370000 	 6.447206 
2.380000 	 0.851048 
2.390000 	 2.979437 
2.400000 	 4.504806 
2.410000 	 2.067750 
2.420000 	 4.818813 
2.430000 	 2.958467 
2.440000 	 3.137899 
2.450000 	 3.628172 
2.460000 	 3.823686 
2.470000 	 6.148008 
2.480000 	 4.515163 
2.490000 	 0.718155 
2.500000 	 6.762263 
2.510000 	 6.054555 
2.520000 	 6.086439 
2.530000 	 5.498428 
2.540000 	 3.698512 
2.550000 	 6.413980 
2.560000 	 6.054816 
2.570000 	 5.814390 
2.580000 	 2.046965 
2.590000 	 7.142612 
2.600000 	 5.788878 
2.610000 	 7.748834 
2.620000 	 3.930695 
2.630000 	 6.382598 
2.640000 	 5.953763 
2.650000 	 7.599688 
2.660000 	 3.835874 
2.670000 	 9.579617 
2.680000 	 7.491445 
2.690000 	 6.827050 
2.700000 	 5.762715 
2.710000 	 5.882177 
2.720000 	 8.860880 
2.730000 	 6.194547 
2.740000 	 8.562067 
2.750000 	 8.055512 
2.760000 	 6.003076 
2.770000 	 8.284135 
2.780000 	 6.736748 
2.790000 	 9.160096 
2.800000 	 8.011431 
2.810000 	 6.624600 
2.820000 	 7.131743 
2.830000 	 11.148469 
2.840000 	 7.492760 
2.850000 	 8.488828 
2.860000 	 10.319329 
2.870000 	 6.821520 
2.880000 	 8.964860 
2.890000 	 11.206306 
2.900000 	 9.162151 
2.910000 	 11.184330 
2.920000 	 8.847327 
2.930000 	 8.983045 
2.940000 	 9.913000 
2.950000 	 9.600124 
2.960000 	 11.394316 
2.970000 	 10.043029 
2.980000 	 9.270706 
2.990000 	 9.134436 
3.000000 	 11.621648 
3.010000 	 9.244637 
3.020000 	 9.658868 
3.030000 	 6.285881 
3.040000 	 11.446160 
3.050000 	 11.385272 
3.060000 	 10.495184 
3.070000 	 9.475811 
3.080000 	 12.127957 
3.090000 	 10.851539 
3.100000 	 11.313323 
3.110000 	 14.517195 
3.120000 	 12.497333 
3.130000 	 13.243161 
3.140000 	 13.530335 
3.150000 	 11.869507 
3.160000 	 9.157487 
3.170000 	 9.991561 
3.180000 	 14.095430 
3.190000 	 7.889204 
3.200000 	 13.464274 
3.210000 	 14.937303 
3.220000 	 14.473691 
3.230000 	 14.666868 
3.240000 	 12.286793 
3.250000 	 12.168519 
3.260000 	 11.394178 
3.270000 	 14.372630 
3.280000 	 13.644440 
3.290000 	 14.403802 
3.300000 	 12.049359 
3.310000 	 15.261694 
3.320000 	 12.877571 
3.330000 	 15.759354 
3.340000 	 15.420059 
3.350000 	 16.730020 
3.360000 	 18.546974 
3.370000 	 18.955447 
3.380000 	 19.442710 
3.390000 	 18.081809 
3.400000 	 17.507437 
3.410000 	 17.059042 
3.420000 	 19.933219 
3.430000 	 16.845036 
3.440000 	 19.296911 
3.450000 	 14.296253 
3.460000 	 19.894304 
3.470000 	 22.647516 
3.480000 	 17.059763 
3.490000 	 17.019362 
3.500000 	 19.671693 
3.510000 	 17.208253 
3.520000 	 19.560863 
3.530000 	 17.151095 
3.540000 	 18.431816 
3.550000 	 18.998371 
3.560000 	 21.320574 
3.570000 	 22.455415 
3.580000 	 18.356927 
3.590000 	 21.795921 
3.600000 	 19.708385 
3.610000 	 20.989287 
3.620000 	 18.089958 
3.630000 	 19.640987 
3.640000 	 19.559560 
3.650000 	 22.471624 
3.660000 	 24.575015 
3.670000 	 22.703866 
3.680000 	 22.922790 
3.690000 	 21.175699 
3.700000 	 21.413054 
3.710000 	 22.201156 
3.720000 	 27.527310 
3.730000 	 25.369138 
3.740000 	 24.195270 
3.750000 	 23.924155 
3.760000 	 27.062552 
3.770000 	 24.791862 
3.780000 	 26.660465 
3.790000 	 25.084963 
3.800000 	 29.321415 
3.810000 	 26.095563 
3.820000 	 26.823163 
3.830000 	 27.066851 
3.840000 	 27.573658 
3.850000 	 28.335281 
3.860000 	 30.416385 
3.870000 	 26.655858 
3.880000 	 29.083031 
3.890000 	 31.151283 
3.900000 	 31.480004 
3.910000 	 27.642403 
3.920000 	 29.687368 
3.930000 	 29.708685 
3.940000 	 33.171269 
3.950000 	 32.220757 
3.960000 	 31.483194 
3.970000 	 30.540718 
3.980000 	 33.013892 
3.990000 	 31.452624 
4.000000 	 31.388686 
