-3.000000 	 -12.436660 
-2.990000 	 -11.846748 
-2.980000 	 -8.975740 
-2.970000 	 -14.359221 
-2.960000 	 -10.958543 
-2.950000 	 -10.057901 
-2.940000 	 -13.036530 
-2.930000 	 -12.052301 
-2.920000 	 -10.331493 
-2.910000 	 -13.247156 
-2.900000 	 -12.261158 
-2.890000 	 -10.114958 
-2.880000 	 -10.709554 
-2.870000 	 -12.402129 
-2.860000 	 -12.763072 
-2.850000 	 -12.266943 
-2.840000 	 -13.346998 
-2.830000 	 -13.458223 
-2.820000 	 -13.339156 
-2.810000 	 -12.230392 
-2.800000 	 -10.157444 
-2.790000 	 -13.232197 
-2.780000 	 -9.364483 
-2.770000 	 -13.523718 
-2.760000 	 -11.587829 
-2.750000 	 -10.751731 
-2.740000 	 -10.642965 
-2.730000 	 -10.427222 
-2.720000 	 -11.945158 
-2.710000 	 -9.312347 
-2.700000 	 -11.960175 
-2.690000 	 -10.667715 
-2.680000 	 -11.724059 
-2.670000 	 -8.451486 
-2.660000 	 -11.158284 
-2.650000 	 -9.202195 
-2.640000 	 -10.012287 
-2.630000 	 -8.078861 
-2.620000 	 -12.301724 
-2.610000 	 -8.474398 
-2.600000 	 -11.677203 
-2.590000 	 -11.097080 
-2.580000 	 -9.538316 
-2.570000 	 -12.474582 
-2.560000 	 -9.369687 
-2.550000 	 -8.581888 
-2.540000 	 -12.410360 
-2.530000 	 -9.058967 
-2.520000 	 -6.703629 
-2.510000 	 -10.209990 
-2.500000 	 -9.894402 
-2.490000 	 -8.301607 
-2.480000 	 -10.510247 
-2.470000 	 -5.489738 
-2.460000 	 -8.463899 
-2.450000 	 -7.459648 
-2.440000 	 -7.963024 
-2.430000 	 -10.482140 
-2.420000 	 -9.124183 
-2.410000 	 -9.144985 
-2.400000 	 -8.452126 
-2.390000 	 -9.591465 
-2.380000 	 -7.400336 
-2.370000 	 -10.894138 
-2.360000 	 -10.644404 
-2.350000 	 -9.531268 
-2.340000 	 -11.284078 
-2.330000 	 -6.920510 
-2.320000 	 -10.081455 
-2.310000 	 -6.910742 
-2.300000 	 -8.498837 
-2.290000 	 -6.737907 
-2.280000 	 -9.695208 
-2.270000 	 -8.484628 
-2.260000 	 -7.615936 
-2.250000 	 -8.820045 
-2.240000 	 -9.190808 
-2.230000 	 -7.582598 
-2.220000 	 -8.700722 
-2.210000 	 -7.664323 
-2.200000 	 -6.509824 
-2.190000 	 -7.145423 
-2.180000 	 -8.083029 
-2.170000 	 -6.901527 
-2.160000 	 -8.326883 
-2.150000 	 -8.360033 
-2.140000 	 -4.301709 
-2.130000 	 -9.049260 
-2.120000 	 -7.921694 
-2.110000 	 -8.032089 
-2.100000 	 -8.243875 
-2.090000 	 -8.135010 
-2.080000 	 -8.396029 
-2.070000 	 -5.396401 
-2.060000 	 -9.157125 
-2.050000 	 -5.701735 
-2.040000 	 -7.952539 
-2.030000 	 -5.975097 
-2.020000 	 -7.743456 
-2.010000 	 -9.224498 
-2.000000 	 -11.124707 
-1.990000 	 -5.679612 
-1.980000 	 -6.246258 
-1.970000 	 -4.402680 
-1.960000 	 -4.488213 
-1.950000 	 -5.462282 
-1.940000 	 -5.836273 
-1.930000 	 -7.491582 
-1.920000 	 -8.650223 
-1.910000 	 -5.966182 
-1.900000 	 -8.500194 
-1.890000 	 -8.662729 
-1.880000 	 -7.544726 
-1.870000 	 -4.595389 
-1.860000 	 -5.942732 
-1.850000 	 -7.715028 
-1.840000 	 -6.814936 
-1.830000 	 -8.935822 
-1.820000 	 -6.159500 
-1.810000 	 -7.931796 
-1.800000 	 -5.441664 
-1.790000 	 -6.525137 
-1.780000 	 -5.996150 
-1.770000 	 -5.294556 
-1.760000 	 -7.239563 
-1.750000 	 -3.680792 
-1.740000 	 -6.178874 
-1.730000 	 -2.836369 
-1.720000 	 -5.586772 
-1.710000 	 -5.080056 
-1.700000 	 -5.288056 
-1.690000 	 -4.793886 
-1.680000 	 -4.061414 
-1.670000 	 -3.814400 
-1.660000 	 -7.823546 
-1.650000 	 -1.660397 
-1.640000 	 -4.232089 
-1.630000 	 -3.483455 
-1.620000 	 -3.948032 
-1.610000 	 -2.585998 
-1.600000 	 -1.842815 
-1.590000 	 -5.782477 
-1.580000 	 -4.290412 
-1.570000 	 -3.102994 
-1.560000 	 -2.198459 
-1.550000 	 -7.981114 
-1.540000 	 -7.906928 
-1.530000 	 -7.495846 
-1.520000 	 -4.295055 
-1.510000 	 -5.705233 
-1.500000 	 -8.308811 
-1.490000 	 -4.523733 
-1.480000 	 -3.568101 
-1.470000 	 -6.189931 
-1.460000 	 -7.486213 
-1.450000 	 -3.684550 
-1.440000 	 -1.696576 
-1.430000 	 -2.374163 
-1.420000 	 -1.927112 
-1.410000 	 -2.757036 
-1.400000 	 -1.701778 
-1.390000 	 -4.264467 
-1.380000 	 -1.537206 
-1.370000 	 -3.426909 
-1.360000 	 -3.825707 
-1.350000 	 -2.732130 
-1.340000 	 -3.804323 
-1.330000 	 -2.794928 
-1.320000 	 -3.726064 
-1.310000 	 -3.673314 
-1.300000 	 -4.955690 
-1.290000 	 -3.363169 
-1.280000 	 -4.031699 
-1.270000 	 -3.702245 
-1.260000 	 -6.095229 
-1.250000 	 -1.494759 
-1.240000 	 -2.428745 
-1.230000 	 -2.291560 
-1.220000 	 -2.850992 
-1.210000 	 -0.308121 
-1.200000 	 -2.859486 
-1.190000 	 -2.190886 
-1.180000 	 -4.009671 
-1.170000 	 -2.682942 
-1.160000 	 -5.062433 
-1.150000 	 -1.232744 
-1.140000 	 -0.666002 
-1.130000 	 -1.537579 
-1.120000 	 -3.362550 
-1.110000 	 -1.190154 
-1.100000 	 -1.183978 
-1.090000 	 -1.652794 
-1.080000 	 -1.650104 
-1.070000 	 -2.297842 
-1.060000 	 -1.847525 
-1.050000 	 -1.982176 
-1.040000 	 -4.768217 
-1.030000 	 -3.935107 
-1.020000 	 -0.334814 
-1.010000 	 -3.520102 
-1.000000 	 0.651341 
-0.990000 	 -1.221372 
-0.980000 	 0.014454 
-0.970000 	 -3.035024 
-0.960000 	 0.783179 
-0.950000 	 -2.730568 
-0.940000 	 -2.537053 
-0.930000 	 -1.732845 
-0.920000 	 -2.701828 
-0.910000 	 0.030665 
-0.900000 	 -2.723054 
-0.890000 	 -3.119392 
-0.880000 	 -3.065498 
-0.870000 	 3.601643 
-0.860000 	 -2.936787 
-0.850000 	 -1.466098 
-0.840000 	 -2.926211 
-0.830000 	 0.641921 
-0.820000 	 1.571911 
-0.810000 	 -2.969253 
-0.800000 	 -1.476726 
-0.790000 	 -2.669951 
-0.780000 	 -0.481977 
-0.770000 	 -1.009186 
-0.760000 	 0.235656 
-0.750000 	 -3.045975 
-0.740000 	 0.293880 
-0.730000 	 -2.667404 
-0.720000 	 -4.401073 
-0.710000 	 -0.936325 
-0.700000 	 0.505855 
-0.690000 	 -1.598411 
-0.680000 	 -0.394932 
-0.670000 	 0.402564 
-0.660000 	 -1.714597 
-0.650000 	 0.819271 
-0.640000 	 -2.367412 
-0.630000 	 1.734276 
-0.620000 	 -3.006305 
-0.610000 	 0.010008 
-0.600000 	 -2.731597 
-0.590000 	 -2.488004 
-0.580000 	 0.880553 
-0.570000 	 -1.126075 
-0.560000 	 -0.867202 
-0.550000 	 -4.436158 
-0.540000 	 -3.140611 
-0.530000 	 -1.361730 
-0.520000 	 -2.323237 
-0.510000 	 -2.974078 
-0.500000 	 -2.501242 
-0.490000 	 1.625039 
-0.480000 	 2.824655 
-0.470000 	 0.186051 
-0.460000 	 2.180401 
-0.450000 	 -2.630860 
-0.440000 	 3.011449 
-0.430000 	 2.188314 
-0.420000 	 -1.123254 
-0.410000 	 0.197608 
-0.400000 	 0.718514 
-0.390000 	 0.680788 
-0.380000 	 1.428025 
-0.370000 	 1.923688 
-0.360000 	 -1.089082 
-0.350000 	 -0.826415 
-0.340000 	 0.600925 
-0.330000 	 3.841208 
-0.320000 	 -0.392968 
-0.310000 	 1.149455 
-0.300000 	 0.491173 
-0.290000 	 1.276059 
-0.280000 	 0.344091 
-0.270000 	 0.390215 
-0.260000 	 0.406579 
-0.250000 	 0.553086 
-0.240000 	 0.958618 
-0.230000 	 -0.223738 
-0.220000 	 0.081253 
-0.210000 	 -0.762213 
-0.200000 	 0.919783 
-0.190000 	 1.014211 
-0.180000 	 -0.211083 
-0.170000 	 -0.598324 
-0.160000 	 -0.252374 
-0.150000 	 0.107343 
-0.140000 	 0.306040 
-0.130000 	 1.775371 
-0.120000 	 -1.266035 
-0.110000 	 0.793741 
-0.100000 	 0.803935 
-0.090000 	 -2.413216 
-0.080000 	 -1.186614 
-0.070000 	 -1.537581 
-0.060000 	 3.584050 
-0.050000 	 -0.554456 
-0.040000 	 -0.920208 
-0.030000 	 -2.886516 
-0.020000 	 2.418033 
-0.010000 	 0.201168 
0.000000 	 0.380706 
0.010000 	 0.132154 
0.020000 	 -1.876897 
0.030000 	 0.027367 
0.040000 	 0.619614 
0.050000 	 1.992343 
0.060000 	 -0.010245 
0.070000 	 -0.530032 
0.080000 	 -0.972767 
0.090000 	 -0.775237 
0.100000 	 0.921672 
0.110000 	 1.570725 
0.120000 	 -0.270041 
0.130000 	 0.282015 
0.140000 	 -1.176959 
0.150000 	 -3.291218 
0.160000 	 1.836499 
0.170000 	 -0.670946 
0.180000 	 -0.401210 
0.190000 	 -2.156814 
0.200000 	 -0.696154 
0.210000 	 -2.833039 
0.220000 	 2.492396 
0.230000 	 -1.814838 
0.240000 	 3.944806 
0.250000 	 -1.712763 
0.260000 	 0.181199 
0.270000 	 -1.784525 
0.280000 	 -0.018727 
0.290000 	 0.033693 
0.300000 	 2.706232 
0.310000 	 2.365068 
0.320000 	 0.412066 
0.330000 	 2.817438 
0.340000 	 -0.974158 
0.350000 	 -1.596232 
0.360000 	 -0.235041 
0.370000 	 1.583287 
0.380000 	 -2.254697 
0.390000 	 0.809700 
0.400000 	 -2.938275 
0.410000 	 0.707850 
0.420000 	 -1.025219 
0.430000 	 -2.358017 
0.440000 	 0.658198 
0.450000 	 -0.059560 
0.460000 	 -0.991964 
0.470000 	 0.642614 
0.480000 	 -1.183644 
0.490000 	 -0.842807 
0.500000 	 -0.881523 
0.510000 	 0.222718 
0.520000 	 -2.077778 
0.530000 	 1.412420 
0.540000 	 -0.986920 
0.550000 	 0.668704 
0.560000 	 0.974338 
0.570000 	 1.394844 
0.580000 	 0.897497 
0.590000 	 -0.069843 
0.600000 	 0.889082 
0.610000 	 2.822644 
0.620000 	 -1.445929 
0.630000 	 -1.646794 
0.640000 	 0.971012 
0.650000 	 0.718929 
0.660000 	 2.968033 
0.670000 	 -1.939812 
0.680000 	 0.061472 
0.690000 	 -0.225764 
0.700000 	 1.751618 
0.710000 	 0.247881 
0.720000 	 1.725158 
0.730000 	 -2.679990 
0.740000 	 0.996735 
0.750000 	 3.223812 
0.760000 	 1.193527 
0.770000 	 -0.074490 
0.780000 	 1.953595 
0.790000 	 3.217803 
0.800000 	 1.599011 
0.810000 	 2.440153 
0.820000 	 -2.363193 
0.830000 	 0.394048 
0.840000 	 1.872313 
0.850000 	 -1.320468 
0.860000 	 1.705443 
0.870000 	 -1.752788 
0.880000 	 1.182451 
0.890000 	 1.292739 
0.900000 	 1.405650 
0.910000 	 -2.401289 
0.920000 	 -0.239891 
0.930000 	 -0.469407 
0.940000 	 2.445681 
0.950000 	 -1.894099 
0.960000 	 1.982752 
0.970000 	 -0.716193 
0.980000 	 2.443737 
0.990000 	 0.511659 
1.000000 	 -0.355573 
1.010000 	 3.316494 
1.020000 	 -0.273978 
1.030000 	 0.226238 
1.040000 	 -1.653729 
1.050000 	 1.420094 
1.060000 	 0.830240 
1.070000 	 0.658052 
1.080000 	 1.321590 
1.090000 	 -0.282593 
1.100000 	 1.890876 
1.110000 	 -2.053736 
1.120000 	 2.387114 
1.130000 	 2.511159 
1.140000 	 2.344429 
1.150000 	 -1.011487 
1.160000 	 1.645944 
1.170000 	 0.195039 
1.180000 	 0.463905 
1.190000 	 -0.920127 
1.200000 	 0.449209 
1.210000 	 0.917310 
1.220000 	 0.990538 
1.230000 	 -0.928338 
1.240000 	 -1.240622 
1.250000 	 0.241606 
1.260000 	 -4.089144 
1.270000 	 3.834387 
1.280000 	 1.665315 
1.290000 	 2.761156 
1.300000 	 -2.765415 
1.310000 	 -0.727567 
1.320000 	 0.756186 
1.330000 	 0.793768 
1.340000 	 0.637258 
1.350000 	 0.801857 
1.360000 	 3.208890 
1.370000 	 -0.783676 
1.380000 	 3.274078 
1.390000 	 0.865909 
1.400000 	 -0.202166 
1.410000 	 -0.866217 
1.420000 	 -0.569446 
1.430000 	 2.550712 
1.440000 	 -2.588467 
1.450000 	 2.441252 
1.460000 	 2.288711 
1.470000 	 -2.267829 
1.480000 	 -0.947328 
1.490000 	 0.992179 
1.500000 	 0.633605 
1.510000 	 4.522700 
1.520000 	 0.248997 
1.530000 	 -0.528162 
1.540000 	 -0.706531 
1.550000 	 0.393757 
1.560000 	 4.436165 
1.570000 	 -0.108395 
1.580000 	 2.414597 
1.590000 	 2.276957 
1.600000 	 1.342638 
1.610000 	 3.318822 
1.620000 	 2.077844 
1.630000 	 1.700499 
1.640000 	 -0.412236 
1.650000 	 3.270640 
1.660000 	 -0.081879 
1.670000 	 -0.403546 
1.680000 	 5.374687 
1.690000 	 -0.721777 
1.700000 	 0.897465 
1.710000 	 2.190554 
1.720000 	 2.347644 
1.730000 	 -1.964410 
1.740000 	 1.619544 
1.750000 	 3.338756 
1.760000 	 0.301230 
1.770000 	 1.561953 
1.780000 	 1.794878 
1.790000 	 -0.680891 
1.800000 	 0.933363 
1.810000 	 0.086304 
1.820000 	 1.417258 
1.830000 	 3.495760 
1.840000 	 -0.901925 
1.850000 	 2.870907 
1.860000 	 0.126648 
1.870000 	 2.231360 
1.880000 	 2.557978 
1.890000 	 1.889175 
1.900000 	 3.327519 
1.910000 	 -0.340585 
1.920000 	 3.012455 
1.930000 	 0.554336 
1.940000 	 2.922581 
1.950000 	 2.042847 
1.960000 	 30.000000 
1.970000 	 3.451733 
1.980000 	 1.746171 
1.990000 	 2.277048 
2.000000 	 0.981056 
2.010000 	 2.771768 
2.020000 	 1.122025 
2.030000 	 6.138394 
2.040000 	 1.755160 
2.050000 	 1.842236 
2.060000 	 4.393386 
2.070000 	 2.898092 
2.080000 	 3.506334 
2.090000 	 4.638942 
2.100000 	 4.867059 
2.110000 	 3.591236 
2.120000 	 4.892776 
2.130000 	 2.903459 
2.140000 	 1.452738 
2.150000 	 5.263932 
2.160000 	 3.437346 
2.170000 	 3.683394 
2.180000 	 4.148405 
2.190000 	 1.938625 
2.200000 	 4.669186 
2.210000 	 5.333323 
2.220000 	 3.257075 
2.230000 	 2.065596 
2.240000 	 2.174008 
2.250000 	 2.685502 
2.260000 	 3.440791 
2.270000 	 2.167356 
2.280000 	 3.638458 
2.290000 	 4.834612 
2.300000 	 5.419675 
2.310000 	 4.698012 
2.320000 	 3.601872 
2.330000 	 3.942289 
2.340000 	 3.382635 
2.350000 	 4.646451 
2.360000 	 2.281088 
2.370000 	 3.661226 
2.380000 	 2.522205 
2.390000 	 4.405017 
2.400000 	 3.389220 
2.410000 	 4.704476 
2.420000 	 1.829413 
2.430000 	 5.791222 
2.440000 	 2.781663 
2.450000 	 4.681145 
2.460000 	 6.272653 
2.470000 	 3.851187 
2.480000 	 6.365062 
2.490000 	 7.515334 
2.500000 	 6.678978 
2.510000 	 5.279640 
2.520000 	 7.783912 
2.530000 	 3.746900 
2.540000 	 7.107498 
2.550000 	 4.038357 
2.560000 	 6.433104 
2.570000 	 5.788653 
2.580000 	 5.393021 
2.590000 	 5.762676 
2.600000 	 5.076684 
2.610000 	 6.171353 
2.620000 	 7.282248 
2.630000 	 5.720112 
2.640000 	 5.154511 
2.650000 	 8.525583 
2.660000 	 7.389618 
2.670000 	 10.089970 
2.680000 	 8.923423 
2.690000 	 3.953009 
2.700000 	 9.030459 
2.710000 	 5.240302 
2.720000 	 6.374549 
2.730000 	 10.943970 
2.740000 	 6.726922 
2.750000 	 5.540536 
2.760000 	 7.804416 
2.770000 	 4.427451 
2.780000 	 7.627857 
2.790000 	 6.879083 
2.800000 	 6.068921 
2.810000 	 8.966103 
2.820000 	 9.818403 
2.830000 	 5.686340 
2.840000 	 4.967183 
2.850000 	 8.343123 
2.860000 	 6.871694 
2.870000 	 26.000000 
2.880000 	 9.386170 
2.890000 	 10.608851 
2.900000 	 8.281690 
2.910000 	 11.699899 
2.920000 	 10.300113 
2.930000 	 5.987167 
2.940000 	 8.949129 
2.950000 	 7.308968 
2.960000 	 5.486603 
2.970000 	 10.484535 
2.980000 	 9.935054 
2.990000 	 10.389561 
3.000000 	 11.427744 
3.010000 	 11.211872 
3.020000 	 8.193049 
3.030000 	 11.130833 
3.040000 	 11.030427 
3.050000 	 10.494485 
3.060000 	 9.872351 
3.070000 	 12.469780 
3.080000 	 10.692420 
3.090000 	 10.595791 
3.100000 	 11.703403 
3.110000 	 11.382345 
3.120000 	 10.972115 
3.130000 	 11.007506 
3.140000 	 14.817017 
3.150000 	 14.900557 
3.160000 	 11.975356 
3.170000 	 12.577436 
3.180000 	 13.154485 
3.190000 	 13.116962 
3.200000 	 12.586574 
3.210000 	 12.226738 
3.220000 	 11.828376 
3.230000 	 12.233318 
3.240000 	 13.682593 
3.250000 	 12.857918 
3.260000 	 14.778425 
3.270000 	 14.347063 
3.280000 	 12.833120 
3.290000 	 14.059084 
3.300000 	 14.977439 
3.310000 	 13.993727 
3.320000 	 15.622365 
3.330000 	 17.225039 
3.340000 	 16.310058 
3.350000 	 16.823469 
3.360000 	 15.868204 
3.370000 	 16.486684 
3.380000 	 15.137064 
3.390000 	 19.204577 
3.400000 	 18.133175 
3.410000 	 18.356991 
3.420000 	 14.309698 
3.430000 	 17.364553 
3.440000 	 14.231237 
3.450000 	 15.929334 
3.460000 	 20.115681 
3.470000 	 19.367014 
3.480000 	 16.621702 
3.490000 	 20.685586 
3.500000 	 18.552405 
3.510000 	 19.747236 
3.520000 	 18.198964 
3.530000 	 20.356400 
3.540000 	 22.051251 
3.550000 	 19.414434 
3.560000 	 21.490151 
3.570000 	 19.038025 
3.580000 	 20.473325 
3.590000 	 21.031525 
3.600000 	 21.637445 
3.610000 	 21.419714 
3.620000 	 20.978304 
3.630000 	 23.616687 
3.640000 	 22.116195 
3.650000 	 25.763504 
3.660000 	 22.312183 
3.670000 	 22.694494 
3.680000 	 25.637236 
3.690000 	 24.493810 
3.700000 	 23.911195 
3.710000 	 27.263715 
3.720000 	 20.124692 
3.730000 	 26.366434 
3.740000 	 25.019181 
3.750000 	 28.048351 
3.760000 	 26.536211 
3.770000 	 25.221428 
3.780000 	 25.701223 
3.790000 	 28.628609 
3.800000 	 28.655586 
3.810000 	 26.170747 
3.820000 	 28.345751 
3.830000 	 25.923107 
3.840000 	 24.730884 
3.850000 	 26.127542 
3.860000 	 27.799265 
3.870000 	 29.226891 
3.880000 	 30.042750 
3.890000 	 33.068323 
3.900000 	 30.325854 
3.910000 	 31.137950 
3.920000 	 29.627491 
3.930000 	 31.046423 
3.940000 	 31.493177 
3.950000 	 32.302057 
3.960000 	 30.783567 
3.970000 	 32.763648 
3.980000 	 32.900823 
3.990000 	 33.592632 
4.000000 	 32.333047 
