-3.000000 	 -12.278533 
-2.990000 	 -12.758809 
-2.980000 	 -13.592534 
-2.970000 	 -13.402111 
-2.960000 	 -7.399791 
-2.950000 	 -11.448341 
-2.940000 	 -11.781115 
-2.930000 	 -11.882300 
-2.920000 	 -10.602187 
-2.910000 	 -12.484465 
-2.900000 	 -10.880212 
-2.890000 	 -10.577965 
-2.880000 	 -12.575732 
-2.870000 	 -11.480021 
-2.860000 	 -12.715200 
-2.850000 	 -9.815332 
-2.840000 	 -12.233355 
-2.830000 	 -12.142695 
-2.820000 	 -11.290024 
-2.810000 	 -10.119845 
-2.800000 	 -13.654395 
-2.790000 	 -13.327296 
-2.780000 	 -12.002578 
-2.770000 	 -14.180735 
-2.760000 	 -12.277758 
-2.750000 	 -11.417894 
-2.740000 	 -12.864072 
-2.730000 	 -10.487799 
-2.720000 	 -10.236883 
-2.710000 	 -12.611440 
-2.700000 	 -10.984095 
-2.690000 	 -9.992098 
-2.680000 	 -10.294639 
-2.670000 	 -11.002023 
-2.660000 	 -10.308262 
-2.650000 	 -10.353387 
-2.640000 	 -12.492007 
-2.630000 	 -9.802899 
-2.620000 	 -9.094542 
-2.610000 	 -11.964970 
-2.600000 	 -10.934708 
-2.590000 	 -10.058079 
-2.580000 	 -10.550531 
-2.570000 	 -8.427336 
-2.560000 	 -7.706349 
-2.550000 	 -6.596972 
-2.540000 	 -12.405658 
-2.530000 	 -12.463997 
-2.520000 	 -7.983559 
-2.510000 	 -11.573687 
-2.500000 	 -7.542894 
-2.490000 	 -8.162919 
-2.480000 	 -9.794242 
-2.470000 	 -10.063352 
-2.460000 	 -8.456261 
-2.450000 	 -8.597057 
-2.440000 	 -9.161835 
-2.430000 	 -5.054137 
-2.420000 	 -10.113708 
-2.410000 	 -9.883313 
-2.400000 	 -9.394516 
-2.390000 	 -9.641991 
-2.380000 	 -10.508353 
-2.370000 	 -10.361204 
-2.360000 	 -10.484136 
-2.350000 	 -9.516398 
-2.340000 	 -6.556981 
-2.330000 	 -7.153795 
-2.320000 	 -9.977951 
-2.310000 	 -9.490834 
-2.300000 	 -6.553394 
-2.290000 	 -6.772458 
-2.280000 	 -8.393971 
-2.270000 	 -7.725316 
-2.260000 	 -6.708303 
-2.250000 	 -9.599152 
-2.240000 	 -7.596649 
-2.230000 	 -9.182431 
-2.220000 	 -4.300645 
-2.210000 	 -6.868008 
-2.200000 	 -6.413665 
-2.190000 	 -9.795443 
-2.180000 	 -7.606293 
-2.170000 	 -7.835821 
-2.160000 	 -6.467543 
-2.150000 	 -7.059856 
-2.140000 	 -7.184376 
-2.130000 	 -10.600595 
-2.120000 	 -7.871463 
-2.110000 	 -8.133660 
-2.100000 	 -8.906142 
-2.090000 	 -9.158786 
-2.080000 	 -6.262731 
-2.070000 	 -9.341707 
-2.060000 	 -6.069088 
-2.050000 	 -4.301870 
-2.040000 	 -8.688615 
-2.030000 	 -9.571583 
-2.020000 	 -6.987899 
-2.010000 	 -5.831605 
-2.000000 	 -6.677099 
-1.990000 	 -6.044958 
-1.980000 	 -4.314141 
-1.970000 	 -3.247297 
-1.960000 	 -6.942201 
-1.950000 	 -5.716767 
-1.940000 	 -5.944844 
-1.930000 	 -5.976047 
-1.920000 	 -6.771596 
-1.910000 	 -3.728340 
-1.900000 	 -5.464123 
-1.890000 	 -6.979666 
-1.880000 	 -5.646904 
-1.870000 	 -6.481841 
-1.860000 	 -6.953903 
-1.850000 	 -5.334555 
-1.840000 	 -5.929919 
-1.830000 	 -7.063399 
-1.820000 	 -4.151768 
-1.810000 	 -4.898893 
-1.800000 	 -8.180841 
-1.790000 	 -3.192350 
-1.780000 	 -2.759800 
-1.770000 	 -6.890719 
-1.760000 	 -2.959990 
-1.750000 	 -4.298274 
-1.740000 	 -4.903441 
-1.730000 	 -4.971580 
-1.720000 	 -5.643368 
-1.710000 	 -5.678441 
-1.700000 	 -5.672976 
-1.690000 	 -5.046599 
-1.680000 	 -3.310861 
-1.670000 	 -8.038929 
-1.660000 	 -4.474501 
-1.650000 	 -4.784126 
-1.640000 	 -3.062297 
-1.630000 	 -3.925713 
-1.620000 	 -7.482321 
-1.610000 	 -1.679505 
-1.600000 	 -5.269461 
-1.590000 	 -8.075141 
-1.580000 	 -6.335847 
-1.570000 	 -7.012292 
-1.560000 	 -1.952294 
-1.550000 	 -3.735027 
-1.540000 	 -2.525481 
-1.530000 	 -3.694837 
-1.520000 	 -6.752614 
-1.510000 	 -7.127208 
-1.500000 	 -2.552240 
-1.490000 	 -3.991764 
-1.480000 	 -5.398941 
-1.470000 	 -5.314817 
-1.460000 	 -2.704120 
-1.450000 	 -0.292505 
-1.440000 	 -5.389146 
-1.430000 	 -4.342287 
-1.420000 	 -3.030175 
-1.410000 	 -0.686091 
-1.400000 	 -3.415035 
-1.390000 	 -4.456696 
-1.380000 	 -3.799606 
-1.370000 	 -5.425226 
-1.360000 	 -4.483704 
-1.350000 	 -4.967852 
-1.340000 	 -3.092732 
-1.330000 	 -4.421426 
-1.320000 	 -4.507636 
-1.310000 	 -1.712606 
-1.300000 	 -2.645586 
-1.290000 	 -1.928482 
-1.280000 	 -2.279838 
-1.270000 	 -2.493227 
-1.260000 	 -5.630335 
-1.250000 	 -1.185675 
-1.240000 	 -3.426371 
-1.230000 	 -4.867812 
-1.220000 	 -3.279589 
-1.210000 	 -5.348063 
-1.200000 	 -1.574952 
-1.190000 	 -3.012845 
-1.180000 	 -3.727913 
-1.170000 	 -2.797666 
-1.160000 	 -1.908211 
-1.150000 	 -2.140489 
-1.140000 	 -4.924766 
-1.130000 	 -0.460923 
-1.120000 	 -2.077619 
-1.110000 	 -0.993223 
-1.100000 	 -2.306877 
-1.090000 	 -3.013579 
-1.080000 	 -1.625253 
-1.070000 	 -3.787679 
-1.060000 	 -1.051215 
-1.050000 	 -1.285002 
-1.040000 	 -2.502175 
-1.030000 	 -4.110529 
-1.020000 	 -2.714842 
-1.010000 	 1.384965 
-1.000000 	 -1.561027 
-0.990000 	 -1.957745 
-0.980000 	 -4.207706 
-0.970000 	 -0.803932 
-0.960000 	 -1.402722 
-0.950000 	 0.244411 
-0.940000 	 -3.138496 
-0.930000 	 -2.092683 
-0.920000 	 -1.290618 
-0.910000 	 -1.859913 
-0.900000 	 -0.375705 
-0.890000 	 -3.797430 
-0.880000 	 -1.566539 
-0.870000 	 -1.612520 
-0.860000 	 -2.717037 
-0.850000 	 -1.985928 
-0.840000 	 -1.862278 
-0.830000 	 2.177702 
-0.820000 	 -0.761698 
-0.810000 	 -0.052845 
-0.800000 	 -3.155478 
-0.790000 	 -4.341335 
-0.780000 	 -1.078536 
-0.770000 	 0.431264 
-0.760000 	 -1.386271 
-0.750000 	 -3.268823 
-0.740000 	 -3.043861 
-0.730000 	 -1.040059 
-0.720000 	 -1.217375 
-0.710000 	 -1.160249 
-0.700000 	 1.817669 
-0.690000 	 1.452305 
-0.680000 	 -0.871343 
-0.670000 	 1.049254 
-0.660000 	 0.749135 
-0.650000 	 0.649588 
-0.640000 	 -0.604947 
-0.630000 	 -3.428356 
-0.620000 	 -0.563512 
-0.610000 	 -0.895095 
-0.600000 	 -1.263816 
-0.590000 	 -1.496741 
-0.580000 	 -1.276041 
-0.570000 	 -1.147723 
-0.560000 	 -1.177356 
-0.550000 	 1.499431 
-0.540000 	 -0.554270 
-0.530000 	 0.366623 
-0.520000 	 -3.916808 
-0.510000 	 0.924573 
-0.500000 	 -0.369114 
-0.490000 	 -0.341735 
-0.480000 	 -2.123946 
-0.470000 	 -0.749353 
-0.460000 	 -1.539886 
-0.450000 	 0.250524 
-0.440000 	 -1.524781 
-0.430000 	 -3.763973 
-0.420000 	 -2.259829 
-0.410000 	 -2.413912 
-0.400000 	 -0.776017 
-0.390000 	 0.760654 
-0.380000 	 1.537870 
-0.370000 	 -1.693802 
-0.360000 	 -0.275504 
-0.350000 	 -2.400414 
-0.340000 	 0.012331 
-0.330000 	 0.361089 
-0.320000 	 -3.045712 
-0.310000 	 -0.409463 
-0.300000 	 -1.413342 
-0.290000 	 -2.288305 
-0.280000 	 1.711622 
-0.270000 	 -2.300731 
-0.260000 	 0.945991 
-0.250000 	 -0.575063 
-0.240000 	 -4.025154 
-0.230000 	 1.070804 
-0.220000 	 2.575162 
-0.210000 	 2.267590 
-0.200000 	 1.087122 
-0.190000 	 -3.520170 
-0.180000 	 2.671775 
-0.170000 	 -0.770654 
-0.160000 	 1.061925 
-0.150000 	 -0.115455 
-0.140000 	 -2.288901 
-0.130000 	 -0.178523 
-0.120000 	 0.934467 
-0.110000 	 2.026042 
-0.100000 	 0.331957 
-0.090000 	 -1.223610 
-0.080000 	 -2.278377 
-0.070000 	 0.815520 
-0.060000 	 -0.009415 
-0.050000 	 2.743586 
-0.040000 	 0.169733 
-0.030000 	 -0.100995 
-0.020000 	 -2.625333 
-0.010000 	 -0.781203 
0.000000 	 2.327869 
0.010000 	 -0.487384 
0.020000 	 0.248400 
0.030000 	 -1.290673 
0.040000 	 0.713482 
0.050000 	 0.833908 
0.060000 	 -1.373538 
0.070000 	 1.091823 
0.080000 	 1.168966 
0.090000 	 -0.418865 
0.100000 	 4.690706 
0.110000 	 1.791336 
0.120000 	 0.138288 
0.130000 	 -3.825511 
0.140000 	 -1.549767 
0.150000 	 -0.272101 
0.160000 	 1.255888 
0.170000 	 -3.380353 
0.180000 	 3.911130 
0.190000 	 2.449164 
0.200000 	 -0.363536 
0.210000 	 1.352191 
0.220000 	 1.978181 
0.230000 	 0.436032 
0.240000 	 -1.358372 
0.250000 	 -1.015823 
0.260000 	 0.746782 
0.270000 	 1.115385 
0.280000 	 -1.438055 
0.290000 	 0.552848 
0.300000 	 -0.468510 
0.310000 	 1.649746 
0.320000 	 0.326238 
0.330000 	 3.014375 
0.340000 	 -0.645531 
0.350000 	 1.047088 
0.360000 	 1.336018 
0.370000 	 2.010488 
0.380000 	 0.132037 
0.390000 	 -0.151306 
0.400000 	 2.037642 
0.410000 	 -0.285715 
0.420000 	 -1.601050 
0.430000 	 -1.837056 
0.440000 	 4.244172 
0.450000 	 0.546589 
0.460000 	 -0.578034 
0.470000 	 1.002702 
0.480000 	 1.547262 
0.490000 	 1.597400 
0.500000 	 -2.521570 
0.510000 	 2.109575 
0.520000 	 -1.515412 
0.530000 	 1.100751 
0.540000 	 1.900320 
0.550000 	 -0.062229 
0.560000 	 -1.386456 
0.570000 	 -0.204150 
0.580000 	 0.805512 
0.590000 	 0.872454 
0.600000 	 -2.056065 
0.610000 	 -0.272897 
0.620000 	 -1.508487 
0.630000 	 1.706494 
0.640000 	 -0.723136 
0.650000 	 2.483078 
0.660000 	 1.073699 
0.670000 	 0.248898 
0.680000 	 1.228910 
0.690000 	 -0.588989 
0.700000 	 -0.053119 
0.710000 	 1.488076 
0.720000 	 0.796198 
0.730000 	 1.236249 
0.740000 	 -0.156593 
0.750000 	 -1.006755 
0.760000 	 0.779389 
0.770000 	 1.124590 
0.780000 	 0.085196 
0.790000 	 0.604779 
0.800000 	 2.267939 
0.810000 	 1.387698 
0.820000 	 4.399038 
0.830000 	 0.011479 
0.840000 	 3.321177 
0.850000 	 -0.621280 
0.860000 	 1.874355 
0.870000 	 -0.234471 
0.880000 	 -1.038351 
0.890000 	 1.329559 
0.900000 	 1.375265 
0.910000 	 1.063444 
0.920000 	 -0.686228 
0.930000 	 1.052310 
0.940000 	 0.877970 
0.950000 	 -1.339321 
0.960000 	 0.890776 
0.970000 	 0.942645 
0.980000 	 -1.243880 
0.990000 	 0.850292 
1.000000 	 -0.552413 
1.010000 	 -0.669385 
1.020000 	 0.260620 
1.030000 	 1.730349 
1.040000 	 -1.899843 
1.050000 	 0.897008 
1.060000 	 2.122474 
1.070000 	 -0.103331 
1.080000 	 4.710787 
1.090000 	 1.930665 
1.100000 	 1.760918 
1.110000 	 -0.655499 
1.120000 	 0.794593 
1.130000 	 0.451273 
1.140000 	 0.069497 
1.150000 	 -0.274368 
1.160000 	 -0.721202 
1.170000 	 2.834511 
1.180000 	 1.348292 
1.190000 	 0.636920 
1.200000 	 -0.604998 
1.210000 	 1.126453 
1.220000 	 3.005827 
1.230000 	 1.423380 
1.240000 	 0.880740 
1.250000 	 -0.229982 
1.260000 	 1.068037 
1.270000 	 -1.285635 
1.280000 	 0.072213 
1.290000 	 0.074724 
1.300000 	 0.310243 
1.310000 	 1.677078 
1.320000 	 -0.111066 
1.330000 	 -0.557402 
1.340000 	 -1.310619 
1.350000 	 2.639235 
1.360000 	 -0.660000 
1.370000 	 -0.004827 
1.380000 	 -1.219812 
1.390000 	 0.617097 
1.400000 	 -0.875758 
1.410000 	 2.398108 
1.420000 	 3.191948 
1.430000 	 0.099970 
1.440000 	 -0.008070 
1.450000 	 1.786569 
1.460000 	 -0.756436 
1.470000 	 -0.076996 
1.480000 	 -0.723421 
1.490000 	 2.425150 
1.500000 	 1.580695 
1.510000 	 3.262100 
1.520000 	 1.210932 
1.530000 	 -2.305691 
1.540000 	 4.506114 
1.550000 	 1.410958 
1.560000 	 0.192066 
1.570000 	 -0.685115 
1.580000 	 -0.926543 
1.590000 	 1.178212 
1.600000 	 3.839969 
1.610000 	 0.373128 
1.620000 	 2.851640 
1.630000 	 2.015388 
1.640000 	 0.012864 
1.650000 	 -0.436680 
1.660000 	 3.318244 
1.670000 	 -0.418588 
1.680000 	 -0.927449 
1.690000 	 1.261909 
1.700000 	 2.438805 
1.710000 	 2.570341 
1.720000 	 2.522017 
1.730000 	 3.168544 
1.740000 	 2.657774 
1.750000 	 1.809534 
1.760000 	 2.048483 
1.770000 	 0.886583 
1.780000 	 2.124644 
1.790000 	 4.524308 
1.800000 	 2.102330 
1.810000 	 -1.350634 
1.820000 	 5.843368 
1.830000 	 -3.023831 
1.840000 	 -0.292695 
1.850000 	 0.511762 
1.860000 	 1.792489 
1.870000 	 0.371304 
1.880000 	 3.755417 
1.890000 	 2.839048 
1.900000 	 4.681635 
1.910000 	 2.230824 
1.920000 	 -0.500309 
1.930000 	 2.268522 
1.940000 	 1.417524 
1.950000 	 2.094808 
1.960000 	 1.976651 
1.970000 	 -0.394733 
1.980000 	 1.517370 
1.990000 	 3.080476 
2.000000 	 2.170072 
2.010000 	 2.874896 
2.020000 	 2.926806 
2.030000 	 1.309212 
2.040000 	 1.766182 
2.050000 	 1.003261 
2.060000 	 -0.994044 
2.070000 	 3.096645 
2.080000 	 2.970426 
2.090000 	 1.781337 
2.100000 	 2.131193 
2.110000 	 3.175113 
2.120000 	 4.020793 
2.130000 	 3.168171 
2.140000 	 2.273131 
2.150000 	 1.125079 
2.160000 	 3.751372 
2.170000 	 2.323542 
2.180000 	 3.544835 
2.190000 	 4.724930 
2.200000 	 1.333229 
2.210000 	 2.988958 
2.220000 	 4.574190 
2.230000 	 2.931498 
2.240000 	 2.436675 
2.250000 	 4.232334 
2.260000 	 1.397169 
2.270000 	 3.534869 
2.280000 	 4.680170 
2.290000 	 2.430629 
2.300000 	 6.051651 
2.310000 	 4.918474 
2.320000 	 5.374770 
2.330000 	 6.613899 
2.340000 	 3.683365 
2.350000 	 5.680982 
2.360000 	 4.369986 
2.370000 	 2.208753 
2.380000 	 2.794883 
2.390000 	 2.168413 
2.400000 	 -0.749470 
2.410000 	 5.210427 
2.420000 	 5.583707 
2.430000 	 5.447502 
2.440000 	 4.785086 
2.450000 	 5.267905 
2.460000 	 3.366159 
2.470000 	 5.852472 
2.480000 	 4.819347 
2.490000 	 4.095481 
2.500000 	 5.444909 
2.510000 	 5.332577 
2.520000 	 3.553073 
2.530000 	 4.489104 
2.540000 	 6.123942 
2.550000 	 2.775788 
2.560000 	 2.904865 
2.570000 	 6.147341 
2.580000 	 6.260551 
2.590000 	 3.940024 
2.600000 	 28.000000 
2.610000 	 4.530852 
2.620000 	 7.667723 
2.630000 	 7.038494 
2.640000 	 8.132750 
2.650000 	 8.519412 
2.660000 	 5.922776 
2.670000 	 6.257103 
2.680000 	 8.223550 
2.690000 	 8.563824 
2.700000 	 6.460335 
2.710000 	 7.328063 
2.720000 	 7.788362 
2.730000 	 4.978373 
2.740000 	 8.134378 
2.750000 	 6.223852 
2.760000 	 8.935749 
2.770000 	 6.927793 
2.780000 	 5.203152 
2.790000 	 10.082488 
2.800000 	 7.169242 
2.810000 	 6.812533 
2.820000 	 5.400555 
2.830000 	 9.306041 
2.840000 	 12.208540 
2.850000 	 10.234960 
2.860000 	 10.138577 
2.870000 	 8.696663 
2.880000 	 8.200187 
2.890000 	 11.281642 
2.900000 	 8.368503 
2.910000 	 8.678437 
2.920000 	 8.626570 
2.930000 	 9.262669 
2.940000 	 8.266381 
2.950000 	 9.375834 
2.960000 	 8.723273 
2.970000 	 7.310751 
2.980000 	 9.061826 
2.990000 	 13.123571 
3.000000 	 9.173897 
3.010000 	 7.577352 
3.020000 	 9.579583 
3.030000 	 10.173130 
3.040000 	 11.786601 
3.050000 	 10.359048 
3.060000 	 11.574836 
3.070000 	 9.998028 
3.080000 	 11.456867 
3.090000 	 12.003875 
3.100000 	 11.636118 
3.110000 	 11.081077 
3.120000 	 13.845539 
3.130000 	 13.793851 
3.140000 	 13.106492 
3.150000 	 11.715601 
3.160000 	 10.755961 
3.170000 	 12.722725 
3.180000 	 15.257680 
3.190000 	 13.285065 
3.200000 	 11.897312 
3.210000 	 12.686815 
3.220000 	 13.223929 
3.230000 	 13.704734 
3.240000 	 16.089381 
3.250000 	 13.063475 
3.260000 	 14.870118 
3.270000 	 16.306802 
3.280000 	 14.278860 
3.290000 	 13.367738 
3.300000 	 16.551945 
3.310000 	 13.373555 
3.320000 	 15.119750 
3.330000 	 17.351308 
3.340000 	 16.226825 
3.350000 	 16.715884 
3.360000 	 15.230862 
3.370000 	 15.634872 
3.380000 	 15.820088 
3.390000 	 14.540848 
3.400000 	 15.010966 
3.410000 	 19.080454 
3.420000 	 18.283281 
3.430000 	 17.549295 
3.440000 	 19.925994 
3.450000 	 16.904225 
3.460000 	 15.956629 
3.470000 	 17.551090 
3.480000 	 18.764395 
3.490000 	 20.832046 
3.500000 	 17.153655 
3.510000 	 18.470544 
3.520000 	 19.302770 
3.530000 	 17.863647 
3.540000 	 18.855924 
3.550000 	 20.510821 
3.560000 	 21.008958 
3.570000 	 22.391107 
3.580000 	 27.000000 
3.590000 	 18.889113 
3.600000 	 20.055493 
3.610000 	 18.086134 
3.620000 	 20.501654 
3.630000 	 22.914574 
3.640000 	 24.725859 
3.650000 	 22.792094 
3.660000 	 20.780973 
3.670000 	 23.518691 
3.680000 	 23.291167 
3.690000 	 23.517686 
3.700000 	 28.038204 
3.710000 	 24.636261 
3.720000 	 24.214955 
3.730000 	 25.781105 
3.740000 	 22.942025 
3.750000 	 23.785026 
3.760000 	 27.501519 
3.770000 	 22.654044 
3.780000 	 25.637485 
3.790000 	 28.184869 
3.800000 	 26.502196 
3.810000 	 28.094769 
3.820000 	 27.897789 
3.830000 	 29.837397 
3.840000 	 27.299438 
3.850000 	 27.756215 
3.860000 	 29.830538 
3.870000 	 27.845959 
3.880000 	 27.615341 
3.890000 	 29.402393 
3.900000 	 27.876935 
3.910000 	 28.592809 
3.920000 	 32.004691 
3.930000 	 32.103930 
3.940000 	 30.766468 
3.950000 	 29.492383 
3.960000 	 32.196928 
3.970000 	 28.657556 
3.980000 	 29.509421 
3.990000 	 32.789497 
4.000000 	 30.019326 
