-3.000000 	 -13.031674 
-2.990000 	 -12.418436 
-2.980000 	 -12.339551 
-2.970000 	 -9.245829 
-2.960000 	 -12.305833 
-2.950000 	 -10.598627 
-2.940000 	 -15.734210 
-2.930000 	 -8.915496 
-2.920000 	 -14.514564 
-2.910000 	 -13.513917 
-2.900000 	 -10.553413 
-2.890000 	 -12.556334 
-2.880000 	 -10.962376 
-2.870000 	 -12.627618 
-2.860000 	 -11.114017 
-2.850000 	 -11.236552 
-2.840000 	 -11.562157 
-2.830000 	 -12.414367 
-2.820000 	 -9.897360 
-2.810000 	 -11.142900 
-2.800000 	 -11.353119 
-2.790000 	 -10.885569 
-2.780000 	 -14.240192 
-2.770000 	 -10.221847 
-2.760000 	 -10.709464 
-2.750000 	 -10.249867 
-2.740000 	 -10.400443 
-2.730000 	 -12.358628 
-2.720000 	 -9.518289 
-2.710000 	 -12.098101 
-2.700000 	 -14.911817 
-2.690000 	 -9.605977 
-2.680000 	 -10.921022 
-2.670000 	 -12.232610 
-2.660000 	 -8.099607 
-2.650000 	 -13.146049 
-2.640000 	 -10.174141 
-2.630000 	 -12.264879 
-2.620000 	 -9.409369 
-2.610000 	 -9.523551 
-2.600000 	 -9.029156 
-2.590000 	 -7.707236 
-2.580000 	 -10.791823 
-2.570000 	 -9.985792 
-2.560000 	 -6.677026 
-2.550000 	 -10.343368 
-2.540000 	 -7.603220 
-2.530000 	 -8.274640 
-2.520000 	 -12.478182 
-2.510000 	 -10.114702 
-2.500000 	 -11.374799 
-2.490000 	 -7.539929 
-2.480000 	 -7.805794 
-2.470000 	 -8.704721 
-2.460000 	 -11.298210 
-2.450000 	 -9.831026 
-2.440000 	 -9.863280 
-2.430000 	 -11.753670 
-2.420000 	 -9.826889 
-2.410000 	 -8.530170 
-2.400000 	 -9.336073 
-2.390000 	 -7.795811 
-2.380000 	 -9.044802 
-2.370000 	 -7.678024 
-2.360000 	 -7.221091 
-2.350000 	 -8.483944 
-2.340000 	 -7.727292 
-2.330000 	 -7.229997 
-2.320000 	 -10.238581 
-2.310000 	 -6.111752 
-2.300000 	 -7.450203 
-2.290000 	 -10.421958 
-2.280000 	 -8.574163 
-2.270000 	 -9.822723 
-2.260000 	 -8.517679 
-2.250000 	 -8.064898 
-2.240000 	 -9.445552 
-2.230000 	 -6.558071 
-2.220000 	 -11.877163 
-2.210000 	 -9.962472 
-2.200000 	 -7.436079 
-2.190000 	 -7.394922 
-2.180000 	 -6.662553 
-2.170000 	 -7.205963 
-2.160000 	 -9.031792 
-2.150000 	 -6.847860 
-2.140000 	 -8.244506 
-2.130000 	 -6.668235 
-2.120000 	 -7.534688 
-2.110000 	 -8.447858 
-2.100000 	 -7.322462 
-2.090000 	 -6.345216 
-2.080000 	 -7.106608 
-2.070000 	 -8.155453 
-2.060000 	 -7.474151 
-2.050000 	 -6.856221 
-2.040000 	 -7.675188 
-2.030000 	 -4.277991 
-2.020000 	 -6.289187 
-2.010000 	 -2.824401 
-2.000000 	 -6.774294 
-1.990000 	 -8.214335 
-1.980000 	 -4.996232 
-1.970000 	 -5.466292 
-1.960000 	 -7.019979 
-1.950000 	 -9.024302 
-1.940000 	 -7.603875 
-1.930000 	 -6.171603 
-1.920000 	 -4.649433 
-1.910000 	 -4.462018 
-1.900000 	 -6.038175 
-1.890000 	 -3.344507 
-1.880000 	 -7.505055 
-1.870000 	 -5.453297 
-1.860000 	 -8.408954 
-1.850000 	 -6.765674 
-1.840000 	 -5.962237 
-1.830000 	 -7.662457 
-1.820000 	 -3.386426 
-1.810000 	 -5.127657 
-1.800000 	 -7.342406 
-1.790000 	 -8.050059 
-1.780000 	 -4.196990 
-1.770000 	 -5.422151 
-1.760000 	 -6.604896 
-1.750000 	 -2.628784 
-1.740000 	 -3.831687 
-1.730000 	 -3.739837 
-1.720000 	 -6.290705 
-1.710000 	 -2.452177 
-1.700000 	 -6.110267 
-1.690000 	 -3.940726 
-1.680000 	 -4.652185 
-1.670000 	 -1.017379 
-1.660000 	 -5.845292 
-1.650000 	 -6.244955 
-1.640000 	 -6.511246 
-1.630000 	 -4.640151 
-1.620000 	 -5.917392 
-1.610000 	 -3.373174 
-1.600000 	 -3.581681 
-1.590000 	 -2.409969 
-1.580000 	 -6.460673 
-1.570000 	 -2.336984 
-1.560000 	 -2.853441 
-1.550000 	 -3.743491 
-1.540000 	 -6.301607 
-1.530000 	 -5.050569 
-1.520000 	 -5.879845 
-1.510000 	 -6.093839 
-1.500000 	 -6.262445 
-1.490000 	 -3.035850 
-1.480000 	 -5.863727 
-1.470000 	 -4.939550 
-1.460000 	 -6.780620 
-1.450000 	 -4.339997 
-1.440000 	 -6.894848 
-1.430000 	 -5.896866 
-1.420000 	 -2.223198 
-1.410000 	 -4.062189 
-1.400000 	 -3.954762 
-1.390000 	 -1.589732 
-1.380000 	 -2.033484 
-1.370000 	 -3.667725 
-1.360000 	 -5.608763 
-1.350000 	 -3.101473 
-1.340000 	 -0.238520 
-1.330000 	 -2.282345 
-1.320000 	 -6.202469 
-1.310000 	 -0.911126 
-1.300000 	 23.000000 
-1.290000 	 -4.016343 
-1.280000 	 -4.538240 
-1.270000 	 -0.637250 
-1.260000 	 -3.496809 
-1.250000 	 -1.441722 
-1.240000 	 -1.297749 
-1.230000 	 -4.401610 
-1.220000 	 -1.693168 
-1.210000 	 -3.412782 
-1.200000 	 -1.449650 
-1.190000 	 -4.339935 
-1.180000 	 -3.569455 
-1.170000 	 -3.224875 
-1.160000 	 -2.455638 
-1.150000 	 -6.052235 
-1.140000 	 -6.203554 
-1.130000 	 -3.030623 
-1.120000 	 -3.150479 
-1.110000 	 -3.714512 
-1.100000 	 -2.011246 
-1.090000 	 -1.844737 
-1.080000 	 -0.961593 
-1.070000 	 -2.846226 
-1.060000 	 -1.433804 
-1.050000 	 -2.933526 
-1.040000 	 0.079367 
-1.030000 	 -1.687207 
-1.020000 	 -4.148355 
-1.010000 	 -1.826852 
-1.000000 	 -5.282755 
-0.990000 	 -5.231268 
-0.980000 	 -0.013871 
-0.970000 	 -2.325617 
-0.960000 	 -3.890035 
-0.950000 	 -0.986002 
-0.940000 	 -1.431010 
-0.930000 	 -2.493701 
-0.920000 	 -2.635396 
-0.910000 	 -3.515901 
-0.900000 	 -1.069041 
-0.890000 	 -2.820772 
-0.880000 	 -2.848615 
-0.870000 	 -2.864055 
-0.860000 	 -0.142939 
-0.850000 	 -0.835972 
-0.840000 	 -1.164486 
-0.830000 	 -2.693157 
-0.820000 	 -0.936577 
-0.810000 	 -2.215248 
-0.800000 	 -3.093142 
-0.790000 	 -3.478373 
-0.780000 	 -1.386606 
-0.770000 	 -0.956904 
-0.760000 	 0.862731 
-0.750000 	 -1.343283 
-0.740000 	 0.292760 
-0.730000 	 0.250013 
-0.720000 	 -0.747785 
-0.710000 	 -1.394492 
-0.700000 	 -3.859155 
-0.690000 	 -1.281796 
-0.680000 	 -2.377282 
-0.670000 	 -3.036703 
-0.660000 	 -1.509066 
-0.650000 	 -2.277902 
-0.640000 	 -0.353722 
-0.630000 	 -2.171705 
-0.620000 	 0.117259 
-0.610000 	 -0.847384 
-0.600000 	 0.204909 
-0.590000 	 0.449483 
-0.580000 	 2.384299 
-0.570000 	 -3.953156 
-0.560000 	 0.798648 
-0.550000 	 -1.143776 
-0.540000 	 -2.640267 
-0.530000 	 1.709901 
-0.520000 	 -0.208713 
-0.510000 	 -2.486446 
-0.500000 	 1.076198 
-0.490000 	 3.816499 
-0.480000 	 1.100046 
-0.470000 	 -2.704980 
-0.460000 	 1.615821 
-0.450000 	 -2.273407 
-0.440000 	 -1.643638 
-0.430000 	 0.119561 
-0.420000 	 -0.144411 
-0.410000 	 -2.842475 
-0.400000 	 -1.762951 
-0.390000 	 0.511583 
-0.380000 	 0.630454 
-0.370000 	 -1.628088 
-0.360000 	 0.286342 
-0.350000 	 -0.372052 
-0.340000 	 -0.937380 
-0.330000 	 2.693162 
-0.320000 	 -0.496328 
-0.310000 	 0.964429 
-0.300000 	 -0.416984 
-0.290000 	 1.337113 
-0.280000 	 0.905148 
-0.270000 	 -0.588116 
-0.260000 	 2.894221 
-0.250000 	 -0.138981 
-0.240000 	 4.119584 
-0.230000 	 -1.728398 
-0.220000 	 2.278185 
-0.210000 	 -1.383085 
-0.200000 	 0.185822 
-0.190000 	 -0.146335 
-0.180000 	 -1.340512 
-0.170000 	 1.512353 
-0.160000 	 -1.994720 
-0.150000 	 0.331159 
-0.140000 	 -0.147179 
-0.130000 	 -0.429145 
-0.120000 	 -2.549679 
-0.110000 	 1.029792 
-0.100000 	 0.428257 
-0.090000 	 -0.607398 
-0.080000 	 0.352387 
-0.070000 	 -2.122736 
-0.060000 	 3.794407 
-0.050000 	 -0.405580 
-0.040000 	 2.056916 
-0.030000 	 2.501270 
-0.020000 	 0.177778 
-0.010000 	 1.906780 
0.000000 	 1.034952 
0.010000 	 3.603646 
0.020000 	 -1.044457 
0.030000 	 0.700034 
0.040000 	 1.436142 
0.050000 	 -1.884049 
0.060000 	 -0.698593 
0.070000 	 0.009650 
0.080000 	 -0.210191 
0.090000 	 -0.665266 
0.100000 	 0.655213 
0.110000 	 0.675811 
0.120000 	 -3.028857 
0.130000 	 1.631208 
0.140000 	 1.029747 
0.150000 	 -0.677860 
0.160000 	 1.596278 
0.170000 	 0.556544 
0.180000 	 -1.616563 
0.190000 	 2.161820 
0.200000 	 -0.277361 
0.210000 	 0.177954 
0.220000 	 3.251082 
0.230000 	 0.163488 
0.240000 	 0.465870 
0.250000 	 -1.096619 
0.260000 	 -0.890347 
0.270000 	 3.313046 
0.280000 	 -1.360564 
0.290000 	 -1.450133 
0.300000 	 1.427974 
0.310000 	 2.029764 
0.320000 	 -0.280011 
0.330000 	 2.577292 
0.340000 	 0.291488 
0.350000 	 1.750143 
0.360000 	 1.465104 
0.370000 	 -2.403412 
0.380000 	 2.187674 
0.390000 	 -1.367882 
0.400000 	 2.051987 
0.410000 	 -0.765828 
0.420000 	 0.845227 
0.430000 	 -2.102591 
0.440000 	 -0.114174 
0.450000 	 0.178126 
0.460000 	 1.223752 
0.470000 	 1.854152 
0.480000 	 -2.204112 
0.490000 	 2.223941 
0.500000 	 0.321015 
0.510000 	 0.657232 
0.520000 	 0.339501 
0.530000 	 1.567523 
0.540000 	 -0.763820 
0.550000 	 0.078816 
0.560000 	 -0.591755 
0.570000 	 1.154827 
0.580000 	 -0.169944 
0.590000 	 -2.444032 
0.600000 	 0.274277 
0.610000 	 1.629636 
0.620000 	 -1.007998 
0.630000 	 -1.824348 
0.640000 	 2.169501 
0.650000 	 -0.373318 
0.660000 	 0.358650 
0.670000 	 -0.951296 
0.680000 	 0.616801 
0.690000 	 -0.756153 
0.700000 	 2.122434 
0.710000 	 2.369100 
0.720000 	 -0.332184 
0.730000 	 -0.207572 
0.740000 	 2.183261 
0.750000 	 0.053598 
0.760000 	 -2.425203 
0.770000 	 0.995747 
0.780000 	 -0.956821 
0.790000 	 0.586061 
0.800000 	 0.912254 
0.810000 	 1.049163 
0.820000 	 -2.006774 
0.830000 	 -0.088674 
0.840000 	 -0.395007 
0.850000 	 0.706312 
0.860000 	 3.210010 
0.870000 	 1.651329 
0.880000 	 3.334876 
0.890000 	 -0.483676 
0.900000 	 1.150751 
0.910000 	 1.131333 
0.920000 	 1.205862 
0.930000 	 1.067347 
0.940000 	 1.849129 
0.950000 	 1.364677 
0.960000 	 -0.912277 
0.970000 	 -3.615376 
0.980000 	 3.212185 
0.990000 	 1.467293 
1.000000 	 0.881746 
1.010000 	 1.876823 
1.020000 	 0.133252 
1.030000 	 2.523093 
1.040000 	 -1.468068 
1.050000 	 1.058271 
1.060000 	 -1.386525 
1.070000 	 0.386063 
1.080000 	 3.060195 
1.090000 	 -0.073313 
1.100000 	 -0.303152 
1.110000 	 2.700067 
1.120000 	 0.341624 
1.130000 	 -2.052869 
1.140000 	 0.749394 
1.150000 	 -0.244155 
1.160000 	 1.092505 
1.170000 	 1.998141 
1.180000 	 -1.551585 
1.190000 	 3.961454 
1.200000 	 -0.468737 
1.210000 	 2.108437 
1.220000 	 1.304506 
1.230000 	 2.292756 
1.240000 	 1.180842 
1.250000 	 4.164260 
1.260000 	 3.066409 
1.270000 	 0.886909 
1.280000 	 2.252798 
1.290000 	 1.196429 
1.300000 	 -1.180918 
1.310000 	 1.081983 
1.320000 	 -1.161311 
1.330000 	 -1.234869 
1.340000 	 0.629890 
1.350000 	 0.593443 
1.360000 	 -0.527343 
1.370000 	 0.130286 
1.380000 	 2.158371 
1.390000 	 2.875052 
1.400000 	 3.092089 
1.410000 	 1.226703 
1.420000 	 -3.055513 
1.430000 	 2.293037 
1.440000 	 0.727021 
1.450000 	 -0.493406 
1.460000 	 0.296777 
1.470000 	 -0.494585 
1.480000 	 -0.248688 
1.490000 	 -2.008816 
1.500000 	 3.947480 
1.510000 	 0.924588 
1.520000 	 -0.203493 
1.530000 	 0.849089 
1.540000 	 -0.698993 
1.550000 	 0.565736 
1.560000 	 31.000000 
1.570000 	 2.830366 
1.580000 	 -1.284343 
1.590000 	 -0.048260 
1.600000 	 0.919039 
1.610000 	 0.061748 
1.620000 	 0.690567 
1.630000 	 1.846318 
1.640000 	 0.456093 
1.650000 	 0.713865 
1.660000 	 3.376396 
1.670000 	 1.454398 
1.680000 	 0.269347 
1.690000 	 0.114710 
1.700000 	 0.002578 
1.710000 	 2.855635 
1.720000 	 1.718511 
1.730000 	 2.837799 
1.740000 	 -0.159118 
1.750000 	 -0.125432 
1.760000 	 2.339560 
1.770000 	 -1.258647 
1.780000 	 1.118342 
1.790000 	 1.252889 
1.800000 	 2.479909 
1.810000 	 1.900689 
1.820000 	 3.616978 
1.830000 	 1.246882 
1.840000 	 -1.996568 
1.850000 	 -0.864797 
1.860000 	 2.710782 
1.870000 	 1.059324 
1.880000 	 1.939493 
1.890000 	 -0.126625 
1.900000 	 1.251145 
1.910000 	 2.612864 
1.920000 	 2.202191 
1.930000 	 1.628877 
1.940000 	 2.605427 
1.950000 	 0.339956 
1.960000 	 1.017065 
1.970000 	 2.571931 
1.980000 	 3.494133 
1.990000 	 0.212204 
2.000000 	 2.877085 
2.010000 	 2.751672 
2.020000 	 2.408656 
2.030000 	 2.226331 
2.040000 	 0.704466 
2.050000 	 -0.553899 
2.060000 	 2.980885 
2.070000 	 4.383164 
2.080000 	 2.019692 
2.090000 	 2.028605 
2.100000 	 1.018689 
2.110000 	 2.436892 
2.120000 	 0.245733 
2.130000 	 1.708296 
2.140000 	 2.935954 
2.150000 	 -0.602535 
2.160000 	 0.662535 
2.170000 	 3.062866 
2.180000 	 3.098512 
2.190000 	 4.411612 
2.200000 	 5.407512 
2.210000 	 4.075852 
2.220000 	 3.815207 
2.230000 	 0.270270 
2.240000 	 4.440113 
2.250000 	 3.704032 
2.260000 	 3.135175 
2.270000 	 3.570574 
2.280000 	 1.932824 
2.290000 	 1.979563 
2.300000 	 1.308467 
2.310000 	 2.596708 
2.320000 	 4.829109 
2.330000 	 2.845148 
2.340000 	 2.844332 
2.350000 	 1.099229 
2.360000 	 5.136142 
2.370000 	 3.191921 
2.380000 	 3.222428 
2.390000 	 7.837884 
2.400000 	 5.568509 
2.410000 	 5.642458 
2.420000 	 6.379341 
2.430000 	 4.200123 
2.440000 	 4.779336 
2.450000 	 3.094783 
2.460000 	 5.081110 
2.470000 	 6.554395 
2.480000 	 4.457727 
2.490000 	 5.722900 
2.500000 	 6.016553 
2.510000 	 3.323555 
2.520000 	 8.505451 
2.530000 	 4.892208 
2.540000 	 5.211599 
2.550000 	 6.431166 
2.560000 	 4.609938 
2.570000 	 7.449474 
2.580000 	 5.077533 
2.590000 	 4.714755 
2.600000 	 6.073705 
2.610000 	 4.097298 
2.620000 	 8.832928 
2.630000 	 5.732892 
2.640000 	 5.784487 
2.650000 	 6.670668 
2.660000 	 9.197868 
2.670000 	 7.181784 
2.680000 	 9.537904 
2.690000 	 7.722720 
2.700000 	 9.229789 
2.710000 	 7.367139 
2.720000 	 6.071493 
2.730000 	 5.630084 
2.740000 	 6.388738 
2.750000 	 7.541831 
2.760000 	 7.393516 
2.770000 	 5.035586 
2.780000 	 9.313155 
2.790000 	 8.512482 
2.800000 	 7.539399 
2.810000 	 6.504825 
2.820000 	 9.805511 
2.830000 	 7.327312 
2.840000 	 7.304469 
2.850000 	 8.502807 
2.860000 	 9.373641 
2.870000 	 8.685864 
2.880000 	 6.234356 
2.890000 	 10.117493 
2.900000 	 9.545442 
2.910000 	 10.343256 
2.920000 	 8.983864 
2.930000 	 9.950014 
2.940000 	 7.720495 
2.950000 	 12.771490 
2.960000 	 8.737750 
2.970000 	 10.684436 
2.980000 	 9.741963 
2.990000 	 11.470249 
3.000000 	 9.007218 
3.010000 	 11.348096 
3.020000 	 9.334999 
3.030000 	 11.228627 
3.040000 	 11.410787 
3.050000 	 9.791901 
3.060000 	 11.677458 
3.070000 	 10.025457 
3.080000 	 10.653303 
3.090000 	 13.069139 
3.100000 	 13.256998 
3.110000 	 12.847661 
3.120000 	 11.778669 
3.130000 	 12.930763 
3.140000 	 12.686501 
3.150000 	 13.905952 
3.160000 	 13.195236 
3.170000 	 12.612761 
3.180000 	 9.225125 
3.190000 	 14.018538 
3.200000 	 14.034636 
3.210000 	 12.265820 
3.220000 	 11.124771 
3.230000 	 14.736413 
3.240000 	 15.562057 
3.250000 	 13.475462 
3.260000 	 15.270386 
3.270000 	 15.043506 
3.280000 	 15.454322 
3.290000 	 13.726990 
3.300000 	 14.850324 
3.310000 	 16.025627 
3.320000 	 17.487781 
3.330000 	 12.434205 
3.340000 	 15.352185 
3.350000 	 17.867930 
3.360000 	 15.948321 
3.370000 	 15.885857 
3.380000 	 16.020006 
3.390000 	 17.356409 
3.400000 	 17.778735 
3.410000 	 19.140177 
3.420000 	 19.822958 
3.430000 	 18.668829 
3.440000 	 16.847179 
3.450000 	 17.666691 
3.460000 	 17.804203 
3.470000 	 17.045657 
3.480000 	 19.870288 
3.490000 	 18.654825 
3.500000 	 20.617635 
3.510000 	 18.986088 
3.520000 	 18.939529 
3.530000 	 22.091572 
3.540000 	 20.264366 
3.550000 	 20.090188 
3.560000 	 18.158945 
3.570000 	 21.459428 
3.580000 	 23.630469 
3.590000 	 17.070076 
3.600000 	 20.706235 
3.610000 	 20.629105 
3.620000 	 25.258818 
3.630000 	 22.059203 
3.640000 	 24.235635 
3.650000 	 24.195693 
3.660000 	 22.197831 
3.670000 	 24.896754 
3.680000 	 23.985958 
3.690000 	 25.349368 
3.700000 	 24.103148 
3.710000 	 24.800839 
3.720000 	 24.626721 
3.730000 	 26.622947 
3.740000 	 26.476622 
3.750000 	 28.038579 
3.760000 	 24.820254 
3.770000 	 26.351754 
3.780000 	 24.541447 
3.790000 	 24.886242 
3.800000 	 26.444692 
3.810000 	 26.667949 
3.820000 	 30.501105 
3.830000 	 26.224565 
3.840000 	 28.907876 
3.850000 	 31.227329 
3.860000 	 29.289298 
3.870000 	 31.447283 
3.880000 	 28.186839 
3.890000 	 30.497366 
3.900000 	 29.630501 
3.910000 	 29.593078 
3.920000 	 25.662777 
3.930000 	 30.321007 
3.940000 	 30.391302 
3.950000 	 29.974251 
3.960000 	 30.453147 
3.970000 	 32.079694 
3.980000 	 33.403530 
3.990000 	 31.920722 
4.000000 	 29.946263 
