-3.000000 	 -13.097059 
-2.990000 	 -9.839265 
-2.980000 	 -11.536920 
-2.970000 	 -12.707467 
-2.960000 	 -8.216251 
-2.950000 	 -9.493564 
-2.940000 	 -10.932158 
-2.930000 	 -11.703636 
-2.920000 	 -12.014893 
-2.910000 	 -11.630446 
-2.900000 	 -9.007934 
-2.890000 	 -8.767323 
-2.880000 	 -14.429031 
-2.870000 	 -12.956374 
-2.860000 	 -9.954275 
-2.850000 	 -11.269635 
-2.840000 	 -11.544142 
-2.830000 	 -9.157363 
-2.820000 	 -9.261585 
-2.810000 	 -10.266270 
-2.800000 	 -10.430813 
-2.790000 	 -9.666909 
-2.780000 	 -9.265717 
-2.770000 	 -9.441414 
-2.760000 	 -11.428704 
-2.750000 	 -10.661880 
-2.740000 	 -10.106974 
-2.730000 	 -8.820714 
-2.720000 	 -9.353449 
-2.710000 	 -10.092906 
-2.700000 	 -10.038485 
-2.690000 	 -12.613545 
-2.680000 	 -11.330019 
-2.670000 	 -11.382017 
-2.660000 	 -11.030129 
-2.650000 	 -10.039565 
-2.640000 	 -10.454542 
-2.630000 	 -10.402316 
-2.620000 	 -8.589141 
-2.610000 	 -10.168248 
-2.600000 	 -8.416779 
-2.590000 	 -7.532801 
-2.580000 	 -12.216745 
-2.570000 	 -8.485757 
-2.560000 	 -10.183935 
-2.550000 	 -13.793295 
-2.540000 	 -10.730437 
-2.530000 	 -9.497826 
-2.520000 	 -11.441092 
-2.510000 	 -9.282075 
-2.500000 	 -7.231193 
-2.490000 	 -11.002508 
-2.480000 	 -9.732819 
-2.470000 	 -10.584804 
-2.460000 	 -10.782727 
-2.450000 	 -10.052007 
-2.440000 	 -9.686262 
-2.430000 	 -10.730575 
-2.420000 	 -6.410855 
-2.410000 	 -9.339835 
-2.400000 	 -11.170513 
-2.390000 	 -12.272018 
-2.380000 	 -7.694661 
-2.370000 	 -8.832691 
-2.360000 	 -10.147889 
-2.350000 	 -7.795831 
-2.340000 	 -8.217725 
-2.330000 	 -7.453484 
-2.320000 	 -9.319532 
-2.310000 	 -8.329987 
-2.300000 	 -9.939377 
-2.290000 	 -11.631541 
-2.280000 	 -8.429648 
-2.270000 	 -9.185518 
-2.260000 	 -9.959552 
-2.250000 	 -8.459184 
-2.240000 	 -8.278441 
-2.230000 	 -5.104419 
-2.220000 	 -7.459435 
-2.210000 	 -8.481931 
-2.200000 	 -10.957348 
-2.190000 	 -9.506997 
-2.180000 	 -6.713431 
-2.170000 	 -6.770368 
-2.160000 	 -8.677500 
-2.150000 	 -9.646511 
-2.140000 	 -5.816178 
-2.130000 	 -5.872234 
-2.120000 	 -9.353054 
-2.110000 	 -3.563346 
-2.100000 	 -9.077206 
-2.090000 	 -8.692466 
-2.080000 	 -4.680323 
-2.070000 	 -7.475695 
-2.060000 	 -6.947659 
-2.050000 	 -6.530588 
-2.040000 	 -10.590256 
-2.030000 	 -6.201745 
-2.020000 	 -4.954281 
-2.010000 	 -6.674681 
-2.000000 	 -7.550219 
-1.990000 	 -4.484697 
-1.980000 	 -7.344660 
-1.970000 	 -8.318088 
-1.960000 	 -6.094457 
-1.950000 	 -6.194988 
-1.940000 	 -6.546226 
-1.930000 	 -6.391098 
-1.920000 	 -8.764290 
-1.910000 	 -6.555889 
-1.900000 	 -6.043517 
-1.890000 	 -7.039766 
-1.880000 	 -6.327449 
-1.870000 	 -7.320238 
-1.860000 	 -4.806199 
-1.850000 	 -3.300657 
-1.840000 	 -3.352537 
-1.830000 	 -5.696749 
-1.820000 	 -4.508441 
-1.810000 	 -3.757949 
-1.800000 	 -3.647891 
-1.790000 	 -8.149216 
-1.780000 	 -6.334082 
-1.770000 	 -3.298424 
-1.760000 	 -5.772476 
-1.750000 	 -7.905268 
-1.740000 	 -2.946140 
-1.730000 	 -5.099065 
-1.720000 	 -6.995989 
-1.710000 	 -3.595498 
-1.700000 	 -8.166091 
-1.690000 	 -4.872855 
-1.680000 	 -6.360727 
-1.670000 	 -9.319583 
-1.660000 	 -4.879178 
-1.650000 	 -2.605064 
-1.640000 	 -4.486688 
-1.630000 	 -5.917739 
-1.620000 	 -5.819745 
-1.610000 	 -3.613829 
-1.600000 	 -6.751458 
-1.590000 	 -3.876902 
-1.580000 	 -2.800459 
-1.570000 	 -6.448138 
-1.560000 	 -4.880746 
-1.550000 	 -1.380418 
-1.540000 	 -4.749197 
-1.530000 	 -5.174063 
-1.520000 	 -6.019320 
-1.510000 	 -3.307553 
-1.500000 	 -9.111662 
-1.490000 	 -1.951797 
-1.480000 	 -0.582754 
-1.470000 	 -6.147588 
-1.460000 	 -4.568085 
-1.450000 	 -3.753362 
-1.440000 	 -5.575396 
-1.430000 	 -2.877407 
-1.420000 	 -3.648651 
-1.410000 	 -3.981116 
-1.400000 	 -5.988886 
-1.390000 	 -3.032619 
-1.380000 	 -2.737739 
-1.370000 	 1.268049 
-1.360000 	 -4.646926 
-1.350000 	 -3.734277 
-1.340000 	 -2.489938 
-1.330000 	 -3.599801 
-1.320000 	 -3.685457 
-1.310000 	 -4.070550 
-1.300000 	 -1.681171 
-1.290000 	 -3.993616 
-1.280000 	 -3.239347 
-1.270000 	 -0.618215 
-1.260000 	 -1.524189 
-1.250000 	 -2.238167 
-1.240000 	 -2.979992 
-1.230000 	 -5.379403 
-1.220000 	 -4.671395 
-1.210000 	 -3.250806 
-1.200000 	 -3.746460 
-1.190000 	 -0.061059 
-1.180000 	 -1.520412 
-1.170000 	 -2.890437 
-1.160000 	 -0.781377 
-1.150000 	 -8.071131 
-1.140000 	 -1.354870 
-1.130000 	 -2.913221 
-1.120000 	 -1.090710 
-1.110000 	 -3.945509 
-1.100000 	 -0.768183 
-1.090000 	 -3.252692 
-1.080000 	 -2.177939 
-1.070000 	 -3.597194 
-1.060000 	 0.624086 
-1.050000 	 0.421576 
-1.040000 	 -1.847615 
-1.030000 	 -0.727365 
-1.020000 	 -1.208235 
-1.010000 	 -1.493303 
-1.000000 	 -2.445273 
-0.990000 	 -2.708927 
-0.980000 	 -2.393539 
-0.970000 	 -0.797829 
-0.960000 	 -0.141060 
-0.950000 	 -2.815175 
-0.940000 	 -0.559074 
-0.930000 	 -3.249007 
-0.920000 	 -2.895174 
-0.910000 	 -3.400181 
-0.900000 	 -4.227569 
-0.890000 	 -1.370068 
-0.880000 	 -5.067679 
-0.870000 	 -2.725121 
-0.860000 	 -0.948558 
-0.850000 	 -1.428759 
-0.840000 	 -1.618957 
-0.830000 	 -3.192891 
-0.820000 	 -0.826079 
-0.810000 	 1.285081 
-0.800000 	 -0.487280 
-0.790000 	 -0.396859 
-0.780000 	 -2.920634 
-0.770000 	 -1.393256 
-0.760000 	 -0.321022 
-0.750000 	 -2.328813 
-0.740000 	 -0.207264 
-0.730000 	 -1.449151 
-0.720000 	 -2.835420 
-0.710000 	 -1.200566 
-0.700000 	 -3.211383 
-0.690000 	 -1.739503 
-0.680000 	 1.871001 
-0.670000 	 -2.120355 
-0.660000 	 -3.370159 
-0.650000 	 -0.898191 
-0.640000 	 0.933927 
-0.630000 	 0.693367 
-0.620000 	 1.213920 
-0.610000 	 -2.304033 
-0.600000 	 -2.544847 
-0.590000 	 1.325011 
-0.580000 	 1.080178 
-0.570000 	 0.485945 
-0.560000 	 0.687622 
-0.550000 	 -0.640548 
-0.540000 	 -0.560964 
-0.530000 	 -2.758456 
-0.520000 	 0.619558 
-0.510000 	 -2.114284 
-0.500000 	 -3.623687 
-0.490000 	 -1.739492 
-0.480000 	 0.852860 
-0.470000 	 -1.113891 
-0.460000 	 3.032981 
-0.450000 	 0.592187 
-0.440000 	 -1.557240 
-0.430000 	 -0.377587 
-0.420000 	 0.674480 
-0.410000 	 -1.821123 
-0.400000 	 0.007826 
-0.390000 	 -0.778232 
-0.380000 	 -0.261061 
-0.370000 	 -1.280754 
-0.360000 	 -1.784620 
-0.350000 	 1.745604 
-0.340000 	 -2.403709 
-0.330000 	 1.715544 
-0.320000 	 0.514318 
-0.310000 	 2.414054 
-0.300000 	 -1.884624 
-0.290000 	 -0.416234 
-0.280000 	 0.360729 
-0.270000 	 -4.040116 
-0.260000 	 -0.888024 
-0.250000 	 3.552631 
-0.240000 	 0.124100 
-0.230000 	 0.108570 
-0.220000 	 1.019953 
-0.210000 	 0.551465 
-0.200000 	 -1.969274 
-0.190000 	 -1.719466 
-0.180000 	 3.659868 
-0.170000 	 -0.062341 
-0.160000 	 -0.486868 
-0.150000 	 0.742761 
-0.140000 	 0.017086 
-0.130000 	 -0.270440 
-0.120000 	 -0.730453 
-0.110000 	 1.985792 
-0.100000 	 0.252464 
-0.090000 	 -0.104957 
-0.080000 	 2.337266 
-0.070000 	 0.784569 
-0.060000 	 -0.027257 
-0.050000 	 1.209175 
-0.040000 	 -0.280278 
-0.030000 	 -1.403573 
-0.020000 	 -1.271967 
-0.010000 	 3.749601 
0.000000 	 -2.264490 
0.010000 	 1.146028 
0.020000 	 0.147030 
0.030000 	 -1.927365 
0.040000 	 -0.784851 
0.050000 	 0.435364 
0.060000 	 -1.823152 
0.070000 	 -2.344832 
0.080000 	 -0.087825 
0.090000 	 -3.769539 
0.100000 	 -0.958441 
0.110000 	 -0.087741 
0.120000 	 -2.634608 
0.130000 	 0.882005 
0.140000 	 3.778481 
0.150000 	 -0.196177 
0.160000 	 -2.225546 
0.170000 	 2.563811 
0.180000 	 -1.009673 
0.190000 	 1.209862 
0.200000 	 3.867775 
0.210000 	 0.947802 
0.220000 	 -0.904049 
0.230000 	 0.443796 
0.240000 	 0.887454 
0.250000 	 -0.665407 
0.260000 	 0.930619 
0.270000 	 -0.501772 
0.280000 	 -1.009334 
0.290000 	 -1.602479 
0.300000 	 0.247799 
0.310000 	 0.450734 
0.320000 	 -0.549091 
0.330000 	 0.788645 
0.340000 	 -0.168674 
0.350000 	 -0.367509 
0.360000 	 -0.469122 
0.370000 	 2.750942 
0.380000 	 -1.061066 
0.390000 	 3.266315 
0.400000 	 0.987454 
0.410000 	 3.312204 
0.420000 	 -0.368333 
0.430000 	 -0.074585 
0.440000 	 -0.168869 
0.450000 	 0.164537 
0.460000 	 -0.725428 
0.470000 	 3.051623 
0.480000 	 -3.657902 
0.490000 	 -0.185340 
0.500000 	 -0.209884 
0.510000 	 1.756545 
0.520000 	 -0.017282 
0.530000 	 1.813868 
0.540000 	 0.707148 
0.550000 	 3.713908 
0.560000 	 0.765364 
0.570000 	 2.014667 
0.580000 	 -0.077344 
0.590000 	 0.122739 
0.600000 	 2.047352 
0.610000 	 3.464937 
0.620000 	 -0.039231 
0.630000 	 1.731567 
0.640000 	 1.074377 
0.650000 	 -4.358788 
0.660000 	 1.413546 
0.670000 	 -0.480943 
0.680000 	 -0.336312 
0.690000 	 -0.437625 
0.700000 	 0.846272 
0.710000 	 0.016359 
0.720000 	 -1.373114 
0.730000 	 -0.835392 
0.740000 	 -2.335370 
0.750000 	 1.264515 
0.760000 	 1.398777 
0.770000 	 1.231536 
0.780000 	 0.283881 
0.790000 	 1.126847 
0.800000 	 2.146747 
0.810000 	 -3.370892 
0.820000 	 -0.984639 
0.830000 	 -1.678542 
0.840000 	 -0.239706 
0.850000 	 1.009381 
0.860000 	 0.120206 
0.870000 	 3.723436 
0.880000 	 1.729977 
0.890000 	 1.520841 
0.900000 	 0.854585 
0.910000 	 -0.284203 
0.920000 	 -1.739234 
0.930000 	 1.131083 
0.940000 	 3.349003 
0.950000 	 -2.121427 
0.960000 	 1.148622 
0.970000 	 -2.461698 
0.980000 	 -0.875893 
0.990000 	 -2.142211 
1.000000 	 1.251150 
1.010000 	 -0.298717 
1.020000 	 -2.293096 
1.030000 	 1.134276 
1.040000 	 2.881243 
1.050000 	 -0.048450 
1.060000 	 -0.467030 
1.070000 	 1.364746 
1.080000 	 -0.045100 
1.090000 	 -4.296367 
1.100000 	 -1.410001 
1.110000 	 2.103542 
1.120000 	 1.343248 
1.130000 	 2.156526 
1.140000 	 -0.099238 
1.150000 	 -1.610071 
1.160000 	 0.261170 
1.170000 	 -0.337174 
1.180000 	 1.887671 
1.190000 	 0.272110 
1.200000 	 -1.161556 
1.210000 	 2.138621 
1.220000 	 0.875926 
1.230000 	 0.985761 
1.240000 	 1.964262 
1.250000 	 0.401207 
1.260000 	 -0.020784 
1.270000 	 -0.387209 
1.280000 	 0.309101 
1.290000 	 0.714797 
1.300000 	 0.836510 
1.310000 	 0.224727 
1.320000 	 -2.253099 
1.330000 	 0.099975 
1.340000 	 1.139724 
1.350000 	 1.124693 
1.360000 	 -3.015547 
1.370000 	 -1.339125 
1.380000 	 -3.980535 
1.390000 	 -1.065659 
1.400000 	 0.005521 
1.410000 	 -0.573510 
1.420000 	 1.597385 
1.430000 	 2.070902 
1.440000 	 1.783310 
1.450000 	 1.808659 
1.460000 	 1.673041 
1.470000 	 0.219124 
1.480000 	 1.757128 
1.490000 	 2.000000 
1.500000 	 -0.500647 
1.510000 	 1.002201 
1.520000 	 0.274616 
1.530000 	 -1.113718 
1.540000 	 0.208450 
1.550000 	 0.440870 
1.560000 	 1.624026 
1.570000 	 -0.376824 
1.580000 	 1.855978 
1.590000 	 -1.043091 
1.600000 	 3.064028 
1.610000 	 -0.797615 
1.620000 	 1.339684 
1.630000 	 -0.769561 
1.640000 	 2.829468 
1.650000 	 -2.944582 
1.660000 	 3.430540 
1.670000 	 -1.543389 
1.680000 	 -2.700189 
1.690000 	 0.194708 
1.700000 	 1.197909 
1.710000 	 0.174481 
1.720000 	 2.194742 
1.730000 	 1.015410 
1.740000 	 1.675777 
1.750000 	 1.702129 
1.760000 	 -0.708340 
1.770000 	 0.633061 
1.780000 	 2.758425 
1.790000 	 3.582728 
1.800000 	 3.446697 
1.810000 	 3.900947 
1.820000 	 0.310869 
1.830000 	 2.849141 
1.840000 	 -0.875948 
1.850000 	 1.083428 
1.860000 	 -0.346294 
1.870000 	 -1.446453 
1.880000 	 1.487254 
1.890000 	 3.365192 
1.900000 	 5.249669 
1.910000 	 2.102802 
1.920000 	 2.537241 
1.930000 	 0.343390 
1.940000 	 3.671786 
1.950000 	 -0.039438 
1.960000 	 1.825619 
1.970000 	 1.031483 
1.980000 	 1.578359 
1.990000 	 0.293904 
2.000000 	 0.688262 
2.010000 	 0.275299 
2.020000 	 1.478297 
2.030000 	 1.874568 
2.040000 	 4.693492 
2.050000 	 1.089877 
2.060000 	 1.098732 
2.070000 	 1.954636 
2.080000 	 2.587765 
2.090000 	 -0.207911 
2.100000 	 3.898326 
2.110000 	 0.537179 
2.120000 	 1.428703 
2.130000 	 -0.052740 
2.140000 	 2.859612 
2.150000 	 2.961867 
2.160000 	 3.090221 
2.170000 	 5.509792 
2.180000 	 1.186147 
2.190000 	 3.325677 
2.200000 	 3.188047 
2.210000 	 3.413206 
2.220000 	 3.796580 
2.230000 	 4.786812 
2.240000 	 5.596256 
2.250000 	 3.453800 
2.260000 	 3.258280 
2.270000 	 2.449424 
2.280000 	 6.989852 
2.290000 	 3.055980 
2.300000 	 3.334170 
2.310000 	 2.919486 
2.320000 	 4.204622 
2.330000 	 4.671730 
2.340000 	 2.441151 
2.350000 	 3.716430 
2.360000 	 2.805382 
2.370000 	 4.494900 
2.380000 	 5.880918 
2.390000 	 6.276677 
2.400000 	 1.673743 
2.410000 	 2.675292 
2.420000 	 7.117185 
2.430000 	 5.688520 
2.440000 	 5.872001 
2.450000 	 5.767558 
2.460000 	 5.932610 
2.470000 	 2.434844 
2.480000 	 7.262485 
2.490000 	 1.140856 
2.500000 	 5.608067 
2.510000 	 5.010549 
2.520000 	 2.965184 
2.530000 	 6.148492 
2.540000 	 6.467950 
2.550000 	 5.962405 
2.560000 	 6.296871 
2.570000 	 1.387763 
2.580000 	 6.205400 
2.590000 	 5.585651 
2.600000 	 6.808447 
2.610000 	 7.201859 
2.620000 	 5.906220 
2.630000 	 1.931258 
2.640000 	 4.360442 
2.650000 	 9.201948 
2.660000 	 7.952096 
2.670000 	 6.791998 
2.680000 	 6.634859 
2.690000 	 5.647306 
2.700000 	 6.790183 
2.710000 	 7.350099 
2.720000 	 4.389917 
2.730000 	 6.326103 
2.740000 	 5.928348 
2.750000 	 5.397743 
2.760000 	 6.961053 
2.770000 	 5.884664 
2.780000 	 5.439060 
2.790000 	 9.262090 
2.800000 	 5.567168 
2.810000 	 7.561346 
2.820000 	 8.433273 
2.830000 	 8.134776 
2.840000 	 7.242580 
2.850000 	 7.927978 
2.860000 	 7.472036 
2.870000 	 7.978717 
2.880000 	 5.223841 
2.890000 	 9.284204 
2.900000 	 12.000129 
2.910000 	 11.934387 
2.920000 	 9.533837 
2.930000 	 7.721507 
2.940000 	 10.637861 
2.950000 	 11.200053 
2.960000 	 10.651512 
2.970000 	 7.783064 
2.980000 	 8.388840 
2.990000 	 9.784832 
3.000000 	 8.257544 
3.010000 	 7.710392 
3.020000 	 10.253999 
3.030000 	 9.947815 
3.040000 	 12.189882 
3.050000 	 7.379598 
3.060000 	 9.345229 
3.070000 	 14.515691 
3.080000 	 12.298026 
3.090000 	 9.524640 
3.100000 	 11.805718 
3.110000 	 10.883735 
3.120000 	 12.629670 
3.130000 	 9.228671 
3.140000 	 16.076997 
3.150000 	 12.643662 
3.160000 	 12.436711 
3.170000 	 12.380716 
3.180000 	 11.842862 
3.190000 	 12.456216 
3.200000 	 12.373771 
3.210000 	 14.004908 
3.220000 	 14.059650 
3.230000 	 14.154319 
3.240000 	 11.913882 
3.250000 	 15.713749 
3.260000 	 14.698683 
3.270000 	 15.700607 
3.280000 	 13.469375 
3.290000 	 14.442358 
3.300000 	 12.023655 
3.310000 	 11.425650 
3.320000 	 17.049798 
3.330000 	 17.977477 
3.340000 	 15.079926 
3.350000 	 32.000000 
3.360000 	 15.022707 
3.370000 	 16.783136 
3.380000 	 14.655228 
3.390000 	 15.196700 
3.400000 	 15.883704 
3.410000 	 16.932553 
3.420000 	 17.058560 
3.430000 	 17.360223 
3.440000 	 17.705513 
3.450000 	 15.353035 
3.460000 	 16.189097 
3.470000 	 19.665136 
3.480000 	 18.768831 
3.490000 	 21.131589 
3.500000 	 19.308991 
3.510000 	 19.622881 
3.520000 	 19.672630 
3.530000 	 20.001356 
3.540000 	 21.416837 
3.550000 	 22.006658 
3.560000 	 19.296185 
3.570000 	 17.951248 
3.580000 	 22.054572 
3.590000 	 20.745402 
3.600000 	 22.297336 
3.610000 	 22.552184 
3.620000 	 20.616977 
3.630000 	 21.758967 
3.640000 	 20.440726 
3.650000 	 24.413100 
3.660000 	 21.917802 
3.670000 	 23.694722 
3.680000 	 21.270556 
3.690000 	 23.133442 
3.700000 	 25.334931 
3.710000 	 26.010919 
3.720000 	 24.913883 
3.730000 	 26.273220 
3.740000 	 27.886733 
3.750000 	 25.480793 
3.760000 	 23.751357 
3.770000 	 25.101446 
3.780000 	 26.510564 
3.790000 	 27.298860 
3.800000 	 29.245461 
3.810000 	 27.203870 
3.820000 	 27.552914 
3.830000 	 23.922583 
3.840000 	 27.358875 
3.850000 	 28.299072 
3.860000 	 26.976079 
3.870000 	 29.902811 
3.880000 	 31.793399 
3.890000 	 29.225877 
3.900000 	 26.942467 
3.910000 	 31.154556 
3.920000 	 30.911436 
3.930000 	 30.753670 
3.940000 	 32.862991 
3.950000 	 29.883054 
3.960000 	 32.890037 
3.970000 	 31.397940 
3.980000 	 33.476126 
3.990000 	 32.774053 
4.000000 	 30.072401 
