-3.000000 	 -13.082312 
-2.990000 	 -11.964532 
-2.980000 	 -11.420895 
-2.970000 	 -12.293245 
-2.960000 	 -10.513797 
-2.950000 	 -12.414100 
-2.940000 	 -10.758858 
-2.930000 	 -11.996504 
-2.920000 	 -12.290221 
-2.910000 	 -9.774999 
-2.900000 	 -10.909789 
-2.890000 	 -11.582394 
-2.880000 	 -7.314524 
-2.870000 	 -9.164210 
-2.860000 	 -9.267042 
-2.850000 	 -12.220846 
-2.840000 	 -8.921328 
-2.830000 	 -11.331914 
-2.820000 	 -9.512689 
-2.810000 	 -10.593593 
-2.800000 	 -10.184165 
-2.790000 	 -12.999359 
-2.780000 	 -11.427652 
-2.770000 	 -9.572041 
-2.760000 	 -12.176553 
-2.750000 	 -10.231319 
-2.740000 	 -11.622564 
-2.730000 	 -6.459871 
-2.720000 	 -12.501921 
-2.710000 	 -11.502682 
-2.700000 	 -10.488610 
-2.690000 	 -9.866129 
-2.680000 	 -9.931254 
-2.670000 	 -11.965192 
-2.660000 	 -9.080203 
-2.650000 	 -12.319834 
-2.640000 	 -10.018245 
-2.630000 	 -7.273535 
-2.620000 	 -12.026759 
-2.610000 	 -10.027012 
-2.600000 	 -11.568818 
-2.590000 	 -11.382709 
-2.580000 	 -9.838252 
-2.570000 	 -12.305519 
-2.560000 	 -9.641215 
-2.550000 	 -12.223119 
-2.540000 	 -10.958353 
-2.530000 	 -9.717486 
-2.520000 	 -10.152644 
-2.510000 	 -10.059661 
-2.500000 	 -9.361446 
-2.490000 	 -10.367864 
-2.480000 	 -10.783575 
-2.470000 	 -9.204648 
-2.460000 	 -9.512431 
-2.450000 	 -8.684585 
-2.440000 	 -7.672071 
-2.430000 	 -11.038911 
-2.420000 	 -10.041833 
-2.410000 	 -8.108221 
-2.400000 	 -8.563596 
-2.390000 	 -8.318731 
-2.380000 	 -5.201113 
-2.370000 	 -9.763562 
-2.360000 	 -11.425519 
-2.350000 	 -9.518543 
-2.340000 	 -9.515126 
-2.330000 	 -9.379212 
-2.320000 	 -8.599636 
-2.310000 	 -8.667231 
-2.300000 	 -8.379162 
-2.290000 	 -10.906715 
-2.280000 	 -6.439520 
-2.270000 	 -6.232589 
-2.260000 	 -7.963232 
-2.250000 	 -10.648242 
-2.240000 	 -7.135545 
-2.230000 	 -7.621032 
-2.220000 	 -7.818464 
-2.210000 	 -8.035837 
-2.200000 	 -7.910812 
-2.190000 	 -6.006055 
-2.180000 	 -8.539276 
-2.170000 	 -10.098602 
-2.160000 	 -8.612175 
-2.150000 	 -7.264507 
-2.140000 	 -9.361520 
-2.130000 	 -6.335432 
-2.120000 	 -7.685626 
-2.110000 	 -6.801330 
-2.100000 	 -8.708558 
-2.090000 	 -4.693548 
-2.080000 	 -4.499151 
-2.070000 	 -9.024381 
-2.060000 	 -7.051329 
-2.050000 	 -8.227297 
-2.040000 	 -8.485837 
-2.030000 	 -8.749235 
-2.020000 	 -8.927739 
-2.010000 	 -6.709431 
-2.000000 	 -5.466991 
-1.990000 	 -4.245775 
-1.980000 	 -6.393211 
-1.970000 	 -9.236261 
-1.960000 	 -7.430325 
-1.950000 	 -7.328309 
-1.940000 	 -4.788576 
-1.930000 	 -6.290477 
-1.920000 	 -7.434934 
-1.910000 	 -8.398829 
-1.900000 	 -6.105348 
-1.890000 	 -4.280483 
-1.880000 	 -3.213884 
-1.870000 	 -5.058185 
-1.860000 	 -8.147259 
-1.850000 	 -6.039533 
-1.840000 	 -2.753172 
-1.830000 	 -6.215776 
-1.820000 	 -4.509730 
-1.810000 	 -7.638100 
-1.800000 	 -3.209796 
-1.790000 	 -8.088206 
-1.780000 	 -6.102180 
-1.770000 	 -5.995464 
-1.760000 	 -7.373967 
-1.750000 	 -2.275838 
-1.740000 	 -4.956083 
-1.730000 	 -4.026183 
-1.720000 	 -5.900849 
-1.710000 	 -5.020573 
-1.700000 	 -4.522711 
-1.690000 	 -4.785134 
-1.680000 	 -6.628924 
-1.670000 	 0.210015 
-1.660000 	 -4.287932 
-1.650000 	 -4.311184 
-1.640000 	 -6.560598 
-1.630000 	 -5.639773 
-1.620000 	 -6.863261 
-1.610000 	 -3.625582 
-1.600000 	 -7.743493 
-1.590000 	 -8.111192 
-1.580000 	 -6.545864 
-1.570000 	 -5.382540 
-1.560000 	 -5.768231 
-1.550000 	 -6.104760 
-1.540000 	 -5.024372 
-1.530000 	 -4.150777 
-1.520000 	 -3.432103 
-1.510000 	 -2.523343 
-1.500000 	 -4.352493 
-1.490000 	 -3.080697 
-1.480000 	 -3.812399 
-1.470000 	 -3.669448 
-1.460000 	 -3.421660 
-1.450000 	 -2.005747 
-1.440000 	 -5.676150 
-1.430000 	 -3.696366 
-1.420000 	 -4.393157 
-1.410000 	 -3.464672 
-1.400000 	 -6.032165 
-1.390000 	 -4.894764 
-1.380000 	 -3.564521 
-1.370000 	 -4.276721 
-1.360000 	 -3.227948 
-1.350000 	 -4.643991 
-1.340000 	 -2.720908 
-1.330000 	 -3.273390 
-1.320000 	 -2.485693 
-1.310000 	 -1.806901 
-1.300000 	 -4.809753 
-1.290000 	 -0.926515 
-1.280000 	 -4.635425 
-1.270000 	 -3.649470 
-1.260000 	 -3.537496 
-1.250000 	 -5.213584 
-1.240000 	 -4.126745 
-1.230000 	 -0.506073 
-1.220000 	 -2.591442 
-1.210000 	 -1.194236 
-1.200000 	 -2.584807 
-1.190000 	 -1.628173 
-1.180000 	 -2.897923 
-1.170000 	 -3.785267 
-1.160000 	 -2.706807 
-1.150000 	 -0.667836 
-1.140000 	 -2.502737 
-1.130000 	 -1.295585 
-1.120000 	 -5.284199 
-1.110000 	 -2.384095 
-1.100000 	 -3.809327 
-1.090000 	 -2.800685 
-1.080000 	 -2.385377 
-1.070000 	 0.059488 
-1.060000 	 -2.449995 
-1.050000 	 -3.939932 
-1.040000 	 -1.447034 
-1.030000 	 -3.374931 
-1.020000 	 -3.793765 
-1.010000 	 -0.849698 
-1.000000 	 -4.233038 
-0.990000 	 -1.079558 
-0.980000 	 -2.561859 
-0.970000 	 -1.883776 
-0.960000 	 -3.291498 
-0.950000 	 -3.217869 
-0.940000 	 -3.539206 
-0.930000 	 -2.598439 
-0.920000 	 0.972203 
-0.910000 	 -1.546278 
-0.900000 	 -1.574335 
-0.890000 	 -0.493636 
-0.880000 	 0.558512 
-0.870000 	 -3.700693 
-0.860000 	 -2.833002 
-0.850000 	 -2.531300 
-0.840000 	 -2.236454 
-0.830000 	 -1.987740 
-0.820000 	 -1.624882 
-0.810000 	 -2.095242 
-0.800000 	 -1.978040 
-0.790000 	 -4.330411 
-0.780000 	 -1.864480 
-0.770000 	 -3.287954 
-0.760000 	 -0.654335 
-0.750000 	 -2.404320 
-0.740000 	 -2.324176 
-0.730000 	 -1.033768 
-0.720000 	 -0.491481 
-0.710000 	 -2.303975 
-0.700000 	 -3.564769 
-0.690000 	 -0.721936 
-0.680000 	 -2.255901 
-0.670000 	 -2.225585 
-0.660000 	 -3.018208 
-0.650000 	 -2.153541 
-0.640000 	 -1.354031 
-0.630000 	 -1.970973 
-0.620000 	 -0.936690 
-0.610000 	 -2.469878 
-0.600000 	 1.254126 
-0.590000 	 -1.795969 
-0.580000 	 -4.020627 
-0.570000 	 -0.972406 
-0.560000 	 -0.656174 
-0.550000 	 0.509690 
-0.540000 	 -0.967590 
-0.530000 	 -2.392615 
-0.520000 	 2.138744 
-0.510000 	 -1.245292 
-0.500000 	 -0.994497 
-0.490000 	 -0.130953 
-0.480000 	 -0.866646 
-0.470000 	 -2.358340 
-0.460000 	 -0.887292 
-0.450000 	 -0.497153 
-0.440000 	 -0.213400 
-0.430000 	 0.800302 
-0.420000 	 -2.981360 
-0.410000 	 -1.501861 
-0.400000 	 2.032535 
-0.390000 	 -1.034304 
-0.380000 	 -0.830267 
-0.370000 	 -1.956088 
-0.360000 	 -2.461022 
-0.350000 	 2.200406 
-0.340000 	 -0.661092 
-0.330000 	 -1.883904 
-0.320000 	 2.560026 
-0.310000 	 -1.701685 
-0.300000 	 -3.022592 
-0.290000 	 0.326244 
-0.280000 	 -2.837932 
-0.270000 	 -1.895637 
-0.260000 	 0.960234 
-0.250000 	 2.135779 
-0.240000 	 -1.740013 
-0.230000 	 0.717235 
-0.220000 	 2.625440 
-0.210000 	 -0.890484 
-0.200000 	 -2.801602 
-0.190000 	 -1.727033 
-0.180000 	 0.085557 
-0.170000 	 -1.614756 
-0.160000 	 -1.793895 
-0.150000 	 -0.933059 
-0.140000 	 -0.736101 
-0.130000 	 0.538376 
-0.120000 	 1.911767 
-0.110000 	 -0.691740 
-0.100000 	 -2.544898 
-0.090000 	 0.946049 
-0.080000 	 -0.958990 
-0.070000 	 0.631642 
-0.060000 	 -0.623259 
-0.050000 	 0.776028 
-0.040000 	 3.413825 
-0.030000 	 -1.556438 
-0.020000 	 -0.136285 
-0.010000 	 0.426425 
0.000000 	 1.459736 
0.010000 	 0.012819 
0.020000 	 0.455822 
0.030000 	 4.316613 
0.040000 	 -1.389154 
0.050000 	 2.572377 
0.060000 	 0.583595 
0.070000 	 2.446865 
0.080000 	 -0.935851 
0.090000 	 2.041160 
0.100000 	 1.250115 
0.110000 	 0.972814 
0.120000 	 -0.785511 
0.130000 	 -0.974279 
0.140000 	 -1.379725 
0.150000 	 1.688543 
0.160000 	 0.387710 
0.170000 	 1.949505 
0.180000 	 -0.007774 
0.190000 	 1.056619 
0.200000 	 -1.286336 
0.210000 	 0.193178 
0.220000 	 1.877283 
0.230000 	 -1.496249 
0.240000 	 -2.884326 
0.250000 	 2.182656 
0.260000 	 1.056841 
0.270000 	 0.834377 
0.280000 	 4.673337 
0.290000 	 -0.721401 
0.300000 	 -1.175748 
0.310000 	 0.092046 
0.320000 	 0.199974 
0.330000 	 -1.423884 
0.340000 	 0.741299 
0.350000 	 1.867409 
0.360000 	 -1.381759 
0.370000 	 0.809015 
0.380000 	 0.379463 
0.390000 	 1.364945 
0.400000 	 1.756959 
0.410000 	 -1.578574 
0.420000 	 1.430639 
0.430000 	 1.745958 
0.440000 	 0.839982 
0.450000 	 1.746716 
0.460000 	 1.166391 
0.470000 	 1.290394 
0.480000 	 -0.266492 
0.490000 	 -1.409250 
0.500000 	 0.051635 
0.510000 	 2.406958 
0.520000 	 1.357103 
0.530000 	 0.589033 
0.540000 	 -0.284733 
0.550000 	 2.101967 
0.560000 	 -0.270626 
0.570000 	 2.494901 
0.580000 	 0.462764 
0.590000 	 0.241505 
0.600000 	 -0.036793 
0.610000 	 -1.365545 
0.620000 	 -3.905817 
0.630000 	 -0.089311 
0.640000 	 2.566059 
0.650000 	 1.865982 
0.660000 	 0.963948 
0.670000 	 2.038997 
0.680000 	 1.147595 
0.690000 	 4.184931 
0.700000 	 0.384367 
0.710000 	 0.917961 
0.720000 	 -3.537026 
0.730000 	 0.833331 
0.740000 	 -0.523749 
0.750000 	 2.313490 
0.760000 	 0.637789 
0.770000 	 2.414978 
0.780000 	 -0.700148 
0.790000 	 2.402364 
0.800000 	 -0.404789 
0.810000 	 -1.715989 
0.820000 	 1.076312 
0.830000 	 1.959429 
0.840000 	 0.386194 
0.850000 	 1.290840 
0.860000 	 -0.777641 
0.870000 	 2.341334 
0.880000 	 -0.556022 
0.890000 	 -0.145885 
0.900000 	 0.709407 
0.910000 	 1.263507 
0.920000 	 -1.429487 
0.930000 	 -0.639240 
0.940000 	 1.385381 
0.950000 	 0.395848 
0.960000 	 -1.145741 
0.970000 	 2.651561 
0.980000 	 -0.102675 
0.990000 	 0.560784 
1.000000 	 2.076767 
1.010000 	 1.334505 
1.020000 	 0.331104 
1.030000 	 0.838812 
1.040000 	 3.983667 
1.050000 	 -0.205930 
1.060000 	 2.042083 
1.070000 	 -1.638609 
1.080000 	 -0.216029 
1.090000 	 -2.468725 
1.100000 	 -1.582593 
1.110000 	 0.010951 
1.120000 	 -1.866837 
1.130000 	 -2.545354 
1.140000 	 -0.285672 
1.150000 	 -0.883779 
1.160000 	 -0.475162 
1.170000 	 0.708724 
1.180000 	 0.643390 
1.190000 	 0.405012 
1.200000 	 -0.035502 
1.210000 	 2.629375 
1.220000 	 -0.250552 
1.230000 	 -1.710734 
1.240000 	 -1.462173 
1.250000 	 -0.877886 
1.260000 	 1.618357 
1.270000 	 -0.302782 
1.280000 	 1.781175 
1.290000 	 -1.184215 
1.300000 	 3.300407 
1.310000 	 1.506350 
1.320000 	 0.763997 
1.330000 	 -0.613738 
1.340000 	 0.425848 
1.350000 	 -0.097956 
1.360000 	 -0.557971 
1.370000 	 0.196479 
1.380000 	 1.502661 
1.390000 	 1.971230 
1.400000 	 2.374152 
1.410000 	 2.539208 
1.420000 	 -1.592887 
1.430000 	 1.363345 
1.440000 	 0.044775 
1.450000 	 0.291953 
1.460000 	 0.487837 
1.470000 	 4.750954 
1.480000 	 1.528169 
1.490000 	 2.048765 
1.500000 	 2.164185 
1.510000 	 -1.401503 
1.520000 	 1.273985 
1.530000 	 1.281340 
1.540000 	 0.493830 
1.550000 	 0.178318 
1.560000 	 1.658441 
1.570000 	 0.888318 
1.580000 	 2.457627 
1.590000 	 0.344158 
1.600000 	 0.780743 
1.610000 	 2.651630 
1.620000 	 1.933683 
1.630000 	 3.064435 
1.640000 	 3.176772 
1.650000 	 -0.555157 
1.660000 	 1.426216 
1.670000 	 3.389395 
1.680000 	 0.879410 
1.690000 	 0.187194 
1.700000 	 0.509196 
1.710000 	 2.452017 
1.720000 	 3.002404 
1.730000 	 0.899715 
1.740000 	 -0.629896 
1.750000 	 -0.607979 
1.760000 	 -0.778965 
1.770000 	 1.508130 
1.780000 	 1.167731 
1.790000 	 1.026083 
1.800000 	 1.296126 
1.810000 	 1.242645 
1.820000 	 2.358786 
1.830000 	 2.316378 
1.840000 	 2.635300 
1.850000 	 4.370136 
1.860000 	 -1.195010 
1.870000 	 2.235624 
1.880000 	 1.410899 
1.890000 	 -0.360749 
1.900000 	 1.052827 
1.910000 	 0.365061 
1.920000 	 4.705242 
1.930000 	 3.619589 
1.940000 	 2.101993 
1.950000 	 -0.387287 
1.960000 	 1.922415 
1.970000 	 -4.970391 
1.980000 	 3.496510 
1.990000 	 0.220169 
2.000000 	 -1.270791 
2.010000 	 3.111453 
2.020000 	 0.839971 
2.030000 	 1.452004 
2.040000 	 2.313128 
2.050000 	 2.810335 
2.060000 	 2.096505 
2.070000 	 0.978540 
2.080000 	 3.865517 
2.090000 	 1.239658 
2.100000 	 2.847864 
2.110000 	 1.555770 
2.120000 	 3.745083 
2.130000 	 2.927779 
2.140000 	 2.294060 
2.150000 	 0.321462 
2.160000 	 1.557544 
2.170000 	 2.298973 
2.180000 	 2.639513 
2.190000 	 3.848123 
2.200000 	 7.668607 
2.210000 	 4.447276 
2.220000 	 3.731276 
2.230000 	 2.609231 
2.240000 	 5.624825 
2.250000 	 2.972849 
2.260000 	 3.743658 
2.270000 	 5.175412 
2.280000 	 4.685962 
2.290000 	 4.685203 
2.300000 	 3.771885 
2.310000 	 0.078466 
2.320000 	 5.026375 
2.330000 	 0.025047 
2.340000 	 1.753884 
2.350000 	 5.331071 
2.360000 	 4.813476 
2.370000 	 0.386167 
2.380000 	 5.110496 
2.390000 	 6.476584 
2.400000 	 4.168079 
2.410000 	 1.482778 
2.420000 	 5.424295 
2.430000 	 4.310319 
2.440000 	 4.129466 
2.450000 	 4.347824 
2.460000 	 5.908889 
2.470000 	 3.623810 
2.480000 	 3.935624 
2.490000 	 2.613506 
2.500000 	 4.229686 
2.510000 	 2.729005 
2.520000 	 7.790945 
2.530000 	 6.154866 
2.540000 	 4.031764 
2.550000 	 3.862718 
2.560000 	 4.621768 
2.570000 	 4.388835 
2.580000 	 4.707044 
2.590000 	 6.494589 
2.600000 	 6.311815 
2.610000 	 5.922621 
2.620000 	 4.733299 
2.630000 	 6.035341 
2.640000 	 9.288817 
2.650000 	 6.033100 
2.660000 	 5.217313 
2.670000 	 8.922098 
2.680000 	 7.183254 
2.690000 	 6.186160 
2.700000 	 7.350162 
2.710000 	 11.231736 
2.720000 	 6.179213 
2.730000 	 6.810820 
2.740000 	 9.227308 
2.750000 	 9.138161 
2.760000 	 7.409711 
2.770000 	 10.373989 
2.780000 	 6.025301 
2.790000 	 4.995845 
2.800000 	 7.130458 
2.810000 	 9.226756 
2.820000 	 9.137876 
2.830000 	 8.392564 
2.840000 	 6.873853 
2.850000 	 8.604606 
2.860000 	 10.630355 
2.870000 	 16.000000 
2.880000 	 6.480856 
2.890000 	 7.580416 
2.900000 	 8.558376 
2.910000 	 6.621355 
2.920000 	 9.306629 
2.930000 	 10.118925 
2.940000 	 7.608457 
2.950000 	 11.071837 
2.960000 	 10.258188 
2.970000 	 9.132722 
2.980000 	 10.052203 
2.990000 	 10.710294 
3.000000 	 9.553046 
3.010000 	 10.420605 
3.020000 	 11.072779 
3.030000 	 12.579667 
3.040000 	 9.045292 
3.050000 	 12.850468 
3.060000 	 12.014900 
3.070000 	 8.679399 
3.080000 	 11.923999 
3.090000 	 12.312307 
3.100000 	 8.471122 
3.110000 	 11.729358 
3.120000 	 12.367829 
3.130000 	 11.867084 
3.140000 	 13.643618 
3.150000 	 -9.000000 
3.160000 	 12.218840 
3.170000 	 13.847317 
3.180000 	 15.323815 
3.190000 	 13.612160 
3.200000 	 12.169885 
3.210000 	 14.690970 
3.220000 	 13.620079 
3.230000 	 11.609817 
3.240000 	 14.561895 
3.250000 	 15.276931 
3.260000 	 13.550655 
3.270000 	 14.975066 
3.280000 	 15.451511 
3.290000 	 14.043914 
3.300000 	 17.247198 
3.310000 	 14.247930 
3.320000 	 14.903059 
3.330000 	 12.813059 
3.340000 	 15.665703 
3.350000 	 14.594964 
3.360000 	 14.589212 
3.370000 	 17.716005 
3.380000 	 16.432017 
3.390000 	 16.590429 
3.400000 	 14.572884 
3.410000 	 16.881644 
3.420000 	 17.826014 
3.430000 	 17.426715 
3.440000 	 17.790051 
3.450000 	 16.027017 
3.460000 	 18.910032 
3.470000 	 18.945039 
3.480000 	 19.483112 
3.490000 	 16.829227 
3.500000 	 18.609001 
3.510000 	 18.819635 
3.520000 	 20.111588 
3.530000 	 17.184936 
3.540000 	 18.945548 
3.550000 	 20.683398 
3.560000 	 21.947779 
3.570000 	 20.145563 
3.580000 	 20.723545 
3.590000 	 23.622356 
3.600000 	 23.027655 
3.610000 	 20.666107 
3.620000 	 25.836029 
3.630000 	 21.512771 
3.640000 	 21.520230 
3.650000 	 20.186836 
3.660000 	 20.688520 
3.670000 	 23.621137 
3.680000 	 27.236311 
3.690000 	 26.271446 
3.700000 	 24.527159 
3.710000 	 24.982654 
3.720000 	 26.525081 
3.730000 	 26.582630 
3.740000 	 27.099454 
3.750000 	 25.174219 
3.760000 	 25.563337 
3.770000 	 28.885108 
3.780000 	 24.781737 
3.790000 	 25.665647 
3.800000 	 29.670146 
3.810000 	 25.940233 
3.820000 	 28.309823 
3.830000 	 27.439161 
3.840000 	 26.312173 
3.850000 	 26.158169 
3.860000 	 28.499841 
3.870000 	 28.933160 
3.880000 	 31.353923 
3.890000 	 28.011410 
3.900000 	 25.915176 
3.910000 	 30.719381 
3.920000 	 30.679136 
3.930000 	 32.005562 
3.940000 	 32.504628 
3.950000 	 28.888963 
3.960000 	 31.034402 
3.970000 	 32.879893 
3.980000 	 31.376340 
3.990000 	 34.737674 
4.000000 	 35.383274 
