-3.000000 	 -11.209527 
-2.990000 	 -11.787660 
-2.980000 	 -9.894767 
-2.970000 	 -10.976190 
-2.960000 	 -12.668218 
-2.950000 	 -9.085030 
-2.940000 	 -12.341779 
-2.930000 	 -12.080416 
-2.920000 	 -12.873781 
-2.910000 	 -10.978647 
-2.900000 	 -12.651942 
-2.890000 	 -11.878590 
-2.880000 	 -11.268478 
-2.870000 	 -11.626157 
-2.860000 	 -13.195760 
-2.850000 	 -11.487481 
-2.840000 	 -13.688308 
-2.830000 	 -10.427104 
-2.820000 	 -9.426448 
-2.810000 	 -10.782910 
-2.800000 	 -11.680383 
-2.790000 	 -12.172760 
-2.780000 	 -9.433822 
-2.770000 	 -12.018729 
-2.760000 	 -12.388235 
-2.750000 	 -11.158067 
-2.740000 	 -12.976815 
-2.730000 	 -10.258521 
-2.720000 	 -9.960268 
-2.710000 	 -11.403191 
-2.700000 	 -11.146349 
-2.690000 	 -10.884668 
-2.680000 	 -11.778978 
-2.670000 	 -10.846325 
-2.660000 	 -11.639525 
-2.650000 	 -8.100106 
-2.640000 	 -9.340757 
-2.630000 	 -12.312518 
-2.620000 	 -9.074065 
-2.610000 	 -11.283842 
-2.600000 	 -8.507160 
-2.590000 	 -11.480144 
-2.580000 	 -10.139226 
-2.570000 	 -7.090711 
-2.560000 	 -10.909594 
-2.550000 	 -10.024282 
-2.540000 	 -8.915110 
-2.530000 	 -9.173550 
-2.520000 	 -10.872897 
-2.510000 	 -10.246457 
-2.500000 	 33.000000 
-2.490000 	 -12.847431 
-2.480000 	 -12.184028 
-2.470000 	 -8.583869 
-2.460000 	 -8.542021 
-2.450000 	 -9.844216 
-2.440000 	 -9.382991 
-2.430000 	 -9.125504 
-2.420000 	 -7.754320 
-2.410000 	 -9.292235 
-2.400000 	 -10.954199 
-2.390000 	 -2.000000 
-2.380000 	 -8.104340 
-2.370000 	 -10.338397 
-2.360000 	 -8.386422 
-2.350000 	 -9.166399 
-2.340000 	 -7.236286 
-2.330000 	 -4.600749 
-2.320000 	 -6.894631 
-2.310000 	 -7.011506 
-2.300000 	 -4.865428 
-2.290000 	 -7.887985 
-2.280000 	 -10.316196 
-2.270000 	 -7.582947 
-2.260000 	 -6.887573 
-2.250000 	 -10.000239 
-2.240000 	 -10.217907 
-2.230000 	 -7.955946 
-2.220000 	 -7.905194 
-2.210000 	 -8.676390 
-2.200000 	 -7.002695 
-2.190000 	 -7.342897 
-2.180000 	 -11.808831 
-2.170000 	 -7.829106 
-2.160000 	 -6.599983 
-2.150000 	 -6.461416 
-2.140000 	 -8.057692 
-2.130000 	 -8.707322 
-2.120000 	 -4.044520 
-2.110000 	 -8.286904 
-2.100000 	 -5.102393 
-2.090000 	 -2.770180 
-2.080000 	 -7.085552 
-2.070000 	 -6.513953 
-2.060000 	 -7.234459 
-2.050000 	 -6.168975 
-2.040000 	 -9.935113 
-2.030000 	 -6.141004 
-2.020000 	 -8.002994 
-2.010000 	 -8.122819 
-2.000000 	 -8.306578 
-1.990000 	 -4.791596 
-1.980000 	 -7.111237 
-1.970000 	 -7.704103 
-1.960000 	 -4.856445 
-1.950000 	 -7.600728 
-1.940000 	 -9.088475 
-1.930000 	 -6.571007 
-1.920000 	 -7.080928 
-1.910000 	 -3.402483 
-1.900000 	 -4.215394 
-1.890000 	 -5.562574 
-1.880000 	 -3.679521 
-1.870000 	 -3.858677 
-1.860000 	 -5.098737 
-1.850000 	 -5.448760 
-1.840000 	 -4.783337 
-1.830000 	 -6.728647 
-1.820000 	 -6.590356 
-1.810000 	 -5.888141 
-1.800000 	 -2.460898 
-1.790000 	 -7.597789 
-1.780000 	 -7.300024 
-1.770000 	 -8.132990 
-1.760000 	 -7.134365 
-1.750000 	 -7.522186 
-1.740000 	 -5.056241 
-1.730000 	 -6.426227 
-1.720000 	 -4.486013 
-1.710000 	 -6.303335 
-1.700000 	 -5.036749 
-1.690000 	 -5.251576 
-1.680000 	 -6.207968 
-1.670000 	 -5.530145 
-1.660000 	 -3.898858 
-1.650000 	 -6.397851 
-1.640000 	 -5.782598 
-1.630000 	 -6.166089 
-1.620000 	 -5.033904 
-1.610000 	 -3.998982 
-1.600000 	 -6.252155 
-1.590000 	 -4.028071 
-1.580000 	 -5.413459 
-1.570000 	 -6.987362 
-1.560000 	 -5.111267 
-1.550000 	 -5.547091 
-1.540000 	 -3.184494 
-1.530000 	 -3.750856 
-1.520000 	 -7.171660 
-1.510000 	 -4.476133 
-1.500000 	 -3.910980 
-1.490000 	 -4.415976 
-1.480000 	 -4.588671 
-1.470000 	 -4.187078 
-1.460000 	 -3.230095 
-1.450000 	 -3.894431 
-1.440000 	 -3.907913 
-1.430000 	 -2.593787 
-1.420000 	 -1.200620 
-1.410000 	 -4.125939 
-1.400000 	 -2.685405 
-1.390000 	 -7.021636 
-1.380000 	 -3.841105 
-1.370000 	 -3.162918 
-1.360000 	 -5.231636 
-1.350000 	 -3.387813 
-1.340000 	 -3.912120 
-1.330000 	 -4.935572 
-1.320000 	 -2.641741 
-1.310000 	 -3.274094 
-1.300000 	 -3.179491 
-1.290000 	 -0.664343 
-1.280000 	 -1.640721 
-1.270000 	 -2.501225 
-1.260000 	 -2.923482 
-1.250000 	 -0.902918 
-1.240000 	 0.682250 
-1.230000 	 -2.816499 
-1.220000 	 -2.202903 
-1.210000 	 -3.464084 
-1.200000 	 -0.174048 
-1.190000 	 -1.693858 
-1.180000 	 -2.975359 
-1.170000 	 -4.857271 
-1.160000 	 -1.151336 
-1.150000 	 -2.506672 
-1.140000 	 -2.018907 
-1.130000 	 -3.778681 
-1.120000 	 -4.276335 
-1.110000 	 -1.764081 
-1.100000 	 -0.943534 
-1.090000 	 -2.625843 
-1.080000 	 -1.254189 
-1.070000 	 -1.595549 
-1.060000 	 -1.640247 
-1.050000 	 -1.339579 
-1.040000 	 -2.968963 
-1.030000 	 -4.832145 
-1.020000 	 0.823225 
-1.010000 	 -5.743918 
-1.000000 	 -1.450312 
-0.990000 	 -2.186277 
-0.980000 	 -4.389009 
-0.970000 	 -1.605905 
-0.960000 	 -3.648878 
-0.950000 	 -1.081694 
-0.940000 	 -1.692900 
-0.930000 	 -2.710166 
-0.920000 	 -3.932009 
-0.910000 	 -2.469328 
-0.900000 	 -4.704172 
-0.890000 	 -2.514796 
-0.880000 	 -0.291252 
-0.870000 	 -3.726888 
-0.860000 	 -3.425380 
-0.850000 	 -2.588554 
-0.840000 	 -2.980407 
-0.830000 	 -1.821093 
-0.820000 	 0.162815 
-0.810000 	 -2.874589 
-0.800000 	 0.507076 
-0.790000 	 -3.665713 
-0.780000 	 -3.430719 
-0.770000 	 -3.296229 
-0.760000 	 -1.234826 
-0.750000 	 -2.848994 
-0.740000 	 -1.775735 
-0.730000 	 -1.063490 
-0.720000 	 -1.813907 
-0.710000 	 0.054668 
-0.700000 	 -2.324057 
-0.690000 	 -2.325887 
-0.680000 	 -1.345977 
-0.670000 	 1.520755 
-0.660000 	 -0.488137 
-0.650000 	 -2.744583 
-0.640000 	 -0.918147 
-0.630000 	 -1.463462 
-0.620000 	 -2.560596 
-0.610000 	 -0.347586 
-0.600000 	 -2.388166 
-0.590000 	 -1.015138 
-0.580000 	 2.594943 
-0.570000 	 -0.876782 
-0.560000 	 -2.666351 
-0.550000 	 -1.749288 
-0.540000 	 -1.790310 
-0.530000 	 -3.340237 
-0.520000 	 1.664384 
-0.510000 	 2.477304 
-0.500000 	 -0.232065 
-0.490000 	 -1.864049 
-0.480000 	 -3.514834 
-0.470000 	 0.423872 
-0.460000 	 1.571970 
-0.450000 	 -0.550196 
-0.440000 	 2.837746 
-0.430000 	 0.290447 
-0.420000 	 -1.945030 
-0.410000 	 -2.086663 
-0.400000 	 3.315963 
-0.390000 	 2.071944 
-0.380000 	 0.079336 
-0.370000 	 0.904316 
-0.360000 	 0.788687 
-0.350000 	 -2.545681 
-0.340000 	 -1.468451 
-0.330000 	 -0.521351 
-0.320000 	 0.279201 
-0.310000 	 1.989331 
-0.300000 	 1.190884 
-0.290000 	 2.302849 
-0.280000 	 0.470981 
-0.270000 	 2.375418 
-0.260000 	 0.784252 
-0.250000 	 -2.776476 
-0.240000 	 -1.588044 
-0.230000 	 0.282799 
-0.220000 	 -2.150544 
-0.210000 	 -1.910024 
-0.200000 	 -0.212518 
-0.190000 	 0.091778 
-0.180000 	 -0.346439 
-0.170000 	 -0.199225 
-0.160000 	 2.187740 
-0.150000 	 -0.784737 
-0.140000 	 -3.771570 
-0.130000 	 -1.463498 
-0.120000 	 0.007843 
-0.110000 	 -1.105865 
-0.100000 	 1.434030 
-0.090000 	 0.177185 
-0.080000 	 -0.331647 
-0.070000 	 2.609484 
-0.060000 	 -0.302517 
-0.050000 	 0.777051 
-0.040000 	 -0.817445 
-0.030000 	 0.874420 
-0.020000 	 -0.039360 
-0.010000 	 -1.623875 
0.000000 	 0.686488 
0.010000 	 2.259843 
0.020000 	 -1.136530 
0.030000 	 1.036059 
0.040000 	 -0.142978 
0.050000 	 1.948520 
0.060000 	 0.606912 
0.070000 	 3.285541 
0.080000 	 3.793729 
0.090000 	 -1.683899 
0.100000 	 2.038655 
0.110000 	 2.851875 
0.120000 	 1.767859 
0.130000 	 -1.487489 
0.140000 	 0.113056 
0.150000 	 1.876396 
0.160000 	 -0.640028 
0.170000 	 1.064801 
0.180000 	 0.181988 
0.190000 	 0.931399 
0.200000 	 0.226327 
0.210000 	 2.776435 
0.220000 	 3.627782 
0.230000 	 2.017908 
0.240000 	 -0.038869 
0.250000 	 0.089453 
0.260000 	 -0.357949 
0.270000 	 0.912152 
0.280000 	 0.058367 
0.290000 	 0.434750 
0.300000 	 -0.239381 
0.310000 	 2.351062 
0.320000 	 -2.125483 
0.330000 	 0.816921 
0.340000 	 0.448041 
0.350000 	 3.235453 
0.360000 	 0.509625 
0.370000 	 -0.801029 
0.380000 	 -0.233862 
0.390000 	 -2.249587 
0.400000 	 0.928017 
0.410000 	 1.313986 
0.420000 	 1.769460 
0.430000 	 -0.791349 
0.440000 	 -2.897008 
0.450000 	 -2.110986 
0.460000 	 1.760219 
0.470000 	 1.711410 
0.480000 	 0.238583 
0.490000 	 0.330954 
0.500000 	 2.277211 
0.510000 	 -2.014162 
0.520000 	 1.547255 
0.530000 	 1.133510 
0.540000 	 -0.238497 
0.550000 	 1.491684 
0.560000 	 0.656477 
0.570000 	 1.171241 
0.580000 	 1.667015 
0.590000 	 -1.387187 
0.600000 	 -0.467935 
0.610000 	 0.106110 
0.620000 	 -0.669006 
0.630000 	 0.942787 
0.640000 	 0.839579 
0.650000 	 2.038598 
0.660000 	 0.292585 
0.670000 	 0.252454 
0.680000 	 -0.473743 
0.690000 	 -1.866278 
0.700000 	 -1.838778 
0.710000 	 1.185148 
0.720000 	 -0.396998 
0.730000 	 -0.008671 
0.740000 	 2.523020 
0.750000 	 -1.514466 
0.760000 	 1.513247 
0.770000 	 1.096002 
0.780000 	 0.936597 
0.790000 	 0.754560 
0.800000 	 0.864114 
0.810000 	 -1.202654 
0.820000 	 0.933940 
0.830000 	 -2.044158 
0.840000 	 1.543009 
0.850000 	 -0.963886 
0.860000 	 -3.060704 
0.870000 	 1.102056 
0.880000 	 0.365271 
0.890000 	 -2.579515 
0.900000 	 -0.952596 
0.910000 	 1.553088 
0.920000 	 -0.132671 
0.930000 	 1.463139 
0.940000 	 0.440576 
0.950000 	 -1.259297 
0.960000 	 0.181057 
0.970000 	 -0.024357 
0.980000 	 -0.748143 
0.990000 	 2.244968 
1.000000 	 -0.323445 
1.010000 	 1.697544 
1.020000 	 -2.160913 
1.030000 	 -0.093368 
1.040000 	 3.698031 
1.050000 	 -0.651373 
1.060000 	 -0.413057 
1.070000 	 0.811267 
1.080000 	 3.987834 
1.090000 	 -1.040754 
1.100000 	 -0.502865 
1.110000 	 0.302148 
1.120000 	 -0.133087 
1.130000 	 -0.736433 
1.140000 	 -1.425952 
1.150000 	 -0.373651 
1.160000 	 1.543012 
1.170000 	 2.677080 
1.180000 	 3.789054 
1.190000 	 1.935892 
1.200000 	 1.718274 
1.210000 	 -0.458359 
1.220000 	 -0.931243 
1.230000 	 1.418140 
1.240000 	 -0.257848 
1.250000 	 1.029724 
1.260000 	 -1.880329 
1.270000 	 3.706159 
1.280000 	 -1.232101 
1.290000 	 -0.517504 
1.300000 	 -0.660582 
1.310000 	 0.719910 
1.320000 	 2.078702 
1.330000 	 -0.158886 
1.340000 	 0.122176 
1.350000 	 -3.107285 
1.360000 	 1.445378 
1.370000 	 2.900816 
1.380000 	 -0.679066 
1.390000 	 1.390711 
1.400000 	 0.264296 
1.410000 	 -3.552359 
1.420000 	 -0.004828 
1.430000 	 1.412511 
1.440000 	 -2.190748 
1.450000 	 -2.274118 
1.460000 	 0.878622 
1.470000 	 2.645581 
1.480000 	 0.870747 
1.490000 	 1.627312 
1.500000 	 -2.437307 
1.510000 	 1.640922 
1.520000 	 1.095895 
1.530000 	 -0.398283 
1.540000 	 -1.328339 
1.550000 	 2.024233 
1.560000 	 0.394636 
1.570000 	 0.858918 
1.580000 	 0.960484 
1.590000 	 2.380992 
1.600000 	 1.210179 
1.610000 	 2.411986 
1.620000 	 -0.695616 
1.630000 	 0.122332 
1.640000 	 2.017309 
1.650000 	 -0.988719 
1.660000 	 0.261360 
1.670000 	 1.789702 
1.680000 	 -0.635701 
1.690000 	 1.762963 
1.700000 	 2.188691 
1.710000 	 0.757377 
1.720000 	 1.402538 
1.730000 	 0.475237 
1.740000 	 0.789796 
1.750000 	 1.113105 
1.760000 	 2.068073 
1.770000 	 2.269947 
1.780000 	 3.590410 
1.790000 	 0.157621 
1.800000 	 -0.218336 
1.810000 	 0.119288 
1.820000 	 5.834719 
1.830000 	 0.813091 
1.840000 	 2.702860 
1.850000 	 3.606126 
1.860000 	 2.103686 
1.870000 	 2.595829 
1.880000 	 1.657560 
1.890000 	 2.666110 
1.900000 	 0.948721 
1.910000 	 1.805033 
1.920000 	 0.418422 
1.930000 	 0.284817 
1.940000 	 0.384943 
1.950000 	 2.725771 
1.960000 	 1.094429 
1.970000 	 1.653084 
1.980000 	 1.489997 
1.990000 	 3.415986 
2.000000 	 4.929088 
2.010000 	 1.718598 
2.020000 	 1.719916 
2.030000 	 1.117816 
2.040000 	 1.979368 
2.050000 	 -0.214850 
2.060000 	 3.136451 
2.070000 	 3.040743 
2.080000 	 4.688868 
2.090000 	 3.199265 
2.100000 	 1.121765 
2.110000 	 1.846478 
2.120000 	 0.632956 
2.130000 	 3.621609 
2.140000 	 -0.303050 
2.150000 	 3.178622 
2.160000 	 -0.902441 
2.170000 	 2.426997 
2.180000 	 4.264655 
2.190000 	 1.327455 
2.200000 	 1.734557 
2.210000 	 2.742013 
2.220000 	 4.292667 
2.230000 	 2.768629 
2.240000 	 5.945181 
2.250000 	 1.503701 
2.260000 	 1.709598 
2.270000 	 5.295458 
2.280000 	 2.395248 
2.290000 	 2.124296 
2.300000 	 3.283346 
2.310000 	 1.778085 
2.320000 	 3.988544 
2.330000 	 3.846141 
2.340000 	 5.290850 
2.350000 	 -1.039097 
2.360000 	 2.307402 
2.370000 	 2.855168 
2.380000 	 2.040407 
2.390000 	 3.733016 
2.400000 	 2.911943 
2.410000 	 5.701592 
2.420000 	 4.720317 
2.430000 	 8.409200 
2.440000 	 3.579841 
2.450000 	 5.422424 
2.460000 	 3.929432 
2.470000 	 6.198811 
2.480000 	 2.360981 
2.490000 	 4.680804 
2.500000 	 5.264270 
2.510000 	 3.013542 
2.520000 	 4.191168 
2.530000 	 5.496031 
2.540000 	 5.363394 
2.550000 	 5.970415 
2.560000 	 3.728348 
2.570000 	 4.196144 
2.580000 	 3.181215 
2.590000 	 4.949670 
2.600000 	 7.487946 
2.610000 	 4.541259 
2.620000 	 6.119053 
2.630000 	 6.088207 
2.640000 	 6.999608 
2.650000 	 7.277947 
2.660000 	 6.074518 
2.670000 	 7.162821 
2.680000 	 7.310457 
2.690000 	 9.537133 
2.700000 	 9.733183 
2.710000 	 4.367533 
2.720000 	 5.824348 
2.730000 	 6.690046 
2.740000 	 11.203572 
2.750000 	 6.269431 
2.760000 	 6.221086 
2.770000 	 5.452578 
2.780000 	 6.803425 
2.790000 	 7.798443 
2.800000 	 7.298971 
2.810000 	 6.750750 
2.820000 	 11.172983 
2.830000 	 8.490433 
2.840000 	 9.027354 
2.850000 	 7.751621 
2.860000 	 7.137237 
2.870000 	 4.103009 
2.880000 	 8.326755 
2.890000 	 9.366483 
2.900000 	 8.922362 
2.910000 	 8.073646 
2.920000 	 7.567133 
2.930000 	 10.470745 
2.940000 	 10.630022 
2.950000 	 11.312659 
2.960000 	 8.676464 
2.970000 	 11.363891 
2.980000 	 10.368734 
2.990000 	 9.133615 
3.000000 	 9.450751 
3.010000 	 7.903678 
3.020000 	 7.470398 
3.030000 	 9.009813 
3.040000 	 9.645567 
3.050000 	 9.144193 
3.060000 	 11.417387 
3.070000 	 12.251236 
3.080000 	 11.494520 
3.090000 	 11.864266 
3.100000 	 11.162123 
3.110000 	 9.681769 
3.120000 	 11.617651 
3.130000 	 10.946476 
3.140000 	 11.800472 
3.150000 	 11.663121 
3.160000 	 12.724593 
3.170000 	 12.063217 
3.180000 	 13.514644 
3.190000 	 12.084112 
3.200000 	 14.005277 
3.210000 	 10.696276 
3.220000 	 12.389251 
3.230000 	 14.796088 
3.240000 	 14.760959 
3.250000 	 11.728630 
3.260000 	 13.790453 
3.270000 	 13.255588 
3.280000 	 14.858545 
3.290000 	 13.242950 
3.300000 	 16.032133 
3.310000 	 15.072557 
3.320000 	 15.063376 
3.330000 	 16.266145 
3.340000 	 13.856726 
3.350000 	 16.213486 
3.360000 	 14.678305 
3.370000 	 12.963867 
3.380000 	 16.288410 
3.390000 	 18.648786 
3.400000 	 15.749107 
3.410000 	 15.483619 
3.420000 	 16.837107 
3.430000 	 15.872895 
3.440000 	 18.271303 
3.450000 	 18.156060 
3.460000 	 18.337016 
3.470000 	 18.412584 
3.480000 	 20.372786 
3.490000 	 16.106943 
3.500000 	 17.069787 
3.510000 	 19.085287 
3.520000 	 17.644137 
3.530000 	 17.374654 
3.540000 	 16.704565 
3.550000 	 20.731297 
3.560000 	 20.074509 
3.570000 	 21.720797 
3.580000 	 21.448687 
3.590000 	 21.606243 
3.600000 	 22.645670 
3.610000 	 22.757217 
3.620000 	 22.800103 
3.630000 	 19.820892 
3.640000 	 21.970430 
3.650000 	 25.082386 
3.660000 	 23.871526 
3.670000 	 25.652201 
3.680000 	 23.639496 
3.690000 	 23.915326 
3.700000 	 23.754407 
3.710000 	 23.566549 
3.720000 	 24.584957 
3.730000 	 24.653557 
3.740000 	 25.297685 
3.750000 	 24.113873 
3.760000 	 23.678148 
3.770000 	 26.958766 
3.780000 	 23.760473 
3.790000 	 25.732529 
3.800000 	 26.997641 
3.810000 	 27.278913 
3.820000 	 28.822827 
3.830000 	 26.062269 
3.840000 	 27.984481 
3.850000 	 31.063455 
3.860000 	 29.321022 
3.870000 	 28.963253 
3.880000 	 29.080216 
3.890000 	 29.114564 
3.900000 	 29.795373 
3.910000 	 30.488571 
3.920000 	 31.437118 
3.930000 	 28.036080 
3.940000 	 29.484872 
3.950000 	 30.826705 
3.960000 	 31.029729 
3.970000 	 31.903671 
3.980000 	 34.469929 
3.990000 	 33.130509 
4.000000 	 32.956284 
