-3.000000 	 -16.277774 
-2.990000 	 -13.332914 
-2.980000 	 -11.789962 
-2.970000 	 -11.826730 
-2.960000 	 -10.749460 
-2.950000 	 -10.083619 
-2.940000 	 -10.764100 
-2.930000 	 -13.713215 
-2.920000 	 -12.036674 
-2.910000 	 -14.413212 
-2.900000 	 -11.711556 
-2.890000 	 -9.295283 
-2.880000 	 -12.403745 
-2.870000 	 -11.485689 
-2.860000 	 -9.886690 
-2.850000 	 -13.538526 
-2.840000 	 -10.167229 
-2.830000 	 -12.128512 
-2.820000 	 -10.232657 
-2.810000 	 -11.613161 
-2.800000 	 -11.405329 
-2.790000 	 -10.405990 
-2.780000 	 -13.406242 
-2.770000 	 -9.364496 
-2.760000 	 -11.220967 
-2.750000 	 -8.502931 
-2.740000 	 -9.902999 
-2.730000 	 -13.966407 
-2.720000 	 -10.501658 
-2.710000 	 -10.761723 
-2.700000 	 -12.041369 
-2.690000 	 -10.789128 
-2.680000 	 -9.152317 
-2.670000 	 -10.603909 
-2.660000 	 -12.866082 
-2.650000 	 -8.326176 
-2.640000 	 -10.169675 
-2.630000 	 -8.511443 
-2.620000 	 -10.102188 
-2.610000 	 -11.949477 
-2.600000 	 -7.905418 
-2.590000 	 -11.974248 
-2.580000 	 -10.073518 
-2.570000 	 -10.066723 
-2.560000 	 -10.007290 
-2.550000 	 -8.068421 
-2.540000 	 -9.943827 
-2.530000 	 -8.619196 
-2.520000 	 -7.235320 
-2.510000 	 -10.636354 
-2.500000 	 -9.616377 
-2.490000 	 -9.760823 
-2.480000 	 -9.887328 
-2.470000 	 -7.904241 
-2.460000 	 -9.530682 
-2.450000 	 -8.577484 
-2.440000 	 -11.541116 
-2.430000 	 -8.196934 
-2.420000 	 -8.542640 
-2.410000 	 -9.317926 
-2.400000 	 -8.827248 
-2.390000 	 -10.624966 
-2.380000 	 -7.939635 
-2.370000 	 -9.936983 
-2.360000 	 -10.519216 
-2.350000 	 -8.167412 
-2.340000 	 -7.017385 
-2.330000 	 -10.470103 
-2.320000 	 -8.521600 
-2.310000 	 -5.652712 
-2.300000 	 -10.246451 
-2.290000 	 -9.722910 
-2.280000 	 -7.107411 
-2.270000 	 -8.403339 
-2.260000 	 -7.030183 
-2.250000 	 -9.021768 
-2.240000 	 -10.248603 
-2.230000 	 -7.498262 
-2.220000 	 -5.710058 
-2.210000 	 -10.246595 
-2.200000 	 -10.765053 
-2.190000 	 -7.637427 
-2.180000 	 -9.869391 
-2.170000 	 -2.125676 
-2.160000 	 -9.010306 
-2.150000 	 -8.349134 
-2.140000 	 -6.671724 
-2.130000 	 -6.201628 
-2.120000 	 -6.792930 
-2.110000 	 -4.957542 
-2.100000 	 -8.673036 
-2.090000 	 -5.982597 
-2.080000 	 -5.532304 
-2.070000 	 -4.538373 
-2.060000 	 -5.810401 
-2.050000 	 -7.709960 
-2.040000 	 -7.612569 
-2.030000 	 -10.756507 
-2.020000 	 -8.479064 
-2.010000 	 -7.474589 
-2.000000 	 -6.977797 
-1.990000 	 -6.534868 
-1.980000 	 -6.140006 
-1.970000 	 -6.715800 
-1.960000 	 -6.128883 
-1.950000 	 -7.007965 
-1.940000 	 -7.411164 
-1.930000 	 -7.397608 
-1.920000 	 -7.173874 
-1.910000 	 -2.444582 
-1.900000 	 -6.284826 
-1.890000 	 -6.553511 
-1.880000 	 -5.674874 
-1.870000 	 -8.310102 
-1.860000 	 -5.458279 
-1.850000 	 -7.423663 
-1.840000 	 -4.313736 
-1.830000 	 -4.668560 
-1.820000 	 -6.124375 
-1.810000 	 -5.677396 
-1.800000 	 -3.188903 
-1.790000 	 -7.633720 
-1.780000 	 -7.504334 
-1.770000 	 -6.881821 
-1.760000 	 -4.015733 
-1.750000 	 -4.378043 
-1.740000 	 -4.738455 
-1.730000 	 -4.981130 
-1.720000 	 -4.669435 
-1.710000 	 -7.131162 
-1.700000 	 -6.231824 
-1.690000 	 -8.934321 
-1.680000 	 -5.970988 
-1.670000 	 -3.258241 
-1.660000 	 -4.359272 
-1.650000 	 0.892062 
-1.640000 	 -5.692531 
-1.630000 	 -4.166767 
-1.620000 	 -6.105521 
-1.610000 	 -4.610822 
-1.600000 	 -3.826655 
-1.590000 	 -5.273179 
-1.580000 	 -3.523396 
-1.570000 	 -5.317704 
-1.560000 	 -7.536250 
-1.550000 	 -7.050647 
-1.540000 	 -5.571106 
-1.530000 	 -1.309286 
-1.520000 	 -2.007637 
-1.510000 	 -3.651969 
-1.500000 	 -2.866878 
-1.490000 	 -3.484805 
-1.480000 	 -3.956360 
-1.470000 	 -1.401231 
-1.460000 	 -5.372545 
-1.450000 	 -4.863568 
-1.440000 	 -2.882027 
-1.430000 	 -2.798690 
-1.420000 	 -2.136298 
-1.410000 	 -3.729263 
-1.400000 	 -3.523572 
-1.390000 	 -5.309603 
-1.380000 	 -1.759902 
-1.370000 	 -4.703525 
-1.360000 	 -3.871423 
-1.350000 	 -4.202098 
-1.340000 	 -2.487133 
-1.330000 	 -3.054836 
-1.320000 	 -2.720265 
-1.310000 	 -4.506154 
-1.300000 	 -5.133868 
-1.290000 	 -5.058194 
-1.280000 	 -4.722008 
-1.270000 	 -4.786491 
-1.260000 	 -3.655908 
-1.250000 	 -4.397696 
-1.240000 	 -2.020401 
-1.230000 	 -5.728169 
-1.220000 	 -4.759544 
-1.210000 	 -4.348029 
-1.200000 	 -5.251991 
-1.190000 	 -5.142704 
-1.180000 	 -3.238792 
-1.170000 	 -2.431166 
-1.160000 	 -1.437894 
-1.150000 	 -2.344282 
-1.140000 	 -2.346744 
-1.130000 	 -4.134282 
-1.120000 	 -3.261539 
-1.110000 	 -3.215110 
-1.100000 	 -2.629011 
-1.090000 	 -0.998070 
-1.080000 	 -2.359819 
-1.070000 	 0.243107 
-1.060000 	 -2.329518 
-1.050000 	 -1.642330 
-1.040000 	 -2.499292 
-1.030000 	 -4.353929 
-1.020000 	 -0.906260 
-1.010000 	 -2.223629 
-1.000000 	 -2.488832 
-0.990000 	 -1.439783 
-0.980000 	 -0.125729 
-0.970000 	 -2.458630 
-0.960000 	 -3.058097 
-0.950000 	 -2.570906 
-0.940000 	 -3.870874 
-0.930000 	 -3.966314 
-0.920000 	 -3.885027 
-0.910000 	 1.793888 
-0.900000 	 -1.589098 
-0.890000 	 -0.105683 
-0.880000 	 -0.712324 
-0.870000 	 -0.829820 
-0.860000 	 0.303834 
-0.850000 	 -2.320654 
-0.840000 	 -1.139005 
-0.830000 	 -0.311612 
-0.820000 	 -1.987010 
-0.810000 	 -1.974842 
-0.800000 	 -1.414513 
-0.790000 	 -3.785898 
-0.780000 	 -2.349607 
-0.770000 	 -0.000895 
-0.760000 	 -1.683513 
-0.750000 	 -0.108041 
-0.740000 	 -1.874000 
-0.730000 	 -1.893078 
-0.720000 	 0.045540 
-0.710000 	 2.847522 
-0.700000 	 -1.355733 
-0.690000 	 -0.590771 
-0.680000 	 -0.812364 
-0.670000 	 -2.730520 
-0.660000 	 -0.194868 
-0.650000 	 -0.015316 
-0.640000 	 -0.145978 
-0.630000 	 0.719225 
-0.620000 	 -0.446705 
-0.610000 	 -2.620318 
-0.600000 	 -2.206086 
-0.590000 	 -0.281746 
-0.580000 	 -2.433583 
-0.570000 	 2.263472 
-0.560000 	 1.562156 
-0.550000 	 -0.142226 
-0.540000 	 -0.108224 
-0.530000 	 0.192301 
-0.520000 	 -2.413674 
-0.510000 	 -0.256867 
-0.500000 	 0.199374 
-0.490000 	 -0.188007 
-0.480000 	 -1.432617 
-0.470000 	 -2.777560 
-0.460000 	 -0.354898 
-0.450000 	 -2.209662 
-0.440000 	 0.434249 
-0.430000 	 -0.522246 
-0.420000 	 -1.059545 
-0.410000 	 -2.488872 
-0.400000 	 1.651192 
-0.390000 	 0.371669 
-0.380000 	 -1.466750 
-0.370000 	 -0.571699 
-0.360000 	 0.139008 
-0.350000 	 -0.421003 
-0.340000 	 -0.562938 
-0.330000 	 -0.094685 
-0.320000 	 1.074970 
-0.310000 	 0.134021 
-0.300000 	 -0.621515 
-0.290000 	 -1.602591 
-0.280000 	 -1.388382 
-0.270000 	 -0.515534 
-0.260000 	 1.000000 
-0.250000 	 -1.500187 
-0.240000 	 5.170201 
-0.230000 	 -1.842852 
-0.220000 	 -0.125366 
-0.210000 	 -0.077532 
-0.200000 	 1.523075 
-0.190000 	 0.113438 
-0.180000 	 -0.232971 
-0.170000 	 -0.412783 
-0.160000 	 2.420342 
-0.150000 	 -0.833644 
-0.140000 	 -1.442511 
-0.130000 	 -0.110519 
-0.120000 	 -0.352921 
-0.110000 	 0.190251 
-0.100000 	 -0.803921 
-0.090000 	 -1.576598 
-0.080000 	 -0.485060 
-0.070000 	 -1.257146 
-0.060000 	 -1.903857 
-0.050000 	 -0.529406 
-0.040000 	 1.697643 
-0.030000 	 1.254404 
-0.020000 	 -0.492035 
-0.010000 	 3.145073 
0.000000 	 -0.667871 
0.010000 	 0.919940 
0.020000 	 2.621669 
0.030000 	 -1.262246 
0.040000 	 0.458213 
0.050000 	 -1.087039 
0.060000 	 0.091398 
0.070000 	 -0.726362 
0.080000 	 -0.787838 
0.090000 	 -1.427645 
0.100000 	 1.381858 
0.110000 	 1.088154 
0.120000 	 -2.993488 
0.130000 	 0.709273 
0.140000 	 -2.828482 
0.150000 	 -0.228829 
0.160000 	 -0.198722 
0.170000 	 -1.926603 
0.180000 	 1.469686 
0.190000 	 2.267098 
0.200000 	 -0.844127 
0.210000 	 -0.448477 
0.220000 	 -0.432764 
0.230000 	 1.687988 
0.240000 	 -0.086337 
0.250000 	 3.536510 
0.260000 	 0.541377 
0.270000 	 -1.372681 
0.280000 	 1.473843 
0.290000 	 0.394055 
0.300000 	 1.847755 
0.310000 	 2.974687 
0.320000 	 0.262236 
0.330000 	 -1.214618 
0.340000 	 0.652850 
0.350000 	 2.502749 
0.360000 	 -1.215183 
0.370000 	 0.977260 
0.380000 	 0.065425 
0.390000 	 0.419381 
0.400000 	 0.553316 
0.410000 	 -0.206571 
0.420000 	 0.879473 
0.430000 	 1.226740 
0.440000 	 -2.274108 
0.450000 	 18.000000 
0.460000 	 1.840410 
0.470000 	 -0.570484 
0.480000 	 0.935399 
0.490000 	 -2.198277 
0.500000 	 -1.281129 
0.510000 	 0.958859 
0.520000 	 3.472079 
0.530000 	 1.078451 
0.540000 	 0.134429 
0.550000 	 2.387519 
0.560000 	 0.508573 
0.570000 	 0.574647 
0.580000 	 -0.481287 
0.590000 	 1.194998 
0.600000 	 -0.870352 
0.610000 	 -0.635079 
0.620000 	 1.074866 
0.630000 	 -3.514669 
0.640000 	 2.967063 
0.650000 	 1.229014 
0.660000 	 0.390535 
0.670000 	 0.634063 
0.680000 	 2.329297 
0.690000 	 -0.680580 
0.700000 	 -0.615466 
0.710000 	 -0.174634 
0.720000 	 -0.058307 
0.730000 	 0.944484 
0.740000 	 -0.301852 
0.750000 	 0.708160 
0.760000 	 0.498379 
0.770000 	 -0.889467 
0.780000 	 0.650521 
0.790000 	 1.873191 
0.800000 	 1.205278 
0.810000 	 0.791117 
0.820000 	 1.084346 
0.830000 	 0.262025 
0.840000 	 -0.400681 
0.850000 	 2.018810 
0.860000 	 1.448000 
0.870000 	 0.636916 
0.880000 	 -1.084466 
0.890000 	 3.006398 
0.900000 	 -1.142290 
0.910000 	 0.322609 
0.920000 	 0.963416 
0.930000 	 0.165399 
0.940000 	 -2.648354 
0.950000 	 0.536404 
0.960000 	 0.636818 
0.970000 	 -1.067105 
0.980000 	 1.415403 
0.990000 	 -0.773146 
1.000000 	 3.620912 
1.010000 	 -1.756831 
1.020000 	 1.474048 
1.030000 	 4.717164 
1.040000 	 0.968443 
1.050000 	 -0.138398 
1.060000 	 -1.495229 
1.070000 	 2.753521 
1.080000 	 3.440554 
1.090000 	 -0.175231 
1.100000 	 0.685394 
1.110000 	 -0.262982 
1.120000 	 1.099140 
1.130000 	 -0.087035 
1.140000 	 -0.291943 
1.150000 	 -0.064702 
1.160000 	 0.706545 
1.170000 	 2.908379 
1.180000 	 -0.342207 
1.190000 	 1.649586 
1.200000 	 1.524291 
1.210000 	 0.618173 
1.220000 	 0.032188 
1.230000 	 1.593219 
1.240000 	 -0.600132 
1.250000 	 -1.215709 
1.260000 	 0.697655 
1.270000 	 2.429812 
1.280000 	 0.798102 
1.290000 	 3.540988 
1.300000 	 -1.750085 
1.310000 	 0.980541 
1.320000 	 -0.124185 
1.330000 	 -3.556847 
1.340000 	 -1.040701 
1.350000 	 0.987384 
1.360000 	 1.112388 
1.370000 	 2.285408 
1.380000 	 2.416341 
1.390000 	 3.883303 
1.400000 	 -1.512619 
1.410000 	 -0.433542 
1.420000 	 -0.604498 
1.430000 	 2.525418 
1.440000 	 0.394794 
1.450000 	 -2.050410 
1.460000 	 -0.589880 
1.470000 	 -2.477140 
1.480000 	 2.131452 
1.490000 	 0.086757 
1.500000 	 -3.537603 
1.510000 	 0.383041 
1.520000 	 2.359632 
1.530000 	 0.877028 
1.540000 	 -0.605776 
1.550000 	 0.956748 
1.560000 	 -0.961399 
1.570000 	 2.824874 
1.580000 	 -0.524457 
1.590000 	 1.518934 
1.600000 	 -1.125294 
1.610000 	 3.051648 
1.620000 	 -0.617956 
1.630000 	 -0.353488 
1.640000 	 1.205801 
1.650000 	 2.172623 
1.660000 	 3.087328 
1.670000 	 3.617562 
1.680000 	 2.111583 
1.690000 	 2.076160 
1.700000 	 0.651995 
1.710000 	 1.025776 
1.720000 	 0.552914 
1.730000 	 1.439467 
1.740000 	 0.990275 
1.750000 	 0.533399 
1.760000 	 2.568245 
1.770000 	 4.050847 
1.780000 	 1.011735 
1.790000 	 1.923727 
1.800000 	 2.930988 
1.810000 	 0.901443 
1.820000 	 1.733957 
1.830000 	 1.150625 
1.840000 	 1.612291 
1.850000 	 0.589379 
1.860000 	 3.335396 
1.870000 	 0.777255 
1.880000 	 5.226642 
1.890000 	 1.365759 
1.900000 	 2.624980 
1.910000 	 -0.410205 
1.920000 	 -0.380825 
1.930000 	 2.571461 
1.940000 	 1.137753 
1.950000 	 -1.233666 
1.960000 	 2.448200 
1.970000 	 0.616274 
1.980000 	 -0.421719 
1.990000 	 2.819674 
2.000000 	 0.737210 
2.010000 	 1.545129 
2.020000 	 2.842347 
2.030000 	 -0.210896 
2.040000 	 1.395425 
2.050000 	 2.157333 
2.060000 	 2.973574 
2.070000 	 0.894154 
2.080000 	 0.296426 
2.090000 	 1.526565 
2.100000 	 3.432215 
2.110000 	 -0.192390 
2.120000 	 3.305867 
2.130000 	 3.062760 
2.140000 	 3.925286 
2.150000 	 3.796379 
2.160000 	 -1.141306 
2.170000 	 2.849221 
2.180000 	 3.141448 
2.190000 	 1.373427 
2.200000 	 1.238309 
2.210000 	 1.127902 
2.220000 	 5.059368 
2.230000 	 4.326783 
2.240000 	 4.952074 
2.250000 	 2.349688 
2.260000 	 -1.379678 
2.270000 	 3.276539 
2.280000 	 4.228506 
2.290000 	 3.579469 
2.300000 	 2.448653 
2.310000 	 3.792080 
2.320000 	 3.683307 
2.330000 	 1.277470 
2.340000 	 4.136778 
2.350000 	 3.690196 
2.360000 	 1.514626 
2.370000 	 4.546141 
2.380000 	 4.542861 
2.390000 	 3.008624 
2.400000 	 3.000712 
2.410000 	 4.741609 
2.420000 	 5.104437 
2.430000 	 4.524467 
2.440000 	 1.016372 
2.450000 	 4.897915 
2.460000 	 3.812894 
2.470000 	 3.465710 
2.480000 	 6.692685 
2.490000 	 3.738803 
2.500000 	 3.880258 
2.510000 	 6.345141 
2.520000 	 5.541381 
2.530000 	 7.082163 
2.540000 	 8.294754 
2.550000 	 5.601216 
2.560000 	 6.081609 
2.570000 	 4.559184 
2.580000 	 6.486440 
2.590000 	 2.900898 
2.600000 	 10.056375 
2.610000 	 8.339728 
2.620000 	 5.841375 
2.630000 	 4.096130 
2.640000 	 5.552833 
2.650000 	 4.479519 
2.660000 	 10.680106 
2.670000 	 7.187632 
2.680000 	 5.718259 
2.690000 	 3.201186 
2.700000 	 2.816817 
2.710000 	 6.264627 
2.720000 	 7.110684 
2.730000 	 8.418559 
2.740000 	 8.605329 
2.750000 	 6.506348 
2.760000 	 9.670782 
2.770000 	 11.286767 
2.780000 	 8.353948 
2.790000 	 7.577524 
2.800000 	 9.064249 
2.810000 	 10.366888 
2.820000 	 8.659512 
2.830000 	 6.793260 
2.840000 	 8.504934 
2.850000 	 7.155968 
2.860000 	 10.244845 
2.870000 	 8.543370 
2.880000 	 8.191167 
2.890000 	 7.680087 
2.900000 	 7.335794 
2.910000 	 8.461202 
2.920000 	 11.036286 
2.930000 	 5.992862 
2.940000 	 7.691952 
2.950000 	 8.737715 
2.960000 	 11.551777 
2.970000 	 11.077637 
2.980000 	 10.580410 
2.990000 	 8.911185 
3.000000 	 10.008680 
3.010000 	 9.792165 
3.020000 	 10.642688 
3.030000 	 7.786281 
3.040000 	 10.782520 
3.050000 	 8.628407 
3.060000 	 13.345264 
3.070000 	 9.876725 
3.080000 	 9.016608 
3.090000 	 12.087058 
3.100000 	 12.179072 
3.110000 	 11.353999 
3.120000 	 12.866482 
3.130000 	 12.122598 
3.140000 	 12.821903 
3.150000 	 13.493733 
3.160000 	 12.365021 
3.170000 	 13.022051 
3.180000 	 13.321870 
3.190000 	 12.281053 
3.200000 	 13.901170 
3.210000 	 13.194308 
3.220000 	 10.255089 
3.230000 	 12.547608 
3.240000 	 13.695692 
3.250000 	 12.816031 
3.260000 	 15.171960 
3.270000 	 14.410123 
3.280000 	 16.691016 
3.290000 	 12.172352 
3.300000 	 13.949140 
3.310000 	 15.940746 
3.320000 	 17.564836 
3.330000 	 15.118639 
3.340000 	 14.115724 
3.350000 	 17.139735 
3.360000 	 15.707126 
3.370000 	 18.131232 
3.380000 	 19.366424 
3.390000 	 17.669993 
3.400000 	 14.742050 
3.410000 	 16.089947 
3.420000 	 18.435120 
3.430000 	 19.143180 
3.440000 	 17.459235 
3.450000 	 16.674715 
3.460000 	 20.745969 
3.470000 	 16.325109 
3.480000 	 19.215925 
3.490000 	 18.142912 
3.500000 	 20.270868 
3.510000 	 16.788991 
3.520000 	 20.589208 
3.530000 	 21.381261 
3.540000 	 20.535398 
3.550000 	 17.635803 
3.560000 	 23.708904 
3.570000 	 22.404764 
3.580000 	 18.164117 
3.590000 	 22.396848 
3.600000 	 21.061798 
3.610000 	 20.589734 
3.620000 	 21.855116 
3.630000 	 20.039189 
3.640000 	 21.381382 
3.650000 	 23.477402 
3.660000 	 24.273760 
3.670000 	 17.581802 
3.680000 	 24.833294 
3.690000 	 22.957274 
3.700000 	 22.145858 
3.710000 	 23.549176 
3.720000 	 24.383771 
3.730000 	 24.810062 
3.740000 	 26.338592 
3.750000 	 22.030908 
3.760000 	 25.268823 
3.770000 	 26.853624 
3.780000 	 25.622545 
3.790000 	 28.244265 
3.800000 	 28.740169 
3.810000 	 25.044111 
3.820000 	 25.319232 
3.830000 	 26.965043 
3.840000 	 27.836085 
3.850000 	 24.922005 
3.860000 	 27.414080 
3.870000 	 27.667482 
3.880000 	 27.918706 
3.890000 	 26.790719 
3.900000 	 29.940302 
3.910000 	 29.854366 
3.920000 	 29.567659 
3.930000 	 30.581236 
3.940000 	 32.458848 
3.950000 	 30.012546 
3.960000 	 29.443714 
3.970000 	 33.327342 
3.980000 	 33.741420 
3.990000 	 33.520153 
4.000000 	 31.956337 
