-3.000000 	 -11.117377 
-2.990000 	 -8.998190 
-2.980000 	 -9.994402 
-2.970000 	 -10.784605 
-2.960000 	 -9.102918 
-2.950000 	 -13.672948 
-2.940000 	 -13.615088 
-2.930000 	 -11.072337 
-2.920000 	 -9.626402 
-2.910000 	 -8.053333 
-2.900000 	 -9.478004 
-2.890000 	 -10.341821 
-2.880000 	 -9.979266 
-2.870000 	 -9.886613 
-2.860000 	 -9.274052 
-2.850000 	 -11.836137 
-2.840000 	 -9.390172 
-2.830000 	 -11.490503 
-2.820000 	 -11.252651 
-2.810000 	 -12.078187 
-2.800000 	 -10.273485 
-2.790000 	 -11.708072 
-2.780000 	 -9.644245 
-2.770000 	 -11.771954 
-2.760000 	 -12.843504 
-2.750000 	 -12.573088 
-2.740000 	 -10.256605 
-2.730000 	 -9.720580 
-2.720000 	 -10.709234 
-2.710000 	 -11.162677 
-2.700000 	 -10.924133 
-2.690000 	 -8.940708 
-2.680000 	 -10.534386 
-2.670000 	 -11.729893 
-2.660000 	 -10.078160 
-2.650000 	 -10.393445 
-2.640000 	 -8.994421 
-2.630000 	 -11.445636 
-2.620000 	 -8.924509 
-2.610000 	 -11.441652 
-2.600000 	 -13.164642 
-2.590000 	 -12.711028 
-2.580000 	 -9.064704 
-2.570000 	 -11.937885 
-2.560000 	 -11.312237 
-2.550000 	 -8.707566 
-2.540000 	 -10.597503 
-2.530000 	 -10.022772 
-2.520000 	 -9.517557 
-2.510000 	 -12.027067 
-2.500000 	 -8.590279 
-2.490000 	 -7.780500 
-2.480000 	 -8.822308 
-2.470000 	 -11.010804 
-2.460000 	 -11.142260 
-2.450000 	 -8.257321 
-2.440000 	 -12.076843 
-2.430000 	 -9.655332 
-2.420000 	 -7.140672 
-2.410000 	 -11.763466 
-2.400000 	 -9.580218 
-2.390000 	 -9.596338 
-2.380000 	 -9.855740 
-2.370000 	 -12.145054 
-2.360000 	 -6.405304 
-2.350000 	 -8.718781 
-2.340000 	 -9.095880 
-2.330000 	 -8.570013 
-2.320000 	 -10.431944 
-2.310000 	 -7.942780 
-2.300000 	 -5.533816 
-2.290000 	 -6.285584 
-2.280000 	 -8.509754 
-2.270000 	 -8.853453 
-2.260000 	 -9.157425 
-2.250000 	 -8.088412 
-2.240000 	 -7.276904 
-2.230000 	 -10.799409 
-2.220000 	 -8.278512 
-2.210000 	 -9.198970 
-2.200000 	 -7.457273 
-2.190000 	 -4.967615 
-2.180000 	 -9.181988 
-2.170000 	 -10.321440 
-2.160000 	 -6.349784 
-2.150000 	 -7.226209 
-2.140000 	 -4.611020 
-2.130000 	 -7.301791 
-2.120000 	 -4.472781 
-2.110000 	 -7.871628 
-2.100000 	 -9.598165 
-2.090000 	 -6.686503 
-2.080000 	 -8.253882 
-2.070000 	 -6.845579 
-2.060000 	 -5.863812 
-2.050000 	 -9.318907 
-2.040000 	 -8.703477 
-2.030000 	 -8.700873 
-2.020000 	 -8.014184 
-2.010000 	 -5.761958 
-2.000000 	 -7.039847 
-1.990000 	 -5.092282 
-1.980000 	 -7.735832 
-1.970000 	 -9.206135 
-1.960000 	 -6.692763 
-1.950000 	 -5.890063 
-1.940000 	 -9.600651 
-1.930000 	 -5.871978 
-1.920000 	 -8.398007 
-1.910000 	 -4.617646 
-1.900000 	 -4.047358 
-1.890000 	 -9.296159 
-1.880000 	 -2.862371 
-1.870000 	 -7.401708 
-1.860000 	 -5.538036 
-1.850000 	 -6.413434 
-1.840000 	 -7.090069 
-1.830000 	 -6.080278 
-1.820000 	 -6.817465 
-1.810000 	 -4.345264 
-1.800000 	 -5.946668 
-1.790000 	 -4.456027 
-1.780000 	 -7.647444 
-1.770000 	 -4.570445 
-1.760000 	 -6.678073 
-1.750000 	 -5.336875 
-1.740000 	 -7.145351 
-1.730000 	 -6.422492 
-1.720000 	 -6.567708 
-1.710000 	 -2.410675 
-1.700000 	 -6.432453 
-1.690000 	 -7.404547 
-1.680000 	 -4.008230 
-1.670000 	 -4.387458 
-1.660000 	 -4.806537 
-1.650000 	 -2.676731 
-1.640000 	 -4.657738 
-1.630000 	 -6.058421 
-1.620000 	 -6.517739 
-1.610000 	 -6.861737 
-1.600000 	 -4.357589 
-1.590000 	 -2.773663 
-1.580000 	 -3.908062 
-1.570000 	 -3.295520 
-1.560000 	 -3.766732 
-1.550000 	 -6.192193 
-1.540000 	 -0.417693 
-1.530000 	 -3.016453 
-1.520000 	 -4.399765 
-1.510000 	 -3.761116 
-1.500000 	 -4.515692 
-1.490000 	 -4.092726 
-1.480000 	 -4.055652 
-1.470000 	 -3.354332 
-1.460000 	 -4.521046 
-1.450000 	 -4.455128 
-1.440000 	 -4.156208 
-1.430000 	 -4.377331 
-1.420000 	 -1.565909 
-1.410000 	 -2.235943 
-1.400000 	 -4.485367 
-1.390000 	 -5.891312 
-1.380000 	 -2.744135 
-1.370000 	 -7.412539 
-1.360000 	 -4.766680 
-1.350000 	 -2.553733 
-1.340000 	 -2.603966 
-1.330000 	 -2.087279 
-1.320000 	 -2.240786 
-1.310000 	 -1.575229 
-1.300000 	 -0.073025 
-1.290000 	 -4.934616 
-1.280000 	 -2.908075 
-1.270000 	 -1.420626 
-1.260000 	 -3.108293 
-1.250000 	 -1.920596 
-1.240000 	 -4.098315 
-1.230000 	 -3.435399 
-1.220000 	 -5.266336 
-1.210000 	 -2.317473 
-1.200000 	 -3.391848 
-1.190000 	 -1.129043 
-1.180000 	 -6.809618 
-1.170000 	 -2.266430 
-1.160000 	 -2.068965 
-1.150000 	 -4.526983 
-1.140000 	 -3.727828 
-1.130000 	 -3.250024 
-1.120000 	 0.032318 
-1.110000 	 -1.247003 
-1.100000 	 -4.045300 
-1.090000 	 -0.472189 
-1.080000 	 -5.404716 
-1.070000 	 -2.349005 
-1.060000 	 0.443063 
-1.050000 	 -2.606356 
-1.040000 	 -0.967091 
-1.030000 	 -2.246402 
-1.020000 	 0.081520 
-1.010000 	 -3.344422 
-1.000000 	 -0.390094 
-0.990000 	 -0.531916 
-0.980000 	 -1.541403 
-0.970000 	 0.965448 
-0.960000 	 -3.219309 
-0.950000 	 -2.202424 
-0.940000 	 -4.094415 
-0.930000 	 -1.548455 
-0.920000 	 -1.061450 
-0.910000 	 -3.523304 
-0.900000 	 -1.246640 
-0.890000 	 -4.310675 
-0.880000 	 -2.569873 
-0.870000 	 -4.069371 
-0.860000 	 -4.822362 
-0.850000 	 0.236699 
-0.840000 	 0.735586 
-0.830000 	 -3.865987 
-0.820000 	 -2.961921 
-0.810000 	 -3.051189 
-0.800000 	 -1.493882 
-0.790000 	 2.010282 
-0.780000 	 -1.619053 
-0.770000 	 -1.593542 
-0.760000 	 1.114566 
-0.750000 	 -0.595461 
-0.740000 	 1.991603 
-0.730000 	 -3.410115 
-0.720000 	 -0.255526 
-0.710000 	 -0.235863 
-0.700000 	 -2.136006 
-0.690000 	 -4.634227 
-0.680000 	 -1.552480 
-0.670000 	 -0.556461 
-0.660000 	 -2.281600 
-0.650000 	 0.680282 
-0.640000 	 -1.347737 
-0.630000 	 -0.658550 
-0.620000 	 -0.777210 
-0.610000 	 -0.989658 
-0.600000 	 0.711428 
-0.590000 	 1.199655 
-0.580000 	 0.720198 
-0.570000 	 -0.022753 
-0.560000 	 1.487649 
-0.550000 	 0.906926 
-0.540000 	 -0.764498 
-0.530000 	 -0.888845 
-0.520000 	 -0.475619 
-0.510000 	 1.207356 
-0.500000 	 -4.335064 
-0.490000 	 -0.688427 
-0.480000 	 0.262328 
-0.470000 	 -2.557936 
-0.460000 	 0.161178 
-0.450000 	 -1.041518 
-0.440000 	 -1.262807 
-0.430000 	 -1.118323 
-0.420000 	 1.523480 
-0.410000 	 -0.191777 
-0.400000 	 -0.598861 
-0.390000 	 -0.714441 
-0.380000 	 -0.194484 
-0.370000 	 0.714630 
-0.360000 	 0.042070 
-0.350000 	 -2.019858 
-0.340000 	 -1.682171 
-0.330000 	 2.000000 
-0.320000 	 1.341027 
-0.310000 	 0.910749 
-0.300000 	 -1.799735 
-0.290000 	 -2.247199 
-0.280000 	 0.629980 
-0.270000 	 -1.032544 
-0.260000 	 -0.590039 
-0.250000 	 0.740379 
-0.240000 	 -3.772601 
-0.230000 	 0.670518 
-0.220000 	 1.586380 
-0.210000 	 -2.960779 
-0.200000 	 0.307985 
-0.190000 	 2.052785 
-0.180000 	 0.694681 
-0.170000 	 1.154365 
-0.160000 	 -1.043770 
-0.150000 	 -1.555174 
-0.140000 	 1.556030 
-0.130000 	 0.432788 
-0.120000 	 0.495133 
-0.110000 	 -0.653256 
-0.100000 	 1.106492 
-0.090000 	 -1.774824 
-0.080000 	 0.219991 
-0.070000 	 -1.659333 
-0.060000 	 -0.548022 
-0.050000 	 -0.145606 
-0.040000 	 -2.977324 
-0.030000 	 -1.944762 
-0.020000 	 -1.350493 
-0.010000 	 2.291101 
0.000000 	 2.419459 
0.010000 	 2.602191 
0.020000 	 -0.364414 
0.030000 	 -0.911231 
0.040000 	 -1.921362 
0.050000 	 0.384667 
0.060000 	 2.223625 
0.070000 	 -2.082915 
0.080000 	 -1.189034 
0.090000 	 0.209996 
0.100000 	 -2.299617 
0.110000 	 3.379177 
0.120000 	 1.424984 
0.130000 	 0.591191 
0.140000 	 -1.974013 
0.150000 	 -1.220689 
0.160000 	 0.002306 
0.170000 	 -2.017064 
0.180000 	 -1.833579 
0.190000 	 2.107551 
0.200000 	 -2.669856 
0.210000 	 -2.337853 
0.220000 	 -2.850409 
0.230000 	 -0.150196 
0.240000 	 -1.631051 
0.250000 	 1.216052 
0.260000 	 -1.890988 
0.270000 	 0.564986 
0.280000 	 1.060017 
0.290000 	 -3.862856 
0.300000 	 -0.101667 
0.310000 	 1.049303 
0.320000 	 2.329006 
0.330000 	 -1.275709 
0.340000 	 1.622319 
0.350000 	 0.979325 
0.360000 	 0.273540 
0.370000 	 -0.793116 
0.380000 	 2.752776 
0.390000 	 -2.782647 
0.400000 	 -1.791977 
0.410000 	 2.016716 
0.420000 	 -0.296363 
0.430000 	 1.862894 
0.440000 	 -0.199436 
0.450000 	 0.426622 
0.460000 	 1.042703 
0.470000 	 1.709974 
0.480000 	 3.022597 
0.490000 	 1.792125 
0.500000 	 -1.000000 
0.510000 	 1.188429 
0.520000 	 -0.255233 
0.530000 	 1.426013 
0.540000 	 2.642355 
0.550000 	 0.302002 
0.560000 	 0.231612 
0.570000 	 0.302758 
0.580000 	 -1.546511 
0.590000 	 1.653325 
0.600000 	 0.919554 
0.610000 	 0.894100 
0.620000 	 0.650687 
0.630000 	 0.734264 
0.640000 	 5.257752 
0.650000 	 -0.106748 
0.660000 	 0.044636 
0.670000 	 1.727851 
0.680000 	 1.232551 
0.690000 	 -0.367662 
0.700000 	 -2.715920 
0.710000 	 -0.639799 
0.720000 	 4.151697 
0.730000 	 0.310367 
0.740000 	 2.086770 
0.750000 	 -0.576897 
0.760000 	 3.035573 
0.770000 	 2.847165 
0.780000 	 2.092109 
0.790000 	 1.912981 
0.800000 	 -2.318461 
0.810000 	 1.219509 
0.820000 	 0.264652 
0.830000 	 1.173445 
0.840000 	 1.726216 
0.850000 	 0.834316 
0.860000 	 -0.284762 
0.870000 	 0.516317 
0.880000 	 1.747074 
0.890000 	 3.930470 
0.900000 	 -0.090789 
0.910000 	 -2.966959 
0.920000 	 0.413619 
0.930000 	 1.331944 
0.940000 	 0.591093 
0.950000 	 -1.104320 
0.960000 	 0.027486 
0.970000 	 0.808818 
0.980000 	 -2.530953 
0.990000 	 1.500642 
1.000000 	 -3.065589 
1.010000 	 0.478203 
1.020000 	 0.916022 
1.030000 	 1.758302 
1.040000 	 0.985543 
1.050000 	 2.654288 
1.060000 	 -1.369908 
1.070000 	 -0.842116 
1.080000 	 0.012103 
1.090000 	 1.882513 
1.100000 	 2.424554 
1.110000 	 1.459626 
1.120000 	 -1.428058 
1.130000 	 1.017691 
1.140000 	 -0.926495 
1.150000 	 0.772821 
1.160000 	 1.955324 
1.170000 	 0.174006 
1.180000 	 2.911861 
1.190000 	 -1.353670 
1.200000 	 2.638021 
1.210000 	 2.390010 
1.220000 	 2.163432 
1.230000 	 0.972806 
1.240000 	 0.882842 
1.250000 	 2.118533 
1.260000 	 0.790391 
1.270000 	 -0.777451 
1.280000 	 -0.504474 
1.290000 	 1.002999 
1.300000 	 -0.157922 
1.310000 	 1.604796 
1.320000 	 0.363002 
1.330000 	 -0.993414 
1.340000 	 1.375452 
1.350000 	 1.460037 
1.360000 	 -1.066222 
1.370000 	 1.087537 
1.380000 	 -0.986096 
1.390000 	 -3.732036 
1.400000 	 1.709226 
1.410000 	 0.398670 
1.420000 	 -1.746565 
1.430000 	 1.963565 
1.440000 	 2.098722 
1.450000 	 1.078341 
1.460000 	 1.842762 
1.470000 	 -2.316975 
1.480000 	 -0.206725 
1.490000 	 -1.053014 
1.500000 	 -0.416904 
1.510000 	 0.490692 
1.520000 	 -1.121466 
1.530000 	 1.455241 
1.540000 	 3.040211 
1.550000 	 1.238731 
1.560000 	 0.950161 
1.570000 	 2.248644 
1.580000 	 1.447203 
1.590000 	 1.004601 
1.600000 	 2.197427 
1.610000 	 4.329124 
1.620000 	 0.038857 
1.630000 	 1.734202 
1.640000 	 2.766864 
1.650000 	 -0.481702 
1.660000 	 -3.090117 
1.670000 	 -0.102657 
1.680000 	 0.369404 
1.690000 	 0.404453 
1.700000 	 3.755955 
1.710000 	 0.597788 
1.720000 	 1.898096 
1.730000 	 -1.997564 
1.740000 	 3.064502 
1.750000 	 1.844180 
1.760000 	 -0.623736 
1.770000 	 1.945690 
1.780000 	 2.918627 
1.790000 	 1.051724 
1.800000 	 1.489784 
1.810000 	 0.466709 
1.820000 	 1.781157 
1.830000 	 0.368789 
1.840000 	 -0.992061 
1.850000 	 -0.876864 
1.860000 	 0.677508 
1.870000 	 0.821452 
1.880000 	 -0.764841 
1.890000 	 0.723976 
1.900000 	 4.121950 
1.910000 	 2.953536 
1.920000 	 2.335579 
1.930000 	 1.666108 
1.940000 	 -0.048052 
1.950000 	 1.510845 
1.960000 	 -0.046361 
1.970000 	 2.329701 
1.980000 	 1.997945 
1.990000 	 2.316813 
2.000000 	 2.695936 
2.010000 	 4.298291 
2.020000 	 2.758455 
2.030000 	 3.839945 
2.040000 	 0.958793 
2.050000 	 1.967075 
2.060000 	 2.642763 
2.070000 	 2.117055 
2.080000 	 2.761698 
2.090000 	 3.257132 
2.100000 	 7.392541 
2.110000 	 1.963391 
2.120000 	 2.765163 
2.130000 	 2.389037 
2.140000 	 3.866474 
2.150000 	 4.922146 
2.160000 	 2.732343 
2.170000 	 4.893727 
2.180000 	 4.389457 
2.190000 	 2.848405 
2.200000 	 4.237442 
2.210000 	 5.221162 
2.220000 	 4.701386 
2.230000 	 1.816902 
2.240000 	 3.880087 
2.250000 	 0.430408 
2.260000 	 5.264618 
2.270000 	 2.959108 
2.280000 	 7.071359 
2.290000 	 2.717493 
2.300000 	 4.353537 
2.310000 	 3.636933 
2.320000 	 4.071767 
2.330000 	 6.082839 
2.340000 	 4.364591 
2.350000 	 2.783172 
2.360000 	 3.757217 
2.370000 	 5.976344 
2.380000 	 2.677408 
2.390000 	 0.675012 
2.400000 	 6.264556 
2.410000 	 6.460455 
2.420000 	 3.446988 
2.430000 	 5.813956 
2.440000 	 4.492759 
2.450000 	 3.540589 
2.460000 	 3.510423 
2.470000 	 6.025633 
2.480000 	 5.094713 
2.490000 	 2.218085 
2.500000 	 5.358035 
2.510000 	 6.180288 
2.520000 	 3.228651 
2.530000 	 6.849375 
2.540000 	 6.196150 
2.550000 	 4.485092 
2.560000 	 3.062358 
2.570000 	 1.636412 
2.580000 	 8.404642 
2.590000 	 5.086007 
2.600000 	 7.409973 
2.610000 	 7.663935 
2.620000 	 8.799655 
2.630000 	 5.911764 
2.640000 	 7.633453 
2.650000 	 4.238596 
2.660000 	 5.195994 
2.670000 	 8.986359 
2.680000 	 8.039387 
2.690000 	 8.203699 
2.700000 	 5.915416 
2.710000 	 6.732260 
2.720000 	 5.786637 
2.730000 	 9.436618 
2.740000 	 6.783266 
2.750000 	 7.572631 
2.760000 	 8.279883 
2.770000 	 5.762700 
2.780000 	 7.758818 
2.790000 	 9.996311 
2.800000 	 7.721784 
2.810000 	 9.966338 
2.820000 	 10.239436 
2.830000 	 7.013727 
2.840000 	 8.082175 
2.850000 	 9.648468 
2.860000 	 5.505698 
2.870000 	 10.994749 
2.880000 	 7.887329 
2.890000 	 7.165467 
2.900000 	 10.072377 
2.910000 	 8.945358 
2.920000 	 9.019583 
2.930000 	 6.111912 
2.940000 	 8.063257 
2.950000 	 10.949685 
2.960000 	 10.391145 
2.970000 	 10.445892 
2.980000 	 9.594642 
2.990000 	 8.266013 
3.000000 	 11.111826 
3.010000 	 11.117017 
3.020000 	 10.486117 
3.030000 	 11.869473 
3.040000 	 11.193696 
3.050000 	 9.351517 
3.060000 	 8.467558 
3.070000 	 11.530972 
3.080000 	 8.014122 
3.090000 	 11.219046 
3.100000 	 14.692648 
3.110000 	 11.764445 
3.120000 	 13.419390 
3.130000 	 10.809406 
3.140000 	 10.136287 
3.150000 	 12.007723 
3.160000 	 11.446918 
3.170000 	 14.296281 
3.180000 	 11.853748 
3.190000 	 14.266050 
3.200000 	 14.124809 
3.210000 	 12.516978 
3.220000 	 13.403097 
3.230000 	 15.101072 
3.240000 	 13.524379 
3.250000 	 12.617716 
3.260000 	 11.982127 
3.270000 	 17.066716 
3.280000 	 13.947391 
3.290000 	 14.728461 
3.300000 	 12.083279 
3.310000 	 15.038111 
3.320000 	 15.194572 
3.330000 	 16.009156 
3.340000 	 15.658862 
3.350000 	 13.227583 
3.360000 	 14.804646 
3.370000 	 15.609876 
3.380000 	 15.934410 
3.390000 	 17.999021 
3.400000 	 17.396082 
3.410000 	 18.091065 
3.420000 	 20.797230 
3.430000 	 17.792248 
3.440000 	 17.373170 
3.450000 	 17.883176 
3.460000 	 20.787285 
3.470000 	 18.435542 
3.480000 	 18.546048 
3.490000 	 15.933716 
3.500000 	 20.108033 
3.510000 	 15.950966 
3.520000 	 19.578920 
3.530000 	 18.640437 
3.540000 	 22.080228 
3.550000 	 21.434497 
3.560000 	 21.515892 
3.570000 	 21.998037 
3.580000 	 22.712694 
3.590000 	 19.942086 
3.600000 	 22.682057 
3.610000 	 22.309569 
3.620000 	 21.631678 
3.630000 	 22.786991 
3.640000 	 21.388358 
3.650000 	 23.147052 
3.660000 	 20.789535 
3.670000 	 21.198154 
3.680000 	 22.942108 
3.690000 	 24.544180 
3.700000 	 24.272547 
3.710000 	 22.321207 
3.720000 	 24.586151 
3.730000 	 23.449455 
3.740000 	 26.279064 
3.750000 	 25.432353 
3.760000 	 23.049401 
3.770000 	 26.396477 
3.780000 	 22.827167 
3.790000 	 27.191155 
3.800000 	 29.552639 
3.810000 	 28.371548 
3.820000 	 28.183455 
3.830000 	 27.240924 
3.840000 	 26.946939 
3.850000 	 30.740263 
3.860000 	 28.579475 
3.870000 	 28.375373 
3.880000 	 29.431649 
3.890000 	 27.029580 
3.900000 	 30.029139 
3.910000 	 30.725772 
3.920000 	 29.141388 
3.930000 	 29.480391 
3.940000 	 30.472985 
3.950000 	 32.782039 
3.960000 	 29.708733 
3.970000 	 34.840431 
3.980000 	 33.927637 
3.990000 	 33.936918 
4.000000 	 31.997450 
