-3.000000 	 -10.938452 
-2.990000 	 -13.402175 
-2.980000 	 -9.413117 
-2.970000 	 -11.691452 
-2.960000 	 -8.808130 
-2.950000 	 -10.290081 
-2.940000 	 -10.846312 
-2.930000 	 -12.643844 
-2.920000 	 -13.052423 
-2.910000 	 -10.512841 
-2.900000 	 -8.733476 
-2.890000 	 -13.689581 
-2.880000 	 -11.777878 
-2.870000 	 -9.298746 
-2.860000 	 -12.093992 
-2.850000 	 -11.680167 
-2.840000 	 -9.273661 
-2.830000 	 -10.486152 
-2.820000 	 -11.064335 
-2.810000 	 -15.057440 
-2.800000 	 -11.319456 
-2.790000 	 -11.400160 
-2.780000 	 -8.644358 
-2.770000 	 -10.317213 
-2.760000 	 -10.908079 
-2.750000 	 -12.720551 
-2.740000 	 -12.302503 
-2.730000 	 -12.241065 
-2.720000 	 -12.692335 
-2.710000 	 -8.338523 
-2.700000 	 -13.162149 
-2.690000 	 -11.387442 
-2.680000 	 -10.863788 
-2.670000 	 -9.459699 
-2.660000 	 -11.845516 
-2.650000 	 -10.144723 
-2.640000 	 -8.879123 
-2.630000 	 -10.604647 
-2.620000 	 -10.533924 
-2.610000 	 -12.363698 
-2.600000 	 -8.855708 
-2.590000 	 -12.509049 
-2.580000 	 -9.515172 
-2.570000 	 -12.272713 
-2.560000 	 -8.823005 
-2.550000 	 -11.122732 
-2.540000 	 -9.885207 
-2.530000 	 -10.698089 
-2.520000 	 -8.955147 
-2.510000 	 -8.789478 
-2.500000 	 -9.776958 
-2.490000 	 -8.157938 
-2.480000 	 -10.031923 
-2.470000 	 -8.482463 
-2.460000 	 -11.052384 
-2.450000 	 -10.363414 
-2.440000 	 -8.879951 
-2.430000 	 -9.803295 
-2.420000 	 -10.035816 
-2.410000 	 -8.028066 
-2.400000 	 -9.171492 
-2.390000 	 -10.032839 
-2.380000 	 -10.388366 
-2.370000 	 -9.843508 
-2.360000 	 -7.102006 
-2.350000 	 -8.862839 
-2.340000 	 -8.043624 
-2.330000 	 -10.492776 
-2.320000 	 -5.219044 
-2.310000 	 -9.147144 
-2.300000 	 -7.584879 
-2.290000 	 -11.128544 
-2.280000 	 -9.225424 
-2.270000 	 -7.671160 
-2.260000 	 -8.576057 
-2.250000 	 -7.357892 
-2.240000 	 -8.402710 
-2.230000 	 -9.333936 
-2.220000 	 -8.375924 
-2.210000 	 -10.680648 
-2.200000 	 -6.703304 
-2.190000 	 -9.796645 
-2.180000 	 -8.800146 
-2.170000 	 -9.988426 
-2.160000 	 -8.560001 
-2.150000 	 -6.924268 
-2.140000 	 -5.702127 
-2.130000 	 -9.303442 
-2.120000 	 -9.823153 
-2.110000 	 -8.201599 
-2.100000 	 -9.097303 
-2.090000 	 -4.336780 
-2.080000 	 -6.605339 
-2.070000 	 -7.165743 
-2.060000 	 -8.658342 
-2.050000 	 -4.949228 
-2.040000 	 -5.483009 
-2.030000 	 -5.437928 
-2.020000 	 -3.530249 
-2.010000 	 -5.066252 
-2.000000 	 -7.614707 
-1.990000 	 -5.069217 
-1.980000 	 -7.159228 
-1.970000 	 -2.852253 
-1.960000 	 -6.304313 
-1.950000 	 -4.796961 
-1.940000 	 -9.031541 
-1.930000 	 -6.927030 
-1.920000 	 -6.159210 
-1.910000 	 -7.465035 
-1.900000 	 -3.584045 
-1.890000 	 -4.047572 
-1.880000 	 -7.241470 
-1.870000 	 -5.712625 
-1.860000 	 -5.607656 
-1.850000 	 -8.650203 
-1.840000 	 -7.285080 
-1.830000 	 -5.444531 
-1.820000 	 -6.268018 
-1.810000 	 -3.835948 
-1.800000 	 -5.559973 
-1.790000 	 -6.797358 
-1.780000 	 -6.156560 
-1.770000 	 -2.712764 
-1.760000 	 -5.595801 
-1.750000 	 -2.321862 
-1.740000 	 -5.132958 
-1.730000 	 -5.139131 
-1.720000 	 -6.301932 
-1.710000 	 -5.061931 
-1.700000 	 -4.670563 
-1.690000 	 -6.510141 
-1.680000 	 -6.743611 
-1.670000 	 -7.021850 
-1.660000 	 -4.840527 
-1.650000 	 -1.845745 
-1.640000 	 -6.488234 
-1.630000 	 -3.296154 
-1.620000 	 -1.746606 
-1.610000 	 -5.234748 
-1.600000 	 -3.140055 
-1.590000 	 -5.245723 
-1.580000 	 -5.589647 
-1.570000 	 -6.402956 
-1.560000 	 -4.674638 
-1.550000 	 -6.711993 
-1.540000 	 -3.818088 
-1.530000 	 -3.385728 
-1.520000 	 -5.265432 
-1.510000 	 -6.356684 
-1.500000 	 -5.381457 
-1.490000 	 -5.353418 
-1.480000 	 -3.564927 
-1.470000 	 -2.297770 
-1.460000 	 -3.689988 
-1.450000 	 -3.917409 
-1.440000 	 -4.789453 
-1.430000 	 -4.462724 
-1.420000 	 -5.751178 
-1.410000 	 -3.460031 
-1.400000 	 -1.947359 
-1.390000 	 -4.538257 
-1.380000 	 -4.936334 
-1.370000 	 -6.012884 
-1.360000 	 -3.102561 
-1.350000 	 -5.601786 
-1.340000 	 -3.351132 
-1.330000 	 -3.225293 
-1.320000 	 -2.229381 
-1.310000 	 -2.281556 
-1.300000 	 -1.862138 
-1.290000 	 -6.545491 
-1.280000 	 -3.932247 
-1.270000 	 -2.304958 
-1.260000 	 -2.327496 
-1.250000 	 -3.316309 
-1.240000 	 -0.549491 
-1.230000 	 -1.409728 
-1.220000 	 -2.206520 
-1.210000 	 -2.553445 
-1.200000 	 -2.402013 
-1.190000 	 -4.714090 
-1.180000 	 -2.408469 
-1.170000 	 -1.215834 
-1.160000 	 -2.852017 
-1.150000 	 -2.252921 
-1.140000 	 -1.540109 
-1.130000 	 -2.937057 
-1.120000 	 -1.494006 
-1.110000 	 -0.872599 
-1.100000 	 -3.634784 
-1.090000 	 -2.539087 
-1.080000 	 -4.051506 
-1.070000 	 -1.425421 
-1.060000 	 -2.025324 
-1.050000 	 -5.998566 
-1.040000 	 -2.162311 
-1.030000 	 -1.461647 
-1.020000 	 -2.738308 
-1.010000 	 -2.585346 
-1.000000 	 -2.230798 
-0.990000 	 -1.204009 
-0.980000 	 -2.243804 
-0.970000 	 -0.552608 
-0.960000 	 -3.036508 
-0.950000 	 -0.948952 
-0.940000 	 0.865998 
-0.930000 	 -0.484385 
-0.920000 	 0.234251 
-0.910000 	 1.317140 
-0.900000 	 -1.083892 
-0.890000 	 -3.070852 
-0.880000 	 -1.668824 
-0.870000 	 -1.759355 
-0.860000 	 -2.361161 
-0.850000 	 -3.012568 
-0.840000 	 -4.086972 
-0.830000 	 -1.666548 
-0.820000 	 -0.520250 
-0.810000 	 -2.486130 
-0.800000 	 -3.155850 
-0.790000 	 0.500835 
-0.780000 	 -2.764646 
-0.770000 	 0.706230 
-0.760000 	 -0.057440 
-0.750000 	 1.995252 
-0.740000 	 -1.591320 
-0.730000 	 0.072050 
-0.720000 	 0.532904 
-0.710000 	 -0.306018 
-0.700000 	 -3.485376 
-0.690000 	 1.348519 
-0.680000 	 -0.238742 
-0.670000 	 1.394801 
-0.660000 	 -0.621960 
-0.650000 	 -4.087272 
-0.640000 	 -0.506915 
-0.630000 	 0.447638 
-0.620000 	 -2.373424 
-0.610000 	 1.932630 
-0.600000 	 0.721845 
-0.590000 	 2.158309 
-0.580000 	 -3.942113 
-0.570000 	 -1.615094 
-0.560000 	 -1.061350 
-0.550000 	 -2.556601 
-0.540000 	 -2.748787 
-0.530000 	 0.955417 
-0.520000 	 0.514945 
-0.510000 	 -0.586718 
-0.500000 	 1.002115 
-0.490000 	 -1.220057 
-0.480000 	 0.022690 
-0.470000 	 -2.194097 
-0.460000 	 -1.126261 
-0.450000 	 -1.868284 
-0.440000 	 0.570226 
-0.430000 	 -0.537244 
-0.420000 	 -1.524164 
-0.410000 	 -0.465507 
-0.400000 	 2.263668 
-0.390000 	 -0.597987 
-0.380000 	 -0.860474 
-0.370000 	 1.598296 
-0.360000 	 -0.008115 
-0.350000 	 -0.563839 
-0.340000 	 0.894335 
-0.330000 	 0.830909 
-0.320000 	 -0.823423 
-0.310000 	 -1.853010 
-0.300000 	 -0.988447 
-0.290000 	 0.761966 
-0.280000 	 -2.409274 
-0.270000 	 -0.592319 
-0.260000 	 -0.401188 
-0.250000 	 2.940854 
-0.240000 	 -2.787793 
-0.230000 	 -1.358747 
-0.220000 	 -1.829386 
-0.210000 	 2.377584 
-0.200000 	 -0.637086 
-0.190000 	 -0.893719 
-0.180000 	 -1.514592 
-0.170000 	 -1.240360 
-0.160000 	 -1.537077 
-0.150000 	 2.443905 
-0.140000 	 0.607519 
-0.130000 	 2.078394 
-0.120000 	 -0.469307 
-0.110000 	 -1.645887 
-0.100000 	 2.049994 
-0.090000 	 0.843330 
-0.080000 	 0.542315 
-0.070000 	 -1.356135 
-0.060000 	 -0.139626 
-0.050000 	 -0.582768 
-0.040000 	 -1.293652 
-0.030000 	 -0.549545 
-0.020000 	 0.264740 
-0.010000 	 -3.881983 
0.000000 	 1.695936 
0.010000 	 2.644653 
0.020000 	 -2.376172 
0.030000 	 2.198723 
0.040000 	 -2.937474 
0.050000 	 -0.269508 
0.060000 	 -0.097215 
0.070000 	 1.485991 
0.080000 	 -2.089271 
0.090000 	 -0.292213 
0.100000 	 1.592528 
0.110000 	 -0.676452 
0.120000 	 -2.868541 
0.130000 	 -0.966396 
0.140000 	 0.781695 
0.150000 	 -0.810888 
0.160000 	 1.044451 
0.170000 	 0.754964 
0.180000 	 -1.283225 
0.190000 	 -0.292208 
0.200000 	 2.000000 
0.210000 	 -1.831033 
0.220000 	 -0.649974 
0.230000 	 -0.698395 
0.240000 	 1.781433 
0.250000 	 0.076001 
0.260000 	 -1.243172 
0.270000 	 -1.019599 
0.280000 	 2.162508 
0.290000 	 -1.065354 
0.300000 	 0.798033 
0.310000 	 -1.643238 
0.320000 	 -2.146291 
0.330000 	 1.757438 
0.340000 	 -0.049761 
0.350000 	 -0.200877 
0.360000 	 0.578460 
0.370000 	 3.537365 
0.380000 	 0.621819 
0.390000 	 2.234851 
0.400000 	 -0.249822 
0.410000 	 -0.811275 
0.420000 	 1.861853 
0.430000 	 -0.434202 
0.440000 	 2.511515 
0.450000 	 -0.489886 
0.460000 	 -0.241125 
0.470000 	 0.300455 
0.480000 	 -0.975023 
0.490000 	 0.817165 
0.500000 	 0.031024 
0.510000 	 -0.227449 
0.520000 	 -0.748162 
0.530000 	 -0.331716 
0.540000 	 0.979878 
0.550000 	 0.158521 
0.560000 	 -0.948705 
0.570000 	 3.319743 
0.580000 	 2.774559 
0.590000 	 1.668379 
0.600000 	 18.000000 
0.610000 	 1.364939 
0.620000 	 0.441891 
0.630000 	 1.652032 
0.640000 	 0.269371 
0.650000 	 1.185855 
0.660000 	 -0.679449 
0.670000 	 0.993648 
0.680000 	 -1.817185 
0.690000 	 -1.796077 
0.700000 	 -1.878732 
0.710000 	 0.512623 
0.720000 	 1.030560 
0.730000 	 0.030703 
0.740000 	 1.762811 
0.750000 	 1.173735 
0.760000 	 -0.047437 
0.770000 	 2.821847 
0.780000 	 -1.489688 
0.790000 	 0.398943 
0.800000 	 -1.463371 
0.810000 	 -0.808015 
0.820000 	 2.597700 
0.830000 	 1.917883 
0.840000 	 1.549418 
0.850000 	 -0.289259 
0.860000 	 -2.045548 
0.870000 	 -1.561613 
0.880000 	 1.418830 
0.890000 	 2.760821 
0.900000 	 2.169138 
0.910000 	 0.470559 
0.920000 	 2.354129 
0.930000 	 1.636794 
0.940000 	 -0.367293 
0.950000 	 1.668817 
0.960000 	 0.698771 
0.970000 	 3.172851 
0.980000 	 -0.854359 
0.990000 	 0.182324 
1.000000 	 1.655519 
1.010000 	 1.111133 
1.020000 	 0.419467 
1.030000 	 -0.496845 
1.040000 	 -0.919467 
1.050000 	 0.098961 
1.060000 	 0.077826 
1.070000 	 -0.453441 
1.080000 	 1.387651 
1.090000 	 1.990129 
1.100000 	 3.902438 
1.110000 	 1.154573 
1.120000 	 0.233877 
1.130000 	 1.436704 
1.140000 	 -0.499293 
1.150000 	 2.652205 
1.160000 	 2.014031 
1.170000 	 1.222599 
1.180000 	 -0.148336 
1.190000 	 2.372950 
1.200000 	 0.759278 
1.210000 	 2.119456 
1.220000 	 0.922042 
1.230000 	 -0.583815 
1.240000 	 -2.329828 
1.250000 	 1.622509 
1.260000 	 0.277630 
1.270000 	 -1.075753 
1.280000 	 0.395209 
1.290000 	 3.278985 
1.300000 	 1.381535 
1.310000 	 -0.363126 
1.320000 	 -0.642568 
1.330000 	 3.076650 
1.340000 	 0.491188 
1.350000 	 0.952508 
1.360000 	 -0.165764 
1.370000 	 -0.114928 
1.380000 	 2.158692 
1.390000 	 0.191921 
1.400000 	 1.295033 
1.410000 	 1.444248 
1.420000 	 -0.770249 
1.430000 	 -1.989715 
1.440000 	 0.036862 
1.450000 	 1.162053 
1.460000 	 0.941257 
1.470000 	 0.203226 
1.480000 	 1.324315 
1.490000 	 4.117083 
1.500000 	 0.949249 
1.510000 	 1.018390 
1.520000 	 3.214943 
1.530000 	 3.441811 
1.540000 	 2.894895 
1.550000 	 1.253444 
1.560000 	 1.883304 
1.570000 	 -0.000077 
1.580000 	 0.738476 
1.590000 	 -0.075893 
1.600000 	 3.014065 
1.610000 	 0.398296 
1.620000 	 3.227248 
1.630000 	 -0.921016 
1.640000 	 2.627540 
1.650000 	 -1.207562 
1.660000 	 0.954446 
1.670000 	 1.185291 
1.680000 	 -0.468134 
1.690000 	 1.964817 
1.700000 	 2.561337 
1.710000 	 2.550274 
1.720000 	 2.772177 
1.730000 	 0.461027 
1.740000 	 5.495439 
1.750000 	 2.898938 
1.760000 	 2.428209 
1.770000 	 2.320439 
1.780000 	 1.634488 
1.790000 	 0.505265 
1.800000 	 0.324553 
1.810000 	 1.137443 
1.820000 	 2.297380 
1.830000 	 1.412961 
1.840000 	 2.964785 
1.850000 	 0.667381 
1.860000 	 -1.343615 
1.870000 	 -1.377814 
1.880000 	 3.458998 
1.890000 	 2.684631 
1.900000 	 2.248295 
1.910000 	 3.543037 
1.920000 	 -0.400879 
1.930000 	 1.852701 
1.940000 	 3.025198 
1.950000 	 0.369741 
1.960000 	 2.222382 
1.970000 	 2.439845 
1.980000 	 3.454938 
1.990000 	 1.857773 
2.000000 	 0.799860 
2.010000 	 4.815127 
2.020000 	 0.196553 
2.030000 	 3.272377 
2.040000 	 2.720521 
2.050000 	 4.175994 
2.060000 	 3.652076 
2.070000 	 3.345233 
2.080000 	 1.223563 
2.090000 	 2.896488 
2.100000 	 -0.765778 
2.110000 	 3.123498 
2.120000 	 4.195170 
2.130000 	 1.290367 
2.140000 	 2.699703 
2.150000 	 4.253521 
2.160000 	 4.307702 
2.170000 	 3.005910 
2.180000 	 3.493514 
2.190000 	 1.232920 
2.200000 	 3.057882 
2.210000 	 3.805833 
2.220000 	 3.957599 
2.230000 	 3.328342 
2.240000 	 5.074880 
2.250000 	 2.605685 
2.260000 	 3.124522 
2.270000 	 1.715688 
2.280000 	 3.298836 
2.290000 	 4.312027 
2.300000 	 2.231212 
2.310000 	 1.726020 
2.320000 	 4.339486 
2.330000 	 4.757120 
2.340000 	 5.129905 
2.350000 	 2.832515 
2.360000 	 5.193188 
2.370000 	 2.633376 
2.380000 	 4.559188 
2.390000 	 5.099852 
2.400000 	 4.849578 
2.410000 	 4.246467 
2.420000 	 3.261370 
2.430000 	 4.845913 
2.440000 	 0.519048 
2.450000 	 4.537646 
2.460000 	 3.901672 
2.470000 	 4.677640 
2.480000 	 3.018891 
2.490000 	 5.985694 
2.500000 	 3.502094 
2.510000 	 5.051696 
2.520000 	 3.626018 
2.530000 	 4.140921 
2.540000 	 8.355761 
2.550000 	 4.027232 
2.560000 	 3.024832 
2.570000 	 4.933608 
2.580000 	 6.300185 
2.590000 	 6.008949 
2.600000 	 5.134699 
2.610000 	 4.575704 
2.620000 	 5.125866 
2.630000 	 5.629041 
2.640000 	 5.121260 
2.650000 	 5.897355 
2.660000 	 7.499471 
2.670000 	 5.121432 
2.680000 	 7.417252 
2.690000 	 6.906796 
2.700000 	 4.794014 
2.710000 	 7.444965 
2.720000 	 5.719794 
2.730000 	 6.995974 
2.740000 	 8.253818 
2.750000 	 6.688609 
2.760000 	 6.096355 
2.770000 	 9.091128 
2.780000 	 7.937540 
2.790000 	 7.427052 
2.800000 	 7.158321 
2.810000 	 5.368474 
2.820000 	 8.023916 
2.830000 	 6.910920 
2.840000 	 6.840959 
2.850000 	 10.519308 
2.860000 	 7.011650 
2.870000 	 11.036608 
2.880000 	 7.157632 
2.890000 	 10.670708 
2.900000 	 10.913118 
2.910000 	 8.806709 
2.920000 	 7.085664 
2.930000 	 10.358658 
2.940000 	 7.815503 
2.950000 	 8.977041 
2.960000 	 13.369243 
2.970000 	 12.598025 
2.980000 	 9.105637 
2.990000 	 9.907686 
3.000000 	 9.321350 
3.010000 	 9.621843 
3.020000 	 8.939713 
3.030000 	 8.854319 
3.040000 	 12.017951 
3.050000 	 12.799904 
3.060000 	 10.830155 
3.070000 	 10.468617 
3.080000 	 12.417526 
3.090000 	 12.566317 
3.100000 	 13.601094 
3.110000 	 11.786004 
3.120000 	 10.445294 
3.130000 	 9.711229 
3.140000 	 14.407310 
3.150000 	 11.286189 
3.160000 	 12.358359 
3.170000 	 13.232104 
3.180000 	 16.795875 
3.190000 	 13.704068 
3.200000 	 12.790375 
3.210000 	 15.853742 
3.220000 	 13.550531 
3.230000 	 14.508518 
3.240000 	 15.402518 
3.250000 	 14.361676 
3.260000 	 15.241599 
3.270000 	 17.911900 
3.280000 	 13.723343 
3.290000 	 14.918279 
3.300000 	 15.211250 
3.310000 	 15.011594 
3.320000 	 13.194362 
3.330000 	 15.004294 
3.340000 	 12.994525 
3.350000 	 16.891527 
3.360000 	 12.523624 
3.370000 	 15.405819 
3.380000 	 18.015057 
3.390000 	 17.951514 
3.400000 	 13.553529 
3.410000 	 17.563517 
3.420000 	 15.367752 
3.430000 	 17.729067 
3.440000 	 18.758121 
3.450000 	 18.706744 
3.460000 	 18.472938 
3.470000 	 17.371424 
3.480000 	 17.869140 
3.490000 	 20.681712 
3.500000 	 17.625120 
3.510000 	 18.614638 
3.520000 	 18.349619 
3.530000 	 18.780232 
3.540000 	 23.837646 
3.550000 	 18.372135 
3.560000 	 20.078820 
3.570000 	 20.912652 
3.580000 	 20.855278 
3.590000 	 23.604177 
3.600000 	 23.785986 
3.610000 	 21.495009 
3.620000 	 23.084312 
3.630000 	 21.110832 
3.640000 	 23.053081 
3.650000 	 23.869557 
3.660000 	 21.063904 
3.670000 	 24.567289 
3.680000 	 27.751804 
3.690000 	 22.672539 
3.700000 	 26.506148 
3.710000 	 24.367488 
3.720000 	 25.483461 
3.730000 	 25.191682 
3.740000 	 22.979246 
3.750000 	 24.587167 
3.760000 	 25.748381 
3.770000 	 27.053149 
3.780000 	 25.504887 
3.790000 	 25.893189 
3.800000 	 26.288909 
3.810000 	 24.788691 
3.820000 	 26.450574 
3.830000 	 28.084907 
3.840000 	 26.684962 
3.850000 	 25.864686 
3.860000 	 29.160585 
3.870000 	 27.565845 
3.880000 	 28.550915 
3.890000 	 27.373600 
3.900000 	 30.252504 
3.910000 	 28.297570 
3.920000 	 32.265146 
3.930000 	 33.422614 
3.940000 	 30.270534 
3.950000 	 31.880702 
3.960000 	 31.538833 
3.970000 	 30.178558 
3.980000 	 34.179272 
3.990000 	 29.902625 
4.000000 	 33.153677 
