-3.000000 	 -11.373167 
-2.990000 	 -13.643627 
-2.980000 	 -11.534044 
-2.970000 	 -10.722921 
-2.960000 	 -12.474401 
-2.950000 	 -9.391987 
-2.940000 	 -13.559335 
-2.930000 	 -8.129756 
-2.920000 	 -13.210323 
-2.910000 	 -13.436708 
-2.900000 	 -15.835988 
-2.890000 	 -8.373825 
-2.880000 	 -14.584255 
-2.870000 	 -12.332330 
-2.860000 	 -10.782820 
-2.850000 	 1.000000 
-2.840000 	 -12.373958 
-2.830000 	 -13.412051 
-2.820000 	 -8.473288 
-2.810000 	 -8.197732 
-2.800000 	 -13.624182 
-2.790000 	 -9.696920 
-2.780000 	 -11.359036 
-2.770000 	 -12.637645 
-2.760000 	 -12.298585 
-2.750000 	 -10.382486 
-2.740000 	 -11.001129 
-2.730000 	 -12.715698 
-2.720000 	 -12.902946 
-2.710000 	 -9.499708 
-2.700000 	 -8.139149 
-2.690000 	 -11.231123 
-2.680000 	 -11.077639 
-2.670000 	 -9.201372 
-2.660000 	 -9.451037 
-2.650000 	 -8.020080 
-2.640000 	 -13.708814 
-2.630000 	 -10.831135 
-2.620000 	 -6.454828 
-2.610000 	 -10.817660 
-2.600000 	 -13.102902 
-2.590000 	 -12.890585 
-2.580000 	 -8.838003 
-2.570000 	 -6.173804 
-2.560000 	 -6.669572 
-2.550000 	 -12.316762 
-2.540000 	 -13.294750 
-2.530000 	 -8.715292 
-2.520000 	 24.000000 
-2.510000 	 -7.905806 
-2.500000 	 -8.294282 
-2.490000 	 -7.425059 
-2.480000 	 -10.705824 
-2.470000 	 -7.762811 
-2.460000 	 -8.640501 
-2.450000 	 -11.018257 
-2.440000 	 -8.299992 
-2.430000 	 -9.827401 
-2.420000 	 -9.371691 
-2.410000 	 -9.822430 
-2.400000 	 -9.899488 
-2.390000 	 -8.080095 
-2.380000 	 -8.707220 
-2.370000 	 -12.601539 
-2.360000 	 -7.090411 
-2.350000 	 -10.128653 
-2.340000 	 -8.869340 
-2.330000 	 -6.194527 
-2.320000 	 -8.616866 
-2.310000 	 -7.664804 
-2.300000 	 -8.947650 
-2.290000 	 -7.352973 
-2.280000 	 -8.449794 
-2.270000 	 -7.784273 
-2.260000 	 -9.528100 
-2.250000 	 -6.963622 
-2.240000 	 -7.915150 
-2.230000 	 -7.704240 
-2.220000 	 -10.411125 
-2.210000 	 -8.632244 
-2.200000 	 -7.353355 
-2.190000 	 -9.026022 
-2.180000 	 -7.491975 
-2.170000 	 -8.773763 
-2.160000 	 -6.346123 
-2.150000 	 -5.294834 
-2.140000 	 -5.369972 
-2.130000 	 -5.810938 
-2.120000 	 -5.486717 
-2.110000 	 -7.448332 
-2.100000 	 -8.121504 
-2.090000 	 -3.785939 
-2.080000 	 -8.477005 
-2.070000 	 -7.138017 
-2.060000 	 -7.490264 
-2.050000 	 -3.266205 
-2.040000 	 -2.614055 
-2.030000 	 -8.909536 
-2.020000 	 -6.584018 
-2.010000 	 -5.990153 
-2.000000 	 -7.713686 
-1.990000 	 -5.389947 
-1.980000 	 -5.401520 
-1.970000 	 -5.084607 
-1.960000 	 -8.079556 
-1.950000 	 -10.434927 
-1.940000 	 -4.849457 
-1.930000 	 -4.116872 
-1.920000 	 -5.757749 
-1.910000 	 -6.873145 
-1.900000 	 -6.806392 
-1.890000 	 -7.289901 
-1.880000 	 -6.390356 
-1.870000 	 -7.782386 
-1.860000 	 -7.460065 
-1.850000 	 -6.210038 
-1.840000 	 -7.169845 
-1.830000 	 -5.404755 
-1.820000 	 -8.794827 
-1.810000 	 -5.594396 
-1.800000 	 -6.930034 
-1.790000 	 -4.760166 
-1.780000 	 -7.524567 
-1.770000 	 -3.524480 
-1.760000 	 -7.303073 
-1.750000 	 -4.825867 
-1.740000 	 -3.983922 
-1.730000 	 -7.390041 
-1.720000 	 -3.076213 
-1.710000 	 -7.251024 
-1.700000 	 -5.754351 
-1.690000 	 -4.685794 
-1.680000 	 -4.726652 
-1.670000 	 -5.846216 
-1.660000 	 -4.864109 
-1.650000 	 -7.531437 
-1.640000 	 -5.240647 
-1.630000 	 -4.866576 
-1.620000 	 -7.100232 
-1.610000 	 -5.516943 
-1.600000 	 -4.277424 
-1.590000 	 -1.159560 
-1.580000 	 -4.913712 
-1.570000 	 -3.876450 
-1.560000 	 -6.420305 
-1.550000 	 -4.663734 
-1.540000 	 -3.662672 
-1.530000 	 -3.233741 
-1.520000 	 -2.017467 
-1.510000 	 -7.080442 
-1.500000 	 -4.185768 
-1.490000 	 -0.689348 
-1.480000 	 -6.604647 
-1.470000 	 -4.495677 
-1.460000 	 -2.775887 
-1.450000 	 -3.646398 
-1.440000 	 -5.601079 
-1.430000 	 -2.993168 
-1.420000 	 -6.582307 
-1.410000 	 -3.238235 
-1.400000 	 -5.630876 
-1.390000 	 -2.562205 
-1.380000 	 -7.018562 
-1.370000 	 -2.984391 
-1.360000 	 -6.725407 
-1.350000 	 -3.447989 
-1.340000 	 -3.623930 
-1.330000 	 -3.674671 
-1.320000 	 -3.210213 
-1.310000 	 -3.284898 
-1.300000 	 -1.021393 
-1.290000 	 -5.254630 
-1.280000 	 -3.051860 
-1.270000 	 -1.953732 
-1.260000 	 -2.324656 
-1.250000 	 -2.861514 
-1.240000 	 -2.037329 
-1.230000 	 -2.866737 
-1.220000 	 -3.267301 
-1.210000 	 -1.923333 
-1.200000 	 -1.126122 
-1.190000 	 -4.635625 
-1.180000 	 -4.837586 
-1.170000 	 -1.743686 
-1.160000 	 -2.227353 
-1.150000 	 -0.323380 
-1.140000 	 -3.467770 
-1.130000 	 -1.674328 
-1.120000 	 -2.872173 
-1.110000 	 -4.348803 
-1.100000 	 -1.348483 
-1.090000 	 -2.921962 
-1.080000 	 -1.511155 
-1.070000 	 -0.962965 
-1.060000 	 0.090865 
-1.050000 	 -3.295250 
-1.040000 	 -2.844901 
-1.030000 	 -2.838337 
-1.020000 	 -0.637972 
-1.010000 	 -3.190207 
-1.000000 	 0.732334 
-0.990000 	 -2.193651 
-0.980000 	 0.452903 
-0.970000 	 -6.057535 
-0.960000 	 -1.876317 
-0.950000 	 -0.915004 
-0.940000 	 -6.213646 
-0.930000 	 1.541259 
-0.920000 	 -0.428570 
-0.910000 	 -3.950606 
-0.900000 	 -2.011195 
-0.890000 	 -0.806433 
-0.880000 	 0.422613 
-0.870000 	 0.763615 
-0.860000 	 0.435837 
-0.850000 	 0.855328 
-0.840000 	 -1.448482 
-0.830000 	 -1.682314 
-0.820000 	 -1.031610 
-0.810000 	 -0.141930 
-0.800000 	 -1.225391 
-0.790000 	 -2.255935 
-0.780000 	 -2.960394 
-0.770000 	 -0.984159 
-0.760000 	 -1.213155 
-0.750000 	 -1.470537 
-0.740000 	 -4.048020 
-0.730000 	 -1.957726 
-0.720000 	 -2.908415 
-0.710000 	 -0.778011 
-0.700000 	 -1.449754 
-0.690000 	 -2.352676 
-0.680000 	 -2.105193 
-0.670000 	 0.979778 
-0.660000 	 -2.258071 
-0.650000 	 0.789500 
-0.640000 	 -2.790495 
-0.630000 	 -2.139904 
-0.620000 	 -2.156556 
-0.610000 	 -3.900607 
-0.600000 	 -1.119102 
-0.590000 	 0.068107 
-0.580000 	 0.456639 
-0.570000 	 1.689368 
-0.560000 	 1.516474 
-0.550000 	 -2.139204 
-0.540000 	 -2.314912 
-0.530000 	 -0.083288 
-0.520000 	 0.118777 
-0.510000 	 -4.080386 
-0.500000 	 0.308803 
-0.490000 	 -1.063209 
-0.480000 	 -1.642677 
-0.470000 	 -1.112428 
-0.460000 	 -1.267655 
-0.450000 	 -2.534992 
-0.440000 	 -0.810078 
-0.430000 	 -0.511768 
-0.420000 	 1.306015 
-0.410000 	 -4.347668 
-0.400000 	 -4.011794 
-0.390000 	 0.184525 
-0.380000 	 -1.430228 
-0.370000 	 -1.607813 
-0.360000 	 -1.037461 
-0.350000 	 -0.021951 
-0.340000 	 -1.809151 
-0.330000 	 -0.912330 
-0.320000 	 -1.694307 
-0.310000 	 -2.485795 
-0.300000 	 1.861324 
-0.290000 	 -1.979107 
-0.280000 	 -0.765714 
-0.270000 	 -4.095531 
-0.260000 	 -0.229119 
-0.250000 	 0.485357 
-0.240000 	 -1.065361 
-0.230000 	 1.811621 
-0.220000 	 -0.390444 
-0.210000 	 0.705378 
-0.200000 	 0.902107 
-0.190000 	 0.864891 
-0.180000 	 -1.349024 
-0.170000 	 0.113976 
-0.160000 	 -1.630820 
-0.150000 	 -1.074985 
-0.140000 	 1.456926 
-0.130000 	 -1.038136 
-0.120000 	 -2.652882 
-0.110000 	 2.918643 
-0.100000 	 -0.808698 
-0.090000 	 0.482153 
-0.080000 	 0.443683 
-0.070000 	 -1.311504 
-0.060000 	 -0.897831 
-0.050000 	 -0.467991 
-0.040000 	 -0.671068 
-0.030000 	 1.483260 
-0.020000 	 -0.447816 
-0.010000 	 1.407399 
0.000000 	 3.150176 
0.010000 	 2.110048 
0.020000 	 2.345763 
0.030000 	 -0.300051 
0.040000 	 -1.880662 
0.050000 	 2.242837 
0.060000 	 0.574973 
0.070000 	 -0.828854 
0.080000 	 -1.166232 
0.090000 	 1.049037 
0.100000 	 3.416898 
0.110000 	 0.103932 
0.120000 	 -1.533868 
0.130000 	 0.548336 
0.140000 	 3.601798 
0.150000 	 -1.222387 
0.160000 	 1.916842 
0.170000 	 0.525762 
0.180000 	 -0.663066 
0.190000 	 -2.219980 
0.200000 	 -2.561004 
0.210000 	 0.610350 
0.220000 	 0.547283 
0.230000 	 3.147429 
0.240000 	 0.337909 
0.250000 	 1.130400 
0.260000 	 0.665203 
0.270000 	 -4.610621 
0.280000 	 3.070827 
0.290000 	 0.892258 
0.300000 	 -2.402390 
0.310000 	 1.288119 
0.320000 	 2.025551 
0.330000 	 0.758327 
0.340000 	 -0.722908 
0.350000 	 2.280858 
0.360000 	 -0.909722 
0.370000 	 1.079099 
0.380000 	 1.097481 
0.390000 	 -0.347344 
0.400000 	 1.584134 
0.410000 	 1.435422 
0.420000 	 1.163807 
0.430000 	 -2.660168 
0.440000 	 1.867328 
0.450000 	 -2.488683 
0.460000 	 2.056583 
0.470000 	 1.862200 
0.480000 	 1.909459 
0.490000 	 0.719770 
0.500000 	 1.481248 
0.510000 	 0.180278 
0.520000 	 0.793518 
0.530000 	 -0.939668 
0.540000 	 0.654892 
0.550000 	 -0.736685 
0.560000 	 -0.887199 
0.570000 	 -1.090954 
0.580000 	 2.078113 
0.590000 	 0.203324 
0.600000 	 3.103081 
0.610000 	 1.877818 
0.620000 	 2.488647 
0.630000 	 0.014741 
0.640000 	 2.726809 
0.650000 	 0.556162 
0.660000 	 -0.085783 
0.670000 	 -0.519141 
0.680000 	 2.991207 
0.690000 	 1.025902 
0.700000 	 -0.504353 
0.710000 	 -1.648104 
0.720000 	 -0.447551 
0.730000 	 0.790584 
0.740000 	 1.777040 
0.750000 	 1.984912 
0.760000 	 -1.967130 
0.770000 	 1.157594 
0.780000 	 -0.707617 
0.790000 	 0.047407 
0.800000 	 -0.613766 
0.810000 	 -2.000481 
0.820000 	 -0.041578 
0.830000 	 0.238440 
0.840000 	 2.587527 
0.850000 	 -0.737679 
0.860000 	 -0.444714 
0.870000 	 1.715107 
0.880000 	 -0.421816 
0.890000 	 2.577827 
0.900000 	 -0.835508 
0.910000 	 2.136746 
0.920000 	 0.750868 
0.930000 	 -1.341425 
0.940000 	 -0.385945 
0.950000 	 0.094925 
0.960000 	 -0.125229 
0.970000 	 -0.692414 
0.980000 	 1.074531 
0.990000 	 -0.342024 
1.000000 	 0.553443 
1.010000 	 -0.663299 
1.020000 	 -1.998619 
1.030000 	 -3.057167 
1.040000 	 2.396824 
1.050000 	 -1.763706 
1.060000 	 0.016527 
1.070000 	 -2.427815 
1.080000 	 -2.514673 
1.090000 	 0.902242 
1.100000 	 -1.052123 
1.110000 	 0.408333 
1.120000 	 1.399669 
1.130000 	 4.217589 
1.140000 	 1.959118 
1.150000 	 0.404671 
1.160000 	 2.407523 
1.170000 	 -1.035756 
1.180000 	 0.953322 
1.190000 	 1.821489 
1.200000 	 -0.918290 
1.210000 	 -0.586079 
1.220000 	 -2.527737 
1.230000 	 -0.739689 
1.240000 	 0.518224 
1.250000 	 -2.022372 
1.260000 	 1.697186 
1.270000 	 4.017734 
1.280000 	 0.803014 
1.290000 	 0.804227 
1.300000 	 1.333179 
1.310000 	 -1.670292 
1.320000 	 -0.018888 
1.330000 	 2.846993 
1.340000 	 -1.400739 
1.350000 	 1.748779 
1.360000 	 -0.754340 
1.370000 	 1.678979 
1.380000 	 -0.100080 
1.390000 	 -0.197955 
1.400000 	 0.586206 
1.410000 	 0.105003 
1.420000 	 1.096670 
1.430000 	 0.752578 
1.440000 	 -1.881522 
1.450000 	 2.105881 
1.460000 	 4.951338 
1.470000 	 1.797895 
1.480000 	 -1.353226 
1.490000 	 1.581693 
1.500000 	 1.079938 
1.510000 	 -1.032106 
1.520000 	 -0.489516 
1.530000 	 2.868557 
1.540000 	 2.043272 
1.550000 	 1.242402 
1.560000 	 2.394861 
1.570000 	 4.734732 
1.580000 	 0.544081 
1.590000 	 0.505069 
1.600000 	 2.225183 
1.610000 	 0.768444 
1.620000 	 -0.797265 
1.630000 	 4.214715 
1.640000 	 -0.694747 
1.650000 	 -0.590338 
1.660000 	 3.369764 
1.670000 	 2.060438 
1.680000 	 1.790724 
1.690000 	 2.082566 
1.700000 	 4.070978 
1.710000 	 5.659607 
1.720000 	 0.992647 
1.730000 	 1.308478 
1.740000 	 1.062069 
1.750000 	 -1.308932 
1.760000 	 4.928907 
1.770000 	 1.175258 
1.780000 	 0.509765 
1.790000 	 2.758610 
1.800000 	 2.293556 
1.810000 	 -1.483751 
1.820000 	 2.111139 
1.830000 	 1.456931 
1.840000 	 0.872177 
1.850000 	 1.614735 
1.860000 	 1.044056 
1.870000 	 0.492762 
1.880000 	 3.937304 
1.890000 	 1.645469 
1.900000 	 0.628885 
1.910000 	 3.625880 
1.920000 	 0.898819 
1.930000 	 0.349674 
1.940000 	 3.512328 
1.950000 	 1.820903 
1.960000 	 1.283127 
1.970000 	 2.122464 
1.980000 	 0.433457 
1.990000 	 3.997836 
2.000000 	 3.078136 
2.010000 	 1.685955 
2.020000 	 -0.074423 
2.030000 	 3.361917 
2.040000 	 1.021006 
2.050000 	 0.307460 
2.060000 	 4.001179 
2.070000 	 0.888990 
2.080000 	 1.445692 
2.090000 	 5.115764 
2.100000 	 3.390025 
2.110000 	 1.354394 
2.120000 	 3.529814 
2.130000 	 2.289036 
2.140000 	 -0.605536 
2.150000 	 4.475619 
2.160000 	 3.261182 
2.170000 	 1.584384 
2.180000 	 3.197386 
2.190000 	 0.148027 
2.200000 	 4.817935 
2.210000 	 4.140970 
2.220000 	 4.519206 
2.230000 	 3.588856 
2.240000 	 1.101772 
2.250000 	 4.181682 
2.260000 	 4.134389 
2.270000 	 2.736235 
2.280000 	 5.689859 
2.290000 	 3.911664 
2.300000 	 3.035626 
2.310000 	 3.260661 
2.320000 	 2.345860 
2.330000 	 6.163429 
2.340000 	 4.257762 
2.350000 	 3.715029 
2.360000 	 4.795808 
2.370000 	 5.270127 
2.380000 	 4.233534 
2.390000 	 2.074274 
2.400000 	 4.722325 
2.410000 	 1.940836 
2.420000 	 3.870008 
2.430000 	 3.900878 
2.440000 	 3.735053 
2.450000 	 4.913792 
2.460000 	 4.904913 
2.470000 	 7.041173 
2.480000 	 8.478209 
2.490000 	 6.911392 
2.500000 	 6.085321 
2.510000 	 8.043875 
2.520000 	 6.121318 
2.530000 	 7.071860 
2.540000 	 3.444885 
2.550000 	 7.750396 
2.560000 	 4.495780 
2.570000 	 5.783318 
2.580000 	 3.357424 
2.590000 	 6.473423 
2.600000 	 5.014212 
2.610000 	 6.308810 
2.620000 	 5.758914 
2.630000 	 4.601028 
2.640000 	 7.765174 
2.650000 	 7.013941 
2.660000 	 7.012900 
2.670000 	 5.456325 
2.680000 	 5.792810 
2.690000 	 8.612716 
2.700000 	 5.249992 
2.710000 	 9.219351 
2.720000 	 6.060891 
2.730000 	 9.597031 
2.740000 	 7.090181 
2.750000 	 9.035006 
2.760000 	 6.433941 
2.770000 	 5.892942 
2.780000 	 9.346021 
2.790000 	 6.507766 
2.800000 	 6.544194 
2.810000 	 5.946622 
2.820000 	 8.472843 
2.830000 	 7.698465 
2.840000 	 10.942372 
2.850000 	 9.390062 
2.860000 	 8.231301 
2.870000 	 6.620904 
2.880000 	 8.320839 
2.890000 	 5.049579 
2.900000 	 8.950877 
2.910000 	 9.830148 
2.920000 	 9.692152 
2.930000 	 9.128972 
2.940000 	 6.828399 
2.950000 	 9.250832 
2.960000 	 8.657869 
2.970000 	 9.219243 
2.980000 	 9.909891 
2.990000 	 8.859087 
3.000000 	 11.249091 
3.010000 	 10.150265 
3.020000 	 7.632601 
3.030000 	 11.167078 
3.040000 	 11.849508 
3.050000 	 8.703724 
3.060000 	 9.616651 
3.070000 	 10.267765 
3.080000 	 11.563315 
3.090000 	 11.672538 
3.100000 	 13.550806 
3.110000 	 9.851437 
3.120000 	 9.911807 
3.130000 	 12.032300 
3.140000 	 11.183891 
3.150000 	 11.081156 
3.160000 	 11.360434 
3.170000 	 9.862027 
3.180000 	 12.621780 
3.190000 	 13.098355 
3.200000 	 13.943707 
3.210000 	 14.516456 
3.220000 	 13.254164 
3.230000 	 14.391122 
3.240000 	 14.682545 
3.250000 	 13.541624 
3.260000 	 16.348851 
3.270000 	 15.244057 
3.280000 	 14.927490 
3.290000 	 12.371244 
3.300000 	 11.085520 
3.310000 	 13.821593 
3.320000 	 14.758215 
3.330000 	 16.174713 
3.340000 	 14.721307 
3.350000 	 14.822553 
3.360000 	 18.568467 
3.370000 	 15.724282 
3.380000 	 18.053680 
3.390000 	 17.570263 
3.400000 	 16.807593 
3.410000 	 16.583006 
3.420000 	 16.169907 
3.430000 	 16.006281 
3.440000 	 19.106706 
3.450000 	 18.542634 
3.460000 	 19.475074 
3.470000 	 17.549167 
3.480000 	 21.143523 
3.490000 	 19.872556 
3.500000 	 18.562057 
3.510000 	 16.605893 
3.520000 	 18.680053 
3.530000 	 19.833546 
3.540000 	 20.949857 
3.550000 	 21.561069 
3.560000 	 21.507432 
3.570000 	 21.844957 
3.580000 	 22.922030 
3.590000 	 21.243813 
3.600000 	 21.069030 
3.610000 	 23.602113 
3.620000 	 22.648967 
3.630000 	 22.601198 
3.640000 	 24.995995 
3.650000 	 22.084414 
3.660000 	 25.046055 
3.670000 	 23.375302 
3.680000 	 23.247747 
3.690000 	 25.996455 
3.700000 	 22.910173 
3.710000 	 23.377273 
3.720000 	 25.220936 
3.730000 	 24.532586 
3.740000 	 24.462087 
3.750000 	 25.635363 
3.760000 	 29.459608 
3.770000 	 27.323262 
3.780000 	 25.560501 
3.790000 	 27.613832 
3.800000 	 22.570794 
3.810000 	 22.308888 
3.820000 	 28.433325 
3.830000 	 26.938270 
3.840000 	 28.554774 
3.850000 	 27.205323 
3.860000 	 31.527613 
3.870000 	 28.215286 
3.880000 	 28.032955 
3.890000 	 31.905049 
3.900000 	 26.681295 
3.910000 	 28.448808 
3.920000 	 29.955972 
3.930000 	 30.452711 
3.940000 	 31.604240 
3.950000 	 31.586765 
3.960000 	 30.967852 
3.970000 	 32.974579 
3.980000 	 31.855326 
3.990000 	 33.187579 
4.000000 	 30.072894 
