-3.000000 	 -13.703057 
-2.990000 	 -11.140922 
-2.980000 	 -12.709735 
-2.970000 	 -8.813274 
-2.960000 	 -11.311450 
-2.950000 	 -13.003923 
-2.940000 	 -12.209641 
-2.930000 	 -11.364702 
-2.920000 	 -10.446251 
-2.910000 	 -13.183729 
-2.900000 	 -11.773216 
-2.890000 	 -11.298747 
-2.880000 	 -9.629973 
-2.870000 	 -12.294587 
-2.860000 	 -11.805718 
-2.850000 	 -10.932184 
-2.840000 	 -9.473787 
-2.830000 	 -10.632641 
-2.820000 	 -10.238843 
-2.810000 	 -12.030226 
-2.800000 	 -9.219353 
-2.790000 	 -10.074464 
-2.780000 	 -8.959122 
-2.770000 	 -8.248368 
-2.760000 	 -9.567295 
-2.750000 	 -11.435628 
-2.740000 	 -11.195729 
-2.730000 	 -12.346798 
-2.720000 	 -9.001924 
-2.710000 	 -8.878635 
-2.700000 	 -9.891797 
-2.690000 	 -9.574762 
-2.680000 	 -11.872878 
-2.670000 	 -11.041348 
-2.660000 	 -8.664386 
-2.650000 	 -8.344061 
-2.640000 	 -11.737438 
-2.630000 	 -10.994549 
-2.620000 	 -11.923186 
-2.610000 	 -11.509516 
-2.600000 	 -11.161517 
-2.590000 	 -12.082914 
-2.580000 	 -9.174078 
-2.570000 	 -10.237759 
-2.560000 	 -10.604094 
-2.550000 	 -8.972649 
-2.540000 	 -8.588060 
-2.530000 	 -10.790136 
-2.520000 	 -8.071706 
-2.510000 	 -9.069956 
-2.500000 	 -10.447931 
-2.490000 	 -9.716435 
-2.480000 	 -6.114045 
-2.470000 	 -8.282922 
-2.460000 	 -10.256596 
-2.450000 	 -7.727878 
-2.440000 	 -8.698232 
-2.430000 	 -9.436302 
-2.420000 	 -11.204976 
-2.410000 	 -10.110863 
-2.400000 	 -10.205912 
-2.390000 	 -12.126134 
-2.380000 	 -7.495036 
-2.370000 	 -9.540773 
-2.360000 	 -13.426745 
-2.350000 	 -10.226924 
-2.340000 	 -11.272641 
-2.330000 	 -10.305904 
-2.320000 	 -9.396760 
-2.310000 	 -9.292140 
-2.300000 	 -6.724393 
-2.290000 	 -10.197076 
-2.280000 	 -10.789939 
-2.270000 	 -9.648871 
-2.260000 	 -6.229395 
-2.250000 	 -8.512804 
-2.240000 	 -7.839611 
-2.230000 	 -6.726916 
-2.220000 	 -9.030960 
-2.210000 	 -7.148876 
-2.200000 	 -8.294218 
-2.190000 	 -6.352082 
-2.180000 	 -8.523133 
-2.170000 	 -6.010882 
-2.160000 	 -10.241489 
-2.150000 	 -6.360563 
-2.140000 	 -7.850667 
-2.130000 	 -6.230286 
-2.120000 	 -8.428231 
-2.110000 	 -7.434552 
-2.100000 	 -6.632501 
-2.090000 	 -6.804848 
-2.080000 	 -5.707991 
-2.070000 	 -7.811448 
-2.060000 	 -9.111470 
-2.050000 	 -8.703899 
-2.040000 	 -4.379468 
-2.030000 	 -6.335956 
-2.020000 	 -8.953525 
-2.010000 	 -4.803646 
-2.000000 	 -5.142635 
-1.990000 	 -6.753146 
-1.980000 	 -7.573428 
-1.970000 	 -4.240262 
-1.960000 	 -7.039331 
-1.950000 	 -6.976010 
-1.940000 	 -5.692063 
-1.930000 	 -4.588666 
-1.920000 	 -6.701505 
-1.910000 	 -6.648300 
-1.900000 	 -8.457873 
-1.890000 	 -7.437686 
-1.880000 	 -5.834521 
-1.870000 	 -5.176471 
-1.860000 	 -6.080311 
-1.850000 	 -3.823232 
-1.840000 	 -8.115199 
-1.830000 	 -8.864368 
-1.820000 	 -4.293497 
-1.810000 	 -4.385730 
-1.800000 	 -6.184949 
-1.790000 	 -4.836912 
-1.780000 	 -3.310010 
-1.770000 	 -4.096072 
-1.760000 	 -5.361085 
-1.750000 	 -3.421247 
-1.740000 	 -5.990869 
-1.730000 	 -4.664645 
-1.720000 	 -7.514051 
-1.710000 	 -2.721178 
-1.700000 	 -4.172668 
-1.690000 	 -4.667299 
-1.680000 	 -6.377066 
-1.670000 	 -3.813104 
-1.660000 	 -5.526239 
-1.650000 	 -5.885043 
-1.640000 	 -7.661431 
-1.630000 	 -3.703600 
-1.620000 	 -6.696324 
-1.610000 	 -3.715994 
-1.600000 	 -6.337853 
-1.590000 	 -4.740812 
-1.580000 	 -7.718248 
-1.570000 	 -3.591956 
-1.560000 	 -5.785333 
-1.550000 	 -6.835183 
-1.540000 	 -3.208156 
-1.530000 	 -2.150992 
-1.520000 	 -6.968896 
-1.510000 	 -3.891157 
-1.500000 	 -3.229626 
-1.490000 	 -3.124783 
-1.480000 	 -5.575101 
-1.470000 	 -1.586382 
-1.460000 	 -4.663153 
-1.450000 	 -4.064630 
-1.440000 	 -4.899271 
-1.430000 	 -5.578654 
-1.420000 	 -4.223997 
-1.410000 	 -4.364652 
-1.400000 	 -1.251582 
-1.390000 	 -2.458661 
-1.380000 	 -5.579789 
-1.370000 	 -3.247772 
-1.360000 	 -3.254846 
-1.350000 	 -4.880383 
-1.340000 	 -4.400162 
-1.330000 	 -4.218989 
-1.320000 	 -5.732524 
-1.310000 	 -4.174417 
-1.300000 	 -4.040152 
-1.290000 	 -2.783012 
-1.280000 	 -1.939478 
-1.270000 	 -4.935251 
-1.260000 	 -5.194895 
-1.250000 	 -4.025399 
-1.240000 	 -2.445428 
-1.230000 	 -0.549879 
-1.220000 	 -4.385197 
-1.210000 	 -0.878921 
-1.200000 	 -3.245216 
-1.190000 	 -2.712563 
-1.180000 	 -4.204175 
-1.170000 	 -3.060699 
-1.160000 	 -2.592475 
-1.150000 	 -1.681281 
-1.140000 	 -3.824773 
-1.130000 	 -2.432456 
-1.120000 	 -2.275581 
-1.110000 	 -4.288329 
-1.100000 	 -2.036067 
-1.090000 	 -2.599427 
-1.080000 	 -3.456498 
-1.070000 	 -2.788678 
-1.060000 	 -1.663746 
-1.050000 	 -1.277344 
-1.040000 	 2.176685 
-1.030000 	 -3.133861 
-1.020000 	 -3.102248 
-1.010000 	 -1.844524 
-1.000000 	 -3.095621 
-0.990000 	 -3.812873 
-0.980000 	 -1.853486 
-0.970000 	 -3.944973 
-0.960000 	 -5.639417 
-0.950000 	 -1.503490 
-0.940000 	 -1.816756 
-0.930000 	 -1.380566 
-0.920000 	 -3.619979 
-0.910000 	 -0.402354 
-0.900000 	 -4.298308 
-0.890000 	 -2.502341 
-0.880000 	 -1.520555 
-0.870000 	 -2.600819 
-0.860000 	 0.664581 
-0.850000 	 -0.054473 
-0.840000 	 -3.357553 
-0.830000 	 -3.669116 
-0.820000 	 -3.867560 
-0.810000 	 -3.627965 
-0.800000 	 -1.000325 
-0.790000 	 -2.328845 
-0.780000 	 -2.464199 
-0.770000 	 -2.433561 
-0.760000 	 -0.777151 
-0.750000 	 -3.248834 
-0.740000 	 -2.047854 
-0.730000 	 -1.031210 
-0.720000 	 -1.732324 
-0.710000 	 -1.043939 
-0.700000 	 -1.975300 
-0.690000 	 -1.984891 
-0.680000 	 -2.920540 
-0.670000 	 1.195369 
-0.660000 	 -3.010563 
-0.650000 	 0.013479 
-0.640000 	 -5.231417 
-0.630000 	 -0.751206 
-0.620000 	 -0.640596 
-0.610000 	 -1.905650 
-0.600000 	 -2.767533 
-0.590000 	 -1.380115 
-0.580000 	 -0.257124 
-0.570000 	 -3.115713 
-0.560000 	 1.296645 
-0.550000 	 -1.142193 
-0.540000 	 1.233821 
-0.530000 	 -2.567665 
-0.520000 	 2.043980 
-0.510000 	 -1.578912 
-0.500000 	 2.092972 
-0.490000 	 2.070707 
-0.480000 	 -0.158374 
-0.470000 	 -0.154923 
-0.460000 	 0.024316 
-0.450000 	 -2.894216 
-0.440000 	 -2.165647 
-0.430000 	 1.621744 
-0.420000 	 -0.436316 
-0.410000 	 -1.561318 
-0.400000 	 -1.450306 
-0.390000 	 0.592889 
-0.380000 	 -0.638298 
-0.370000 	 -0.216392 
-0.360000 	 -0.979584 
-0.350000 	 0.977402 
-0.340000 	 -1.524962 
-0.330000 	 -1.194312 
-0.320000 	 0.530531 
-0.310000 	 2.326354 
-0.300000 	 -2.433834 
-0.290000 	 -3.159835 
-0.280000 	 1.660548 
-0.270000 	 0.248423 
-0.260000 	 -0.923178 
-0.250000 	 0.794629 
-0.240000 	 -2.925530 
-0.230000 	 1.738342 
-0.220000 	 -0.771709 
-0.210000 	 1.896571 
-0.200000 	 -5.020863 
-0.190000 	 1.222592 
-0.180000 	 -1.580593 
-0.170000 	 -0.676024 
-0.160000 	 -2.427856 
-0.150000 	 0.567220 
-0.140000 	 0.801561 
-0.130000 	 0.980116 
-0.120000 	 2.832429 
-0.110000 	 -0.216649 
-0.100000 	 0.312248 
-0.090000 	 0.097619 
-0.080000 	 0.898368 
-0.070000 	 -0.117541 
-0.060000 	 0.694783 
-0.050000 	 -0.055218 
-0.040000 	 0.959119 
-0.030000 	 0.670479 
-0.020000 	 0.785091 
-0.010000 	 0.576380 
0.000000 	 -2.389803 
0.010000 	 1.993568 
0.020000 	 -2.603161 
0.030000 	 0.318658 
0.040000 	 0.978242 
0.050000 	 1.665283 
0.060000 	 -0.451483 
0.070000 	 1.230944 
0.080000 	 0.416016 
0.090000 	 -0.858638 
0.100000 	 -0.209248 
0.110000 	 0.987423 
0.120000 	 1.241229 
0.130000 	 0.614928 
0.140000 	 0.086553 
0.150000 	 -1.361914 
0.160000 	 -0.908675 
0.170000 	 0.356512 
0.180000 	 -0.971056 
0.190000 	 1.140517 
0.200000 	 0.323496 
0.210000 	 0.792944 
0.220000 	 -0.224303 
0.230000 	 -1.011563 
0.240000 	 0.607689 
0.250000 	 1.204739 
0.260000 	 -1.028713 
0.270000 	 -2.241436 
0.280000 	 -1.538044 
0.290000 	 0.858066 
0.300000 	 -0.312037 
0.310000 	 -1.828650 
0.320000 	 0.189825 
0.330000 	 1.888050 
0.340000 	 -0.744190 
0.350000 	 3.212179 
0.360000 	 -1.736937 
0.370000 	 -2.364418 
0.380000 	 0.001534 
0.390000 	 4.641758 
0.400000 	 -1.277616 
0.410000 	 0.028000 
0.420000 	 -0.555274 
0.430000 	 1.500968 
0.440000 	 0.690448 
0.450000 	 -1.644212 
0.460000 	 1.170595 
0.470000 	 -0.505871 
0.480000 	 -0.993717 
0.490000 	 -0.616489 
0.500000 	 1.289548 
0.510000 	 1.609366 
0.520000 	 -1.848023 
0.530000 	 2.592281 
0.540000 	 0.920164 
0.550000 	 -0.250111 
0.560000 	 -1.441881 
0.570000 	 0.743366 
0.580000 	 -0.097869 
0.590000 	 -3.211109 
0.600000 	 1.478853 
0.610000 	 -2.703546 
0.620000 	 2.159947 
0.630000 	 -0.344787 
0.640000 	 1.229833 
0.650000 	 0.131605 
0.660000 	 -1.410128 
0.670000 	 -0.674347 
0.680000 	 3.490457 
0.690000 	 1.612379 
0.700000 	 2.336229 
0.710000 	 2.213629 
0.720000 	 -0.570111 
0.730000 	 0.329427 
0.740000 	 3.055945 
0.750000 	 0.365236 
0.760000 	 1.475896 
0.770000 	 0.156227 
0.780000 	 1.822623 
0.790000 	 -0.161250 
0.800000 	 0.263420 
0.810000 	 1.571913 
0.820000 	 1.503860 
0.830000 	 -1.654455 
0.840000 	 -1.508821 
0.850000 	 0.995144 
0.860000 	 -0.752678 
0.870000 	 -2.801426 
0.880000 	 0.609195 
0.890000 	 -0.953088 
0.900000 	 -3.253698 
0.910000 	 1.222551 
0.920000 	 -1.180388 
0.930000 	 -0.610526 
0.940000 	 -0.942971 
0.950000 	 -2.097023 
0.960000 	 -0.660995 
0.970000 	 -1.705402 
0.980000 	 1.010808 
0.990000 	 -0.533607 
1.000000 	 -0.413417 
1.010000 	 2.313756 
1.020000 	 1.035073 
1.030000 	 1.272813 
1.040000 	 2.536560 
1.050000 	 0.420283 
1.060000 	 -2.581265 
1.070000 	 1.594645 
1.080000 	 -0.019146 
1.090000 	 1.584036 
1.100000 	 2.524499 
1.110000 	 -0.559194 
1.120000 	 -0.030721 
1.130000 	 2.202059 
1.140000 	 -0.868810 
1.150000 	 -0.205579 
1.160000 	 1.228481 
1.170000 	 1.451085 
1.180000 	 -0.232277 
1.190000 	 -1.108690 
1.200000 	 -0.381314 
1.210000 	 -0.730329 
1.220000 	 0.779425 
1.230000 	 -0.488681 
1.240000 	 -0.243138 
1.250000 	 2.044413 
1.260000 	 -0.340832 
1.270000 	 2.924218 
1.280000 	 -1.114234 
1.290000 	 -2.957667 
1.300000 	 -1.465591 
1.310000 	 -0.539709 
1.320000 	 -0.894585 
1.330000 	 2.034488 
1.340000 	 1.480575 
1.350000 	 -3.000000 
1.360000 	 -0.384512 
1.370000 	 -1.784956 
1.380000 	 0.924592 
1.390000 	 1.101891 
1.400000 	 1.935793 
1.410000 	 1.024502 
1.420000 	 1.450111 
1.430000 	 -0.233720 
1.440000 	 0.374329 
1.450000 	 0.207383 
1.460000 	 1.030523 
1.470000 	 0.819952 
1.480000 	 -0.974911 
1.490000 	 -0.015723 
1.500000 	 0.110604 
1.510000 	 -1.741482 
1.520000 	 1.763065 
1.530000 	 -0.847601 
1.540000 	 -0.729674 
1.550000 	 2.076477 
1.560000 	 0.769578 
1.570000 	 6.448682 
1.580000 	 0.006763 
1.590000 	 0.441899 
1.600000 	 -0.909077 
1.610000 	 -0.128060 
1.620000 	 1.457531 
1.630000 	 1.396449 
1.640000 	 1.569576 
1.650000 	 2.918265 
1.660000 	 0.110043 
1.670000 	 0.355289 
1.680000 	 -1.424798 
1.690000 	 0.950776 
1.700000 	 0.832406 
1.710000 	 2.043780 
1.720000 	 1.060522 
1.730000 	 0.079685 
1.740000 	 1.784971 
1.750000 	 1.920784 
1.760000 	 5.366278 
1.770000 	 -0.420460 
1.780000 	 2.659872 
1.790000 	 1.841446 
1.800000 	 0.211036 
1.810000 	 1.511084 
1.820000 	 2.360168 
1.830000 	 0.587923 
1.840000 	 0.715424 
1.850000 	 2.815534 
1.860000 	 2.064755 
1.870000 	 1.667764 
1.880000 	 2.661783 
1.890000 	 1.637152 
1.900000 	 2.889948 
1.910000 	 2.302182 
1.920000 	 -0.149599 
1.930000 	 1.500497 
1.940000 	 0.767194 
1.950000 	 2.003606 
1.960000 	 1.984074 
1.970000 	 3.801222 
1.980000 	 1.278183 
1.990000 	 0.907597 
2.000000 	 1.743282 
2.010000 	 0.704237 
2.020000 	 3.351441 
2.030000 	 2.274400 
2.040000 	 3.339096 
2.050000 	 1.121948 
2.060000 	 0.422015 
2.070000 	 0.953572 
2.080000 	 2.794406 
2.090000 	 1.866684 
2.100000 	 -2.028518 
2.110000 	 1.841959 
2.120000 	 1.301393 
2.130000 	 1.484629 
2.140000 	 0.779281 
2.150000 	 2.678193 
2.160000 	 2.036970 
2.170000 	 0.216059 
2.180000 	 5.123103 
2.190000 	 4.077553 
2.200000 	 4.145270 
2.210000 	 0.925473 
2.220000 	 2.447849 
2.230000 	 2.516369 
2.240000 	 4.743304 
2.250000 	 5.164118 
2.260000 	 2.711268 
2.270000 	 2.848255 
2.280000 	 3.406102 
2.290000 	 0.517037 
2.300000 	 7.201982 
2.310000 	 4.065349 
2.320000 	 2.607823 
2.330000 	 4.552844 
2.340000 	 5.092000 
2.350000 	 4.118970 
2.360000 	 4.608077 
2.370000 	 4.918266 
2.380000 	 3.883188 
2.390000 	 6.079321 
2.400000 	 4.463336 
2.410000 	 4.413263 
2.420000 	 3.139565 
2.430000 	 2.262831 
2.440000 	 6.203088 
2.450000 	 6.002148 
2.460000 	 5.908261 
2.470000 	 7.023219 
2.480000 	 3.145905 
2.490000 	 5.320114 
2.500000 	 3.881919 
2.510000 	 3.203696 
2.520000 	 6.354995 
2.530000 	 3.614798 
2.540000 	 2.723160 
2.550000 	 4.866825 
2.560000 	 5.030924 
2.570000 	 4.092627 
2.580000 	 6.709710 
2.590000 	 5.855566 
2.600000 	 6.948403 
2.610000 	 7.283605 
2.620000 	 4.186175 
2.630000 	 5.022030 
2.640000 	 6.174961 
2.650000 	 3.480286 
2.660000 	 5.684422 
2.670000 	 8.405484 
2.680000 	 6.604041 
2.690000 	 6.805081 
2.700000 	 7.062026 
2.710000 	 4.983871 
2.720000 	 8.151520 
2.730000 	 4.077082 
2.740000 	 6.132415 
2.750000 	 8.563989 
2.760000 	 7.190087 
2.770000 	 7.913925 
2.780000 	 6.821830 
2.790000 	 5.824868 
2.800000 	 6.606624 
2.810000 	 12.052879 
2.820000 	 6.764513 
2.830000 	 5.980581 
2.840000 	 9.091360 
2.850000 	 9.564771 
2.860000 	 7.838858 
2.870000 	 12.143921 
2.880000 	 10.364124 
2.890000 	 10.059267 
2.900000 	 8.984018 
2.910000 	 8.622200 
2.920000 	 9.130531 
2.930000 	 11.443997 
2.940000 	 9.985882 
2.950000 	 6.117688 
2.960000 	 11.985178 
2.970000 	 6.493665 
2.980000 	 8.979232 
2.990000 	 11.852645 
3.000000 	 10.773493 
3.010000 	 11.410942 
3.020000 	 11.964411 
3.030000 	 13.166884 
3.040000 	 12.639071 
3.050000 	 9.511090 
3.060000 	 11.884184 
3.070000 	 13.013327 
3.080000 	 11.736023 
3.090000 	 11.236686 
3.100000 	 12.906465 
3.110000 	 14.062215 
3.120000 	 13.125695 
3.130000 	 12.755727 
3.140000 	 14.118058 
3.150000 	 12.055095 
3.160000 	 12.019290 
3.170000 	 13.814269 
3.180000 	 14.856248 
3.190000 	 13.922503 
3.200000 	 22.000000 
3.210000 	 13.545440 
3.220000 	 14.964109 
3.230000 	 10.897466 
3.240000 	 15.030664 
3.250000 	 14.426768 
3.260000 	 16.190444 
3.270000 	 15.261612 
3.280000 	 13.605907 
3.290000 	 11.577744 
3.300000 	 15.826397 
3.310000 	 16.216413 
3.320000 	 13.331040 
3.330000 	 16.809582 
3.340000 	 16.147379 
3.350000 	 14.335155 
3.360000 	 16.998084 
3.370000 	 17.626488 
3.380000 	 19.602204 
3.390000 	 17.811221 
3.400000 	 16.564851 
3.410000 	 20.280792 
3.420000 	 15.582580 
3.430000 	 18.419225 
3.440000 	 16.213205 
3.450000 	 14.784873 
3.460000 	 19.674893 
3.470000 	 21.630277 
3.480000 	 15.666536 
3.490000 	 18.712690 
3.500000 	 19.345444 
3.510000 	 19.179456 
3.520000 	 17.500382 
3.530000 	 21.974533 
3.540000 	 19.912653 
3.550000 	 19.452166 
3.560000 	 19.808000 
3.570000 	 17.857318 
3.580000 	 19.951247 
3.590000 	 18.807312 
3.600000 	 19.085036 
3.610000 	 24.759896 
3.620000 	 22.317655 
3.630000 	 23.374682 
3.640000 	 20.288912 
3.650000 	 24.981781 
3.660000 	 24.628865 
3.670000 	 24.353329 
3.680000 	 25.025048 
3.690000 	 27.252394 
3.700000 	 24.258984 
3.710000 	 26.963548 
3.720000 	 24.041069 
3.730000 	 27.828373 
3.740000 	 22.863199 
3.750000 	 25.478708 
3.760000 	 24.519645 
3.770000 	 26.766043 
3.780000 	 25.773091 
3.790000 	 26.493480 
3.800000 	 25.468957 
3.810000 	 23.470613 
3.820000 	 27.655409 
3.830000 	 27.377730 
3.840000 	 30.376849 
3.850000 	 29.846508 
3.860000 	 25.629068 
3.870000 	 29.707535 
3.880000 	 28.116842 
3.890000 	 27.092236 
3.900000 	 29.964992 
3.910000 	 31.150007 
3.920000 	 28.272317 
3.930000 	 31.526223 
3.940000 	 30.186016 
3.950000 	 31.138669 
3.960000 	 32.001622 
3.970000 	 32.532903 
3.980000 	 33.298045 
3.990000 	 30.297937 
4.000000 	 33.301427 
