-3.000000 	 -13.388215 
-2.990000 	 -14.057034 
-2.980000 	 -11.780313 
-2.970000 	 -11.433385 
-2.960000 	 -11.429483 
-2.950000 	 -11.535421 
-2.940000 	 -13.966512 
-2.930000 	 -11.448002 
-2.920000 	 -13.961232 
-2.910000 	 -13.078633 
-2.900000 	 -8.931893 
-2.890000 	 -10.615024 
-2.880000 	 -12.336589 
-2.870000 	 -11.678726 
-2.860000 	 -8.910008 
-2.850000 	 -11.407442 
-2.840000 	 -10.489562 
-2.830000 	 -10.969945 
-2.820000 	 -11.858876 
-2.810000 	 -7.325322 
-2.800000 	 -11.310402 
-2.790000 	 -9.741069 
-2.780000 	 -10.732823 
-2.770000 	 -12.967881 
-2.760000 	 -11.170901 
-2.750000 	 -11.184456 
-2.740000 	 -12.199355 
-2.730000 	 -8.642260 
-2.720000 	 -10.844272 
-2.710000 	 -9.706288 
-2.700000 	 -13.929331 
-2.690000 	 -11.906130 
-2.680000 	 -10.516311 
-2.670000 	 -7.242522 
-2.660000 	 -12.155318 
-2.650000 	 -9.985633 
-2.640000 	 -12.205113 
-2.630000 	 -10.302917 
-2.620000 	 -9.346964 
-2.610000 	 -10.196155 
-2.600000 	 -10.664742 
-2.590000 	 -11.101969 
-2.580000 	 -9.261108 
-2.570000 	 -12.007407 
-2.560000 	 -11.391802 
-2.550000 	 -9.120253 
-2.540000 	 -8.695408 
-2.530000 	 -9.803743 
-2.520000 	 -11.394282 
-2.510000 	 -11.666590 
-2.500000 	 -9.074668 
-2.490000 	 -10.784761 
-2.480000 	 -10.821653 
-2.470000 	 -8.748097 
-2.460000 	 -10.061817 
-2.450000 	 -10.550742 
-2.440000 	 -9.631864 
-2.430000 	 -8.740769 
-2.420000 	 -12.753825 
-2.410000 	 -12.402437 
-2.400000 	 -11.020115 
-2.390000 	 -8.742043 
-2.380000 	 -9.090473 
-2.370000 	 -8.976766 
-2.360000 	 -9.188481 
-2.350000 	 -6.757501 
-2.340000 	 -8.369923 
-2.330000 	 -7.461163 
-2.320000 	 -10.337857 
-2.310000 	 -7.263392 
-2.300000 	 -7.575617 
-2.290000 	 -8.499458 
-2.280000 	 -8.507161 
-2.270000 	 -9.517209 
-2.260000 	 -9.022234 
-2.250000 	 -7.451329 
-2.240000 	 9.000000 
-2.230000 	 -7.299084 
-2.220000 	 -5.393240 
-2.210000 	 -10.545630 
-2.200000 	 -7.885597 
-2.190000 	 -6.308484 
-2.180000 	 -6.314055 
-2.170000 	 -7.848063 
-2.160000 	 -6.871357 
-2.150000 	 -6.386345 
-2.140000 	 -9.405940 
-2.130000 	 -3.796095 
-2.120000 	 -6.315273 
-2.110000 	 -5.175835 
-2.100000 	 -4.654578 
-2.090000 	 -7.134649 
-2.080000 	 -6.449445 
-2.070000 	 -5.920030 
-2.060000 	 -5.695259 
-2.050000 	 -7.421953 
-2.040000 	 -5.366940 
-2.030000 	 -4.574986 
-2.020000 	 -3.864200 
-2.010000 	 -7.527063 
-2.000000 	 -3.476435 
-1.990000 	 -7.599632 
-1.980000 	 -4.441640 
-1.970000 	 -5.795612 
-1.960000 	 -9.700049 
-1.950000 	 -8.531908 
-1.940000 	 -7.198776 
-1.930000 	 -4.469014 
-1.920000 	 -5.953512 
-1.910000 	 -8.391696 
-1.900000 	 -5.306865 
-1.890000 	 -4.523346 
-1.880000 	 -7.084361 
-1.870000 	 -4.966108 
-1.860000 	 -6.156703 
-1.850000 	 -5.058827 
-1.840000 	 -6.109197 
-1.830000 	 -7.604256 
-1.820000 	 -4.938839 
-1.810000 	 -4.682510 
-1.800000 	 -5.929152 
-1.790000 	 -6.344901 
-1.780000 	 -5.761135 
-1.770000 	 -4.352100 
-1.760000 	 -5.073130 
-1.750000 	 -8.799227 
-1.740000 	 -6.407288 
-1.730000 	 -3.578435 
-1.720000 	 -5.522961 
-1.710000 	 -4.335079 
-1.700000 	 -5.069558 
-1.690000 	 -3.823623 
-1.680000 	 -4.387272 
-1.670000 	 -6.324526 
-1.660000 	 -6.155465 
-1.650000 	 -3.498427 
-1.640000 	 -3.610889 
-1.630000 	 -4.408450 
-1.620000 	 -4.158403 
-1.610000 	 -4.771806 
-1.600000 	 -2.978050 
-1.590000 	 -2.841141 
-1.580000 	 -1.810285 
-1.570000 	 -3.418138 
-1.560000 	 -6.228035 
-1.550000 	 -3.524019 
-1.540000 	 -6.015313 
-1.530000 	 -6.269408 
-1.520000 	 -6.740478 
-1.510000 	 -3.783415 
-1.500000 	 -3.323337 
-1.490000 	 -1.331403 
-1.480000 	 -8.008252 
-1.470000 	 -3.941387 
-1.460000 	 -6.260060 
-1.450000 	 -4.914368 
-1.440000 	 -3.085092 
-1.430000 	 -3.149587 
-1.420000 	 -4.673460 
-1.410000 	 -2.821722 
-1.400000 	 -6.163143 
-1.390000 	 -1.604517 
-1.380000 	 -5.257726 
-1.370000 	 -5.920109 
-1.360000 	 -3.499051 
-1.350000 	 -2.887647 
-1.340000 	 -1.841998 
-1.330000 	 -4.526606 
-1.320000 	 -5.182923 
-1.310000 	 -5.090508 
-1.300000 	 -3.289943 
-1.290000 	 -3.494820 
-1.280000 	 -5.625565 
-1.270000 	 -3.136249 
-1.260000 	 -3.711096 
-1.250000 	 -4.136071 
-1.240000 	 -3.945547 
-1.230000 	 -4.428215 
-1.220000 	 -3.820366 
-1.210000 	 -3.236566 
-1.200000 	 -5.005539 
-1.190000 	 -2.958418 
-1.180000 	 -1.160071 
-1.170000 	 -2.258433 
-1.160000 	 -6.371872 
-1.150000 	 -4.044272 
-1.140000 	 -4.919564 
-1.130000 	 -4.440067 
-1.120000 	 -3.219810 
-1.110000 	 -1.884472 
-1.100000 	 -1.643426 
-1.090000 	 -4.406595 
-1.080000 	 -3.579089 
-1.070000 	 -0.753729 
-1.060000 	 -2.691887 
-1.050000 	 -2.596756 
-1.040000 	 -0.427014 
-1.030000 	 0.902612 
-1.020000 	 -3.317059 
-1.010000 	 -0.520108 
-1.000000 	 0.380377 
-0.990000 	 -0.948086 
-0.980000 	 -2.291919 
-0.970000 	 -1.746140 
-0.960000 	 -0.332683 
-0.950000 	 -5.022344 
-0.940000 	 -1.840556 
-0.930000 	 -1.107197 
-0.920000 	 -3.949721 
-0.910000 	 -3.465174 
-0.900000 	 -1.190863 
-0.890000 	 -0.904238 
-0.880000 	 -0.387802 
-0.870000 	 -2.891557 
-0.860000 	 -1.951919 
-0.850000 	 -0.308652 
-0.840000 	 -4.339825 
-0.830000 	 -0.273479 
-0.820000 	 -4.922660 
-0.810000 	 -5.685094 
-0.800000 	 2.042948 
-0.790000 	 2.836632 
-0.780000 	 -2.251597 
-0.770000 	 -0.278835 
-0.760000 	 -2.262925 
-0.750000 	 -4.524716 
-0.740000 	 -0.922328 
-0.730000 	 -3.523740 
-0.720000 	 -10.000000 
-0.710000 	 -0.257284 
-0.700000 	 -1.545180 
-0.690000 	 -1.381819 
-0.680000 	 -1.147575 
-0.670000 	 -0.826964 
-0.660000 	 -2.050420 
-0.650000 	 -0.368614 
-0.640000 	 -0.255046 
-0.630000 	 -2.648318 
-0.620000 	 -2.997621 
-0.610000 	 -1.291149 
-0.600000 	 1.420035 
-0.590000 	 -1.396420 
-0.580000 	 -2.829615 
-0.570000 	 -1.562369 
-0.560000 	 -0.429583 
-0.550000 	 -2.540934 
-0.540000 	 0.456460 
-0.530000 	 0.476393 
-0.520000 	 -0.802819 
-0.510000 	 -1.184657 
-0.500000 	 -0.781211 
-0.490000 	 1.214528 
-0.480000 	 0.600955 
-0.470000 	 -2.844856 
-0.460000 	 -1.164541 
-0.450000 	 -0.943487 
-0.440000 	 -1.038358 
-0.430000 	 -1.711461 
-0.420000 	 -3.108319 
-0.410000 	 -0.630155 
-0.400000 	 0.629005 
-0.390000 	 -1.420073 
-0.380000 	 0.974818 
-0.370000 	 -0.275110 
-0.360000 	 -0.573422 
-0.350000 	 -1.155087 
-0.340000 	 -1.769828 
-0.330000 	 -2.602780 
-0.320000 	 0.866037 
-0.310000 	 -3.267110 
-0.300000 	 -1.685263 
-0.290000 	 2.295275 
-0.280000 	 0.969818 
-0.270000 	 1.369788 
-0.260000 	 -1.116177 
-0.250000 	 -0.031827 
-0.240000 	 1.392841 
-0.230000 	 -1.173647 
-0.220000 	 -2.998491 
-0.210000 	 -0.345017 
-0.200000 	 1.844010 
-0.190000 	 -1.893455 
-0.180000 	 -0.600433 
-0.170000 	 1.482035 
-0.160000 	 3.140269 
-0.150000 	 -1.828731 
-0.140000 	 -1.570156 
-0.130000 	 -3.940016 
-0.120000 	 -2.155031 
-0.110000 	 -0.807441 
-0.100000 	 2.885914 
-0.090000 	 0.622608 
-0.080000 	 0.578026 
-0.070000 	 1.231479 
-0.060000 	 0.383155 
-0.050000 	 -0.693579 
-0.040000 	 0.864165 
-0.030000 	 2.901266 
-0.020000 	 0.761502 
-0.010000 	 -1.020781 
0.000000 	 -2.706569 
0.010000 	 2.435216 
0.020000 	 1.614652 
0.030000 	 0.311415 
0.040000 	 1.638588 
0.050000 	 -2.562914 
0.060000 	 -2.890209 
0.070000 	 0.344373 
0.080000 	 1.052790 
0.090000 	 0.522256 
0.100000 	 -0.651292 
0.110000 	 1.862466 
0.120000 	 2.222431 
0.130000 	 -1.021725 
0.140000 	 3.461898 
0.150000 	 1.161750 
0.160000 	 0.420231 
0.170000 	 -0.185650 
0.180000 	 1.074387 
0.190000 	 0.407255 
0.200000 	 2.408850 
0.210000 	 2.759233 
0.220000 	 0.441011 
0.230000 	 0.114222 
0.240000 	 -2.245335 
0.250000 	 1.901581 
0.260000 	 -0.425210 
0.270000 	 -0.940173 
0.280000 	 -0.737684 
0.290000 	 0.945851 
0.300000 	 1.206516 
0.310000 	 2.192730 
0.320000 	 0.855428 
0.330000 	 2.558026 
0.340000 	 -1.650729 
0.350000 	 -2.158460 
0.360000 	 -0.707752 
0.370000 	 -0.263046 
0.380000 	 -4.343181 
0.390000 	 2.094586 
0.400000 	 0.020386 
0.410000 	 0.420454 
0.420000 	 -1.885796 
0.430000 	 1.460368 
0.440000 	 1.422890 
0.450000 	 -1.193831 
0.460000 	 1.575985 
0.470000 	 -3.560288 
0.480000 	 3.664997 
0.490000 	 -2.226853 
0.500000 	 2.067895 
0.510000 	 -1.975747 
0.520000 	 -1.886004 
0.530000 	 1.370390 
0.540000 	 -0.042992 
0.550000 	 -0.835179 
0.560000 	 0.817021 
0.570000 	 1.586718 
0.580000 	 0.178019 
0.590000 	 -1.022043 
0.600000 	 1.272954 
0.610000 	 -2.117968 
0.620000 	 2.735428 
0.630000 	 0.987802 
0.640000 	 -1.107722 
0.650000 	 0.713911 
0.660000 	 -0.202768 
0.670000 	 -0.901602 
0.680000 	 0.115353 
0.690000 	 1.129168 
0.700000 	 -2.510968 
0.710000 	 0.763254 
0.720000 	 2.430716 
0.730000 	 -0.756550 
0.740000 	 -0.357005 
0.750000 	 -0.456002 
0.760000 	 1.196484 
0.770000 	 -0.336808 
0.780000 	 1.707920 
0.790000 	 1.932425 
0.800000 	 -2.169208 
0.810000 	 2.977549 
0.820000 	 0.606693 
0.830000 	 0.102357 
0.840000 	 -0.421228 
0.850000 	 -1.756032 
0.860000 	 0.678677 
0.870000 	 3.205570 
0.880000 	 -1.336135 
0.890000 	 -2.124214 
0.900000 	 1.451521 
0.910000 	 0.368850 
0.920000 	 -1.232217 
0.930000 	 -1.307196 
0.940000 	 0.692807 
0.950000 	 -1.881000 
0.960000 	 2.619586 
0.970000 	 0.240898 
0.980000 	 1.186670 
0.990000 	 -0.739208 
1.000000 	 0.247129 
1.010000 	 -3.162353 
1.020000 	 -1.003031 
1.030000 	 1.767967 
1.040000 	 2.865145 
1.050000 	 0.793136 
1.060000 	 -2.315328 
1.070000 	 2.454308 
1.080000 	 0.005318 
1.090000 	 1.994365 
1.100000 	 1.400101 
1.110000 	 2.380704 
1.120000 	 0.469171 
1.130000 	 -0.012784 
1.140000 	 0.732050 
1.150000 	 -0.129544 
1.160000 	 -0.573341 
1.170000 	 -0.945949 
1.180000 	 -1.145596 
1.190000 	 2.688858 
1.200000 	 4.226689 
1.210000 	 2.058504 
1.220000 	 -0.179178 
1.230000 	 0.930742 
1.240000 	 -0.267163 
1.250000 	 2.276010 
1.260000 	 -0.217631 
1.270000 	 -2.443548 
1.280000 	 1.372871 
1.290000 	 3.487041 
1.300000 	 1.883265 
1.310000 	 3.762146 
1.320000 	 1.078273 
1.330000 	 0.879426 
1.340000 	 1.760762 
1.350000 	 1.158395 
1.360000 	 1.198853 
1.370000 	 -0.330104 
1.380000 	 -0.825257 
1.390000 	 -2.041901 
1.400000 	 0.929506 
1.410000 	 1.352759 
1.420000 	 1.299917 
1.430000 	 3.759908 
1.440000 	 -0.266729 
1.450000 	 2.379755 
1.460000 	 -2.113669 
1.470000 	 -1.159146 
1.480000 	 -0.125270 
1.490000 	 1.301629 
1.500000 	 2.176784 
1.510000 	 1.093896 
1.520000 	 -1.577278 
1.530000 	 -0.033683 
1.540000 	 -0.661580 
1.550000 	 0.173095 
1.560000 	 1.554107 
1.570000 	 -0.423519 
1.580000 	 2.574946 
1.590000 	 1.170052 
1.600000 	 2.085343 
1.610000 	 0.202069 
1.620000 	 1.217762 
1.630000 	 0.230441 
1.640000 	 0.368269 
1.650000 	 -1.010136 
1.660000 	 0.822437 
1.670000 	 -1.230427 
1.680000 	 -2.469618 
1.690000 	 1.178895 
1.700000 	 1.334376 
1.710000 	 0.736235 
1.720000 	 0.294212 
1.730000 	 4.417517 
1.740000 	 4.789085 
1.750000 	 2.722706 
1.760000 	 2.078400 
1.770000 	 2.313852 
1.780000 	 -0.472458 
1.790000 	 0.698309 
1.800000 	 0.326739 
1.810000 	 2.981898 
1.820000 	 3.053288 
1.830000 	 3.262842 
1.840000 	 1.483514 
1.850000 	 3.442244 
1.860000 	 1.360627 
1.870000 	 6.335115 
1.880000 	 0.837968 
1.890000 	 -1.443903 
1.900000 	 0.223124 
1.910000 	 1.335321 
1.920000 	 3.857349 
1.930000 	 1.519637 
1.940000 	 3.549489 
1.950000 	 2.810317 
1.960000 	 2.154727 
1.970000 	 1.539182 
1.980000 	 -0.770944 
1.990000 	 2.470677 
2.000000 	 2.824018 
2.010000 	 0.909283 
2.020000 	 0.666900 
2.030000 	 -0.270190 
2.040000 	 1.602123 
2.050000 	 2.228943 
2.060000 	 4.756052 
2.070000 	 0.106711 
2.080000 	 0.665914 
2.090000 	 1.702800 
2.100000 	 2.648609 
2.110000 	 1.653001 
2.120000 	 5.150503 
2.130000 	 2.925713 
2.140000 	 7.064350 
2.150000 	 2.813757 
2.160000 	 2.848370 
2.170000 	 3.003782 
2.180000 	 3.304811 
2.190000 	 5.329395 
2.200000 	 2.768759 
2.210000 	 1.723955 
2.220000 	 6.090553 
2.230000 	 4.546101 
2.240000 	 3.726530 
2.250000 	 4.780083 
2.260000 	 2.516676 
2.270000 	 1.704489 
2.280000 	 3.278520 
2.290000 	 3.763803 
2.300000 	 0.291591 
2.310000 	 4.381409 
2.320000 	 3.935629 
2.330000 	 4.311398 
2.340000 	 4.857946 
2.350000 	 4.709436 
2.360000 	 6.223740 
2.370000 	 1.191610 
2.380000 	 3.152074 
2.390000 	 8.308586 
2.400000 	 3.325943 
2.410000 	 4.460014 
2.420000 	 2.744858 
2.430000 	 4.587513 
2.440000 	 5.242474 
2.450000 	 1.959628 
2.460000 	 4.953637 
2.470000 	 3.221367 
2.480000 	 3.692775 
2.490000 	 3.205009 
2.500000 	 6.861600 
2.510000 	 5.563032 
2.520000 	 5.924919 
2.530000 	 8.150425 
2.540000 	 5.535120 
2.550000 	 4.308574 
2.560000 	 4.962456 
2.570000 	 6.880609 
2.580000 	 5.258442 
2.590000 	 5.389076 
2.600000 	 3.918997 
2.610000 	 6.199392 
2.620000 	 6.092009 
2.630000 	 9.135411 
2.640000 	 6.234157 
2.650000 	 6.612205 
2.660000 	 6.667108 
2.670000 	 7.929206 
2.680000 	 8.748118 
2.690000 	 8.795654 
2.700000 	 5.281482 
2.710000 	 4.738322 
2.720000 	 5.086483 
2.730000 	 10.738040 
2.740000 	 6.249725 
2.750000 	 8.848494 
2.760000 	 8.050206 
2.770000 	 6.406288 
2.780000 	 11.347688 
2.790000 	 5.729807 
2.800000 	 8.546537 
2.810000 	 8.183626 
2.820000 	 5.840132 
2.830000 	 8.319643 
2.840000 	 10.243916 
2.850000 	 5.757881 
2.860000 	 8.767554 
2.870000 	 10.271755 
2.880000 	 7.412724 
2.890000 	 8.103001 
2.900000 	 9.131706 
2.910000 	 4.540836 
2.920000 	 11.265097 
2.930000 	 12.169199 
2.940000 	 8.169243 
2.950000 	 9.190909 
2.960000 	 9.579363 
2.970000 	 6.201146 
2.980000 	 11.966503 
2.990000 	 9.012923 
3.000000 	 12.232128 
3.010000 	 8.204437 
3.020000 	 8.727601 
3.030000 	 9.180690 
3.040000 	 11.274792 
3.050000 	 11.872375 
3.060000 	 12.937283 
3.070000 	 13.241707 
3.080000 	 9.765889 
3.090000 	 12.569786 
3.100000 	 13.085111 
3.110000 	 11.709452 
3.120000 	 10.995674 
3.130000 	 12.100877 
3.140000 	 15.336148 
3.150000 	 11.968987 
3.160000 	 13.624770 
3.170000 	 13.441226 
3.180000 	 12.382455 
3.190000 	 13.990021 
3.200000 	 10.279976 
3.210000 	 11.339950 
3.220000 	 12.174848 
3.230000 	 11.394384 
3.240000 	 13.335539 
3.250000 	 17.708671 
3.260000 	 15.002680 
3.270000 	 15.032334 
3.280000 	 13.471427 
3.290000 	 16.454740 
3.300000 	 15.065423 
3.310000 	 14.563791 
3.320000 	 14.435787 
3.330000 	 12.562077 
3.340000 	 16.465803 
3.350000 	 16.487782 
3.360000 	 20.095277 
3.370000 	 15.987402 
3.380000 	 19.739991 
3.390000 	 17.548580 
3.400000 	 17.031802 
3.410000 	 17.283504 
3.420000 	 16.470510 
3.430000 	 14.339490 
3.440000 	 16.413413 
3.450000 	 19.003106 
3.460000 	 19.064204 
3.470000 	 19.884050 
3.480000 	 17.431898 
3.490000 	 20.104746 
3.500000 	 18.192371 
3.510000 	 17.797089 
3.520000 	 19.770470 
3.530000 	 20.558566 
3.540000 	 20.268232 
3.550000 	 21.931648 
3.560000 	 20.369671 
3.570000 	 21.057305 
3.580000 	 21.392845 
3.590000 	 20.834722 
3.600000 	 19.943502 
3.610000 	 22.326163 
3.620000 	 22.346429 
3.630000 	 23.247324 
3.640000 	 24.224016 
3.650000 	 23.199529 
3.660000 	 23.427548 
3.670000 	 23.883330 
3.680000 	 21.971984 
3.690000 	 23.606754 
3.700000 	 24.244729 
3.710000 	 23.703695 
3.720000 	 25.869851 
3.730000 	 25.564088 
3.740000 	 25.104076 
3.750000 	 24.545761 
3.760000 	 26.877178 
3.770000 	 26.776388 
3.780000 	 26.773183 
3.790000 	 25.631718 
3.800000 	 27.945927 
3.810000 	 25.643059 
3.820000 	 25.559165 
3.830000 	 28.169184 
3.840000 	 26.924112 
3.850000 	 26.918584 
3.860000 	 29.679209 
3.870000 	 28.920629 
3.880000 	 27.646558 
3.890000 	 30.255433 
3.900000 	 30.146627 
3.910000 	 30.158237 
3.920000 	 31.588061 
3.930000 	 32.004942 
3.940000 	 31.014060 
3.950000 	 32.514845 
3.960000 	 34.426737 
3.970000 	 32.591428 
3.980000 	 34.466972 
3.990000 	 33.128121 
4.000000 	 31.496494 
