-3.000000 	 -17.038506 
-2.990000 	 -10.231612 
-2.980000 	 -12.807276 
-2.970000 	 -13.560407 
-2.960000 	 -11.443576 
-2.950000 	 -11.915050 
-2.940000 	 -10.496843 
-2.930000 	 -14.488843 
-2.920000 	 -11.734359 
-2.910000 	 -11.900196 
-2.900000 	 -9.982818 
-2.890000 	 -9.579324 
-2.880000 	 -12.013805 
-2.870000 	 -9.960051 
-2.860000 	 -12.788955 
-2.850000 	 -10.535930 
-2.840000 	 -12.669951 
-2.830000 	 -11.228714 
-2.820000 	 -12.732582 
-2.810000 	 -10.997571 
-2.800000 	 -13.626320 
-2.790000 	 -11.513586 
-2.780000 	 -10.001892 
-2.770000 	 -9.912350 
-2.760000 	 -12.225295 
-2.750000 	 -10.590937 
-2.740000 	 -10.928010 
-2.730000 	 -11.009183 
-2.720000 	 -9.530078 
-2.710000 	 -11.258079 
-2.700000 	 -13.417874 
-2.690000 	 -11.184075 
-2.680000 	 -11.103811 
-2.670000 	 -7.783739 
-2.660000 	 -9.990546 
-2.650000 	 -11.488248 
-2.640000 	 -11.322576 
-2.630000 	 -7.764319 
-2.620000 	 -9.200395 
-2.610000 	 -9.311100 
-2.600000 	 -10.946948 
-2.590000 	 -9.484623 
-2.580000 	 -10.537067 
-2.570000 	 -10.106339 
-2.560000 	 -10.574315 
-2.550000 	 -10.145294 
-2.540000 	 -11.214491 
-2.530000 	 -9.172196 
-2.520000 	 -14.475100 
-2.510000 	 -7.646203 
-2.500000 	 -10.683137 
-2.490000 	 -8.820599 
-2.480000 	 -7.587127 
-2.470000 	 -7.257320 
-2.460000 	 -10.554675 
-2.450000 	 -10.275859 
-2.440000 	 -11.654274 
-2.430000 	 -9.340212 
-2.420000 	 -7.024033 
-2.410000 	 -6.272516 
-2.400000 	 -8.542736 
-2.390000 	 -8.046927 
-2.380000 	 -9.605730 
-2.370000 	 -7.326855 
-2.360000 	 -7.494712 
-2.350000 	 -11.129725 
-2.340000 	 -9.372183 
-2.330000 	 -7.130652 
-2.320000 	 -8.157677 
-2.310000 	 -7.436522 
-2.300000 	 -6.181450 
-2.290000 	 -5.068050 
-2.280000 	 -8.023435 
-2.270000 	 -8.434280 
-2.260000 	 -7.773304 
-2.250000 	 -8.034562 
-2.240000 	 -8.997963 
-2.230000 	 -8.927964 
-2.220000 	 -9.374855 
-2.210000 	 -8.876986 
-2.200000 	 -10.959704 
-2.190000 	 -6.840645 
-2.180000 	 -10.003038 
-2.170000 	 -7.999001 
-2.160000 	 -5.841770 
-2.150000 	 -6.090558 
-2.140000 	 -7.947605 
-2.130000 	 -8.985030 
-2.120000 	 -5.880407 
-2.110000 	 -6.288687 
-2.100000 	 -10.090465 
-2.090000 	 -7.750893 
-2.080000 	 -10.684803 
-2.070000 	 -6.762396 
-2.060000 	 -8.092230 
-2.050000 	 -9.320260 
-2.040000 	 -7.638673 
-2.030000 	 -8.935032 
-2.020000 	 -7.833750 
-2.010000 	 -5.249757 
-2.000000 	 -8.090348 
-1.990000 	 -5.277220 
-1.980000 	 -6.534838 
-1.970000 	 -5.713070 
-1.960000 	 -5.335978 
-1.950000 	 -7.976247 
-1.940000 	 -5.592044 
-1.930000 	 -8.407977 
-1.920000 	 -6.486065 
-1.910000 	 -6.279709 
-1.900000 	 -5.827220 
-1.890000 	 -6.976455 
-1.880000 	 -6.775610 
-1.870000 	 -4.876642 
-1.860000 	 -4.872515 
-1.850000 	 -5.564927 
-1.840000 	 -6.396240 
-1.830000 	 -3.111135 
-1.820000 	 -7.096413 
-1.810000 	 -6.090021 
-1.800000 	 -9.221835 
-1.790000 	 -6.404435 
-1.780000 	 -4.704437 
-1.770000 	 -5.588389 
-1.760000 	 -6.813753 
-1.750000 	 -6.546014 
-1.740000 	 -4.359018 
-1.730000 	 -4.817705 
-1.720000 	 -5.778717 
-1.710000 	 -2.511379 
-1.700000 	 -3.380678 
-1.690000 	 -5.938869 
-1.680000 	 -5.168493 
-1.670000 	 -5.698867 
-1.660000 	 -2.959119 
-1.650000 	 -2.300439 
-1.640000 	 -4.205378 
-1.630000 	 -7.469934 
-1.620000 	 -6.154363 
-1.610000 	 -6.393546 
-1.600000 	 -3.977397 
-1.590000 	 -3.458502 
-1.580000 	 -4.309200 
-1.570000 	 -5.927763 
-1.560000 	 -5.099137 
-1.550000 	 -0.538725 
-1.540000 	 -2.940491 
-1.530000 	 -7.818840 
-1.520000 	 -4.588206 
-1.510000 	 -2.394517 
-1.500000 	 -4.611744 
-1.490000 	 -3.902920 
-1.480000 	 -2.578090 
-1.470000 	 -2.761821 
-1.460000 	 -0.878791 
-1.450000 	 -1.179639 
-1.440000 	 -4.167465 
-1.430000 	 -3.180689 
-1.420000 	 -8.446551 
-1.410000 	 -2.319289 
-1.400000 	 -2.203917 
-1.390000 	 -3.662533 
-1.380000 	 -4.747577 
-1.370000 	 -2.519292 
-1.360000 	 -3.605558 
-1.350000 	 -2.834990 
-1.340000 	 -4.111768 
-1.330000 	 -2.859204 
-1.320000 	 -3.328019 
-1.310000 	 -3.533905 
-1.300000 	 -1.401413 
-1.290000 	 -4.554768 
-1.280000 	 -3.714846 
-1.270000 	 -1.179897 
-1.260000 	 -2.911890 
-1.250000 	 -3.059541 
-1.240000 	 -0.789095 
-1.230000 	 -1.352019 
-1.220000 	 -4.192490 
-1.210000 	 -3.281630 
-1.200000 	 -2.211661 
-1.190000 	 -4.235107 
-1.180000 	 -3.209839 
-1.170000 	 -1.717537 
-1.160000 	 -3.885325 
-1.150000 	 -6.334919 
-1.140000 	 -4.529834 
-1.130000 	 -1.499516 
-1.120000 	 -0.880158 
-1.110000 	 -3.696363 
-1.100000 	 -4.781169 
-1.090000 	 -3.257383 
-1.080000 	 -3.667490 
-1.070000 	 -1.222595 
-1.060000 	 -3.693836 
-1.050000 	 -1.875442 
-1.040000 	 -4.662652 
-1.030000 	 -3.821257 
-1.020000 	 -2.518687 
-1.010000 	 0.472261 
-1.000000 	 -2.822064 
-0.990000 	 -1.911770 
-0.980000 	 -2.621141 
-0.970000 	 -1.119714 
-0.960000 	 -0.698247 
-0.950000 	 -2.507739 
-0.940000 	 -0.664992 
-0.930000 	 -2.295365 
-0.920000 	 -1.907865 
-0.910000 	 -3.399611 
-0.900000 	 -0.357553 
-0.890000 	 -2.680232 
-0.880000 	 -0.091489 
-0.870000 	 -5.528656 
-0.860000 	 -2.711193 
-0.850000 	 -0.859240 
-0.840000 	 1.322516 
-0.830000 	 -3.137182 
-0.820000 	 -1.192901 
-0.810000 	 -1.341655 
-0.800000 	 -1.846971 
-0.790000 	 -4.157672 
-0.780000 	 -1.372783 
-0.770000 	 -2.108356 
-0.760000 	 -1.817186 
-0.750000 	 -2.155192 
-0.740000 	 -2.809220 
-0.730000 	 -0.864863 
-0.720000 	 -0.440987 
-0.710000 	 -3.520325 
-0.700000 	 0.837784 
-0.690000 	 -1.378385 
-0.680000 	 -1.896322 
-0.670000 	 -0.476507 
-0.660000 	 0.128088 
-0.650000 	 -1.838801 
-0.640000 	 -2.123538 
-0.630000 	 -0.460705 
-0.620000 	 -1.889848 
-0.610000 	 -0.594651 
-0.600000 	 2.458002 
-0.590000 	 0.310317 
-0.580000 	 -0.689375 
-0.570000 	 0.229271 
-0.560000 	 0.557920 
-0.550000 	 0.431866 
-0.540000 	 -2.031897 
-0.530000 	 -0.520125 
-0.520000 	 0.734733 
-0.510000 	 -1.392548 
-0.500000 	 -0.677404 
-0.490000 	 -0.757508 
-0.480000 	 0.468821 
-0.470000 	 0.294678 
-0.460000 	 -0.995500 
-0.450000 	 -0.009449 
-0.440000 	 2.081673 
-0.430000 	 -1.442792 
-0.420000 	 1.326523 
-0.410000 	 -1.268487 
-0.400000 	 2.593050 
-0.390000 	 -2.566319 
-0.380000 	 -0.339938 
-0.370000 	 -1.215563 
-0.360000 	 -3.768054 
-0.350000 	 -0.132877 
-0.340000 	 0.700677 
-0.330000 	 -0.722596 
-0.320000 	 -1.912405 
-0.310000 	 -2.476290 
-0.300000 	 -1.705234 
-0.290000 	 -0.296300 
-0.280000 	 1.526259 
-0.270000 	 -0.574156 
-0.260000 	 -2.014631 
-0.250000 	 1.089927 
-0.240000 	 0.119671 
-0.230000 	 3.819317 
-0.220000 	 -0.868445 
-0.210000 	 -1.528003 
-0.200000 	 -0.851360 
-0.190000 	 -0.221198 
-0.180000 	 1.083752 
-0.170000 	 1.433583 
-0.160000 	 -0.026574 
-0.150000 	 1.881929 
-0.140000 	 -0.819027 
-0.130000 	 0.955072 
-0.120000 	 2.290047 
-0.110000 	 -1.640698 
-0.100000 	 -1.938955 
-0.090000 	 1.111608 
-0.080000 	 -1.733089 
-0.070000 	 -0.131466 
-0.060000 	 0.811366 
-0.050000 	 1.337633 
-0.040000 	 -0.429026 
-0.030000 	 -1.130295 
-0.020000 	 0.338117 
-0.010000 	 2.573518 
0.000000 	 -0.943229 
0.010000 	 -0.006519 
0.020000 	 -1.600548 
0.030000 	 -0.706684 
0.040000 	 -1.194542 
0.050000 	 -0.816427 
0.060000 	 1.329250 
0.070000 	 3.762000 
0.080000 	 -0.160906 
0.090000 	 0.017898 
0.100000 	 1.503795 
0.110000 	 0.597024 
0.120000 	 0.034151 
0.130000 	 -3.122974 
0.140000 	 0.236312 
0.150000 	 -2.779501 
0.160000 	 1.974106 
0.170000 	 0.773618 
0.180000 	 -0.838621 
0.190000 	 -0.023439 
0.200000 	 -1.172696 
0.210000 	 1.370952 
0.220000 	 0.281907 
0.230000 	 -0.674957 
0.240000 	 -0.296210 
0.250000 	 2.130705 
0.260000 	 0.342838 
0.270000 	 -0.220385 
0.280000 	 3.228508 
0.290000 	 0.024047 
0.300000 	 0.026275 
0.310000 	 -0.123491 
0.320000 	 -1.986394 
0.330000 	 -0.601949 
0.340000 	 -2.577877 
0.350000 	 0.793121 
0.360000 	 2.584703 
0.370000 	 -1.030937 
0.380000 	 0.525551 
0.390000 	 0.183039 
0.400000 	 -0.834808 
0.410000 	 0.110449 
0.420000 	 1.813987 
0.430000 	 0.490206 
0.440000 	 1.232121 
0.450000 	 0.367571 
0.460000 	 -1.925508 
0.470000 	 -1.830987 
0.480000 	 -0.909283 
0.490000 	 0.807567 
0.500000 	 1.802040 
0.510000 	 -1.304629 
0.520000 	 -1.007734 
0.530000 	 -0.735411 
0.540000 	 2.037804 
0.550000 	 -0.156183 
0.560000 	 0.047390 
0.570000 	 2.279043 
0.580000 	 -0.700420 
0.590000 	 -1.282836 
0.600000 	 0.392371 
0.610000 	 0.450600 
0.620000 	 0.722675 
0.630000 	 -0.289079 
0.640000 	 0.953574 
0.650000 	 1.731637 
0.660000 	 1.947165 
0.670000 	 1.168991 
0.680000 	 -1.065981 
0.690000 	 1.794999 
0.700000 	 -1.184518 
0.710000 	 4.143588 
0.720000 	 -0.340480 
0.730000 	 -1.109609 
0.740000 	 -0.406870 
0.750000 	 2.756730 
0.760000 	 -0.260306 
0.770000 	 -1.095707 
0.780000 	 -0.367939 
0.790000 	 -2.752871 
0.800000 	 -0.434531 
0.810000 	 1.505731 
0.820000 	 -0.891387 
0.830000 	 -0.697989 
0.840000 	 -2.316304 
0.850000 	 1.914473 
0.860000 	 -0.527724 
0.870000 	 -1.073990 
0.880000 	 -1.931997 
0.890000 	 0.839133 
0.900000 	 -1.556921 
0.910000 	 -0.350338 
0.920000 	 -1.668914 
0.930000 	 1.292755 
0.940000 	 -2.197380 
0.950000 	 -1.538433 
0.960000 	 -1.692585 
0.970000 	 -1.825306 
0.980000 	 0.272561 
0.990000 	 -2.240208 
1.000000 	 1.219590 
1.010000 	 1.108376 
1.020000 	 3.513267 
1.030000 	 1.313924 
1.040000 	 -0.022827 
1.050000 	 1.726249 
1.060000 	 -0.051656 
1.070000 	 2.444788 
1.080000 	 -1.839459 
1.090000 	 -0.583966 
1.100000 	 1.614493 
1.110000 	 -0.327924 
1.120000 	 -1.094103 
1.130000 	 0.446379 
1.140000 	 0.529972 
1.150000 	 -0.838182 
1.160000 	 -1.576239 
1.170000 	 -1.590118 
1.180000 	 -1.158610 
1.190000 	 -0.190317 
1.200000 	 0.621115 
1.210000 	 -3.330411 
1.220000 	 -0.614975 
1.230000 	 1.070957 
1.240000 	 -0.804174 
1.250000 	 0.750536 
1.260000 	 -0.045510 
1.270000 	 1.430910 
1.280000 	 -1.191795 
1.290000 	 0.090930 
1.300000 	 2.565090 
1.310000 	 2.167336 
1.320000 	 -3.330070 
1.330000 	 1.384727 
1.340000 	 1.243193 
1.350000 	 3.021966 
1.360000 	 1.965035 
1.370000 	 -1.816187 
1.380000 	 0.371836 
1.390000 	 2.140486 
1.400000 	 2.150166 
1.410000 	 0.679308 
1.420000 	 -0.812771 
1.430000 	 -2.464979 
1.440000 	 -1.493307 
1.450000 	 -0.656920 
1.460000 	 0.235454 
1.470000 	 0.087011 
1.480000 	 -1.279743 
1.490000 	 0.449250 
1.500000 	 1.084595 
1.510000 	 3.870292 
1.520000 	 1.063610 
1.530000 	 0.863342 
1.540000 	 0.804342 
1.550000 	 0.364772 
1.560000 	 3.256203 
1.570000 	 1.435429 
1.580000 	 2.857133 
1.590000 	 3.553408 
1.600000 	 4.380747 
1.610000 	 2.487736 
1.620000 	 0.141795 
1.630000 	 -1.920996 
1.640000 	 3.564015 
1.650000 	 1.623844 
1.660000 	 0.165803 
1.670000 	 1.431153 
1.680000 	 3.259035 
1.690000 	 2.129198 
1.700000 	 1.645969 
1.710000 	 -0.014296 
1.720000 	 1.158243 
1.730000 	 2.201173 
1.740000 	 -1.419611 
1.750000 	 0.797277 
1.760000 	 -0.715945 
1.770000 	 2.709940 
1.780000 	 0.351016 
1.790000 	 -0.040233 
1.800000 	 -0.878636 
1.810000 	 2.673366 
1.820000 	 1.976504 
1.830000 	 3.347930 
1.840000 	 2.305950 
1.850000 	 1.461995 
1.860000 	 3.088029 
1.870000 	 3.834241 
1.880000 	 4.538676 
1.890000 	 -0.301236 
1.900000 	 0.549357 
1.910000 	 0.258450 
1.920000 	 2.465437 
1.930000 	 1.878521 
1.940000 	 1.361700 
1.950000 	 1.900575 
1.960000 	 0.204691 
1.970000 	 -0.734056 
1.980000 	 3.024519 
1.990000 	 3.038714 
2.000000 	 1.080690 
2.010000 	 4.265295 
2.020000 	 1.912592 
2.030000 	 -1.097096 
2.040000 	 3.272859 
2.050000 	 0.873927 
2.060000 	 2.446107 
2.070000 	 2.735050 
2.080000 	 1.434769 
2.090000 	 3.093240 
2.100000 	 -0.264114 
2.110000 	 4.082833 
2.120000 	 0.050757 
2.130000 	 0.046499 
2.140000 	 1.678662 
2.150000 	 3.551895 
2.160000 	 1.929301 
2.170000 	 3.480002 
2.180000 	 0.834268 
2.190000 	 4.888114 
2.200000 	 1.334777 
2.210000 	 0.712272 
2.220000 	 3.650439 
2.230000 	 2.622450 
2.240000 	 1.661062 
2.250000 	 2.324824 
2.260000 	 2.740722 
2.270000 	 2.231925 
2.280000 	 3.404276 
2.290000 	 2.362813 
2.300000 	 2.421813 
2.310000 	 1.397651 
2.320000 	 4.495956 
2.330000 	 2.217412 
2.340000 	 3.575820 
2.350000 	 0.742854 
2.360000 	 2.067318 
2.370000 	 6.050864 
2.380000 	 6.031558 
2.390000 	 4.072538 
2.400000 	 6.276260 
2.410000 	 3.445985 
2.420000 	 5.424534 
2.430000 	 1.973937 
2.440000 	 5.092714 
2.450000 	 4.326523 
2.460000 	 3.434348 
2.470000 	 3.389178 
2.480000 	 4.540813 
2.490000 	 5.551929 
2.500000 	 7.352188 
2.510000 	 1.788603 
2.520000 	 7.158019 
2.530000 	 5.041332 
2.540000 	 4.184458 
2.550000 	 6.248356 
2.560000 	 5.515517 
2.570000 	 2.957145 
2.580000 	 4.528858 
2.590000 	 4.309088 
2.600000 	 5.952577 
2.610000 	 2.880556 
2.620000 	 2.495237 
2.630000 	 7.836312 
2.640000 	 4.592689 
2.650000 	 5.801497 
2.660000 	 6.697474 
2.670000 	 6.341615 
2.680000 	 6.051892 
2.690000 	 4.868123 
2.700000 	 5.691910 
2.710000 	 8.013369 
2.720000 	 8.471669 
2.730000 	 33.000000 
2.740000 	 8.943383 
2.750000 	 6.757129 
2.760000 	 6.216944 
2.770000 	 8.296146 
2.780000 	 6.668180 
2.790000 	 9.422810 
2.800000 	 7.306896 
2.810000 	 7.472915 
2.820000 	 8.092780 
2.830000 	 9.188221 
2.840000 	 7.517627 
2.850000 	 7.937092 
2.860000 	 7.118877 
2.870000 	 10.659303 
2.880000 	 9.309456 
2.890000 	 7.696645 
2.900000 	 7.336777 
2.910000 	 8.027674 
2.920000 	 8.039755 
2.930000 	 10.004636 
2.940000 	 5.832256 
2.950000 	 10.167545 
2.960000 	 10.271555 
2.970000 	 10.143283 
2.980000 	 9.269951 
2.990000 	 10.488510 
3.000000 	 9.752842 
3.010000 	 12.534201 
3.020000 	 6.755828 
3.030000 	 11.139799 
3.040000 	 12.917686 
3.050000 	 10.487323 
3.060000 	 11.522304 
3.070000 	 12.554415 
3.080000 	 13.177090 
3.090000 	 9.726124 
3.100000 	 11.200709 
3.110000 	 11.435456 
3.120000 	 14.170351 
3.130000 	 12.397943 
3.140000 	 13.468009 
3.150000 	 13.918151 
3.160000 	 10.655674 
3.170000 	 12.185334 
3.180000 	 11.472048 
3.190000 	 15.900156 
3.200000 	 11.914404 
3.210000 	 13.664155 
3.220000 	 13.547013 
3.230000 	 10.423187 
3.240000 	 12.586386 
3.250000 	 10.377849 
3.260000 	 12.372926 
3.270000 	 14.241568 
3.280000 	 17.749479 
3.290000 	 12.481606 
3.300000 	 34.000000 
3.310000 	 14.533782 
3.320000 	 14.794650 
3.330000 	 17.700919 
3.340000 	 15.619405 
3.350000 	 13.837307 
3.360000 	 15.384149 
3.370000 	 15.505181 
3.380000 	 15.612780 
3.390000 	 16.682916 
3.400000 	 16.539134 
3.410000 	 14.810049 
3.420000 	 18.745160 
3.430000 	 19.498852 
3.440000 	 20.619803 
3.450000 	 17.224205 
3.460000 	 18.942529 
3.470000 	 21.337538 
3.480000 	 23.699002 
3.490000 	 19.763516 
3.500000 	 18.005097 
3.510000 	 17.365023 
3.520000 	 21.716088 
3.530000 	 21.072248 
3.540000 	 18.867151 
3.550000 	 16.880920 
3.560000 	 19.543421 
3.570000 	 21.393797 
3.580000 	 21.911887 
3.590000 	 21.693165 
3.600000 	 22.765755 
3.610000 	 21.826378 
3.620000 	 23.489015 
3.630000 	 22.015306 
3.640000 	 22.276054 
3.650000 	 19.575074 
3.660000 	 24.207152 
3.670000 	 24.959859 
3.680000 	 24.325843 
3.690000 	 22.670606 
3.700000 	 24.531248 
3.710000 	 25.286028 
3.720000 	 28.339571 
3.730000 	 22.523060 
3.740000 	 24.684367 
3.750000 	 23.576626 
3.760000 	 26.441062 
3.770000 	 27.357694 
3.780000 	 23.975840 
3.790000 	 26.575084 
3.800000 	 25.133167 
3.810000 	 27.327819 
3.820000 	 28.142412 
3.830000 	 28.708118 
3.840000 	 27.236138 
3.850000 	 26.207484 
3.860000 	 28.308282 
3.870000 	 30.894845 
3.880000 	 28.560969 
3.890000 	 31.081354 
3.900000 	 29.844708 
3.910000 	 27.680329 
3.920000 	 31.524865 
3.930000 	 31.155851 
3.940000 	 32.596061 
3.950000 	 31.700462 
3.960000 	 33.777541 
3.970000 	 31.709674 
3.980000 	 30.722735 
3.990000 	 32.891227 
4.000000 	 34.423215 
