-3.000000 	 -10.802657 
-2.990000 	 -12.347243 
-2.980000 	 -11.454231 
-2.970000 	 -14.317723 
-2.960000 	 -10.527084 
-2.950000 	 -12.799275 
-2.940000 	 -11.580479 
-2.930000 	 -9.794836 
-2.920000 	 -11.015174 
-2.910000 	 -10.775138 
-2.900000 	 -12.335565 
-2.890000 	 -8.816287 
-2.880000 	 -11.376473 
-2.870000 	 -10.977588 
-2.860000 	 -10.902298 
-2.850000 	 -11.996736 
-2.840000 	 -12.040884 
-2.830000 	 -10.041372 
-2.820000 	 -11.166695 
-2.810000 	 -13.955913 
-2.800000 	 -10.149718 
-2.790000 	 -8.700930 
-2.780000 	 -7.634066 
-2.770000 	 -9.633630 
-2.760000 	 -11.011089 
-2.750000 	 -8.496950 
-2.740000 	 -11.527836 
-2.730000 	 -10.965343 
-2.720000 	 -10.898279 
-2.710000 	 -11.494922 
-2.700000 	 -11.497722 
-2.690000 	 -9.356877 
-2.680000 	 -8.818876 
-2.670000 	 -8.857749 
-2.660000 	 -8.955111 
-2.650000 	 -8.566808 
-2.640000 	 -10.048889 
-2.630000 	 -9.705285 
-2.620000 	 -12.922328 
-2.610000 	 -11.735018 
-2.600000 	 10.000000 
-2.590000 	 -9.145621 
-2.580000 	 -8.954451 
-2.570000 	 -8.088079 
-2.560000 	 -10.514471 
-2.550000 	 -11.870952 
-2.540000 	 -9.507146 
-2.530000 	 -10.771242 
-2.520000 	 -8.474078 
-2.510000 	 -7.705757 
-2.500000 	 -9.187519 
-2.490000 	 -10.447033 
-2.480000 	 -10.574219 
-2.470000 	 -7.429116 
-2.460000 	 -10.411685 
-2.450000 	 -8.880731 
-2.440000 	 -9.887054 
-2.430000 	 -8.738961 
-2.420000 	 -7.557824 
-2.410000 	 -10.594921 
-2.400000 	 -11.396349 
-2.390000 	 -9.218044 
-2.380000 	 -10.597058 
-2.370000 	 -5.688422 
-2.360000 	 -9.902167 
-2.350000 	 -8.749275 
-2.340000 	 -6.577452 
-2.330000 	 -9.585229 
-2.320000 	 -8.753685 
-2.310000 	 -8.190690 
-2.300000 	 -8.133555 
-2.290000 	 -7.873303 
-2.280000 	 -4.851930 
-2.270000 	 -8.045876 
-2.260000 	 -8.810363 
-2.250000 	 -8.638808 
-2.240000 	 -8.938127 
-2.230000 	 -10.362980 
-2.220000 	 -6.314983 
-2.210000 	 -9.629485 
-2.200000 	 -9.099003 
-2.190000 	 -8.558451 
-2.180000 	 -7.934083 
-2.170000 	 -7.857300 
-2.160000 	 -7.924600 
-2.150000 	 -8.996587 
-2.140000 	 -7.944600 
-2.130000 	 -10.201953 
-2.120000 	 -8.461449 
-2.110000 	 -7.988546 
-2.100000 	 -7.448384 
-2.090000 	 -6.823957 
-2.080000 	 -7.304630 
-2.070000 	 -8.793127 
-2.060000 	 -5.860779 
-2.050000 	 -8.614278 
-2.040000 	 -8.473637 
-2.030000 	 -9.846342 
-2.020000 	 -7.139088 
-2.010000 	 -5.206857 
-2.000000 	 -8.393805 
-1.990000 	 -5.909996 
-1.980000 	 -6.123434 
-1.970000 	 -7.644709 
-1.960000 	 -9.957434 
-1.950000 	 -6.870013 
-1.940000 	 -5.656156 
-1.930000 	 -6.406265 
-1.920000 	 -8.363345 
-1.910000 	 -5.550406 
-1.900000 	 -7.033749 
-1.890000 	 -6.886566 
-1.880000 	 -5.334141 
-1.870000 	 -3.395978 
-1.860000 	 -6.108319 
-1.850000 	 -5.369566 
-1.840000 	 -6.787422 
-1.830000 	 -8.055031 
-1.820000 	 -4.879986 
-1.810000 	 -6.828366 
-1.800000 	 -4.478592 
-1.790000 	 -3.042036 
-1.780000 	 -7.283211 
-1.770000 	 -6.680792 
-1.760000 	 -7.049756 
-1.750000 	 -2.437372 
-1.740000 	 -7.028846 
-1.730000 	 -3.561011 
-1.720000 	 -5.918709 
-1.710000 	 -4.981913 
-1.700000 	 -6.765464 
-1.690000 	 -8.326950 
-1.680000 	 -3.457155 
-1.670000 	 -4.438606 
-1.660000 	 -3.584876 
-1.650000 	 -5.107289 
-1.640000 	 -3.570201 
-1.630000 	 -4.309627 
-1.620000 	 -2.116650 
-1.610000 	 -4.489586 
-1.600000 	 -5.309300 
-1.590000 	 -4.188801 
-1.580000 	 -4.652562 
-1.570000 	 -2.891116 
-1.560000 	 14.000000 
-1.550000 	 -3.955818 
-1.540000 	 -3.710575 
-1.530000 	 -5.774803 
-1.520000 	 -5.480080 
-1.510000 	 -5.088720 
-1.500000 	 -3.870936 
-1.490000 	 -5.210072 
-1.480000 	 -4.687625 
-1.470000 	 -7.495393 
-1.460000 	 -4.715911 
-1.450000 	 -3.736354 
-1.440000 	 -3.228217 
-1.430000 	 -4.626576 
-1.420000 	 -1.131615 
-1.410000 	 -3.805748 
-1.400000 	 -7.190424 
-1.390000 	 -1.748416 
-1.380000 	 -4.452892 
-1.370000 	 -3.233391 
-1.360000 	 -1.254368 
-1.350000 	 -2.351308 
-1.340000 	 -5.015257 
-1.330000 	 -4.463524 
-1.320000 	 -2.193489 
-1.310000 	 -5.147090 
-1.300000 	 -2.270746 
-1.290000 	 -3.555458 
-1.280000 	 -4.617643 
-1.270000 	 -2.468725 
-1.260000 	 -3.451240 
-1.250000 	 -5.822691 
-1.240000 	 -2.572167 
-1.230000 	 -3.205799 
-1.220000 	 -2.279748 
-1.210000 	 -5.694075 
-1.200000 	 -3.916080 
-1.190000 	 -2.233836 
-1.180000 	 -4.352322 
-1.170000 	 -0.907370 
-1.160000 	 -0.705134 
-1.150000 	 -3.223977 
-1.140000 	 -3.633084 
-1.130000 	 -4.669449 
-1.120000 	 -1.581776 
-1.110000 	 0.213259 
-1.100000 	 -2.933118 
-1.090000 	 -3.907792 
-1.080000 	 -2.767373 
-1.070000 	 0.715786 
-1.060000 	 -1.422412 
-1.050000 	 -1.560714 
-1.040000 	 -4.776885 
-1.030000 	 -2.745578 
-1.020000 	 -4.300217 
-1.010000 	 -4.949147 
-1.000000 	 -2.581987 
-0.990000 	 -5.117000 
-0.980000 	 -2.885713 
-0.970000 	 -0.810037 
-0.960000 	 -3.482862 
-0.950000 	 -0.498702 
-0.940000 	 -1.848978 
-0.930000 	 -3.519816 
-0.920000 	 -0.758750 
-0.910000 	 -1.324090 
-0.900000 	 -2.624927 
-0.890000 	 -2.267833 
-0.880000 	 -1.452864 
-0.870000 	 -2.508449 
-0.860000 	 -2.320683 
-0.850000 	 -3.893763 
-0.840000 	 -1.260320 
-0.830000 	 -3.584044 
-0.820000 	 1.256504 
-0.810000 	 -1.238654 
-0.800000 	 -3.651244 
-0.790000 	 -3.482584 
-0.780000 	 -2.086116 
-0.770000 	 -1.100689 
-0.760000 	 -3.041999 
-0.750000 	 -2.514611 
-0.740000 	 0.487418 
-0.730000 	 1.041843 
-0.720000 	 0.175024 
-0.710000 	 -1.914888 
-0.700000 	 1.587710 
-0.690000 	 -2.609643 
-0.680000 	 -0.261571 
-0.670000 	 -1.968477 
-0.660000 	 -1.690750 
-0.650000 	 -2.234089 
-0.640000 	 -4.056869 
-0.630000 	 -3.290286 
-0.620000 	 -1.734420 
-0.610000 	 -1.469622 
-0.600000 	 -2.507602 
-0.590000 	 -0.928035 
-0.580000 	 -0.461469 
-0.570000 	 1.972522 
-0.560000 	 -2.282661 
-0.550000 	 -0.719229 
-0.540000 	 3.674572 
-0.530000 	 -0.999341 
-0.520000 	 -0.116039 
-0.510000 	 0.109496 
-0.500000 	 -2.287827 
-0.490000 	 -2.345292 
-0.480000 	 1.616800 
-0.470000 	 -0.710469 
-0.460000 	 1.186408 
-0.450000 	 0.190691 
-0.440000 	 -2.065465 
-0.430000 	 -0.362161 
-0.420000 	 0.302228 
-0.410000 	 4.837863 
-0.400000 	 0.618628 
-0.390000 	 0.992137 
-0.380000 	 -0.681684 
-0.370000 	 -2.220657 
-0.360000 	 0.867513 
-0.350000 	 -1.479039 
-0.340000 	 2.902900 
-0.330000 	 2.495114 
-0.320000 	 0.570366 
-0.310000 	 -1.736386 
-0.300000 	 -0.870918 
-0.290000 	 0.384462 
-0.280000 	 0.709625 
-0.270000 	 -0.886256 
-0.260000 	 -1.514645 
-0.250000 	 -1.532741 
-0.240000 	 -1.449920 
-0.230000 	 2.381721 
-0.220000 	 -1.861455 
-0.210000 	 -1.327386 
-0.200000 	 -1.143104 
-0.190000 	 1.011890 
-0.180000 	 -2.958161 
-0.170000 	 5.175654 
-0.160000 	 -1.493108 
-0.150000 	 1.170496 
-0.140000 	 0.098032 
-0.130000 	 1.335502 
-0.120000 	 0.351096 
-0.110000 	 -0.200291 
-0.100000 	 -0.865427 
-0.090000 	 -0.337817 
-0.080000 	 2.617211 
-0.070000 	 3.525729 
-0.060000 	 2.282715 
-0.050000 	 -1.174952 
-0.040000 	 2.815902 
-0.030000 	 -3.410405 
-0.020000 	 -0.747121 
-0.010000 	 1.031303 
0.000000 	 -1.116806 
0.010000 	 0.104175 
0.020000 	 0.728528 
0.030000 	 -1.210962 
0.040000 	 4.573763 
0.050000 	 -0.027678 
0.060000 	 -0.665986 
0.070000 	 -2.395674 
0.080000 	 -0.177101 
0.090000 	 1.390107 
0.100000 	 -2.419532 
0.110000 	 -0.448203 
0.120000 	 1.410440 
0.130000 	 1.012018 
0.140000 	 3.368635 
0.150000 	 1.247637 
0.160000 	 2.264882 
0.170000 	 2.722343 
0.180000 	 -1.111715 
0.190000 	 1.075182 
0.200000 	 -0.135320 
0.210000 	 -0.417515 
0.220000 	 -0.040964 
0.230000 	 0.283941 
0.240000 	 1.344140 
0.250000 	 -2.706840 
0.260000 	 -3.739801 
0.270000 	 -0.036968 
0.280000 	 -0.523829 
0.290000 	 2.818384 
0.300000 	 2.089255 
0.310000 	 -0.664229 
0.320000 	 -0.402391 
0.330000 	 -0.814286 
0.340000 	 -1.501364 
0.350000 	 -0.558510 
0.360000 	 1.432662 
0.370000 	 1.173730 
0.380000 	 0.098890 
0.390000 	 2.886364 
0.400000 	 2.499872 
0.410000 	 0.775942 
0.420000 	 0.558942 
0.430000 	 1.019225 
0.440000 	 0.308313 
0.450000 	 0.613561 
0.460000 	 -1.844791 
0.470000 	 0.468265 
0.480000 	 0.838141 
0.490000 	 2.612233 
0.500000 	 -0.147723 
0.510000 	 -0.126154 
0.520000 	 -3.013289 
0.530000 	 2.726653 
0.540000 	 -1.098479 
0.550000 	 -0.256023 
0.560000 	 0.394656 
0.570000 	 2.008755 
0.580000 	 2.023235 
0.590000 	 2.109762 
0.600000 	 -1.863413 
0.610000 	 -0.365890 
0.620000 	 -0.370159 
0.630000 	 -2.583252 
0.640000 	 1.507754 
0.650000 	 -2.035555 
0.660000 	 1.208420 
0.670000 	 -1.829971 
0.680000 	 2.244568 
0.690000 	 0.902673 
0.700000 	 -0.175614 
0.710000 	 -3.245506 
0.720000 	 1.204337 
0.730000 	 0.818209 
0.740000 	 -1.413363 
0.750000 	 1.326748 
0.760000 	 2.202812 
0.770000 	 -1.010131 
0.780000 	 1.877752 
0.790000 	 0.360203 
0.800000 	 0.479147 
0.810000 	 0.614503 
0.820000 	 1.375857 
0.830000 	 3.103813 
0.840000 	 0.180557 
0.850000 	 1.323453 
0.860000 	 -0.858632 
0.870000 	 0.969554 
0.880000 	 -0.757824 
0.890000 	 0.440487 
0.900000 	 0.919468 
0.910000 	 -0.782818 
0.920000 	 0.104918 
0.930000 	 -2.026285 
0.940000 	 -2.525801 
0.950000 	 1.266144 
0.960000 	 -0.039198 
0.970000 	 0.569294 
0.980000 	 -0.748132 
0.990000 	 -1.959969 
1.000000 	 -2.117791 
1.010000 	 -0.921207 
1.020000 	 2.471053 
1.030000 	 2.977892 
1.040000 	 -1.152734 
1.050000 	 -0.566423 
1.060000 	 -0.569352 
1.070000 	 -1.252801 
1.080000 	 -2.371157 
1.090000 	 -2.513969 
1.100000 	 -1.887483 
1.110000 	 0.377767 
1.120000 	 -0.108831 
1.130000 	 1.952559 
1.140000 	 1.327621 
1.150000 	 1.620807 
1.160000 	 1.979466 
1.170000 	 1.672641 
1.180000 	 -0.740751 
1.190000 	 3.337211 
1.200000 	 1.519382 
1.210000 	 3.261782 
1.220000 	 2.760434 
1.230000 	 2.109565 
1.240000 	 -0.076358 
1.250000 	 1.206412 
1.260000 	 2.298840 
1.270000 	 1.739849 
1.280000 	 1.000132 
1.290000 	 -1.261528 
1.300000 	 -2.432554 
1.310000 	 2.695704 
1.320000 	 1.171008 
1.330000 	 -0.577185 
1.340000 	 0.389671 
1.350000 	 -0.568037 
1.360000 	 0.579170 
1.370000 	 -0.415766 
1.380000 	 -0.253534 
1.390000 	 -1.753452 
1.400000 	 2.371710 
1.410000 	 0.167716 
1.420000 	 1.774457 
1.430000 	 0.130423 
1.440000 	 1.512320 
1.450000 	 3.674098 
1.460000 	 1.091591 
1.470000 	 3.973390 
1.480000 	 3.208388 
1.490000 	 0.279901 
1.500000 	 -1.025665 
1.510000 	 1.042822 
1.520000 	 2.242846 
1.530000 	 0.756929 
1.540000 	 2.025309 
1.550000 	 2.452716 
1.560000 	 2.649248 
1.570000 	 3.321068 
1.580000 	 1.363521 
1.590000 	 -1.249869 
1.600000 	 -0.648568 
1.610000 	 1.185902 
1.620000 	 0.306353 
1.630000 	 -0.602843 
1.640000 	 2.341719 
1.650000 	 5.743897 
1.660000 	 0.354188 
1.670000 	 -0.462834 
1.680000 	 -0.580260 
1.690000 	 2.119285 
1.700000 	 -1.853525 
1.710000 	 0.847703 
1.720000 	 -0.895883 
1.730000 	 1.199856 
1.740000 	 0.405491 
1.750000 	 4.726049 
1.760000 	 0.886434 
1.770000 	 2.177769 
1.780000 	 -0.038722 
1.790000 	 0.963510 
1.800000 	 0.764282 
1.810000 	 2.884191 
1.820000 	 -1.274831 
1.830000 	 0.783847 
1.840000 	 2.781958 
1.850000 	 -1.200571 
1.860000 	 3.157310 
1.870000 	 3.901194 
1.880000 	 1.854993 
1.890000 	 3.142045 
1.900000 	 -1.573317 
1.910000 	 3.053278 
1.920000 	 -0.045424 
1.930000 	 4.566485 
1.940000 	 1.298947 
1.950000 	 1.262863 
1.960000 	 2.062485 
1.970000 	 0.797918 
1.980000 	 3.465528 
1.990000 	 -1.239439 
2.000000 	 1.980810 
2.010000 	 2.758943 
2.020000 	 1.724152 
2.030000 	 1.809075 
2.040000 	 2.257254 
2.050000 	 2.533728 
2.060000 	 3.730678 
2.070000 	 -1.061525 
2.080000 	 2.340309 
2.090000 	 3.078816 
2.100000 	 0.411135 
2.110000 	 4.155765 
2.120000 	 4.079690 
2.130000 	 1.844622 
2.140000 	 4.266824 
2.150000 	 2.339320 
2.160000 	 3.926237 
2.170000 	 0.499106 
2.180000 	 3.781418 
2.190000 	 3.290644 
2.200000 	 2.889431 
2.210000 	 1.077752 
2.220000 	 2.110160 
2.230000 	 4.135609 
2.240000 	 2.108294 
2.250000 	 2.238509 
2.260000 	 2.887995 
2.270000 	 4.964119 
2.280000 	 6.167190 
2.290000 	 2.924411 
2.300000 	 3.354395 
2.310000 	 5.682052 
2.320000 	 3.818173 
2.330000 	 2.190202 
2.340000 	 4.971279 
2.350000 	 3.706035 
2.360000 	 3.218657 
2.370000 	 6.453400 
2.380000 	 5.337193 
2.390000 	 4.007300 
2.400000 	 3.724409 
2.410000 	 6.314379 
2.420000 	 6.621855 
2.430000 	 6.334870 
2.440000 	 4.122187 
2.450000 	 5.267203 
2.460000 	 3.420180 
2.470000 	 4.970252 
2.480000 	 2.009069 
2.490000 	 3.697684 
2.500000 	 5.047318 
2.510000 	 7.270550 
2.520000 	 1.777053 
2.530000 	 3.820435 
2.540000 	 4.317402 
2.550000 	 3.438696 
2.560000 	 2.228393 
2.570000 	 6.630398 
2.580000 	 5.466303 
2.590000 	 5.032175 
2.600000 	 6.302146 
2.610000 	 5.302666 
2.620000 	 5.913101 
2.630000 	 5.422061 
2.640000 	 9.902964 
2.650000 	 9.237995 
2.660000 	 6.497742 
2.670000 	 8.012565 
2.680000 	 5.592488 
2.690000 	 7.039157 
2.700000 	 4.051925 
2.710000 	 8.838641 
2.720000 	 7.403973 
2.730000 	 7.701602 
2.740000 	 7.303833 
2.750000 	 7.555127 
2.760000 	 5.235595 
2.770000 	 7.459554 
2.780000 	 7.042599 
2.790000 	 6.365684 
2.800000 	 6.616536 
2.810000 	 4.485268 
2.820000 	 8.467580 
2.830000 	 7.019138 
2.840000 	 7.648810 
2.850000 	 9.693297 
2.860000 	 8.492847 
2.870000 	 9.141806 
2.880000 	 8.982664 
2.890000 	 7.872673 
2.900000 	 11.831043 
2.910000 	 8.495139 
2.920000 	 6.973225 
2.930000 	 10.012616 
2.940000 	 9.765213 
2.950000 	 11.408474 
2.960000 	 11.458152 
2.970000 	 10.495805 
2.980000 	 7.198090 
2.990000 	 9.587994 
3.000000 	 6.889419 
3.010000 	 10.445041 
3.020000 	 12.406644 
3.030000 	 8.500009 
3.040000 	 11.921703 
3.050000 	 9.600989 
3.060000 	 10.275759 
3.070000 	 10.522711 
3.080000 	 11.282473 
3.090000 	 10.346789 
3.100000 	 11.633048 
3.110000 	 10.502210 
3.120000 	 10.390488 
3.130000 	 11.335906 
3.140000 	 11.165099 
3.150000 	 15.006538 
3.160000 	 13.589423 
3.170000 	 12.934054 
3.180000 	 13.100233 
3.190000 	 13.184424 
3.200000 	 12.480858 
3.210000 	 14.263729 
3.220000 	 14.477910 
3.230000 	 12.278315 
3.240000 	 12.870131 
3.250000 	 13.776083 
3.260000 	 13.491700 
3.270000 	 12.471868 
3.280000 	 13.653401 
3.290000 	 18.590987 
3.300000 	 11.708751 
3.310000 	 17.748367 
3.320000 	 15.642432 
3.330000 	 17.402427 
3.340000 	 13.466981 
3.350000 	 13.721137 
3.360000 	 14.108881 
3.370000 	 15.605132 
3.380000 	 15.018515 
3.390000 	 17.852269 
3.400000 	 13.345695 
3.410000 	 14.683043 
3.420000 	 18.058022 
3.430000 	 15.568918 
3.440000 	 18.553338 
3.450000 	 18.216670 
3.460000 	 16.333141 
3.470000 	 17.460317 
3.480000 	 17.725768 
3.490000 	 16.477831 
3.500000 	 19.517007 
3.510000 	 19.000866 
3.520000 	 19.588329 
3.530000 	 20.853114 
3.540000 	 18.606299 
3.550000 	 18.732995 
3.560000 	 18.948332 
3.570000 	 21.342317 
3.580000 	 21.844448 
3.590000 	 17.860759 
3.600000 	 23.635948 
3.610000 	 21.084721 
3.620000 	 21.758114 
3.630000 	 21.043594 
3.640000 	 22.790913 
3.650000 	 23.293729 
3.660000 	 22.951858 
3.670000 	 22.147613 
3.680000 	 24.171806 
3.690000 	 24.458251 
3.700000 	 24.057129 
3.710000 	 23.966316 
3.720000 	 25.393983 
3.730000 	 27.172406 
3.740000 	 25.954763 
3.750000 	 26.119591 
3.760000 	 23.547278 
3.770000 	 26.955556 
3.780000 	 26.059647 
3.790000 	 26.657355 
3.800000 	 29.364738 
3.810000 	 27.234391 
3.820000 	 29.727685 
3.830000 	 28.741456 
3.840000 	 29.076735 
3.850000 	 29.226757 
3.860000 	 28.577072 
3.870000 	 29.712373 
3.880000 	 29.134866 
3.890000 	 29.256795 
3.900000 	 29.564240 
3.910000 	 29.067181 
3.920000 	 30.120889 
3.930000 	 29.531379 
3.940000 	 29.013469 
3.950000 	 31.993297 
3.960000 	 30.173773 
3.970000 	 32.439818 
3.980000 	 31.272424 
3.990000 	 32.899156 
4.000000 	 32.529985 
