-3.000000 	 -10.441858 
-2.990000 	 -12.098658 
-2.980000 	 -9.385113 
-2.970000 	 -10.781667 
-2.960000 	 -12.431376 
-2.950000 	 -11.039437 
-2.940000 	 -11.627266 
-2.930000 	 -15.043184 
-2.920000 	 -11.262971 
-2.910000 	 -11.322135 
-2.900000 	 -11.728057 
-2.890000 	 -9.764787 
-2.880000 	 -10.496031 
-2.870000 	 -12.588412 
-2.860000 	 -11.890998 
-2.850000 	 -8.539236 
-2.840000 	 -12.760958 
-2.830000 	 -12.080264 
-2.820000 	 -10.095708 
-2.810000 	 -7.604838 
-2.800000 	 -10.911206 
-2.790000 	 -12.727864 
-2.780000 	 -12.215148 
-2.770000 	 -10.430527 
-2.760000 	 -12.444089 
-2.750000 	 -11.385802 
-2.740000 	 -11.631544 
-2.730000 	 -9.063648 
-2.720000 	 -9.318819 
-2.710000 	 -10.946203 
-2.700000 	 -12.481738 
-2.690000 	 -12.736351 
-2.680000 	 -8.671803 
-2.670000 	 -10.379200 
-2.660000 	 -13.026465 
-2.650000 	 -12.923629 
-2.640000 	 -12.967558 
-2.630000 	 -9.052352 
-2.620000 	 -11.339070 
-2.610000 	 -8.597805 
-2.600000 	 -10.913125 
-2.590000 	 -9.042663 
-2.580000 	 -10.431623 
-2.570000 	 -7.939322 
-2.560000 	 -8.317865 
-2.550000 	 -10.231059 
-2.540000 	 -10.001527 
-2.530000 	 -10.088787 
-2.520000 	 -8.664122 
-2.510000 	 -12.326343 
-2.500000 	 -8.679130 
-2.490000 	 -9.602716 
-2.480000 	 -12.532624 
-2.470000 	 -9.183862 
-2.460000 	 -6.766806 
-2.450000 	 -9.800304 
-2.440000 	 -7.745268 
-2.430000 	 -12.346111 
-2.420000 	 -9.468051 
-2.410000 	 -10.989198 
-2.400000 	 -10.899186 
-2.390000 	 -7.925470 
-2.380000 	 -9.526822 
-2.370000 	 -7.418066 
-2.360000 	 -8.200851 
-2.350000 	 -11.456186 
-2.340000 	 -8.112812 
-2.330000 	 -9.273689 
-2.320000 	 -5.561518 
-2.310000 	 -9.404583 
-2.300000 	 -9.250510 
-2.290000 	 -11.851003 
-2.280000 	 -8.721440 
-2.270000 	 -9.297687 
-2.260000 	 -9.516142 
-2.250000 	 -6.434957 
-2.240000 	 -6.898579 
-2.230000 	 -9.542421 
-2.220000 	 -8.368246 
-2.210000 	 -6.300483 
-2.200000 	 -7.823257 
-2.190000 	 -7.509778 
-2.180000 	 -7.478755 
-2.170000 	 -8.858910 
-2.160000 	 -8.620615 
-2.150000 	 -5.081756 
-2.140000 	 -7.153472 
-2.130000 	 -7.397426 
-2.120000 	 -10.003252 
-2.110000 	 -5.614733 
-2.100000 	 -7.818323 
-2.090000 	 -8.722879 
-2.080000 	 -4.404492 
-2.070000 	 -4.562483 
-2.060000 	 -8.436281 
-2.050000 	 -5.352613 
-2.040000 	 -7.492813 
-2.030000 	 -6.423734 
-2.020000 	 -7.068060 
-2.010000 	 -8.131803 
-2.000000 	 -6.683145 
-1.990000 	 -4.773804 
-1.980000 	 -3.371006 
-1.970000 	 -3.082592 
-1.960000 	 -7.808623 
-1.950000 	 -6.878133 
-1.940000 	 -8.705544 
-1.930000 	 -5.191433 
-1.920000 	 -7.614087 
-1.910000 	 -8.754031 
-1.900000 	 -5.159597 
-1.890000 	 -6.117088 
-1.880000 	 -3.456965 
-1.870000 	 -8.104373 
-1.860000 	 -8.436829 
-1.850000 	 -6.882043 
-1.840000 	 -6.504312 
-1.830000 	 -5.804877 
-1.820000 	 -8.569549 
-1.810000 	 -6.008194 
-1.800000 	 -7.415665 
-1.790000 	 -4.518546 
-1.780000 	 -6.499906 
-1.770000 	 -8.312759 
-1.760000 	 -5.864486 
-1.750000 	 -6.677871 
-1.740000 	 -5.453042 
-1.730000 	 -7.570194 
-1.720000 	 -8.552571 
-1.710000 	 -5.753378 
-1.700000 	 -4.725500 
-1.690000 	 -5.366406 
-1.680000 	 -2.371983 
-1.670000 	 -6.087028 
-1.660000 	 -4.337449 
-1.650000 	 -4.791097 
-1.640000 	 -5.923006 
-1.630000 	 -4.086427 
-1.620000 	 -5.500039 
-1.610000 	 -6.679193 
-1.600000 	 -4.128611 
-1.590000 	 -5.234423 
-1.580000 	 -6.813653 
-1.570000 	 -6.016535 
-1.560000 	 -4.793414 
-1.550000 	 -3.058462 
-1.540000 	 -2.988153 
-1.530000 	 -6.324544 
-1.520000 	 -5.230248 
-1.510000 	 -6.435039 
-1.500000 	 -5.079709 
-1.490000 	 -3.794021 
-1.480000 	 -2.790589 
-1.470000 	 -1.855011 
-1.460000 	 -3.326012 
-1.450000 	 -3.732513 
-1.440000 	 -7.291737 
-1.430000 	 -4.505953 
-1.420000 	 -2.212385 
-1.410000 	 -4.909291 
-1.400000 	 -4.167270 
-1.390000 	 -3.637053 
-1.380000 	 -3.345139 
-1.370000 	 -2.398168 
-1.360000 	 -4.364798 
-1.350000 	 -4.116481 
-1.340000 	 -0.165883 
-1.330000 	 -4.391495 
-1.320000 	 -3.069551 
-1.310000 	 -6.178951 
-1.300000 	 -2.555146 
-1.290000 	 -2.556816 
-1.280000 	 -2.477871 
-1.270000 	 -2.314584 
-1.260000 	 -5.307842 
-1.250000 	 -4.532618 
-1.240000 	 -2.698592 
-1.230000 	 -4.938460 
-1.220000 	 -0.583655 
-1.210000 	 -3.268717 
-1.200000 	 -2.438829 
-1.190000 	 -2.579729 
-1.180000 	 -2.444096 
-1.170000 	 -1.925919 
-1.160000 	 -1.877314 
-1.150000 	 -1.556313 
-1.140000 	 -3.539399 
-1.130000 	 -3.063843 
-1.120000 	 -3.643726 
-1.110000 	 -0.124018 
-1.100000 	 -3.193119 
-1.090000 	 -3.120844 
-1.080000 	 -1.725779 
-1.070000 	 -3.440080 
-1.060000 	 -2.680786 
-1.050000 	 -4.061270 
-1.040000 	 -4.521177 
-1.030000 	 -2.198108 
-1.020000 	 -0.247502 
-1.010000 	 -1.057851 
-1.000000 	 -3.969346 
-0.990000 	 -3.244092 
-0.980000 	 -3.326445 
-0.970000 	 -1.752615 
-0.960000 	 -3.796067 
-0.950000 	 1.227474 
-0.940000 	 -2.948485 
-0.930000 	 -4.178898 
-0.920000 	 -3.637910 
-0.910000 	 -2.896445 
-0.900000 	 -1.171744 
-0.890000 	 -2.295716 
-0.880000 	 -1.516270 
-0.870000 	 -0.889145 
-0.860000 	 -0.677443 
-0.850000 	 -3.811469 
-0.840000 	 -2.024725 
-0.830000 	 -1.820333 
-0.820000 	 -1.644211 
-0.810000 	 -2.426138 
-0.800000 	 -1.997282 
-0.790000 	 1.074815 
-0.780000 	 -2.583042 
-0.770000 	 -2.753844 
-0.760000 	 -0.834327 
-0.750000 	 0.473869 
-0.740000 	 -2.347133 
-0.730000 	 0.095995 
-0.720000 	 -0.817185 
-0.710000 	 -0.679785 
-0.700000 	 -0.748246 
-0.690000 	 -0.208265 
-0.680000 	 -3.626157 
-0.670000 	 -0.722048 
-0.660000 	 -3.210705 
-0.650000 	 -0.553005 
-0.640000 	 -0.543731 
-0.630000 	 -0.458665 
-0.620000 	 -1.455590 
-0.610000 	 0.899248 
-0.600000 	 -3.788311 
-0.590000 	 1.268476 
-0.580000 	 0.029545 
-0.570000 	 -1.532138 
-0.560000 	 1.599316 
-0.550000 	 -1.401412 
-0.540000 	 -0.790608 
-0.530000 	 -1.972351 
-0.520000 	 1.436303 
-0.510000 	 -1.401508 
-0.500000 	 1.592684 
-0.490000 	 -0.044388 
-0.480000 	 -0.543944 
-0.470000 	 -0.528580 
-0.460000 	 0.018222 
-0.450000 	 -1.146769 
-0.440000 	 -4.545627 
-0.430000 	 -0.539619 
-0.420000 	 -0.126826 
-0.410000 	 0.601208 
-0.400000 	 -0.060996 
-0.390000 	 0.664699 
-0.380000 	 1.109894 
-0.370000 	 2.452090 
-0.360000 	 -0.525335 
-0.350000 	 3.596618 
-0.340000 	 -0.113742 
-0.330000 	 0.470144 
-0.320000 	 -1.049486 
-0.310000 	 -0.998631 
-0.300000 	 -1.510631 
-0.290000 	 0.188219 
-0.280000 	 -2.508454 
-0.270000 	 -1.433959 
-0.260000 	 -0.822265 
-0.250000 	 0.779074 
-0.240000 	 -0.854646 
-0.230000 	 0.074847 
-0.220000 	 -2.711552 
-0.210000 	 -0.308290 
-0.200000 	 -0.041378 
-0.190000 	 -1.277211 
-0.180000 	 -2.971460 
-0.170000 	 -2.745624 
-0.160000 	 1.652944 
-0.150000 	 1.030416 
-0.140000 	 1.327327 
-0.130000 	 -2.075610 
-0.120000 	 -0.350604 
-0.110000 	 0.655954 
-0.100000 	 -1.065860 
-0.090000 	 1.984990 
-0.080000 	 -0.341206 
-0.070000 	 2.866315 
-0.060000 	 1.666750 
-0.050000 	 0.917890 
-0.040000 	 -0.193224 
-0.030000 	 2.929349 
-0.020000 	 -0.056811 
-0.010000 	 1.742237 
0.000000 	 -3.138864 
0.010000 	 1.592383 
0.020000 	 0.249974 
0.030000 	 -3.301656 
0.040000 	 0.872462 
0.050000 	 -1.031593 
0.060000 	 0.896237 
0.070000 	 -1.678720 
0.080000 	 0.316877 
0.090000 	 0.127698 
0.100000 	 1.659885 
0.110000 	 0.524786 
0.120000 	 -0.754389 
0.130000 	 -0.301838 
0.140000 	 4.030786 
0.150000 	 -0.253070 
0.160000 	 -1.595882 
0.170000 	 1.504881 
0.180000 	 3.846745 
0.190000 	 1.352317 
0.200000 	 -0.245111 
0.210000 	 1.542325 
0.220000 	 2.385432 
0.230000 	 1.210124 
0.240000 	 1.288124 
0.250000 	 2.331941 
0.260000 	 -0.496823 
0.270000 	 -0.232298 
0.280000 	 3.797705 
0.290000 	 -1.428347 
0.300000 	 1.328733 
0.310000 	 -1.823963 
0.320000 	 1.223792 
0.330000 	 -2.532391 
0.340000 	 4.474701 
0.350000 	 -1.547106 
0.360000 	 -1.433148 
0.370000 	 1.466936 
0.380000 	 0.212593 
0.390000 	 2.366147 
0.400000 	 -1.300953 
0.410000 	 1.191492 
0.420000 	 0.338643 
0.430000 	 0.900661 
0.440000 	 0.597010 
0.450000 	 2.590086 
0.460000 	 2.165371 
0.470000 	 1.991617 
0.480000 	 2.633004 
0.490000 	 -0.380691 
0.500000 	 -1.316882 
0.510000 	 3.835552 
0.520000 	 1.929552 
0.530000 	 2.071738 
0.540000 	 -0.010430 
0.550000 	 -1.235088 
0.560000 	 -0.552027 
0.570000 	 2.124747 
0.580000 	 2.437289 
0.590000 	 1.332002 
0.600000 	 -1.721659 
0.610000 	 1.953304 
0.620000 	 0.055196 
0.630000 	 1.234812 
0.640000 	 2.456843 
0.650000 	 -0.403557 
0.660000 	 -0.106092 
0.670000 	 1.111611 
0.680000 	 -2.969212 
0.690000 	 1.902048 
0.700000 	 1.448570 
0.710000 	 1.811938 
0.720000 	 3.515055 
0.730000 	 1.723110 
0.740000 	 0.719281 
0.750000 	 0.119280 
0.760000 	 -1.110370 
0.770000 	 -0.857906 
0.780000 	 2.281096 
0.790000 	 0.646588 
0.800000 	 -0.828307 
0.810000 	 -1.922356 
0.820000 	 0.089903 
0.830000 	 1.036597 
0.840000 	 -1.033058 
0.850000 	 0.731994 
0.860000 	 -2.657848 
0.870000 	 -0.393968 
0.880000 	 -2.496940 
0.890000 	 33.000000 
0.900000 	 2.912493 
0.910000 	 2.074024 
0.920000 	 -1.074145 
0.930000 	 -0.063183 
0.940000 	 -0.453955 
0.950000 	 0.649474 
0.960000 	 1.056563 
0.970000 	 0.952771 
0.980000 	 2.039596 
0.990000 	 -0.279980 
1.000000 	 2.157255 
1.010000 	 0.950824 
1.020000 	 -2.699693 
1.030000 	 -1.315352 
1.040000 	 -0.474878 
1.050000 	 0.177399 
1.060000 	 3.061508 
1.070000 	 -0.525445 
1.080000 	 -0.137125 
1.090000 	 -1.993159 
1.100000 	 0.989715 
1.110000 	 -0.818632 
1.120000 	 -1.074930 
1.130000 	 1.336214 
1.140000 	 -0.693611 
1.150000 	 1.443121 
1.160000 	 0.178555 
1.170000 	 0.724856 
1.180000 	 1.758284 
1.190000 	 2.630508 
1.200000 	 -0.372115 
1.210000 	 3.281509 
1.220000 	 0.000000 
1.230000 	 0.687153 
1.240000 	 1.513611 
1.250000 	 -2.981798 
1.260000 	 -2.391744 
1.270000 	 -1.193084 
1.280000 	 0.203712 
1.290000 	 1.927589 
1.300000 	 -0.498021 
1.310000 	 -0.610923 
1.320000 	 0.282710 
1.330000 	 -1.105196 
1.340000 	 0.497192 
1.350000 	 0.657268 
1.360000 	 -0.844049 
1.370000 	 -0.111932 
1.380000 	 4.647638 
1.390000 	 1.706148 
1.400000 	 0.779152 
1.410000 	 1.900602 
1.420000 	 -0.269329 
1.430000 	 -0.005548 
1.440000 	 1.463501 
1.450000 	 2.199574 
1.460000 	 2.897996 
1.470000 	 2.259960 
1.480000 	 2.126802 
1.490000 	 2.695301 
1.500000 	 0.608171 
1.510000 	 2.356882 
1.520000 	 -0.319812 
1.530000 	 0.208806 
1.540000 	 0.432827 
1.550000 	 -0.692919 
1.560000 	 0.731867 
1.570000 	 3.773725 
1.580000 	 3.645631 
1.590000 	 1.604860 
1.600000 	 -1.469364 
1.610000 	 1.893326 
1.620000 	 -0.864647 
1.630000 	 -1.960547 
1.640000 	 3.299573 
1.650000 	 -0.118189 
1.660000 	 -0.462422 
1.670000 	 -1.012677 
1.680000 	 -0.352317 
1.690000 	 -0.491020 
1.700000 	 0.649764 
1.710000 	 -0.207200 
1.720000 	 3.759468 
1.730000 	 3.082800 
1.740000 	 -0.665044 
1.750000 	 1.609546 
1.760000 	 1.788720 
1.770000 	 2.626427 
1.780000 	 1.063600 
1.790000 	 1.927992 
1.800000 	 0.704779 
1.810000 	 4.877730 
1.820000 	 2.238450 
1.830000 	 1.458689 
1.840000 	 -1.228226 
1.850000 	 0.967186 
1.860000 	 0.440087 
1.870000 	 2.093586 
1.880000 	 -0.357690 
1.890000 	 -0.528470 
1.900000 	 6.759800 
1.910000 	 0.289337 
1.920000 	 1.739365 
1.930000 	 1.200241 
1.940000 	 3.350147 
1.950000 	 3.889148 
1.960000 	 5.209589 
1.970000 	 2.128933 
1.980000 	 4.978992 
1.990000 	 -1.167388 
2.000000 	 -0.274248 
2.010000 	 3.738997 
2.020000 	 -0.540969 
2.030000 	 1.843247 
2.040000 	 1.599344 
2.050000 	 3.261553 
2.060000 	 6.260143 
2.070000 	 2.938690 
2.080000 	 1.822229 
2.090000 	 0.685765 
2.100000 	 -2.260607 
2.110000 	 3.121330 
2.120000 	 2.324775 
2.130000 	 3.088470 
2.140000 	 2.551598 
2.150000 	 -0.148207 
2.160000 	 2.706610 
2.170000 	 5.262177 
2.180000 	 0.738177 
2.190000 	 0.810405 
2.200000 	 3.829088 
2.210000 	 2.174770 
2.220000 	 3.833614 
2.230000 	 2.221658 
2.240000 	 2.573340 
2.250000 	 4.771781 
2.260000 	 0.309641 
2.270000 	 2.688662 
2.280000 	 3.498094 
2.290000 	 4.403830 
2.300000 	 4.371023 
2.310000 	 2.324502 
2.320000 	 6.336471 
2.330000 	 5.256039 
2.340000 	 3.289739 
2.350000 	 3.024529 
2.360000 	 0.491899 
2.370000 	 5.060792 
2.380000 	 3.844296 
2.390000 	 5.025568 
2.400000 	 5.451185 
2.410000 	 6.207016 
2.420000 	 3.690419 
2.430000 	 3.580968 
2.440000 	 6.738185 
2.450000 	 3.591958 
2.460000 	 4.363506 
2.470000 	 4.017624 
2.480000 	 4.931901 
2.490000 	 3.813171 
2.500000 	 6.581723 
2.510000 	 7.657770 
2.520000 	 7.126217 
2.530000 	 7.043377 
2.540000 	 3.769617 
2.550000 	 5.287321 
2.560000 	 6.204715 
2.570000 	 5.607761 
2.580000 	 5.133359 
2.590000 	 6.056132 
2.600000 	 6.640708 
2.610000 	 6.369867 
2.620000 	 7.448831 
2.630000 	 8.124678 
2.640000 	 5.316413 
2.650000 	 7.982064 
2.660000 	 5.588502 
2.670000 	 5.415289 
2.680000 	 7.478284 
2.690000 	 8.473106 
2.700000 	 4.954743 
2.710000 	 7.620577 
2.720000 	 9.864913 
2.730000 	 9.186422 
2.740000 	 8.735390 
2.750000 	 6.514226 
2.760000 	 7.447247 
2.770000 	 7.154148 
2.780000 	 5.951256 
2.790000 	 6.224255 
2.800000 	 9.508256 
2.810000 	 7.214612 
2.820000 	 7.790212 
2.830000 	 9.728124 
2.840000 	 5.558573 
2.850000 	 8.362530 
2.860000 	 8.571743 
2.870000 	 8.873838 
2.880000 	 7.940426 
2.890000 	 9.959197 
2.900000 	 8.163345 
2.910000 	 9.696923 
2.920000 	 10.361302 
2.930000 	 9.437812 
2.940000 	 7.744980 
2.950000 	 7.543165 
2.960000 	 11.276755 
2.970000 	 9.190076 
2.980000 	 10.872993 
2.990000 	 11.025607 
3.000000 	 11.070961 
3.010000 	 10.753496 
3.020000 	 7.433837 
3.030000 	 11.039686 
3.040000 	 11.776270 
3.050000 	 10.152556 
3.060000 	 12.479582 
3.070000 	 8.487821 
3.080000 	 11.799564 
3.090000 	 10.616421 
3.100000 	 12.198268 
3.110000 	 13.608674 
3.120000 	 12.721134 
3.130000 	 10.557144 
3.140000 	 11.057510 
3.150000 	 11.272281 
3.160000 	 9.825699 
3.170000 	 16.617321 
3.180000 	 12.481746 
3.190000 	 12.222451 
3.200000 	 13.498329 
3.210000 	 16.150535 
3.220000 	 14.207992 
3.230000 	 12.973829 
3.240000 	 15.639349 
3.250000 	 13.831794 
3.260000 	 15.588557 
3.270000 	 13.964171 
3.280000 	 15.079605 
3.290000 	 15.976419 
3.300000 	 14.863271 
3.310000 	 19.621738 
3.320000 	 15.972702 
3.330000 	 15.463968 
3.340000 	 14.190128 
3.350000 	 17.454345 
3.360000 	 14.703571 
3.370000 	 14.488454 
3.380000 	 17.380489 
3.390000 	 19.267276 
3.400000 	 17.515523 
3.410000 	 15.989009 
3.420000 	 18.436909 
3.430000 	 17.393778 
3.440000 	 16.466380 
3.450000 	 23.331253 
3.460000 	 19.073854 
3.470000 	 18.333212 
3.480000 	 16.326214 
3.490000 	 18.255893 
3.500000 	 16.103361 
3.510000 	 20.496475 
3.520000 	 19.686187 
3.530000 	 19.065307 
3.540000 	 18.567200 
3.550000 	 24.074775 
3.560000 	 19.009324 
3.570000 	 19.762260 
3.580000 	 19.798637 
3.590000 	 21.579501 
3.600000 	 23.436975 
3.610000 	 21.154503 
3.620000 	 23.307610 
3.630000 	 19.860466 
3.640000 	 24.873762 
3.650000 	 26.178788 
3.660000 	 23.976767 
3.670000 	 23.892547 
3.680000 	 25.059534 
3.690000 	 26.246562 
3.700000 	 25.964771 
3.710000 	 23.857299 
3.720000 	 21.965353 
3.730000 	 22.118753 
3.740000 	 24.196509 
3.750000 	 25.824139 
3.760000 	 23.497727 
3.770000 	 26.534228 
3.780000 	 26.875930 
3.790000 	 24.159457 
3.800000 	 24.211935 
3.810000 	 29.451672 
3.820000 	 26.489389 
3.830000 	 26.596145 
3.840000 	 27.231788 
3.850000 	 31.954265 
3.860000 	 29.553666 
3.870000 	 29.963390 
3.880000 	 30.338067 
3.890000 	 29.884682 
3.900000 	 32.751487 
3.910000 	 28.511273 
3.920000 	 31.039308 
3.930000 	 30.668415 
3.940000 	 28.244392 
3.950000 	 32.731318 
3.960000 	 29.873595 
3.970000 	 32.281660 
3.980000 	 33.806664 
3.990000 	 30.782573 
4.000000 	 34.052571 
