-3.000000 	 -11.756133 
-2.990000 	 -13.141157 
-2.980000 	 -11.671090 
-2.970000 	 -10.323408 
-2.960000 	 -10.947205 
-2.950000 	 -13.651288 
-2.940000 	 -10.624265 
-2.930000 	 -10.316504 
-2.920000 	 -13.113578 
-2.910000 	 -13.193414 
-2.900000 	 -11.304769 
-2.890000 	 -10.212376 
-2.880000 	 -10.570335 
-2.870000 	 -12.349602 
-2.860000 	 -10.415432 
-2.850000 	 -10.810034 
-2.840000 	 -10.683246 
-2.830000 	 -10.409000 
-2.820000 	 -11.769486 
-2.810000 	 -9.435118 
-2.800000 	 -10.711220 
-2.790000 	 -11.861705 
-2.780000 	 -10.475336 
-2.770000 	 -10.599887 
-2.760000 	 -10.876832 
-2.750000 	 -8.324360 
-2.740000 	 -13.496398 
-2.730000 	 -11.091114 
-2.720000 	 -9.685350 
-2.710000 	 -12.495792 
-2.700000 	 -13.998552 
-2.690000 	 -12.032888 
-2.680000 	 -11.135769 
-2.670000 	 -10.936729 
-2.660000 	 -11.332098 
-2.650000 	 -9.094985 
-2.640000 	 -10.148548 
-2.630000 	 -8.737659 
-2.620000 	 -11.787149 
-2.610000 	 -7.719880 
-2.600000 	 -11.006098 
-2.590000 	 -9.259488 
-2.580000 	 -12.223076 
-2.570000 	 -11.670013 
-2.560000 	 -11.633714 
-2.550000 	 -10.180982 
-2.540000 	 -8.201545 
-2.530000 	 -11.201462 
-2.520000 	 -6.639657 
-2.510000 	 -10.589327 
-2.500000 	 -10.456401 
-2.490000 	 -10.384039 
-2.480000 	 -10.476575 
-2.470000 	 -9.559335 
-2.460000 	 -8.960458 
-2.450000 	 -9.504636 
-2.440000 	 -7.463865 
-2.430000 	 -7.797398 
-2.420000 	 -10.194704 
-2.410000 	 -9.098076 
-2.400000 	 -9.251785 
-2.390000 	 -10.827624 
-2.380000 	 -9.283627 
-2.370000 	 -7.528186 
-2.360000 	 -8.897822 
-2.350000 	 -8.011551 
-2.340000 	 -6.899717 
-2.330000 	 -7.639915 
-2.320000 	 -10.965360 
-2.310000 	 -10.121081 
-2.300000 	 -11.285535 
-2.290000 	 -8.391772 
-2.280000 	 -6.209944 
-2.270000 	 -8.502696 
-2.260000 	 -8.821893 
-2.250000 	 -8.157591 
-2.240000 	 -5.724992 
-2.230000 	 -10.099217 
-2.220000 	 -8.241665 
-2.210000 	 -5.712154 
-2.200000 	 -5.412553 
-2.190000 	 -8.121749 
-2.180000 	 -8.214762 
-2.170000 	 -9.562644 
-2.160000 	 -8.204943 
-2.150000 	 -6.631718 
-2.140000 	 -6.672600 
-2.130000 	 -6.919155 
-2.120000 	 -7.263444 
-2.110000 	 -6.700104 
-2.100000 	 -7.205342 
-2.090000 	 -9.078126 
-2.080000 	 -8.107857 
-2.070000 	 -3.326692 
-2.060000 	 -7.187450 
-2.050000 	 -6.018850 
-2.040000 	 -6.763406 
-2.030000 	 -4.203362 
-2.020000 	 -6.993206 
-2.010000 	 -6.346583 
-2.000000 	 -7.167916 
-1.990000 	 -6.026067 
-1.980000 	 -6.688596 
-1.970000 	 -8.301784 
-1.960000 	 -6.263848 
-1.950000 	 -7.652726 
-1.940000 	 -9.081681 
-1.930000 	 -6.541731 
-1.920000 	 -5.129658 
-1.910000 	 -6.977273 
-1.900000 	 -10.466284 
-1.890000 	 -4.694422 
-1.880000 	 -8.640722 
-1.870000 	 -2.665285 
-1.860000 	 -6.886149 
-1.850000 	 -4.805648 
-1.840000 	 -3.881639 
-1.830000 	 -3.315883 
-1.820000 	 -3.151046 
-1.810000 	 -5.152623 
-1.800000 	 -5.820344 
-1.790000 	 -5.479608 
-1.780000 	 -7.094364 
-1.770000 	 -4.828054 
-1.760000 	 -3.251680 
-1.750000 	 -8.006698 
-1.740000 	 -7.492647 
-1.730000 	 -4.970772 
-1.720000 	 -5.841322 
-1.710000 	 -3.571646 
-1.700000 	 -3.895609 
-1.690000 	 -3.957651 
-1.680000 	 -4.685272 
-1.670000 	 -6.472333 
-1.660000 	 -4.070940 
-1.650000 	 -5.844321 
-1.640000 	 -3.833775 
-1.630000 	 -4.077422 
-1.620000 	 -2.419372 
-1.610000 	 -4.187283 
-1.600000 	 -4.453294 
-1.590000 	 -5.559151 
-1.580000 	 -0.731454 
-1.570000 	 -2.793787 
-1.560000 	 -3.934652 
-1.550000 	 -2.169331 
-1.540000 	 -4.713308 
-1.530000 	 -4.165341 
-1.520000 	 -3.510756 
-1.510000 	 -3.495193 
-1.500000 	 -2.923738 
-1.490000 	 -6.453591 
-1.480000 	 -4.401846 
-1.470000 	 -3.900907 
-1.460000 	 -2.822135 
-1.450000 	 -2.387435 
-1.440000 	 -2.699925 
-1.430000 	 -3.749486 
-1.420000 	 -5.066903 
-1.410000 	 -3.791346 
-1.400000 	 -3.356568 
-1.390000 	 -3.262739 
-1.380000 	 -4.222301 
-1.370000 	 -2.645843 
-1.360000 	 -5.859625 
-1.350000 	 -3.732945 
-1.340000 	 -3.714385 
-1.330000 	 -2.098765 
-1.320000 	 -3.466376 
-1.310000 	 -4.053093 
-1.300000 	 -5.285249 
-1.290000 	 -4.059368 
-1.280000 	 -0.044640 
-1.270000 	 -2.154738 
-1.260000 	 -3.962146 
-1.250000 	 -4.419859 
-1.240000 	 -2.311590 
-1.230000 	 -3.359240 
-1.220000 	 -2.260194 
-1.210000 	 -5.093633 
-1.200000 	 -2.047747 
-1.190000 	 -3.229070 
-1.180000 	 -3.429501 
-1.170000 	 -2.536514 
-1.160000 	 -1.513982 
-1.150000 	 -3.066526 
-1.140000 	 -2.653757 
-1.130000 	 -1.695947 
-1.120000 	 -4.574752 
-1.110000 	 -0.713413 
-1.100000 	 -3.348217 
-1.090000 	 -2.470552 
-1.080000 	 -2.642964 
-1.070000 	 -4.150510 
-1.060000 	 -1.094092 
-1.050000 	 -1.204463 
-1.040000 	 -1.748648 
-1.030000 	 -1.282344 
-1.020000 	 -2.259677 
-1.010000 	 -1.553786 
-1.000000 	 -3.102070 
-0.990000 	 -3.224989 
-0.980000 	 -1.885423 
-0.970000 	 -1.522799 
-0.960000 	 -2.506125 
-0.950000 	 -0.830199 
-0.940000 	 -3.779082 
-0.930000 	 -2.705210 
-0.920000 	 -2.835423 
-0.910000 	 -2.058599 
-0.900000 	 -1.720253 
-0.890000 	 -0.988397 
-0.880000 	 0.192908 
-0.870000 	 0.325023 
-0.860000 	 -1.815670 
-0.850000 	 -0.763192 
-0.840000 	 -2.312258 
-0.830000 	 -0.174922 
-0.820000 	 -3.817603 
-0.810000 	 -2.677164 
-0.800000 	 -2.053623 
-0.790000 	 -0.456984 
-0.780000 	 -2.238106 
-0.770000 	 -0.292329 
-0.760000 	 -2.528213 
-0.750000 	 -2.303331 
-0.740000 	 -2.024996 
-0.730000 	 -0.386062 
-0.720000 	 -0.579582 
-0.710000 	 -1.116424 
-0.700000 	 -1.111257 
-0.690000 	 -2.924171 
-0.680000 	 0.223085 
-0.670000 	 -2.017586 
-0.660000 	 -1.757300 
-0.650000 	 -1.614225 
-0.640000 	 -1.401663 
-0.630000 	 -0.981051 
-0.620000 	 -3.038172 
-0.610000 	 2.134773 
-0.600000 	 0.051431 
-0.590000 	 -2.560411 
-0.580000 	 0.325532 
-0.570000 	 -2.135679 
-0.560000 	 -2.292564 
-0.550000 	 -1.251435 
-0.540000 	 0.611588 
-0.530000 	 0.297992 
-0.520000 	 -1.806103 
-0.510000 	 -0.492589 
-0.500000 	 -1.029053 
-0.490000 	 -4.044376 
-0.480000 	 0.713232 
-0.470000 	 0.482264 
-0.460000 	 -2.185919 
-0.450000 	 0.354046 
-0.440000 	 -0.747316 
-0.430000 	 -2.475775 
-0.420000 	 -3.455091 
-0.410000 	 -1.256765 
-0.400000 	 -2.189070 
-0.390000 	 0.350245 
-0.380000 	 -2.339699 
-0.370000 	 1.546159 
-0.360000 	 -2.411008 
-0.350000 	 -1.759140 
-0.340000 	 -2.635180 
-0.330000 	 1.554409 
-0.320000 	 -2.033797 
-0.310000 	 1.253077 
-0.300000 	 -1.705408 
-0.290000 	 -1.283945 
-0.280000 	 -0.421969 
-0.270000 	 -2.474926 
-0.260000 	 -0.262127 
-0.250000 	 -1.523247 
-0.240000 	 0.619976 
-0.230000 	 0.802172 
-0.220000 	 -0.031894 
-0.210000 	 1.156369 
-0.200000 	 -1.561218 
-0.190000 	 0.439646 
-0.180000 	 1.741775 
-0.170000 	 -0.309709 
-0.160000 	 2.663529 
-0.150000 	 0.663807 
-0.140000 	 1.923800 
-0.130000 	 0.861028 
-0.120000 	 0.214254 
-0.110000 	 -1.560328 
-0.100000 	 -0.680398 
-0.090000 	 -1.664040 
-0.080000 	 -0.267460 
-0.070000 	 28.000000 
-0.060000 	 -2.016209 
-0.050000 	 -0.329485 
-0.040000 	 0.335773 
-0.030000 	 -0.443870 
-0.020000 	 -0.244412 
-0.010000 	 0.928186 
0.000000 	 2.116176 
0.010000 	 -0.009630 
0.020000 	 -1.455517 
0.030000 	 1.690549 
0.040000 	 -0.637149 
0.050000 	 -0.885736 
0.060000 	 -3.123824 
0.070000 	 -1.473838 
0.080000 	 0.871789 
0.090000 	 2.015757 
0.100000 	 -1.728521 
0.110000 	 -2.266691 
0.120000 	 2.249994 
0.130000 	 -0.328484 
0.140000 	 0.891974 
0.150000 	 0.823648 
0.160000 	 3.398333 
0.170000 	 -1.711166 
0.180000 	 0.277479 
0.190000 	 -2.265049 
0.200000 	 0.863618 
0.210000 	 0.768563 
0.220000 	 -1.851494 
0.230000 	 -0.838184 
0.240000 	 -1.815137 
0.250000 	 -0.397304 
0.260000 	 0.669770 
0.270000 	 0.277445 
0.280000 	 2.929026 
0.290000 	 0.483150 
0.300000 	 -2.354764 
0.310000 	 -1.916903 
0.320000 	 1.227772 
0.330000 	 0.645675 
0.340000 	 -2.114091 
0.350000 	 2.112347 
0.360000 	 -0.715226 
0.370000 	 -0.526273 
0.380000 	 2.279576 
0.390000 	 1.709635 
0.400000 	 -1.297533 
0.410000 	 -3.044126 
0.420000 	 1.036816 
0.430000 	 3.217048 
0.440000 	 -0.402793 
0.450000 	 1.695166 
0.460000 	 0.902973 
0.470000 	 1.845597 
0.480000 	 2.316128 
0.490000 	 1.261310 
0.500000 	 -1.974217 
0.510000 	 0.642932 
0.520000 	 -0.965514 
0.530000 	 1.178395 
0.540000 	 -4.967425 
0.550000 	 -0.161256 
0.560000 	 -1.122821 
0.570000 	 0.961879 
0.580000 	 0.358727 
0.590000 	 -3.279683 
0.600000 	 0.743413 
0.610000 	 2.913494 
0.620000 	 2.778138 
0.630000 	 2.532106 
0.640000 	 0.798996 
0.650000 	 1.028501 
0.660000 	 -1.412455 
0.670000 	 0.552822 
0.680000 	 -0.958908 
0.690000 	 2.129106 
0.700000 	 -0.175164 
0.710000 	 -0.047079 
0.720000 	 1.065695 
0.730000 	 -1.765398 
0.740000 	 -0.118139 
0.750000 	 -1.577163 
0.760000 	 1.978115 
0.770000 	 -0.294656 
0.780000 	 0.680314 
0.790000 	 2.977521 
0.800000 	 1.975087 
0.810000 	 0.646078 
0.820000 	 2.657001 
0.830000 	 0.643545 
0.840000 	 1.988404 
0.850000 	 -0.396699 
0.860000 	 0.515694 
0.870000 	 0.959929 
0.880000 	 2.405423 
0.890000 	 0.291677 
0.900000 	 1.468255 
0.910000 	 -0.646893 
0.920000 	 0.571703 
0.930000 	 0.925038 
0.940000 	 0.274744 
0.950000 	 0.206887 
0.960000 	 -1.504084 
0.970000 	 -0.245959 
0.980000 	 0.643937 
0.990000 	 1.092476 
1.000000 	 -0.224960 
1.010000 	 2.078093 
1.020000 	 3.540362 
1.030000 	 0.612506 
1.040000 	 -0.230914 
1.050000 	 -0.535588 
1.060000 	 2.239796 
1.070000 	 -0.871979 
1.080000 	 -1.163009 
1.090000 	 -0.169117 
1.100000 	 3.407504 
1.110000 	 -0.708440 
1.120000 	 2.364166 
1.130000 	 2.703437 
1.140000 	 -0.016849 
1.150000 	 -2.426511 
1.160000 	 3.463819 
1.170000 	 0.721014 
1.180000 	 0.427158 
1.190000 	 -0.701987 
1.200000 	 0.441095 
1.210000 	 3.183612 
1.220000 	 -1.195586 
1.230000 	 -0.244366 
1.240000 	 -0.652003 
1.250000 	 1.791914 
1.260000 	 0.466452 
1.270000 	 -0.782298 
1.280000 	 -1.478343 
1.290000 	 4.019710 
1.300000 	 -1.725134 
1.310000 	 -1.961770 
1.320000 	 4.148109 
1.330000 	 0.670891 
1.340000 	 0.046911 
1.350000 	 -0.158764 
1.360000 	 -1.494178 
1.370000 	 0.488226 
1.380000 	 1.541148 
1.390000 	 -2.514070 
1.400000 	 0.286369 
1.410000 	 2.788437 
1.420000 	 -2.334641 
1.430000 	 1.005184 
1.440000 	 2.514329 
1.450000 	 -0.681740 
1.460000 	 0.493943 
1.470000 	 -2.477977 
1.480000 	 2.067226 
1.490000 	 1.220999 
1.500000 	 0.275586 
1.510000 	 0.008037 
1.520000 	 -0.925468 
1.530000 	 -0.361922 
1.540000 	 2.492088 
1.550000 	 1.920555 
1.560000 	 2.924051 
1.570000 	 0.943138 
1.580000 	 1.781254 
1.590000 	 1.591540 
1.600000 	 -1.873598 
1.610000 	 2.197789 
1.620000 	 -0.283137 
1.630000 	 0.108758 
1.640000 	 3.588316 
1.650000 	 0.700680 
1.660000 	 2.079505 
1.670000 	 2.713439 
1.680000 	 3.343491 
1.690000 	 -0.204907 
1.700000 	 0.868993 
1.710000 	 3.297748 
1.720000 	 0.920915 
1.730000 	 1.984420 
1.740000 	 -1.387070 
1.750000 	 2.333047 
1.760000 	 1.908865 
1.770000 	 1.605079 
1.780000 	 2.316876 
1.790000 	 -1.496235 
1.800000 	 0.358978 
1.810000 	 3.179639 
1.820000 	 3.638214 
1.830000 	 -0.010048 
1.840000 	 4.835188 
1.850000 	 -3.139791 
1.860000 	 0.460861 
1.870000 	 0.991752 
1.880000 	 2.973238 
1.890000 	 3.210717 
1.900000 	 4.059248 
1.910000 	 2.285998 
1.920000 	 1.738129 
1.930000 	 5.588872 
1.940000 	 0.460673 
1.950000 	 2.326388 
1.960000 	 -2.065968 
1.970000 	 1.541880 
1.980000 	 1.718108 
1.990000 	 3.848903 
2.000000 	 0.246994 
2.010000 	 3.738553 
2.020000 	 1.283569 
2.030000 	 1.943289 
2.040000 	 2.407438 
2.050000 	 -0.313285 
2.060000 	 3.113752 
2.070000 	 1.223615 
2.080000 	 3.419430 
2.090000 	 3.931939 
2.100000 	 1.362101 
2.110000 	 2.881870 
2.120000 	 0.377377 
2.130000 	 3.101995 
2.140000 	 2.534432 
2.150000 	 3.635306 
2.160000 	 3.642097 
2.170000 	 3.846327 
2.180000 	 4.419354 
2.190000 	 3.014230 
2.200000 	 1.718077 
2.210000 	 5.270925 
2.220000 	 1.974892 
2.230000 	 4.088759 
2.240000 	 3.244619 
2.250000 	 1.999181 
2.260000 	 4.697188 
2.270000 	 0.673677 
2.280000 	 0.112882 
2.290000 	 4.793883 
2.300000 	 2.848142 
2.310000 	 4.231165 
2.320000 	 3.875187 
2.330000 	 3.817274 
2.340000 	 2.802014 
2.350000 	 4.926786 
2.360000 	 4.435783 
2.370000 	 25.000000 
2.380000 	 6.567827 
2.390000 	 5.208375 
2.400000 	 2.946276 
2.410000 	 3.151920 
2.420000 	 3.064597 
2.430000 	 6.379746 
2.440000 	 4.621818 
2.450000 	 1.627695 
2.460000 	 3.872280 
2.470000 	 4.331286 
2.480000 	 7.142945 
2.490000 	 4.437518 
2.500000 	 2.522553 
2.510000 	 6.498639 
2.520000 	 5.598222 
2.530000 	 4.501502 
2.540000 	 7.007210 
2.550000 	 5.645266 
2.560000 	 3.211565 
2.570000 	 4.979279 
2.580000 	 4.766136 
2.590000 	 8.496356 
2.600000 	 4.493603 
2.610000 	 6.528362 
2.620000 	 5.605177 
2.630000 	 6.576964 
2.640000 	 6.860951 
2.650000 	 5.506547 
2.660000 	 5.376693 
2.670000 	 4.831351 
2.680000 	 5.824826 
2.690000 	 7.242335 
2.700000 	 6.423846 
2.710000 	 8.996809 
2.720000 	 5.758387 
2.730000 	 9.400172 
2.740000 	 8.141237 
2.750000 	 6.552675 
2.760000 	 6.479740 
2.770000 	 9.120483 
2.780000 	 6.775732 
2.790000 	 7.739236 
2.800000 	 4.406159 
2.810000 	 7.696186 
2.820000 	 7.528089 
2.830000 	 7.079487 
2.840000 	 7.887828 
2.850000 	 7.246548 
2.860000 	 6.443442 
2.870000 	 8.107974 
2.880000 	 8.256429 
2.890000 	 8.603395 
2.900000 	 10.307627 
2.910000 	 9.145600 
2.920000 	 9.089668 
2.930000 	 10.687492 
2.940000 	 10.307695 
2.950000 	 8.658164 
2.960000 	 10.018311 
2.970000 	 9.640426 
2.980000 	 9.376844 
2.990000 	 12.317985 
3.000000 	 12.393988 
3.010000 	 10.126964 
3.020000 	 12.237998 
3.030000 	 11.348147 
3.040000 	 8.523458 
3.050000 	 8.423304 
3.060000 	 10.456669 
3.070000 	 9.841687 
3.080000 	 12.945493 
3.090000 	 11.839138 
3.100000 	 9.055264 
3.110000 	 12.994959 
3.120000 	 12.135825 
3.130000 	 12.813106 
3.140000 	 14.323209 
3.150000 	 13.734628 
3.160000 	 13.826556 
3.170000 	 13.222135 
3.180000 	 13.190412 
3.190000 	 14.242887 
3.200000 	 16.114244 
3.210000 	 11.547894 
3.220000 	 14.615624 
3.230000 	 13.838252 
3.240000 	 15.201220 
3.250000 	 13.789564 
3.260000 	 12.517022 
3.270000 	 12.866446 
3.280000 	 14.280646 
3.290000 	 13.771892 
3.300000 	 16.473549 
3.310000 	 17.076745 
3.320000 	 14.065313 
3.330000 	 16.494040 
3.340000 	 14.643713 
3.350000 	 17.144022 
3.360000 	 19.748833 
3.370000 	 17.344495 
3.380000 	 14.979310 
3.390000 	 14.918521 
3.400000 	 16.763139 
3.410000 	 19.210780 
3.420000 	 15.739508 
3.430000 	 17.489466 
3.440000 	 17.735530 
3.450000 	 17.707959 
3.460000 	 17.096343 
3.470000 	 18.255803 
3.480000 	 18.403341 
3.490000 	 20.733563 
3.500000 	 18.237729 
3.510000 	 19.005683 
3.520000 	 21.446280 
3.530000 	 19.331394 
3.540000 	 18.188319 
3.550000 	 20.455617 
3.560000 	 20.560167 
3.570000 	 20.502163 
3.580000 	 19.682958 
3.590000 	 20.423195 
3.600000 	 21.107062 
3.610000 	 20.934916 
3.620000 	 19.660694 
3.630000 	 20.320557 
3.640000 	 25.435227 
3.650000 	 21.172748 
3.660000 	 25.621295 
3.670000 	 21.526044 
3.680000 	 22.601019 
3.690000 	 23.083333 
3.700000 	 22.969876 
3.710000 	 21.853705 
3.720000 	 25.450508 
3.730000 	 27.575644 
3.740000 	 25.114676 
3.750000 	 26.137618 
3.760000 	 23.433624 
3.770000 	 25.278030 
3.780000 	 26.610301 
3.790000 	 27.084750 
3.800000 	 26.604572 
3.810000 	 26.740894 
3.820000 	 27.396707 
3.830000 	 24.913381 
3.840000 	 27.735139 
3.850000 	 27.413675 
3.860000 	 29.801812 
3.870000 	 28.695759 
3.880000 	 30.122592 
3.890000 	 31.817516 
3.900000 	 29.938162 
3.910000 	 32.604963 
3.920000 	 28.111383 
3.930000 	 28.548876 
3.940000 	 32.356901 
3.950000 	 32.570141 
3.960000 	 29.399648 
3.970000 	 33.020517 
3.980000 	 32.805474 
3.990000 	 31.810970 
4.000000 	 33.436686 
