-3.000000 	 -9.421202 
-2.990000 	 -10.126929 
-2.980000 	 -10.983557 
-2.970000 	 -13.882600 
-2.960000 	 -9.376516 
-2.950000 	 -11.399941 
-2.940000 	 -10.716158 
-2.930000 	 -9.352359 
-2.920000 	 -11.283434 
-2.910000 	 -10.250629 
-2.900000 	 -12.020841 
-2.890000 	 -12.348164 
-2.880000 	 -11.291339 
-2.870000 	 -13.756995 
-2.860000 	 -13.457564 
-2.850000 	 -11.423506 
-2.840000 	 -9.825250 
-2.830000 	 -12.414835 
-2.820000 	 -11.928573 
-2.810000 	 -8.699979 
-2.800000 	 -11.152965 
-2.790000 	 -8.059773 
-2.780000 	 -9.674229 
-2.770000 	 -8.204655 
-2.760000 	 -10.817955 
-2.750000 	 -9.633654 
-2.740000 	 -13.116076 
-2.730000 	 -8.250351 
-2.720000 	 -9.523106 
-2.710000 	 -9.861708 
-2.700000 	 -11.964684 
-2.690000 	 -9.645290 
-2.680000 	 -9.747890 
-2.670000 	 -9.951494 
-2.660000 	 -11.469703 
-2.650000 	 -10.626255 
-2.640000 	 -12.401742 
-2.630000 	 -7.976727 
-2.620000 	 -11.447007 
-2.610000 	 -9.145744 
-2.600000 	 -10.481379 
-2.590000 	 -10.426038 
-2.580000 	 -11.922410 
-2.570000 	 -10.312678 
-2.560000 	 -10.269167 
-2.550000 	 -11.520155 
-2.540000 	 -9.427049 
-2.530000 	 -10.329333 
-2.520000 	 -11.556496 
-2.510000 	 -12.403463 
-2.500000 	 -10.494336 
-2.490000 	 -8.939713 
-2.480000 	 -9.805939 
-2.470000 	 -9.830707 
-2.460000 	 -7.506524 
-2.450000 	 -8.980590 
-2.440000 	 -9.201162 
-2.430000 	 -9.997575 
-2.420000 	 -7.250226 
-2.410000 	 -8.961217 
-2.400000 	 -10.274606 
-2.390000 	 -8.458425 
-2.380000 	 -8.038766 
-2.370000 	 -8.765406 
-2.360000 	 -8.499421 
-2.350000 	 -8.732632 
-2.340000 	 -7.979862 
-2.330000 	 -7.840728 
-2.320000 	 -9.676011 
-2.310000 	 -7.112241 
-2.300000 	 -12.556119 
-2.290000 	 -9.139366 
-2.280000 	 -8.750253 
-2.270000 	 -6.302022 
-2.260000 	 -8.859765 
-2.250000 	 -7.414187 
-2.240000 	 -8.219454 
-2.230000 	 -7.793908 
-2.220000 	 -7.849886 
-2.210000 	 -8.586359 
-2.200000 	 -6.915003 
-2.190000 	 -7.206921 
-2.180000 	 -9.537360 
-2.170000 	 -9.861075 
-2.160000 	 -5.799180 
-2.150000 	 -7.522289 
-2.140000 	 -9.924770 
-2.130000 	 -6.527656 
-2.120000 	 -6.548625 
-2.110000 	 -9.547055 
-2.100000 	 -7.947265 
-2.090000 	 -6.440534 
-2.080000 	 -5.284469 
-2.070000 	 -8.095896 
-2.060000 	 -6.068351 
-2.050000 	 -7.500998 
-2.040000 	 -3.358082 
-2.030000 	 -7.797936 
-2.020000 	 -6.930736 
-2.010000 	 -7.706430 
-2.000000 	 -5.803834 
-1.990000 	 -4.230032 
-1.980000 	 -6.668662 
-1.970000 	 -5.488472 
-1.960000 	 -7.557594 
-1.950000 	 -4.702282 
-1.940000 	 -6.301927 
-1.930000 	 -8.580637 
-1.920000 	 -6.274897 
-1.910000 	 -7.799279 
-1.900000 	 -6.049287 
-1.890000 	 -5.425840 
-1.880000 	 -3.578655 
-1.870000 	 -3.016380 
-1.860000 	 -6.042818 
-1.850000 	 -2.825967 
-1.840000 	 -5.533617 
-1.830000 	 -4.843888 
-1.820000 	 -7.119870 
-1.810000 	 -7.375830 
-1.800000 	 -6.046254 
-1.790000 	 -2.589418 
-1.780000 	 -8.461343 
-1.770000 	 -3.977597 
-1.760000 	 -5.245257 
-1.750000 	 -4.570047 
-1.740000 	 -5.378647 
-1.730000 	 -7.539074 
-1.720000 	 -4.285190 
-1.710000 	 -4.818481 
-1.700000 	 -5.447254 
-1.690000 	 -3.991378 
-1.680000 	 -3.392748 
-1.670000 	 -4.759680 
-1.660000 	 -6.010963 
-1.650000 	 -2.475378 
-1.640000 	 -4.990075 
-1.630000 	 -7.157395 
-1.620000 	 -6.860671 
-1.610000 	 -3.575339 
-1.600000 	 -5.364962 
-1.590000 	 -6.842960 
-1.580000 	 -4.023850 
-1.570000 	 -1.677104 
-1.560000 	 -4.048104 
-1.550000 	 -4.173568 
-1.540000 	 -3.458348 
-1.530000 	 -1.561933 
-1.520000 	 -0.323862 
-1.510000 	 -3.875699 
-1.500000 	 -2.402985 
-1.490000 	 -1.296395 
-1.480000 	 -3.209734 
-1.470000 	 -4.674028 
-1.460000 	 -5.216695 
-1.450000 	 -6.142836 
-1.440000 	 -4.241999 
-1.430000 	 -3.536767 
-1.420000 	 -4.318494 
-1.410000 	 -1.717282 
-1.400000 	 -5.195338 
-1.390000 	 -5.637802 
-1.380000 	 -1.188984 
-1.370000 	 -2.911859 
-1.360000 	 -6.447499 
-1.350000 	 -5.530615 
-1.340000 	 -5.267636 
-1.330000 	 -2.303603 
-1.320000 	 -3.184687 
-1.310000 	 -5.155762 
-1.300000 	 -0.413941 
-1.290000 	 -3.573534 
-1.280000 	 -2.829569 
-1.270000 	 -2.751563 
-1.260000 	 -5.393427 
-1.250000 	 -3.706650 
-1.240000 	 -2.595995 
-1.230000 	 -2.372545 
-1.220000 	 -4.765360 
-1.210000 	 -2.608399 
-1.200000 	 -2.169531 
-1.190000 	 -4.852352 
-1.180000 	 -0.072628 
-1.170000 	 -2.662012 
-1.160000 	 -2.248484 
-1.150000 	 3.034257 
-1.140000 	 -0.498472 
-1.130000 	 -2.692084 
-1.120000 	 1.971568 
-1.110000 	 -1.038324 
-1.100000 	 -2.807500 
-1.090000 	 -2.330066 
-1.080000 	 -4.616137 
-1.070000 	 -0.068839 
-1.060000 	 -1.985405 
-1.050000 	 -1.762171 
-1.040000 	 -2.105392 
-1.030000 	 -3.258156 
-1.020000 	 -3.557760 
-1.010000 	 -2.822286 
-1.000000 	 -2.100413 
-0.990000 	 0.964433 
-0.980000 	 -3.597770 
-0.970000 	 -0.712939 
-0.960000 	 -3.855210 
-0.950000 	 -5.964202 
-0.940000 	 -1.843972 
-0.930000 	 -4.226033 
-0.920000 	 -3.510123 
-0.910000 	 -3.364970 
-0.900000 	 -4.726551 
-0.890000 	 -0.493249 
-0.880000 	 -0.220292 
-0.870000 	 2.001849 
-0.860000 	 -1.436381 
-0.850000 	 -4.377834 
-0.840000 	 -2.565611 
-0.830000 	 -1.876202 
-0.820000 	 -1.152932 
-0.810000 	 -1.425346 
-0.800000 	 -1.634587 
-0.790000 	 -1.930391 
-0.780000 	 0.778318 
-0.770000 	 -1.716382 
-0.760000 	 -4.905042 
-0.750000 	 0.452586 
-0.740000 	 -0.418322 
-0.730000 	 -1.265634 
-0.720000 	 -2.188654 
-0.710000 	 -0.201114 
-0.700000 	 -2.416846 
-0.690000 	 -1.747853 
-0.680000 	 0.047742 
-0.670000 	 -2.222372 
-0.660000 	 -0.280636 
-0.650000 	 1.459785 
-0.640000 	 -1.309566 
-0.630000 	 1.844625 
-0.620000 	 0.095567 
-0.610000 	 -1.067390 
-0.600000 	 -0.078405 
-0.590000 	 -0.722886 
-0.580000 	 -0.377354 
-0.570000 	 -2.781054 
-0.560000 	 -1.420294 
-0.550000 	 1.187224 
-0.540000 	 -3.746252 
-0.530000 	 -4.059771 
-0.520000 	 -3.337487 
-0.510000 	 0.387771 
-0.500000 	 -3.417904 
-0.490000 	 1.951865 
-0.480000 	 -2.898265 
-0.470000 	 -0.856784 
-0.460000 	 -0.892494 
-0.450000 	 -0.946992 
-0.440000 	 -3.169111 
-0.430000 	 -2.142875 
-0.420000 	 1.185036 
-0.410000 	 -0.455188 
-0.400000 	 -0.063182 
-0.390000 	 -0.025282 
-0.380000 	 0.362295 
-0.370000 	 -0.061470 
-0.360000 	 -4.540087 
-0.350000 	 2.647752 
-0.340000 	 -1.819500 
-0.330000 	 0.494890 
-0.320000 	 0.678730 
-0.310000 	 0.730957 
-0.300000 	 -0.465702 
-0.290000 	 -2.111255 
-0.280000 	 0.950361 
-0.270000 	 -0.418409 
-0.260000 	 -0.494773 
-0.250000 	 2.190436 
-0.240000 	 0.582687 
-0.230000 	 0.713914 
-0.220000 	 1.683741 
-0.210000 	 -1.504173 
-0.200000 	 -0.096020 
-0.190000 	 0.779244 
-0.180000 	 -1.939145 
-0.170000 	 -2.088185 
-0.160000 	 -0.096460 
-0.150000 	 0.188366 
-0.140000 	 -3.356595 
-0.130000 	 0.102704 
-0.120000 	 0.437077 
-0.110000 	 -1.283116 
-0.100000 	 2.253825 
-0.090000 	 -3.729871 
-0.080000 	 -0.744053 
-0.070000 	 1.194791 
-0.060000 	 0.451176 
-0.050000 	 -2.487119 
-0.040000 	 0.220624 
-0.030000 	 2.996411 
-0.020000 	 -1.641732 
-0.010000 	 -0.469716 
0.000000 	 1.649704 
0.010000 	 0.711208 
0.020000 	 -1.470478 
0.030000 	 -0.244007 
0.040000 	 1.749952 
0.050000 	 0.426226 
0.060000 	 2.139626 
0.070000 	 10.000000 
0.080000 	 1.442444 
0.090000 	 1.320002 
0.100000 	 0.045281 
0.110000 	 0.576158 
0.120000 	 1.101579 
0.130000 	 -2.274353 
0.140000 	 1.518943 
0.150000 	 1.039772 
0.160000 	 0.368219 
0.170000 	 -0.007830 
0.180000 	 0.197302 
0.190000 	 -0.799177 
0.200000 	 2.450110 
0.210000 	 -1.506210 
0.220000 	 1.733733 
0.230000 	 -1.965855 
0.240000 	 -1.161956 
0.250000 	 0.832830 
0.260000 	 -2.229921 
0.270000 	 0.490779 
0.280000 	 1.097611 
0.290000 	 -0.252262 
0.300000 	 1.114186 
0.310000 	 -0.028433 
0.320000 	 -3.030993 
0.330000 	 1.754506 
0.340000 	 0.002846 
0.350000 	 -0.527365 
0.360000 	 1.006046 
0.370000 	 -3.366005 
0.380000 	 2.128128 
0.390000 	 2.297071 
0.400000 	 -1.440650 
0.410000 	 -0.882359 
0.420000 	 -0.991730 
0.430000 	 -2.306371 
0.440000 	 0.806892 
0.450000 	 -0.531222 
0.460000 	 -0.844198 
0.470000 	 3.073847 
0.480000 	 0.504373 
0.490000 	 -0.447484 
0.500000 	 0.860988 
0.510000 	 -1.517500 
0.520000 	 0.521858 
0.530000 	 1.615037 
0.540000 	 0.428759 
0.550000 	 3.226865 
0.560000 	 2.128474 
0.570000 	 -1.091336 
0.580000 	 1.940546 
0.590000 	 -2.299597 
0.600000 	 -0.925614 
0.610000 	 -1.861987 
0.620000 	 1.272729 
0.630000 	 -0.505164 
0.640000 	 -0.376915 
0.650000 	 -1.512222 
0.660000 	 1.984457 
0.670000 	 -1.783543 
0.680000 	 1.112030 
0.690000 	 2.172303 
0.700000 	 2.320541 
0.710000 	 1.937895 
0.720000 	 -1.797635 
0.730000 	 2.278575 
0.740000 	 0.714531 
0.750000 	 -1.106079 
0.760000 	 -1.938017 
0.770000 	 2.625482 
0.780000 	 1.043043 
0.790000 	 1.875929 
0.800000 	 1.227138 
0.810000 	 -0.576882 
0.820000 	 2.244183 
0.830000 	 -0.212495 
0.840000 	 0.822896 
0.850000 	 4.199790 
0.860000 	 -4.487021 
0.870000 	 0.142638 
0.880000 	 2.190900 
0.890000 	 -1.822688 
0.900000 	 -0.276072 
0.910000 	 0.295415 
0.920000 	 -1.938950 
0.930000 	 2.596387 
0.940000 	 2.571994 
0.950000 	 -0.210531 
0.960000 	 2.255105 
0.970000 	 -1.311971 
0.980000 	 3.322706 
0.990000 	 -0.266165 
1.000000 	 -2.235987 
1.010000 	 -1.666458 
1.020000 	 -0.421732 
1.030000 	 -1.429143 
1.040000 	 -1.721753 
1.050000 	 0.812203 
1.060000 	 0.868385 
1.070000 	 -0.070465 
1.080000 	 -0.210908 
1.090000 	 0.752343 
1.100000 	 3.262323 
1.110000 	 2.519402 
1.120000 	 0.645104 
1.130000 	 0.064322 
1.140000 	 0.732482 
1.150000 	 0.764381 
1.160000 	 -4.285445 
1.170000 	 0.564823 
1.180000 	 0.009588 
1.190000 	 -1.951366 
1.200000 	 0.246219 
1.210000 	 0.785577 
1.220000 	 0.676730 
1.230000 	 0.136524 
1.240000 	 2.569203 
1.250000 	 3.425945 
1.260000 	 0.169763 
1.270000 	 1.365597 
1.280000 	 -0.061030 
1.290000 	 1.084633 
1.300000 	 -2.241703 
1.310000 	 2.755648 
1.320000 	 -0.213558 
1.330000 	 -1.369266 
1.340000 	 2.676376 
1.350000 	 -0.492549 
1.360000 	 -1.092412 
1.370000 	 -0.081642 
1.380000 	 -2.809848 
1.390000 	 -0.329760 
1.400000 	 -1.316248 
1.410000 	 -0.098992 
1.420000 	 -0.484414 
1.430000 	 3.338072 
1.440000 	 2.418291 
1.450000 	 0.765592 
1.460000 	 3.411816 
1.470000 	 0.833171 
1.480000 	 3.135402 
1.490000 	 4.356372 
1.500000 	 2.187775 
1.510000 	 -0.839519 
1.520000 	 0.432453 
1.530000 	 1.933838 
1.540000 	 0.546974 
1.550000 	 1.077548 
1.560000 	 0.128897 
1.570000 	 2.721538 
1.580000 	 0.689905 
1.590000 	 4.056264 
1.600000 	 1.487848 
1.610000 	 0.761247 
1.620000 	 0.077355 
1.630000 	 1.420218 
1.640000 	 2.598210 
1.650000 	 1.174161 
1.660000 	 1.908719 
1.670000 	 0.085466 
1.680000 	 2.886817 
1.690000 	 -0.597340 
1.700000 	 2.150566 
1.710000 	 2.095020 
1.720000 	 -1.535171 
1.730000 	 2.020752 
1.740000 	 1.491766 
1.750000 	 0.905713 
1.760000 	 -2.147492 
1.770000 	 1.329735 
1.780000 	 1.723501 
1.790000 	 -2.106493 
1.800000 	 -1.565117 
1.810000 	 3.053804 
1.820000 	 -1.252671 
1.830000 	 0.255693 
1.840000 	 1.543328 
1.850000 	 1.912476 
1.860000 	 3.769249 
1.870000 	 0.018043 
1.880000 	 1.942075 
1.890000 	 4.200520 
1.900000 	 3.182746 
1.910000 	 1.504267 
1.920000 	 0.800739 
1.930000 	 2.820504 
1.940000 	 2.792295 
1.950000 	 1.143768 
1.960000 	 0.765137 
1.970000 	 3.307647 
1.980000 	 2.190607 
1.990000 	 2.446877 
2.000000 	 1.173026 
2.010000 	 2.596167 
2.020000 	 -1.267350 
2.030000 	 2.466641 
2.040000 	 1.031344 
2.050000 	 0.771872 
2.060000 	 3.125366 
2.070000 	 1.759775 
2.080000 	 3.324865 
2.090000 	 1.379505 
2.100000 	 1.099474 
2.110000 	 1.254376 
2.120000 	 2.331261 
2.130000 	 2.230171 
2.140000 	 2.383129 
2.150000 	 1.184963 
2.160000 	 2.705831 
2.170000 	 0.960624 
2.180000 	 3.497824 
2.190000 	 4.136159 
2.200000 	 4.227411 
2.210000 	 4.597299 
2.220000 	 5.925389 
2.230000 	 0.228946 
2.240000 	 5.214835 
2.250000 	 2.999207 
2.260000 	 -0.494323 
2.270000 	 1.927859 
2.280000 	 3.379533 
2.290000 	 4.118085 
2.300000 	 5.686803 
2.310000 	 3.312318 
2.320000 	 5.538062 
2.330000 	 6.553523 
2.340000 	 2.826530 
2.350000 	 3.090937 
2.360000 	 3.096519 
2.370000 	 2.711392 
2.380000 	 1.277299 
2.390000 	 3.626881 
2.400000 	 3.364366 
2.410000 	 1.847989 
2.420000 	 4.867081 
2.430000 	 1.897318 
2.440000 	 2.520153 
2.450000 	 6.246887 
2.460000 	 4.241142 
2.470000 	 6.683431 
2.480000 	 2.820118 
2.490000 	 5.947745 
2.500000 	 5.425612 
2.510000 	 4.835096 
2.520000 	 5.815675 
2.530000 	 4.829973 
2.540000 	 4.171937 
2.550000 	 5.793645 
2.560000 	 4.829477 
2.570000 	 8.212534 
2.580000 	 4.491233 
2.590000 	 6.177487 
2.600000 	 4.495087 
2.610000 	 7.754028 
2.620000 	 6.443850 
2.630000 	 8.676736 
2.640000 	 5.859758 
2.650000 	 7.640936 
2.660000 	 7.117221 
2.670000 	 6.402667 
2.680000 	 3.958140 
2.690000 	 6.944811 
2.700000 	 8.545955 
2.710000 	 5.235356 
2.720000 	 5.017225 
2.730000 	 8.710452 
2.740000 	 6.596919 
2.750000 	 5.233736 
2.760000 	 5.580825 
2.770000 	 9.372198 
2.780000 	 6.931592 
2.790000 	 8.952137 
2.800000 	 8.264926 
2.810000 	 6.624919 
2.820000 	 5.909967 
2.830000 	 9.279375 
2.840000 	 8.535434 
2.850000 	 7.816097 
2.860000 	 7.336048 
2.870000 	 7.765687 
2.880000 	 11.221465 
2.890000 	 8.209969 
2.900000 	 4.250354 
2.910000 	 7.879539 
2.920000 	 9.735033 
2.930000 	 10.952340 
2.940000 	 8.314627 
2.950000 	 10.525161 
2.960000 	 9.861100 
2.970000 	 9.174318 
2.980000 	 8.310856 
2.990000 	 8.499734 
3.000000 	 13.438928 
3.010000 	 9.902096 
3.020000 	 12.541354 
3.030000 	 11.922401 
3.040000 	 9.565795 
3.050000 	 10.899403 
3.060000 	 12.627017 
3.070000 	 12.627435 
3.080000 	 10.408671 
3.090000 	 11.499294 
3.100000 	 11.826766 
3.110000 	 9.337594 
3.120000 	 10.776827 
3.130000 	 12.909150 
3.140000 	 15.001425 
3.150000 	 11.764080 
3.160000 	 14.659350 
3.170000 	 12.924695 
3.180000 	 15.581409 
3.190000 	 13.289513 
3.200000 	 11.753079 
3.210000 	 13.833290 
3.220000 	 12.861782 
3.230000 	 13.432846 
3.240000 	 15.866877 
3.250000 	 15.015494 
3.260000 	 12.980282 
3.270000 	 15.321020 
3.280000 	 14.406472 
3.290000 	 14.166797 
3.300000 	 14.189546 
3.310000 	 13.665759 
3.320000 	 17.766009 
3.330000 	 17.159478 
3.340000 	 14.834752 
3.350000 	 15.691934 
3.360000 	 16.591082 
3.370000 	 16.728643 
3.380000 	 17.691778 
3.390000 	 17.088977 
3.400000 	 18.465721 
3.410000 	 15.349424 
3.420000 	 19.184920 
3.430000 	 16.659814 
3.440000 	 20.750388 
3.450000 	 16.612237 
3.460000 	 18.529382 
3.470000 	 19.379349 
3.480000 	 17.974880 
3.490000 	 18.201024 
3.500000 	 17.489957 
3.510000 	 22.000000 
3.520000 	 19.872352 
3.530000 	 19.147276 
3.540000 	 21.808606 
3.550000 	 20.896893 
3.560000 	 17.260061 
3.570000 	 20.703170 
3.580000 	 21.237534 
3.590000 	 18.922012 
3.600000 	 24.123172 
3.610000 	 20.395050 
3.620000 	 20.225539 
3.630000 	 22.348061 
3.640000 	 19.414088 
3.650000 	 21.523333 
3.660000 	 25.615532 
3.670000 	 23.326326 
3.680000 	 21.527099 
3.690000 	 24.994440 
3.700000 	 24.581292 
3.710000 	 23.819840 
3.720000 	 23.847587 
3.730000 	 24.247318 
3.740000 	 25.309494 
3.750000 	 25.239132 
3.760000 	 25.798572 
3.770000 	 25.655104 
3.780000 	 27.146981 
3.790000 	 26.473959 
3.800000 	 27.446448 
3.810000 	 25.247165 
3.820000 	 26.505483 
3.830000 	 30.314927 
3.840000 	 27.538439 
3.850000 	 25.990360 
3.860000 	 29.077771 
3.870000 	 26.153670 
3.880000 	 30.894472 
3.890000 	 30.870228 
3.900000 	 28.652257 
3.910000 	 28.470478 
3.920000 	 31.392536 
3.930000 	 30.729512 
3.940000 	 29.894334 
3.950000 	 29.743923 
3.960000 	 31.797326 
3.970000 	 32.084314 
3.980000 	 33.413200 
3.990000 	 34.681256 
4.000000 	 33.528896 
