-3.000000 	 -9.067727 
-2.990000 	 -11.664299 
-2.980000 	 -12.217707 
-2.970000 	 -12.297839 
-2.960000 	 -12.765474 
-2.950000 	 -13.778352 
-2.940000 	 -11.113297 
-2.930000 	 -13.136173 
-2.920000 	 -12.716153 
-2.910000 	 -9.321586 
-2.900000 	 -13.559465 
-2.890000 	 -12.206184 
-2.880000 	 -10.518261 
-2.870000 	 -12.508553 
-2.860000 	 -9.911542 
-2.850000 	 -11.155409 
-2.840000 	 -10.866695 
-2.830000 	 -11.834113 
-2.820000 	 -9.156497 
-2.810000 	 -9.344393 
-2.800000 	 -9.397522 
-2.790000 	 -11.961825 
-2.780000 	 -8.861416 
-2.770000 	 -9.749221 
-2.760000 	 -9.027555 
-2.750000 	 -11.382993 
-2.740000 	 -10.525492 
-2.730000 	 -11.518301 
-2.720000 	 -12.104576 
-2.710000 	 -10.009018 
-2.700000 	 -13.273366 
-2.690000 	 -10.801704 
-2.680000 	 -10.440422 
-2.670000 	 -8.927660 
-2.660000 	 -11.468105 
-2.650000 	 -10.218832 
-2.640000 	 -6.053294 
-2.630000 	 -13.559031 
-2.620000 	 -10.873446 
-2.610000 	 -7.197201 
-2.600000 	 -10.641357 
-2.590000 	 -6.164404 
-2.580000 	 -12.012539 
-2.570000 	 -8.206179 
-2.560000 	 -9.960134 
-2.550000 	 -8.200997 
-2.540000 	 -13.498162 
-2.530000 	 -7.782556 
-2.520000 	 -10.464250 
-2.510000 	 -11.159904 
-2.500000 	 -7.218800 
-2.490000 	 -8.422062 
-2.480000 	 -8.615703 
-2.470000 	 -10.963228 
-2.460000 	 -8.888523 
-2.450000 	 -8.319750 
-2.440000 	 -5.745407 
-2.430000 	 -9.652781 
-2.420000 	 -12.539517 
-2.410000 	 -8.544831 
-2.400000 	 -10.290029 
-2.390000 	 -7.146242 
-2.380000 	 -9.425135 
-2.370000 	 4.000000 
-2.360000 	 -9.880659 
-2.350000 	 -9.564502 
-2.340000 	 -12.392052 
-2.330000 	 -9.024070 
-2.320000 	 -9.656684 
-2.310000 	 -8.296080 
-2.300000 	 -9.346587 
-2.290000 	 -9.693635 
-2.280000 	 -7.232496 
-2.270000 	 -8.739234 
-2.260000 	 -8.097976 
-2.250000 	 -9.966782 
-2.240000 	 -6.816418 
-2.230000 	 -8.936382 
-2.220000 	 -6.866312 
-2.210000 	 -6.759107 
-2.200000 	 -7.780956 
-2.190000 	 -6.134403 
-2.180000 	 -9.101026 
-2.170000 	 -7.831026 
-2.160000 	 -8.396328 
-2.150000 	 -6.309710 
-2.140000 	 -8.981250 
-2.130000 	 -7.297081 
-2.120000 	 -4.624479 
-2.110000 	 -9.479461 
-2.100000 	 -9.590829 
-2.090000 	 -8.905317 
-2.080000 	 -5.567881 
-2.070000 	 -7.232818 
-2.060000 	 -7.297000 
-2.050000 	 -7.322853 
-2.040000 	 -5.413494 
-2.030000 	 -8.789904 
-2.020000 	 -7.500693 
-2.010000 	 -5.440490 
-2.000000 	 -8.012235 
-1.990000 	 -6.377190 
-1.980000 	 -7.237221 
-1.970000 	 -5.678691 
-1.960000 	 -5.606511 
-1.950000 	 -7.473413 
-1.940000 	 -4.494458 
-1.930000 	 -7.393023 
-1.920000 	 -4.481273 
-1.910000 	 -7.413600 
-1.900000 	 -5.427195 
-1.890000 	 -4.315958 
-1.880000 	 -6.769391 
-1.870000 	 -5.208942 
-1.860000 	 -4.667415 
-1.850000 	 -4.925500 
-1.840000 	 -6.959518 
-1.830000 	 -6.849705 
-1.820000 	 -5.611787 
-1.810000 	 -5.132842 
-1.800000 	 -5.377000 
-1.790000 	 -7.450177 
-1.780000 	 -3.060642 
-1.770000 	 -5.226660 
-1.760000 	 -7.316424 
-1.750000 	 -3.757066 
-1.740000 	 -5.197969 
-1.730000 	 -5.687508 
-1.720000 	 -3.819557 
-1.710000 	 -3.258384 
-1.700000 	 -4.661293 
-1.690000 	 -3.746221 
-1.680000 	 -5.091756 
-1.670000 	 -2.074264 
-1.660000 	 -5.112670 
-1.650000 	 -4.776818 
-1.640000 	 -4.718387 
-1.630000 	 -3.125344 
-1.620000 	 -7.354750 
-1.610000 	 -3.454038 
-1.600000 	 -6.587505 
-1.590000 	 -3.601467 
-1.580000 	 -2.529571 
-1.570000 	 -5.978567 
-1.560000 	 -5.443923 
-1.550000 	 -6.923794 
-1.540000 	 -5.543741 
-1.530000 	 -6.643890 
-1.520000 	 -3.407679 
-1.510000 	 -1.092589 
-1.500000 	 -2.335233 
-1.490000 	 -4.446579 
-1.480000 	 -3.704537 
-1.470000 	 -3.401489 
-1.460000 	 -6.848356 
-1.450000 	 -3.893890 
-1.440000 	 -5.739379 
-1.430000 	 -5.229580 
-1.420000 	 -6.976536 
-1.410000 	 -1.655977 
-1.400000 	 -3.611457 
-1.390000 	 -5.263877 
-1.380000 	 -3.077743 
-1.370000 	 -3.740269 
-1.360000 	 -4.549684 
-1.350000 	 -2.701831 
-1.340000 	 -3.777377 
-1.330000 	 -3.147931 
-1.320000 	 -5.820716 
-1.310000 	 -2.261747 
-1.300000 	 -3.211590 
-1.290000 	 -5.503068 
-1.280000 	 -4.072014 
-1.270000 	 -6.729012 
-1.260000 	 -4.651444 
-1.250000 	 -2.878494 
-1.240000 	 -4.690784 
-1.230000 	 -5.056011 
-1.220000 	 -1.909616 
-1.210000 	 -1.749414 
-1.200000 	 -0.915244 
-1.190000 	 -3.497636 
-1.180000 	 -4.671963 
-1.170000 	 -3.451922 
-1.160000 	 -1.669211 
-1.150000 	 -1.351984 
-1.140000 	 -3.885365 
-1.130000 	 -3.899805 
-1.120000 	 -1.364711 
-1.110000 	 -0.714709 
-1.100000 	 -2.974186 
-1.090000 	 -3.106961 
-1.080000 	 -4.471736 
-1.070000 	 -1.626874 
-1.060000 	 -5.489739 
-1.050000 	 -4.133474 
-1.040000 	 0.080031 
-1.030000 	 -2.202857 
-1.020000 	 -1.345169 
-1.010000 	 -3.000418 
-1.000000 	 -4.116379 
-0.990000 	 1.104310 
-0.980000 	 -3.862110 
-0.970000 	 -1.380046 
-0.960000 	 -1.466062 
-0.950000 	 -2.627552 
-0.940000 	 -3.038736 
-0.930000 	 -2.023558 
-0.920000 	 -2.163365 
-0.910000 	 -4.254331 
-0.900000 	 -2.787325 
-0.890000 	 -2.563538 
-0.880000 	 1.587231 
-0.870000 	 -1.531956 
-0.860000 	 -3.001786 
-0.850000 	 -0.300062 
-0.840000 	 1.241030 
-0.830000 	 0.810219 
-0.820000 	 -1.904443 
-0.810000 	 -0.260900 
-0.800000 	 -1.945118 
-0.790000 	 -1.274058 
-0.780000 	 -0.534326 
-0.770000 	 0.132138 
-0.760000 	 -1.686747 
-0.750000 	 -4.048361 
-0.740000 	 -1.503251 
-0.730000 	 -1.433035 
-0.720000 	 -1.204516 
-0.710000 	 -3.692000 
-0.700000 	 -2.025506 
-0.690000 	 -5.273937 
-0.680000 	 -0.073805 
-0.670000 	 -0.444340 
-0.660000 	 -1.099072 
-0.650000 	 -2.046850 
-0.640000 	 -2.138502 
-0.630000 	 0.722386 
-0.620000 	 0.662311 
-0.610000 	 0.363928 
-0.600000 	 0.090528 
-0.590000 	 -1.852817 
-0.580000 	 1.670213 
-0.570000 	 -4.260434 
-0.560000 	 0.159799 
-0.550000 	 0.460502 
-0.540000 	 -1.174825 
-0.530000 	 -0.414915 
-0.520000 	 1.085721 
-0.510000 	 0.004494 
-0.500000 	 3.645201 
-0.490000 	 -0.301832 
-0.480000 	 -0.638261 
-0.470000 	 0.381025 
-0.460000 	 -2.145728 
-0.450000 	 -2.146812 
-0.440000 	 -2.571384 
-0.430000 	 -0.926118 
-0.420000 	 0.309438 
-0.410000 	 -0.412559 
-0.400000 	 -2.792687 
-0.390000 	 -2.922026 
-0.380000 	 -1.923820 
-0.370000 	 -0.979966 
-0.360000 	 0.052792 
-0.350000 	 1.715757 
-0.340000 	 -1.300073 
-0.330000 	 -2.714258 
-0.320000 	 -1.517710 
-0.310000 	 1.008124 
-0.300000 	 -1.030202 
-0.290000 	 0.775662 
-0.280000 	 -2.683360 
-0.270000 	 2.006760 
-0.260000 	 -0.026468 
-0.250000 	 0.389297 
-0.240000 	 0.189178 
-0.230000 	 -0.260762 
-0.220000 	 -2.360521 
-0.210000 	 -2.704465 
-0.200000 	 -0.690287 
-0.190000 	 0.536725 
-0.180000 	 -0.410525 
-0.170000 	 -2.419468 
-0.160000 	 2.566735 
-0.150000 	 -1.936591 
-0.140000 	 -2.125522 
-0.130000 	 -1.699724 
-0.120000 	 1.972784 
-0.110000 	 0.347740 
-0.100000 	 -2.403039 
-0.090000 	 0.923653 
-0.080000 	 -1.883185 
-0.070000 	 2.096136 
-0.060000 	 -0.275595 
-0.050000 	 0.102050 
-0.040000 	 1.967861 
-0.030000 	 1.127463 
-0.020000 	 1.551175 
-0.010000 	 -0.955251 
0.000000 	 0.355788 
0.010000 	 -1.864806 
0.020000 	 -0.471480 
0.030000 	 -2.770901 
0.040000 	 -0.528134 
0.050000 	 0.919962 
0.060000 	 0.037479 
0.070000 	 1.038712 
0.080000 	 0.972609 
0.090000 	 1.156809 
0.100000 	 0.854832 
0.110000 	 -1.183235 
0.120000 	 -2.038849 
0.130000 	 -0.553376 
0.140000 	 0.365269 
0.150000 	 -0.464413 
0.160000 	 0.114737 
0.170000 	 -1.691995 
0.180000 	 0.797190 
0.190000 	 -1.342869 
0.200000 	 -0.494836 
0.210000 	 0.390188 
0.220000 	 1.136466 
0.230000 	 1.424256 
0.240000 	 0.155164 
0.250000 	 -1.494107 
0.260000 	 0.130694 
0.270000 	 1.315689 
0.280000 	 0.617283 
0.290000 	 -1.158534 
0.300000 	 0.745077 
0.310000 	 2.925743 
0.320000 	 -2.090702 
0.330000 	 -0.980590 
0.340000 	 -1.991093 
0.350000 	 0.055057 
0.360000 	 -1.584145 
0.370000 	 -1.050778 
0.380000 	 2.735878 
0.390000 	 -0.021962 
0.400000 	 -1.324877 
0.410000 	 -0.295821 
0.420000 	 1.377033 
0.430000 	 -0.405397 
0.440000 	 -0.352180 
0.450000 	 1.768211 
0.460000 	 1.532083 
0.470000 	 3.016883 
0.480000 	 3.209444 
0.490000 	 0.253164 
0.500000 	 -1.562698 
0.510000 	 3.480837 
0.520000 	 -1.832827 
0.530000 	 1.453149 
0.540000 	 -0.648165 
0.550000 	 -1.464343 
0.560000 	 1.740807 
0.570000 	 0.360869 
0.580000 	 3.522014 
0.590000 	 3.344114 
0.600000 	 -0.544207 
0.610000 	 0.515781 
0.620000 	 0.573605 
0.630000 	 2.236939 
0.640000 	 -0.446605 
0.650000 	 -0.929645 
0.660000 	 -0.395615 
0.670000 	 -1.155139 
0.680000 	 -5.155203 
0.690000 	 0.735568 
0.700000 	 -0.255220 
0.710000 	 -0.627572 
0.720000 	 -0.285029 
0.730000 	 2.398738 
0.740000 	 -1.688264 
0.750000 	 3.058723 
0.760000 	 4.007448 
0.770000 	 0.356109 
0.780000 	 -0.058857 
0.790000 	 -0.867594 
0.800000 	 2.327887 
0.810000 	 -0.032065 
0.820000 	 -0.657406 
0.830000 	 0.209077 
0.840000 	 -0.554890 
0.850000 	 0.170849 
0.860000 	 -1.412991 
0.870000 	 1.066607 
0.880000 	 -1.493599 
0.890000 	 -0.922347 
0.900000 	 1.262972 
0.910000 	 2.754555 
0.920000 	 2.336061 
0.930000 	 0.640190 
0.940000 	 0.276733 
0.950000 	 1.178733 
0.960000 	 -0.401906 
0.970000 	 -2.947333 
0.980000 	 1.695407 
0.990000 	 -1.248777 
1.000000 	 2.065624 
1.010000 	 2.094621 
1.020000 	 -0.537297 
1.030000 	 0.048227 
1.040000 	 2.468247 
1.050000 	 -0.404750 
1.060000 	 0.451566 
1.070000 	 0.511657 
1.080000 	 1.474240 
1.090000 	 0.076072 
1.100000 	 2.080348 
1.110000 	 -0.660989 
1.120000 	 -1.534265 
1.130000 	 0.071231 
1.140000 	 1.026962 
1.150000 	 -0.185541 
1.160000 	 -1.845638 
1.170000 	 0.227117 
1.180000 	 1.441050 
1.190000 	 -1.782375 
1.200000 	 0.632883 
1.210000 	 2.616435 
1.220000 	 3.133974 
1.230000 	 0.243889 
1.240000 	 2.018333 
1.250000 	 3.277212 
1.260000 	 2.293183 
1.270000 	 0.129206 
1.280000 	 -0.963109 
1.290000 	 -0.270656 
1.300000 	 0.322463 
1.310000 	 4.495901 
1.320000 	 -0.180539 
1.330000 	 2.013300 
1.340000 	 1.549116 
1.350000 	 -0.174549 
1.360000 	 2.457225 
1.370000 	 5.095773 
1.380000 	 -2.520657 
1.390000 	 1.874243 
1.400000 	 -1.612364 
1.410000 	 -1.397423 
1.420000 	 0.111923 
1.430000 	 1.544195 
1.440000 	 1.267926 
1.450000 	 2.700175 
1.460000 	 0.497850 
1.470000 	 1.383915 
1.480000 	 2.223506 
1.490000 	 1.563835 
1.500000 	 0.661567 
1.510000 	 2.991200 
1.520000 	 -1.350313 
1.530000 	 0.528619 
1.540000 	 2.293132 
1.550000 	 -0.361456 
1.560000 	 -0.987227 
1.570000 	 -0.753693 
1.580000 	 3.055536 
1.590000 	 2.394944 
1.600000 	 -0.134822 
1.610000 	 -1.941143 
1.620000 	 2.960120 
1.630000 	 1.056755 
1.640000 	 0.528012 
1.650000 	 1.906022 
1.660000 	 0.654304 
1.670000 	 -0.170985 
1.680000 	 3.101912 
1.690000 	 1.125408 
1.700000 	 0.027228 
1.710000 	 5.501620 
1.720000 	 -2.229072 
1.730000 	 -0.226160 
1.740000 	 3.407583 
1.750000 	 -0.581103 
1.760000 	 2.004311 
1.770000 	 2.364637 
1.780000 	 0.825674 
1.790000 	 0.321944 
1.800000 	 -0.895428 
1.810000 	 0.225279 
1.820000 	 1.073039 
1.830000 	 2.261275 
1.840000 	 1.774261 
1.850000 	 1.856362 
1.860000 	 0.874307 
1.870000 	 -1.083846 
1.880000 	 1.708705 
1.890000 	 2.169821 
1.900000 	 1.307821 
1.910000 	 2.114393 
1.920000 	 0.675672 
1.930000 	 1.761913 
1.940000 	 1.837601 
1.950000 	 -1.627429 
1.960000 	 1.855611 
1.970000 	 0.722421 
1.980000 	 0.185853 
1.990000 	 0.637365 
2.000000 	 1.623062 
2.010000 	 4.797494 
2.020000 	 5.023166 
2.030000 	 2.143390 
2.040000 	 3.188687 
2.050000 	 1.494378 
2.060000 	 4.321093 
2.070000 	 0.947093 
2.080000 	 -1.229994 
2.090000 	 0.717617 
2.100000 	 -1.181070 
2.110000 	 2.061962 
2.120000 	 1.398906 
2.130000 	 4.427888 
2.140000 	 3.147925 
2.150000 	 4.205159 
2.160000 	 0.842549 
2.170000 	 3.363290 
2.180000 	 1.646406 
2.190000 	 3.198412 
2.200000 	 2.938189 
2.210000 	 2.490205 
2.220000 	 4.290981 
2.230000 	 2.173610 
2.240000 	 4.314595 
2.250000 	 -1.731889 
2.260000 	 4.296694 
2.270000 	 4.093601 
2.280000 	 1.793504 
2.290000 	 5.557962 
2.300000 	 4.293438 
2.310000 	 3.842664 
2.320000 	 3.825712 
2.330000 	 2.243592 
2.340000 	 5.880302 
2.350000 	 3.745713 
2.360000 	 2.385437 
2.370000 	 3.709419 
2.380000 	 3.706863 
2.390000 	 2.537007 
2.400000 	 2.963934 
2.410000 	 4.959459 
2.420000 	 7.039635 
2.430000 	 5.739113 
2.440000 	 4.283918 
2.450000 	 5.733013 
2.460000 	 6.157598 
2.470000 	 4.690082 
2.480000 	 6.983062 
2.490000 	 4.769166 
2.500000 	 3.401493 
2.510000 	 3.328107 
2.520000 	 5.702058 
2.530000 	 8.639093 
2.540000 	 5.784360 
2.550000 	 6.352484 
2.560000 	 7.244112 
2.570000 	 8.198093 
2.580000 	 5.782316 
2.590000 	 9.225536 
2.600000 	 5.509298 
2.610000 	 5.600454 
2.620000 	 5.693996 
2.630000 	 8.118096 
2.640000 	 6.842972 
2.650000 	 7.566713 
2.660000 	 5.582230 
2.670000 	 6.565312 
2.680000 	 5.366246 
2.690000 	 10.301107 
2.700000 	 7.396777 
2.710000 	 5.249682 
2.720000 	 6.597357 
2.730000 	 7.651433 
2.740000 	 6.680253 
2.750000 	 4.923341 
2.760000 	 7.464733 
2.770000 	 8.074885 
2.780000 	 6.201413 
2.790000 	 6.259003 
2.800000 	 9.635540 
2.810000 	 6.604382 
2.820000 	 8.683904 
2.830000 	 6.485512 
2.840000 	 5.901636 
2.850000 	 7.854159 
2.860000 	 5.042226 
2.870000 	 8.580573 
2.880000 	 9.524167 
2.890000 	 10.036879 
2.900000 	 9.603080 
2.910000 	 8.885860 
2.920000 	 9.799038 
2.930000 	 9.038931 
2.940000 	 8.717913 
2.950000 	 10.169068 
2.960000 	 11.553348 
2.970000 	 10.284049 
2.980000 	 6.725580 
2.990000 	 12.197990 
3.000000 	 11.841634 
3.010000 	 11.281330 
3.020000 	 11.766693 
3.030000 	 9.047509 
3.040000 	 11.409886 
3.050000 	 10.995107 
3.060000 	 8.937678 
3.070000 	 11.692475 
3.080000 	 15.109312 
3.090000 	 14.987070 
3.100000 	 14.069455 
3.110000 	 13.313143 
3.120000 	 12.185116 
3.130000 	 15.034383 
3.140000 	 9.597984 
3.150000 	 10.812013 
3.160000 	 12.945831 
3.170000 	 13.925783 
3.180000 	 12.744886 
3.190000 	 14.993072 
3.200000 	 12.191707 
3.210000 	 13.276805 
3.220000 	 14.323436 
3.230000 	 15.935556 
3.240000 	 12.668296 
3.250000 	 14.838106 
3.260000 	 14.350144 
3.270000 	 14.508299 
3.280000 	 14.332001 
3.290000 	 14.966423 
3.300000 	 18.074261 
3.310000 	 17.032754 
3.320000 	 15.303756 
3.330000 	 16.290938 
3.340000 	 17.009279 
3.350000 	 15.561490 
3.360000 	 16.143286 
3.370000 	 14.525087 
3.380000 	 18.250114 
3.390000 	 18.736118 
3.400000 	 16.621679 
3.410000 	 15.700263 
3.420000 	 18.227646 
3.430000 	 31.000000 
3.440000 	 20.613443 
3.450000 	 19.092136 
3.460000 	 17.579542 
3.470000 	 16.704358 
3.480000 	 19.489627 
3.490000 	 20.147766 
3.500000 	 17.865634 
3.510000 	 21.392919 
3.520000 	 17.251570 
3.530000 	 19.621296 
3.540000 	 17.870192 
3.550000 	 21.745563 
3.560000 	 21.518429 
3.570000 	 21.373782 
3.580000 	 21.815838 
3.590000 	 23.538966 
3.600000 	 22.746265 
3.610000 	 19.790718 
3.620000 	 22.583520 
3.630000 	 24.031980 
3.640000 	 21.090312 
3.650000 	 21.136658 
3.660000 	 23.864859 
3.670000 	 23.311840 
3.680000 	 21.822355 
3.690000 	 22.047185 
3.700000 	 25.552857 
3.710000 	 26.851642 
3.720000 	 26.344018 
3.730000 	 23.151677 
3.740000 	 25.767398 
3.750000 	 25.854418 
3.760000 	 25.843098 
3.770000 	 25.722578 
3.780000 	 23.594011 
3.790000 	 29.224331 
3.800000 	 27.249105 
3.810000 	 25.108340 
3.820000 	 26.959181 
3.830000 	 26.056524 
3.840000 	 29.194782 
3.850000 	 25.858981 
3.860000 	 28.067670 
3.870000 	 29.424335 
3.880000 	 29.195280 
3.890000 	 32.704947 
3.900000 	 27.875709 
3.910000 	 30.781216 
3.920000 	 31.342474 
3.930000 	 27.855674 
3.940000 	 30.323705 
3.950000 	 33.603845 
3.960000 	 32.985738 
3.970000 	 33.002364 
3.980000 	 33.368159 
3.990000 	 33.401820 
4.000000 	 34.664466 
