-3.000000 	 -13.668257 
-2.990000 	 -11.146681 
-2.980000 	 -12.238527 
-2.970000 	 -11.429038 
-2.960000 	 -9.136179 
-2.950000 	 -13.464378 
-2.940000 	 -11.308941 
-2.930000 	 -12.094589 
-2.920000 	 -11.768869 
-2.910000 	 -12.695080 
-2.900000 	 -11.062998 
-2.890000 	 -14.409834 
-2.880000 	 -12.497666 
-2.870000 	 -14.709955 
-2.860000 	 -12.103592 
-2.850000 	 -10.717748 
-2.840000 	 -9.182913 
-2.830000 	 -11.096220 
-2.820000 	 -11.333584 
-2.810000 	 -13.766372 
-2.800000 	 -9.011307 
-2.790000 	 -13.113584 
-2.780000 	 -11.566921 
-2.770000 	 -10.905666 
-2.760000 	 -9.727748 
-2.750000 	 -9.489999 
-2.740000 	 -10.483491 
-2.730000 	 -7.924671 
-2.720000 	 -10.635029 
-2.710000 	 -11.078082 
-2.700000 	 -9.864732 
-2.690000 	 -8.217291 
-2.680000 	 -9.272384 
-2.670000 	 -7.886156 
-2.660000 	 -9.172646 
-2.650000 	 -13.052538 
-2.640000 	 -11.467183 
-2.630000 	 -10.134910 
-2.620000 	 -8.049559 
-2.610000 	 -10.836469 
-2.600000 	 -11.059721 
-2.590000 	 -9.831535 
-2.580000 	 -9.551235 
-2.570000 	 -10.129348 
-2.560000 	 -10.188416 
-2.550000 	 -8.302913 
-2.540000 	 -8.943195 
-2.530000 	 -9.173614 
-2.520000 	 -10.027675 
-2.510000 	 -11.576099 
-2.500000 	 -11.627696 
-2.490000 	 -11.352224 
-2.480000 	 -8.861129 
-2.470000 	 -10.761632 
-2.460000 	 -11.079893 
-2.450000 	 -11.494727 
-2.440000 	 -7.219864 
-2.430000 	 -7.759783 
-2.420000 	 -7.016509 
-2.410000 	 -8.711238 
-2.400000 	 -11.665419 
-2.390000 	 -8.659743 
-2.380000 	 -9.461670 
-2.370000 	 -9.370312 
-2.360000 	 -7.954319 
-2.350000 	 -6.162436 
-2.340000 	 -12.216097 
-2.330000 	 -9.967807 
-2.320000 	 -7.045080 
-2.310000 	 -8.098380 
-2.300000 	 -10.220898 
-2.290000 	 -8.912385 
-2.280000 	 -6.679257 
-2.270000 	 -9.503071 
-2.260000 	 -9.160303 
-2.250000 	 -9.484244 
-2.240000 	 -7.328314 
-2.230000 	 -5.751713 
-2.220000 	 -8.253643 
-2.210000 	 -6.359446 
-2.200000 	 -10.308280 
-2.190000 	 -6.056307 
-2.180000 	 -8.227856 
-2.170000 	 -7.541792 
-2.160000 	 -6.094641 
-2.150000 	 -8.718367 
-2.140000 	 -9.980460 
-2.130000 	 -7.110713 
-2.120000 	 -4.617380 
-2.110000 	 -6.530585 
-2.100000 	 -5.587459 
-2.090000 	 -7.230578 
-2.080000 	 -7.023241 
-2.070000 	 -8.297289 
-2.060000 	 -6.998411 
-2.050000 	 -8.924495 
-2.040000 	 -7.514430 
-2.030000 	 -6.993599 
-2.020000 	 -7.564258 
-2.010000 	 -8.384990 
-2.000000 	 -6.473404 
-1.990000 	 -6.896630 
-1.980000 	 -5.666386 
-1.970000 	 -6.760149 
-1.960000 	 -7.745417 
-1.950000 	 -8.388910 
-1.940000 	 -7.494836 
-1.930000 	 -5.921581 
-1.920000 	 -5.979848 
-1.910000 	 -3.106528 
-1.900000 	 -6.611726 
-1.890000 	 -7.760317 
-1.880000 	 -3.060787 
-1.870000 	 -6.854306 
-1.860000 	 -3.205002 
-1.850000 	 -1.659955 
-1.840000 	 -4.819891 
-1.830000 	 -6.075110 
-1.820000 	 -6.179417 
-1.810000 	 -4.513517 
-1.800000 	 -5.418882 
-1.790000 	 -3.945305 
-1.780000 	 -3.989517 
-1.770000 	 -5.716858 
-1.760000 	 -5.000872 
-1.750000 	 -3.407977 
-1.740000 	 -7.244907 
-1.730000 	 -6.969178 
-1.720000 	 -5.289478 
-1.710000 	 -2.770445 
-1.700000 	 -6.277047 
-1.690000 	 -0.199899 
-1.680000 	 -3.605562 
-1.670000 	 -6.423036 
-1.660000 	 -4.999541 
-1.650000 	 -6.804734 
-1.640000 	 -2.880763 
-1.630000 	 -4.987356 
-1.620000 	 -1.768906 
-1.610000 	 -4.467047 
-1.600000 	 -4.780892 
-1.590000 	 -4.883248 
-1.580000 	 -6.843250 
-1.570000 	 -3.787428 
-1.560000 	 -4.408589 
-1.550000 	 -3.916011 
-1.540000 	 -8.660533 
-1.530000 	 -5.471793 
-1.520000 	 -5.239795 
-1.510000 	 -1.971378 
-1.500000 	 -2.998178 
-1.490000 	 -2.611993 
-1.480000 	 -5.756201 
-1.470000 	 -4.509468 
-1.460000 	 -4.085780 
-1.450000 	 -5.139459 
-1.440000 	 -1.198588 
-1.430000 	 -4.192484 
-1.420000 	 -4.318294 
-1.410000 	 -4.686026 
-1.400000 	 -2.658797 
-1.390000 	 -3.641459 
-1.380000 	 -6.625765 
-1.370000 	 -3.513101 
-1.360000 	 -3.377206 
-1.350000 	 -1.827889 
-1.340000 	 -3.842654 
-1.330000 	 -4.114135 
-1.320000 	 -0.758746 
-1.310000 	 -4.623151 
-1.300000 	 -3.399146 
-1.290000 	 -2.817143 
-1.280000 	 -1.976581 
-1.270000 	 -4.151770 
-1.260000 	 -0.627687 
-1.250000 	 -4.943441 
-1.240000 	 -4.544331 
-1.230000 	 -5.597955 
-1.220000 	 -1.139646 
-1.210000 	 -2.960709 
-1.200000 	 -3.496663 
-1.190000 	 -4.104774 
-1.180000 	 -2.884769 
-1.170000 	 -2.734755 
-1.160000 	 -2.354571 
-1.150000 	 -1.198897 
-1.140000 	 -5.303594 
-1.130000 	 -3.419525 
-1.120000 	 -0.169033 
-1.110000 	 -2.973231 
-1.100000 	 -5.315582 
-1.090000 	 -4.468074 
-1.080000 	 -3.972709 
-1.070000 	 -1.440312 
-1.060000 	 -1.724631 
-1.050000 	 -1.080680 
-1.040000 	 -1.435226 
-1.030000 	 -2.634164 
-1.020000 	 -2.406520 
-1.010000 	 -2.761273 
-1.000000 	 -0.916502 
-0.990000 	 0.505850 
-0.980000 	 -1.441963 
-0.970000 	 -3.278553 
-0.960000 	 -1.300537 
-0.950000 	 -1.449773 
-0.940000 	 -0.274154 
-0.930000 	 -3.953728 
-0.920000 	 -2.104268 
-0.910000 	 -1.349051 
-0.900000 	 -3.566825 
-0.890000 	 -0.926141 
-0.880000 	 -4.665698 
-0.870000 	 -4.055408 
-0.860000 	 -0.778320 
-0.850000 	 -1.405397 
-0.840000 	 -1.660090 
-0.830000 	 -0.275164 
-0.820000 	 -2.993348 
-0.810000 	 0.410672 
-0.800000 	 -0.685879 
-0.790000 	 -1.254035 
-0.780000 	 -3.553829 
-0.770000 	 -2.207818 
-0.760000 	 0.470518 
-0.750000 	 -2.126789 
-0.740000 	 -2.439075 
-0.730000 	 -0.407223 
-0.720000 	 -2.641922 
-0.710000 	 -0.650852 
-0.700000 	 0.081899 
-0.690000 	 -3.160241 
-0.680000 	 -0.952348 
-0.670000 	 -2.634048 
-0.660000 	 -0.349371 
-0.650000 	 -1.408720 
-0.640000 	 -0.085489 
-0.630000 	 -1.643374 
-0.620000 	 -1.323564 
-0.610000 	 -0.421340 
-0.600000 	 -0.233386 
-0.590000 	 -2.213019 
-0.580000 	 -1.582232 
-0.570000 	 -1.798235 
-0.560000 	 -0.400302 
-0.550000 	 -0.693726 
-0.540000 	 -4.166237 
-0.530000 	 -3.124387 
-0.520000 	 0.740044 
-0.510000 	 -2.829660 
-0.500000 	 0.403948 
-0.490000 	 0.759803 
-0.480000 	 0.272877 
-0.470000 	 2.318541 
-0.460000 	 -0.843518 
-0.450000 	 -1.184333 
-0.440000 	 -1.773624 
-0.430000 	 -2.287006 
-0.420000 	 -1.866448 
-0.410000 	 -1.886235 
-0.400000 	 -1.787199 
-0.390000 	 -2.878546 
-0.380000 	 -0.977366 
-0.370000 	 -0.475425 
-0.360000 	 -0.990499 
-0.350000 	 0.530662 
-0.340000 	 -3.678552 
-0.330000 	 -1.372906 
-0.320000 	 -0.980935 
-0.310000 	 -0.331267 
-0.300000 	 -2.321804 
-0.290000 	 -1.999402 
-0.280000 	 -0.398409 
-0.270000 	 1.437554 
-0.260000 	 -1.749735 
-0.250000 	 -2.771294 
-0.240000 	 -0.311571 
-0.230000 	 -0.043944 
-0.220000 	 2.236637 
-0.210000 	 -0.439692 
-0.200000 	 0.133347 
-0.190000 	 -0.885339 
-0.180000 	 2.692785 
-0.170000 	 1.543525 
-0.160000 	 2.572239 
-0.150000 	 33.000000 
-0.140000 	 1.071691 
-0.130000 	 -0.719902 
-0.120000 	 0.075534 
-0.110000 	 -0.586326 
-0.100000 	 -0.755360 
-0.090000 	 -2.846969 
-0.080000 	 -2.348183 
-0.070000 	 1.620762 
-0.060000 	 3.216166 
-0.050000 	 -0.086375 
-0.040000 	 0.892120 
-0.030000 	 -0.939882 
-0.020000 	 1.800303 
-0.010000 	 -0.615905 
0.000000 	 1.622184 
0.010000 	 -1.949055 
0.020000 	 -3.082217 
0.030000 	 -3.021241 
0.040000 	 4.865175 
0.050000 	 1.052447 
0.060000 	 1.656823 
0.070000 	 -1.064605 
0.080000 	 -0.616629 
0.090000 	 -0.008063 
0.100000 	 -1.654326 
0.110000 	 -0.467741 
0.120000 	 1.609551 
0.130000 	 0.016406 
0.140000 	 -0.634377 
0.150000 	 1.962648 
0.160000 	 -0.021058 
0.170000 	 0.679735 
0.180000 	 -0.434390 
0.190000 	 -0.235370 
0.200000 	 -0.032225 
0.210000 	 2.140522 
0.220000 	 -1.136568 
0.230000 	 -1.425467 
0.240000 	 1.824082 
0.250000 	 -2.615036 
0.260000 	 2.173519 
0.270000 	 0.056724 
0.280000 	 -1.906767 
0.290000 	 -0.687578 
0.300000 	 -1.679614 
0.310000 	 -0.790028 
0.320000 	 -1.626644 
0.330000 	 0.400155 
0.340000 	 0.408502 
0.350000 	 -3.842116 
0.360000 	 4.050672 
0.370000 	 -1.675419 
0.380000 	 2.892774 
0.390000 	 0.902703 
0.400000 	 0.834215 
0.410000 	 -0.424320 
0.420000 	 3.366072 
0.430000 	 -0.103776 
0.440000 	 -2.460493 
0.450000 	 2.926472 
0.460000 	 -0.162419 
0.470000 	 0.379017 
0.480000 	 1.671465 
0.490000 	 2.612896 
0.500000 	 1.763127 
0.510000 	 2.118084 
0.520000 	 0.190913 
0.530000 	 3.195649 
0.540000 	 -1.094286 
0.550000 	 -1.122325 
0.560000 	 -0.138051 
0.570000 	 -1.681175 
0.580000 	 -0.121820 
0.590000 	 -0.706712 
0.600000 	 -1.109806 
0.610000 	 0.310916 
0.620000 	 -2.777303 
0.630000 	 -0.660454 
0.640000 	 1.543073 
0.650000 	 1.050643 
0.660000 	 -0.422488 
0.670000 	 2.073820 
0.680000 	 -0.811785 
0.690000 	 -1.571060 
0.700000 	 1.637942 
0.710000 	 -2.340076 
0.720000 	 0.274735 
0.730000 	 -1.226332 
0.740000 	 0.708013 
0.750000 	 1.273471 
0.760000 	 2.349739 
0.770000 	 1.725561 
0.780000 	 1.621945 
0.790000 	 1.109252 
0.800000 	 -0.677319 
0.810000 	 0.237236 
0.820000 	 1.469760 
0.830000 	 -0.864439 
0.840000 	 0.359652 
0.850000 	 -0.858432 
0.860000 	 1.187326 
0.870000 	 -1.665284 
0.880000 	 -2.692102 
0.890000 	 2.908527 
0.900000 	 0.158761 
0.910000 	 -0.598985 
0.920000 	 1.431646 
0.930000 	 -0.689155 
0.940000 	 -1.652598 
0.950000 	 -0.682945 
0.960000 	 1.019808 
0.970000 	 1.600471 
0.980000 	 -1.942989 
0.990000 	 -1.377946 
1.000000 	 1.327957 
1.010000 	 0.418650 
1.020000 	 2.562399 
1.030000 	 1.866250 
1.040000 	 -0.481213 
1.050000 	 1.210460 
1.060000 	 -0.117630 
1.070000 	 0.425597 
1.080000 	 0.272815 
1.090000 	 1.454022 
1.100000 	 1.020981 
1.110000 	 2.095422 
1.120000 	 1.933683 
1.130000 	 -0.181530 
1.140000 	 -1.060257 
1.150000 	 0.033878 
1.160000 	 -0.966461 
1.170000 	 0.979664 
1.180000 	 0.535874 
1.190000 	 2.188769 
1.200000 	 1.436494 
1.210000 	 0.749587 
1.220000 	 2.268360 
1.230000 	 0.713197 
1.240000 	 0.016239 
1.250000 	 1.764509 
1.260000 	 1.052282 
1.270000 	 0.766205 
1.280000 	 -1.104460 
1.290000 	 3.961543 
1.300000 	 0.161300 
1.310000 	 -2.116006 
1.320000 	 -2.589019 
1.330000 	 2.091102 
1.340000 	 0.261235 
1.350000 	 3.824185 
1.360000 	 0.958111 
1.370000 	 3.011343 
1.380000 	 0.000000 
1.390000 	 -1.611869 
1.400000 	 1.319135 
1.410000 	 0.725762 
1.420000 	 1.993707 
1.430000 	 -1.077860 
1.440000 	 0.315355 
1.450000 	 -0.649510 
1.460000 	 -1.057097 
1.470000 	 1.769632 
1.480000 	 0.869023 
1.490000 	 0.734181 
1.500000 	 1.266109 
1.510000 	 -1.094488 
1.520000 	 1.199199 
1.530000 	 0.138409 
1.540000 	 4.174405 
1.550000 	 3.224849 
1.560000 	 0.756509 
1.570000 	 -0.478901 
1.580000 	 0.133517 
1.590000 	 1.176324 
1.600000 	 0.980995 
1.610000 	 -1.880794 
1.620000 	 -1.823135 
1.630000 	 1.307867 
1.640000 	 0.434792 
1.650000 	 1.899800 
1.660000 	 -0.415087 
1.670000 	 3.456861 
1.680000 	 3.597990 
1.690000 	 2.776069 
1.700000 	 2.633624 
1.710000 	 2.517472 
1.720000 	 0.293390 
1.730000 	 1.974695 
1.740000 	 4.346465 
1.750000 	 -0.038377 
1.760000 	 0.831192 
1.770000 	 2.332769 
1.780000 	 2.120511 
1.790000 	 0.448484 
1.800000 	 1.638255 
1.810000 	 1.556796 
1.820000 	 3.684432 
1.830000 	 2.329390 
1.840000 	 -0.203311 
1.850000 	 3.937520 
1.860000 	 -0.885065 
1.870000 	 2.166231 
1.880000 	 3.209646 
1.890000 	 1.603581 
1.900000 	 -0.019215 
1.910000 	 1.870224 
1.920000 	 -0.522283 
1.930000 	 2.358273 
1.940000 	 -0.068876 
1.950000 	 3.867148 
1.960000 	 3.979180 
1.970000 	 0.822562 
1.980000 	 3.456819 
1.990000 	 2.162682 
2.000000 	 1.312416 
2.010000 	 3.222584 
2.020000 	 2.683342 
2.030000 	 -1.422855 
2.040000 	 0.524923 
2.050000 	 2.901651 
2.060000 	 4.327236 
2.070000 	 -0.234976 
2.080000 	 4.412855 
2.090000 	 2.957453 
2.100000 	 2.442743 
2.110000 	 3.429354 
2.120000 	 1.144921 
2.130000 	 2.135299 
2.140000 	 0.452662 
2.150000 	 0.047444 
2.160000 	 2.928367 
2.170000 	 2.679264 
2.180000 	 1.678628 
2.190000 	 2.262811 
2.200000 	 2.372524 
2.210000 	 2.504910 
2.220000 	 1.073025 
2.230000 	 3.230472 
2.240000 	 2.603586 
2.250000 	 1.463156 
2.260000 	 -0.027089 
2.270000 	 1.170899 
2.280000 	 2.964435 
2.290000 	 3.092242 
2.300000 	 2.826531 
2.310000 	 3.482828 
2.320000 	 4.509414 
2.330000 	 3.839732 
2.340000 	 5.278113 
2.350000 	 2.652847 
2.360000 	 2.274441 
2.370000 	 2.703178 
2.380000 	 3.386590 
2.390000 	 4.399616 
2.400000 	 5.005611 
2.410000 	 3.832562 
2.420000 	 3.609360 
2.430000 	 3.380252 
2.440000 	 3.909333 
2.450000 	 5.565263 
2.460000 	 5.313976 
2.470000 	 6.155024 
2.480000 	 1.534059 
2.490000 	 5.731698 
2.500000 	 7.724174 
2.510000 	 3.838206 
2.520000 	 3.770552 
2.530000 	 6.918627 
2.540000 	 7.485669 
2.550000 	 5.109356 
2.560000 	 4.680002 
2.570000 	 4.480921 
2.580000 	 5.107905 
2.590000 	 4.724279 
2.600000 	 6.038403 
2.610000 	 1.049032 
2.620000 	 6.710030 
2.630000 	 8.276710 
2.640000 	 5.493896 
2.650000 	 3.190847 
2.660000 	 5.129155 
2.670000 	 3.990321 
2.680000 	 5.948040 
2.690000 	 4.191909 
2.700000 	 9.032745 
2.710000 	 5.857276 
2.720000 	 7.340842 
2.730000 	 7.480831 
2.740000 	 5.257413 
2.750000 	 8.682657 
2.760000 	 7.040364 
2.770000 	 8.512524 
2.780000 	 8.269111 
2.790000 	 7.135563 
2.800000 	 3.977317 
2.810000 	 9.337453 
2.820000 	 4.864470 
2.830000 	 5.658675 
2.840000 	 8.611773 
2.850000 	 10.497162 
2.860000 	 9.243342 
2.870000 	 5.545495 
2.880000 	 10.257840 
2.890000 	 4.587627 
2.900000 	 7.549858 
2.910000 	 8.789130 
2.920000 	 9.759911 
2.930000 	 10.948923 
2.940000 	 13.251965 
2.950000 	 7.633880 
2.960000 	 10.682147 
2.970000 	 11.447734 
2.980000 	 10.253547 
2.990000 	 12.036408 
3.000000 	 10.854296 
3.010000 	 14.363252 
3.020000 	 9.769146 
3.030000 	 10.609230 
3.040000 	 14.548513 
3.050000 	 12.455514 
3.060000 	 10.291725 
3.070000 	 9.779407 
3.080000 	 10.794593 
3.090000 	 10.513673 
3.100000 	 10.923011 
3.110000 	 10.951290 
3.120000 	 13.180551 
3.130000 	 10.863034 
3.140000 	 11.052637 
3.150000 	 11.958025 
3.160000 	 10.455130 
3.170000 	 12.951571 
3.180000 	 13.828393 
3.190000 	 10.574249 
3.200000 	 10.363776 
3.210000 	 14.197861 
3.220000 	 12.993103 
3.230000 	 12.537689 
3.240000 	 14.568389 
3.250000 	 12.665782 
3.260000 	 14.135809 
3.270000 	 14.652308 
3.280000 	 14.884281 
3.290000 	 15.763236 
3.300000 	 15.203840 
3.310000 	 17.731175 
3.320000 	 14.595487 
3.330000 	 14.950379 
3.340000 	 16.172196 
3.350000 	 16.431414 
3.360000 	 13.280740 
3.370000 	 16.946798 
3.380000 	 16.337139 
3.390000 	 16.692490 
3.400000 	 16.569625 
3.410000 	 17.405254 
3.420000 	 16.605008 
3.430000 	 15.556928 
3.440000 	 17.369136 
3.450000 	 18.318231 
3.460000 	 20.544513 
3.470000 	 18.821150 
3.480000 	 17.863674 
3.490000 	 19.002047 
3.500000 	 19.970272 
3.510000 	 23.402944 
3.520000 	 22.161565 
3.530000 	 17.477901 
3.540000 	 19.875222 
3.550000 	 19.927079 
3.560000 	 21.784640 
3.570000 	 21.673629 
3.580000 	 20.733272 
3.590000 	 22.103030 
3.600000 	 20.681931 
3.610000 	 22.085418 
3.620000 	 24.526072 
3.630000 	 24.196153 
3.640000 	 21.419105 
3.650000 	 19.127082 
3.660000 	 22.798351 
3.670000 	 24.931520 
3.680000 	 23.721042 
3.690000 	 24.317893 
3.700000 	 26.300822 
3.710000 	 23.296942 
3.720000 	 23.885397 
3.730000 	 24.707276 
3.740000 	 25.624622 
3.750000 	 27.051764 
3.760000 	 24.740931 
3.770000 	 28.574362 
3.780000 	 25.049261 
3.790000 	 22.574432 
3.800000 	 26.098420 
3.810000 	 25.691622 
3.820000 	 27.193302 
3.830000 	 26.273097 
3.840000 	 25.921290 
3.850000 	 26.077494 
3.860000 	 30.194133 
3.870000 	 26.785202 
3.880000 	 30.726986 
3.890000 	 31.540323 
3.900000 	 30.220034 
3.910000 	 29.775836 
3.920000 	 29.096314 
3.930000 	 32.119054 
3.940000 	 33.156918 
3.950000 	 32.461218 
3.960000 	 32.032280 
3.970000 	 33.865520 
3.980000 	 32.094231 
3.990000 	 29.813428 
4.000000 	 33.127168 
