-3.000000 	 -13.680393 
-2.990000 	 -13.322197 
-2.980000 	 -11.268747 
-2.970000 	 -11.841598 
-2.960000 	 -12.108234 
-2.950000 	 -11.281708 
-2.940000 	 -8.178125 
-2.930000 	 -13.571085 
-2.920000 	 -12.233225 
-2.910000 	 -10.817395 
-2.900000 	 -11.615097 
-2.890000 	 -12.641105 
-2.880000 	 -10.887970 
-2.870000 	 -7.468900 
-2.860000 	 -12.789029 
-2.850000 	 -11.965976 
-2.840000 	 -11.205849 
-2.830000 	 -14.247210 
-2.820000 	 -10.174618 
-2.810000 	 -11.880713 
-2.800000 	 -9.960330 
-2.790000 	 -12.479949 
-2.780000 	 -9.705635 
-2.770000 	 -13.482486 
-2.760000 	 -11.009713 
-2.750000 	 -9.954553 
-2.740000 	 -7.048693 
-2.730000 	 -13.453512 
-2.720000 	 -9.056978 
-2.710000 	 -12.437954 
-2.700000 	 -10.061953 
-2.690000 	 -10.175237 
-2.680000 	 -11.181852 
-2.670000 	 -10.561309 
-2.660000 	 -11.858218 
-2.650000 	 -9.387713 
-2.640000 	 -8.112080 
-2.630000 	 -9.138257 
-2.620000 	 -8.564422 
-2.610000 	 -8.616252 
-2.600000 	 -12.024370 
-2.590000 	 -8.512692 
-2.580000 	 -11.073622 
-2.570000 	 -9.998370 
-2.560000 	 -8.012754 
-2.550000 	 -8.042904 
-2.540000 	 -8.965918 
-2.530000 	 -9.313078 
-2.520000 	 -7.700683 
-2.510000 	 -9.942355 
-2.500000 	 -9.830358 
-2.490000 	 -9.089874 
-2.480000 	 -7.719600 
-2.470000 	 -10.661349 
-2.460000 	 -11.343801 
-2.450000 	 -9.494364 
-2.440000 	 -8.243749 
-2.430000 	 -6.974771 
-2.420000 	 -10.239017 
-2.410000 	 -9.844905 
-2.400000 	 -12.087747 
-2.390000 	 -9.093370 
-2.380000 	 -10.294631 
-2.370000 	 -9.116949 
-2.360000 	 -6.988462 
-2.350000 	 -11.721190 
-2.340000 	 -11.101118 
-2.330000 	 -10.887967 
-2.320000 	 -8.411692 
-2.310000 	 -7.759807 
-2.300000 	 -4.706139 
-2.290000 	 -7.041217 
-2.280000 	 -9.575601 
-2.270000 	 -7.261715 
-2.260000 	 -9.991072 
-2.250000 	 -9.864035 
-2.240000 	 -9.074268 
-2.230000 	 -8.116762 
-2.220000 	 -7.435834 
-2.210000 	 -8.068649 
-2.200000 	 -5.933723 
-2.190000 	 -9.069999 
-2.180000 	 -4.655219 
-2.170000 	 -6.991029 
-2.160000 	 -7.387230 
-2.150000 	 -7.211940 
-2.140000 	 -5.623164 
-2.130000 	 -8.674191 
-2.120000 	 -7.078031 
-2.110000 	 -6.809771 
-2.100000 	 -6.302070 
-2.090000 	 -5.894230 
-2.080000 	 -6.544524 
-2.070000 	 -4.806165 
-2.060000 	 -6.702283 
-2.050000 	 -6.743101 
-2.040000 	 -5.997835 
-2.030000 	 -7.909610 
-2.020000 	 -10.442315 
-2.010000 	 -7.246378 
-2.000000 	 -9.749021 
-1.990000 	 -6.755842 
-1.980000 	 -6.945821 
-1.970000 	 -5.673030 
-1.960000 	 -5.850701 
-1.950000 	 -5.414975 
-1.940000 	 -7.534244 
-1.930000 	 -5.924062 
-1.920000 	 -4.849647 
-1.910000 	 -5.883120 
-1.900000 	 -4.453106 
-1.890000 	 -7.653657 
-1.880000 	 -7.133046 
-1.870000 	 -4.110796 
-1.860000 	 -3.120034 
-1.850000 	 -4.135718 
-1.840000 	 -4.651903 
-1.830000 	 -5.093255 
-1.820000 	 -5.633420 
-1.810000 	 -7.085808 
-1.800000 	 -3.803419 
-1.790000 	 -8.464686 
-1.780000 	 -3.472769 
-1.770000 	 -6.424323 
-1.760000 	 -6.919110 
-1.750000 	 -7.118676 
-1.740000 	 -8.247586 
-1.730000 	 -4.031613 
-1.720000 	 -3.444113 
-1.710000 	 -6.862848 
-1.700000 	 -5.118527 
-1.690000 	 -4.944264 
-1.680000 	 -4.845186 
-1.670000 	 -4.727677 
-1.660000 	 -6.826941 
-1.650000 	 -7.275685 
-1.640000 	 -4.398327 
-1.630000 	 -4.026900 
-1.620000 	 -5.442995 
-1.610000 	 -4.161306 
-1.600000 	 -3.449533 
-1.590000 	 -5.102555 
-1.580000 	 -4.688443 
-1.570000 	 -6.412828 
-1.560000 	 -3.806785 
-1.550000 	 -2.061993 
-1.540000 	 -6.625956 
-1.530000 	 -4.549191 
-1.520000 	 -4.673512 
-1.510000 	 -5.190911 
-1.500000 	 -3.735411 
-1.490000 	 -4.202747 
-1.480000 	 -4.808386 
-1.470000 	 -4.583360 
-1.460000 	 -4.564346 
-1.450000 	 -2.077796 
-1.440000 	 -3.964870 
-1.430000 	 -3.965023 
-1.420000 	 -2.173902 
-1.410000 	 -1.377670 
-1.400000 	 -1.850978 
-1.390000 	 -4.490481 
-1.380000 	 -3.137234 
-1.370000 	 -2.700877 
-1.360000 	 -6.232195 
-1.350000 	 -1.024072 
-1.340000 	 -6.673337 
-1.330000 	 -1.476909 
-1.320000 	 -4.097910 
-1.310000 	 -4.007640 
-1.300000 	 -1.252829 
-1.290000 	 -0.613220 
-1.280000 	 -2.483550 
-1.270000 	 -5.952915 
-1.260000 	 -1.616205 
-1.250000 	 -2.258204 
-1.240000 	 -2.128966 
-1.230000 	 -0.873107 
-1.220000 	 -7.197975 
-1.210000 	 -6.644861 
-1.200000 	 -2.416464 
-1.190000 	 12.000000 
-1.180000 	 -3.239243 
-1.170000 	 -2.465883 
-1.160000 	 -4.261207 
-1.150000 	 -6.648524 
-1.140000 	 1.679099 
-1.130000 	 -0.928035 
-1.120000 	 -3.196616 
-1.110000 	 -3.495457 
-1.100000 	 -1.444083 
-1.090000 	 -2.531314 
-1.080000 	 0.264247 
-1.070000 	 -0.548207 
-1.060000 	 -1.263519 
-1.050000 	 -2.320861 
-1.040000 	 -2.905141 
-1.030000 	 -0.500533 
-1.020000 	 -0.611177 
-1.010000 	 -3.809813 
-1.000000 	 -1.967760 
-0.990000 	 -2.070652 
-0.980000 	 -2.243186 
-0.970000 	 -4.042342 
-0.960000 	 -1.490987 
-0.950000 	 -3.068742 
-0.940000 	 -2.186255 
-0.930000 	 -3.021457 
-0.920000 	 -2.588223 
-0.910000 	 -4.558491 
-0.900000 	 -0.989056 
-0.890000 	 -3.487713 
-0.880000 	 -0.725922 
-0.870000 	 -0.716621 
-0.860000 	 -3.110709 
-0.850000 	 -4.071609 
-0.840000 	 -2.004888 
-0.830000 	 -4.577053 
-0.820000 	 -1.557987 
-0.810000 	 0.721203 
-0.800000 	 -2.247936 
-0.790000 	 -2.219966 
-0.780000 	 -2.477000 
-0.770000 	 -1.868708 
-0.760000 	 1.926678 
-0.750000 	 -3.033500 
-0.740000 	 -2.617561 
-0.730000 	 -0.682678 
-0.720000 	 2.370880 
-0.710000 	 -2.689290 
-0.700000 	 -1.788469 
-0.690000 	 0.226314 
-0.680000 	 0.751929 
-0.670000 	 -1.704273 
-0.660000 	 1.206462 
-0.650000 	 -0.673479 
-0.640000 	 -1.365515 
-0.630000 	 -2.377749 
-0.620000 	 -1.422932 
-0.610000 	 -0.034258 
-0.600000 	 -1.306201 
-0.590000 	 0.849281 
-0.580000 	 -3.292441 
-0.570000 	 0.655385 
-0.560000 	 -0.808599 
-0.550000 	 -1.807626 
-0.540000 	 -0.320247 
-0.530000 	 -0.011250 
-0.520000 	 -1.225334 
-0.510000 	 -0.836808 
-0.500000 	 -3.454283 
-0.490000 	 -0.771176 
-0.480000 	 -1.844538 
-0.470000 	 -0.021416 
-0.460000 	 -1.724540 
-0.450000 	 -0.825264 
-0.440000 	 -3.381040 
-0.430000 	 0.769395 
-0.420000 	 -1.792972 
-0.410000 	 0.487628 
-0.400000 	 -0.324659 
-0.390000 	 -4.467914 
-0.380000 	 -0.034034 
-0.370000 	 0.440495 
-0.360000 	 -2.526571 
-0.350000 	 1.226341 
-0.340000 	 -3.609957 
-0.330000 	 0.669114 
-0.320000 	 -1.053648 
-0.310000 	 -0.224465 
-0.300000 	 -1.885717 
-0.290000 	 -0.898774 
-0.280000 	 1.701841 
-0.270000 	 -0.850779 
-0.260000 	 0.727860 
-0.250000 	 0.085777 
-0.240000 	 0.593986 
-0.230000 	 1.237649 
-0.220000 	 1.012172 
-0.210000 	 -1.670738 
-0.200000 	 1.439057 
-0.190000 	 -0.929147 
-0.180000 	 0.068365 
-0.170000 	 -0.480757 
-0.160000 	 -2.865481 
-0.150000 	 3.814452 
-0.140000 	 -0.792992 
-0.130000 	 1.148463 
-0.120000 	 -0.955102 
-0.110000 	 -0.382965 
-0.100000 	 0.559287 
-0.090000 	 0.170068 
-0.080000 	 -0.714725 
-0.070000 	 -0.238005 
-0.060000 	 0.218365 
-0.050000 	 -1.917108 
-0.040000 	 -1.544425 
-0.030000 	 1.647041 
-0.020000 	 -0.872350 
-0.010000 	 -0.787364 
0.000000 	 0.800646 
0.010000 	 -3.167697 
0.020000 	 -0.911771 
0.030000 	 0.491607 
0.040000 	 0.476606 
0.050000 	 -2.301769 
0.060000 	 -1.752857 
0.070000 	 1.379566 
0.080000 	 -0.639699 
0.090000 	 -0.585418 
0.100000 	 1.617326 
0.110000 	 -1.136700 
0.120000 	 -0.022313 
0.130000 	 0.034362 
0.140000 	 -2.953919 
0.150000 	 3.421135 
0.160000 	 0.813167 
0.170000 	 1.931883 
0.180000 	 -1.997508 
0.190000 	 0.243825 
0.200000 	 -0.700292 
0.210000 	 2.610828 
0.220000 	 1.581678 
0.230000 	 1.057795 
0.240000 	 2.621060 
0.250000 	 1.842469 
0.260000 	 1.858809 
0.270000 	 0.398117 
0.280000 	 1.924287 
0.290000 	 -0.776408 
0.300000 	 0.600075 
0.310000 	 -2.060604 
0.320000 	 3.596211 
0.330000 	 -0.258121 
0.340000 	 -1.225878 
0.350000 	 1.219728 
0.360000 	 1.636090 
0.370000 	 -1.272252 
0.380000 	 -0.441973 
0.390000 	 0.754411 
0.400000 	 0.626504 
0.410000 	 -0.490332 
0.420000 	 0.515684 
0.430000 	 -2.322257 
0.440000 	 -1.021574 
0.450000 	 2.821294 
0.460000 	 -0.617509 
0.470000 	 -2.837738 
0.480000 	 2.014197 
0.490000 	 -1.182865 
0.500000 	 0.977420 
0.510000 	 -1.258414 
0.520000 	 -1.749638 
0.530000 	 -1.399587 
0.540000 	 0.507184 
0.550000 	 0.747433 
0.560000 	 0.311888 
0.570000 	 -0.787906 
0.580000 	 -3.361896 
0.590000 	 -1.794181 
0.600000 	 0.160967 
0.610000 	 1.327396 
0.620000 	 -2.820182 
0.630000 	 0.469234 
0.640000 	 3.092047 
0.650000 	 -0.632524 
0.660000 	 -0.040257 
0.670000 	 2.835176 
0.680000 	 0.281914 
0.690000 	 2.470476 
0.700000 	 3.033461 
0.710000 	 -1.000231 
0.720000 	 1.686398 
0.730000 	 -0.007275 
0.740000 	 1.149355 
0.750000 	 2.266401 
0.760000 	 -0.359266 
0.770000 	 1.454446 
0.780000 	 3.218299 
0.790000 	 -0.082041 
0.800000 	 2.002024 
0.810000 	 -0.960960 
0.820000 	 2.939249 
0.830000 	 1.501055 
0.840000 	 -2.033548 
0.850000 	 2.539312 
0.860000 	 -0.394911 
0.870000 	 0.161078 
0.880000 	 0.066572 
0.890000 	 -0.426676 
0.900000 	 0.739233 
0.910000 	 1.666841 
0.920000 	 1.954239 
0.930000 	 0.143466 
0.940000 	 0.553505 
0.950000 	 2.608082 
0.960000 	 -1.139294 
0.970000 	 0.427824 
0.980000 	 2.237665 
0.990000 	 -0.321376 
1.000000 	 1.031382 
1.010000 	 -1.897545 
1.020000 	 1.118267 
1.030000 	 -1.441647 
1.040000 	 -1.090009 
1.050000 	 -0.580445 
1.060000 	 0.765877 
1.070000 	 0.675300 
1.080000 	 1.385299 
1.090000 	 2.294361 
1.100000 	 0.839882 
1.110000 	 2.393183 
1.120000 	 -0.638617 
1.130000 	 0.159650 
1.140000 	 -1.197924 
1.150000 	 -1.920041 
1.160000 	 1.879296 
1.170000 	 0.135342 
1.180000 	 3.812013 
1.190000 	 -0.443961 
1.200000 	 0.045007 
1.210000 	 0.758087 
1.220000 	 -0.326246 
1.230000 	 1.488227 
1.240000 	 1.186888 
1.250000 	 4.632661 
1.260000 	 1.666730 
1.270000 	 -2.114401 
1.280000 	 1.888054 
1.290000 	 2.857395 
1.300000 	 0.209122 
1.310000 	 5.000000 
1.320000 	 1.943821 
1.330000 	 1.399184 
1.340000 	 -0.075218 
1.350000 	 2.097110 
1.360000 	 0.091261 
1.370000 	 2.370511 
1.380000 	 -1.271329 
1.390000 	 -0.473472 
1.400000 	 0.439753 
1.410000 	 1.630596 
1.420000 	 -0.424227 
1.430000 	 -1.913553 
1.440000 	 0.857405 
1.450000 	 1.091147 
1.460000 	 -0.988220 
1.470000 	 1.467130 
1.480000 	 2.365621 
1.490000 	 2.960983 
1.500000 	 2.515611 
1.510000 	 -0.933594 
1.520000 	 1.484785 
1.530000 	 -0.166867 
1.540000 	 -0.457849 
1.550000 	 -0.785579 
1.560000 	 0.450297 
1.570000 	 -2.832729 
1.580000 	 1.385999 
1.590000 	 -0.450273 
1.600000 	 2.123523 
1.610000 	 0.359038 
1.620000 	 1.682548 
1.630000 	 0.760320 
1.640000 	 3.863091 
1.650000 	 -0.138957 
1.660000 	 0.716871 
1.670000 	 2.202255 
1.680000 	 1.233341 
1.690000 	 1.777066 
1.700000 	 1.618878 
1.710000 	 1.325349 
1.720000 	 -0.069911 
1.730000 	 -0.798430 
1.740000 	 1.215889 
1.750000 	 0.824076 
1.760000 	 1.536170 
1.770000 	 0.196865 
1.780000 	 0.843799 
1.790000 	 1.071406 
1.800000 	 -0.291991 
1.810000 	 1.987590 
1.820000 	 2.584336 
1.830000 	 0.908853 
1.840000 	 1.080197 
1.850000 	 0.030328 
1.860000 	 -0.545963 
1.870000 	 1.540108 
1.880000 	 3.881856 
1.890000 	 4.162980 
1.900000 	 1.141414 
1.910000 	 -0.712047 
1.920000 	 5.322824 
1.930000 	 -0.182766 
1.940000 	 2.377432 
1.950000 	 2.816164 
1.960000 	 0.369674 
1.970000 	 -1.295792 
1.980000 	 -0.170086 
1.990000 	 1.919981 
2.000000 	 2.336635 
2.010000 	 2.998070 
2.020000 	 1.706267 
2.030000 	 3.869773 
2.040000 	 1.637189 
2.050000 	 3.411067 
2.060000 	 4.946217 
2.070000 	 0.629519 
2.080000 	 5.575999 
2.090000 	 0.002655 
2.100000 	 1.977428 
2.110000 	 2.890834 
2.120000 	 1.013194 
2.130000 	 1.951061 
2.140000 	 2.133539 
2.150000 	 3.772226 
2.160000 	 1.957007 
2.170000 	 3.174955 
2.180000 	 3.160027 
2.190000 	 2.841468 
2.200000 	 3.326382 
2.210000 	 -1.104450 
2.220000 	 0.412575 
2.230000 	 2.196910 
2.240000 	 5.862797 
2.250000 	 2.961037 
2.260000 	 5.756565 
2.270000 	 4.684346 
2.280000 	 3.295932 
2.290000 	 2.876977 
2.300000 	 4.074153 
2.310000 	 1.316056 
2.320000 	 4.494529 
2.330000 	 3.617920 
2.340000 	 4.612741 
2.350000 	 2.400256 
2.360000 	 4.025987 
2.370000 	 5.382926 
2.380000 	 2.185748 
2.390000 	 4.290097 
2.400000 	 2.904482 
2.410000 	 5.621756 
2.420000 	 6.847614 
2.430000 	 4.699807 
2.440000 	 3.934078 
2.450000 	 2.606434 
2.460000 	 5.320956 
2.470000 	 8.115739 
2.480000 	 4.401517 
2.490000 	 6.025075 
2.500000 	 7.118936 
2.510000 	 3.150017 
2.520000 	 4.290182 
2.530000 	 7.952492 
2.540000 	 5.208188 
2.550000 	 7.097458 
2.560000 	 6.798742 
2.570000 	 7.044215 
2.580000 	 7.142079 
2.590000 	 5.445108 
2.600000 	 6.108632 
2.610000 	 5.685534 
2.620000 	 6.086260 
2.630000 	 6.434326 
2.640000 	 3.189900 
2.650000 	 5.552761 
2.660000 	 5.529684 
2.670000 	 8.898871 
2.680000 	 7.363631 
2.690000 	 6.583158 
2.700000 	 5.849605 
2.710000 	 5.833215 
2.720000 	 9.767929 
2.730000 	 8.213719 
2.740000 	 7.364777 
2.750000 	 5.663208 
2.760000 	 7.438974 
2.770000 	 6.963593 
2.780000 	 7.323592 
2.790000 	 4.975467 
2.800000 	 9.236114 
2.810000 	 4.195264 
2.820000 	 6.477250 
2.830000 	 6.970912 
2.840000 	 7.515032 
2.850000 	 7.749640 
2.860000 	 9.931501 
2.870000 	 10.292119 
2.880000 	 7.299106 
2.890000 	 9.670656 
2.900000 	 8.362527 
2.910000 	 10.913011 
2.920000 	 10.462450 
2.930000 	 9.888300 
2.940000 	 8.298017 
2.950000 	 10.729670 
2.960000 	 7.622626 
2.970000 	 5.189458 
2.980000 	 9.714804 
2.990000 	 7.646302 
3.000000 	 9.650585 
3.010000 	 11.472488 
3.020000 	 10.711958 
3.030000 	 8.613398 
3.040000 	 12.100436 
3.050000 	 10.062754 
3.060000 	 10.954004 
3.070000 	 13.335942 
3.080000 	 11.546098 
3.090000 	 10.402609 
3.100000 	 10.502970 
3.110000 	 12.086329 
3.120000 	 14.107113 
3.130000 	 13.918252 
3.140000 	 12.050933 
3.150000 	 11.767768 
3.160000 	 9.346034 
3.170000 	 9.791150 
3.180000 	 10.483697 
3.190000 	 13.335288 
3.200000 	 11.380213 
3.210000 	 14.123994 
3.220000 	 14.839920 
3.230000 	 10.591531 
3.240000 	 12.648402 
3.250000 	 12.832089 
3.260000 	 15.706876 
3.270000 	 16.606427 
3.280000 	 18.332078 
3.290000 	 15.659794 
3.300000 	 13.473853 
3.310000 	 14.431320 
3.320000 	 15.006035 
3.330000 	 14.495923 
3.340000 	 16.955704 
3.350000 	 14.627179 
3.360000 	 16.493971 
3.370000 	 17.398411 
3.380000 	 15.488918 
3.390000 	 15.618937 
3.400000 	 13.010741 
3.410000 	 19.224511 
3.420000 	 17.981346 
3.430000 	 16.556410 
3.440000 	 18.490369 
3.450000 	 18.907568 
3.460000 	 21.281672 
3.470000 	 20.665332 
3.480000 	 18.861672 
3.490000 	 20.145877 
3.500000 	 17.936648 
3.510000 	 19.860594 
3.520000 	 19.824411 
3.530000 	 17.669956 
3.540000 	 19.870612 
3.550000 	 20.046528 
3.560000 	 20.690636 
3.570000 	 20.158030 
3.580000 	 22.818945 
3.590000 	 18.782890 
3.600000 	 19.183966 
3.610000 	 18.515002 
3.620000 	 24.691514 
3.630000 	 23.505253 
3.640000 	 20.614916 
3.650000 	 23.874687 
3.660000 	 22.407040 
3.670000 	 22.049044 
3.680000 	 23.466022 
3.690000 	 23.631821 
3.700000 	 23.962303 
3.710000 	 21.991022 
3.720000 	 22.733474 
3.730000 	 24.113232 
3.740000 	 27.570344 
3.750000 	 22.393335 
3.760000 	 24.152011 
3.770000 	 27.726371 
3.780000 	 26.377495 
3.790000 	 26.426351 
3.800000 	 25.422617 
3.810000 	 28.954601 
3.820000 	 30.389275 
3.830000 	 27.813399 
3.840000 	 29.413232 
3.850000 	 29.866414 
3.860000 	 27.390942 
3.870000 	 29.622575 
3.880000 	 29.083311 
3.890000 	 28.212785 
3.900000 	 29.232260 
3.910000 	 30.871280 
3.920000 	 30.357977 
3.930000 	 32.548098 
3.940000 	 29.295567 
3.950000 	 31.114221 
3.960000 	 30.664810 
3.970000 	 32.998624 
3.980000 	 34.230209 
3.990000 	 31.942539 
4.000000 	 34.206547 
