-3.000000 	 -8.296141 
-2.990000 	 -10.179333 
-2.980000 	 -12.043060 
-2.970000 	 -10.429828 
-2.960000 	 -12.060914 
-2.950000 	 -13.050303 
-2.940000 	 -12.163578 
-2.930000 	 -11.674980 
-2.920000 	 -11.037292 
-2.910000 	 -12.115938 
-2.900000 	 -9.748188 
-2.890000 	 -11.517828 
-2.880000 	 -12.060702 
-2.870000 	 -12.373685 
-2.860000 	 -9.719321 
-2.850000 	 -12.781317 
-2.840000 	 -9.617856 
-2.830000 	 -11.625737 
-2.820000 	 -11.457272 
-2.810000 	 -11.105908 
-2.800000 	 -11.949780 
-2.790000 	 -11.255475 
-2.780000 	 -9.634551 
-2.770000 	 -10.135584 
-2.760000 	 -10.324096 
-2.750000 	 -10.378471 
-2.740000 	 -13.092643 
-2.730000 	 -14.074947 
-2.720000 	 -9.833163 
-2.710000 	 -10.978733 
-2.700000 	 -13.303048 
-2.690000 	 -11.831418 
-2.680000 	 -11.251208 
-2.670000 	 -10.136888 
-2.660000 	 -13.494725 
-2.650000 	 -12.309998 
-2.640000 	 -12.544779 
-2.630000 	 -10.951381 
-2.620000 	 -10.080074 
-2.610000 	 -11.076550 
-2.600000 	 -9.521349 
-2.590000 	 -11.525746 
-2.580000 	 -11.241766 
-2.570000 	 -8.796786 
-2.560000 	 -12.491691 
-2.550000 	 -7.932003 
-2.540000 	 -9.696460 
-2.530000 	 -10.028553 
-2.520000 	 -9.846575 
-2.510000 	 -11.314461 
-2.500000 	 -10.963640 
-2.490000 	 -10.119535 
-2.480000 	 -8.909889 
-2.470000 	 -11.313514 
-2.460000 	 -10.394125 
-2.450000 	 -15.654729 
-2.440000 	 -8.796457 
-2.430000 	 -7.258110 
-2.420000 	 -8.989618 
-2.410000 	 -8.926679 
-2.400000 	 -8.652814 
-2.390000 	 -10.749122 
-2.380000 	 -6.871759 
-2.370000 	 -9.084544 
-2.360000 	 -7.554667 
-2.350000 	 -7.576114 
-2.340000 	 -8.968232 
-2.330000 	 -9.382318 
-2.320000 	 -6.966466 
-2.310000 	 -8.910108 
-2.300000 	 -8.083303 
-2.290000 	 -5.706253 
-2.280000 	 -5.294393 
-2.270000 	 -7.331968 
-2.260000 	 -7.504381 
-2.250000 	 -8.277849 
-2.240000 	 -8.638584 
-2.230000 	 -6.376188 
-2.220000 	 -8.302117 
-2.210000 	 -5.715382 
-2.200000 	 -6.977260 
-2.190000 	 -7.257333 
-2.180000 	 -9.422570 
-2.170000 	 -8.637835 
-2.160000 	 -6.953416 
-2.150000 	 -9.218847 
-2.140000 	 -8.144943 
-2.130000 	 -5.842036 
-2.120000 	 -8.610306 
-2.110000 	 -7.732547 
-2.100000 	 -9.508433 
-2.090000 	 -7.566909 
-2.080000 	 -8.105740 
-2.070000 	 -6.944550 
-2.060000 	 -8.071102 
-2.050000 	 -8.597235 
-2.040000 	 -9.682462 
-2.030000 	 -4.050322 
-2.020000 	 -8.754919 
-2.010000 	 -6.051349 
-2.000000 	 -4.601638 
-1.990000 	 -7.338639 
-1.980000 	 -6.330209 
-1.970000 	 -8.648303 
-1.960000 	 -6.296840 
-1.950000 	 -7.100040 
-1.940000 	 -6.404728 
-1.930000 	 -7.474246 
-1.920000 	 -3.690510 
-1.910000 	 -4.867074 
-1.900000 	 -8.188969 
-1.890000 	 -7.794971 
-1.880000 	 -7.962162 
-1.870000 	 -7.658320 
-1.860000 	 -7.961199 
-1.850000 	 -6.416787 
-1.840000 	 -6.969195 
-1.830000 	 -6.004402 
-1.820000 	 -5.557871 
-1.810000 	 -4.310513 
-1.800000 	 -5.524918 
-1.790000 	 -5.817446 
-1.780000 	 -6.363721 
-1.770000 	 -5.205584 
-1.760000 	 -7.436008 
-1.750000 	 -5.073119 
-1.740000 	 -1.610574 
-1.730000 	 -5.049597 
-1.720000 	 -8.109549 
-1.710000 	 -4.362262 
-1.700000 	 -6.236322 
-1.690000 	 -4.384934 
-1.680000 	 -3.636089 
-1.670000 	 -5.461594 
-1.660000 	 -5.864660 
-1.650000 	 -6.863218 
-1.640000 	 -6.773220 
-1.630000 	 -6.738186 
-1.620000 	 -3.693359 
-1.610000 	 -6.425879 
-1.600000 	 -5.591856 
-1.590000 	 -7.407216 
-1.580000 	 -5.077610 
-1.570000 	 -5.027024 
-1.560000 	 -4.656563 
-1.550000 	 -6.951958 
-1.540000 	 -2.035725 
-1.530000 	 -4.081021 
-1.520000 	 -6.221853 
-1.510000 	 -7.250316 
-1.500000 	 -1.138029 
-1.490000 	 -2.742545 
-1.480000 	 -1.581641 
-1.470000 	 -5.162035 
-1.460000 	 -1.597654 
-1.450000 	 -6.470198 
-1.440000 	 -5.470778 
-1.430000 	 -5.198235 
-1.420000 	 -6.290520 
-1.410000 	 -1.991972 
-1.400000 	 -2.085080 
-1.390000 	 -4.685331 
-1.380000 	 -5.891965 
-1.370000 	 -4.775595 
-1.360000 	 -2.205396 
-1.350000 	 -3.417791 
-1.340000 	 -3.259473 
-1.330000 	 -3.646196 
-1.320000 	 -5.152512 
-1.310000 	 -5.468888 
-1.300000 	 -3.664915 
-1.290000 	 -3.167705 
-1.280000 	 -4.291921 
-1.270000 	 -3.000273 
-1.260000 	 -4.662067 
-1.250000 	 -6.006077 
-1.240000 	 -2.981784 
-1.230000 	 -0.240718 
-1.220000 	 -3.186189 
-1.210000 	 -4.498751 
-1.200000 	 -3.009023 
-1.190000 	 -3.282584 
-1.180000 	 -1.838919 
-1.170000 	 -1.293364 
-1.160000 	 -4.317663 
-1.150000 	 -5.396512 
-1.140000 	 -5.234563 
-1.130000 	 -5.475142 
-1.120000 	 -4.212941 
-1.110000 	 -0.437555 
-1.100000 	 -1.162486 
-1.090000 	 -2.711070 
-1.080000 	 -0.600672 
-1.070000 	 -1.682745 
-1.060000 	 -2.522585 
-1.050000 	 -1.705030 
-1.040000 	 0.568482 
-1.030000 	 -0.866199 
-1.020000 	 -1.417820 
-1.010000 	 -2.721696 
-1.000000 	 -3.277985 
-0.990000 	 -1.867856 
-0.980000 	 -1.398763 
-0.970000 	 -2.963363 
-0.960000 	 -2.275204 
-0.950000 	 -1.728871 
-0.940000 	 -2.693811 
-0.930000 	 -0.584014 
-0.920000 	 -0.231708 
-0.910000 	 -2.684638 
-0.900000 	 -0.012040 
-0.890000 	 -1.426591 
-0.880000 	 -0.907329 
-0.870000 	 0.581960 
-0.860000 	 -1.179063 
-0.850000 	 -1.378382 
-0.840000 	 -2.398434 
-0.830000 	 -1.811413 
-0.820000 	 -2.728473 
-0.810000 	 0.449656 
-0.800000 	 -3.869218 
-0.790000 	 -0.696728 
-0.780000 	 0.660029 
-0.770000 	 -1.391171 
-0.760000 	 -0.439797 
-0.750000 	 3.616740 
-0.740000 	 -1.995249 
-0.730000 	 -1.477152 
-0.720000 	 -3.354151 
-0.710000 	 -4.628720 
-0.700000 	 -1.065224 
-0.690000 	 0.229445 
-0.680000 	 -2.675926 
-0.670000 	 -1.956585 
-0.660000 	 0.900442 
-0.650000 	 -0.384739 
-0.640000 	 0.280071 
-0.630000 	 0.284941 
-0.620000 	 -2.772447 
-0.610000 	 -2.572873 
-0.600000 	 -2.785783 
-0.590000 	 -1.531986 
-0.580000 	 -1.093222 
-0.570000 	 -1.779734 
-0.560000 	 -0.046783 
-0.550000 	 1.688291 
-0.540000 	 -3.544015 
-0.530000 	 0.354025 
-0.520000 	 0.996988 
-0.510000 	 -0.835039 
-0.500000 	 -2.820284 
-0.490000 	 -1.322696 
-0.480000 	 -0.783515 
-0.470000 	 1.633743 
-0.460000 	 -1.749646 
-0.450000 	 -1.190345 
-0.440000 	 -1.554605 
-0.430000 	 0.278135 
-0.420000 	 -2.250515 
-0.410000 	 -2.024860 
-0.400000 	 0.871199 
-0.390000 	 -1.246177 
-0.380000 	 0.832498 
-0.370000 	 -2.167283 
-0.360000 	 0.964158 
-0.350000 	 3.331986 
-0.340000 	 -1.914526 
-0.330000 	 0.969117 
-0.320000 	 1.488765 
-0.310000 	 -1.248450 
-0.300000 	 -1.055830 
-0.290000 	 0.346326 
-0.280000 	 1.389722 
-0.270000 	 2.113119 
-0.260000 	 1.985709 
-0.250000 	 -2.019492 
-0.240000 	 1.746540 
-0.230000 	 -0.571616 
-0.220000 	 1.462178 
-0.210000 	 -1.413057 
-0.200000 	 -0.960146 
-0.190000 	 0.069977 
-0.180000 	 3.097119 
-0.170000 	 -1.124294 
-0.160000 	 -0.215475 
-0.150000 	 0.532430 
-0.140000 	 -2.009944 
-0.130000 	 -0.177412 
-0.120000 	 -0.966944 
-0.110000 	 0.592459 
-0.100000 	 1.257705 
-0.090000 	 -3.163121 
-0.080000 	 2.520307 
-0.070000 	 -0.354304 
-0.060000 	 -0.947114 
-0.050000 	 -0.797647 
-0.040000 	 -0.855705 
-0.030000 	 0.902571 
-0.020000 	 -0.047646 
-0.010000 	 1.088818 
0.000000 	 -1.849621 
0.010000 	 -0.597995 
0.020000 	 1.119803 
0.030000 	 -0.489062 
0.040000 	 0.441396 
0.050000 	 -0.033962 
0.060000 	 0.093664 
0.070000 	 1.020169 
0.080000 	 1.955354 
0.090000 	 -1.577543 
0.100000 	 -0.986020 
0.110000 	 -1.155316 
0.120000 	 -0.474488 
0.130000 	 0.444929 
0.140000 	 2.486743 
0.150000 	 -0.776196 
0.160000 	 3.905587 
0.170000 	 -0.197704 
0.180000 	 0.318657 
0.190000 	 -2.338084 
0.200000 	 0.288055 
0.210000 	 1.173723 
0.220000 	 0.198567 
0.230000 	 -3.776652 
0.240000 	 -0.396886 
0.250000 	 1.615605 
0.260000 	 1.911553 
0.270000 	 0.223407 
0.280000 	 0.549700 
0.290000 	 0.400998 
0.300000 	 -2.501941 
0.310000 	 2.915500 
0.320000 	 1.280765 
0.330000 	 4.371420 
0.340000 	 0.474017 
0.350000 	 0.015219 
0.360000 	 -1.023214 
0.370000 	 -5.000000 
0.380000 	 0.128478 
0.390000 	 0.258083 
0.400000 	 -0.610203 
0.410000 	 0.756007 
0.420000 	 2.263600 
0.430000 	 -1.882267 
0.440000 	 -0.353455 
0.450000 	 4.192950 
0.460000 	 2.424586 
0.470000 	 0.071831 
0.480000 	 0.413531 
0.490000 	 2.112699 
0.500000 	 2.543914 
0.510000 	 0.551147 
0.520000 	 0.298267 
0.530000 	 -0.204342 
0.540000 	 0.084984 
0.550000 	 -0.653986 
0.560000 	 1.892866 
0.570000 	 -1.587525 
0.580000 	 0.097058 
0.590000 	 -0.129875 
0.600000 	 2.010540 
0.610000 	 2.888392 
0.620000 	 -1.867040 
0.630000 	 1.977593 
0.640000 	 3.148585 
0.650000 	 -1.038872 
0.660000 	 2.338595 
0.670000 	 -1.402531 
0.680000 	 -0.059549 
0.690000 	 1.704054 
0.700000 	 0.648905 
0.710000 	 -0.640633 
0.720000 	 0.827531 
0.730000 	 -0.700790 
0.740000 	 -1.436286 
0.750000 	 0.141558 
0.760000 	 0.259534 
0.770000 	 -1.279091 
0.780000 	 -0.321666 
0.790000 	 -0.030835 
0.800000 	 2.081019 
0.810000 	 0.934022 
0.820000 	 -1.361709 
0.830000 	 0.961935 
0.840000 	 1.559307 
0.850000 	 0.129386 
0.860000 	 -0.289574 
0.870000 	 -0.941662 
0.880000 	 2.622116 
0.890000 	 -2.965970 
0.900000 	 1.195095 
0.910000 	 0.546267 
0.920000 	 3.904970 
0.930000 	 0.651425 
0.940000 	 -1.755357 
0.950000 	 1.449517 
0.960000 	 -0.448555 
0.970000 	 -1.135563 
0.980000 	 -0.856104 
0.990000 	 1.162657 
1.000000 	 -3.045528 
1.010000 	 0.290983 
1.020000 	 0.338324 
1.030000 	 0.750537 
1.040000 	 1.356066 
1.050000 	 3.088425 
1.060000 	 0.954688 
1.070000 	 1.856148 
1.080000 	 -0.331333 
1.090000 	 0.336413 
1.100000 	 -0.494373 
1.110000 	 1.376674 
1.120000 	 -3.414546 
1.130000 	 1.495720 
1.140000 	 -0.742607 
1.150000 	 -0.976208 
1.160000 	 -2.001380 
1.170000 	 -0.214404 
1.180000 	 2.649121 
1.190000 	 1.701583 
1.200000 	 -1.290615 
1.210000 	 1.158555 
1.220000 	 0.693377 
1.230000 	 0.007865 
1.240000 	 2.365988 
1.250000 	 -2.835121 
1.260000 	 1.004869 
1.270000 	 1.904884 
1.280000 	 0.464627 
1.290000 	 0.896014 
1.300000 	 -0.995772 
1.310000 	 0.389310 
1.320000 	 1.124555 
1.330000 	 -0.235952 
1.340000 	 1.456735 
1.350000 	 -1.533458 
1.360000 	 1.292335 
1.370000 	 1.900161 
1.380000 	 -1.825792 
1.390000 	 -0.507661 
1.400000 	 1.287757 
1.410000 	 1.779618 
1.420000 	 -1.634020 
1.430000 	 0.806026 
1.440000 	 0.601842 
1.450000 	 1.154597 
1.460000 	 1.292793 
1.470000 	 2.135967 
1.480000 	 1.717326 
1.490000 	 -0.962105 
1.500000 	 2.334693 
1.510000 	 3.643021 
1.520000 	 0.959187 
1.530000 	 1.840939 
1.540000 	 1.714411 
1.550000 	 -2.969942 
1.560000 	 0.047641 
1.570000 	 0.865613 
1.580000 	 -0.203944 
1.590000 	 1.112249 
1.600000 	 1.124466 
1.610000 	 1.915038 
1.620000 	 1.457520 
1.630000 	 -1.068570 
1.640000 	 2.493744 
1.650000 	 0.839987 
1.660000 	 -1.365527 
1.670000 	 -0.987532 
1.680000 	 2.536806 
1.690000 	 2.082957 
1.700000 	 1.631625 
1.710000 	 -0.557702 
1.720000 	 2.067315 
1.730000 	 2.912781 
1.740000 	 3.102773 
1.750000 	 -0.457793 
1.760000 	 0.747884 
1.770000 	 1.527336 
1.780000 	 1.149357 
1.790000 	 -1.140960 
1.800000 	 -0.422164 
1.810000 	 -0.518294 
1.820000 	 0.675408 
1.830000 	 1.456167 
1.840000 	 2.266377 
1.850000 	 0.985383 
1.860000 	 3.673723 
1.870000 	 -0.775173 
1.880000 	 1.052596 
1.890000 	 2.279037 
1.900000 	 3.353196 
1.910000 	 -1.021689 
1.920000 	 3.542886 
1.930000 	 1.867839 
1.940000 	 4.359106 
1.950000 	 2.748728 
1.960000 	 3.768556 
1.970000 	 2.921706 
1.980000 	 3.985943 
1.990000 	 0.546544 
2.000000 	 3.018092 
2.010000 	 -0.654234 
2.020000 	 2.676731 
2.030000 	 5.208201 
2.040000 	 0.999553 
2.050000 	 3.307830 
2.060000 	 1.203772 
2.070000 	 1.420976 
2.080000 	 0.445614 
2.090000 	 3.047222 
2.100000 	 4.355423 
2.110000 	 1.666406 
2.120000 	 3.449025 
2.130000 	 4.975743 
2.140000 	 2.162785 
2.150000 	 5.680171 
2.160000 	 7.301899 
2.170000 	 2.562098 
2.180000 	 3.445191 
2.190000 	 4.691010 
2.200000 	 6.142201 
2.210000 	 3.266291 
2.220000 	 3.291581 
2.230000 	 1.918998 
2.240000 	 2.819770 
2.250000 	 4.329783 
2.260000 	 3.868298 
2.270000 	 4.422735 
2.280000 	 6.960033 
2.290000 	 3.660977 
2.300000 	 2.560780 
2.310000 	 5.835116 
2.320000 	 0.553419 
2.330000 	 0.767143 
2.340000 	 2.219186 
2.350000 	 0.975718 
2.360000 	 2.104244 
2.370000 	 6.821197 
2.380000 	 3.399261 
2.390000 	 2.040793 
2.400000 	 4.138284 
2.410000 	 6.366189 
2.420000 	 2.981441 
2.430000 	 2.375292 
2.440000 	 3.501728 
2.450000 	 5.164431 
2.460000 	 4.065906 
2.470000 	 4.699520 
2.480000 	 5.774795 
2.490000 	 2.926789 
2.500000 	 5.327921 
2.510000 	 2.170582 
2.520000 	 7.685138 
2.530000 	 3.675372 
2.540000 	 6.432168 
2.550000 	 3.424867 
2.560000 	 6.572027 
2.570000 	 5.537339 
2.580000 	 5.215633 
2.590000 	 3.877626 
2.600000 	 4.405094 
2.610000 	 6.186814 
2.620000 	 4.494109 
2.630000 	 4.692626 
2.640000 	 5.869515 
2.650000 	 15.000000 
2.660000 	 2.744105 
2.670000 	 6.078505 
2.680000 	 8.241087 
2.690000 	 6.736193 
2.700000 	 7.423772 
2.710000 	 9.812142 
2.720000 	 8.037359 
2.730000 	 6.059106 
2.740000 	 6.076584 
2.750000 	 6.078767 
2.760000 	 7.438281 
2.770000 	 9.361232 
2.780000 	 7.714054 
2.790000 	 5.828597 
2.800000 	 6.969870 
2.810000 	 6.953460 
2.820000 	 9.524280 
2.830000 	 8.639516 
2.840000 	 7.699190 
2.850000 	 10.384097 
2.860000 	 7.605283 
2.870000 	 7.665563 
2.880000 	 7.708599 
2.890000 	 7.411172 
2.900000 	 10.012408 
2.910000 	 9.982428 
2.920000 	 9.161847 
2.930000 	 7.007556 
2.940000 	 8.250903 
2.950000 	 12.077662 
2.960000 	 8.509717 
2.970000 	 6.909098 
2.980000 	 9.134376 
2.990000 	 6.235714 
3.000000 	 10.236844 
3.010000 	 8.882249 
3.020000 	 9.468217 
3.030000 	 7.213590 
3.040000 	 9.388626 
3.050000 	 9.960903 
3.060000 	 10.595435 
3.070000 	 12.275270 
3.080000 	 12.262988 
3.090000 	 14.011265 
3.100000 	 10.729875 
3.110000 	 12.657491 
3.120000 	 10.066625 
3.130000 	 14.088737 
3.140000 	 8.419832 
3.150000 	 13.941873 
3.160000 	 13.031352 
3.170000 	 14.095394 
3.180000 	 13.984245 
3.190000 	 12.674608 
3.200000 	 14.091018 
3.210000 	 13.044376 
3.220000 	 14.602385 
3.230000 	 16.068407 
3.240000 	 13.789960 
3.250000 	 15.517015 
3.260000 	 13.322123 
3.270000 	 15.275120 
3.280000 	 13.610886 
3.290000 	 16.187935 
3.300000 	 14.110518 
3.310000 	 14.431127 
3.320000 	 15.826091 
3.330000 	 15.133606 
3.340000 	 19.676293 
3.350000 	 14.777028 
3.360000 	 17.135608 
3.370000 	 16.061256 
3.380000 	 14.860486 
3.390000 	 17.520564 
3.400000 	 17.900326 
3.410000 	 18.228526 
3.420000 	 15.090900 
3.430000 	 17.803291 
3.440000 	 20.127944 
3.450000 	 20.028085 
3.460000 	 19.343576 
3.470000 	 18.718519 
3.480000 	 21.042260 
3.490000 	 19.800437 
3.500000 	 19.123987 
3.510000 	 20.653281 
3.520000 	 19.881059 
3.530000 	 17.519076 
3.540000 	 16.998372 
3.550000 	 22.065526 
3.560000 	 20.710886 
3.570000 	 21.986861 
3.580000 	 18.753594 
3.590000 	 20.997864 
3.600000 	 19.745784 
3.610000 	 19.666313 
3.620000 	 26.196649 
3.630000 	 20.491616 
3.640000 	 21.441558 
3.650000 	 22.115661 
3.660000 	 22.630893 
3.670000 	 24.054802 
3.680000 	 23.971319 
3.690000 	 22.714027 
3.700000 	 22.795357 
3.710000 	 25.802372 
3.720000 	 23.757360 
3.730000 	 24.889688 
3.740000 	 27.379937 
3.750000 	 25.157199 
3.760000 	 26.757920 
3.770000 	 23.438509 
3.780000 	 25.722717 
3.790000 	 28.318367 
3.800000 	 25.328570 
3.810000 	 28.282104 
3.820000 	 27.238893 
3.830000 	 27.877106 
3.840000 	 27.630961 
3.850000 	 23.604336 
3.860000 	 30.727751 
3.870000 	 27.109421 
3.880000 	 28.766122 
3.890000 	 32.401238 
3.900000 	 29.060869 
3.910000 	 29.822350 
3.920000 	 29.647189 
3.930000 	 30.785757 
3.940000 	 30.801715 
3.950000 	 33.442607 
3.960000 	 33.809812 
3.970000 	 33.370901 
3.980000 	 29.448413 
3.990000 	 32.118196 
4.000000 	 34.186658 
