-3.000000 	 -10.223070 
-2.990000 	 -13.377000 
-2.980000 	 -11.394046 
-2.970000 	 -9.061444 
-2.960000 	 -10.269476 
-2.950000 	 -12.464392 
-2.940000 	 -7.717891 
-2.930000 	 -9.909248 
-2.920000 	 -8.920784 
-2.910000 	 -12.623127 
-2.900000 	 -12.999403 
-2.890000 	 -10.612302 
-2.880000 	 -9.359661 
-2.870000 	 -15.101043 
-2.860000 	 -11.551323 
-2.850000 	 -16.183878 
-2.840000 	 -10.019974 
-2.830000 	 -12.892624 
-2.820000 	 -11.167577 
-2.810000 	 -9.984756 
-2.800000 	 -11.025847 
-2.790000 	 -9.919858 
-2.780000 	 -11.177131 
-2.770000 	 -12.725858 
-2.760000 	 -12.516643 
-2.750000 	 -9.963769 
-2.740000 	 -7.073260 
-2.730000 	 -9.563393 
-2.720000 	 -10.809470 
-2.710000 	 -10.398585 
-2.700000 	 -7.911030 
-2.690000 	 -10.883488 
-2.680000 	 -9.777108 
-2.670000 	 -14.304775 
-2.660000 	 -11.707282 
-2.650000 	 -12.730135 
-2.640000 	 -13.435758 
-2.630000 	 -10.712448 
-2.620000 	 -9.413499 
-2.610000 	 -9.260762 
-2.600000 	 -11.662406 
-2.590000 	 -7.461519 
-2.580000 	 -10.198152 
-2.570000 	 -10.993652 
-2.560000 	 -12.431587 
-2.550000 	 -10.177309 
-2.540000 	 -8.648727 
-2.530000 	 -7.699723 
-2.520000 	 -8.561205 
-2.510000 	 -8.357798 
-2.500000 	 -8.756512 
-2.490000 	 -11.714935 
-2.480000 	 -7.264871 
-2.470000 	 -8.607904 
-2.460000 	 -10.291182 
-2.450000 	 -7.607849 
-2.440000 	 -8.448609 
-2.430000 	 -8.330748 
-2.420000 	 -6.934268 
-2.410000 	 -9.216032 
-2.400000 	 -8.326004 
-2.390000 	 -7.434197 
-2.380000 	 -8.687643 
-2.370000 	 -9.897409 
-2.360000 	 -10.222656 
-2.350000 	 -8.775744 
-2.340000 	 -9.181356 
-2.330000 	 -8.535413 
-2.320000 	 -10.691172 
-2.310000 	 -5.823550 
-2.300000 	 -7.039365 
-2.290000 	 -9.102806 
-2.280000 	 -9.351685 
-2.270000 	 -8.368695 
-2.260000 	 -7.034223 
-2.250000 	 -8.599551 
-2.240000 	 -6.761961 
-2.230000 	 -9.468713 
-2.220000 	 -7.208549 
-2.210000 	 -8.520453 
-2.200000 	 -10.016536 
-2.190000 	 -10.930210 
-2.180000 	 -4.568055 
-2.170000 	 -6.590823 
-2.160000 	 -4.729864 
-2.150000 	 -5.771386 
-2.140000 	 -7.739740 
-2.130000 	 -6.314377 
-2.120000 	 -7.621950 
-2.110000 	 -9.851177 
-2.100000 	 -4.840625 
-2.090000 	 -6.708084 
-2.080000 	 -6.879690 
-2.070000 	 -6.267876 
-2.060000 	 -7.234156 
-2.050000 	 -7.593969 
-2.040000 	 -1.836293 
-2.030000 	 -7.766787 
-2.020000 	 -6.479428 
-2.010000 	 -7.018795 
-2.000000 	 -6.195603 
-1.990000 	 -8.037610 
-1.980000 	 -7.401126 
-1.970000 	 -8.284378 
-1.960000 	 -6.677101 
-1.950000 	 -5.667841 
-1.940000 	 -3.772972 
-1.930000 	 -7.445560 
-1.920000 	 -5.809542 
-1.910000 	 -9.672460 
-1.900000 	 -6.807984 
-1.890000 	 -5.284960 
-1.880000 	 -6.480185 
-1.870000 	 -9.194586 
-1.860000 	 -6.102398 
-1.850000 	 -2.825640 
-1.840000 	 -4.803655 
-1.830000 	 -4.780976 
-1.820000 	 -3.275944 
-1.810000 	 -3.351489 
-1.800000 	 -4.668907 
-1.790000 	 -6.663312 
-1.780000 	 -6.722660 
-1.770000 	 -2.518923 
-1.760000 	 -2.896019 
-1.750000 	 -7.643123 
-1.740000 	 -5.083116 
-1.730000 	 -7.385766 
-1.720000 	 -5.279026 
-1.710000 	 -5.059576 
-1.700000 	 -6.061072 
-1.690000 	 -3.733061 
-1.680000 	 -7.417175 
-1.670000 	 -3.763435 
-1.660000 	 -5.889726 
-1.650000 	 -4.431731 
-1.640000 	 -3.083445 
-1.630000 	 -6.716650 
-1.620000 	 -5.679350 
-1.610000 	 -7.488978 
-1.600000 	 -2.619110 
-1.590000 	 -5.621835 
-1.580000 	 -3.325607 
-1.570000 	 -3.033385 
-1.560000 	 -4.624193 
-1.550000 	 -5.824737 
-1.540000 	 -6.636447 
-1.530000 	 -6.933891 
-1.520000 	 -4.694369 
-1.510000 	 -4.307760 
-1.500000 	 -6.268244 
-1.490000 	 -5.695776 
-1.480000 	 -3.878078 
-1.470000 	 -5.817562 
-1.460000 	 -4.130588 
-1.450000 	 -3.585349 
-1.440000 	 -4.117660 
-1.430000 	 -4.539701 
-1.420000 	 -3.189118 
-1.410000 	 -1.907266 
-1.400000 	 -5.146738 
-1.390000 	 -1.090082 
-1.380000 	 -4.942503 
-1.370000 	 -4.198770 
-1.360000 	 -2.990371 
-1.350000 	 -5.551064 
-1.340000 	 -3.007165 
-1.330000 	 -2.223222 
-1.320000 	 -2.505151 
-1.310000 	 -1.696216 
-1.300000 	 -1.987278 
-1.290000 	 -1.814761 
-1.280000 	 -5.437732 
-1.270000 	 -2.789752 
-1.260000 	 -2.790790 
-1.250000 	 -1.398163 
-1.240000 	 -2.069373 
-1.230000 	 -4.365010 
-1.220000 	 -1.471250 
-1.210000 	 -4.176445 
-1.200000 	 -1.739169 
-1.190000 	 1.273519 
-1.180000 	 -0.099066 
-1.170000 	 -7.290126 
-1.160000 	 -0.503018 
-1.150000 	 -0.643036 
-1.140000 	 -1.964910 
-1.130000 	 -3.050188 
-1.120000 	 -2.116699 
-1.110000 	 -1.507295 
-1.100000 	 -0.601059 
-1.090000 	 -4.219944 
-1.080000 	 -1.719318 
-1.070000 	 -2.106035 
-1.060000 	 -2.544900 
-1.050000 	 -5.725394 
-1.040000 	 -2.681591 
-1.030000 	 -2.129048 
-1.020000 	 -2.435254 
-1.010000 	 -4.093753 
-1.000000 	 0.561693 
-0.990000 	 1.833474 
-0.980000 	 -1.005517 
-0.970000 	 -4.179402 
-0.960000 	 -0.980359 
-0.950000 	 -3.041500 
-0.940000 	 -3.308241 
-0.930000 	 -1.970057 
-0.920000 	 -2.880612 
-0.910000 	 -3.357748 
-0.900000 	 -1.293948 
-0.890000 	 -3.300496 
-0.880000 	 -4.322699 
-0.870000 	 -2.642940 
-0.860000 	 -0.442617 
-0.850000 	 -2.725128 
-0.840000 	 -3.380285 
-0.830000 	 -2.384752 
-0.820000 	 -0.039024 
-0.810000 	 -0.614001 
-0.800000 	 -0.485320 
-0.790000 	 -1.771940 
-0.780000 	 -1.424376 
-0.770000 	 1.311125 
-0.760000 	 -0.417088 
-0.750000 	 -1.281215 
-0.740000 	 -1.602556 
-0.730000 	 -2.000944 
-0.720000 	 -1.767469 
-0.710000 	 -0.749584 
-0.700000 	 -2.360442 
-0.690000 	 -1.580601 
-0.680000 	 -0.058718 
-0.670000 	 -3.296535 
-0.660000 	 -1.135648 
-0.650000 	 -2.277141 
-0.640000 	 -0.957844 
-0.630000 	 0.113821 
-0.620000 	 -0.885099 
-0.610000 	 -0.886460 
-0.600000 	 -2.700335 
-0.590000 	 2.440195 
-0.580000 	 -0.538680 
-0.570000 	 -0.979506 
-0.560000 	 3.462331 
-0.550000 	 -1.990187 
-0.540000 	 -2.127819 
-0.530000 	 0.243814 
-0.520000 	 -3.947494 
-0.510000 	 -1.356469 
-0.500000 	 2.187869 
-0.490000 	 0.537094 
-0.480000 	 1.965586 
-0.470000 	 -0.081608 
-0.460000 	 -3.097571 
-0.450000 	 -1.897024 
-0.440000 	 1.314480 
-0.430000 	 -3.509669 
-0.420000 	 -0.716176 
-0.410000 	 1.565631 
-0.400000 	 0.800270 
-0.390000 	 -1.261049 
-0.380000 	 -1.749530 
-0.370000 	 -4.601924 
-0.360000 	 -2.212765 
-0.350000 	 0.902129 
-0.340000 	 0.494883 
-0.330000 	 1.830910 
-0.320000 	 -0.109786 
-0.310000 	 -0.624210 
-0.300000 	 1.622185 
-0.290000 	 -1.367464 
-0.280000 	 1.066726 
-0.270000 	 -0.234170 
-0.260000 	 -2.253851 
-0.250000 	 -1.840765 
-0.240000 	 0.961445 
-0.230000 	 -3.481785 
-0.220000 	 1.313874 
-0.210000 	 -2.377089 
-0.200000 	 -1.895111 
-0.190000 	 -0.737732 
-0.180000 	 -1.707616 
-0.170000 	 -0.430875 
-0.160000 	 -1.985786 
-0.150000 	 -0.319381 
-0.140000 	 0.470468 
-0.130000 	 2.107765 
-0.120000 	 -1.411538 
-0.110000 	 0.451249 
-0.100000 	 -2.273849 
-0.090000 	 1.792892 
-0.080000 	 -1.949084 
-0.070000 	 2.860366 
-0.060000 	 -1.852872 
-0.050000 	 0.902584 
-0.040000 	 -0.211735 
-0.030000 	 -0.903299 
-0.020000 	 0.761772 
-0.010000 	 -2.423413 
0.000000 	 -0.446102 
0.010000 	 -0.922896 
0.020000 	 2.851543 
0.030000 	 -1.293387 
0.040000 	 2.853712 
0.050000 	 0.974322 
0.060000 	 0.531866 
0.070000 	 2.474977 
0.080000 	 -0.082573 
0.090000 	 3.373449 
0.100000 	 -2.602807 
0.110000 	 -0.498673 
0.120000 	 -1.907385 
0.130000 	 -1.314471 
0.140000 	 0.034262 
0.150000 	 0.725567 
0.160000 	 1.957879 
0.170000 	 -0.070280 
0.180000 	 -0.431067 
0.190000 	 -1.979695 
0.200000 	 1.690072 
0.210000 	 1.214085 
0.220000 	 -1.188021 
0.230000 	 1.437276 
0.240000 	 -0.934161 
0.250000 	 1.674727 
0.260000 	 -0.997748 
0.270000 	 -3.416290 
0.280000 	 -0.888642 
0.290000 	 -2.261699 
0.300000 	 -2.222420 
0.310000 	 -1.990714 
0.320000 	 4.633801 
0.330000 	 0.977976 
0.340000 	 0.056544 
0.350000 	 0.131411 
0.360000 	 -0.414621 
0.370000 	 -0.429720 
0.380000 	 1.338290 
0.390000 	 0.074186 
0.400000 	 4.046258 
0.410000 	 3.104270 
0.420000 	 3.576828 
0.430000 	 1.809007 
0.440000 	 -1.168624 
0.450000 	 0.724368 
0.460000 	 -2.055430 
0.470000 	 -0.068943 
0.480000 	 2.094830 
0.490000 	 -0.576662 
0.500000 	 -0.876627 
0.510000 	 -1.041868 
0.520000 	 0.674916 
0.530000 	 -0.871809 
0.540000 	 0.649750 
0.550000 	 3.749767 
0.560000 	 1.067355 
0.570000 	 -0.369361 
0.580000 	 0.404277 
0.590000 	 -2.297761 
0.600000 	 1.865864 
0.610000 	 2.104141 
0.620000 	 -1.683753 
0.630000 	 -0.459522 
0.640000 	 0.080169 
0.650000 	 0.341991 
0.660000 	 -3.046106 
0.670000 	 1.296025 
0.680000 	 1.087125 
0.690000 	 2.527900 
0.700000 	 -0.177797 
0.710000 	 -0.661318 
0.720000 	 0.918789 
0.730000 	 -0.441840 
0.740000 	 2.085558 
0.750000 	 -0.572791 
0.760000 	 2.735909 
0.770000 	 -4.083580 
0.780000 	 1.080999 
0.790000 	 0.654270 
0.800000 	 0.548983 
0.810000 	 0.815580 
0.820000 	 0.771191 
0.830000 	 -0.226637 
0.840000 	 2.007834 
0.850000 	 1.401215 
0.860000 	 0.380385 
0.870000 	 1.361508 
0.880000 	 0.149042 
0.890000 	 -2.055969 
0.900000 	 -0.765768 
0.910000 	 1.458014 
0.920000 	 2.336486 
0.930000 	 -0.616896 
0.940000 	 -0.827657 
0.950000 	 -0.200171 
0.960000 	 -1.413495 
0.970000 	 -1.050594 
0.980000 	 -1.450379 
0.990000 	 -0.878732 
1.000000 	 0.655665 
1.010000 	 -7.000000 
1.020000 	 2.578783 
1.030000 	 -0.038798 
1.040000 	 1.132408 
1.050000 	 -0.427194 
1.060000 	 3.085398 
1.070000 	 -1.916239 
1.080000 	 -1.038198 
1.090000 	 -1.366209 
1.100000 	 -2.453867 
1.110000 	 1.688405 
1.120000 	 1.330085 
1.130000 	 1.650808 
1.140000 	 0.222525 
1.150000 	 -1.237334 
1.160000 	 2.109087 
1.170000 	 0.756587 
1.180000 	 0.437301 
1.190000 	 1.380294 
1.200000 	 -0.943757 
1.210000 	 4.262645 
1.220000 	 -1.517775 
1.230000 	 -1.116068 
1.240000 	 1.377576 
1.250000 	 -0.225051 
1.260000 	 0.850115 
1.270000 	 -0.906872 
1.280000 	 -0.959045 
1.290000 	 1.472680 
1.300000 	 2.587294 
1.310000 	 2.205488 
1.320000 	 -1.125539 
1.330000 	 1.591233 
1.340000 	 1.744199 
1.350000 	 -0.091160 
1.360000 	 0.874934 
1.370000 	 2.385670 
1.380000 	 -0.598032 
1.390000 	 -0.547285 
1.400000 	 -1.115286 
1.410000 	 -1.862018 
1.420000 	 2.284138 
1.430000 	 4.422156 
1.440000 	 -0.443914 
1.450000 	 1.991290 
1.460000 	 1.862453 
1.470000 	 1.420715 
1.480000 	 1.940422 
1.490000 	 1.963615 
1.500000 	 0.335066 
1.510000 	 -0.855254 
1.520000 	 1.474483 
1.530000 	 3.009876 
1.540000 	 -0.322025 
1.550000 	 1.482823 
1.560000 	 2.057498 
1.570000 	 -2.299660 
1.580000 	 3.181543 
1.590000 	 2.297174 
1.600000 	 1.012675 
1.610000 	 0.420799 
1.620000 	 1.259576 
1.630000 	 0.856395 
1.640000 	 1.237717 
1.650000 	 1.163624 
1.660000 	 1.720036 
1.670000 	 -0.331629 
1.680000 	 2.933175 
1.690000 	 0.655571 
1.700000 	 2.208879 
1.710000 	 2.574901 
1.720000 	 0.387039 
1.730000 	 2.110753 
1.740000 	 1.853251 
1.750000 	 2.881883 
1.760000 	 -0.719095 
1.770000 	 2.009255 
1.780000 	 -0.498820 
1.790000 	 -1.064724 
1.800000 	 0.557625 
1.810000 	 1.046021 
1.820000 	 0.118853 
1.830000 	 2.862823 
1.840000 	 1.786945 
1.850000 	 2.057764 
1.860000 	 -0.462542 
1.870000 	 0.141729 
1.880000 	 -0.082371 
1.890000 	 4.051080 
1.900000 	 2.821690 
1.910000 	 3.175983 
1.920000 	 3.062753 
1.930000 	 -0.400467 
1.940000 	 1.997390 
1.950000 	 -0.062701 
1.960000 	 1.682739 
1.970000 	 2.705262 
1.980000 	 3.834888 
1.990000 	 -0.767685 
2.000000 	 2.071820 
2.010000 	 5.202395 
2.020000 	 4.491242 
2.030000 	 1.527762 
2.040000 	 2.494058 
2.050000 	 -0.704400 
2.060000 	 3.811202 
2.070000 	 -1.578245 
2.080000 	 4.971072 
2.090000 	 1.978634 
2.100000 	 2.929710 
2.110000 	 2.973948 
2.120000 	 4.359758 
2.130000 	 1.161807 
2.140000 	 5.047849 
2.150000 	 0.438333 
2.160000 	 1.495366 
2.170000 	 1.784107 
2.180000 	 4.029500 
2.190000 	 1.770255 
2.200000 	 1.696033 
2.210000 	 3.398127 
2.220000 	 3.004632 
2.230000 	 9.122087 
2.240000 	 3.196203 
2.250000 	 5.366145 
2.260000 	 3.761251 
2.270000 	 1.577282 
2.280000 	 3.615306 
2.290000 	 31.000000 
2.300000 	 -0.079215 
2.310000 	 2.367490 
2.320000 	 1.723827 
2.330000 	 1.848299 
2.340000 	 4.317557 
2.350000 	 3.686503 
2.360000 	 3.966185 
2.370000 	 3.848313 
2.380000 	 3.614218 
2.390000 	 4.525013 
2.400000 	 4.317223 
2.410000 	 2.450160 
2.420000 	 3.864125 
2.430000 	 4.562135 
2.440000 	 5.877900 
2.450000 	 5.391515 
2.460000 	 6.553125 
2.470000 	 4.736186 
2.480000 	 3.806958 
2.490000 	 1.299784 
2.500000 	 1.794991 
2.510000 	 6.053065 
2.520000 	 4.235618 
2.530000 	 3.446075 
2.540000 	 3.959716 
2.550000 	 6.377451 
2.560000 	 1.740015 
2.570000 	 6.339340 
2.580000 	 6.093786 
2.590000 	 3.887598 
2.600000 	 5.152761 
2.610000 	 4.380951 
2.620000 	 5.022766 
2.630000 	 4.596393 
2.640000 	 7.613406 
2.650000 	 6.291187 
2.660000 	 6.739467 
2.670000 	 8.401716 
2.680000 	 5.047194 
2.690000 	 5.394516 
2.700000 	 4.441053 
2.710000 	 9.118766 
2.720000 	 8.020933 
2.730000 	 4.135999 
2.740000 	 9.676349 
2.750000 	 9.783987 
2.760000 	 6.596222 
2.770000 	 8.102798 
2.780000 	 6.176772 
2.790000 	 8.025484 
2.800000 	 8.344484 
2.810000 	 10.129919 
2.820000 	 9.068794 
2.830000 	 6.348743 
2.840000 	 8.992340 
2.850000 	 7.149764 
2.860000 	 8.608356 
2.870000 	 9.880674 
2.880000 	 8.322452 
2.890000 	 9.508161 
2.900000 	 8.565511 
2.910000 	 9.480055 
2.920000 	 8.657343 
2.930000 	 9.744944 
2.940000 	 10.266555 
2.950000 	 10.939310 
2.960000 	 8.742425 
2.970000 	 10.545262 
2.980000 	 9.791360 
2.990000 	 8.173170 
3.000000 	 8.140817 
3.010000 	 10.616264 
3.020000 	 11.557802 
3.030000 	 11.942787 
3.040000 	 10.033389 
3.050000 	 13.810214 
3.060000 	 11.044090 
3.070000 	 10.219492 
3.080000 	 10.852268 
3.090000 	 12.727915 
3.100000 	 10.721379 
3.110000 	 12.259602 
3.120000 	 13.661827 
3.130000 	 12.015007 
3.140000 	 11.124592 
3.150000 	 12.491573 
3.160000 	 11.094488 
3.170000 	 12.802572 
3.180000 	 13.161873 
3.190000 	 14.123784 
3.200000 	 11.655704 
3.210000 	 13.073095 
3.220000 	 11.308744 
3.230000 	 13.104330 
3.240000 	 12.814462 
3.250000 	 15.141892 
3.260000 	 12.909656 
3.270000 	 17.510585 
3.280000 	 14.904267 
3.290000 	 16.520686 
3.300000 	 13.872889 
3.310000 	 16.335368 
3.320000 	 15.865553 
3.330000 	 15.178878 
3.340000 	 15.702216 
3.350000 	 16.144770 
3.360000 	 14.464312 
3.370000 	 15.685007 
3.380000 	 14.604737 
3.390000 	 17.772487 
3.400000 	 16.810691 
3.410000 	 18.800398 
3.420000 	 17.498679 
3.430000 	 18.827530 
3.440000 	 20.302068 
3.450000 	 16.534433 
3.460000 	 18.012581 
3.470000 	 18.410317 
3.480000 	 19.826062 
3.490000 	 22.135981 
3.500000 	 20.434374 
3.510000 	 18.978296 
3.520000 	 20.729922 
3.530000 	 17.608845 
3.540000 	 18.296992 
3.550000 	 22.502388 
3.560000 	 20.639675 
3.570000 	 20.183767 
3.580000 	 21.438897 
3.590000 	 23.004312 
3.600000 	 20.967442 
3.610000 	 21.447664 
3.620000 	 19.854795 
3.630000 	 24.174853 
3.640000 	 22.882256 
3.650000 	 27.132608 
3.660000 	 21.565149 
3.670000 	 25.031155 
3.680000 	 23.891118 
3.690000 	 25.402941 
3.700000 	 24.118889 
3.710000 	 24.885437 
3.720000 	 24.274396 
3.730000 	 23.104797 
3.740000 	 26.506354 
3.750000 	 26.279281 
3.760000 	 27.364634 
3.770000 	 28.338101 
3.780000 	 28.744109 
3.790000 	 29.611772 
3.800000 	 26.498178 
3.810000 	 22.992447 
3.820000 	 27.071984 
3.830000 	 26.938144 
3.840000 	 27.714816 
3.850000 	 28.158552 
3.860000 	 28.688131 
3.870000 	 29.896433 
3.880000 	 29.544549 
3.890000 	 28.577816 
3.900000 	 29.333609 
3.910000 	 28.398409 
3.920000 	 32.358933 
3.930000 	 32.235799 
3.940000 	 32.620557 
3.950000 	 30.939054 
3.960000 	 29.154154 
3.970000 	 31.761109 
3.980000 	 33.596857 
3.990000 	 30.638667 
4.000000 	 35.113492 
