-3.000000 	 -11.085779 
-2.990000 	 -11.772157 
-2.980000 	 -14.902658 
-2.970000 	 -13.892717 
-2.960000 	 -11.299320 
-2.950000 	 -9.401837 
-2.940000 	 -11.136439 
-2.930000 	 -12.952374 
-2.920000 	 -10.867242 
-2.910000 	 -12.862568 
-2.900000 	 -13.476084 
-2.890000 	 -11.725978 
-2.880000 	 -9.727163 
-2.870000 	 -7.168174 
-2.860000 	 -9.618640 
-2.850000 	 -12.880603 
-2.840000 	 -11.239672 
-2.830000 	 -13.821442 
-2.820000 	 -12.406754 
-2.810000 	 -8.177935 
-2.800000 	 -9.880227 
-2.790000 	 -12.405473 
-2.780000 	 -11.370576 
-2.770000 	 -10.077099 
-2.760000 	 -11.227383 
-2.750000 	 -10.338499 
-2.740000 	 -13.433453 
-2.730000 	 -11.273435 
-2.720000 	 -8.344195 
-2.710000 	 -10.607695 
-2.700000 	 -8.955183 
-2.690000 	 -13.852663 
-2.680000 	 -8.133044 
-2.670000 	 -11.407614 
-2.660000 	 -9.628135 
-2.650000 	 -8.567473 
-2.640000 	 -10.387789 
-2.630000 	 -10.960582 
-2.620000 	 -9.135672 
-2.610000 	 -9.638407 
-2.600000 	 -10.536662 
-2.590000 	 -8.146616 
-2.580000 	 -7.634938 
-2.570000 	 -10.570243 
-2.560000 	 -9.693192 
-2.550000 	 -9.164044 
-2.540000 	 -8.063602 
-2.530000 	 -11.043367 
-2.520000 	 -10.573694 
-2.510000 	 -10.591802 
-2.500000 	 -8.691596 
-2.490000 	 -9.594904 
-2.480000 	 -10.814813 
-2.470000 	 -10.461155 
-2.460000 	 -9.878772 
-2.450000 	 -9.922750 
-2.440000 	 -8.455361 
-2.430000 	 -10.665777 
-2.420000 	 -9.322065 
-2.410000 	 -9.156774 
-2.400000 	 -9.490078 
-2.390000 	 -10.086745 
-2.380000 	 -11.673021 
-2.370000 	 -5.577094 
-2.360000 	 -8.163623 
-2.350000 	 -8.917331 
-2.340000 	 -11.166897 
-2.330000 	 -7.984190 
-2.320000 	 -14.111031 
-2.310000 	 -7.593000 
-2.300000 	 -9.000000 
-2.290000 	 -10.522103 
-2.280000 	 -11.743054 
-2.270000 	 -5.584765 
-2.260000 	 -7.660173 
-2.250000 	 -7.502645 
-2.240000 	 -8.874831 
-2.230000 	 -8.686541 
-2.220000 	 -9.711742 
-2.210000 	 -10.591207 
-2.200000 	 -6.362842 
-2.190000 	 -4.533724 
-2.180000 	 -6.353598 
-2.170000 	 -6.839867 
-2.160000 	 -9.593905 
-2.150000 	 0.000000 
-2.140000 	 -11.371773 
-2.130000 	 -8.352735 
-2.120000 	 -9.175865 
-2.110000 	 -8.983063 
-2.100000 	 -5.046825 
-2.090000 	 -10.068201 
-2.080000 	 -6.929878 
-2.070000 	 -6.965275 
-2.060000 	 -5.998126 
-2.050000 	 -7.182409 
-2.040000 	 -5.208933 
-2.030000 	 -5.632967 
-2.020000 	 -7.752884 
-2.010000 	 -6.784574 
-2.000000 	 -7.095177 
-1.990000 	 -9.907178 
-1.980000 	 -6.225940 
-1.970000 	 -6.515543 
-1.960000 	 -3.909575 
-1.950000 	 -8.215298 
-1.940000 	 -5.427521 
-1.930000 	 -6.179087 
-1.920000 	 -5.798824 
-1.910000 	 -7.468457 
-1.900000 	 -6.246861 
-1.890000 	 -7.362120 
-1.880000 	 -6.341131 
-1.870000 	 -5.953649 
-1.860000 	 -4.112959 
-1.850000 	 -8.522769 
-1.840000 	 -5.350439 
-1.830000 	 -3.281184 
-1.820000 	 -6.336860 
-1.810000 	 -3.722785 
-1.800000 	 -2.904212 
-1.790000 	 -6.149207 
-1.780000 	 -5.713243 
-1.770000 	 -5.371491 
-1.760000 	 -4.802057 
-1.750000 	 -5.496869 
-1.740000 	 -5.561192 
-1.730000 	 -4.516340 
-1.720000 	 -5.529351 
-1.710000 	 -6.812409 
-1.700000 	 -4.953033 
-1.690000 	 -6.294675 
-1.680000 	 -4.731542 
-1.670000 	 -2.480712 
-1.660000 	 -4.190276 
-1.650000 	 -3.039378 
-1.640000 	 -7.630248 
-1.630000 	 -7.004098 
-1.620000 	 -3.474478 
-1.610000 	 -4.324037 
-1.600000 	 -3.303776 
-1.590000 	 -5.565617 
-1.580000 	 -6.564484 
-1.570000 	 -3.602659 
-1.560000 	 -3.593507 
-1.550000 	 -5.075913 
-1.540000 	 -6.428556 
-1.530000 	 -5.321917 
-1.520000 	 -5.986615 
-1.510000 	 -4.141121 
-1.500000 	 -1.341923 
-1.490000 	 -4.507051 
-1.480000 	 -2.552604 
-1.470000 	 -2.671065 
-1.460000 	 -3.885536 
-1.450000 	 -3.982670 
-1.440000 	 -1.379934 
-1.430000 	 -4.050956 
-1.420000 	 -5.104932 
-1.410000 	 -3.777926 
-1.400000 	 -4.992682 
-1.390000 	 -3.273060 
-1.380000 	 -3.167848 
-1.370000 	 -3.676813 
-1.360000 	 -5.998927 
-1.350000 	 -3.913715 
-1.340000 	 -5.630416 
-1.330000 	 -3.807640 
-1.320000 	 -3.329245 
-1.310000 	 -3.622573 
-1.300000 	 -4.900199 
-1.290000 	 -1.228388 
-1.280000 	 -5.441547 
-1.270000 	 -1.446568 
-1.260000 	 -4.991542 
-1.250000 	 -3.662886 
-1.240000 	 -2.654634 
-1.230000 	 -6.035762 
-1.220000 	 -4.935121 
-1.210000 	 -0.550177 
-1.200000 	 -2.107179 
-1.190000 	 -1.980305 
-1.180000 	 -3.562392 
-1.170000 	 -1.742666 
-1.160000 	 -2.460421 
-1.150000 	 -3.667198 
-1.140000 	 -3.884915 
-1.130000 	 -1.987999 
-1.120000 	 -3.901515 
-1.110000 	 -3.938796 
-1.100000 	 -6.581039 
-1.090000 	 -1.949599 
-1.080000 	 -1.168216 
-1.070000 	 -2.839427 
-1.060000 	 -3.065647 
-1.050000 	 -2.080572 
-1.040000 	 -1.848009 
-1.030000 	 -4.028994 
-1.020000 	 -4.062937 
-1.010000 	 -3.366887 
-1.000000 	 -3.154702 
-0.990000 	 -4.423596 
-0.980000 	 -0.663952 
-0.970000 	 -0.624497 
-0.960000 	 -1.505793 
-0.950000 	 -1.929749 
-0.940000 	 -3.113893 
-0.930000 	 -0.703976 
-0.920000 	 -2.527847 
-0.910000 	 -2.827214 
-0.900000 	 -1.071968 
-0.890000 	 -1.330379 
-0.880000 	 0.226743 
-0.870000 	 -1.169202 
-0.860000 	 -1.220771 
-0.850000 	 -1.103372 
-0.840000 	 -2.897215 
-0.830000 	 -2.537721 
-0.820000 	 -2.156590 
-0.810000 	 -3.503489 
-0.800000 	 0.262919 
-0.790000 	 -1.611612 
-0.780000 	 1.340347 
-0.770000 	 -2.584423 
-0.760000 	 -0.691274 
-0.750000 	 -3.026082 
-0.740000 	 -1.326818 
-0.730000 	 -1.030213 
-0.720000 	 -2.508787 
-0.710000 	 -0.137254 
-0.700000 	 -2.368406 
-0.690000 	 -0.827622 
-0.680000 	 0.983544 
-0.670000 	 -2.843214 
-0.660000 	 0.323345 
-0.650000 	 -2.743962 
-0.640000 	 -0.752648 
-0.630000 	 -4.459080 
-0.620000 	 -2.487578 
-0.610000 	 -4.310362 
-0.600000 	 -3.253191 
-0.590000 	 -0.901555 
-0.580000 	 -0.176921 
-0.570000 	 1.876002 
-0.560000 	 0.439594 
-0.550000 	 -2.581895 
-0.540000 	 -3.327769 
-0.530000 	 -0.659148 
-0.520000 	 -2.107933 
-0.510000 	 -2.028804 
-0.500000 	 -0.013365 
-0.490000 	 -3.177890 
-0.480000 	 -2.049862 
-0.470000 	 -3.035824 
-0.460000 	 -0.662407 
-0.450000 	 -1.634375 
-0.440000 	 -0.213963 
-0.430000 	 1.441623 
-0.420000 	 0.075784 
-0.410000 	 0.950354 
-0.400000 	 -0.109668 
-0.390000 	 -1.415970 
-0.380000 	 -0.265358 
-0.370000 	 -1.460208 
-0.360000 	 -3.445651 
-0.350000 	 0.329607 
-0.340000 	 -0.506779 
-0.330000 	 -0.149413 
-0.320000 	 -1.106056 
-0.310000 	 -0.332893 
-0.300000 	 -0.428578 
-0.290000 	 0.361559 
-0.280000 	 -0.852686 
-0.270000 	 0.779693 
-0.260000 	 0.381161 
-0.250000 	 0.571956 
-0.240000 	 0.817504 
-0.230000 	 -3.377287 
-0.220000 	 -0.143790 
-0.210000 	 -1.795799 
-0.200000 	 -1.142185 
-0.190000 	 -0.083207 
-0.180000 	 0.757214 
-0.170000 	 -0.793436 
-0.160000 	 1.233053 
-0.150000 	 1.954626 
-0.140000 	 -1.480427 
-0.130000 	 2.167005 
-0.120000 	 1.648535 
-0.110000 	 1.586826 
-0.100000 	 -2.581028 
-0.090000 	 -2.448191 
-0.080000 	 1.175891 
-0.070000 	 -0.530056 
-0.060000 	 1.645135 
-0.050000 	 1.778145 
-0.040000 	 -2.163263 
-0.030000 	 -1.686167 
-0.020000 	 0.056532 
-0.010000 	 1.206486 
0.000000 	 0.485799 
0.010000 	 0.069396 
0.020000 	 0.478132 
0.030000 	 1.981418 
0.040000 	 -0.437969 
0.050000 	 -0.346737 
0.060000 	 2.030541 
0.070000 	 -2.226956 
0.080000 	 -0.367247 
0.090000 	 1.128834 
0.100000 	 4.105844 
0.110000 	 -0.533587 
0.120000 	 -1.550230 
0.130000 	 -1.037921 
0.140000 	 2.057724 
0.150000 	 0.926931 
0.160000 	 -1.898831 
0.170000 	 2.475582 
0.180000 	 -0.067999 
0.190000 	 -0.196118 
0.200000 	 -0.390905 
0.210000 	 1.252289 
0.220000 	 -1.947928 
0.230000 	 -0.714060 
0.240000 	 2.895443 
0.250000 	 0.210446 
0.260000 	 -1.608117 
0.270000 	 0.087847 
0.280000 	 -3.153730 
0.290000 	 1.450031 
0.300000 	 -0.392862 
0.310000 	 0.538062 
0.320000 	 1.475969 
0.330000 	 1.200643 
0.340000 	 2.166248 
0.350000 	 2.419022 
0.360000 	 0.255889 
0.370000 	 1.000963 
0.380000 	 -0.082128 
0.390000 	 0.683289 
0.400000 	 -1.294067 
0.410000 	 0.478941 
0.420000 	 -1.405183 
0.430000 	 0.264380 
0.440000 	 -0.713567 
0.450000 	 -0.576912 
0.460000 	 0.271780 
0.470000 	 -3.848913 
0.480000 	 2.069163 
0.490000 	 -2.187268 
0.500000 	 0.696308 
0.510000 	 2.541447 
0.520000 	 -0.047052 
0.530000 	 2.126962 
0.540000 	 -1.314447 
0.550000 	 0.895289 
0.560000 	 1.195822 
0.570000 	 0.638740 
0.580000 	 -0.015552 
0.590000 	 -2.502077 
0.600000 	 0.392074 
0.610000 	 -0.245221 
0.620000 	 0.535253 
0.630000 	 0.887388 
0.640000 	 2.519830 
0.650000 	 -0.282847 
0.660000 	 -1.219777 
0.670000 	 -0.048272 
0.680000 	 -1.065282 
0.690000 	 -1.359493 
0.700000 	 2.380032 
0.710000 	 -5.046806 
0.720000 	 -0.274905 
0.730000 	 0.381628 
0.740000 	 0.950258 
0.750000 	 1.163856 
0.760000 	 0.061257 
0.770000 	 -2.214238 
0.780000 	 0.750921 
0.790000 	 0.399512 
0.800000 	 3.823713 
0.810000 	 -1.968471 
0.820000 	 1.299794 
0.830000 	 1.424353 
0.840000 	 -1.350933 
0.850000 	 -0.901021 
0.860000 	 -0.934083 
0.870000 	 1.090162 
0.880000 	 -0.341803 
0.890000 	 3.102245 
0.900000 	 -0.562938 
0.910000 	 0.410232 
0.920000 	 0.192345 
0.930000 	 -0.598253 
0.940000 	 0.470646 
0.950000 	 1.465964 
0.960000 	 1.748194 
0.970000 	 2.493971 
0.980000 	 1.625412 
0.990000 	 0.805701 
1.000000 	 1.762883 
1.010000 	 2.397622 
1.020000 	 1.935216 
1.030000 	 2.074434 
1.040000 	 -2.081825 
1.050000 	 4.038100 
1.060000 	 -0.803009 
1.070000 	 -1.907203 
1.080000 	 -0.329397 
1.090000 	 -1.124952 
1.100000 	 3.618935 
1.110000 	 -0.559526 
1.120000 	 0.145111 
1.130000 	 -0.635338 
1.140000 	 0.661805 
1.150000 	 -1.854675 
1.160000 	 -2.190202 
1.170000 	 -0.617170 
1.180000 	 3.465853 
1.190000 	 1.101789 
1.200000 	 -3.096812 
1.210000 	 1.177154 
1.220000 	 2.041652 
1.230000 	 0.018500 
1.240000 	 0.925406 
1.250000 	 0.165518 
1.260000 	 1.172033 
1.270000 	 2.219931 
1.280000 	 -1.002026 
1.290000 	 0.591296 
1.300000 	 0.938727 
1.310000 	 3.273231 
1.320000 	 0.566207 
1.330000 	 2.806614 
1.340000 	 0.507764 
1.350000 	 0.505591 
1.360000 	 0.382600 
1.370000 	 2.210072 
1.380000 	 -0.873083 
1.390000 	 -1.301141 
1.400000 	 -0.076038 
1.410000 	 -0.274548 
1.420000 	 -0.340128 
1.430000 	 -1.099864 
1.440000 	 1.925254 
1.450000 	 -0.357859 
1.460000 	 0.606930 
1.470000 	 1.012745 
1.480000 	 -2.178859 
1.490000 	 -0.230547 
1.500000 	 1.581024 
1.510000 	 -1.115040 
1.520000 	 2.072546 
1.530000 	 3.777889 
1.540000 	 3.274180 
1.550000 	 1.161127 
1.560000 	 3.706661 
1.570000 	 2.169497 
1.580000 	 0.484005 
1.590000 	 1.687426 
1.600000 	 -0.412649 
1.610000 	 -3.484971 
1.620000 	 -0.174830 
1.630000 	 0.538549 
1.640000 	 -0.394022 
1.650000 	 2.300080 
1.660000 	 -1.122798 
1.670000 	 1.784328 
1.680000 	 1.802930 
1.690000 	 3.748070 
1.700000 	 2.967618 
1.710000 	 3.322083 
1.720000 	 1.264250 
1.730000 	 0.956516 
1.740000 	 0.755673 
1.750000 	 1.769589 
1.760000 	 -0.174900 
1.770000 	 2.831789 
1.780000 	 2.540219 
1.790000 	 -0.073670 
1.800000 	 1.002604 
1.810000 	 4.244269 
1.820000 	 2.266079 
1.830000 	 -0.610568 
1.840000 	 0.453454 
1.850000 	 2.153055 
1.860000 	 1.513381 
1.870000 	 0.130069 
1.880000 	 0.737003 
1.890000 	 1.609225 
1.900000 	 0.354368 
1.910000 	 3.650307 
1.920000 	 -0.366093 
1.930000 	 2.144719 
1.940000 	 -0.546692 
1.950000 	 -0.131707 
1.960000 	 1.029039 
1.970000 	 2.283458 
1.980000 	 2.433107 
1.990000 	 2.542832 
2.000000 	 1.916315 
2.010000 	 3.983083 
2.020000 	 3.167635 
2.030000 	 3.906741 
2.040000 	 4.860501 
2.050000 	 4.098635 
2.060000 	 3.831240 
2.070000 	 1.840010 
2.080000 	 2.564735 
2.090000 	 2.134539 
2.100000 	 4.554063 
2.110000 	 1.484833 
2.120000 	 3.064550 
2.130000 	 3.281480 
2.140000 	 2.165055 
2.150000 	 2.975601 
2.160000 	 2.387466 
2.170000 	 0.343547 
2.180000 	 2.084622 
2.190000 	 2.137061 
2.200000 	 -1.259613 
2.210000 	 2.558469 
2.220000 	 3.848572 
2.230000 	 2.946387 
2.240000 	 4.392038 
2.250000 	 4.292192 
2.260000 	 2.724365 
2.270000 	 0.568606 
2.280000 	 0.540874 
2.290000 	 3.650311 
2.300000 	 1.084177 
2.310000 	 4.200366 
2.320000 	 0.855346 
2.330000 	 3.927055 
2.340000 	 6.319722 
2.350000 	 5.648926 
2.360000 	 2.262123 
2.370000 	 2.828922 
2.380000 	 5.551700 
2.390000 	 6.981774 
2.400000 	 3.366251 
2.410000 	 2.210659 
2.420000 	 3.339347 
2.430000 	 5.157910 
2.440000 	 1.265905 
2.450000 	 6.579590 
2.460000 	 7.071208 
2.470000 	 5.081820 
2.480000 	 6.177130 
2.490000 	 3.289183 
2.500000 	 2.752209 
2.510000 	 5.551913 
2.520000 	 2.364729 
2.530000 	 8.791053 
2.540000 	 4.780677 
2.550000 	 3.869982 
2.560000 	 5.393674 
2.570000 	 6.634969 
2.580000 	 6.993780 
2.590000 	 3.900723 
2.600000 	 4.563960 
2.610000 	 5.043569 
2.620000 	 4.187525 
2.630000 	 4.605935 
2.640000 	 5.362289 
2.650000 	 2.515616 
2.660000 	 4.385077 
2.670000 	 5.580557 
2.680000 	 8.170237 
2.690000 	 5.876953 
2.700000 	 5.431149 
2.710000 	 5.979341 
2.720000 	 7.803172 
2.730000 	 7.063842 
2.740000 	 8.707333 
2.750000 	 6.076175 
2.760000 	 9.070700 
2.770000 	 5.264961 
2.780000 	 8.245939 
2.790000 	 8.673911 
2.800000 	 7.580980 
2.810000 	 7.686038 
2.820000 	 5.674517 
2.830000 	 8.844423 
2.840000 	 10.436154 
2.850000 	 8.657426 
2.860000 	 7.579918 
2.870000 	 8.471521 
2.880000 	 8.901204 
2.890000 	 8.440343 
2.900000 	 9.676329 
2.910000 	 7.694918 
2.920000 	 5.106637 
2.930000 	 7.977045 
2.940000 	 9.018250 
2.950000 	 9.042936 
2.960000 	 7.732782 
2.970000 	 8.276673 
2.980000 	 12.113277 
2.990000 	 8.407478 
3.000000 	 8.600894 
3.010000 	 7.703041 
3.020000 	 9.037048 
3.030000 	 7.567543 
3.040000 	 9.842797 
3.050000 	 12.623187 
3.060000 	 10.019442 
3.070000 	 7.808575 
3.080000 	 12.266478 
3.090000 	 11.166780 
3.100000 	 12.870919 
3.110000 	 8.939739 
3.120000 	 11.697241 
3.130000 	 12.423211 
3.140000 	 9.456243 
3.150000 	 9.661334 
3.160000 	 14.111418 
3.170000 	 12.068596 
3.180000 	 14.970819 
3.190000 	 11.535321 
3.200000 	 15.132021 
3.210000 	 15.009744 
3.220000 	 13.417172 
3.230000 	 15.294492 
3.240000 	 12.128389 
3.250000 	 14.307679 
3.260000 	 11.877348 
3.270000 	 15.191754 
3.280000 	 16.657518 
3.290000 	 12.507524 
3.300000 	 16.307093 
3.310000 	 17.880973 
3.320000 	 16.724891 
3.330000 	 15.433023 
3.340000 	 16.657370 
3.350000 	 16.727478 
3.360000 	 16.127423 
3.370000 	 14.595844 
3.380000 	 15.391325 
3.390000 	 15.883824 
3.400000 	 19.435016 
3.410000 	 19.318137 
3.420000 	 15.232387 
3.430000 	 16.155135 
3.440000 	 18.373958 
3.450000 	 17.477877 
3.460000 	 17.410787 
3.470000 	 17.832122 
3.480000 	 17.085473 
3.490000 	 17.139993 
3.500000 	 18.697237 
3.510000 	 19.012151 
3.520000 	 18.875340 
3.530000 	 21.360087 
3.540000 	 20.515139 
3.550000 	 18.661492 
3.560000 	 18.696273 
3.570000 	 22.188855 
3.580000 	 20.887209 
3.590000 	 18.503469 
3.600000 	 22.601911 
3.610000 	 22.393270 
3.620000 	 19.864151 
3.630000 	 21.662647 
3.640000 	 23.342924 
3.650000 	 21.888621 
3.660000 	 23.115356 
3.670000 	 23.736196 
3.680000 	 23.498327 
3.690000 	 27.982507 
3.700000 	 23.882265 
3.710000 	 24.810515 
3.720000 	 22.912639 
3.730000 	 22.318622 
3.740000 	 24.289391 
3.750000 	 22.662457 
3.760000 	 26.919548 
3.770000 	 28.748199 
3.780000 	 26.697821 
3.790000 	 27.843466 
3.800000 	 25.884770 
3.810000 	 25.917179 
3.820000 	 27.018042 
3.830000 	 26.137643 
3.840000 	 27.730471 
3.850000 	 30.360497 
3.860000 	 27.921464 
3.870000 	 28.960539 
3.880000 	 30.232115 
3.890000 	 31.059454 
3.900000 	 33.833817 
3.910000 	 30.873267 
3.920000 	 30.409215 
3.930000 	 28.035510 
3.940000 	 32.866339 
3.950000 	 30.961619 
3.960000 	 32.590372 
3.970000 	 32.881054 
3.980000 	 29.648340 
3.990000 	 34.465881 
4.000000 	 30.210026 
