-3.000000 	 -11.755792 
-2.990000 	 -12.313163 
-2.980000 	 -10.036878 
-2.970000 	 -13.773590 
-2.960000 	 -14.252176 
-2.950000 	 -12.441035 
-2.940000 	 -9.297747 
-2.930000 	 -14.929688 
-2.920000 	 -10.816546 
-2.910000 	 -15.063921 
-2.900000 	 -12.628753 
-2.890000 	 -9.961881 
-2.880000 	 -10.547610 
-2.870000 	 -11.793460 
-2.860000 	 -11.100564 
-2.850000 	 -12.084077 
-2.840000 	 -10.713807 
-2.830000 	 -12.115892 
-2.820000 	 -10.585341 
-2.810000 	 -13.329077 
-2.800000 	 -10.442146 
-2.790000 	 -14.400379 
-2.780000 	 -12.377555 
-2.770000 	 -7.911095 
-2.760000 	 -12.201455 
-2.750000 	 -11.377730 
-2.740000 	 -9.136429 
-2.730000 	 -12.242228 
-2.720000 	 -8.268617 
-2.710000 	 -10.465821 
-2.700000 	 -13.161055 
-2.690000 	 -10.321776 
-2.680000 	 -14.143580 
-2.670000 	 -9.775490 
-2.660000 	 -9.736284 
-2.650000 	 -10.158073 
-2.640000 	 -9.255745 
-2.630000 	 -11.672709 
-2.620000 	 -9.533030 
-2.610000 	 -8.784028 
-2.600000 	 -10.338033 
-2.590000 	 -9.994825 
-2.580000 	 -10.629245 
-2.570000 	 -8.495235 
-2.560000 	 -8.805958 
-2.550000 	 -10.441881 
-2.540000 	 -10.013454 
-2.530000 	 -10.417785 
-2.520000 	 -9.401172 
-2.510000 	 -12.461874 
-2.500000 	 -11.605495 
-2.490000 	 -8.457211 
-2.480000 	 -9.467064 
-2.470000 	 -9.658614 
-2.460000 	 9.000000 
-2.450000 	 -8.474169 
-2.440000 	 -8.528207 
-2.430000 	 -8.747203 
-2.420000 	 -8.099484 
-2.410000 	 -9.192549 
-2.400000 	 -8.466851 
-2.390000 	 -10.653703 
-2.380000 	 -10.221215 
-2.370000 	 -6.788373 
-2.360000 	 -8.703284 
-2.350000 	 -8.732769 
-2.340000 	 -6.375698 
-2.330000 	 -9.534583 
-2.320000 	 -6.155312 
-2.310000 	 -6.329795 
-2.300000 	 -6.142872 
-2.290000 	 -6.348307 
-2.280000 	 -4.608402 
-2.270000 	 -6.399512 
-2.260000 	 -8.173432 
-2.250000 	 -5.955521 
-2.240000 	 -8.920636 
-2.230000 	 -6.349133 
-2.220000 	 -8.281625 
-2.210000 	 -6.211945 
-2.200000 	 -9.213401 
-2.190000 	 -5.744734 
-2.180000 	 -7.255914 
-2.170000 	 -5.848992 
-2.160000 	 -5.410768 
-2.150000 	 -7.371651 
-2.140000 	 -7.489672 
-2.130000 	 -8.574042 
-2.120000 	 -6.516435 
-2.110000 	 -10.402427 
-2.100000 	 -8.799278 
-2.090000 	 -7.591527 
-2.080000 	 -6.834574 
-2.070000 	 -6.980182 
-2.060000 	 -7.857070 
-2.050000 	 -6.491482 
-2.040000 	 -8.199125 
-2.030000 	 -6.488495 
-2.020000 	 -4.384826 
-2.010000 	 -6.458910 
-2.000000 	 -7.745413 
-1.990000 	 -6.635599 
-1.980000 	 -6.676070 
-1.970000 	 -6.481343 
-1.960000 	 -5.503208 
-1.950000 	 -7.854595 
-1.940000 	 -7.761812 
-1.930000 	 -9.012164 
-1.920000 	 -8.170881 
-1.910000 	 -7.944277 
-1.900000 	 -5.597139 
-1.890000 	 -6.658212 
-1.880000 	 -4.839847 
-1.870000 	 -4.855379 
-1.860000 	 -10.247650 
-1.850000 	 -6.226083 
-1.840000 	 -5.749136 
-1.830000 	 -6.660069 
-1.820000 	 -4.978039 
-1.810000 	 -5.340088 
-1.800000 	 -7.550751 
-1.790000 	 -6.724801 
-1.780000 	 -6.038485 
-1.770000 	 -9.950933 
-1.760000 	 -5.355021 
-1.750000 	 -4.008291 
-1.740000 	 -6.975577 
-1.730000 	 -6.254046 
-1.720000 	 -5.483391 
-1.710000 	 -5.463650 
-1.700000 	 -5.651307 
-1.690000 	 -5.297663 
-1.680000 	 -1.960344 
-1.670000 	 -7.831560 
-1.660000 	 -5.263045 
-1.650000 	 -5.332362 
-1.640000 	 -5.374882 
-1.630000 	 -3.065433 
-1.620000 	 -3.765631 
-1.610000 	 -3.595035 
-1.600000 	 -2.670346 
-1.590000 	 -2.973845 
-1.580000 	 -3.405720 
-1.570000 	 -5.387489 
-1.560000 	 -4.467173 
-1.550000 	 -3.341975 
-1.540000 	 -5.765186 
-1.530000 	 -7.076928 
-1.520000 	 -6.369569 
-1.510000 	 -1.440602 
-1.500000 	 -4.885947 
-1.490000 	 -6.685101 
-1.480000 	 -5.040333 
-1.470000 	 -4.488256 
-1.460000 	 -5.838259 
-1.450000 	 -5.117830 
-1.440000 	 -3.133273 
-1.430000 	 -4.965582 
-1.420000 	 -5.577991 
-1.410000 	 -3.982247 
-1.400000 	 -2.883435 
-1.390000 	 -3.184534 
-1.380000 	 -4.717990 
-1.370000 	 -3.373245 
-1.360000 	 -6.027757 
-1.350000 	 -2.744444 
-1.340000 	 -2.659585 
-1.330000 	 -2.411460 
-1.320000 	 1.155921 
-1.310000 	 -3.689808 
-1.300000 	 -4.297833 
-1.290000 	 -5.497401 
-1.280000 	 -0.918724 
-1.270000 	 -2.207589 
-1.260000 	 -0.562119 
-1.250000 	 -0.941176 
-1.240000 	 -0.992147 
-1.230000 	 -2.178677 
-1.220000 	 -3.249938 
-1.210000 	 -4.055566 
-1.200000 	 -2.150819 
-1.190000 	 -1.715872 
-1.180000 	 -3.130661 
-1.170000 	 -3.170541 
-1.160000 	 -1.177971 
-1.150000 	 -3.853756 
-1.140000 	 -2.536480 
-1.130000 	 -2.595936 
-1.120000 	 -1.542079 
-1.110000 	 -3.725511 
-1.100000 	 -4.203454 
-1.090000 	 -1.478630 
-1.080000 	 -2.951313 
-1.070000 	 -1.970228 
-1.060000 	 -4.317945 
-1.050000 	 -2.109913 
-1.040000 	 -2.742773 
-1.030000 	 -2.452503 
-1.020000 	 -3.688042 
-1.010000 	 1.319104 
-1.000000 	 -4.363408 
-0.990000 	 -0.142061 
-0.980000 	 -2.925055 
-0.970000 	 0.707190 
-0.960000 	 -2.788746 
-0.950000 	 -2.899139 
-0.940000 	 -2.889625 
-0.930000 	 -3.242213 
-0.920000 	 0.217421 
-0.910000 	 -1.587319 
-0.900000 	 -2.799623 
-0.890000 	 -1.043347 
-0.880000 	 0.543180 
-0.870000 	 -0.714719 
-0.860000 	 0.542444 
-0.850000 	 -3.554035 
-0.840000 	 -1.025641 
-0.830000 	 -2.068363 
-0.820000 	 -1.163864 
-0.810000 	 1.179589 
-0.800000 	 -1.801889 
-0.790000 	 -1.924935 
-0.780000 	 -3.071738 
-0.770000 	 -2.540377 
-0.760000 	 -4.576949 
-0.750000 	 2.034437 
-0.740000 	 0.748856 
-0.730000 	 -3.867678 
-0.720000 	 -1.037903 
-0.710000 	 -2.696983 
-0.700000 	 0.731639 
-0.690000 	 -2.226229 
-0.680000 	 -2.806048 
-0.670000 	 -2.955635 
-0.660000 	 -0.399445 
-0.650000 	 0.683192 
-0.640000 	 -4.628771 
-0.630000 	 -2.791935 
-0.620000 	 -2.748513 
-0.610000 	 -3.710391 
-0.600000 	 1.102565 
-0.590000 	 -0.268931 
-0.580000 	 -0.503836 
-0.570000 	 -0.609108 
-0.560000 	 -2.364911 
-0.550000 	 -2.241844 
-0.540000 	 -1.655900 
-0.530000 	 -0.866208 
-0.520000 	 -5.405456 
-0.510000 	 -0.267099 
-0.500000 	 -2.341183 
-0.490000 	 1.053714 
-0.480000 	 -0.328222 
-0.470000 	 2.742089 
-0.460000 	 1.293747 
-0.450000 	 -1.538609 
-0.440000 	 -3.325728 
-0.430000 	 0.077102 
-0.420000 	 0.448265 
-0.410000 	 -2.606498 
-0.400000 	 -2.780830 
-0.390000 	 -2.080146 
-0.380000 	 -1.855308 
-0.370000 	 0.635400 
-0.360000 	 -0.233423 
-0.350000 	 -0.515492 
-0.340000 	 -1.153443 
-0.330000 	 -1.012474 
-0.320000 	 -1.457330 
-0.310000 	 1.139639 
-0.300000 	 1.416411 
-0.290000 	 -1.069699 
-0.280000 	 -0.480134 
-0.270000 	 0.163488 
-0.260000 	 -2.432067 
-0.250000 	 1.317944 
-0.240000 	 -0.031369 
-0.230000 	 1.361869 
-0.220000 	 -0.996866 
-0.210000 	 -1.673940 
-0.200000 	 0.609510 
-0.190000 	 -0.490074 
-0.180000 	 -0.943720 
-0.170000 	 -3.542544 
-0.160000 	 1.763909 
-0.150000 	 0.098488 
-0.140000 	 -1.854664 
-0.130000 	 -2.260311 
-0.120000 	 0.048779 
-0.110000 	 -1.579958 
-0.100000 	 -0.551246 
-0.090000 	 3.135382 
-0.080000 	 -0.718649 
-0.070000 	 -1.549473 
-0.060000 	 -1.417536 
-0.050000 	 -1.247912 
-0.040000 	 0.234122 
-0.030000 	 -2.942506 
-0.020000 	 2.929576 
-0.010000 	 -0.898021 
0.000000 	 1.540022 
0.010000 	 2.006680 
0.020000 	 0.368431 
0.030000 	 -0.341031 
0.040000 	 1.435837 
0.050000 	 0.512581 
0.060000 	 -2.597727 
0.070000 	 -2.324577 
0.080000 	 -1.086173 
0.090000 	 3.906448 
0.100000 	 -2.047985 
0.110000 	 3.048708 
0.120000 	 -0.730311 
0.130000 	 0.460683 
0.140000 	 -0.439087 
0.150000 	 0.190905 
0.160000 	 0.915117 
0.170000 	 -1.088201 
0.180000 	 2.900954 
0.190000 	 0.411009 
0.200000 	 1.154537 
0.210000 	 4.881074 
0.220000 	 -1.869918 
0.230000 	 4.260973 
0.240000 	 -0.825766 
0.250000 	 -0.356116 
0.260000 	 -0.199958 
0.270000 	 1.723690 
0.280000 	 -1.832838 
0.290000 	 2.463150 
0.300000 	 0.192035 
0.310000 	 1.076714 
0.320000 	 0.065349 
0.330000 	 0.633419 
0.340000 	 1.918563 
0.350000 	 4.042170 
0.360000 	 -2.537950 
0.370000 	 3.987461 
0.380000 	 0.431166 
0.390000 	 2.850026 
0.400000 	 1.834895 
0.410000 	 -3.023095 
0.420000 	 0.293832 
0.430000 	 2.286847 
0.440000 	 2.166856 
0.450000 	 -1.514445 
0.460000 	 -1.390582 
0.470000 	 -0.509816 
0.480000 	 -0.371996 
0.490000 	 1.183255 
0.500000 	 0.661541 
0.510000 	 0.950012 
0.520000 	 0.300607 
0.530000 	 -0.800129 
0.540000 	 1.450393 
0.550000 	 -3.330057 
0.560000 	 -0.095566 
0.570000 	 -2.048259 
0.580000 	 0.310684 
0.590000 	 -0.968244 
0.600000 	 0.896264 
0.610000 	 -0.991731 
0.620000 	 -0.073656 
0.630000 	 0.014375 
0.640000 	 0.982398 
0.650000 	 -1.398240 
0.660000 	 2.168537 
0.670000 	 2.369029 
0.680000 	 -1.102396 
0.690000 	 2.047182 
0.700000 	 -1.999413 
0.710000 	 1.526748 
0.720000 	 2.755298 
0.730000 	 2.905908 
0.740000 	 -2.279264 
0.750000 	 -3.039037 
0.760000 	 3.280373 
0.770000 	 0.217360 
0.780000 	 1.125189 
0.790000 	 -0.153824 
0.800000 	 -2.190982 
0.810000 	 -1.629137 
0.820000 	 -0.106706 
0.830000 	 1.647170 
0.840000 	 0.911587 
0.850000 	 0.781286 
0.860000 	 2.137381 
0.870000 	 2.442956 
0.880000 	 -3.261853 
0.890000 	 -2.166402 
0.900000 	 -0.183251 
0.910000 	 1.004511 
0.920000 	 2.159046 
0.930000 	 -0.014386 
0.940000 	 0.551588 
0.950000 	 -0.649509 
0.960000 	 0.024286 
0.970000 	 1.543304 
0.980000 	 1.018012 
0.990000 	 -0.878655 
1.000000 	 2.963669 
1.010000 	 -0.186616 
1.020000 	 0.903484 
1.030000 	 -1.021798 
1.040000 	 -2.785657 
1.050000 	 1.564936 
1.060000 	 1.923930 
1.070000 	 0.921023 
1.080000 	 1.735217 
1.090000 	 2.372436 
1.100000 	 -1.917746 
1.110000 	 -0.194117 
1.120000 	 2.974490 
1.130000 	 1.539633 
1.140000 	 2.802062 
1.150000 	 1.851988 
1.160000 	 -0.030752 
1.170000 	 1.338212 
1.180000 	 0.706551 
1.190000 	 0.358188 
1.200000 	 -1.567685 
1.210000 	 2.461321 
1.220000 	 3.034161 
1.230000 	 -0.384929 
1.240000 	 -3.346595 
1.250000 	 -1.518515 
1.260000 	 -0.461568 
1.270000 	 0.100843 
1.280000 	 -0.508242 
1.290000 	 -0.745116 
1.300000 	 -0.358116 
1.310000 	 0.600386 
1.320000 	 -0.427701 
1.330000 	 0.854846 
1.340000 	 0.823349 
1.350000 	 -0.656583 
1.360000 	 1.251587 
1.370000 	 -0.855401 
1.380000 	 1.036968 
1.390000 	 2.731409 
1.400000 	 1.672576 
1.410000 	 -1.708503 
1.420000 	 5.615155 
1.430000 	 -1.176425 
1.440000 	 -0.649456 
1.450000 	 -0.125193 
1.460000 	 -1.316605 
1.470000 	 1.689560 
1.480000 	 -0.482528 
1.490000 	 5.240100 
1.500000 	 1.985261 
1.510000 	 -1.021476 
1.520000 	 2.895048 
1.530000 	 -0.174359 
1.540000 	 3.309302 
1.550000 	 3.352945 
1.560000 	 -0.224068 
1.570000 	 3.197651 
1.580000 	 1.430964 
1.590000 	 1.675860 
1.600000 	 0.376061 
1.610000 	 2.718913 
1.620000 	 0.776452 
1.630000 	 2.339325 
1.640000 	 2.261998 
1.650000 	 2.366989 
1.660000 	 1.336893 
1.670000 	 4.186342 
1.680000 	 0.302515 
1.690000 	 -0.791817 
1.700000 	 -1.922395 
1.710000 	 -2.195392 
1.720000 	 -1.141419 
1.730000 	 0.164064 
1.740000 	 1.817661 
1.750000 	 1.252443 
1.760000 	 4.363418 
1.770000 	 1.283496 
1.780000 	 2.765815 
1.790000 	 -1.055071 
1.800000 	 1.068593 
1.810000 	 -1.199487 
1.820000 	 3.017991 
1.830000 	 -0.740546 
1.840000 	 0.626042 
1.850000 	 1.690946 
1.860000 	 1.300573 
1.870000 	 0.968562 
1.880000 	 -0.113255 
1.890000 	 -0.191538 
1.900000 	 -1.652599 
1.910000 	 3.240047 
1.920000 	 1.165159 
1.930000 	 -1.055102 
1.940000 	 1.646486 
1.950000 	 -2.010808 
1.960000 	 4.440971 
1.970000 	 1.585691 
1.980000 	 1.664084 
1.990000 	 3.642664 
2.000000 	 2.171919 
2.010000 	 2.316280 
2.020000 	 -0.889601 
2.030000 	 0.300156 
2.040000 	 1.586185 
2.050000 	 2.233500 
2.060000 	 1.262506 
2.070000 	 5.237821 
2.080000 	 2.151545 
2.090000 	 3.363196 
2.100000 	 4.332579 
2.110000 	 -0.365904 
2.120000 	 4.262688 
2.130000 	 4.427529 
2.140000 	 4.848881 
2.150000 	 1.871047 
2.160000 	 6.805008 
2.170000 	 4.646031 
2.180000 	 1.139152 
2.190000 	 0.535431 
2.200000 	 3.071075 
2.210000 	 2.109607 
2.220000 	 3.471162 
2.230000 	 4.071389 
2.240000 	 3.276119 
2.250000 	 1.457021 
2.260000 	 1.822916 
2.270000 	 5.739141 
2.280000 	 6.435777 
2.290000 	 4.871600 
2.300000 	 1.310276 
2.310000 	 1.604980 
2.320000 	 5.054014 
2.330000 	 1.826445 
2.340000 	 3.720352 
2.350000 	 3.427131 
2.360000 	 4.391158 
2.370000 	 3.940215 
2.380000 	 3.599948 
2.390000 	 4.089317 
2.400000 	 6.105961 
2.410000 	 6.394246 
2.420000 	 6.487318 
2.430000 	 4.553467 
2.440000 	 6.406988 
2.450000 	 3.586170 
2.460000 	 3.560240 
2.470000 	 2.339398 
2.480000 	 5.012477 
2.490000 	 4.964341 
2.500000 	 4.542288 
2.510000 	 5.329985 
2.520000 	 3.412154 
2.530000 	 4.667279 
2.540000 	 5.588316 
2.550000 	 3.245571 
2.560000 	 9.275983 
2.570000 	 4.333448 
2.580000 	 4.553754 
2.590000 	 3.963915 
2.600000 	 4.215082 
2.610000 	 7.457826 
2.620000 	 5.522763 
2.630000 	 5.543034 
2.640000 	 6.061912 
2.650000 	 4.775881 
2.660000 	 5.291357 
2.670000 	 6.233371 
2.680000 	 7.983591 
2.690000 	 7.915987 
2.700000 	 6.529862 
2.710000 	 8.175254 
2.720000 	 7.164006 
2.730000 	 6.875514 
2.740000 	 6.825701 
2.750000 	 10.472607 
2.760000 	 6.229158 
2.770000 	 5.167233 
2.780000 	 9.086180 
2.790000 	 7.270239 
2.800000 	 18.000000 
2.810000 	 5.388614 
2.820000 	 8.094347 
2.830000 	 8.179611 
2.840000 	 7.893116 
2.850000 	 7.374232 
2.860000 	 10.391638 
2.870000 	 8.436525 
2.880000 	 6.674664 
2.890000 	 11.503345 
2.900000 	 10.578707 
2.910000 	 10.711271 
2.920000 	 9.952004 
2.930000 	 10.629669 
2.940000 	 7.449711 
2.950000 	 12.258948 
2.960000 	 9.785650 
2.970000 	 10.124569 
2.980000 	 9.571900 
2.990000 	 10.101187 
3.000000 	 6.680206 
3.010000 	 9.835302 
3.020000 	 8.920301 
3.030000 	 13.597451 
3.040000 	 10.726685 
3.050000 	 10.825702 
3.060000 	 10.015285 
3.070000 	 12.373797 
3.080000 	 10.086362 
3.090000 	 13.006123 
3.100000 	 12.401242 
3.110000 	 11.425293 
3.120000 	 10.816555 
3.130000 	 11.923841 
3.140000 	 10.767210 
3.150000 	 13.983235 
3.160000 	 11.396001 
3.170000 	 11.679653 
3.180000 	 12.401968 
3.190000 	 11.665768 
3.200000 	 14.439237 
3.210000 	 14.121186 
3.220000 	 12.923496 
3.230000 	 12.756320 
3.240000 	 14.506591 
3.250000 	 14.905709 
3.260000 	 14.357269 
3.270000 	 12.861495 
3.280000 	 15.671505 
3.290000 	 15.232242 
3.300000 	 13.411704 
3.310000 	 16.611589 
3.320000 	 15.619213 
3.330000 	 15.176320 
3.340000 	 16.815049 
3.350000 	 18.315951 
3.360000 	 15.535685 
3.370000 	 19.245468 
3.380000 	 14.799389 
3.390000 	 16.001645 
3.400000 	 15.341140 
3.410000 	 17.112187 
3.420000 	 14.653753 
3.430000 	 15.526264 
3.440000 	 16.742912 
3.450000 	 19.846441 
3.460000 	 20.900464 
3.470000 	 18.184074 
3.480000 	 19.283980 
3.490000 	 19.615046 
3.500000 	 17.870474 
3.510000 	 19.035334 
3.520000 	 19.313909 
3.530000 	 19.094940 
3.540000 	 16.976229 
3.550000 	 20.056628 
3.560000 	 19.815284 
3.570000 	 20.835939 
3.580000 	 22.368175 
3.590000 	 20.164744 
3.600000 	 19.680080 
3.610000 	 21.609958 
3.620000 	 18.540975 
3.630000 	 23.455057 
3.640000 	 21.939338 
3.650000 	 22.218398 
3.660000 	 22.563780 
3.670000 	 24.323270 
3.680000 	 22.516714 
3.690000 	 22.049739 
3.700000 	 23.671437 
3.710000 	 22.071173 
3.720000 	 25.250470 
3.730000 	 26.102723 
3.740000 	 24.102098 
3.750000 	 25.273312 
3.760000 	 23.613656 
3.770000 	 29.150169 
3.780000 	 26.331060 
3.790000 	 26.514517 
3.800000 	 30.330754 
3.810000 	 26.707554 
3.820000 	 27.259192 
3.830000 	 27.478837 
3.840000 	 27.982729 
3.850000 	 28.344251 
3.860000 	 28.650525 
3.870000 	 28.980300 
3.880000 	 28.460236 
3.890000 	 28.573543 
3.900000 	 27.641233 
3.910000 	 32.762172 
3.920000 	 32.402512 
3.930000 	 27.289895 
3.940000 	 32.465541 
3.950000 	 30.700727 
3.960000 	 31.098952 
3.970000 	 31.533187 
3.980000 	 33.865168 
3.990000 	 32.684156 
4.000000 	 29.414857 
