-3.000000 	 -14.475629 
-2.990000 	 -9.298905 
-2.980000 	 -12.551612 
-2.970000 	 -12.382163 
-2.960000 	 -12.606721 
-2.950000 	 -11.648414 
-2.940000 	 -13.770919 
-2.930000 	 -10.756833 
-2.920000 	 -13.527495 
-2.910000 	 -11.500399 
-2.900000 	 -9.167033 
-2.890000 	 -10.968504 
-2.880000 	 -13.769354 
-2.870000 	 -12.819746 
-2.860000 	 -12.018435 
-2.850000 	 -11.402436 
-2.840000 	 -11.365820 
-2.830000 	 -11.354401 
-2.820000 	 -10.323012 
-2.810000 	 -12.519788 
-2.800000 	 -14.509092 
-2.790000 	 -11.312449 
-2.780000 	 -12.073158 
-2.770000 	 -11.085610 
-2.760000 	 -11.979343 
-2.750000 	 -8.461990 
-2.740000 	 -8.993994 
-2.730000 	 -10.139166 
-2.720000 	 -9.074497 
-2.710000 	 -8.315566 
-2.700000 	 -13.901485 
-2.690000 	 -15.096296 
-2.680000 	 -7.684303 
-2.670000 	 -11.295955 
-2.660000 	 -13.053101 
-2.650000 	 -10.831543 
-2.640000 	 -9.365293 
-2.630000 	 -10.404059 
-2.620000 	 -9.604773 
-2.610000 	 -7.469183 
-2.600000 	 -11.396469 
-2.590000 	 -7.184812 
-2.580000 	 -8.659550 
-2.570000 	 -8.979209 
-2.560000 	 -11.145194 
-2.550000 	 -8.133110 
-2.540000 	 -11.623357 
-2.530000 	 -9.272725 
-2.520000 	 -8.160180 
-2.510000 	 -8.052195 
-2.500000 	 -8.777514 
-2.490000 	 -11.840284 
-2.480000 	 -8.856387 
-2.470000 	 -9.822230 
-2.460000 	 -8.709072 
-2.450000 	 -6.422803 
-2.440000 	 -8.661518 
-2.430000 	 -7.608398 
-2.420000 	 -10.056216 
-2.410000 	 -8.550609 
-2.400000 	 -10.007352 
-2.390000 	 -10.837220 
-2.380000 	 -8.198884 
-2.370000 	 -10.028865 
-2.360000 	 -8.179299 
-2.350000 	 -10.121894 
-2.340000 	 -7.881783 
-2.330000 	 -11.152768 
-2.320000 	 -8.759484 
-2.310000 	 -7.386829 
-2.300000 	 -9.591576 
-2.290000 	 -5.234162 
-2.280000 	 -6.649071 
-2.270000 	 -10.254514 
-2.260000 	 -10.645559 
-2.250000 	 -8.845702 
-2.240000 	 -8.635304 
-2.230000 	 -10.069207 
-2.220000 	 17.000000 
-2.210000 	 -8.333744 
-2.200000 	 -4.980721 
-2.190000 	 -10.718344 
-2.180000 	 -8.825040 
-2.170000 	 -7.818944 
-2.160000 	 -5.366722 
-2.150000 	 -7.272005 
-2.140000 	 -7.694845 
-2.130000 	 -7.116247 
-2.120000 	 -6.992756 
-2.110000 	 -7.705384 
-2.100000 	 -5.944620 
-2.090000 	 -7.763771 
-2.080000 	 -5.953129 
-2.070000 	 -5.880734 
-2.060000 	 -8.482024 
-2.050000 	 -7.896587 
-2.040000 	 -6.925282 
-2.030000 	 -9.069700 
-2.020000 	 -5.717836 
-2.010000 	 -5.628572 
-2.000000 	 -7.564182 
-1.990000 	 -9.976337 
-1.980000 	 -6.739414 
-1.970000 	 -6.269318 
-1.960000 	 -8.532580 
-1.950000 	 -8.960851 
-1.940000 	 -5.799121 
-1.930000 	 -6.101746 
-1.920000 	 -5.488386 
-1.910000 	 -7.321097 
-1.900000 	 -10.292549 
-1.890000 	 -6.261878 
-1.880000 	 -7.872625 
-1.870000 	 -3.146306 
-1.860000 	 -4.056787 
-1.850000 	 -4.394367 
-1.840000 	 -5.969211 
-1.830000 	 -5.961862 
-1.820000 	 -4.661708 
-1.810000 	 -6.723540 
-1.800000 	 -7.236189 
-1.790000 	 -4.904685 
-1.780000 	 -7.661988 
-1.770000 	 -5.746913 
-1.760000 	 -4.189183 
-1.750000 	 -3.669863 
-1.740000 	 -4.449503 
-1.730000 	 -5.654180 
-1.720000 	 -3.810748 
-1.710000 	 -6.673400 
-1.700000 	 -5.857220 
-1.690000 	 -4.737192 
-1.680000 	 -5.939658 
-1.670000 	 -7.152679 
-1.660000 	 -6.073144 
-1.650000 	 -3.672051 
-1.640000 	 -2.535852 
-1.630000 	 -2.705883 
-1.620000 	 -3.913869 
-1.610000 	 -5.239349 
-1.600000 	 -5.067886 
-1.590000 	 -2.977673 
-1.580000 	 -3.875780 
-1.570000 	 -4.753461 
-1.560000 	 -4.861261 
-1.550000 	 -1.482918 
-1.540000 	 -3.113617 
-1.530000 	 -4.389065 
-1.520000 	 -2.507978 
-1.510000 	 -3.950802 
-1.500000 	 -3.950647 
-1.490000 	 -3.296865 
-1.480000 	 -1.288258 
-1.470000 	 -1.057924 
-1.460000 	 -0.520153 
-1.450000 	 -0.674651 
-1.440000 	 -4.025227 
-1.430000 	 -1.732243 
-1.420000 	 -0.902566 
-1.410000 	 -3.643331 
-1.400000 	 -1.833061 
-1.390000 	 -1.025507 
-1.380000 	 -4.135556 
-1.370000 	 -5.323770 
-1.360000 	 -4.947204 
-1.350000 	 -4.602437 
-1.340000 	 -7.059427 
-1.330000 	 -6.254355 
-1.320000 	 -1.993565 
-1.310000 	 -3.639586 
-1.300000 	 -5.407699 
-1.290000 	 -0.224995 
-1.280000 	 -1.747144 
-1.270000 	 -2.443028 
-1.260000 	 -1.567688 
-1.250000 	 -3.233428 
-1.240000 	 -1.430979 
-1.230000 	 -2.928693 
-1.220000 	 -2.889541 
-1.210000 	 -2.975248 
-1.200000 	 -4.389605 
-1.190000 	 -6.247190 
-1.180000 	 -4.090289 
-1.170000 	 -0.890024 
-1.160000 	 -7.518154 
-1.150000 	 -1.417276 
-1.140000 	 -0.420225 
-1.130000 	 -2.729648 
-1.120000 	 -3.393879 
-1.110000 	 -2.512901 
-1.100000 	 -3.009362 
-1.090000 	 -4.861408 
-1.080000 	 -3.146690 
-1.070000 	 -2.648160 
-1.060000 	 -0.324451 
-1.050000 	 -1.702440 
-1.040000 	 -3.363652 
-1.030000 	 -2.105377 
-1.020000 	 -5.526780 
-1.010000 	 -0.460830 
-1.000000 	 0.659999 
-0.990000 	 -2.031364 
-0.980000 	 -5.445117 
-0.970000 	 -3.910520 
-0.960000 	 -2.148989 
-0.950000 	 -1.903980 
-0.940000 	 -2.003068 
-0.930000 	 -1.892197 
-0.920000 	 -1.668842 
-0.910000 	 -1.707065 
-0.900000 	 -3.374302 
-0.890000 	 -1.193637 
-0.880000 	 -1.706405 
-0.870000 	 -0.650305 
-0.860000 	 -0.556564 
-0.850000 	 -2.147723 
-0.840000 	 -0.409154 
-0.830000 	 1.111159 
-0.820000 	 0.880471 
-0.810000 	 -2.811642 
-0.800000 	 -2.272924 
-0.790000 	 0.150990 
-0.780000 	 -2.348019 
-0.770000 	 -3.273501 
-0.760000 	 0.137124 
-0.750000 	 -0.785745 
-0.740000 	 -2.477570 
-0.730000 	 -2.182170 
-0.720000 	 -1.915084 
-0.710000 	 1.475450 
-0.700000 	 -1.361635 
-0.690000 	 -2.782588 
-0.680000 	 0.503638 
-0.670000 	 -2.218040 
-0.660000 	 -0.269291 
-0.650000 	 2.220349 
-0.640000 	 0.867470 
-0.630000 	 -2.228835 
-0.620000 	 -2.840919 
-0.610000 	 0.100482 
-0.600000 	 0.411160 
-0.590000 	 1.475859 
-0.580000 	 0.656829 
-0.570000 	 -0.301643 
-0.560000 	 -3.839618 
-0.550000 	 -1.098081 
-0.540000 	 -2.857304 
-0.530000 	 0.912581 
-0.520000 	 0.449505 
-0.510000 	 0.677338 
-0.500000 	 -2.343836 
-0.490000 	 2.080786 
-0.480000 	 -1.416514 
-0.470000 	 -2.732671 
-0.460000 	 -1.108639 
-0.450000 	 -0.978428 
-0.440000 	 -1.708627 
-0.430000 	 3.345047 
-0.420000 	 1.204703 
-0.410000 	 -2.653405 
-0.400000 	 -0.731112 
-0.390000 	 0.715457 
-0.380000 	 0.951262 
-0.370000 	 -1.277709 
-0.360000 	 0.182543 
-0.350000 	 0.523089 
-0.340000 	 0.857829 
-0.330000 	 3.003767 
-0.320000 	 -3.172144 
-0.310000 	 1.069793 
-0.300000 	 -1.247395 
-0.290000 	 1.753171 
-0.280000 	 -4.135713 
-0.270000 	 -2.412915 
-0.260000 	 1.735076 
-0.250000 	 1.531128 
-0.240000 	 -4.680678 
-0.230000 	 -0.275157 
-0.220000 	 3.666656 
-0.210000 	 -0.400655 
-0.200000 	 -1.123197 
-0.190000 	 -5.931330 
-0.180000 	 -1.449370 
-0.170000 	 0.084321 
-0.160000 	 0.698371 
-0.150000 	 -0.010768 
-0.140000 	 -0.843479 
-0.130000 	 -3.613763 
-0.120000 	 -0.048352 
-0.110000 	 2.478332 
-0.100000 	 1.099517 
-0.090000 	 0.313777 
-0.080000 	 -1.575453 
-0.070000 	 1.672416 
-0.060000 	 0.790295 
-0.050000 	 0.632264 
-0.040000 	 -1.927241 
-0.030000 	 -4.200097 
-0.020000 	 2.211774 
-0.010000 	 0.657795 
0.000000 	 -0.571030 
0.010000 	 -0.710458 
0.020000 	 0.508680 
0.030000 	 0.464943 
0.040000 	 -1.181604 
0.050000 	 1.192971 
0.060000 	 0.439325 
0.070000 	 0.065414 
0.080000 	 14.000000 
0.090000 	 0.722029 
0.100000 	 0.168794 
0.110000 	 2.330569 
0.120000 	 0.550895 
0.130000 	 -2.418178 
0.140000 	 -1.044908 
0.150000 	 -2.732529 
0.160000 	 -1.546264 
0.170000 	 -0.001139 
0.180000 	 2.306979 
0.190000 	 -0.811463 
0.200000 	 0.165484 
0.210000 	 -0.135603 
0.220000 	 0.468392 
0.230000 	 -0.319072 
0.240000 	 -0.020517 
0.250000 	 0.048168 
0.260000 	 -1.535218 
0.270000 	 1.362976 
0.280000 	 1.058556 
0.290000 	 0.717259 
0.300000 	 0.035990 
0.310000 	 -1.149226 
0.320000 	 1.359096 
0.330000 	 0.584758 
0.340000 	 1.249051 
0.350000 	 -0.613425 
0.360000 	 1.445800 
0.370000 	 1.812618 
0.380000 	 2.246873 
0.390000 	 1.793509 
0.400000 	 -2.523101 
0.410000 	 -0.546669 
0.420000 	 -0.779297 
0.430000 	 2.145008 
0.440000 	 -0.549582 
0.450000 	 0.700106 
0.460000 	 0.494061 
0.470000 	 -1.287314 
0.480000 	 -0.184696 
0.490000 	 -2.025414 
0.500000 	 1.433668 
0.510000 	 -1.707309 
0.520000 	 -2.415190 
0.530000 	 0.164065 
0.540000 	 -1.461941 
0.550000 	 0.816870 
0.560000 	 -1.482953 
0.570000 	 1.020631 
0.580000 	 -0.263165 
0.590000 	 -3.736906 
0.600000 	 0.635515 
0.610000 	 1.114835 
0.620000 	 1.023744 
0.630000 	 0.026117 
0.640000 	 0.063970 
0.650000 	 -0.372503 
0.660000 	 0.582639 
0.670000 	 0.503382 
0.680000 	 0.356625 
0.690000 	 -3.034358 
0.700000 	 -0.424336 
0.710000 	 0.360142 
0.720000 	 2.317382 
0.730000 	 1.939343 
0.740000 	 0.837629 
0.750000 	 1.608103 
0.760000 	 -1.457942 
0.770000 	 2.168075 
0.780000 	 3.016840 
0.790000 	 2.527834 
0.800000 	 -2.401369 
0.810000 	 2.593651 
0.820000 	 0.237555 
0.830000 	 0.430208 
0.840000 	 0.819100 
0.850000 	 -1.636261 
0.860000 	 1.324780 
0.870000 	 0.549886 
0.880000 	 -0.402670 
0.890000 	 -3.348451 
0.900000 	 2.143496 
0.910000 	 -0.470918 
0.920000 	 1.277189 
0.930000 	 -0.744688 
0.940000 	 -2.931254 
0.950000 	 0.487959 
0.960000 	 1.528235 
0.970000 	 -2.933250 
0.980000 	 0.251697 
0.990000 	 2.751496 
1.000000 	 -2.329373 
1.010000 	 -0.163945 
1.020000 	 2.632958 
1.030000 	 1.195146 
1.040000 	 -0.332424 
1.050000 	 -0.835987 
1.060000 	 2.959961 
1.070000 	 1.082666 
1.080000 	 0.086768 
1.090000 	 -1.699098 
1.100000 	 1.704236 
1.110000 	 0.865197 
1.120000 	 -0.835068 
1.130000 	 -0.651788 
1.140000 	 -1.056572 
1.150000 	 0.904822 
1.160000 	 -0.538078 
1.170000 	 -0.049820 
1.180000 	 -1.042587 
1.190000 	 1.725098 
1.200000 	 3.276297 
1.210000 	 1.589710 
1.220000 	 -0.108509 
1.230000 	 0.119597 
1.240000 	 0.328035 
1.250000 	 5.423655 
1.260000 	 0.480674 
1.270000 	 0.417021 
1.280000 	 0.661664 
1.290000 	 2.145301 
1.300000 	 1.081510 
1.310000 	 2.345651 
1.320000 	 0.052793 
1.330000 	 -0.203626 
1.340000 	 0.544795 
1.350000 	 0.108582 
1.360000 	 1.368269 
1.370000 	 -2.468639 
1.380000 	 2.316969 
1.390000 	 1.895767 
1.400000 	 0.119120 
1.410000 	 2.884505 
1.420000 	 0.622076 
1.430000 	 1.257430 
1.440000 	 -0.773558 
1.450000 	 0.386260 
1.460000 	 3.914112 
1.470000 	 -0.866597 
1.480000 	 0.429045 
1.490000 	 -1.176375 
1.500000 	 -0.532478 
1.510000 	 -1.271214 
1.520000 	 1.294105 
1.530000 	 -0.660043 
1.540000 	 -0.922152 
1.550000 	 1.067253 
1.560000 	 -0.341228 
1.570000 	 0.823499 
1.580000 	 2.627299 
1.590000 	 1.008628 
1.600000 	 -0.147776 
1.610000 	 3.362349 
1.620000 	 -1.196038 
1.630000 	 2.419472 
1.640000 	 0.109955 
1.650000 	 2.745454 
1.660000 	 -0.896246 
1.670000 	 0.733669 
1.680000 	 -2.481851 
1.690000 	 0.548822 
1.700000 	 1.819552 
1.710000 	 3.012369 
1.720000 	 -2.268346 
1.730000 	 1.718498 
1.740000 	 2.736920 
1.750000 	 0.086317 
1.760000 	 -0.700697 
1.770000 	 -0.220449 
1.780000 	 2.602358 
1.790000 	 -1.163830 
1.800000 	 2.137201 
1.810000 	 1.069610 
1.820000 	 1.503570 
1.830000 	 1.750164 
1.840000 	 1.549639 
1.850000 	 3.127094 
1.860000 	 2.600973 
1.870000 	 1.630459 
1.880000 	 3.672048 
1.890000 	 2.341077 
1.900000 	 2.322322 
1.910000 	 -0.941258 
1.920000 	 1.867869 
1.930000 	 -0.056443 
1.940000 	 1.883454 
1.950000 	 0.847573 
1.960000 	 4.167148 
1.970000 	 1.941624 
1.980000 	 1.554760 
1.990000 	 2.786769 
2.000000 	 0.199912 
2.010000 	 -1.126555 
2.020000 	 1.932065 
2.030000 	 2.695234 
2.040000 	 2.332838 
2.050000 	 3.678288 
2.060000 	 -0.348268 
2.070000 	 1.503597 
2.080000 	 1.767486 
2.090000 	 1.315209 
2.100000 	 3.291224 
2.110000 	 2.438288 
2.120000 	 -0.394428 
2.130000 	 4.739984 
2.140000 	 2.310909 
2.150000 	 -0.217126 
2.160000 	 2.333712 
2.170000 	 4.888871 
2.180000 	 3.785664 
2.190000 	 1.411053 
2.200000 	 7.377466 
2.210000 	 0.411974 
2.220000 	 2.544102 
2.230000 	 2.133058 
2.240000 	 1.642965 
2.250000 	 3.581524 
2.260000 	 4.802035 
2.270000 	 0.810144 
2.280000 	 6.073006 
2.290000 	 5.045484 
2.300000 	 2.714988 
2.310000 	 3.544655 
2.320000 	 2.042958 
2.330000 	 5.212467 
2.340000 	 5.082756 
2.350000 	 5.755007 
2.360000 	 3.103571 
2.370000 	 3.034475 
2.380000 	 3.639364 
2.390000 	 4.978756 
2.400000 	 3.411181 
2.410000 	 3.657208 
2.420000 	 5.382875 
2.430000 	 2.637113 
2.440000 	 3.972843 
2.450000 	 5.067693 
2.460000 	 5.307916 
2.470000 	 5.667161 
2.480000 	 4.411410 
2.490000 	 3.940921 
2.500000 	 5.521909 
2.510000 	 7.292368 
2.520000 	 4.469494 
2.530000 	 4.573195 
2.540000 	 3.987761 
2.550000 	 7.231377 
2.560000 	 7.550924 
2.570000 	 4.853536 
2.580000 	 5.730599 
2.590000 	 6.646831 
2.600000 	 8.657217 
2.610000 	 5.026419 
2.620000 	 6.836462 
2.630000 	 7.196161 
2.640000 	 6.313541 
2.650000 	 6.338235 
2.660000 	 7.331143 
2.670000 	 4.474785 
2.680000 	 5.168188 
2.690000 	 3.927997 
2.700000 	 5.115418 
2.710000 	 5.814733 
2.720000 	 6.164250 
2.730000 	 3.799739 
2.740000 	 7.892005 
2.750000 	 6.013125 
2.760000 	 7.285143 
2.770000 	 6.917539 
2.780000 	 6.886299 
2.790000 	 4.266682 
2.800000 	 8.405462 
2.810000 	 8.149596 
2.820000 	 8.667820 
2.830000 	 6.083389 
2.840000 	 9.905531 
2.850000 	 8.987995 
2.860000 	 10.059656 
2.870000 	 7.466642 
2.880000 	 9.764376 
2.890000 	 10.283613 
2.900000 	 9.403932 
2.910000 	 5.594582 
2.920000 	 8.720063 
2.930000 	 9.886667 
2.940000 	 9.720655 
2.950000 	 10.734483 
2.960000 	 9.590701 
2.970000 	 9.825076 
2.980000 	 10.491197 
2.990000 	 11.089350 
3.000000 	 8.054038 
3.010000 	 9.012608 
3.020000 	 11.156969 
3.030000 	 8.640782 
3.040000 	 9.822522 
3.050000 	 6.751808 
3.060000 	 10.668513 
3.070000 	 11.469289 
3.080000 	 14.312890 
3.090000 	 9.513143 
3.100000 	 10.414971 
3.110000 	 11.107268 
3.120000 	 10.879304 
3.130000 	 10.412521 
3.140000 	 10.559866 
3.150000 	 13.351075 
3.160000 	 11.704637 
3.170000 	 12.397914 
3.180000 	 13.933665 
3.190000 	 13.573966 
3.200000 	 10.357743 
3.210000 	 13.874281 
3.220000 	 10.114263 
3.230000 	 13.280863 
3.240000 	 13.208858 
3.250000 	 16.817113 
3.260000 	 13.290084 
3.270000 	 13.530462 
3.280000 	 14.533932 
3.290000 	 15.047353 
3.300000 	 13.704582 
3.310000 	 15.709601 
3.320000 	 16.417451 
3.330000 	 16.743159 
3.340000 	 16.580616 
3.350000 	 15.722105 
3.360000 	 15.830528 
3.370000 	 15.233241 
3.380000 	 17.950289 
3.390000 	 17.384258 
3.400000 	 17.528922 
3.410000 	 17.151287 
3.420000 	 16.133413 
3.430000 	 17.328292 
3.440000 	 17.319668 
3.450000 	 18.987935 
3.460000 	 17.481874 
3.470000 	 18.573004 
3.480000 	 18.758106 
3.490000 	 22.938148 
3.500000 	 19.036702 
3.510000 	 19.806331 
3.520000 	 21.539980 
3.530000 	 21.642532 
3.540000 	 20.451146 
3.550000 	 18.193892 
3.560000 	 20.983314 
3.570000 	 18.627184 
3.580000 	 20.726890 
3.590000 	 22.498813 
3.600000 	 22.406288 
3.610000 	 22.940641 
3.620000 	 24.952205 
3.630000 	 23.469623 
3.640000 	 20.763089 
3.650000 	 23.669579 
3.660000 	 23.471438 
3.670000 	 21.582188 
3.680000 	 24.426636 
3.690000 	 22.034335 
3.700000 	 22.146482 
3.710000 	 25.358669 
3.720000 	 26.523189 
3.730000 	 23.659426 
3.740000 	 23.767465 
3.750000 	 25.439550 
3.760000 	 27.345366 
3.770000 	 25.206429 
3.780000 	 28.460978 
3.790000 	 24.727164 
3.800000 	 29.508107 
3.810000 	 26.989178 
3.820000 	 28.539926 
3.830000 	 27.349189 
3.840000 	 30.048272 
3.850000 	 27.735134 
3.860000 	 27.641691 
3.870000 	 27.919971 
3.880000 	 30.375867 
3.890000 	 27.328565 
3.900000 	 28.776816 
3.910000 	 29.368467 
3.920000 	 30.221833 
3.930000 	 29.538662 
3.940000 	 29.984140 
3.950000 	 30.122022 
3.960000 	 31.265503 
3.970000 	 30.689652 
3.980000 	 33.258819 
3.990000 	 33.092937 
4.000000 	 32.404056 
