-3.000000 	 -14.889872 
-2.990000 	 -14.022967 
-2.980000 	 -13.269054 
-2.970000 	 -13.254960 
-2.960000 	 -9.871157 
-2.950000 	 -12.657401 
-2.940000 	 -10.608049 
-2.930000 	 -9.730531 
-2.920000 	 -13.473670 
-2.910000 	 -9.547001 
-2.900000 	 -11.767171 
-2.890000 	 -13.237760 
-2.880000 	 -12.648359 
-2.870000 	 -11.640880 
-2.860000 	 -9.175339 
-2.850000 	 -8.742225 
-2.840000 	 -11.323904 
-2.830000 	 -11.521835 
-2.820000 	 -10.564171 
-2.810000 	 -10.811213 
-2.800000 	 -11.613945 
-2.790000 	 -9.152293 
-2.780000 	 -8.971480 
-2.770000 	 -11.888070 
-2.760000 	 -6.255261 
-2.750000 	 -11.817101 
-2.740000 	 -11.865288 
-2.730000 	 -10.639381 
-2.720000 	 -10.872809 
-2.710000 	 -12.880805 
-2.700000 	 -11.316029 
-2.690000 	 -14.882749 
-2.680000 	 -11.084938 
-2.670000 	 -10.459716 
-2.660000 	 -10.666574 
-2.650000 	 -10.206670 
-2.640000 	 -9.587518 
-2.630000 	 -9.552143 
-2.620000 	 -6.292793 
-2.610000 	 -11.163565 
-2.600000 	 -11.292367 
-2.590000 	 -7.915009 
-2.580000 	 -10.273220 
-2.570000 	 -9.344291 
-2.560000 	 -9.402916 
-2.550000 	 -11.367360 
-2.540000 	 -8.745482 
-2.530000 	 -10.069759 
-2.520000 	 -9.907123 
-2.510000 	 -7.306092 
-2.500000 	 -9.623597 
-2.490000 	 -8.556170 
-2.480000 	 -6.410432 
-2.470000 	 -8.416149 
-2.460000 	 -10.684395 
-2.450000 	 -11.137057 
-2.440000 	 -6.730022 
-2.430000 	 -6.935748 
-2.420000 	 -9.475281 
-2.410000 	 -9.885964 
-2.400000 	 -8.497880 
-2.390000 	 -7.200906 
-2.380000 	 -10.094779 
-2.370000 	 -8.259261 
-2.360000 	 -8.741451 
-2.350000 	 -4.120572 
-2.340000 	 -9.694334 
-2.330000 	 -9.186923 
-2.320000 	 -7.585095 
-2.310000 	 -9.801895 
-2.300000 	 -10.164936 
-2.290000 	 -12.342469 
-2.280000 	 -6.702971 
-2.270000 	 -7.268111 
-2.260000 	 -7.233182 
-2.250000 	 -11.079479 
-2.240000 	 -8.437523 
-2.230000 	 -11.239736 
-2.220000 	 -5.551509 
-2.210000 	 -8.377600 
-2.200000 	 -7.620728 
-2.190000 	 -7.721107 
-2.180000 	 -4.659902 
-2.170000 	 -9.226046 
-2.160000 	 -10.787733 
-2.150000 	 -7.128910 
-2.140000 	 -7.603900 
-2.130000 	 -7.510158 
-2.120000 	 -7.189516 
-2.110000 	 -9.731895 
-2.100000 	 -5.428560 
-2.090000 	 -8.567723 
-2.080000 	 -7.395552 
-2.070000 	 -5.980723 
-2.060000 	 -8.850138 
-2.050000 	 -8.679762 
-2.040000 	 -5.929936 
-2.030000 	 -8.338963 
-2.020000 	 -7.133407 
-2.010000 	 -6.998407 
-2.000000 	 -7.017363 
-1.990000 	 -8.727889 
-1.980000 	 -6.269547 
-1.970000 	 -8.705365 
-1.960000 	 -4.994680 
-1.950000 	 -9.022951 
-1.940000 	 -5.936061 
-1.930000 	 -5.247360 
-1.920000 	 -6.326127 
-1.910000 	 -5.112320 
-1.900000 	 -3.881551 
-1.890000 	 -7.232391 
-1.880000 	 -7.661813 
-1.870000 	 -6.081352 
-1.860000 	 -5.577044 
-1.850000 	 -6.487205 
-1.840000 	 -5.900085 
-1.830000 	 -4.999032 
-1.820000 	 -6.560888 
-1.810000 	 -6.864184 
-1.800000 	 -4.468554 
-1.790000 	 -5.668830 
-1.780000 	 -5.621192 
-1.770000 	 -5.074653 
-1.760000 	 -6.197889 
-1.750000 	 -9.528893 
-1.740000 	 -4.082818 
-1.730000 	 -3.609686 
-1.720000 	 -5.205024 
-1.710000 	 -2.095318 
-1.700000 	 -3.376255 
-1.690000 	 -3.065240 
-1.680000 	 -5.590827 
-1.670000 	 -5.201656 
-1.660000 	 -4.804250 
-1.650000 	 -4.121948 
-1.640000 	 -4.934463 
-1.630000 	 -6.086823 
-1.620000 	 -5.829375 
-1.610000 	 -4.457852 
-1.600000 	 -5.050168 
-1.590000 	 -3.610612 
-1.580000 	 -2.715623 
-1.570000 	 -1.699646 
-1.560000 	 -3.677203 
-1.550000 	 -3.196699 
-1.540000 	 -5.824623 
-1.530000 	 -5.895327 
-1.520000 	 -6.226567 
-1.510000 	 -1.932880 
-1.500000 	 -4.528457 
-1.490000 	 -2.940243 
-1.480000 	 -3.735554 
-1.470000 	 -2.423918 
-1.460000 	 -6.523989 
-1.450000 	 -3.660298 
-1.440000 	 -0.363797 
-1.430000 	 -3.008964 
-1.420000 	 -3.601480 
-1.410000 	 -4.548147 
-1.400000 	 -7.843548 
-1.390000 	 -3.974321 
-1.380000 	 -3.265300 
-1.370000 	 -5.289118 
-1.360000 	 -2.748012 
-1.350000 	 -2.369618 
-1.340000 	 0.090746 
-1.330000 	 -4.004892 
-1.320000 	 -4.009151 
-1.310000 	 -2.709459 
-1.300000 	 -2.711237 
-1.290000 	 -1.834793 
-1.280000 	 0.363161 
-1.270000 	 -4.335929 
-1.260000 	 -3.880153 
-1.250000 	 -2.334093 
-1.240000 	 -2.512645 
-1.230000 	 -4.237135 
-1.220000 	 -2.736670 
-1.210000 	 -4.646182 
-1.200000 	 -1.521023 
-1.190000 	 -4.794168 
-1.180000 	 -0.099145 
-1.170000 	 -2.042210 
-1.160000 	 -0.851272 
-1.150000 	 -2.696240 
-1.140000 	 -3.901904 
-1.130000 	 -2.042696 
-1.120000 	 -3.354200 
-1.110000 	 -1.320361 
-1.100000 	 1.083525 
-1.090000 	 -2.752633 
-1.080000 	 -4.399878 
-1.070000 	 -2.902291 
-1.060000 	 -4.712878 
-1.050000 	 -3.491700 
-1.040000 	 -2.497637 
-1.030000 	 -2.897800 
-1.020000 	 -2.231074 
-1.010000 	 -3.353861 
-1.000000 	 -0.378218 
-0.990000 	 -2.576259 
-0.980000 	 -3.087996 
-0.970000 	 -4.399483 
-0.960000 	 -1.728069 
-0.950000 	 -2.028306 
-0.940000 	 -1.086748 
-0.930000 	 -1.857537 
-0.920000 	 1.395893 
-0.910000 	 -2.026108 
-0.900000 	 -1.082946 
-0.890000 	 0.523983 
-0.880000 	 -3.479433 
-0.870000 	 -1.546981 
-0.860000 	 -2.675946 
-0.850000 	 1.454978 
-0.840000 	 -1.020129 
-0.830000 	 0.555912 
-0.820000 	 -2.317433 
-0.810000 	 -1.708484 
-0.800000 	 0.454594 
-0.790000 	 -1.203886 
-0.780000 	 -7.313583 
-0.770000 	 -2.303448 
-0.760000 	 -0.383404 
-0.750000 	 -3.386789 
-0.740000 	 -0.557874 
-0.730000 	 -2.223633 
-0.720000 	 -0.999236 
-0.710000 	 -0.392899 
-0.700000 	 -3.803931 
-0.690000 	 1.508016 
-0.680000 	 -0.735031 
-0.670000 	 -0.397264 
-0.660000 	 0.611216 
-0.650000 	 0.404073 
-0.640000 	 -4.587880 
-0.630000 	 1.141969 
-0.620000 	 -4.494605 
-0.610000 	 -1.434889 
-0.600000 	 -0.879374 
-0.590000 	 -0.424590 
-0.580000 	 -1.625691 
-0.570000 	 -1.581884 
-0.560000 	 -0.368751 
-0.550000 	 1.268650 
-0.540000 	 -1.275455 
-0.530000 	 -0.785574 
-0.520000 	 -0.244583 
-0.510000 	 -1.428543 
-0.500000 	 -0.498140 
-0.490000 	 0.782297 
-0.480000 	 -2.045129 
-0.470000 	 1.377373 
-0.460000 	 -2.752143 
-0.450000 	 1.189492 
-0.440000 	 -1.071388 
-0.430000 	 0.830635 
-0.420000 	 -0.175870 
-0.410000 	 -0.948482 
-0.400000 	 0.006816 
-0.390000 	 -2.941337 
-0.380000 	 -2.348640 
-0.370000 	 1.343550 
-0.360000 	 -2.365082 
-0.350000 	 1.723590 
-0.340000 	 -1.792782 
-0.330000 	 -0.428444 
-0.320000 	 1.988996 
-0.310000 	 -0.528904 
-0.300000 	 -1.108224 
-0.290000 	 1.569386 
-0.280000 	 -1.937691 
-0.270000 	 -0.120827 
-0.260000 	 2.249685 
-0.250000 	 -0.260654 
-0.240000 	 -2.064951 
-0.230000 	 0.548665 
-0.220000 	 0.750873 
-0.210000 	 -0.453758 
-0.200000 	 2.546969 
-0.190000 	 -1.352303 
-0.180000 	 1.461532 
-0.170000 	 -1.178034 
-0.160000 	 0.597609 
-0.150000 	 -1.243049 
-0.140000 	 -0.871335 
-0.130000 	 -2.022512 
-0.120000 	 0.426522 
-0.110000 	 -0.358403 
-0.100000 	 0.588195 
-0.090000 	 0.035101 
-0.080000 	 -0.514109 
-0.070000 	 -0.345951 
-0.060000 	 -1.165547 
-0.050000 	 0.120598 
-0.040000 	 -1.387774 
-0.030000 	 1.342799 
-0.020000 	 1.323239 
-0.010000 	 1.529628 
0.000000 	 0.172209 
0.010000 	 -1.098938 
0.020000 	 -0.091005 
0.030000 	 0.519666 
0.040000 	 1.398622 
0.050000 	 1.616963 
0.060000 	 -3.240688 
0.070000 	 -1.674570 
0.080000 	 1.491928 
0.090000 	 -1.456624 
0.100000 	 -3.660056 
0.110000 	 -1.361516 
0.120000 	 0.960014 
0.130000 	 0.042739 
0.140000 	 0.769649 
0.150000 	 0.119991 
0.160000 	 1.837154 
0.170000 	 -1.054512 
0.180000 	 2.715271 
0.190000 	 1.144348 
0.200000 	 -0.326093 
0.210000 	 -1.462167 
0.220000 	 1.956013 
0.230000 	 2.681326 
0.240000 	 0.792860 
0.250000 	 -1.168456 
0.260000 	 -1.401794 
0.270000 	 0.007356 
0.280000 	 -0.841219 
0.290000 	 -1.593785 
0.300000 	 -0.835131 
0.310000 	 2.658143 
0.320000 	 2.530736 
0.330000 	 2.274054 
0.340000 	 0.257701 
0.350000 	 -3.028163 
0.360000 	 -2.573310 
0.370000 	 0.905729 
0.380000 	 -1.291345 
0.390000 	 3.653549 
0.400000 	 0.558924 
0.410000 	 -3.351982 
0.420000 	 1.687989 
0.430000 	 1.551010 
0.440000 	 -1.591040 
0.450000 	 3.960080 
0.460000 	 1.135418 
0.470000 	 -1.273691 
0.480000 	 0.579064 
0.490000 	 1.749587 
0.500000 	 1.185437 
0.510000 	 1.515112 
0.520000 	 -0.453309 
0.530000 	 -0.265475 
0.540000 	 1.882817 
0.550000 	 0.099140 
0.560000 	 3.646230 
0.570000 	 -0.258316 
0.580000 	 -2.656578 
0.590000 	 0.374045 
0.600000 	 -1.765959 
0.610000 	 0.683406 
0.620000 	 1.501700 
0.630000 	 2.874555 
0.640000 	 0.086919 
0.650000 	 -0.431272 
0.660000 	 1.810203 
0.670000 	 3.221573 
0.680000 	 0.410829 
0.690000 	 -1.248276 
0.700000 	 -1.738152 
0.710000 	 0.378854 
0.720000 	 2.483971 
0.730000 	 1.160096 
0.740000 	 -0.770486 
0.750000 	 1.507407 
0.760000 	 1.166585 
0.770000 	 -1.363084 
0.780000 	 -1.142784 
0.790000 	 1.038686 
0.800000 	 1.331892 
0.810000 	 0.865000 
0.820000 	 -2.252872 
0.830000 	 -0.486832 
0.840000 	 1.343240 
0.850000 	 -1.660817 
0.860000 	 1.846340 
0.870000 	 0.279250 
0.880000 	 1.558295 
0.890000 	 0.204684 
0.900000 	 2.988878 
0.910000 	 2.234476 
0.920000 	 1.401833 
0.930000 	 -0.025245 
0.940000 	 -4.748703 
0.950000 	 -3.081460 
0.960000 	 -1.281023 
0.970000 	 0.415916 
0.980000 	 0.284734 
0.990000 	 0.455573 
1.000000 	 -0.932578 
1.010000 	 0.107921 
1.020000 	 2.250529 
1.030000 	 0.082180 
1.040000 	 1.072023 
1.050000 	 -0.907822 
1.060000 	 -1.446969 
1.070000 	 1.260088 
1.080000 	 4.132085 
1.090000 	 1.053771 
1.100000 	 -0.770167 
1.110000 	 2.926735 
1.120000 	 -3.151886 
1.130000 	 1.477646 
1.140000 	 5.214925 
1.150000 	 1.129752 
1.160000 	 -2.522537 
1.170000 	 -0.684136 
1.180000 	 0.415377 
1.190000 	 1.248439 
1.200000 	 1.313587 
1.210000 	 0.720260 
1.220000 	 2.721359 
1.230000 	 1.451100 
1.240000 	 -0.244979 
1.250000 	 -1.171930 
1.260000 	 -2.735291 
1.270000 	 0.527926 
1.280000 	 3.758216 
1.290000 	 -1.223369 
1.300000 	 -1.201254 
1.310000 	 2.001935 
1.320000 	 0.824670 
1.330000 	 1.286674 
1.340000 	 0.301338 
1.350000 	 -0.487775 
1.360000 	 1.022220 
1.370000 	 1.640532 
1.380000 	 -0.409982 
1.390000 	 1.497423 
1.400000 	 1.913908 
1.410000 	 -0.964695 
1.420000 	 -0.690325 
1.430000 	 3.858467 
1.440000 	 0.223298 
1.450000 	 3.785770 
1.460000 	 3.039443 
1.470000 	 4.461581 
1.480000 	 1.347533 
1.490000 	 -3.780730 
1.500000 	 0.852462 
1.510000 	 1.092960 
1.520000 	 -1.035286 
1.530000 	 2.892112 
1.540000 	 1.998954 
1.550000 	 1.502834 
1.560000 	 2.116078 
1.570000 	 0.409049 
1.580000 	 1.755317 
1.590000 	 0.492490 
1.600000 	 2.155266 
1.610000 	 23.000000 
1.620000 	 1.076991 
1.630000 	 -2.252109 
1.640000 	 -1.061435 
1.650000 	 1.985949 
1.660000 	 2.414125 
1.670000 	 0.715722 
1.680000 	 -2.044704 
1.690000 	 1.697200 
1.700000 	 0.111134 
1.710000 	 1.692346 
1.720000 	 0.649307 
1.730000 	 0.753005 
1.740000 	 3.995499 
1.750000 	 1.800925 
1.760000 	 1.244608 
1.770000 	 5.069658 
1.780000 	 -1.141595 
1.790000 	 -0.529025 
1.800000 	 -0.578737 
1.810000 	 3.386673 
1.820000 	 1.789851 
1.830000 	 2.255500 
1.840000 	 2.132647 
1.850000 	 1.001693 
1.860000 	 0.541777 
1.870000 	 -0.339690 
1.880000 	 -0.181347 
1.890000 	 0.583325 
1.900000 	 0.209308 
1.910000 	 4.533652 
1.920000 	 -0.319095 
1.930000 	 0.670191 
1.940000 	 -2.082910 
1.950000 	 2.931266 
1.960000 	 1.578288 
1.970000 	 0.852106 
1.980000 	 3.609154 
1.990000 	 5.033066 
2.000000 	 1.430738 
2.010000 	 4.076524 
2.020000 	 1.302680 
2.030000 	 3.498053 
2.040000 	 4.571357 
2.050000 	 3.913911 
2.060000 	 4.110260 
2.070000 	 2.552698 
2.080000 	 5.434677 
2.090000 	 3.811473 
2.100000 	 2.689445 
2.110000 	 1.261840 
2.120000 	 2.697797 
2.130000 	 2.458689 
2.140000 	 5.866845 
2.150000 	 3.498360 
2.160000 	 4.555716 
2.170000 	 1.733879 
2.180000 	 4.626202 
2.190000 	 1.637017 
2.200000 	 2.514206 
2.210000 	 3.099530 
2.220000 	 -0.114739 
2.230000 	 1.769009 
2.240000 	 3.292564 
2.250000 	 4.324389 
2.260000 	 2.229202 
2.270000 	 2.272792 
2.280000 	 4.004988 
2.290000 	 4.665350 
2.300000 	 4.389619 
2.310000 	 1.954289 
2.320000 	 4.319779 
2.330000 	 6.981482 
2.340000 	 4.926052 
2.350000 	 5.720658 
2.360000 	 2.630891 
2.370000 	 4.482970 
2.380000 	 2.870032 
2.390000 	 5.656071 
2.400000 	 2.934194 
2.410000 	 6.585026 
2.420000 	 6.142583 
2.430000 	 6.118275 
2.440000 	 9.008490 
2.450000 	 5.315441 
2.460000 	 4.427799 
2.470000 	 2.014393 
2.480000 	 1.944487 
2.490000 	 5.321193 
2.500000 	 5.752760 
2.510000 	 5.106137 
2.520000 	 9.739498 
2.530000 	 4.676987 
2.540000 	 7.473564 
2.550000 	 5.636490 
2.560000 	 5.283782 
2.570000 	 5.195448 
2.580000 	 1.918023 
2.590000 	 3.975300 
2.600000 	 6.327692 
2.610000 	 7.449998 
2.620000 	 3.035014 
2.630000 	 7.025035 
2.640000 	 8.023693 
2.650000 	 4.632001 
2.660000 	 5.721560 
2.670000 	 4.800479 
2.680000 	 4.211837 
2.690000 	 5.754352 
2.700000 	 5.387094 
2.710000 	 6.956166 
2.720000 	 7.543307 
2.730000 	 5.257785 
2.740000 	 7.011807 
2.750000 	 7.392831 
2.760000 	 8.468738 
2.770000 	 7.375621 
2.780000 	 8.313858 
2.790000 	 5.871467 
2.800000 	 10.798586 
2.810000 	 7.235880 
2.820000 	 9.630411 
2.830000 	 6.796075 
2.840000 	 7.460554 
2.850000 	 9.065170 
2.860000 	 9.891653 
2.870000 	 9.014247 
2.880000 	 8.181935 
2.890000 	 11.413139 
2.900000 	 9.776534 
2.910000 	 7.001249 
2.920000 	 9.112440 
2.930000 	 10.053199 
2.940000 	 8.941186 
2.950000 	 10.668422 
2.960000 	 7.740626 
2.970000 	 9.839009 
2.980000 	 9.611662 
2.990000 	 9.822284 
3.000000 	 12.622579 
3.010000 	 10.830859 
3.020000 	 8.754536 
3.030000 	 10.275260 
3.040000 	 11.851448 
3.050000 	 10.672731 
3.060000 	 12.404303 
3.070000 	 10.182247 
3.080000 	 8.482056 
3.090000 	 15.396026 
3.100000 	 13.648239 
3.110000 	 11.183683 
3.120000 	 11.715054 
3.130000 	 13.950471 
3.140000 	 14.916690 
3.150000 	 11.741886 
3.160000 	 15.926174 
3.170000 	 13.109056 
3.180000 	 12.776816 
3.190000 	 15.844448 
3.200000 	 14.564599 
3.210000 	 10.325670 
3.220000 	 10.731099 
3.230000 	 12.487564 
3.240000 	 16.578493 
3.250000 	 14.209719 
3.260000 	 13.959595 
3.270000 	 13.171674 
3.280000 	 17.827730 
3.290000 	 15.703411 
3.300000 	 13.923703 
3.310000 	 14.484397 
3.320000 	 15.989299 
3.330000 	 14.191276 
3.340000 	 13.949706 
3.350000 	 15.091179 
3.360000 	 15.988117 
3.370000 	 15.639149 
3.380000 	 16.810623 
3.390000 	 18.457128 
3.400000 	 17.215105 
3.410000 	 -6.000000 
3.420000 	 16.464127 
3.430000 	 19.352066 
3.440000 	 17.491216 
3.450000 	 19.280813 
3.460000 	 19.421583 
3.470000 	 19.597198 
3.480000 	 20.764846 
3.490000 	 18.239789 
3.500000 	 20.793398 
3.510000 	 17.599809 
3.520000 	 19.888182 
3.530000 	 21.119898 
3.540000 	 20.740454 
3.550000 	 19.033992 
3.560000 	 20.691497 
3.570000 	 21.727068 
3.580000 	 20.667736 
3.590000 	 21.390139 
3.600000 	 21.577122 
3.610000 	 19.674756 
3.620000 	 20.298849 
3.630000 	 24.301738 
3.640000 	 20.113164 
3.650000 	 22.080160 
3.660000 	 21.778571 
3.670000 	 20.814189 
3.680000 	 24.062003 
3.690000 	 24.948304 
3.700000 	 22.873506 
3.710000 	 23.947233 
3.720000 	 25.822746 
3.730000 	 27.220080 
3.740000 	 24.649909 
3.750000 	 24.936627 
3.760000 	 23.445279 
3.770000 	 29.654815 
3.780000 	 25.859656 
3.790000 	 29.241220 
3.800000 	 27.451787 
3.810000 	 28.730490 
3.820000 	 28.316148 
3.830000 	 26.757324 
3.840000 	 30.190798 
3.850000 	 28.957809 
3.860000 	 24.621829 
3.870000 	 29.081644 
3.880000 	 27.252373 
3.890000 	 28.149019 
3.900000 	 29.219879 
3.910000 	 28.515271 
3.920000 	 33.104933 
3.930000 	 32.345776 
3.940000 	 30.677659 
3.950000 	 30.942795 
3.960000 	 25.577760 
3.970000 	 30.793977 
3.980000 	 33.175797 
3.990000 	 29.893116 
4.000000 	 32.598489 
