-3.000000 	 -12.196264 
-2.990000 	 -11.997624 
-2.980000 	 -14.307407 
-2.970000 	 -11.703887 
-2.960000 	 -10.863922 
-2.950000 	 -10.565802 
-2.940000 	 -9.058692 
-2.930000 	 -11.361134 
-2.920000 	 -10.691383 
-2.910000 	 -12.403371 
-2.900000 	 -11.448008 
-2.890000 	 -11.152568 
-2.880000 	 -12.432311 
-2.870000 	 -15.485901 
-2.860000 	 -9.981164 
-2.850000 	 -14.880140 
-2.840000 	 -11.168432 
-2.830000 	 -13.103854 
-2.820000 	 -10.770539 
-2.810000 	 -10.408617 
-2.800000 	 -11.639674 
-2.790000 	 -10.292291 
-2.780000 	 -11.929728 
-2.770000 	 -11.279520 
-2.760000 	 -11.792949 
-2.750000 	 -10.619448 
-2.740000 	 -10.979765 
-2.730000 	 -13.280668 
-2.720000 	 -9.762583 
-2.710000 	 -10.402701 
-2.700000 	 -7.026009 
-2.690000 	 -11.361751 
-2.680000 	 -7.458694 
-2.670000 	 -10.832920 
-2.660000 	 -9.713644 
-2.650000 	 -10.195345 
-2.640000 	 -10.745222 
-2.630000 	 -8.407060 
-2.620000 	 -12.224270 
-2.610000 	 -10.997112 
-2.600000 	 -10.239918 
-2.590000 	 -10.833644 
-2.580000 	 -10.937219 
-2.570000 	 -11.219111 
-2.560000 	 -9.861655 
-2.550000 	 -12.850249 
-2.540000 	 -8.765067 
-2.530000 	 -9.936409 
-2.520000 	 -9.435038 
-2.510000 	 -8.937003 
-2.500000 	 -10.096423 
-2.490000 	 -12.247667 
-2.480000 	 -7.620378 
-2.470000 	 -8.567025 
-2.460000 	 -10.346791 
-2.450000 	 -10.502752 
-2.440000 	 -9.758325 
-2.430000 	 -8.672001 
-2.420000 	 -11.240120 
-2.410000 	 -11.568683 
-2.400000 	 -8.215546 
-2.390000 	 -7.865468 
-2.380000 	 -5.847008 
-2.370000 	 -7.436693 
-2.360000 	 -8.219583 
-2.350000 	 -7.374976 
-2.340000 	 -11.932735 
-2.330000 	 -11.794391 
-2.320000 	 -7.722195 
-2.310000 	 -6.572703 
-2.300000 	 -10.238568 
-2.290000 	 -7.206997 
-2.280000 	 -8.602595 
-2.270000 	 -9.327937 
-2.260000 	 -9.826699 
-2.250000 	 -8.049353 
-2.240000 	 -8.730901 
-2.230000 	 -6.957892 
-2.220000 	 -7.836055 
-2.210000 	 -7.668108 
-2.200000 	 -7.978609 
-2.190000 	 -7.840783 
-2.180000 	 -5.728793 
-2.170000 	 -6.305618 
-2.160000 	 -7.140543 
-2.150000 	 -9.192364 
-2.140000 	 -7.761748 
-2.130000 	 -8.367843 
-2.120000 	 -5.975642 
-2.110000 	 -8.234655 
-2.100000 	 -5.832317 
-2.090000 	 -7.118193 
-2.080000 	 -7.414813 
-2.070000 	 -11.562414 
-2.060000 	 -8.634848 
-2.050000 	 -6.126306 
-2.040000 	 -2.815747 
-2.030000 	 -6.474221 
-2.020000 	 -5.707488 
-2.010000 	 -6.741764 
-2.000000 	 -6.231734 
-1.990000 	 -5.354400 
-1.980000 	 -4.857057 
-1.970000 	 -4.010633 
-1.960000 	 -6.565884 
-1.950000 	 -6.343400 
-1.940000 	 -5.155969 
-1.930000 	 -8.295792 
-1.920000 	 -9.084420 
-1.910000 	 -6.737425 
-1.900000 	 -4.416855 
-1.890000 	 -4.154288 
-1.880000 	 -5.878399 
-1.870000 	 -6.049320 
-1.860000 	 -5.203203 
-1.850000 	 -7.421264 
-1.840000 	 -7.190086 
-1.830000 	 -6.516764 
-1.820000 	 -3.434803 
-1.810000 	 -2.832873 
-1.800000 	 -4.856489 
-1.790000 	 -5.116356 
-1.780000 	 -6.092941 
-1.770000 	 -6.555974 
-1.760000 	 -7.327380 
-1.750000 	 -2.784477 
-1.740000 	 -7.252324 
-1.730000 	 -3.358912 
-1.720000 	 -5.068161 
-1.710000 	 -6.237498 
-1.700000 	 -4.504413 
-1.690000 	 -4.745430 
-1.680000 	 -4.989836 
-1.670000 	 -2.612050 
-1.660000 	 -3.250952 
-1.650000 	 -8.375151 
-1.640000 	 -3.346034 
-1.630000 	 -3.105666 
-1.620000 	 -4.856601 
-1.610000 	 -3.845968 
-1.600000 	 -2.397696 
-1.590000 	 -1.895512 
-1.580000 	 -3.465622 
-1.570000 	 -5.373400 
-1.560000 	 -4.775042 
-1.550000 	 -5.667799 
-1.540000 	 -2.294282 
-1.530000 	 -4.794070 
-1.520000 	 -4.763575 
-1.510000 	 -1.773535 
-1.500000 	 -4.626449 
-1.490000 	 -2.414379 
-1.480000 	 -6.424133 
-1.470000 	 -8.971354 
-1.460000 	 -6.321824 
-1.450000 	 0.235021 
-1.440000 	 -4.089296 
-1.430000 	 -1.853110 
-1.420000 	 -2.615364 
-1.410000 	 -4.309737 
-1.400000 	 -4.334576 
-1.390000 	 -5.581458 
-1.380000 	 -1.791336 
-1.370000 	 -0.613197 
-1.360000 	 -4.158694 
-1.350000 	 -4.298361 
-1.340000 	 -3.193649 
-1.330000 	 -6.047666 
-1.320000 	 -5.803336 
-1.310000 	 -4.360165 
-1.300000 	 -3.274765 
-1.290000 	 -5.290881 
-1.280000 	 -4.351329 
-1.270000 	 -5.028800 
-1.260000 	 -2.900150 
-1.250000 	 -2.456437 
-1.240000 	 -4.086729 
-1.230000 	 -2.263292 
-1.220000 	 -3.164741 
-1.210000 	 -3.969216 
-1.200000 	 -3.773694 
-1.190000 	 -4.337218 
-1.180000 	 -3.511924 
-1.170000 	 -4.195133 
-1.160000 	 -3.959271 
-1.150000 	 -4.146845 
-1.140000 	 -3.040833 
-1.130000 	 -4.075452 
-1.120000 	 -0.539386 
-1.110000 	 20.000000 
-1.100000 	 -1.469534 
-1.090000 	 -0.755440 
-1.080000 	 -1.199162 
-1.070000 	 -2.493126 
-1.060000 	 -2.654343 
-1.050000 	 -1.312220 
-1.040000 	 -1.484239 
-1.030000 	 -3.465288 
-1.020000 	 0.161621 
-1.010000 	 -0.898317 
-1.000000 	 -3.051396 
-0.990000 	 -1.549068 
-0.980000 	 0.157754 
-0.970000 	 -0.497456 
-0.960000 	 -2.531950 
-0.950000 	 -1.532405 
-0.940000 	 -0.162243 
-0.930000 	 3.807335 
-0.920000 	 -2.188979 
-0.910000 	 2.057765 
-0.900000 	 -4.468126 
-0.890000 	 -0.545659 
-0.880000 	 -0.686349 
-0.870000 	 -1.715656 
-0.860000 	 -1.636937 
-0.850000 	 -1.722596 
-0.840000 	 -0.028116 
-0.830000 	 -0.752078 
-0.820000 	 -2.572563 
-0.810000 	 -1.868040 
-0.800000 	 -4.157090 
-0.790000 	 -1.651412 
-0.780000 	 -1.365230 
-0.770000 	 -1.903359 
-0.760000 	 -2.001492 
-0.750000 	 -3.632233 
-0.740000 	 -0.878781 
-0.730000 	 -0.634789 
-0.720000 	 -0.612798 
-0.710000 	 -1.506819 
-0.700000 	 -3.178596 
-0.690000 	 -1.914509 
-0.680000 	 -3.647663 
-0.670000 	 -1.779405 
-0.660000 	 -0.449451 
-0.650000 	 -2.892271 
-0.640000 	 -1.415242 
-0.630000 	 -4.669007 
-0.620000 	 0.791586 
-0.610000 	 -2.353336 
-0.600000 	 0.104142 
-0.590000 	 -0.578368 
-0.580000 	 1.795885 
-0.570000 	 -1.344976 
-0.560000 	 0.581738 
-0.550000 	 -1.014635 
-0.540000 	 -0.390088 
-0.530000 	 -2.586893 
-0.520000 	 -1.310729 
-0.510000 	 -3.786172 
-0.500000 	 -1.338733 
-0.490000 	 -1.981912 
-0.480000 	 2.289814 
-0.470000 	 -2.567658 
-0.460000 	 -0.657308 
-0.450000 	 -1.374806 
-0.440000 	 0.392558 
-0.430000 	 -1.430586 
-0.420000 	 0.568734 
-0.410000 	 0.229361 
-0.400000 	 -1.584585 
-0.390000 	 1.113514 
-0.380000 	 0.496062 
-0.370000 	 -1.440878 
-0.360000 	 -0.439309 
-0.350000 	 -0.042626 
-0.340000 	 -2.459100 
-0.330000 	 -2.335964 
-0.320000 	 1.420204 
-0.310000 	 1.900512 
-0.300000 	 -1.837232 
-0.290000 	 -1.921635 
-0.280000 	 -1.736675 
-0.270000 	 -2.747698 
-0.260000 	 -0.543350 
-0.250000 	 1.838469 
-0.240000 	 -0.066978 
-0.230000 	 -0.492759 
-0.220000 	 1.292720 
-0.210000 	 1.584696 
-0.200000 	 1.193513 
-0.190000 	 -1.709528 
-0.180000 	 -0.610031 
-0.170000 	 -2.532081 
-0.160000 	 2.043534 
-0.150000 	 -0.391468 
-0.140000 	 -2.616161 
-0.130000 	 1.488065 
-0.120000 	 -1.011930 
-0.110000 	 2.138641 
-0.100000 	 -1.282221 
-0.090000 	 1.714890 
-0.080000 	 1.964435 
-0.070000 	 0.180044 
-0.060000 	 -0.183947 
-0.050000 	 2.274169 
-0.040000 	 -0.857866 
-0.030000 	 1.161144 
-0.020000 	 1.031004 
-0.010000 	 2.904037 
0.000000 	 0.828356 
0.010000 	 4.349361 
0.020000 	 -0.878639 
0.030000 	 -1.400619 
0.040000 	 1.072469 
0.050000 	 1.590976 
0.060000 	 -1.662782 
0.070000 	 1.853408 
0.080000 	 1.501007 
0.090000 	 -0.860544 
0.100000 	 -0.033607 
0.110000 	 2.256222 
0.120000 	 2.270098 
0.130000 	 0.847354 
0.140000 	 1.110013 
0.150000 	 0.125513 
0.160000 	 -0.275689 
0.170000 	 -2.104061 
0.180000 	 1.648609 
0.190000 	 -1.489100 
0.200000 	 -0.517796 
0.210000 	 -0.617348 
0.220000 	 0.787708 
0.230000 	 2.882004 
0.240000 	 0.369303 
0.250000 	 0.520820 
0.260000 	 2.284662 
0.270000 	 2.614842 
0.280000 	 0.157005 
0.290000 	 2.870789 
0.300000 	 -1.370270 
0.310000 	 -2.095292 
0.320000 	 -1.423493 
0.330000 	 -0.742640 
0.340000 	 4.031590 
0.350000 	 -0.252062 
0.360000 	 0.583793 
0.370000 	 -0.161104 
0.380000 	 1.827108 
0.390000 	 1.507809 
0.400000 	 4.263488 
0.410000 	 2.624333 
0.420000 	 1.025006 
0.430000 	 1.066201 
0.440000 	 0.796502 
0.450000 	 1.553845 
0.460000 	 -0.193299 
0.470000 	 -1.742013 
0.480000 	 -0.414802 
0.490000 	 0.939637 
0.500000 	 2.643968 
0.510000 	 0.510757 
0.520000 	 -0.426333 
0.530000 	 1.934171 
0.540000 	 1.095230 
0.550000 	 2.201791 
0.560000 	 1.555758 
0.570000 	 1.273220 
0.580000 	 1.721374 
0.590000 	 0.767774 
0.600000 	 0.765255 
0.610000 	 1.748585 
0.620000 	 0.502548 
0.630000 	 -1.671316 
0.640000 	 -1.391695 
0.650000 	 1.321920 
0.660000 	 -1.319905 
0.670000 	 0.420917 
0.680000 	 0.769689 
0.690000 	 -1.683239 
0.700000 	 1.917537 
0.710000 	 3.146855 
0.720000 	 0.500384 
0.730000 	 1.703620 
0.740000 	 -1.144268 
0.750000 	 0.267353 
0.760000 	 3.295148 
0.770000 	 1.452487 
0.780000 	 1.141540 
0.790000 	 -0.972186 
0.800000 	 0.547023 
0.810000 	 -1.815079 
0.820000 	 -0.798225 
0.830000 	 2.096578 
0.840000 	 2.114194 
0.850000 	 -0.210186 
0.860000 	 -1.377531 
0.870000 	 2.358039 
0.880000 	 4.197002 
0.890000 	 0.455563 
0.900000 	 0.836799 
0.910000 	 -1.043909 
0.920000 	 -0.480038 
0.930000 	 1.909738 
0.940000 	 -0.484206 
0.950000 	 1.098402 
0.960000 	 2.372500 
0.970000 	 -1.638230 
0.980000 	 0.615421 
0.990000 	 -1.297609 
1.000000 	 0.436763 
1.010000 	 1.630291 
1.020000 	 -1.530643 
1.030000 	 -4.115287 
1.040000 	 0.538868 
1.050000 	 3.518353 
1.060000 	 0.068519 
1.070000 	 1.284307 
1.080000 	 -3.063513 
1.090000 	 -0.334548 
1.100000 	 0.101633 
1.110000 	 0.795217 
1.120000 	 -2.261461 
1.130000 	 1.315350 
1.140000 	 -3.046810 
1.150000 	 3.747750 
1.160000 	 4.904077 
1.170000 	 0.684671 
1.180000 	 -0.382703 
1.190000 	 1.669644 
1.200000 	 0.535037 
1.210000 	 -0.017161 
1.220000 	 1.884608 
1.230000 	 2.029325 
1.240000 	 0.252256 
1.250000 	 0.860790 
1.260000 	 -0.086921 
1.270000 	 1.058624 
1.280000 	 1.475594 
1.290000 	 1.215817 
1.300000 	 0.041517 
1.310000 	 1.264153 
1.320000 	 -5.312724 
1.330000 	 -0.607208 
1.340000 	 1.465093 
1.350000 	 -1.609112 
1.360000 	 -1.915881 
1.370000 	 1.233444 
1.380000 	 -1.086706 
1.390000 	 0.628035 
1.400000 	 -0.702317 
1.410000 	 2.603206 
1.420000 	 -0.184360 
1.430000 	 2.863145 
1.440000 	 2.606753 
1.450000 	 -0.429059 
1.460000 	 -0.187177 
1.470000 	 2.269159 
1.480000 	 -0.242237 
1.490000 	 2.525102 
1.500000 	 -2.084497 
1.510000 	 28.000000 
1.520000 	 -0.476426 
1.530000 	 0.690868 
1.540000 	 0.833062 
1.550000 	 2.700278 
1.560000 	 1.349447 
1.570000 	 1.979518 
1.580000 	 -1.589500 
1.590000 	 1.583799 
1.600000 	 5.251905 
1.610000 	 1.595013 
1.620000 	 3.215381 
1.630000 	 1.505777 
1.640000 	 2.092656 
1.650000 	 -2.425541 
1.660000 	 -0.592928 
1.670000 	 0.602353 
1.680000 	 -1.027202 
1.690000 	 1.342029 
1.700000 	 2.393907 
1.710000 	 2.569562 
1.720000 	 -1.013229 
1.730000 	 1.752353 
1.740000 	 1.793356 
1.750000 	 -0.200269 
1.760000 	 0.119402 
1.770000 	 2.882467 
1.780000 	 2.185722 
1.790000 	 0.315168 
1.800000 	 0.140144 
1.810000 	 2.545302 
1.820000 	 4.562164 
1.830000 	 0.080847 
1.840000 	 4.572515 
1.850000 	 0.953183 
1.860000 	 -0.950204 
1.870000 	 1.583641 
1.880000 	 1.069216 
1.890000 	 2.514105 
1.900000 	 2.368608 
1.910000 	 0.767404 
1.920000 	 2.715690 
1.930000 	 2.547398 
1.940000 	 0.043514 
1.950000 	 0.565501 
1.960000 	 1.828253 
1.970000 	 -0.255630 
1.980000 	 1.062702 
1.990000 	 3.208120 
2.000000 	 2.882890 
2.010000 	 2.988871 
2.020000 	 1.640476 
2.030000 	 6.805962 
2.040000 	 2.833908 
2.050000 	 2.897509 
2.060000 	 -2.087630 
2.070000 	 1.713441 
2.080000 	 0.318778 
2.090000 	 3.146180 
2.100000 	 2.915931 
2.110000 	 2.924724 
2.120000 	 4.117692 
2.130000 	 2.647315 
2.140000 	 1.574821 
2.150000 	 2.779302 
2.160000 	 4.353463 
2.170000 	 5.676840 
2.180000 	 2.908405 
2.190000 	 4.243077 
2.200000 	 4.291104 
2.210000 	 4.087312 
2.220000 	 3.969747 
2.230000 	 5.378211 
2.240000 	 4.744942 
2.250000 	 4.135140 
2.260000 	 2.808285 
2.270000 	 5.829176 
2.280000 	 1.382190 
2.290000 	 5.443710 
2.300000 	 4.397061 
2.310000 	 2.772427 
2.320000 	 4.353543 
2.330000 	 2.779875 
2.340000 	 4.167121 
2.350000 	 2.505540 
2.360000 	 5.641380 
2.370000 	 3.304180 
2.380000 	 4.780884 
2.390000 	 3.812598 
2.400000 	 3.763393 
2.410000 	 3.964581 
2.420000 	 5.852265 
2.430000 	 5.875639 
2.440000 	 3.601519 
2.450000 	 1.895878 
2.460000 	 6.632294 
2.470000 	 6.868534 
2.480000 	 6.758568 
2.490000 	 6.281912 
2.500000 	 6.186617 
2.510000 	 5.289076 
2.520000 	 6.428689 
2.530000 	 7.513482 
2.540000 	 5.501513 
2.550000 	 5.714837 
2.560000 	 7.030310 
2.570000 	 3.796405 
2.580000 	 5.870386 
2.590000 	 5.808065 
2.600000 	 7.522084 
2.610000 	 4.832818 
2.620000 	 7.481483 
2.630000 	 6.112125 
2.640000 	 5.887761 
2.650000 	 3.667684 
2.660000 	 6.683109 
2.670000 	 7.884082 
2.680000 	 7.652720 
2.690000 	 3.975902 
2.700000 	 7.234099 
2.710000 	 8.924519 
2.720000 	 5.835726 
2.730000 	 5.936275 
2.740000 	 5.358288 
2.750000 	 9.468418 
2.760000 	 6.166652 
2.770000 	 7.869625 
2.780000 	 11.175947 
2.790000 	 9.864231 
2.800000 	 8.890949 
2.810000 	 8.504461 
2.820000 	 9.153795 
2.830000 	 7.943536 
2.840000 	 5.698372 
2.850000 	 9.173277 
2.860000 	 8.289779 
2.870000 	 8.672142 
2.880000 	 6.848745 
2.890000 	 6.429641 
2.900000 	 4.675656 
2.910000 	 10.374946 
2.920000 	 6.936648 
2.930000 	 11.606046 
2.940000 	 5.499101 
2.950000 	 11.659329 
2.960000 	 6.318416 
2.970000 	 9.321447 
2.980000 	 8.304481 
2.990000 	 8.479882 
3.000000 	 9.665873 
3.010000 	 8.901064 
3.020000 	 10.468834 
3.030000 	 10.991539 
3.040000 	 12.748112 
3.050000 	 9.843455 
3.060000 	 10.358614 
3.070000 	 12.448479 
3.080000 	 10.305927 
3.090000 	 10.354635 
3.100000 	 10.128260 
3.110000 	 10.693434 
3.120000 	 15.259669 
3.130000 	 11.762935 
3.140000 	 11.006446 
3.150000 	 13.942449 
3.160000 	 13.245980 
3.170000 	 13.246652 
3.180000 	 13.828527 
3.190000 	 12.626985 
3.200000 	 12.985177 
3.210000 	 14.297114 
3.220000 	 13.680847 
3.230000 	 12.616626 
3.240000 	 12.916419 
3.250000 	 16.161685 
3.260000 	 12.002393 
3.270000 	 18.503893 
3.280000 	 15.286049 
3.290000 	 14.695428 
3.300000 	 14.361741 
3.310000 	 13.340620 
3.320000 	 16.270174 
3.330000 	 19.292134 
3.340000 	 20.115498 
3.350000 	 13.896917 
3.360000 	 17.874391 
3.370000 	 15.005113 
3.380000 	 17.321366 
3.390000 	 15.944950 
3.400000 	 15.276392 
3.410000 	 18.943409 
3.420000 	 17.642204 
3.430000 	 18.185298 
3.440000 	 18.664323 
3.450000 	 19.450940 
3.460000 	 17.707504 
3.470000 	 21.553649 
3.480000 	 17.827233 
3.490000 	 21.073985 
3.500000 	 21.575805 
3.510000 	 17.047951 
3.520000 	 20.417990 
3.530000 	 15.740054 
3.540000 	 20.535020 
3.550000 	 20.733986 
3.560000 	 21.265315 
3.570000 	 19.308032 
3.580000 	 22.667868 
3.590000 	 20.339284 
3.600000 	 21.499459 
3.610000 	 19.708820 
3.620000 	 22.595375 
3.630000 	 23.839290 
3.640000 	 20.687581 
3.650000 	 21.119357 
3.660000 	 19.966066 
3.670000 	 24.009825 
3.680000 	 20.416971 
3.690000 	 21.820826 
3.700000 	 24.611619 
3.710000 	 24.634091 
3.720000 	 24.623368 
3.730000 	 25.980693 
3.740000 	 26.893858 
3.750000 	 25.802686 
3.760000 	 24.102080 
3.770000 	 25.290449 
3.780000 	 28.211347 
3.790000 	 27.349870 
3.800000 	 26.801881 
3.810000 	 25.236875 
3.820000 	 26.584144 
3.830000 	 27.505845 
3.840000 	 27.201746 
3.850000 	 27.411467 
3.860000 	 29.356290 
3.870000 	 27.497686 
3.880000 	 26.150394 
3.890000 	 28.262946 
3.900000 	 26.211116 
3.910000 	 29.889786 
3.920000 	 32.665404 
3.930000 	 31.186157 
3.940000 	 28.960041 
3.950000 	 34.493573 
3.960000 	 30.807449 
3.970000 	 32.197972 
3.980000 	 31.805822 
3.990000 	 33.622472 
4.000000 	 33.617843 
