-3.000000 	 -12.655868 
-2.990000 	 -7.781290 
-2.980000 	 -13.055269 
-2.970000 	 -10.259912 
-2.960000 	 -11.577392 
-2.950000 	 -12.376922 
-2.940000 	 -13.474168 
-2.930000 	 -12.223303 
-2.920000 	 -9.538665 
-2.910000 	 -11.199905 
-2.900000 	 -11.312849 
-2.890000 	 -9.667733 
-2.880000 	 -12.452231 
-2.870000 	 -12.124715 
-2.860000 	 -10.913268 
-2.850000 	 -14.418812 
-2.840000 	 -14.356971 
-2.830000 	 -13.811057 
-2.820000 	 -8.758015 
-2.810000 	 -9.893891 
-2.800000 	 -10.007463 
-2.790000 	 -13.535965 
-2.780000 	 -10.416295 
-2.770000 	 -12.746079 
-2.760000 	 -12.387318 
-2.750000 	 -13.649215 
-2.740000 	 -10.591534 
-2.730000 	 -14.167076 
-2.720000 	 -10.749877 
-2.710000 	 -12.748704 
-2.700000 	 -12.324554 
-2.690000 	 -10.549771 
-2.680000 	 -11.914441 
-2.670000 	 -9.390785 
-2.660000 	 -11.630319 
-2.650000 	 -8.933804 
-2.640000 	 -11.269908 
-2.630000 	 -10.827544 
-2.620000 	 -10.347954 
-2.610000 	 -10.131740 
-2.600000 	 -11.478300 
-2.590000 	 -9.042533 
-2.580000 	 -9.632736 
-2.570000 	 -12.626530 
-2.560000 	 -10.761030 
-2.550000 	 -5.881517 
-2.540000 	 -11.698235 
-2.530000 	 -8.683802 
-2.520000 	 -9.953408 
-2.510000 	 -7.928139 
-2.500000 	 -7.876688 
-2.490000 	 -9.643854 
-2.480000 	 -9.283337 
-2.470000 	 -6.598882 
-2.460000 	 -10.467298 
-2.450000 	 -9.933088 
-2.440000 	 -11.797876 
-2.430000 	 -9.505990 
-2.420000 	 -12.134631 
-2.410000 	 -8.741099 
-2.400000 	 -9.091888 
-2.390000 	 -9.075502 
-2.380000 	 -9.853349 
-2.370000 	 -9.274809 
-2.360000 	 -8.302385 
-2.350000 	 -8.904904 
-2.340000 	 -10.579185 
-2.330000 	 -7.815986 
-2.320000 	 -8.366566 
-2.310000 	 -7.140229 
-2.300000 	 -10.855202 
-2.290000 	 -8.069850 
-2.280000 	 -6.887116 
-2.270000 	 -7.221985 
-2.260000 	 -9.372953 
-2.250000 	 -8.582586 
-2.240000 	 -6.204588 
-2.230000 	 -8.181336 
-2.220000 	 -7.760575 
-2.210000 	 -9.542410 
-2.200000 	 -7.478755 
-2.190000 	 -6.928800 
-2.180000 	 18.000000 
-2.170000 	 -7.071030 
-2.160000 	 -8.685594 
-2.150000 	 -8.744985 
-2.140000 	 -10.442080 
-2.130000 	 -8.745590 
-2.120000 	 -6.677157 
-2.110000 	 -8.836298 
-2.100000 	 -5.966495 
-2.090000 	 -9.609163 
-2.080000 	 -8.445957 
-2.070000 	 -5.354267 
-2.060000 	 -10.154535 
-2.050000 	 -6.683853 
-2.040000 	 -4.875730 
-2.030000 	 -7.892846 
-2.020000 	 -7.204839 
-2.010000 	 -6.033346 
-2.000000 	 -5.191711 
-1.990000 	 -3.875858 
-1.980000 	 -6.503061 
-1.970000 	 -6.633261 
-1.960000 	 -7.644055 
-1.950000 	 -5.418525 
-1.940000 	 -5.325904 
-1.930000 	 -5.392724 
-1.920000 	 -6.778347 
-1.910000 	 -4.881332 
-1.900000 	 -6.748020 
-1.890000 	 -6.107089 
-1.880000 	 -5.007652 
-1.870000 	 -5.179027 
-1.860000 	 -6.139075 
-1.850000 	 -5.454580 
-1.840000 	 -5.949105 
-1.830000 	 -4.513514 
-1.820000 	 -7.884755 
-1.810000 	 -5.848419 
-1.800000 	 -7.913974 
-1.790000 	 -4.145278 
-1.780000 	 -3.175527 
-1.770000 	 -6.663305 
-1.760000 	 -7.202097 
-1.750000 	 -4.765245 
-1.740000 	 -5.564156 
-1.730000 	 -6.652786 
-1.720000 	 -4.012104 
-1.710000 	 -9.457259 
-1.700000 	 -5.606534 
-1.690000 	 -4.929949 
-1.680000 	 -4.329726 
-1.670000 	 -4.211082 
-1.660000 	 -5.531866 
-1.650000 	 -6.433265 
-1.640000 	 -3.553845 
-1.630000 	 -6.338391 
-1.620000 	 -4.295810 
-1.610000 	 -4.347080 
-1.600000 	 -3.209866 
-1.590000 	 -3.497011 
-1.580000 	 -6.225305 
-1.570000 	 -1.574924 
-1.560000 	 -3.940764 
-1.550000 	 -6.769856 
-1.540000 	 -3.818857 
-1.530000 	 -2.813857 
-1.520000 	 -5.161057 
-1.510000 	 -3.767995 
-1.500000 	 -5.471119 
-1.490000 	 -6.022632 
-1.480000 	 -5.224619 
-1.470000 	 -5.235445 
-1.460000 	 -3.456357 
-1.450000 	 -5.080541 
-1.440000 	 -4.141461 
-1.430000 	 -3.395737 
-1.420000 	 -3.290083 
-1.410000 	 -1.995938 
-1.400000 	 -2.519395 
-1.390000 	 -3.764140 
-1.380000 	 -1.883009 
-1.370000 	 -4.394894 
-1.360000 	 -4.098798 
-1.350000 	 -2.394406 
-1.340000 	 -5.155030 
-1.330000 	 -4.259979 
-1.320000 	 -2.764342 
-1.310000 	 -3.889922 
-1.300000 	 -6.151945 
-1.290000 	 -2.703976 
-1.280000 	 -5.111933 
-1.270000 	 1.363180 
-1.260000 	 -3.978182 
-1.250000 	 -0.912362 
-1.240000 	 -4.616704 
-1.230000 	 -1.973586 
-1.220000 	 -2.073065 
-1.210000 	 -2.871924 
-1.200000 	 -1.258477 
-1.190000 	 -4.586470 
-1.180000 	 -1.215170 
-1.170000 	 -0.026940 
-1.160000 	 -1.343438 
-1.150000 	 -5.517398 
-1.140000 	 -3.552079 
-1.130000 	 -2.674156 
-1.120000 	 -1.261011 
-1.110000 	 -1.058726 
-1.100000 	 -2.950068 
-1.090000 	 -3.664163 
-1.080000 	 -3.031765 
-1.070000 	 -2.833244 
-1.060000 	 -1.386953 
-1.050000 	 -1.393164 
-1.040000 	 -3.029427 
-1.030000 	 -1.730630 
-1.020000 	 -4.922343 
-1.010000 	 -3.905238 
-1.000000 	 -2.404625 
-0.990000 	 -2.460285 
-0.980000 	 0.021081 
-0.970000 	 -0.040356 
-0.960000 	 -1.450824 
-0.950000 	 -2.496034 
-0.940000 	 -4.221521 
-0.930000 	 -1.615080 
-0.920000 	 0.221819 
-0.910000 	 -1.822380 
-0.900000 	 -2.264415 
-0.890000 	 -0.867291 
-0.880000 	 1.103157 
-0.870000 	 -1.315960 
-0.860000 	 -0.954956 
-0.850000 	 1.543258 
-0.840000 	 -1.721590 
-0.830000 	 -2.829837 
-0.820000 	 2.234224 
-0.810000 	 -3.099366 
-0.800000 	 -1.702811 
-0.790000 	 -0.967415 
-0.780000 	 -1.531804 
-0.770000 	 -2.462795 
-0.760000 	 -2.421778 
-0.750000 	 -2.782616 
-0.740000 	 0.150055 
-0.730000 	 -1.063276 
-0.720000 	 0.667831 
-0.710000 	 -2.183036 
-0.700000 	 -2.403014 
-0.690000 	 -5.368733 
-0.680000 	 3.044700 
-0.670000 	 1.518015 
-0.660000 	 -1.863737 
-0.650000 	 -1.644575 
-0.640000 	 -0.991198 
-0.630000 	 0.917088 
-0.620000 	 -0.230708 
-0.610000 	 -2.256148 
-0.600000 	 -1.088992 
-0.590000 	 -3.076808 
-0.580000 	 0.056139 
-0.570000 	 -0.829052 
-0.560000 	 1.653712 
-0.550000 	 0.029575 
-0.540000 	 -2.955427 
-0.530000 	 0.287952 
-0.520000 	 -0.356771 
-0.510000 	 0.385309 
-0.500000 	 -0.511086 
-0.490000 	 -0.618373 
-0.480000 	 -4.157325 
-0.470000 	 -0.720372 
-0.460000 	 -2.639975 
-0.450000 	 0.792646 
-0.440000 	 -1.962734 
-0.430000 	 -0.229065 
-0.420000 	 -0.954725 
-0.410000 	 -2.087236 
-0.400000 	 -1.529138 
-0.390000 	 -0.075722 
-0.380000 	 -0.811457 
-0.370000 	 0.535372 
-0.360000 	 -0.143403 
-0.350000 	 -1.905373 
-0.340000 	 -3.457229 
-0.330000 	 0.779471 
-0.320000 	 0.406754 
-0.310000 	 0.279007 
-0.300000 	 -2.385314 
-0.290000 	 -2.046810 
-0.280000 	 1.513099 
-0.270000 	 -0.474305 
-0.260000 	 -0.512344 
-0.250000 	 -1.773721 
-0.240000 	 -2.813296 
-0.230000 	 -0.768497 
-0.220000 	 -0.037558 
-0.210000 	 0.561357 
-0.200000 	 1.232219 
-0.190000 	 0.632075 
-0.180000 	 2.096411 
-0.170000 	 -1.370254 
-0.160000 	 -2.971072 
-0.150000 	 0.002945 
-0.140000 	 -3.656561 
-0.130000 	 -3.199400 
-0.120000 	 0.551282 
-0.110000 	 0.845787 
-0.100000 	 1.312565 
-0.090000 	 1.187853 
-0.080000 	 1.165411 
-0.070000 	 -0.127207 
-0.060000 	 -0.100629 
-0.050000 	 -0.055231 
-0.040000 	 0.026460 
-0.030000 	 -0.387564 
-0.020000 	 4.197308 
-0.010000 	 -0.167721 
0.000000 	 -0.838548 
0.010000 	 1.043162 
0.020000 	 -3.187611 
0.030000 	 -0.054680 
0.040000 	 0.076935 
0.050000 	 1.234660 
0.060000 	 -0.998316 
0.070000 	 0.529504 
0.080000 	 1.968727 
0.090000 	 -1.225666 
0.100000 	 -0.288595 
0.110000 	 0.820715 
0.120000 	 2.226872 
0.130000 	 -4.550587 
0.140000 	 -0.524304 
0.150000 	 -5.049785 
0.160000 	 -2.423182 
0.170000 	 -1.077597 
0.180000 	 -0.987411 
0.190000 	 -0.068736 
0.200000 	 -0.964916 
0.210000 	 2.922319 
0.220000 	 0.630742 
0.230000 	 -1.595891 
0.240000 	 0.225934 
0.250000 	 -0.002663 
0.260000 	 0.070679 
0.270000 	 -3.067722 
0.280000 	 1.971935 
0.290000 	 0.847476 
0.300000 	 -0.289564 
0.310000 	 1.420337 
0.320000 	 -2.016391 
0.330000 	 -0.890639 
0.340000 	 -0.853791 
0.350000 	 -0.387917 
0.360000 	 -0.094876 
0.370000 	 -0.617673 
0.380000 	 1.017764 
0.390000 	 1.439135 
0.400000 	 -0.347251 
0.410000 	 -3.034184 
0.420000 	 -1.305662 
0.430000 	 -0.248818 
0.440000 	 0.961500 
0.450000 	 -0.162867 
0.460000 	 0.072248 
0.470000 	 0.633084 
0.480000 	 -0.845383 
0.490000 	 -2.574946 
0.500000 	 -0.513234 
0.510000 	 1.286025 
0.520000 	 -1.151268 
0.530000 	 -1.424183 
0.540000 	 -0.634384 
0.550000 	 -2.529921 
0.560000 	 1.605169 
0.570000 	 -1.666744 
0.580000 	 -1.161621 
0.590000 	 0.830019 
0.600000 	 0.053105 
0.610000 	 1.839299 
0.620000 	 -0.947137 
0.630000 	 0.333319 
0.640000 	 -0.648356 
0.650000 	 -1.357936 
0.660000 	 -0.107278 
0.670000 	 0.122366 
0.680000 	 2.816949 
0.690000 	 2.417716 
0.700000 	 -1.102149 
0.710000 	 0.734087 
0.720000 	 0.979067 
0.730000 	 1.390428 
0.740000 	 0.403966 
0.750000 	 -0.903659 
0.760000 	 0.960613 
0.770000 	 1.602363 
0.780000 	 -1.904994 
0.790000 	 0.678763 
0.800000 	 2.339279 
0.810000 	 -1.693162 
0.820000 	 -0.807115 
0.830000 	 0.230641 
0.840000 	 0.595795 
0.850000 	 -0.050112 
0.860000 	 1.705126 
0.870000 	 -1.155933 
0.880000 	 -1.861672 
0.890000 	 0.527733 
0.900000 	 4.828556 
0.910000 	 -0.762209 
0.920000 	 -1.890817 
0.930000 	 -2.619714 
0.940000 	 0.572730 
0.950000 	 -0.220318 
0.960000 	 3.538198 
0.970000 	 1.289827 
0.980000 	 1.638216 
0.990000 	 0.409079 
1.000000 	 -0.825776 
1.010000 	 0.180868 
1.020000 	 2.827525 
1.030000 	 0.649015 
1.040000 	 -0.478252 
1.050000 	 0.649048 
1.060000 	 -0.216730 
1.070000 	 0.065121 
1.080000 	 0.735741 
1.090000 	 0.646932 
1.100000 	 1.728136 
1.110000 	 1.845842 
1.120000 	 -1.161831 
1.130000 	 3.263125 
1.140000 	 0.287178 
1.150000 	 -0.535125 
1.160000 	 0.567394 
1.170000 	 0.600287 
1.180000 	 1.631343 
1.190000 	 2.073973 
1.200000 	 0.831030 
1.210000 	 3.610960 
1.220000 	 1.232432 
1.230000 	 0.189576 
1.240000 	 -1.089849 
1.250000 	 -0.146441 
1.260000 	 -0.392524 
1.270000 	 3.746021 
1.280000 	 0.968949 
1.290000 	 0.470032 
1.300000 	 -1.177059 
1.310000 	 -2.161801 
1.320000 	 -0.795189 
1.330000 	 3.667610 
1.340000 	 -1.770640 
1.350000 	 1.790476 
1.360000 	 0.892013 
1.370000 	 2.889152 
1.380000 	 1.488780 
1.390000 	 3.562387 
1.400000 	 2.444061 
1.410000 	 5.411755 
1.420000 	 -0.058177 
1.430000 	 1.236378 
1.440000 	 1.595163 
1.450000 	 -0.519482 
1.460000 	 3.008588 
1.470000 	 4.418420 
1.480000 	 0.191049 
1.490000 	 -0.921437 
1.500000 	 -4.687677 
1.510000 	 0.745601 
1.520000 	 1.815022 
1.530000 	 -0.362317 
1.540000 	 -0.590786 
1.550000 	 -2.234329 
1.560000 	 4.372473 
1.570000 	 3.043649 
1.580000 	 1.476058 
1.590000 	 3.499407 
1.600000 	 0.537181 
1.610000 	 -2.685456 
1.620000 	 -0.035127 
1.630000 	 1.822218 
1.640000 	 -2.963838 
1.650000 	 0.086792 
1.660000 	 -1.543625 
1.670000 	 2.162103 
1.680000 	 -0.965878 
1.690000 	 2.927411 
1.700000 	 -0.401282 
1.710000 	 -0.267878 
1.720000 	 0.841992 
1.730000 	 0.345505 
1.740000 	 0.267424 
1.750000 	 3.118093 
1.760000 	 1.220575 
1.770000 	 -0.529089 
1.780000 	 1.845251 
1.790000 	 1.315114 
1.800000 	 1.374238 
1.810000 	 1.979990 
1.820000 	 3.214182 
1.830000 	 -1.336205 
1.840000 	 -0.658771 
1.850000 	 -0.046804 
1.860000 	 -1.021580 
1.870000 	 2.484118 
1.880000 	 1.340399 
1.890000 	 3.039656 
1.900000 	 1.500317 
1.910000 	 1.681238 
1.920000 	 2.310955 
1.930000 	 4.276088 
1.940000 	 1.174108 
1.950000 	 0.240555 
1.960000 	 3.089840 
1.970000 	 2.618177 
1.980000 	 -1.170987 
1.990000 	 3.142507 
2.000000 	 1.548118 
2.010000 	 -0.423359 
2.020000 	 0.912455 
2.030000 	 5.077873 
2.040000 	 1.777597 
2.050000 	 3.357187 
2.060000 	 0.361455 
2.070000 	 2.689244 
2.080000 	 -0.324527 
2.090000 	 1.012852 
2.100000 	 -0.044311 
2.110000 	 4.149485 
2.120000 	 -0.066345 
2.130000 	 1.152463 
2.140000 	 1.483622 
2.150000 	 3.376304 
2.160000 	 1.473294 
2.170000 	 3.438740 
2.180000 	 0.719133 
2.190000 	 4.979073 
2.200000 	 5.264586 
2.210000 	 4.786711 
2.220000 	 3.938340 
2.230000 	 5.624879 
2.240000 	 1.535959 
2.250000 	 0.737035 
2.260000 	 2.829090 
2.270000 	 3.591249 
2.280000 	 2.517773 
2.290000 	 2.389807 
2.300000 	 3.538247 
2.310000 	 1.262164 
2.320000 	 5.488987 
2.330000 	 2.342634 
2.340000 	 4.434950 
2.350000 	 3.314094 
2.360000 	 5.182129 
2.370000 	 2.200401 
2.380000 	 4.343080 
2.390000 	 3.426523 
2.400000 	 2.618460 
2.410000 	 5.326514 
2.420000 	 3.053198 
2.430000 	 3.295396 
2.440000 	 4.833825 
2.450000 	 4.743759 
2.460000 	 4.710323 
2.470000 	 3.624209 
2.480000 	 5.781423 
2.490000 	 4.682933 
2.500000 	 6.181622 
2.510000 	 4.648650 
2.520000 	 4.916686 
2.530000 	 5.163904 
2.540000 	 3.769084 
2.550000 	 4.728162 
2.560000 	 6.596884 
2.570000 	 5.226438 
2.580000 	 2.346498 
2.590000 	 4.165006 
2.600000 	 2.393735 
2.610000 	 8.188003 
2.620000 	 4.414740 
2.630000 	 4.964315 
2.640000 	 4.987343 
2.650000 	 3.447051 
2.660000 	 4.925487 
2.670000 	 6.336396 
2.680000 	 5.471800 
2.690000 	 7.676063 
2.700000 	 7.174382 
2.710000 	 6.467836 
2.720000 	 8.776630 
2.730000 	 6.672506 
2.740000 	 6.736318 
2.750000 	 6.239802 
2.760000 	 9.686715 
2.770000 	 7.527631 
2.780000 	 11.000000 
2.790000 	 7.522690 
2.800000 	 5.442127 
2.810000 	 8.849151 
2.820000 	 11.007747 
2.830000 	 8.109216 
2.840000 	 5.995100 
2.850000 	 7.646230 
2.860000 	 10.766755 
2.870000 	 7.915449 
2.880000 	 9.602483 
2.890000 	 9.633561 
2.900000 	 11.415434 
2.910000 	 10.084160 
2.920000 	 10.312034 
2.930000 	 8.818726 
2.940000 	 11.380183 
2.950000 	 6.545955 
2.960000 	 9.471256 
2.970000 	 8.987844 
2.980000 	 7.444109 
2.990000 	 9.335473 
3.000000 	 11.231882 
3.010000 	 12.271582 
3.020000 	 12.881173 
3.030000 	 9.506312 
3.040000 	 8.632457 
3.050000 	 12.845797 
3.060000 	 10.916517 
3.070000 	 10.455274 
3.080000 	 10.367411 
3.090000 	 11.596345 
3.100000 	 12.217162 
3.110000 	 9.800402 
3.120000 	 14.986305 
3.130000 	 12.775913 
3.140000 	 10.938271 
3.150000 	 13.316622 
3.160000 	 13.155229 
3.170000 	 11.713372 
3.180000 	 9.623724 
3.190000 	 13.754248 
3.200000 	 11.067579 
3.210000 	 13.645547 
3.220000 	 13.170031 
3.230000 	 13.993834 
3.240000 	 12.934272 
3.250000 	 13.128699 
3.260000 	 13.412392 
3.270000 	 13.614320 
3.280000 	 13.754053 
3.290000 	 15.137654 
3.300000 	 14.409051 
3.310000 	 15.322592 
3.320000 	 17.690962 
3.330000 	 18.102919 
3.340000 	 14.964833 
3.350000 	 16.761614 
3.360000 	 16.941808 
3.370000 	 19.189547 
3.380000 	 15.927562 
3.390000 	 18.463849 
3.400000 	 17.561569 
3.410000 	 16.344724 
3.420000 	 17.222899 
3.430000 	 18.009215 
3.440000 	 17.219102 
3.450000 	 18.712316 
3.460000 	 20.976330 
3.470000 	 21.955492 
3.480000 	 18.317065 
3.490000 	 18.248914 
3.500000 	 17.833202 
3.510000 	 21.424833 
3.520000 	 17.332124 
3.530000 	 19.558288 
3.540000 	 20.741241 
3.550000 	 20.843087 
3.560000 	 18.851661 
3.570000 	 21.196231 
3.580000 	 20.924929 
3.590000 	 23.075865 
3.600000 	 23.898436 
3.610000 	 22.646541 
3.620000 	 19.812577 
3.630000 	 22.726283 
3.640000 	 21.384704 
3.650000 	 21.837928 
3.660000 	 21.118665 
3.670000 	 23.895034 
3.680000 	 25.116864 
3.690000 	 23.325526 
3.700000 	 22.364222 
3.710000 	 24.380508 
3.720000 	 21.356316 
3.730000 	 28.742408 
3.740000 	 24.414727 
3.750000 	 26.250271 
3.760000 	 23.224186 
3.770000 	 25.676091 
3.780000 	 25.925993 
3.790000 	 27.427213 
3.800000 	 25.166405 
3.810000 	 25.897208 
3.820000 	 25.025537 
3.830000 	 26.448683 
3.840000 	 28.059312 
3.850000 	 28.633243 
3.860000 	 24.811687 
3.870000 	 28.525584 
3.880000 	 31.353450 
3.890000 	 30.110086 
3.900000 	 31.803859 
3.910000 	 29.244781 
3.920000 	 31.053924 
3.930000 	 29.725271 
3.940000 	 33.104626 
3.950000 	 30.318939 
3.960000 	 29.373575 
3.970000 	 33.233814 
3.980000 	 33.061059 
3.990000 	 36.486537 
4.000000 	 33.254506 
