-3.000000 	 -14.921032 
-2.990000 	 -12.482650 
-2.980000 	 -10.004811 
-2.970000 	 -11.206887 
-2.960000 	 -9.484323 
-2.950000 	 -12.791646 
-2.940000 	 -11.167119 
-2.930000 	 -11.779692 
-2.920000 	 -9.821723 
-2.910000 	 -12.476865 
-2.900000 	 -9.768571 
-2.890000 	 -13.022637 
-2.880000 	 -13.299085 
-2.870000 	 -12.022089 
-2.860000 	 -10.164581 
-2.850000 	 -11.178838 
-2.840000 	 -11.448111 
-2.830000 	 -10.905470 
-2.820000 	 -8.642559 
-2.810000 	 -8.966471 
-2.800000 	 -10.937084 
-2.790000 	 -9.337065 
-2.780000 	 -12.331025 
-2.770000 	 -8.813157 
-2.760000 	 -9.172919 
-2.750000 	 -8.554629 
-2.740000 	 -8.464818 
-2.730000 	 -7.431547 
-2.720000 	 -10.932521 
-2.710000 	 -12.004947 
-2.700000 	 -12.975215 
-2.690000 	 -9.893458 
-2.680000 	 -10.364283 
-2.670000 	 -10.587606 
-2.660000 	 -11.020117 
-2.650000 	 -10.363309 
-2.640000 	 -11.479495 
-2.630000 	 -8.998454 
-2.620000 	 -11.440915 
-2.610000 	 -11.516090 
-2.600000 	 -10.396911 
-2.590000 	 -8.788220 
-2.580000 	 -12.629946 
-2.570000 	 -12.036121 
-2.560000 	 -9.471672 
-2.550000 	 -10.841776 
-2.540000 	 -9.199645 
-2.530000 	 -10.570952 
-2.520000 	 -9.894044 
-2.510000 	 -9.579143 
-2.500000 	 -10.889322 
-2.490000 	 -6.669563 
-2.480000 	 -8.638288 
-2.470000 	 -8.320616 
-2.460000 	 -9.871441 
-2.450000 	 -8.873673 
-2.440000 	 -10.619458 
-2.430000 	 -11.245988 
-2.420000 	 -8.669077 
-2.410000 	 -9.846745 
-2.400000 	 -10.933054 
-2.390000 	 -7.713173 
-2.380000 	 -9.314960 
-2.370000 	 -7.497707 
-2.360000 	 -8.555683 
-2.350000 	 -11.989541 
-2.340000 	 -8.780658 
-2.330000 	 -7.750881 
-2.320000 	 -7.988450 
-2.310000 	 -6.270971 
-2.300000 	 -7.461937 
-2.290000 	 -6.887811 
-2.280000 	 -4.995220 
-2.270000 	 -9.362143 
-2.260000 	 -8.008090 
-2.250000 	 -7.210057 
-2.240000 	 -4.566961 
-2.230000 	 -7.969700 
-2.220000 	 -6.361089 
-2.210000 	 -7.686870 
-2.200000 	 -8.341810 
-2.190000 	 -6.778411 
-2.180000 	 -7.888905 
-2.170000 	 -5.218379 
-2.160000 	 -7.784515 
-2.150000 	 -7.938163 
-2.140000 	 -6.591914 
-2.130000 	 -4.122575 
-2.120000 	 -4.967895 
-2.110000 	 -11.472440 
-2.100000 	 -9.509317 
-2.090000 	 -5.194974 
-2.080000 	 -7.651905 
-2.070000 	 -9.800795 
-2.060000 	 -8.166009 
-2.050000 	 -7.053641 
-2.040000 	 -9.239406 
-2.030000 	 -8.538852 
-2.020000 	 -6.585816 
-2.010000 	 -6.025302 
-2.000000 	 -5.114613 
-1.990000 	 -8.505455 
-1.980000 	 -5.010996 
-1.970000 	 -3.898515 
-1.960000 	 -7.813738 
-1.950000 	 -9.608947 
-1.940000 	 -6.724390 
-1.930000 	 -6.015680 
-1.920000 	 -5.466771 
-1.910000 	 -4.699894 
-1.900000 	 -4.253004 
-1.890000 	 -6.427225 
-1.880000 	 -7.890864 
-1.870000 	 -8.964477 
-1.860000 	 -7.259170 
-1.850000 	 -5.921471 
-1.840000 	 -7.651138 
-1.830000 	 -8.585715 
-1.820000 	 -5.155687 
-1.810000 	 -5.290941 
-1.800000 	 -4.543074 
-1.790000 	 -4.706716 
-1.780000 	 -5.652693 
-1.770000 	 -2.843497 
-1.760000 	 -6.303344 
-1.750000 	 -6.965804 
-1.740000 	 -7.574921 
-1.730000 	 -3.980451 
-1.720000 	 -3.317651 
-1.710000 	 -5.824075 
-1.700000 	 -6.567744 
-1.690000 	 -3.645565 
-1.680000 	 -8.188282 
-1.670000 	 -4.863103 
-1.660000 	 -5.953698 
-1.650000 	 -2.684971 
-1.640000 	 -4.332682 
-1.630000 	 -3.261425 
-1.620000 	 -3.254114 
-1.610000 	 -2.876350 
-1.600000 	 -6.461408 
-1.590000 	 -6.219330 
-1.580000 	 -4.267642 
-1.570000 	 -6.109237 
-1.560000 	 -5.090717 
-1.550000 	 -3.442555 
-1.540000 	 -5.065303 
-1.530000 	 -4.505243 
-1.520000 	 -4.815307 
-1.510000 	 -3.493048 
-1.500000 	 -4.225809 
-1.490000 	 -3.332739 
-1.480000 	 -3.577581 
-1.470000 	 -3.186332 
-1.460000 	 -3.964445 
-1.450000 	 -4.436061 
-1.440000 	 -7.702865 
-1.430000 	 -1.874185 
-1.420000 	 -3.676830 
-1.410000 	 -2.356629 
-1.400000 	 -2.523795 
-1.390000 	 -5.582938 
-1.380000 	 -1.518419 
-1.370000 	 -5.714166 
-1.360000 	 -5.814896 
-1.350000 	 -0.489698 
-1.340000 	 -3.238156 
-1.330000 	 -4.661214 
-1.320000 	 -5.168915 
-1.310000 	 -3.808305 
-1.300000 	 -3.624957 
-1.290000 	 -4.225245 
-1.280000 	 -1.987022 
-1.270000 	 -0.011691 
-1.260000 	 -1.797497 
-1.250000 	 -2.822360 
-1.240000 	 -4.506507 
-1.230000 	 -1.057699 
-1.220000 	 -4.751709 
-1.210000 	 -3.866725 
-1.200000 	 -3.857288 
-1.190000 	 -4.305381 
-1.180000 	 -3.042745 
-1.170000 	 -2.951945 
-1.160000 	 -3.118766 
-1.150000 	 -6.311049 
-1.140000 	 -2.334804 
-1.130000 	 -2.382779 
-1.120000 	 -0.143938 
-1.110000 	 -2.309579 
-1.100000 	 -1.003119 
-1.090000 	 -3.950667 
-1.080000 	 -4.542896 
-1.070000 	 -0.437204 
-1.060000 	 -5.469026 
-1.050000 	 -2.673398 
-1.040000 	 -2.013852 
-1.030000 	 -1.585631 
-1.020000 	 -1.170783 
-1.010000 	 -1.809688 
-1.000000 	 -0.824544 
-0.990000 	 -3.825658 
-0.980000 	 -2.750941 
-0.970000 	 -0.920760 
-0.960000 	 -2.679735 
-0.950000 	 -3.752835 
-0.940000 	 1.129500 
-0.930000 	 -3.449883 
-0.920000 	 -6.415661 
-0.910000 	 -2.113712 
-0.900000 	 -5.445886 
-0.890000 	 -1.197449 
-0.880000 	 -0.974251 
-0.870000 	 -4.172945 
-0.860000 	 -1.726872 
-0.850000 	 -4.055793 
-0.840000 	 -4.318929 
-0.830000 	 -0.936096 
-0.820000 	 0.509099 
-0.810000 	 -0.323939 
-0.800000 	 -4.753384 
-0.790000 	 -1.091965 
-0.780000 	 -3.065968 
-0.770000 	 -2.095980 
-0.760000 	 -2.198677 
-0.750000 	 -1.806401 
-0.740000 	 -2.259649 
-0.730000 	 -0.605031 
-0.720000 	 -2.573773 
-0.710000 	 2.441773 
-0.700000 	 -2.582622 
-0.690000 	 -0.728545 
-0.680000 	 0.223522 
-0.670000 	 -1.006000 
-0.660000 	 -0.921155 
-0.650000 	 0.808226 
-0.640000 	 -0.351221 
-0.630000 	 -0.967581 
-0.620000 	 -1.931315 
-0.610000 	 -0.451927 
-0.600000 	 -2.282840 
-0.590000 	 0.717243 
-0.580000 	 -0.348110 
-0.570000 	 -1.636798 
-0.560000 	 -0.262067 
-0.550000 	 0.518325 
-0.540000 	 0.154334 
-0.530000 	 -5.171667 
-0.520000 	 -0.768012 
-0.510000 	 -1.845948 
-0.500000 	 0.719730 
-0.490000 	 -5.739695 
-0.480000 	 0.558154 
-0.470000 	 0.820311 
-0.460000 	 -0.771092 
-0.450000 	 -2.652325 
-0.440000 	 -1.920244 
-0.430000 	 -1.448040 
-0.420000 	 0.175237 
-0.410000 	 -0.484804 
-0.400000 	 0.044987 
-0.390000 	 -5.284659 
-0.380000 	 -2.945388 
-0.370000 	 -1.007353 
-0.360000 	 -1.720487 
-0.350000 	 -1.766538 
-0.340000 	 -0.612794 
-0.330000 	 -1.419120 
-0.320000 	 0.611763 
-0.310000 	 -2.124187 
-0.300000 	 0.193953 
-0.290000 	 -1.625923 
-0.280000 	 -1.232864 
-0.270000 	 1.505512 
-0.260000 	 1.783822 
-0.250000 	 -0.592924 
-0.240000 	 -0.312975 
-0.230000 	 -0.123389 
-0.220000 	 1.978659 
-0.210000 	 0.841750 
-0.200000 	 3.450937 
-0.190000 	 -1.347811 
-0.180000 	 -1.959248 
-0.170000 	 1.763738 
-0.160000 	 0.630361 
-0.150000 	 -0.923845 
-0.140000 	 -1.933174 
-0.130000 	 -1.150265 
-0.120000 	 0.928803 
-0.110000 	 0.174252 
-0.100000 	 -1.747960 
-0.090000 	 -0.757200 
-0.080000 	 0.294269 
-0.070000 	 0.028541 
-0.060000 	 0.701752 
-0.050000 	 2.647897 
-0.040000 	 -2.205506 
-0.030000 	 0.548262 
-0.020000 	 0.868760 
-0.010000 	 -0.333124 
0.000000 	 -2.238235 
0.010000 	 -1.627048 
0.020000 	 -1.255579 
0.030000 	 -0.600476 
0.040000 	 -0.544803 
0.050000 	 -0.179371 
0.060000 	 -4.035649 
0.070000 	 2.046084 
0.080000 	 -1.847051 
0.090000 	 -1.041554 
0.100000 	 -2.183378 
0.110000 	 -0.798332 
0.120000 	 1.377868 
0.130000 	 0.145705 
0.140000 	 -0.369478 
0.150000 	 1.056127 
0.160000 	 0.078380 
0.170000 	 2.913957 
0.180000 	 0.279419 
0.190000 	 1.927265 
0.200000 	 0.095165 
0.210000 	 -2.449514 
0.220000 	 -0.199079 
0.230000 	 1.259771 
0.240000 	 -0.759739 
0.250000 	 0.761076 
0.260000 	 2.573112 
0.270000 	 0.645446 
0.280000 	 0.389298 
0.290000 	 -1.569222 
0.300000 	 0.684887 
0.310000 	 -0.787124 
0.320000 	 2.484069 
0.330000 	 1.841809 
0.340000 	 0.456114 
0.350000 	 -1.474252 
0.360000 	 0.516909 
0.370000 	 0.960077 
0.380000 	 -3.042708 
0.390000 	 0.352376 
0.400000 	 -0.979257 
0.410000 	 0.401920 
0.420000 	 0.995005 
0.430000 	 -0.131197 
0.440000 	 0.435716 
0.450000 	 -0.000162 
0.460000 	 -3.139503 
0.470000 	 2.129361 
0.480000 	 -0.074949 
0.490000 	 0.102798 
0.500000 	 -1.290749 
0.510000 	 1.384231 
0.520000 	 2.057218 
0.530000 	 -3.143168 
0.540000 	 -0.089271 
0.550000 	 -0.166606 
0.560000 	 1.141437 
0.570000 	 -2.196114 
0.580000 	 0.198324 
0.590000 	 3.085258 
0.600000 	 2.768694 
0.610000 	 -0.209532 
0.620000 	 -2.359255 
0.630000 	 2.882759 
0.640000 	 0.601681 
0.650000 	 0.246872 
0.660000 	 -0.608088 
0.670000 	 0.345820 
0.680000 	 0.257225 
0.690000 	 0.732183 
0.700000 	 -0.135713 
0.710000 	 0.202709 
0.720000 	 0.047024 
0.730000 	 -3.145193 
0.740000 	 2.971059 
0.750000 	 -0.894134 
0.760000 	 -0.088420 
0.770000 	 1.188019 
0.780000 	 1.816773 
0.790000 	 0.596017 
0.800000 	 3.498021 
0.810000 	 3.356969 
0.820000 	 -2.473590 
0.830000 	 -0.711910 
0.840000 	 -0.446401 
0.850000 	 3.562039 
0.860000 	 -0.767281 
0.870000 	 -0.021768 
0.880000 	 0.569842 
0.890000 	 2.158518 
0.900000 	 -0.943348 
0.910000 	 3.055050 
0.920000 	 2.070746 
0.930000 	 -0.061797 
0.940000 	 -0.024135 
0.950000 	 -1.625187 
0.960000 	 3.848103 
0.970000 	 -0.713028 
0.980000 	 1.890003 
0.990000 	 1.651303 
1.000000 	 -0.505957 
1.010000 	 1.765329 
1.020000 	 -0.350870 
1.030000 	 0.983336 
1.040000 	 -0.190738 
1.050000 	 2.193109 
1.060000 	 0.964652 
1.070000 	 2.067420 
1.080000 	 1.922200 
1.090000 	 -1.027326 
1.100000 	 1.718093 
1.110000 	 -0.727914 
1.120000 	 0.224074 
1.130000 	 -2.249153 
1.140000 	 1.709738 
1.150000 	 0.468188 
1.160000 	 -2.514482 
1.170000 	 -1.446935 
1.180000 	 0.843588 
1.190000 	 2.486703 
1.200000 	 1.963582 
1.210000 	 -0.519189 
1.220000 	 1.648324 
1.230000 	 2.489651 
1.240000 	 -0.707873 
1.250000 	 -1.591809 
1.260000 	 1.043715 
1.270000 	 -0.376040 
1.280000 	 0.908647 
1.290000 	 1.885092 
1.300000 	 1.230584 
1.310000 	 1.023128 
1.320000 	 -1.589654 
1.330000 	 17.000000 
1.340000 	 2.489942 
1.350000 	 1.093329 
1.360000 	 2.891463 
1.370000 	 -2.356741 
1.380000 	 2.515020 
1.390000 	 0.021185 
1.400000 	 3.348585 
1.410000 	 -0.416508 
1.420000 	 1.507547 
1.430000 	 0.160776 
1.440000 	 1.532273 
1.450000 	 0.338470 
1.460000 	 0.359125 
1.470000 	 0.621691 
1.480000 	 2.600689 
1.490000 	 -2.626299 
1.500000 	 -2.533039 
1.510000 	 2.149234 
1.520000 	 2.882913 
1.530000 	 0.107519 
1.540000 	 1.092025 
1.550000 	 -1.481540 
1.560000 	 3.728905 
1.570000 	 -0.365212 
1.580000 	 1.247327 
1.590000 	 2.807708 
1.600000 	 1.854936 
1.610000 	 3.387074 
1.620000 	 0.899442 
1.630000 	 1.581816 
1.640000 	 -0.535627 
1.650000 	 2.929688 
1.660000 	 0.239574 
1.670000 	 0.451774 
1.680000 	 -2.882884 
1.690000 	 1.112951 
1.700000 	 -0.885724 
1.710000 	 -0.017888 
1.720000 	 -0.499461 
1.730000 	 1.882846 
1.740000 	 1.718393 
1.750000 	 0.845077 
1.760000 	 0.385678 
1.770000 	 1.596170 
1.780000 	 2.008062 
1.790000 	 -2.438661 
1.800000 	 2.108980 
1.810000 	 0.445194 
1.820000 	 1.489734 
1.830000 	 -1.531993 
1.840000 	 0.608655 
1.850000 	 2.998502 
1.860000 	 1.691411 
1.870000 	 -1.358502 
1.880000 	 2.746036 
1.890000 	 0.175229 
1.900000 	 2.489092 
1.910000 	 2.924877 
1.920000 	 3.996286 
1.930000 	 2.761546 
1.940000 	 2.095372 
1.950000 	 5.216470 
1.960000 	 2.282598 
1.970000 	 1.021166 
1.980000 	 1.195252 
1.990000 	 0.879202 
2.000000 	 3.928183 
2.010000 	 2.849401 
2.020000 	 3.235840 
2.030000 	 -2.216367 
2.040000 	 2.593331 
2.050000 	 0.512305 
2.060000 	 2.242919 
2.070000 	 4.993108 
2.080000 	 1.851104 
2.090000 	 1.731047 
2.100000 	 -0.975295 
2.110000 	 2.291630 
2.120000 	 2.936980 
2.130000 	 6.129797 
2.140000 	 -0.138227 
2.150000 	 2.340715 
2.160000 	 4.174662 
2.170000 	 1.910440 
2.180000 	 2.559991 
2.190000 	 0.804262 
2.200000 	 2.265583 
2.210000 	 3.406552 
2.220000 	 3.872217 
2.230000 	 3.175768 
2.240000 	 3.751460 
2.250000 	 2.072371 
2.260000 	 1.732289 
2.270000 	 3.597867 
2.280000 	 2.336328 
2.290000 	 3.341106 
2.300000 	 4.273246 
2.310000 	 4.021934 
2.320000 	 5.862497 
2.330000 	 3.382481 
2.340000 	 4.962193 
2.350000 	 2.806868 
2.360000 	 1.239730 
2.370000 	 8.447268 
2.380000 	 4.124934 
2.390000 	 3.745771 
2.400000 	 3.850991 
2.410000 	 3.490473 
2.420000 	 2.032805 
2.430000 	 1.743509 
2.440000 	 3.911207 
2.450000 	 2.464660 
2.460000 	 3.983025 
2.470000 	 6.207043 
2.480000 	 4.396167 
2.490000 	 4.704649 
2.500000 	 6.478961 
2.510000 	 6.172401 
2.520000 	 4.107870 
2.530000 	 4.672222 
2.540000 	 6.207409 
2.550000 	 2.571182 
2.560000 	 24.000000 
2.570000 	 7.141807 
2.580000 	 6.899494 
2.590000 	 6.657243 
2.600000 	 9.393345 
2.610000 	 5.636291 
2.620000 	 6.863489 
2.630000 	 6.539314 
2.640000 	 4.429183 
2.650000 	 5.685760 
2.660000 	 6.536577 
2.670000 	 5.157932 
2.680000 	 7.069781 
2.690000 	 5.666717 
2.700000 	 8.842409 
2.710000 	 7.974843 
2.720000 	 5.425148 
2.730000 	 6.780909 
2.740000 	 7.320239 
2.750000 	 10.481459 
2.760000 	 7.096628 
2.770000 	 6.768914 
2.780000 	 6.765291 
2.790000 	 5.825640 
2.800000 	 5.853957 
2.810000 	 5.226753 
2.820000 	 7.758403 
2.830000 	 7.128721 
2.840000 	 7.829291 
2.850000 	 7.320448 
2.860000 	 10.093966 
2.870000 	 9.321317 
2.880000 	 10.377411 
2.890000 	 7.907575 
2.900000 	 11.834426 
2.910000 	 8.648837 
2.920000 	 9.263899 
2.930000 	 11.406845 
2.940000 	 12.675024 
2.950000 	 11.231694 
2.960000 	 9.574092 
2.970000 	 9.009013 
2.980000 	 9.873171 
2.990000 	 8.412501 
3.000000 	 10.105291 
3.010000 	 10.397921 
3.020000 	 10.868411 
3.030000 	 10.863074 
3.040000 	 11.799873 
3.050000 	 13.967786 
3.060000 	 9.445709 
3.070000 	 10.862988 
3.080000 	 11.818608 
3.090000 	 13.287240 
3.100000 	 9.462381 
3.110000 	 11.891899 
3.120000 	 12.742260 
3.130000 	 14.848835 
3.140000 	 13.665018 
3.150000 	 11.136700 
3.160000 	 12.248538 
3.170000 	 12.956302 
3.180000 	 11.897524 
3.190000 	 10.704124 
3.200000 	 12.325429 
3.210000 	 14.777044 
3.220000 	 14.716814 
3.230000 	 15.867775 
3.240000 	 15.386741 
3.250000 	 14.306237 
3.260000 	 12.494454 
3.270000 	 13.175160 
3.280000 	 12.911234 
3.290000 	 14.855982 
3.300000 	 15.654048 
3.310000 	 15.151633 
3.320000 	 15.587177 
3.330000 	 16.404156 
3.340000 	 15.559238 
3.350000 	 18.371917 
3.360000 	 17.471225 
3.370000 	 18.585950 
3.380000 	 17.264573 
3.390000 	 17.359150 
3.400000 	 15.728884 
3.410000 	 17.960090 
3.420000 	 15.878902 
3.430000 	 18.716543 
3.440000 	 17.620182 
3.450000 	 19.678237 
3.460000 	 18.122291 
3.470000 	 17.760814 
3.480000 	 18.031957 
3.490000 	 16.948219 
3.500000 	 19.555978 
3.510000 	 18.436064 
3.520000 	 20.548842 
3.530000 	 22.707466 
3.540000 	 23.665042 
3.550000 	 19.442272 
3.560000 	 20.942761 
3.570000 	 19.728966 
3.580000 	 22.012540 
3.590000 	 21.739451 
3.600000 	 21.659352 
3.610000 	 21.242574 
3.620000 	 21.639617 
3.630000 	 21.744645 
3.640000 	 21.360058 
3.650000 	 26.184344 
3.660000 	 22.904498 
3.670000 	 23.819311 
3.680000 	 20.930772 
3.690000 	 23.339234 
3.700000 	 24.075775 
3.710000 	 25.247733 
3.720000 	 20.951481 
3.730000 	 23.882752 
3.740000 	 24.867913 
3.750000 	 22.408925 
3.760000 	 29.713938 
3.770000 	 24.593837 
3.780000 	 27.466069 
3.790000 	 27.488505 
3.800000 	 26.342426 
3.810000 	 26.935027 
3.820000 	 29.534142 
3.830000 	 28.802648 
3.840000 	 28.638545 
3.850000 	 28.494987 
3.860000 	 28.568354 
3.870000 	 27.764452 
3.880000 	 28.041020 
3.890000 	 31.844684 
3.900000 	 29.761526 
3.910000 	 28.283964 
3.920000 	 28.358425 
3.930000 	 31.896128 
3.940000 	 30.965779 
3.950000 	 32.509786 
3.960000 	 29.945883 
3.970000 	 31.862479 
3.980000 	 31.567232 
3.990000 	 32.028253 
4.000000 	 30.841274 
