-3.000000 	 -12.339601 
-2.990000 	 -12.319197 
-2.980000 	 -13.258926 
-2.970000 	 -10.287581 
-2.960000 	 -12.255049 
-2.950000 	 -11.336184 
-2.940000 	 -13.525699 
-2.930000 	 -11.490733 
-2.920000 	 -10.181402 
-2.910000 	 -12.165883 
-2.900000 	 -15.162175 
-2.890000 	 -12.098466 
-2.880000 	 -12.692405 
-2.870000 	 -11.053929 
-2.860000 	 -12.024203 
-2.850000 	 -11.915663 
-2.840000 	 -12.356904 
-2.830000 	 -15.110227 
-2.820000 	 -11.570330 
-2.810000 	 -11.231355 
-2.800000 	 -8.937920 
-2.790000 	 -11.971434 
-2.780000 	 -9.460768 
-2.770000 	 -9.398827 
-2.760000 	 -13.641164 
-2.750000 	 -9.919629 
-2.740000 	 -10.370470 
-2.730000 	 -10.835577 
-2.720000 	 -13.219255 
-2.710000 	 -10.275046 
-2.700000 	 -10.366057 
-2.690000 	 -9.996237 
-2.680000 	 -7.549803 
-2.670000 	 -9.074841 
-2.660000 	 -10.966174 
-2.650000 	 -10.145980 
-2.640000 	 -12.876391 
-2.630000 	 -10.513520 
-2.620000 	 -7.220199 
-2.610000 	 -10.735883 
-2.600000 	 -10.954413 
-2.590000 	 11.000000 
-2.580000 	 -8.007743 
-2.570000 	 -13.151730 
-2.560000 	 -8.028683 
-2.550000 	 -9.911636 
-2.540000 	 -10.529697 
-2.530000 	 -6.364358 
-2.520000 	 -11.653656 
-2.510000 	 -10.087003 
-2.500000 	 -10.463020 
-2.490000 	 -8.605808 
-2.480000 	 -8.926820 
-2.470000 	 -8.759989 
-2.460000 	 -9.884851 
-2.450000 	 -8.943084 
-2.440000 	 -8.061564 
-2.430000 	 -11.593687 
-2.420000 	 -8.938429 
-2.410000 	 -9.310047 
-2.400000 	 -9.926805 
-2.390000 	 -8.282674 
-2.380000 	 -7.997415 
-2.370000 	 -9.381141 
-2.360000 	 -8.908953 
-2.350000 	 -5.278708 
-2.340000 	 -8.928763 
-2.330000 	 -9.768056 
-2.320000 	 -8.791365 
-2.310000 	 -9.430983 
-2.300000 	 -8.867707 
-2.290000 	 -10.605143 
-2.280000 	 -10.530105 
-2.270000 	 -7.835418 
-2.260000 	 -6.544946 
-2.250000 	 -6.731052 
-2.240000 	 -8.557700 
-2.230000 	 -9.949236 
-2.220000 	 -9.015725 
-2.210000 	 -8.663209 
-2.200000 	 -11.600149 
-2.190000 	 -7.965594 
-2.180000 	 -7.747630 
-2.170000 	 -6.292222 
-2.160000 	 -10.569947 
-2.150000 	 -8.493703 
-2.140000 	 -8.445008 
-2.130000 	 -8.665919 
-2.120000 	 -7.960929 
-2.110000 	 -6.883459 
-2.100000 	 -8.074692 
-2.090000 	 -9.200071 
-2.080000 	 -8.211783 
-2.070000 	 -5.903590 
-2.060000 	 -7.396199 
-2.050000 	 -7.366180 
-2.040000 	 -8.587772 
-2.030000 	 -8.462864 
-2.020000 	 -9.863352 
-2.010000 	 -6.161032 
-2.000000 	 -6.273548 
-1.990000 	 -3.741555 
-1.980000 	 -6.879607 
-1.970000 	 -5.722207 
-1.960000 	 -5.933156 
-1.950000 	 -6.430659 
-1.940000 	 -5.631093 
-1.930000 	 -3.261900 
-1.920000 	 -5.688909 
-1.910000 	 -4.404689 
-1.900000 	 -10.163659 
-1.890000 	 -6.794259 
-1.880000 	 -7.354456 
-1.870000 	 -7.814915 
-1.860000 	 -6.265716 
-1.850000 	 -6.795637 
-1.840000 	 -6.939031 
-1.830000 	 -5.864937 
-1.820000 	 -5.951019 
-1.810000 	 -4.360069 
-1.800000 	 -7.721270 
-1.790000 	 -4.214442 
-1.780000 	 -4.929654 
-1.770000 	 -5.418515 
-1.760000 	 -7.604138 
-1.750000 	 -4.996235 
-1.740000 	 -6.042011 
-1.730000 	 -7.074891 
-1.720000 	 -4.482375 
-1.710000 	 -9.142073 
-1.700000 	 -6.433617 
-1.690000 	 -8.537988 
-1.680000 	 -5.001478 
-1.670000 	 -4.789011 
-1.660000 	 -3.801541 
-1.650000 	 -5.931224 
-1.640000 	 -4.079046 
-1.630000 	 -3.415250 
-1.620000 	 -3.097578 
-1.610000 	 -2.159600 
-1.600000 	 -6.776073 
-1.590000 	 -5.716770 
-1.580000 	 -3.236236 
-1.570000 	 -3.720656 
-1.560000 	 -5.259561 
-1.550000 	 -4.743130 
-1.540000 	 -0.942680 
-1.530000 	 -5.495856 
-1.520000 	 -3.290868 
-1.510000 	 -6.441790 
-1.500000 	 -1.412649 
-1.490000 	 -4.536828 
-1.480000 	 -5.127151 
-1.470000 	 -3.654990 
-1.460000 	 -5.673645 
-1.450000 	 -4.447676 
-1.440000 	 -3.756179 
-1.430000 	 -5.966883 
-1.420000 	 0.012682 
-1.410000 	 -2.358645 
-1.400000 	 -4.374368 
-1.390000 	 -3.662062 
-1.380000 	 -4.170683 
-1.370000 	 -4.409182 
-1.360000 	 -5.760755 
-1.350000 	 -3.344259 
-1.340000 	 -2.529497 
-1.330000 	 -2.025770 
-1.320000 	 -5.940756 
-1.310000 	 -6.166202 
-1.300000 	 -1.038917 
-1.290000 	 -5.504643 
-1.280000 	 -5.301008 
-1.270000 	 -0.566695 
-1.260000 	 -1.125965 
-1.250000 	 -3.168228 
-1.240000 	 -4.438137 
-1.230000 	 -2.857101 
-1.220000 	 -3.101431 
-1.210000 	 -2.997651 
-1.200000 	 -1.691877 
-1.190000 	 -2.901128 
-1.180000 	 -2.143133 
-1.170000 	 -5.218113 
-1.160000 	 -0.436604 
-1.150000 	 -1.999101 
-1.140000 	 -2.303765 
-1.130000 	 -5.558705 
-1.120000 	 -0.436242 
-1.110000 	 0.245611 
-1.100000 	 -3.048038 
-1.090000 	 -3.388681 
-1.080000 	 -5.725829 
-1.070000 	 -3.348515 
-1.060000 	 -4.769543 
-1.050000 	 -1.121508 
-1.040000 	 -2.616491 
-1.030000 	 -3.273176 
-1.020000 	 -4.374225 
-1.010000 	 0.199945 
-1.000000 	 -1.157834 
-0.990000 	 -0.664297 
-0.980000 	 0.554615 
-0.970000 	 -1.274903 
-0.960000 	 -3.917259 
-0.950000 	 -1.729237 
-0.940000 	 -0.185527 
-0.930000 	 -3.559656 
-0.920000 	 -1.758308 
-0.910000 	 1.766349 
-0.900000 	 -1.661513 
-0.890000 	 -1.264681 
-0.880000 	 -1.208755 
-0.870000 	 -0.826115 
-0.860000 	 -2.419206 
-0.850000 	 -3.375318 
-0.840000 	 -1.778466 
-0.830000 	 0.491755 
-0.820000 	 -3.558535 
-0.810000 	 -1.089814 
-0.800000 	 -0.931817 
-0.790000 	 -0.806368 
-0.780000 	 0.093890 
-0.770000 	 -0.280029 
-0.760000 	 -0.939124 
-0.750000 	 -0.032116 
-0.740000 	 -0.410474 
-0.730000 	 -2.063338 
-0.720000 	 -2.010985 
-0.710000 	 -0.545174 
-0.700000 	 -3.171699 
-0.690000 	 -1.000337 
-0.680000 	 -2.641336 
-0.670000 	 -2.928909 
-0.660000 	 -0.434435 
-0.650000 	 0.534213 
-0.640000 	 0.151634 
-0.630000 	 -1.294801 
-0.620000 	 -2.155337 
-0.610000 	 -1.673906 
-0.600000 	 -2.602759 
-0.590000 	 -3.563666 
-0.580000 	 0.714375 
-0.570000 	 -1.633644 
-0.560000 	 0.654850 
-0.550000 	 -0.583187 
-0.540000 	 -3.059951 
-0.530000 	 -1.146320 
-0.520000 	 -2.397498 
-0.510000 	 -0.735212 
-0.500000 	 0.019113 
-0.490000 	 -0.055296 
-0.480000 	 0.585375 
-0.470000 	 -1.837961 
-0.460000 	 -1.181306 
-0.450000 	 -1.763606 
-0.440000 	 0.622822 
-0.430000 	 -0.313793 
-0.420000 	 -0.876291 
-0.410000 	 -1.054331 
-0.400000 	 0.269220 
-0.390000 	 -0.509620 
-0.380000 	 -0.818325 
-0.370000 	 -1.360270 
-0.360000 	 -2.530555 
-0.350000 	 0.555403 
-0.340000 	 -3.396148 
-0.330000 	 -0.194105 
-0.320000 	 2.926444 
-0.310000 	 -1.748465 
-0.300000 	 -1.133971 
-0.290000 	 -1.835793 
-0.280000 	 -0.542356 
-0.270000 	 -1.115973 
-0.260000 	 -1.188447 
-0.250000 	 -0.210972 
-0.240000 	 -0.413146 
-0.230000 	 0.372310 
-0.220000 	 -0.281849 
-0.210000 	 -0.162196 
-0.200000 	 -0.051816 
-0.190000 	 1.211646 
-0.180000 	 1.332280 
-0.170000 	 1.044556 
-0.160000 	 2.941471 
-0.150000 	 0.372170 
-0.140000 	 0.939405 
-0.130000 	 0.698800 
-0.120000 	 -1.051171 
-0.110000 	 -2.010151 
-0.100000 	 -0.767042 
-0.090000 	 0.925569 
-0.080000 	 2.287745 
-0.070000 	 1.290807 
-0.060000 	 2.598170 
-0.050000 	 0.307749 
-0.040000 	 3.231188 
-0.030000 	 -1.406263 
-0.020000 	 1.118897 
-0.010000 	 -0.970198 
0.000000 	 -0.889507 
0.010000 	 0.953137 
0.020000 	 -0.206846 
0.030000 	 -0.698006 
0.040000 	 -0.077456 
0.050000 	 3.014551 
0.060000 	 1.364619 
0.070000 	 1.940686 
0.080000 	 0.137374 
0.090000 	 1.246659 
0.100000 	 -3.373648 
0.110000 	 1.579280 
0.120000 	 1.209208 
0.130000 	 1.415695 
0.140000 	 -0.102387 
0.150000 	 -1.596243 
0.160000 	 1.746464 
0.170000 	 1.997771 
0.180000 	 0.526598 
0.190000 	 2.948665 
0.200000 	 -3.808838 
0.210000 	 -0.675042 
0.220000 	 -0.167261 
0.230000 	 0.370976 
0.240000 	 -0.777305 
0.250000 	 1.528299 
0.260000 	 0.602116 
0.270000 	 -0.848346 
0.280000 	 2.016267 
0.290000 	 -1.089851 
0.300000 	 -0.645064 
0.310000 	 1.136603 
0.320000 	 -0.373733 
0.330000 	 1.940329 
0.340000 	 0.809646 
0.350000 	 -2.480328 
0.360000 	 -0.661329 
0.370000 	 -0.465940 
0.380000 	 -1.433379 
0.390000 	 -0.935883 
0.400000 	 2.225758 
0.410000 	 -0.411497 
0.420000 	 1.424058 
0.430000 	 0.232890 
0.440000 	 0.527535 
0.450000 	 1.262989 
0.460000 	 -0.245106 
0.470000 	 -0.617011 
0.480000 	 -0.777994 
0.490000 	 3.992492 
0.500000 	 1.467689 
0.510000 	 -1.255507 
0.520000 	 3.511221 
0.530000 	 -0.494768 
0.540000 	 1.575675 
0.550000 	 0.863433 
0.560000 	 1.007283 
0.570000 	 -1.349594 
0.580000 	 2.516592 
0.590000 	 1.362978 
0.600000 	 1.226069 
0.610000 	 0.978406 
0.620000 	 4.930797 
0.630000 	 -0.462862 
0.640000 	 2.510310 
0.650000 	 -2.439809 
0.660000 	 4.736230 
0.670000 	 0.979617 
0.680000 	 0.687345 
0.690000 	 -0.723201 
0.700000 	 -1.592141 
0.710000 	 -0.864319 
0.720000 	 0.701063 
0.730000 	 -1.133193 
0.740000 	 0.775492 
0.750000 	 1.264285 
0.760000 	 2.523473 
0.770000 	 0.212901 
0.780000 	 -1.679550 
0.790000 	 2.086586 
0.800000 	 -0.645079 
0.810000 	 0.432812 
0.820000 	 0.630927 
0.830000 	 -0.598532 
0.840000 	 0.580534 
0.850000 	 0.040575 
0.860000 	 0.896574 
0.870000 	 1.033946 
0.880000 	 -0.662851 
0.890000 	 1.493211 
0.900000 	 -0.898979 
0.910000 	 0.901061 
0.920000 	 2.144320 
0.930000 	 1.762549 
0.940000 	 0.099612 
0.950000 	 0.691715 
0.960000 	 1.591676 
0.970000 	 -1.576955 
0.980000 	 -0.313111 
0.990000 	 0.281984 
1.000000 	 1.936884 
1.010000 	 -0.875719 
1.020000 	 -0.841110 
1.030000 	 0.002447 
1.040000 	 0.226615 
1.050000 	 -1.653658 
1.060000 	 -3.855931 
1.070000 	 -1.610606 
1.080000 	 0.334882 
1.090000 	 -1.077186 
1.100000 	 -0.760011 
1.110000 	 0.839196 
1.120000 	 -0.713935 
1.130000 	 0.747392 
1.140000 	 2.589088 
1.150000 	 -0.362218 
1.160000 	 1.572035 
1.170000 	 3.352380 
1.180000 	 -1.113201 
1.190000 	 2.281290 
1.200000 	 3.116260 
1.210000 	 -0.672183 
1.220000 	 1.970894 
1.230000 	 -0.995643 
1.240000 	 -0.436449 
1.250000 	 0.199566 
1.260000 	 2.969093 
1.270000 	 1.245553 
1.280000 	 1.317394 
1.290000 	 -0.416752 
1.300000 	 -1.710006 
1.310000 	 4.101804 
1.320000 	 2.066567 
1.330000 	 3.336472 
1.340000 	 -1.894361 
1.350000 	 -0.425818 
1.360000 	 1.187604 
1.370000 	 -0.812359 
1.380000 	 2.787506 
1.390000 	 -0.462532 
1.400000 	 0.288707 
1.410000 	 1.630011 
1.420000 	 0.797526 
1.430000 	 1.481855 
1.440000 	 0.737779 
1.450000 	 -2.239880 
1.460000 	 0.331946 
1.470000 	 1.622000 
1.480000 	 -1.033211 
1.490000 	 2.898127 
1.500000 	 0.138622 
1.510000 	 0.605644 
1.520000 	 0.010730 
1.530000 	 -0.103152 
1.540000 	 3.108763 
1.550000 	 -0.038004 
1.560000 	 0.289454 
1.570000 	 0.283678 
1.580000 	 0.460469 
1.590000 	 -1.134445 
1.600000 	 -1.246350 
1.610000 	 -1.793281 
1.620000 	 0.462857 
1.630000 	 1.327400 
1.640000 	 -0.677695 
1.650000 	 -0.105130 
1.660000 	 0.951810 
1.670000 	 -0.986933 
1.680000 	 0.353231 
1.690000 	 2.742869 
1.700000 	 5.161598 
1.710000 	 0.363425 
1.720000 	 1.814808 
1.730000 	 2.705524 
1.740000 	 0.201008 
1.750000 	 -0.934118 
1.760000 	 1.514611 
1.770000 	 -0.753335 
1.780000 	 0.461618 
1.790000 	 -1.208417 
1.800000 	 1.709578 
1.810000 	 2.414426 
1.820000 	 3.064633 
1.830000 	 1.607273 
1.840000 	 1.842816 
1.850000 	 1.515114 
1.860000 	 1.857209 
1.870000 	 2.497118 
1.880000 	 0.092833 
1.890000 	 0.183234 
1.900000 	 4.574820 
1.910000 	 2.349939 
1.920000 	 -1.132423 
1.930000 	 3.316808 
1.940000 	 0.995648 
1.950000 	 0.807068 
1.960000 	 1.137546 
1.970000 	 3.313731 
1.980000 	 2.050500 
1.990000 	 0.656347 
2.000000 	 1.849616 
2.010000 	 2.399226 
2.020000 	 1.246037 
2.030000 	 4.508885 
2.040000 	 3.161071 
2.050000 	 3.259712 
2.060000 	 5.934462 
2.070000 	 3.121535 
2.080000 	 2.579025 
2.090000 	 2.722004 
2.100000 	 3.572074 
2.110000 	 4.621254 
2.120000 	 2.911295 
2.130000 	 -0.469749 
2.140000 	 2.192631 
2.150000 	 3.025433 
2.160000 	 3.824962 
2.170000 	 0.591505 
2.180000 	 5.549593 
2.190000 	 5.195588 
2.200000 	 4.827894 
2.210000 	 1.835748 
2.220000 	 -0.275014 
2.230000 	 4.225066 
2.240000 	 0.457594 
2.250000 	 6.075399 
2.260000 	 3.990857 
2.270000 	 5.562166 
2.280000 	 3.106246 
2.290000 	 3.503964 
2.300000 	 3.249558 
2.310000 	 5.289970 
2.320000 	 2.772591 
2.330000 	 5.546758 
2.340000 	 4.923595 
2.350000 	 2.134243 
2.360000 	 6.451680 
2.370000 	 5.927240 
2.380000 	 5.551926 
2.390000 	 4.950846 
2.400000 	 6.745034 
2.410000 	 8.124498 
2.420000 	 5.004609 
2.430000 	 4.441579 
2.440000 	 3.578720 
2.450000 	 5.297129 
2.460000 	 3.731606 
2.470000 	 4.547379 
2.480000 	 3.074299 
2.490000 	 9.401817 
2.500000 	 4.110943 
2.510000 	 8.327520 
2.520000 	 4.395480 
2.530000 	 3.593713 
2.540000 	 1.752201 
2.550000 	 6.001589 
2.560000 	 6.090341 
2.570000 	 4.168851 
2.580000 	 8.764770 
2.590000 	 7.286656 
2.600000 	 8.352903 
2.610000 	 7.950130 
2.620000 	 5.336668 
2.630000 	 5.473143 
2.640000 	 7.256591 
2.650000 	 7.130259 
2.660000 	 5.664335 
2.670000 	 7.150987 
2.680000 	 10.350360 
2.690000 	 8.051638 
2.700000 	 2.828103 
2.710000 	 7.765260 
2.720000 	 5.846499 
2.730000 	 3.461870 
2.740000 	 5.640679 
2.750000 	 5.901523 
2.760000 	 4.133683 
2.770000 	 8.065136 
2.780000 	 7.685462 
2.790000 	 5.755110 
2.800000 	 6.870773 
2.810000 	 7.526852 
2.820000 	 7.940695 
2.830000 	 9.929694 
2.840000 	 8.878416 
2.850000 	 8.409333 
2.860000 	 5.100364 
2.870000 	 8.336412 
2.880000 	 9.715143 
2.890000 	 6.492814 
2.900000 	 7.267543 
2.910000 	 8.004174 
2.920000 	 5.482531 
2.930000 	 6.637629 
2.940000 	 11.231738 
2.950000 	 7.638092 
2.960000 	 7.237021 
2.970000 	 9.069759 
2.980000 	 9.506119 
2.990000 	 9.703142 
3.000000 	 9.931421 
3.010000 	 8.399663 
3.020000 	 10.414526 
3.030000 	 10.052297 
3.040000 	 7.841447 
3.050000 	 10.412089 
3.060000 	 10.824884 
3.070000 	 11.650282 
3.080000 	 12.466835 
3.090000 	 10.286232 
3.100000 	 12.559945 
3.110000 	 11.354636 
3.120000 	 10.518257 
3.130000 	 8.430060 
3.140000 	 16.632333 
3.150000 	 13.028048 
3.160000 	 11.992472 
3.170000 	 15.041695 
3.180000 	 11.395045 
3.190000 	 15.210768 
3.200000 	 14.316624 
3.210000 	 15.864861 
3.220000 	 14.559348 
3.230000 	 14.994711 
3.240000 	 14.642209 
3.250000 	 15.320182 
3.260000 	 13.137461 
3.270000 	 14.576173 
3.280000 	 14.523184 
3.290000 	 13.712463 
3.300000 	 14.308047 
3.310000 	 14.103866 
3.320000 	 18.821149 
3.330000 	 7.000000 
3.340000 	 15.406604 
3.350000 	 15.335088 
3.360000 	 17.218653 
3.370000 	 16.927728 
3.380000 	 16.082831 
3.390000 	 17.020852 
3.400000 	 16.317731 
3.410000 	 17.376626 
3.420000 	 14.368540 
3.430000 	 15.196529 
3.440000 	 19.056079 
3.450000 	 19.007575 
3.460000 	 18.462786 
3.470000 	 20.629067 
3.480000 	 16.665613 
3.490000 	 17.563712 
3.500000 	 19.491652 
3.510000 	 19.792962 
3.520000 	 20.024470 
3.530000 	 22.313282 
3.540000 	 17.099759 
3.550000 	 18.401462 
3.560000 	 19.192403 
3.570000 	 20.078377 
3.580000 	 21.195950 
3.590000 	 22.508638 
3.600000 	 18.025835 
3.610000 	 20.815385 
3.620000 	 22.992949 
3.630000 	 18.634679 
3.640000 	 22.337023 
3.650000 	 24.097151 
3.660000 	 23.893124 
3.670000 	 22.808757 
3.680000 	 23.975518 
3.690000 	 23.785631 
3.700000 	 23.800702 
3.710000 	 24.305941 
3.720000 	 25.309304 
3.730000 	 24.198849 
3.740000 	 23.847767 
3.750000 	 23.934055 
3.760000 	 25.841676 
3.770000 	 23.704715 
3.780000 	 26.694007 
3.790000 	 24.924532 
3.800000 	 30.889935 
3.810000 	 29.196290 
3.820000 	 27.120894 
3.830000 	 26.905656 
3.840000 	 26.896709 
3.850000 	 30.086362 
3.860000 	 28.885900 
3.870000 	 26.395575 
3.880000 	 27.766921 
3.890000 	 28.228632 
3.900000 	 27.936143 
3.910000 	 32.256129 
3.920000 	 29.150658 
3.930000 	 26.459053 
3.940000 	 29.629645 
3.950000 	 29.505975 
3.960000 	 29.706919 
3.970000 	 30.811704 
3.980000 	 32.770492 
3.990000 	 32.108571 
4.000000 	 34.036908 
