-3.000000 	 -12.323647 
-2.990000 	 -13.190866 
-2.980000 	 -10.823384 
-2.970000 	 -13.118326 
-2.960000 	 -14.604481 
-2.950000 	 -11.342536 
-2.940000 	 -10.962908 
-2.930000 	 -12.892576 
-2.920000 	 -11.914407 
-2.910000 	 -10.967356 
-2.900000 	 -10.412566 
-2.890000 	 -11.722776 
-2.880000 	 -9.368710 
-2.870000 	 -12.226431 
-2.860000 	 -13.189783 
-2.850000 	 -8.437773 
-2.840000 	 -9.823985 
-2.830000 	 -11.761481 
-2.820000 	 -12.065300 
-2.810000 	 -12.035526 
-2.800000 	 -10.628253 
-2.790000 	 -11.360553 
-2.780000 	 -11.098889 
-2.770000 	 -9.427277 
-2.760000 	 -11.465639 
-2.750000 	 -10.913412 
-2.740000 	 -11.299547 
-2.730000 	 -13.343653 
-2.720000 	 -11.803235 
-2.710000 	 -10.201061 
-2.700000 	 -13.939566 
-2.690000 	 -9.510943 
-2.680000 	 -13.298364 
-2.670000 	 -9.512116 
-2.660000 	 -10.010603 
-2.650000 	 -10.189499 
-2.640000 	 -7.469216 
-2.630000 	 -11.051635 
-2.620000 	 -9.292500 
-2.610000 	 -8.772851 
-2.600000 	 -8.837832 
-2.590000 	 -9.939603 
-2.580000 	 -11.277962 
-2.570000 	 -9.010563 
-2.560000 	 -8.373023 
-2.550000 	 -10.841308 
-2.540000 	 -11.068551 
-2.530000 	 -10.811500 
-2.520000 	 -11.590981 
-2.510000 	 -8.810323 
-2.500000 	 -9.518976 
-2.490000 	 -10.834786 
-2.480000 	 -10.654421 
-2.470000 	 -7.572590 
-2.460000 	 -8.249779 
-2.450000 	 -10.747510 
-2.440000 	 -8.291657 
-2.430000 	 -6.188323 
-2.420000 	 -7.997090 
-2.410000 	 -9.801473 
-2.400000 	 -8.559187 
-2.390000 	 -11.395725 
-2.380000 	 -9.352537 
-2.370000 	 -8.558173 
-2.360000 	 -8.764175 
-2.350000 	 -8.139145 
-2.340000 	 -9.117026 
-2.330000 	 -8.364963 
-2.320000 	 -6.218240 
-2.310000 	 -8.174612 
-2.300000 	 -7.546360 
-2.290000 	 -8.214244 
-2.280000 	 -7.593145 
-2.270000 	 -9.105470 
-2.260000 	 -9.690646 
-2.250000 	 -9.165778 
-2.240000 	 -9.480572 
-2.230000 	 -7.783102 
-2.220000 	 -7.080415 
-2.210000 	 -6.129018 
-2.200000 	 -6.355265 
-2.190000 	 -9.225862 
-2.180000 	 -9.535855 
-2.170000 	 -5.655822 
-2.160000 	 -9.911601 
-2.150000 	 -5.988212 
-2.140000 	 -9.909534 
-2.130000 	 -6.554603 
-2.120000 	 -8.362365 
-2.110000 	 -4.082072 
-2.100000 	 -9.388182 
-2.090000 	 -5.970428 
-2.080000 	 -8.608515 
-2.070000 	 -5.403294 
-2.060000 	 -5.177769 
-2.050000 	 -7.984452 
-2.040000 	 -7.040755 
-2.030000 	 -9.022992 
-2.020000 	 -10.377334 
-2.010000 	 -7.029470 
-2.000000 	 -6.655348 
-1.990000 	 -8.642731 
-1.980000 	 -7.330196 
-1.970000 	 -5.095718 
-1.960000 	 -8.649845 
-1.950000 	 -5.133878 
-1.940000 	 -4.660360 
-1.930000 	 -6.062623 
-1.920000 	 -6.596111 
-1.910000 	 -5.530730 
-1.900000 	 -9.214523 
-1.890000 	 -7.691973 
-1.880000 	 -8.191508 
-1.870000 	 -3.810273 
-1.860000 	 -7.159157 
-1.850000 	 -5.556237 
-1.840000 	 -10.305316 
-1.830000 	 -2.511485 
-1.820000 	 -4.432386 
-1.810000 	 -7.836026 
-1.800000 	 -9.303027 
-1.790000 	 -4.960280 
-1.780000 	 -6.731226 
-1.770000 	 -4.301742 
-1.760000 	 -5.954488 
-1.750000 	 -8.739323 
-1.740000 	 -6.809732 
-1.730000 	 -8.782382 
-1.720000 	 -6.857331 
-1.710000 	 -5.264674 
-1.700000 	 -4.327216 
-1.690000 	 -6.960515 
-1.680000 	 -3.648559 
-1.670000 	 -5.245283 
-1.660000 	 -5.451699 
-1.650000 	 -4.348005 
-1.640000 	 -7.337673 
-1.630000 	 -6.747501 
-1.620000 	 -4.551870 
-1.610000 	 -5.187610 
-1.600000 	 -4.232471 
-1.590000 	 -6.042056 
-1.580000 	 -5.357956 
-1.570000 	 -5.930768 
-1.560000 	 -5.312388 
-1.550000 	 -4.037010 
-1.540000 	 -4.297923 
-1.530000 	 -6.620490 
-1.520000 	 -6.482735 
-1.510000 	 -7.303251 
-1.500000 	 -4.267819 
-1.490000 	 -3.052503 
-1.480000 	 29.000000 
-1.470000 	 -0.823613 
-1.460000 	 -4.425354 
-1.450000 	 -5.136076 
-1.440000 	 -2.842832 
-1.430000 	 -5.174662 
-1.420000 	 -5.398793 
-1.410000 	 -3.778586 
-1.400000 	 -5.342038 
-1.390000 	 -1.389704 
-1.380000 	 -5.313597 
-1.370000 	 -2.683359 
-1.360000 	 -4.244683 
-1.350000 	 -3.844528 
-1.340000 	 -5.248409 
-1.330000 	 -3.116080 
-1.320000 	 -0.680890 
-1.310000 	 -2.819223 
-1.300000 	 -3.142788 
-1.290000 	 -8.217280 
-1.280000 	 -4.020236 
-1.270000 	 -2.437250 
-1.260000 	 -1.665989 
-1.250000 	 -2.371373 
-1.240000 	 -2.109685 
-1.230000 	 -2.256037 
-1.220000 	 -2.832440 
-1.210000 	 -2.649333 
-1.200000 	 -2.166826 
-1.190000 	 -4.762412 
-1.180000 	 -4.164210 
-1.170000 	 -4.210721 
-1.160000 	 -4.618392 
-1.150000 	 -2.906672 
-1.140000 	 -2.076219 
-1.130000 	 -1.071694 
-1.120000 	 -4.820364 
-1.110000 	 -2.634896 
-1.100000 	 -3.810473 
-1.090000 	 -3.333933 
-1.080000 	 -5.097464 
-1.070000 	 -3.430587 
-1.060000 	 0.457641 
-1.050000 	 -0.269523 
-1.040000 	 -1.401964 
-1.030000 	 -5.024169 
-1.020000 	 -3.492607 
-1.010000 	 -3.964827 
-1.000000 	 -1.564833 
-0.990000 	 -3.276040 
-0.980000 	 -1.376893 
-0.970000 	 -1.083789 
-0.960000 	 0.901448 
-0.950000 	 -1.230247 
-0.940000 	 -3.183602 
-0.930000 	 -0.831041 
-0.920000 	 -1.715675 
-0.910000 	 0.856272 
-0.900000 	 -2.674436 
-0.890000 	 -2.607943 
-0.880000 	 0.283574 
-0.870000 	 -2.585452 
-0.860000 	 0.513797 
-0.850000 	 -0.203675 
-0.840000 	 0.492082 
-0.830000 	 -5.234089 
-0.820000 	 -2.411433 
-0.810000 	 -1.521635 
-0.800000 	 -4.562580 
-0.790000 	 1.560052 
-0.780000 	 -0.898488 
-0.770000 	 -1.846525 
-0.760000 	 -3.466074 
-0.750000 	 -1.465923 
-0.740000 	 0.319934 
-0.730000 	 1.385560 
-0.720000 	 0.095424 
-0.710000 	 -0.612502 
-0.700000 	 -1.597023 
-0.690000 	 -0.697395 
-0.680000 	 -0.851314 
-0.670000 	 1.100269 
-0.660000 	 0.311534 
-0.650000 	 -2.478653 
-0.640000 	 -3.689878 
-0.630000 	 -3.323076 
-0.620000 	 -0.414975 
-0.610000 	 -1.203983 
-0.600000 	 1.042232 
-0.590000 	 -4.828684 
-0.580000 	 -1.104180 
-0.570000 	 -1.019492 
-0.560000 	 -0.749974 
-0.550000 	 -1.807266 
-0.540000 	 -1.142445 
-0.530000 	 -3.451013 
-0.520000 	 0.490545 
-0.510000 	 -0.476470 
-0.500000 	 -1.691636 
-0.490000 	 0.796163 
-0.480000 	 -0.205055 
-0.470000 	 1.485323 
-0.460000 	 -0.323417 
-0.450000 	 0.779740 
-0.440000 	 -1.773672 
-0.430000 	 0.265269 
-0.420000 	 1.594306 
-0.410000 	 1.906981 
-0.400000 	 -0.440454 
-0.390000 	 -0.010084 
-0.380000 	 -1.665532 
-0.370000 	 2.218261 
-0.360000 	 2.961333 
-0.350000 	 2.268663 
-0.340000 	 -0.009639 
-0.330000 	 1.085001 
-0.320000 	 -0.541496 
-0.310000 	 -2.754631 
-0.300000 	 2.383677 
-0.290000 	 -2.894986 
-0.280000 	 -0.973225 
-0.270000 	 -0.034955 
-0.260000 	 -0.746296 
-0.250000 	 -0.633783 
-0.240000 	 -0.055697 
-0.230000 	 0.400803 
-0.220000 	 0.371582 
-0.210000 	 -3.464310 
-0.200000 	 2.326355 
-0.190000 	 1.024702 
-0.180000 	 -0.972431 
-0.170000 	 -0.975349 
-0.160000 	 1.936670 
-0.150000 	 1.262135 
-0.140000 	 -0.084126 
-0.130000 	 -3.285094 
-0.120000 	 0.413613 
-0.110000 	 -1.557944 
-0.100000 	 -0.019050 
-0.090000 	 -0.675280 
-0.080000 	 -0.307755 
-0.070000 	 -2.589954 
-0.060000 	 -0.144630 
-0.050000 	 -2.828707 
-0.040000 	 -1.241731 
-0.030000 	 -1.802378 
-0.020000 	 0.885475 
-0.010000 	 0.539468 
0.000000 	 -0.052838 
0.010000 	 0.154469 
0.020000 	 -1.908835 
0.030000 	 0.185665 
0.040000 	 -2.073687 
0.050000 	 -1.391017 
0.060000 	 -1.692893 
0.070000 	 0.411872 
0.080000 	 -1.144370 
0.090000 	 2.663024 
0.100000 	 -0.861861 
0.110000 	 -0.846707 
0.120000 	 -0.207814 
0.130000 	 0.236243 
0.140000 	 -0.179222 
0.150000 	 0.696151 
0.160000 	 -0.031252 
0.170000 	 -1.172659 
0.180000 	 -1.188039 
0.190000 	 3.163247 
0.200000 	 0.628392 
0.210000 	 -0.158136 
0.220000 	 0.113776 
0.230000 	 -0.386546 
0.240000 	 -0.582390 
0.250000 	 0.932199 
0.260000 	 -0.912180 
0.270000 	 -0.296367 
0.280000 	 2.933480 
0.290000 	 -2.097275 
0.300000 	 -0.797339 
0.310000 	 -0.250894 
0.320000 	 -1.429545 
0.330000 	 0.486171 
0.340000 	 -3.481070 
0.350000 	 0.234898 
0.360000 	 1.664965 
0.370000 	 -0.038745 
0.380000 	 -0.800847 
0.390000 	 -0.717171 
0.400000 	 -0.384508 
0.410000 	 2.159416 
0.420000 	 0.059794 
0.430000 	 0.337916 
0.440000 	 2.576427 
0.450000 	 0.760376 
0.460000 	 -0.368129 
0.470000 	 3.189794 
0.480000 	 0.913415 
0.490000 	 0.529191 
0.500000 	 -0.063899 
0.510000 	 1.712171 
0.520000 	 -1.087891 
0.530000 	 3.261837 
0.540000 	 -1.362506 
0.550000 	 0.562107 
0.560000 	 0.338754 
0.570000 	 0.327955 
0.580000 	 -1.505660 
0.590000 	 -0.430448 
0.600000 	 -0.519996 
0.610000 	 -2.534478 
0.620000 	 1.750123 
0.630000 	 0.009736 
0.640000 	 -0.323853 
0.650000 	 -0.655447 
0.660000 	 -0.298407 
0.670000 	 -1.076030 
0.680000 	 0.323392 
0.690000 	 -2.159093 
0.700000 	 0.106027 
0.710000 	 1.212006 
0.720000 	 -4.665041 
0.730000 	 -0.781399 
0.740000 	 -0.430721 
0.750000 	 -0.218573 
0.760000 	 0.178223 
0.770000 	 -1.982206 
0.780000 	 -0.948042 
0.790000 	 0.702704 
0.800000 	 0.886155 
0.810000 	 -1.794549 
0.820000 	 -1.544690 
0.830000 	 0.955199 
0.840000 	 -0.843271 
0.850000 	 0.465650 
0.860000 	 1.243928 
0.870000 	 -1.457318 
0.880000 	 0.647273 
0.890000 	 -0.922030 
0.900000 	 -0.027272 
0.910000 	 2.034643 
0.920000 	 0.925502 
0.930000 	 0.446611 
0.940000 	 0.953363 
0.950000 	 2.563856 
0.960000 	 -0.534623 
0.970000 	 -1.031303 
0.980000 	 1.955501 
0.990000 	 -0.846762 
1.000000 	 -0.380144 
1.010000 	 0.326036 
1.020000 	 1.296406 
1.030000 	 2.494782 
1.040000 	 0.628389 
1.050000 	 1.357190 
1.060000 	 1.021655 
1.070000 	 5.782654 
1.080000 	 0.130153 
1.090000 	 2.934740 
1.100000 	 0.759072 
1.110000 	 1.523049 
1.120000 	 0.235302 
1.130000 	 -0.455527 
1.140000 	 -2.737080 
1.150000 	 1.199408 
1.160000 	 3.673230 
1.170000 	 0.597275 
1.180000 	 0.015491 
1.190000 	 1.379564 
1.200000 	 0.604883 
1.210000 	 1.184895 
1.220000 	 1.424212 
1.230000 	 2.252206 
1.240000 	 -0.086608 
1.250000 	 1.584119 
1.260000 	 1.227898 
1.270000 	 0.428720 
1.280000 	 12.000000 
1.290000 	 2.246570 
1.300000 	 0.277403 
1.310000 	 -0.235825 
1.320000 	 1.650575 
1.330000 	 -1.182387 
1.340000 	 -2.189758 
1.350000 	 1.286013 
1.360000 	 -2.135545 
1.370000 	 2.665122 
1.380000 	 0.543651 
1.390000 	 -0.996939 
1.400000 	 1.456219 
1.410000 	 1.192792 
1.420000 	 -0.903524 
1.430000 	 -1.630178 
1.440000 	 1.960750 
1.450000 	 2.107480 
1.460000 	 -0.085245 
1.470000 	 3.473419 
1.480000 	 1.780756 
1.490000 	 2.306779 
1.500000 	 -0.441310 
1.510000 	 3.086227 
1.520000 	 -1.701975 
1.530000 	 0.261544 
1.540000 	 2.352700 
1.550000 	 -4.065872 
1.560000 	 1.558041 
1.570000 	 4.330138 
1.580000 	 0.168262 
1.590000 	 3.342167 
1.600000 	 -1.714828 
1.610000 	 -0.791822 
1.620000 	 2.592509 
1.630000 	 1.287322 
1.640000 	 1.889406 
1.650000 	 2.129493 
1.660000 	 2.572177 
1.670000 	 1.093291 
1.680000 	 4.374831 
1.690000 	 1.152352 
1.700000 	 2.060014 
1.710000 	 0.655405 
1.720000 	 -1.196699 
1.730000 	 2.255668 
1.740000 	 3.522836 
1.750000 	 3.163378 
1.760000 	 0.811993 
1.770000 	 1.472037 
1.780000 	 0.746742 
1.790000 	 0.534020 
1.800000 	 4.439371 
1.810000 	 4.344870 
1.820000 	 -1.381495 
1.830000 	 2.528071 
1.840000 	 0.562281 
1.850000 	 1.479902 
1.860000 	 1.080703 
1.870000 	 1.184487 
1.880000 	 2.452004 
1.890000 	 1.358360 
1.900000 	 1.279184 
1.910000 	 1.019969 
1.920000 	 -1.061437 
1.930000 	 -1.549064 
1.940000 	 0.582656 
1.950000 	 3.292170 
1.960000 	 5.705647 
1.970000 	 2.869416 
1.980000 	 -1.034081 
1.990000 	 -0.647277 
2.000000 	 0.832394 
2.010000 	 2.881170 
2.020000 	 -0.315181 
2.030000 	 1.160969 
2.040000 	 0.193023 
2.050000 	 1.344350 
2.060000 	 4.930367 
2.070000 	 0.737084 
2.080000 	 1.836062 
2.090000 	 2.919372 
2.100000 	 4.245898 
2.110000 	 4.094709 
2.120000 	 2.757358 
2.130000 	 1.590316 
2.140000 	 4.086597 
2.150000 	 1.633663 
2.160000 	 3.635476 
2.170000 	 0.533364 
2.180000 	 3.537147 
2.190000 	 3.644965 
2.200000 	 1.491441 
2.210000 	 2.180447 
2.220000 	 3.604362 
2.230000 	 3.514613 
2.240000 	 0.803374 
2.250000 	 4.343421 
2.260000 	 5.260820 
2.270000 	 2.196671 
2.280000 	 2.232013 
2.290000 	 3.048349 
2.300000 	 3.235911 
2.310000 	 4.932369 
2.320000 	 1.959873 
2.330000 	 1.409816 
2.340000 	 2.588070 
2.350000 	 4.819619 
2.360000 	 2.351165 
2.370000 	 2.222671 
2.380000 	 5.497998 
2.390000 	 4.937321 
2.400000 	 3.971613 
2.410000 	 4.817802 
2.420000 	 5.574105 
2.430000 	 2.808110 
2.440000 	 4.775879 
2.450000 	 3.621110 
2.460000 	 6.472575 
2.470000 	 4.998278 
2.480000 	 2.825660 
2.490000 	 4.924623 
2.500000 	 6.238622 
2.510000 	 4.795975 
2.520000 	 6.717054 
2.530000 	 4.196220 
2.540000 	 5.961416 
2.550000 	 5.814565 
2.560000 	 7.581369 
2.570000 	 4.020312 
2.580000 	 6.647613 
2.590000 	 7.775345 
2.600000 	 8.358526 
2.610000 	 6.319380 
2.620000 	 5.805234 
2.630000 	 6.335249 
2.640000 	 7.774078 
2.650000 	 6.443610 
2.660000 	 6.533901 
2.670000 	 4.295436 
2.680000 	 5.256545 
2.690000 	 8.356217 
2.700000 	 5.902867 
2.710000 	 5.418467 
2.720000 	 6.682916 
2.730000 	 5.608750 
2.740000 	 8.534666 
2.750000 	 4.642386 
2.760000 	 7.337491 
2.770000 	 8.649914 
2.780000 	 10.079792 
2.790000 	 6.340495 
2.800000 	 8.507345 
2.810000 	 9.978330 
2.820000 	 9.576331 
2.830000 	 6.918136 
2.840000 	 6.778927 
2.850000 	 9.103469 
2.860000 	 11.852403 
2.870000 	 8.334471 
2.880000 	 9.947750 
2.890000 	 7.324596 
2.900000 	 8.540370 
2.910000 	 9.062272 
2.920000 	 7.372339 
2.930000 	 7.414786 
2.940000 	 8.761898 
2.950000 	 10.643782 
2.960000 	 9.251863 
2.970000 	 11.420760 
2.980000 	 9.022417 
2.990000 	 8.540697 
3.000000 	 8.526350 
3.010000 	 6.103456 
3.020000 	 5.739760 
3.030000 	 12.604788 
3.040000 	 11.975989 
3.050000 	 11.450374 
3.060000 	 11.125583 
3.070000 	 13.526430 
3.080000 	 10.916227 
3.090000 	 13.036960 
3.100000 	 11.010436 
3.110000 	 11.887310 
3.120000 	 14.526669 
3.130000 	 13.796269 
3.140000 	 9.091267 
3.150000 	 9.590467 
3.160000 	 12.637469 
3.170000 	 12.939093 
3.180000 	 14.922304 
3.190000 	 12.626976 
3.200000 	 12.314379 
3.210000 	 12.265892 
3.220000 	 13.035166 
3.230000 	 15.533404 
3.240000 	 12.458258 
3.250000 	 12.880186 
3.260000 	 17.787758 
3.270000 	 13.980078 
3.280000 	 15.624159 
3.290000 	 16.892355 
3.300000 	 14.604210 
3.310000 	 16.733852 
3.320000 	 14.423738 
3.330000 	 16.157682 
3.340000 	 14.017445 
3.350000 	 18.289666 
3.360000 	 12.235819 
3.370000 	 12.990070 
3.380000 	 16.134492 
3.390000 	 15.692935 
3.400000 	 17.020458 
3.410000 	 14.774554 
3.420000 	 20.180066 
3.430000 	 17.569250 
3.440000 	 16.510166 
3.450000 	 17.482672 
3.460000 	 17.754017 
3.470000 	 19.052373 
3.480000 	 21.330108 
3.490000 	 18.931764 
3.500000 	 17.194795 
3.510000 	 22.568170 
3.520000 	 18.844461 
3.530000 	 18.339486 
3.540000 	 20.725811 
3.550000 	 18.350762 
3.560000 	 18.662131 
3.570000 	 18.666762 
3.580000 	 21.594370 
3.590000 	 22.570716 
3.600000 	 22.375288 
3.610000 	 20.434821 
3.620000 	 20.920265 
3.630000 	 21.214886 
3.640000 	 23.625273 
3.650000 	 22.179415 
3.660000 	 23.222440 
3.670000 	 25.571209 
3.680000 	 25.584045 
3.690000 	 24.554142 
3.700000 	 24.640754 
3.710000 	 26.799392 
3.720000 	 23.569977 
3.730000 	 23.621176 
3.740000 	 23.341244 
3.750000 	 27.619916 
3.760000 	 27.142092 
3.770000 	 26.121158 
3.780000 	 25.044162 
3.790000 	 25.978200 
3.800000 	 24.778938 
3.810000 	 27.418821 
3.820000 	 23.606286 
3.830000 	 28.365585 
3.840000 	 25.791357 
3.850000 	 29.693600 
3.860000 	 27.925224 
3.870000 	 28.574282 
3.880000 	 29.749750 
3.890000 	 28.296722 
3.900000 	 28.419720 
3.910000 	 27.813018 
3.920000 	 28.619571 
3.930000 	 31.528289 
3.940000 	 29.639174 
3.950000 	 29.274738 
3.960000 	 29.357971 
3.970000 	 31.188425 
3.980000 	 31.921642 
3.990000 	 33.297940 
4.000000 	 33.038768 
