-3.000000 	 -13.632488 
-2.990000 	 -10.798080 
-2.980000 	 -13.899290 
-2.970000 	 -13.160109 
-2.960000 	 -10.210731 
-2.950000 	 -11.584333 
-2.940000 	 -13.962714 
-2.930000 	 -9.762609 
-2.920000 	 -10.649904 
-2.910000 	 -11.761591 
-2.900000 	 -8.954824 
-2.890000 	 -11.317926 
-2.880000 	 -11.825628 
-2.870000 	 -12.988815 
-2.860000 	 -10.371509 
-2.850000 	 -11.419960 
-2.840000 	 -12.270646 
-2.830000 	 -10.823800 
-2.820000 	 -11.250133 
-2.810000 	 -13.432349 
-2.800000 	 -10.148492 
-2.790000 	 -10.532542 
-2.780000 	 -10.838557 
-2.770000 	 -13.040540 
-2.760000 	 -11.154515 
-2.750000 	 -11.341551 
-2.740000 	 -10.128366 
-2.730000 	 -8.536806 
-2.720000 	 -10.573433 
-2.710000 	 -9.022899 
-2.700000 	 -7.923063 
-2.690000 	 -10.167372 
-2.680000 	 -11.116512 
-2.670000 	 -9.963308 
-2.660000 	 -8.726351 
-2.650000 	 -8.802241 
-2.640000 	 -11.574803 
-2.630000 	 -10.930741 
-2.620000 	 -10.279501 
-2.610000 	 -10.722445 
-2.600000 	 -8.377124 
-2.590000 	 -9.743995 
-2.580000 	 -9.904287 
-2.570000 	 -10.221375 
-2.560000 	 -13.085938 
-2.550000 	 -9.333295 
-2.540000 	 -8.561287 
-2.530000 	 -10.641029 
-2.520000 	 -11.466012 
-2.510000 	 -9.311379 
-2.500000 	 -8.797906 
-2.490000 	 -9.328586 
-2.480000 	 -7.343692 
-2.470000 	 -8.685665 
-2.460000 	 -9.967402 
-2.450000 	 -10.955800 
-2.440000 	 -8.534991 
-2.430000 	 -7.432234 
-2.420000 	 -10.651216 
-2.410000 	 -10.303227 
-2.400000 	 -5.656760 
-2.390000 	 -5.666834 
-2.380000 	 -11.187624 
-2.370000 	 -8.389423 
-2.360000 	 -11.237983 
-2.350000 	 -6.439258 
-2.340000 	 -8.250222 
-2.330000 	 -8.888331 
-2.320000 	 -6.704478 
-2.310000 	 -10.756422 
-2.300000 	 -9.870311 
-2.290000 	 -6.225094 
-2.280000 	 -6.055802 
-2.270000 	 -10.547411 
-2.260000 	 -6.927451 
-2.250000 	 -6.680873 
-2.240000 	 -8.576545 
-2.230000 	 -9.835063 
-2.220000 	 -7.049956 
-2.210000 	 -8.651728 
-2.200000 	 -8.944490 
-2.190000 	 -9.095894 
-2.180000 	 -7.393225 
-2.170000 	 -8.948639 
-2.160000 	 -5.751189 
-2.150000 	 -7.365022 
-2.140000 	 -10.271148 
-2.130000 	 -7.916218 
-2.120000 	 -4.199175 
-2.110000 	 -7.206408 
-2.100000 	 -5.483781 
-2.090000 	 -4.831125 
-2.080000 	 -6.978402 
-2.070000 	 -6.027208 
-2.060000 	 -6.464903 
-2.050000 	 -6.779489 
-2.040000 	 -5.316914 
-2.030000 	 -4.154238 
-2.020000 	 -5.729737 
-2.010000 	 -8.744583 
-2.000000 	 -6.643351 
-1.990000 	 -5.514553 
-1.980000 	 -5.978378 
-1.970000 	 -6.789823 
-1.960000 	 -7.632713 
-1.950000 	 -8.353673 
-1.940000 	 -5.908188 
-1.930000 	 -6.415563 
-1.920000 	 -5.195025 
-1.910000 	 -5.429338 
-1.900000 	 -8.862878 
-1.890000 	 -4.844217 
-1.880000 	 -3.539004 
-1.870000 	 -5.459751 
-1.860000 	 -6.684191 
-1.850000 	 -6.487912 
-1.840000 	 -4.422593 
-1.830000 	 -4.677865 
-1.820000 	 -4.559687 
-1.810000 	 -4.793927 
-1.800000 	 -6.596420 
-1.790000 	 -5.420912 
-1.780000 	 -4.673133 
-1.770000 	 -5.121269 
-1.760000 	 -4.517076 
-1.750000 	 -5.923443 
-1.740000 	 -6.640427 
-1.730000 	 -5.161923 
-1.720000 	 -7.205753 
-1.710000 	 -3.366022 
-1.700000 	 -4.021245 
-1.690000 	 -3.649429 
-1.680000 	 -4.728464 
-1.670000 	 -2.806215 
-1.660000 	 -4.198026 
-1.650000 	 -5.063238 
-1.640000 	 -2.803795 
-1.630000 	 -5.108016 
-1.620000 	 -5.966826 
-1.610000 	 -7.340327 
-1.600000 	 -2.919374 
-1.590000 	 -2.894305 
-1.580000 	 -6.701125 
-1.570000 	 -4.217303 
-1.560000 	 -5.479386 
-1.550000 	 -6.786901 
-1.540000 	 -2.400901 
-1.530000 	 -4.028937 
-1.520000 	 -8.459659 
-1.510000 	 -2.728996 
-1.500000 	 -3.567075 
-1.490000 	 -4.015091 
-1.480000 	 -2.103982 
-1.470000 	 -4.219390 
-1.460000 	 -3.524891 
-1.450000 	 -4.606094 
-1.440000 	 -2.715770 
-1.430000 	 -4.555698 
-1.420000 	 -2.080021 
-1.410000 	 -5.725219 
-1.400000 	 -1.720429 
-1.390000 	 -3.603215 
-1.380000 	 -5.704208 
-1.370000 	 -5.514751 
-1.360000 	 -0.019155 
-1.350000 	 -2.832000 
-1.340000 	 -5.899912 
-1.330000 	 -4.271037 
-1.320000 	 -3.682372 
-1.310000 	 -2.347822 
-1.300000 	 -5.179000 
-1.290000 	 -5.424885 
-1.280000 	 -5.389198 
-1.270000 	 -0.781991 
-1.260000 	 -6.153497 
-1.250000 	 -3.935177 
-1.240000 	 -1.278990 
-1.230000 	 -2.448360 
-1.220000 	 -2.061396 
-1.210000 	 -1.770391 
-1.200000 	 -1.563475 
-1.190000 	 -2.906722 
-1.180000 	 -4.588598 
-1.170000 	 -1.280906 
-1.160000 	 0.499785 
-1.150000 	 -2.378613 
-1.140000 	 -0.491094 
-1.130000 	 -2.463606 
-1.120000 	 -5.691015 
-1.110000 	 -1.419221 
-1.100000 	 -6.183570 
-1.090000 	 -1.616392 
-1.080000 	 -6.588595 
-1.070000 	 -2.578319 
-1.060000 	 -1.260515 
-1.050000 	 -1.097987 
-1.040000 	 1.452592 
-1.030000 	 -0.081410 
-1.020000 	 -2.518098 
-1.010000 	 -3.158269 
-1.000000 	 -3.876990 
-0.990000 	 -1.089782 
-0.980000 	 -3.833521 
-0.970000 	 -2.924479 
-0.960000 	 -3.220713 
-0.950000 	 -2.928220 
-0.940000 	 -1.505745 
-0.930000 	 -2.338431 
-0.920000 	 -3.420384 
-0.910000 	 -1.542959 
-0.900000 	 -0.815402 
-0.890000 	 -2.653137 
-0.880000 	 -2.471572 
-0.870000 	 -0.318216 
-0.860000 	 -3.794335 
-0.850000 	 -2.270716 
-0.840000 	 -1.903194 
-0.830000 	 -1.708632 
-0.820000 	 -1.300152 
-0.810000 	 0.509199 
-0.800000 	 -0.903465 
-0.790000 	 -2.346327 
-0.780000 	 0.560186 
-0.770000 	 -1.747997 
-0.760000 	 -2.830527 
-0.750000 	 -1.661608 
-0.740000 	 -0.842001 
-0.730000 	 -0.294183 
-0.720000 	 -1.450753 
-0.710000 	 -3.600611 
-0.700000 	 -0.985763 
-0.690000 	 -0.893074 
-0.680000 	 1.855256 
-0.670000 	 -1.165841 
-0.660000 	 0.928803 
-0.650000 	 -2.369198 
-0.640000 	 -1.787011 
-0.630000 	 -2.911688 
-0.620000 	 1.182655 
-0.610000 	 -0.750753 
-0.600000 	 1.885608 
-0.590000 	 -4.439866 
-0.580000 	 -0.786476 
-0.570000 	 -0.533145 
-0.560000 	 0.586509 
-0.550000 	 -3.025929 
-0.540000 	 -0.663357 
-0.530000 	 -1.280263 
-0.520000 	 0.404143 
-0.510000 	 -2.472616 
-0.500000 	 -2.373034 
-0.490000 	 -2.960612 
-0.480000 	 -2.688356 
-0.470000 	 -0.508099 
-0.460000 	 -3.106634 
-0.450000 	 -2.642795 
-0.440000 	 0.350393 
-0.430000 	 -2.602003 
-0.420000 	 -1.014385 
-0.410000 	 -0.789469 
-0.400000 	 -1.163618 
-0.390000 	 -0.672674 
-0.380000 	 -1.287554 
-0.370000 	 -2.344720 
-0.360000 	 -0.731096 
-0.350000 	 -2.115271 
-0.340000 	 -3.808323 
-0.330000 	 -2.922391 
-0.320000 	 1.209921 
-0.310000 	 -1.020001 
-0.300000 	 -0.487310 
-0.290000 	 0.951026 
-0.280000 	 -0.535328 
-0.270000 	 1.976257 
-0.260000 	 4.113587 
-0.250000 	 -1.916215 
-0.240000 	 -1.450131 
-0.230000 	 2.816647 
-0.220000 	 0.863659 
-0.210000 	 -1.303676 
-0.200000 	 0.102337 
-0.190000 	 -1.111103 
-0.180000 	 -0.980759 
-0.170000 	 0.094935 
-0.160000 	 -0.247908 
-0.150000 	 -1.290688 
-0.140000 	 -4.133673 
-0.130000 	 0.046559 
-0.120000 	 -1.179576 
-0.110000 	 0.058315 
-0.100000 	 -2.024384 
-0.090000 	 -0.024989 
-0.080000 	 -1.136424 
-0.070000 	 0.885228 
-0.060000 	 1.097759 
-0.050000 	 -0.143661 
-0.040000 	 2.188979 
-0.030000 	 2.072458 
-0.020000 	 2.673579 
-0.010000 	 1.166135 
0.000000 	 -0.253013 
0.010000 	 0.483761 
0.020000 	 2.079911 
0.030000 	 -1.023389 
0.040000 	 1.008680 
0.050000 	 -0.160763 
0.060000 	 -2.239484 
0.070000 	 0.581617 
0.080000 	 1.683808 
0.090000 	 0.992861 
0.100000 	 0.549589 
0.110000 	 1.580343 
0.120000 	 0.193905 
0.130000 	 -4.380421 
0.140000 	 1.289029 
0.150000 	 0.848590 
0.160000 	 -1.493922 
0.170000 	 -0.989196 
0.180000 	 0.534676 
0.190000 	 -2.166000 
0.200000 	 -0.544912 
0.210000 	 1.252558 
0.220000 	 -3.985296 
0.230000 	 1.944828 
0.240000 	 0.345969 
0.250000 	 -0.531458 
0.260000 	 2.003809 
0.270000 	 0.904512 
0.280000 	 0.217721 
0.290000 	 1.143442 
0.300000 	 0.876310 
0.310000 	 0.811171 
0.320000 	 -1.341699 
0.330000 	 -0.096311 
0.340000 	 -3.131478 
0.350000 	 -0.035526 
0.360000 	 -0.910948 
0.370000 	 1.757075 
0.380000 	 0.631094 
0.390000 	 -1.508665 
0.400000 	 1.074463 
0.410000 	 -2.038921 
0.420000 	 0.392743 
0.430000 	 -0.474210 
0.440000 	 1.202999 
0.450000 	 -1.175155 
0.460000 	 0.344493 
0.470000 	 0.842287 
0.480000 	 1.666128 
0.490000 	 -0.948945 
0.500000 	 -1.224550 
0.510000 	 -0.220534 
0.520000 	 -0.697548 
0.530000 	 -1.154627 
0.540000 	 -0.909597 
0.550000 	 0.001469 
0.560000 	 0.679307 
0.570000 	 -1.269367 
0.580000 	 -0.059240 
0.590000 	 1.658654 
0.600000 	 1.480272 
0.610000 	 2.349255 
0.620000 	 0.341894 
0.630000 	 -0.598537 
0.640000 	 -0.910039 
0.650000 	 -0.001178 
0.660000 	 3.202819 
0.670000 	 -1.510299 
0.680000 	 3.291603 
0.690000 	 -10.000000 
0.700000 	 1.067150 
0.710000 	 -0.743281 
0.720000 	 0.765512 
0.730000 	 2.441253 
0.740000 	 0.140447 
0.750000 	 -0.885725 
0.760000 	 -3.198365 
0.770000 	 3.009291 
0.780000 	 0.445719 
0.790000 	 3.151137 
0.800000 	 -0.431269 
0.810000 	 -1.441292 
0.820000 	 1.089245 
0.830000 	 -2.130996 
0.840000 	 -1.186184 
0.850000 	 -0.923935 
0.860000 	 -2.511477 
0.870000 	 0.390100 
0.880000 	 3.182373 
0.890000 	 0.226802 
0.900000 	 2.995641 
0.910000 	 0.260481 
0.920000 	 2.182716 
0.930000 	 -1.269328 
0.940000 	 -1.431512 
0.950000 	 2.234648 
0.960000 	 1.130978 
0.970000 	 1.713936 
0.980000 	 0.966162 
0.990000 	 0.055780 
1.000000 	 0.396995 
1.010000 	 0.363708 
1.020000 	 2.150646 
1.030000 	 -1.061567 
1.040000 	 1.054599 
1.050000 	 -1.481803 
1.060000 	 2.539780 
1.070000 	 1.984876 
1.080000 	 1.564058 
1.090000 	 -0.614626 
1.100000 	 1.123275 
1.110000 	 -0.375982 
1.120000 	 0.143213 
1.130000 	 0.990810 
1.140000 	 -0.508743 
1.150000 	 1.572876 
1.160000 	 -1.034243 
1.170000 	 -0.179517 
1.180000 	 -3.938619 
1.190000 	 -1.851147 
1.200000 	 1.278487 
1.210000 	 3.807801 
1.220000 	 -1.644308 
1.230000 	 -1.463487 
1.240000 	 3.798281 
1.250000 	 -0.429217 
1.260000 	 -0.589525 
1.270000 	 -0.255510 
1.280000 	 2.500609 
1.290000 	 0.700636 
1.300000 	 1.991309 
1.310000 	 0.717872 
1.320000 	 2.605458 
1.330000 	 -0.585994 
1.340000 	 2.211461 
1.350000 	 1.588819 
1.360000 	 0.907562 
1.370000 	 -0.011769 
1.380000 	 2.441551 
1.390000 	 0.471288 
1.400000 	 2.338645 
1.410000 	 4.465967 
1.420000 	 0.481389 
1.430000 	 -0.898179 
1.440000 	 0.344149 
1.450000 	 0.965586 
1.460000 	 0.227761 
1.470000 	 3.877779 
1.480000 	 1.149211 
1.490000 	 0.278721 
1.500000 	 -2.299526 
1.510000 	 -1.605316 
1.520000 	 2.292652 
1.530000 	 0.307534 
1.540000 	 1.272174 
1.550000 	 3.386247 
1.560000 	 1.238147 
1.570000 	 0.641114 
1.580000 	 0.998393 
1.590000 	 2.342524 
1.600000 	 2.002550 
1.610000 	 -1.713964 
1.620000 	 0.130420 
1.630000 	 3.088731 
1.640000 	 0.053562 
1.650000 	 0.789021 
1.660000 	 1.505528 
1.670000 	 -0.062706 
1.680000 	 0.348607 
1.690000 	 3.668475 
1.700000 	 -1.863504 
1.710000 	 0.745723 
1.720000 	 3.769972 
1.730000 	 4.705144 
1.740000 	 1.448354 
1.750000 	 0.053886 
1.760000 	 0.283418 
1.770000 	 1.820375 
1.780000 	 1.876381 
1.790000 	 0.223573 
1.800000 	 1.509075 
1.810000 	 0.563276 
1.820000 	 0.107082 
1.830000 	 1.837046 
1.840000 	 4.613223 
1.850000 	 2.574331 
1.860000 	 1.365085 
1.870000 	 1.243831 
1.880000 	 1.682914 
1.890000 	 -0.150653 
1.900000 	 0.570351 
1.910000 	 1.129400 
1.920000 	 0.983728 
1.930000 	 2.324226 
1.940000 	 -0.865240 
1.950000 	 2.839285 
1.960000 	 0.548343 
1.970000 	 4.230129 
1.980000 	 2.855466 
1.990000 	 1.992506 
2.000000 	 -0.526892 
2.010000 	 3.705904 
2.020000 	 1.472411 
2.030000 	 2.940933 
2.040000 	 1.162811 
2.050000 	 4.676500 
2.060000 	 2.677884 
2.070000 	 1.910998 
2.080000 	 2.229921 
2.090000 	 2.472297 
2.100000 	 0.077404 
2.110000 	 6.136041 
2.120000 	 2.354377 
2.130000 	 5.128517 
2.140000 	 3.162049 
2.150000 	 2.518830 
2.160000 	 1.363378 
2.170000 	 2.237807 
2.180000 	 3.656903 
2.190000 	 4.450332 
2.200000 	 0.425985 
2.210000 	 -0.218523 
2.220000 	 4.875500 
2.230000 	 3.972075 
2.240000 	 4.253760 
2.250000 	 6.209786 
2.260000 	 4.111258 
2.270000 	 3.728651 
2.280000 	 4.898018 
2.290000 	 3.990981 
2.300000 	 3.482778 
2.310000 	 3.847433 
2.320000 	 5.316826 
2.330000 	 0.310395 
2.340000 	 2.805853 
2.350000 	 2.736694 
2.360000 	 2.979657 
2.370000 	 2.479280 
2.380000 	 4.483175 
2.390000 	 4.419308 
2.400000 	 1.066369 
2.410000 	 4.730100 
2.420000 	 3.110248 
2.430000 	 3.103293 
2.440000 	 3.356860 
2.450000 	 5.139875 
2.460000 	 5.188446 
2.470000 	 3.641923 
2.480000 	 6.441842 
2.490000 	 4.937811 
2.500000 	 5.060097 
2.510000 	 2.950724 
2.520000 	 4.250032 
2.530000 	 5.767291 
2.540000 	 4.147842 
2.550000 	 4.683361 
2.560000 	 1.844750 
2.570000 	 5.473552 
2.580000 	 4.505600 
2.590000 	 6.974920 
2.600000 	 5.837681 
2.610000 	 5.825767 
2.620000 	 8.187798 
2.630000 	 7.915074 
2.640000 	 5.990965 
2.650000 	 9.008259 
2.660000 	 5.452811 
2.670000 	 3.373358 
2.680000 	 7.620177 
2.690000 	 6.984729 
2.700000 	 6.682969 
2.710000 	 6.408687 
2.720000 	 4.439819 
2.730000 	 6.758797 
2.740000 	 8.734649 
2.750000 	 5.930805 
2.760000 	 9.769176 
2.770000 	 8.971241 
2.780000 	 7.745172 
2.790000 	 7.070334 
2.800000 	 8.053325 
2.810000 	 5.184910 
2.820000 	 10.469467 
2.830000 	 6.898718 
2.840000 	 8.025533 
2.850000 	 9.051761 
2.860000 	 7.986756 
2.870000 	 7.177649 
2.880000 	 8.807180 
2.890000 	 8.004479 
2.900000 	 7.510539 
2.910000 	 10.251747 
2.920000 	 8.443556 
2.930000 	 10.592295 
2.940000 	 9.117947 
2.950000 	 10.353321 
2.960000 	 10.476505 
2.970000 	 9.776901 
2.980000 	 15.682704 
2.990000 	 12.872719 
3.000000 	 13.198439 
3.010000 	 10.104408 
3.020000 	 14.988712 
3.030000 	 9.893328 
3.040000 	 11.992295 
3.050000 	 14.154712 
3.060000 	 10.564212 
3.070000 	 12.318142 
3.080000 	 11.051169 
3.090000 	 12.289041 
3.100000 	 11.111950 
3.110000 	 12.948665 
3.120000 	 14.833543 
3.130000 	 9.842059 
3.140000 	 10.850780 
3.150000 	 11.976303 
3.160000 	 14.505335 
3.170000 	 13.974633 
3.180000 	 11.444104 
3.190000 	 14.097229 
3.200000 	 16.965974 
3.210000 	 -4.000000 
3.220000 	 11.157143 
3.230000 	 13.499671 
3.240000 	 12.211122 
3.250000 	 12.614592 
3.260000 	 12.794921 
3.270000 	 15.977537 
3.280000 	 13.779053 
3.290000 	 17.461294 
3.300000 	 17.062864 
3.310000 	 18.192460 
3.320000 	 16.165145 
3.330000 	 15.418833 
3.340000 	 16.731526 
3.350000 	 16.601767 
3.360000 	 15.344060 
3.370000 	 14.863478 
3.380000 	 16.831370 
3.390000 	 15.580687 
3.400000 	 16.664983 
3.410000 	 13.174981 
3.420000 	 18.571361 
3.430000 	 18.601654 
3.440000 	 18.507532 
3.450000 	 18.833608 
3.460000 	 19.392588 
3.470000 	 16.070471 
3.480000 	 17.945164 
3.490000 	 17.911970 
3.500000 	 20.209331 
3.510000 	 21.903553 
3.520000 	 18.629323 
3.530000 	 18.847997 
3.540000 	 18.241585 
3.550000 	 17.121840 
3.560000 	 19.216785 
3.570000 	 19.081346 
3.580000 	 20.089700 
3.590000 	 19.379415 
3.600000 	 22.434491 
3.610000 	 23.343898 
3.620000 	 21.524997 
3.630000 	 22.855851 
3.640000 	 22.421241 
3.650000 	 20.451472 
3.660000 	 23.635145 
3.670000 	 22.009652 
3.680000 	 26.501402 
3.690000 	 25.977718 
3.700000 	 23.321205 
3.710000 	 23.565046 
3.720000 	 23.622923 
3.730000 	 24.858329 
3.740000 	 25.838447 
3.750000 	 27.617595 
3.760000 	 27.024621 
3.770000 	 28.745373 
3.780000 	 27.671337 
3.790000 	 26.513581 
3.800000 	 24.489746 
3.810000 	 28.304819 
3.820000 	 23.992332 
3.830000 	 25.604195 
3.840000 	 26.073109 
3.850000 	 27.410410 
3.860000 	 29.943405 
3.870000 	 28.676314 
3.880000 	 30.862662 
3.890000 	 28.693933 
3.900000 	 29.927841 
3.910000 	 30.536302 
3.920000 	 32.226356 
3.930000 	 28.194879 
3.940000 	 30.056388 
3.950000 	 30.024454 
3.960000 	 29.946353 
3.970000 	 30.358905 
3.980000 	 32.789176 
3.990000 	 32.893774 
4.000000 	 34.954631 
