-3.000000 	 -13.702094 
-2.990000 	 -11.145218 
-2.980000 	 -11.344156 
-2.970000 	 -13.126361 
-2.960000 	 -10.829119 
-2.950000 	 -10.549732 
-2.940000 	 -13.160010 
-2.930000 	 -11.612404 
-2.920000 	 -10.213550 
-2.910000 	 -12.961285 
-2.900000 	 -13.190955 
-2.890000 	 -14.014478 
-2.880000 	 -11.701667 
-2.870000 	 -8.547698 
-2.860000 	 -11.700784 
-2.850000 	 -11.983408 
-2.840000 	 -8.723443 
-2.830000 	 -11.638199 
-2.820000 	 -9.442769 
-2.810000 	 -10.016976 
-2.800000 	 -11.936397 
-2.790000 	 -14.502426 
-2.780000 	 -11.347898 
-2.770000 	 -11.258843 
-2.760000 	 -8.963280 
-2.750000 	 -10.132972 
-2.740000 	 -9.805580 
-2.730000 	 -9.282601 
-2.720000 	 -9.323184 
-2.710000 	 -10.398865 
-2.700000 	 -10.743186 
-2.690000 	 -10.597637 
-2.680000 	 -8.824437 
-2.670000 	 -9.199195 
-2.660000 	 -10.593969 
-2.650000 	 -9.137233 
-2.640000 	 -8.721661 
-2.630000 	 -12.797913 
-2.620000 	 -10.898591 
-2.610000 	 -11.489757 
-2.600000 	 -11.733293 
-2.590000 	 -9.727196 
-2.580000 	 -10.400105 
-2.570000 	 -10.965686 
-2.560000 	 -8.028323 
-2.550000 	 -12.107274 
-2.540000 	 -9.875895 
-2.530000 	 -8.598470 
-2.520000 	 -9.463108 
-2.510000 	 -10.053994 
-2.500000 	 -9.690320 
-2.490000 	 -8.648017 
-2.480000 	 -7.053747 
-2.470000 	 -8.444315 
-2.460000 	 -9.188843 
-2.450000 	 -9.219470 
-2.440000 	 -11.242622 
-2.430000 	 -9.598226 
-2.420000 	 20.000000 
-2.410000 	 -9.999114 
-2.400000 	 -9.841122 
-2.390000 	 -9.474980 
-2.380000 	 -8.229784 
-2.370000 	 -7.666011 
-2.360000 	 -9.980782 
-2.350000 	 -9.550024 
-2.340000 	 -10.029705 
-2.330000 	 -8.728181 
-2.320000 	 -7.719707 
-2.310000 	 -7.853149 
-2.300000 	 -8.765398 
-2.290000 	 -8.605503 
-2.280000 	 -6.148674 
-2.270000 	 -7.023700 
-2.260000 	 -9.861128 
-2.250000 	 -9.438691 
-2.240000 	 -8.422452 
-2.230000 	 -7.597695 
-2.220000 	 -8.741015 
-2.210000 	 -8.919286 
-2.200000 	 -7.154729 
-2.190000 	 -6.729555 
-2.180000 	 -7.344331 
-2.170000 	 -9.777184 
-2.160000 	 -8.279206 
-2.150000 	 -9.456999 
-2.140000 	 -6.394474 
-2.130000 	 -7.572468 
-2.120000 	 -7.609718 
-2.110000 	 -8.207014 
-2.100000 	 -6.498128 
-2.090000 	 -5.428648 
-2.080000 	 -5.979731 
-2.070000 	 -5.337060 
-2.060000 	 -5.426724 
-2.050000 	 -5.932205 
-2.040000 	 -5.058493 
-2.030000 	 -6.666828 
-2.020000 	 -6.812812 
-2.010000 	 -6.088638 
-2.000000 	 -7.070306 
-1.990000 	 -7.353037 
-1.980000 	 -3.537997 
-1.970000 	 -7.443081 
-1.960000 	 -6.544847 
-1.950000 	 -6.621071 
-1.940000 	 -6.006778 
-1.930000 	 -7.059503 
-1.920000 	 -2.984625 
-1.910000 	 -4.473812 
-1.900000 	 -8.778332 
-1.890000 	 -8.726912 
-1.880000 	 -3.301390 
-1.870000 	 -5.589166 
-1.860000 	 -8.917870 
-1.850000 	 -5.792360 
-1.840000 	 -3.088577 
-1.830000 	 -6.934528 
-1.820000 	 -5.728790 
-1.810000 	 -4.851210 
-1.800000 	 -6.848401 
-1.790000 	 -5.749762 
-1.780000 	 -6.050711 
-1.770000 	 -3.913551 
-1.760000 	 -4.287381 
-1.750000 	 -2.823700 
-1.740000 	 -5.994655 
-1.730000 	 -6.405939 
-1.720000 	 -2.788095 
-1.710000 	 -8.819969 
-1.700000 	 -4.608307 
-1.690000 	 -7.952845 
-1.680000 	 -5.886270 
-1.670000 	 -4.324023 
-1.660000 	 -9.119360 
-1.650000 	 -1.675486 
-1.640000 	 -4.192244 
-1.630000 	 -5.440104 
-1.620000 	 -4.741885 
-1.610000 	 -6.376077 
-1.600000 	 -6.819214 
-1.590000 	 -3.708792 
-1.580000 	 -5.160632 
-1.570000 	 -3.275183 
-1.560000 	 -2.993206 
-1.550000 	 -5.208894 
-1.540000 	 -8.240306 
-1.530000 	 -6.072672 
-1.520000 	 -6.543792 
-1.510000 	 -1.844428 
-1.500000 	 -3.348949 
-1.490000 	 -4.318134 
-1.480000 	 -3.909309 
-1.470000 	 -3.260672 
-1.460000 	 -5.516690 
-1.450000 	 -3.472697 
-1.440000 	 -6.429131 
-1.430000 	 -1.669872 
-1.420000 	 -4.650058 
-1.410000 	 -4.145028 
-1.400000 	 -4.558078 
-1.390000 	 -5.811547 
-1.380000 	 -5.248912 
-1.370000 	 -4.462110 
-1.360000 	 -3.195226 
-1.350000 	 -3.835417 
-1.340000 	 -3.876886 
-1.330000 	 -4.100281 
-1.320000 	 -4.743238 
-1.310000 	 -2.050624 
-1.300000 	 -4.226612 
-1.290000 	 -1.780047 
-1.280000 	 -0.994083 
-1.270000 	 -1.957427 
-1.260000 	 -4.509744 
-1.250000 	 -5.060885 
-1.240000 	 -2.045558 
-1.230000 	 -4.138118 
-1.220000 	 -4.238316 
-1.210000 	 -4.508535 
-1.200000 	 -4.237956 
-1.190000 	 -1.888940 
-1.180000 	 -4.175393 
-1.170000 	 -1.290295 
-1.160000 	 -2.270390 
-1.150000 	 -2.827370 
-1.140000 	 -2.772144 
-1.130000 	 -0.904487 
-1.120000 	 -3.665706 
-1.110000 	 -4.454191 
-1.100000 	 -0.632144 
-1.090000 	 -2.703821 
-1.080000 	 -1.270498 
-1.070000 	 -0.378015 
-1.060000 	 -3.293767 
-1.050000 	 -0.673543 
-1.040000 	 -2.833218 
-1.030000 	 -0.740853 
-1.020000 	 -4.188604 
-1.010000 	 -2.374148 
-1.000000 	 -3.274106 
-0.990000 	 -1.400975 
-0.980000 	 0.276833 
-0.970000 	 -3.481125 
-0.960000 	 -0.495959 
-0.950000 	 0.245918 
-0.940000 	 -2.493525 
-0.930000 	 -1.231904 
-0.920000 	 -0.729992 
-0.910000 	 -1.712076 
-0.900000 	 -3.780217 
-0.890000 	 0.344745 
-0.880000 	 0.263037 
-0.870000 	 -1.220528 
-0.860000 	 -1.666973 
-0.850000 	 -3.919381 
-0.840000 	 -1.498095 
-0.830000 	 -2.306857 
-0.820000 	 -2.695244 
-0.810000 	 -0.122879 
-0.800000 	 -1.854987 
-0.790000 	 -1.344835 
-0.780000 	 -0.696701 
-0.770000 	 -1.276156 
-0.760000 	 1.576616 
-0.750000 	 -2.597387 
-0.740000 	 -1.410859 
-0.730000 	 -1.247949 
-0.720000 	 -2.180437 
-0.710000 	 -0.892887 
-0.700000 	 -0.370066 
-0.690000 	 -3.564218 
-0.680000 	 1.386191 
-0.670000 	 -1.071498 
-0.660000 	 -1.749793 
-0.650000 	 -0.608039 
-0.640000 	 -0.703349 
-0.630000 	 0.148831 
-0.620000 	 -2.697353 
-0.610000 	 0.599064 
-0.600000 	 -3.693956 
-0.590000 	 0.303792 
-0.580000 	 2.218037 
-0.570000 	 -0.173066 
-0.560000 	 2.022441 
-0.550000 	 -1.496690 
-0.540000 	 -1.838130 
-0.530000 	 -1.989848 
-0.520000 	 -1.216107 
-0.510000 	 -3.014211 
-0.500000 	 0.311604 
-0.490000 	 0.166458 
-0.480000 	 -1.698160 
-0.470000 	 -1.643333 
-0.460000 	 -0.605894 
-0.450000 	 -0.948287 
-0.440000 	 -1.232531 
-0.430000 	 -3.392821 
-0.420000 	 -2.341858 
-0.410000 	 1.125593 
-0.400000 	 -2.075339 
-0.390000 	 2.180868 
-0.380000 	 1.590497 
-0.370000 	 -3.848408 
-0.360000 	 1.076445 
-0.350000 	 -0.843324 
-0.340000 	 -2.339601 
-0.330000 	 1.061392 
-0.320000 	 -1.881658 
-0.310000 	 -1.111403 
-0.300000 	 -0.065916 
-0.290000 	 -0.384359 
-0.280000 	 -0.503443 
-0.270000 	 1.311161 
-0.260000 	 -0.908829 
-0.250000 	 0.685838 
-0.240000 	 0.230988 
-0.230000 	 -1.456121 
-0.220000 	 -0.283286 
-0.210000 	 0.052944 
-0.200000 	 0.590005 
-0.190000 	 0.527044 
-0.180000 	 0.445041 
-0.170000 	 -0.070094 
-0.160000 	 1.153815 
-0.150000 	 -1.978929 
-0.140000 	 0.557784 
-0.130000 	 -3.124471 
-0.120000 	 0.628378 
-0.110000 	 -3.338933 
-0.100000 	 0.522186 
-0.090000 	 2.343321 
-0.080000 	 -1.019693 
-0.070000 	 -0.987524 
-0.060000 	 0.354779 
-0.050000 	 -2.715968 
-0.040000 	 -3.960737 
-0.030000 	 -2.106395 
-0.020000 	 -3.731628 
-0.010000 	 0.589580 
0.000000 	 2.653731 
0.010000 	 0.060894 
0.020000 	 -0.289227 
0.030000 	 -0.768028 
0.040000 	 -4.179439 
0.050000 	 -0.305153 
0.060000 	 -0.101879 
0.070000 	 0.419849 
0.080000 	 1.536355 
0.090000 	 0.000655 
0.100000 	 1.481267 
0.110000 	 -0.167309 
0.120000 	 0.415110 
0.130000 	 1.756899 
0.140000 	 1.912387 
0.150000 	 -0.918977 
0.160000 	 -0.241363 
0.170000 	 -0.660143 
0.180000 	 0.997546 
0.190000 	 -0.184298 
0.200000 	 -0.719701 
0.210000 	 -0.587182 
0.220000 	 -0.221960 
0.230000 	 0.658587 
0.240000 	 2.646142 
0.250000 	 -1.059315 
0.260000 	 1.051752 
0.270000 	 1.263048 
0.280000 	 -0.057684 
0.290000 	 1.512116 
0.300000 	 -1.448366 
0.310000 	 -0.320591 
0.320000 	 -2.221148 
0.330000 	 2.027874 
0.340000 	 1.233218 
0.350000 	 1.142794 
0.360000 	 2.656447 
0.370000 	 -0.570504 
0.380000 	 -0.399481 
0.390000 	 2.411417 
0.400000 	 0.478166 
0.410000 	 -1.167103 
0.420000 	 -0.999443 
0.430000 	 -1.392683 
0.440000 	 -1.436070 
0.450000 	 0.336618 
0.460000 	 -0.149484 
0.470000 	 -0.385837 
0.480000 	 2.311451 
0.490000 	 0.961037 
0.500000 	 -0.251936 
0.510000 	 0.077806 
0.520000 	 0.131412 
0.530000 	 1.722645 
0.540000 	 -0.978278 
0.550000 	 0.246639 
0.560000 	 0.794660 
0.570000 	 -2.636265 
0.580000 	 -0.823219 
0.590000 	 1.571437 
0.600000 	 -0.367348 
0.610000 	 1.972970 
0.620000 	 -1.084105 
0.630000 	 -1.117346 
0.640000 	 2.369694 
0.650000 	 1.520112 
0.660000 	 0.699534 
0.670000 	 0.741081 
0.680000 	 0.244065 
0.690000 	 -0.939640 
0.700000 	 -0.844074 
0.710000 	 -0.490115 
0.720000 	 1.807923 
0.730000 	 -1.638141 
0.740000 	 2.353659 
0.750000 	 -0.623098 
0.760000 	 -3.242686 
0.770000 	 0.428337 
0.780000 	 0.896106 
0.790000 	 -0.811951 
0.800000 	 0.291631 
0.810000 	 0.325146 
0.820000 	 1.143684 
0.830000 	 0.623278 
0.840000 	 0.660081 
0.850000 	 0.074662 
0.860000 	 -0.170627 
0.870000 	 2.663341 
0.880000 	 -1.175434 
0.890000 	 0.718183 
0.900000 	 0.165881 
0.910000 	 -1.598210 
0.920000 	 3.020800 
0.930000 	 0.787167 
0.940000 	 0.905360 
0.950000 	 1.626488 
0.960000 	 -2.727876 
0.970000 	 4.227579 
0.980000 	 0.394615 
0.990000 	 -0.601894 
1.000000 	 1.269913 
1.010000 	 0.863419 
1.020000 	 2.508746 
1.030000 	 -3.281118 
1.040000 	 1.619827 
1.050000 	 -1.648692 
1.060000 	 3.803655 
1.070000 	 0.916796 
1.080000 	 -1.739202 
1.090000 	 2.253373 
1.100000 	 -0.035624 
1.110000 	 0.434007 
1.120000 	 1.744993 
1.130000 	 1.537039 
1.140000 	 1.072950 
1.150000 	 -0.476950 
1.160000 	 -1.094910 
1.170000 	 1.343071 
1.180000 	 0.355177 
1.190000 	 -1.239725 
1.200000 	 2.810482 
1.210000 	 1.916734 
1.220000 	 1.776696 
1.230000 	 -0.353542 
1.240000 	 0.328239 
1.250000 	 2.633004 
1.260000 	 -1.322462 
1.270000 	 -0.594587 
1.280000 	 -0.410390 
1.290000 	 -1.143842 
1.300000 	 1.353792 
1.310000 	 -1.810325 
1.320000 	 1.388072 
1.330000 	 2.112750 
1.340000 	 0.710362 
1.350000 	 -0.185690 
1.360000 	 0.175595 
1.370000 	 -1.333093 
1.380000 	 0.812524 
1.390000 	 0.645658 
1.400000 	 4.314780 
1.410000 	 1.587895 
1.420000 	 1.613480 
1.430000 	 -0.713941 
1.440000 	 1.048905 
1.450000 	 1.324197 
1.460000 	 -1.657615 
1.470000 	 1.905816 
1.480000 	 -0.550758 
1.490000 	 -0.903083 
1.500000 	 2.080441 
1.510000 	 0.172689 
1.520000 	 3.456308 
1.530000 	 -0.399973 
1.540000 	 1.919445 
1.550000 	 -1.148052 
1.560000 	 0.625699 
1.570000 	 -0.190766 
1.580000 	 1.162248 
1.590000 	 2.370417 
1.600000 	 1.028300 
1.610000 	 -1.587848 
1.620000 	 0.712375 
1.630000 	 1.918955 
1.640000 	 4.058079 
1.650000 	 0.964014 
1.660000 	 4.129231 
1.670000 	 0.890766 
1.680000 	 0.888693 
1.690000 	 -6.000000 
1.700000 	 -0.248335 
1.710000 	 2.397832 
1.720000 	 0.411777 
1.730000 	 4.447277 
1.740000 	 0.709435 
1.750000 	 -0.511765 
1.760000 	 2.729193 
1.770000 	 2.562189 
1.780000 	 1.564657 
1.790000 	 3.365881 
1.800000 	 1.859249 
1.810000 	 0.963481 
1.820000 	 2.670308 
1.830000 	 -0.069331 
1.840000 	 -0.289231 
1.850000 	 3.743025 
1.860000 	 0.667410 
1.870000 	 5.457686 
1.880000 	 -0.157508 
1.890000 	 1.664525 
1.900000 	 -1.176195 
1.910000 	 3.787160 
1.920000 	 0.988893 
1.930000 	 2.481811 
1.940000 	 3.799811 
1.950000 	 2.529306 
1.960000 	 2.424608 
1.970000 	 4.133086 
1.980000 	 1.057440 
1.990000 	 2.680110 
2.000000 	 1.397844 
2.010000 	 4.204140 
2.020000 	 0.622699 
2.030000 	 1.088068 
2.040000 	 4.171666 
2.050000 	 1.481817 
2.060000 	 1.883760 
2.070000 	 2.410134 
2.080000 	 0.706704 
2.090000 	 4.619345 
2.100000 	 4.582989 
2.110000 	 3.219707 
2.120000 	 5.318909 
2.130000 	 3.536896 
2.140000 	 2.414176 
2.150000 	 0.796000 
2.160000 	 3.423645 
2.170000 	 4.366473 
2.180000 	 3.657927 
2.190000 	 4.310533 
2.200000 	 2.132364 
2.210000 	 3.791908 
2.220000 	 3.738984 
2.230000 	 5.687650 
2.240000 	 3.842775 
2.250000 	 1.815676 
2.260000 	 4.190575 
2.270000 	 3.170117 
2.280000 	 2.599116 
2.290000 	 3.242012 
2.300000 	 0.307987 
2.310000 	 2.443875 
2.320000 	 2.875929 
2.330000 	 6.132733 
2.340000 	 2.941673 
2.350000 	 3.828471 
2.360000 	 3.855495 
2.370000 	 2.935928 
2.380000 	 2.485782 
2.390000 	 6.387306 
2.400000 	 4.332212 
2.410000 	 4.775159 
2.420000 	 3.424403 
2.430000 	 2.843428 
2.440000 	 4.290275 
2.450000 	 2.127971 
2.460000 	 4.195748 
2.470000 	 5.348853 
2.480000 	 3.778386 
2.490000 	 6.059383 
2.500000 	 3.939947 
2.510000 	 8.426477 
2.520000 	 3.567602 
2.530000 	 7.325861 
2.540000 	 5.587167 
2.550000 	 5.494484 
2.560000 	 7.175346 
2.570000 	 5.338930 
2.580000 	 7.899703 
2.590000 	 3.950016 
2.600000 	 5.558082 
2.610000 	 5.072738 
2.620000 	 7.169796 
2.630000 	 4.487203 
2.640000 	 5.937163 
2.650000 	 5.741324 
2.660000 	 7.174105 
2.670000 	 7.510642 
2.680000 	 5.440955 
2.690000 	 8.229080 
2.700000 	 6.173052 
2.710000 	 7.221395 
2.720000 	 5.474412 
2.730000 	 6.678059 
2.740000 	 5.789570 
2.750000 	 6.350379 
2.760000 	 8.362447 
2.770000 	 6.334043 
2.780000 	 6.674931 
2.790000 	 7.917477 
2.800000 	 7.395909 
2.810000 	 10.670362 
2.820000 	 9.781891 
2.830000 	 6.196438 
2.840000 	 7.806671 
2.850000 	 8.497951 
2.860000 	 7.589733 
2.870000 	 8.981675 
2.880000 	 8.908953 
2.890000 	 9.439921 
2.900000 	 10.971317 
2.910000 	 5.213575 
2.920000 	 9.912519 
2.930000 	 9.832226 
2.940000 	 11.017182 
2.950000 	 11.760028 
2.960000 	 9.547140 
2.970000 	 10.654915 
2.980000 	 8.290411 
2.990000 	 9.058428 
3.000000 	 9.660486 
3.010000 	 14.001560 
3.020000 	 12.796785 
3.030000 	 12.471423 
3.040000 	 11.066269 
3.050000 	 7.001199 
3.060000 	 9.898379 
3.070000 	 10.831054 
3.080000 	 13.090544 
3.090000 	 13.294214 
3.100000 	 13.347128 
3.110000 	 11.681843 
3.120000 	 13.766281 
3.130000 	 12.276641 
3.140000 	 10.174532 
3.150000 	 10.429311 
3.160000 	 12.352151 
3.170000 	 12.440006 
3.180000 	 14.129160 
3.190000 	 12.855425 
3.200000 	 11.413433 
3.210000 	 17.012957 
3.220000 	 15.805750 
3.230000 	 14.129832 
3.240000 	 16.120706 
3.250000 	 13.016716 
3.260000 	 13.186678 
3.270000 	 12.535693 
3.280000 	 15.530314 
3.290000 	 17.074357 
3.300000 	 13.218005 
3.310000 	 15.066278 
3.320000 	 13.317348 
3.330000 	 13.791416 
3.340000 	 17.003710 
3.350000 	 14.888323 
3.360000 	 15.889901 
3.370000 	 15.299964 
3.380000 	 15.139776 
3.390000 	 16.883336 
3.400000 	 16.900506 
3.410000 	 17.980733 
3.420000 	 19.509025 
3.430000 	 19.371906 
3.440000 	 20.069390 
3.450000 	 17.673375 
3.460000 	 18.595574 
3.470000 	 17.490994 
3.480000 	 19.626533 
3.490000 	 20.389757 
3.500000 	 18.408373 
3.510000 	 17.890871 
3.520000 	 20.601030 
3.530000 	 19.526516 
3.540000 	 20.567830 
3.550000 	 20.019572 
3.560000 	 18.062512 
3.570000 	 21.258101 
3.580000 	 20.408503 
3.590000 	 21.182061 
3.600000 	 19.925006 
3.610000 	 23.372100 
3.620000 	 22.092965 
3.630000 	 23.669889 
3.640000 	 21.854774 
3.650000 	 20.819443 
3.660000 	 21.700803 
3.670000 	 23.927478 
3.680000 	 22.980392 
3.690000 	 27.004901 
3.700000 	 19.705750 
3.710000 	 23.755452 
3.720000 	 25.888611 
3.730000 	 25.753258 
3.740000 	 24.972190 
3.750000 	 25.438012 
3.760000 	 26.071844 
3.770000 	 26.592485 
3.780000 	 28.398676 
3.790000 	 26.040027 
3.800000 	 26.056746 
3.810000 	 27.985469 
3.820000 	 26.813304 
3.830000 	 24.925650 
3.840000 	 29.242472 
3.850000 	 27.848917 
3.860000 	 27.959995 
3.870000 	 28.538015 
3.880000 	 29.585519 
3.890000 	 27.298825 
3.900000 	 28.546006 
3.910000 	 28.619351 
3.920000 	 27.611022 
3.930000 	 31.607886 
3.940000 	 29.816507 
3.950000 	 30.839631 
3.960000 	 30.397334 
3.970000 	 31.497373 
3.980000 	 30.714059 
3.990000 	 36.864303 
4.000000 	 32.391534 
