-3.000000 	 -12.064575 
-2.990000 	 -9.933620 
-2.980000 	 -9.625156 
-2.970000 	 -12.552063 
-2.960000 	 -9.422065 
-2.950000 	 -10.769496 
-2.940000 	 -9.907129 
-2.930000 	 -12.652565 
-2.920000 	 -11.004541 
-2.910000 	 -12.685052 
-2.900000 	 -12.398575 
-2.890000 	 -9.434396 
-2.880000 	 -11.893251 
-2.870000 	 -10.694446 
-2.860000 	 -9.670458 
-2.850000 	 -12.781157 
-2.840000 	 -10.109799 
-2.830000 	 -6.790438 
-2.820000 	 -12.980420 
-2.810000 	 -12.962356 
-2.800000 	 -9.521189 
-2.790000 	 -12.059400 
-2.780000 	 -10.166581 
-2.770000 	 -10.478240 
-2.760000 	 -11.534756 
-2.750000 	 -9.093661 
-2.740000 	 -9.659080 
-2.730000 	 -9.958086 
-2.720000 	 -11.984036 
-2.710000 	 -11.418972 
-2.700000 	 -11.171641 
-2.690000 	 -9.376769 
-2.680000 	 -9.245756 
-2.670000 	 -12.047720 
-2.660000 	 -9.080169 
-2.650000 	 -8.933981 
-2.640000 	 -8.757561 
-2.630000 	 -12.551933 
-2.620000 	 -9.663375 
-2.610000 	 -10.561844 
-2.600000 	 -12.772367 
-2.590000 	 -9.532516 
-2.580000 	 -8.879821 
-2.570000 	 -14.111383 
-2.560000 	 -11.494792 
-2.550000 	 -12.135599 
-2.540000 	 -10.570191 
-2.530000 	 -9.382457 
-2.520000 	 -7.702636 
-2.510000 	 -7.496231 
-2.500000 	 -10.466707 
-2.490000 	 -10.430919 
-2.480000 	 -8.090748 
-2.470000 	 -10.375735 
-2.460000 	 -9.722806 
-2.450000 	 -9.683129 
-2.440000 	 -12.758827 
-2.430000 	 -7.746649 
-2.420000 	 -10.545376 
-2.410000 	 -6.638028 
-2.400000 	 -10.265184 
-2.390000 	 -9.932346 
-2.380000 	 -5.661396 
-2.370000 	 -6.887276 
-2.360000 	 -8.609957 
-2.350000 	 -8.652149 
-2.340000 	 -7.981163 
-2.330000 	 -9.363886 
-2.320000 	 -10.689774 
-2.310000 	 -9.595942 
-2.300000 	 -8.046843 
-2.290000 	 -5.999297 
-2.280000 	 -6.640092 
-2.270000 	 -9.012199 
-2.260000 	 -5.141648 
-2.250000 	 -9.092102 
-2.240000 	 -9.560433 
-2.230000 	 -3.569457 
-2.220000 	 -10.040498 
-2.210000 	 -6.032973 
-2.200000 	 -10.875736 
-2.190000 	 -8.401815 
-2.180000 	 -6.666462 
-2.170000 	 -7.447422 
-2.160000 	 -9.108437 
-2.150000 	 -6.018799 
-2.140000 	 -7.735618 
-2.130000 	 -10.442022 
-2.120000 	 -8.061321 
-2.110000 	 -7.533555 
-2.100000 	 -11.532227 
-2.090000 	 -5.478690 
-2.080000 	 -8.418473 
-2.070000 	 -4.734766 
-2.060000 	 -7.914223 
-2.050000 	 -8.288591 
-2.040000 	 -7.512945 
-2.030000 	 -6.590662 
-2.020000 	 -7.846818 
-2.010000 	 -7.128605 
-2.000000 	 -5.580182 
-1.990000 	 -5.783941 
-1.980000 	 -6.405253 
-1.970000 	 -6.678922 
-1.960000 	 -6.346612 
-1.950000 	 -5.608520 
-1.940000 	 -7.159811 
-1.930000 	 -6.824219 
-1.920000 	 -5.029450 
-1.910000 	 -7.244186 
-1.900000 	 -6.278487 
-1.890000 	 -4.901531 
-1.880000 	 -5.000427 
-1.870000 	 -5.912382 
-1.860000 	 -1.785510 
-1.850000 	 -6.023916 
-1.840000 	 -7.834241 
-1.830000 	 -6.666988 
-1.820000 	 -1.810681 
-1.810000 	 -5.512835 
-1.800000 	 -6.581626 
-1.790000 	 -6.712835 
-1.780000 	 -3.134451 
-1.770000 	 -4.359551 
-1.760000 	 -5.881021 
-1.750000 	 -5.574221 
-1.740000 	 -5.004570 
-1.730000 	 -4.043072 
-1.720000 	 -3.360546 
-1.710000 	 -7.759925 
-1.700000 	 -4.263180 
-1.690000 	 -3.710534 
-1.680000 	 -8.084005 
-1.670000 	 -3.807767 
-1.660000 	 -2.457996 
-1.650000 	 -6.388455 
-1.640000 	 -0.718629 
-1.630000 	 -5.040041 
-1.620000 	 -2.338684 
-1.610000 	 -5.700343 
-1.600000 	 -5.082086 
-1.590000 	 -5.253604 
-1.580000 	 -4.113823 
-1.570000 	 -4.712173 
-1.560000 	 -3.439559 
-1.550000 	 -2.567598 
-1.540000 	 -5.075951 
-1.530000 	 -5.021089 
-1.520000 	 -3.453963 
-1.510000 	 -6.831683 
-1.500000 	 -2.516968 
-1.490000 	 -3.276159 
-1.480000 	 -4.799547 
-1.470000 	 -2.764139 
-1.460000 	 -0.818503 
-1.450000 	 -1.417759 
-1.440000 	 -3.298077 
-1.430000 	 -6.017308 
-1.420000 	 -3.046312 
-1.410000 	 -3.541534 
-1.400000 	 -3.001172 
-1.390000 	 -2.947365 
-1.380000 	 -1.495564 
-1.370000 	 -5.257144 
-1.360000 	 -5.128710 
-1.350000 	 -6.050818 
-1.340000 	 -4.336506 
-1.330000 	 -4.421167 
-1.320000 	 -5.441173 
-1.310000 	 -2.908404 
-1.300000 	 -2.984420 
-1.290000 	 -4.188754 
-1.280000 	 -3.538446 
-1.270000 	 -6.608731 
-1.260000 	 -4.431696 
-1.250000 	 -2.902515 
-1.240000 	 -3.263319 
-1.230000 	 -2.673402 
-1.220000 	 -4.333354 
-1.210000 	 -3.461728 
-1.200000 	 -3.305472 
-1.190000 	 -5.020847 
-1.180000 	 -3.285382 
-1.170000 	 -2.717145 
-1.160000 	 -2.823963 
-1.150000 	 -3.537640 
-1.140000 	 -1.556955 
-1.130000 	 -1.174053 
-1.120000 	 -1.404616 
-1.110000 	 -2.660876 
-1.100000 	 -2.514934 
-1.090000 	 -4.245224 
-1.080000 	 -2.486016 
-1.070000 	 -5.425467 
-1.060000 	 -4.147968 
-1.050000 	 -2.485268 
-1.040000 	 -5.143557 
-1.030000 	 -2.960688 
-1.020000 	 -2.425928 
-1.010000 	 -3.594070 
-1.000000 	 -1.165944 
-0.990000 	 -2.803782 
-0.980000 	 -2.798688 
-0.970000 	 -2.104297 
-0.960000 	 -3.444689 
-0.950000 	 -4.419821 
-0.940000 	 -0.093345 
-0.930000 	 0.092361 
-0.920000 	 -1.415969 
-0.910000 	 0.269516 
-0.900000 	 -1.977918 
-0.890000 	 -2.028890 
-0.880000 	 -0.870301 
-0.870000 	 -2.981893 
-0.860000 	 -1.986334 
-0.850000 	 -2.508605 
-0.840000 	 -1.419816 
-0.830000 	 -1.010021 
-0.820000 	 -0.273458 
-0.810000 	 0.142949 
-0.800000 	 -1.744680 
-0.790000 	 -2.058173 
-0.780000 	 -0.866791 
-0.770000 	 -1.306512 
-0.760000 	 -1.174410 
-0.750000 	 -1.022901 
-0.740000 	 -4.148385 
-0.730000 	 -2.203455 
-0.720000 	 0.788602 
-0.710000 	 0.094706 
-0.700000 	 2.128382 
-0.690000 	 -4.131615 
-0.680000 	 -1.689469 
-0.670000 	 -2.222530 
-0.660000 	 0.425901 
-0.650000 	 -1.377181 
-0.640000 	 1.700789 
-0.630000 	 -1.757612 
-0.620000 	 -2.575607 
-0.610000 	 1.493051 
-0.600000 	 -0.463378 
-0.590000 	 -1.329250 
-0.580000 	 0.560834 
-0.570000 	 -1.583454 
-0.560000 	 -0.771905 
-0.550000 	 -1.236217 
-0.540000 	 0.171140 
-0.530000 	 1.676457 
-0.520000 	 -0.083597 
-0.510000 	 -4.302187 
-0.500000 	 -1.251147 
-0.490000 	 -3.156836 
-0.480000 	 -0.852643 
-0.470000 	 -1.735979 
-0.460000 	 0.772492 
-0.450000 	 -2.348005 
-0.440000 	 0.564922 
-0.430000 	 1.017958 
-0.420000 	 1.019703 
-0.410000 	 0.170105 
-0.400000 	 1.669927 
-0.390000 	 0.403364 
-0.380000 	 0.233533 
-0.370000 	 -3.453821 
-0.360000 	 -1.290214 
-0.350000 	 0.507872 
-0.340000 	 -1.026991 
-0.330000 	 1.359106 
-0.320000 	 0.621558 
-0.310000 	 0.570709 
-0.300000 	 -0.534017 
-0.290000 	 1.276564 
-0.280000 	 0.299047 
-0.270000 	 -1.789735 
-0.260000 	 1.438365 
-0.250000 	 0.434439 
-0.240000 	 -0.016109 
-0.230000 	 -0.383013 
-0.220000 	 -0.939428 
-0.210000 	 0.102194 
-0.200000 	 -0.592017 
-0.190000 	 0.560102 
-0.180000 	 0.484224 
-0.170000 	 2.621513 
-0.160000 	 -0.738007 
-0.150000 	 -0.539484 
-0.140000 	 0.290425 
-0.130000 	 1.158664 
-0.120000 	 0.607706 
-0.110000 	 1.032717 
-0.100000 	 3.000000 
-0.090000 	 -1.405144 
-0.080000 	 0.215840 
-0.070000 	 -1.360687 
-0.060000 	 -0.719204 
-0.050000 	 -2.069250 
-0.040000 	 0.195887 
-0.030000 	 0.870567 
-0.020000 	 1.680784 
-0.010000 	 -2.232103 
0.000000 	 0.216441 
0.010000 	 -0.924147 
0.020000 	 2.082079 
0.030000 	 -0.910467 
0.040000 	 0.331274 
0.050000 	 1.059045 
0.060000 	 -0.866031 
0.070000 	 1.126657 
0.080000 	 0.868126 
0.090000 	 0.692844 
0.100000 	 1.081044 
0.110000 	 1.145054 
0.120000 	 0.069970 
0.130000 	 0.527474 
0.140000 	 -1.360804 
0.150000 	 1.318562 
0.160000 	 0.719236 
0.170000 	 2.222948 
0.180000 	 -0.430716 
0.190000 	 -0.349284 
0.200000 	 3.023009 
0.210000 	 -2.633956 
0.220000 	 -0.084891 
0.230000 	 -2.857264 
0.240000 	 0.442600 
0.250000 	 -0.825183 
0.260000 	 0.496036 
0.270000 	 2.344246 
0.280000 	 -0.147808 
0.290000 	 -0.644590 
0.300000 	 0.742052 
0.310000 	 -0.746080 
0.320000 	 0.585705 
0.330000 	 -0.257585 
0.340000 	 3.685066 
0.350000 	 0.052589 
0.360000 	 1.139615 
0.370000 	 0.179428 
0.380000 	 2.019885 
0.390000 	 -1.470497 
0.400000 	 -1.536781 
0.410000 	 0.690304 
0.420000 	 1.592410 
0.430000 	 0.932825 
0.440000 	 -0.870673 
0.450000 	 1.482956 
0.460000 	 1.536944 
0.470000 	 -1.892921 
0.480000 	 -0.687408 
0.490000 	 2.796094 
0.500000 	 1.311284 
0.510000 	 1.167333 
0.520000 	 0.720607 
0.530000 	 -0.630935 
0.540000 	 1.278347 
0.550000 	 2.503453 
0.560000 	 -0.186504 
0.570000 	 1.001181 
0.580000 	 0.508771 
0.590000 	 1.521690 
0.600000 	 1.273941 
0.610000 	 0.240063 
0.620000 	 -0.661024 
0.630000 	 0.769852 
0.640000 	 -0.462441 
0.650000 	 0.088956 
0.660000 	 1.515181 
0.670000 	 2.848869 
0.680000 	 -1.385407 
0.690000 	 0.139080 
0.700000 	 0.227695 
0.710000 	 2.322913 
0.720000 	 1.712045 
0.730000 	 0.095808 
0.740000 	 1.907254 
0.750000 	 0.689588 
0.760000 	 2.330357 
0.770000 	 -1.918211 
0.780000 	 -0.597370 
0.790000 	 0.975937 
0.800000 	 0.091580 
0.810000 	 3.614362 
0.820000 	 0.533741 
0.830000 	 -0.628054 
0.840000 	 1.811241 
0.850000 	 0.443426 
0.860000 	 0.008208 
0.870000 	 -0.338133 
0.880000 	 -0.692802 
0.890000 	 -3.204399 
0.900000 	 -1.271068 
0.910000 	 1.879819 
0.920000 	 0.271729 
0.930000 	 1.297458 
0.940000 	 1.127584 
0.950000 	 -1.798011 
0.960000 	 0.537353 
0.970000 	 0.684739 
0.980000 	 -2.540552 
0.990000 	 -0.096502 
1.000000 	 3.756817 
1.010000 	 3.394287 
1.020000 	 1.887622 
1.030000 	 1.947398 
1.040000 	 3.030064 
1.050000 	 -0.478545 
1.060000 	 -0.507308 
1.070000 	 0.856024 
1.080000 	 2.341547 
1.090000 	 0.046089 
1.100000 	 -0.137769 
1.110000 	 0.177504 
1.120000 	 2.845673 
1.130000 	 -2.066181 
1.140000 	 0.032223 
1.150000 	 0.060824 
1.160000 	 -0.169153 
1.170000 	 1.517991 
1.180000 	 -0.777092 
1.190000 	 1.349127 
1.200000 	 -0.058470 
1.210000 	 0.739073 
1.220000 	 1.822432 
1.230000 	 -1.726413 
1.240000 	 -1.200115 
1.250000 	 -0.307394 
1.260000 	 -2.035999 
1.270000 	 2.606717 
1.280000 	 2.780538 
1.290000 	 0.308540 
1.300000 	 -1.592245 
1.310000 	 0.115957 
1.320000 	 -2.641800 
1.330000 	 1.269697 
1.340000 	 2.248276 
1.350000 	 -1.789277 
1.360000 	 -1.387803 
1.370000 	 1.653400 
1.380000 	 0.513197 
1.390000 	 2.697917 
1.400000 	 2.087416 
1.410000 	 -0.597818 
1.420000 	 1.629494 
1.430000 	 -0.458202 
1.440000 	 0.986873 
1.450000 	 0.256942 
1.460000 	 -1.579850 
1.470000 	 1.568876 
1.480000 	 0.337472 
1.490000 	 1.239584 
1.500000 	 0.520884 
1.510000 	 1.218624 
1.520000 	 -0.009166 
1.530000 	 -2.740503 
1.540000 	 -0.040676 
1.550000 	 1.826948 
1.560000 	 0.610141 
1.570000 	 1.218096 
1.580000 	 -0.591036 
1.590000 	 0.500365 
1.600000 	 0.938696 
1.610000 	 1.351644 
1.620000 	 -1.419475 
1.630000 	 1.259115 
1.640000 	 0.898079 
1.650000 	 1.185897 
1.660000 	 3.835863 
1.670000 	 1.742502 
1.680000 	 -0.284281 
1.690000 	 1.242726 
1.700000 	 2.937018 
1.710000 	 1.056354 
1.720000 	 1.720440 
1.730000 	 3.104191 
1.740000 	 -2.677577 
1.750000 	 2.392633 
1.760000 	 -1.923618 
1.770000 	 -1.520858 
1.780000 	 2.328813 
1.790000 	 2.061393 
1.800000 	 1.738617 
1.810000 	 0.223426 
1.820000 	 1.174908 
1.830000 	 1.474205 
1.840000 	 -1.165413 
1.850000 	 1.859926 
1.860000 	 0.589441 
1.870000 	 -0.723200 
1.880000 	 1.635806 
1.890000 	 0.701215 
1.900000 	 1.795004 
1.910000 	 0.878560 
1.920000 	 4.608001 
1.930000 	 1.118118 
1.940000 	 3.978073 
1.950000 	 2.340093 
1.960000 	 1.800423 
1.970000 	 3.838230 
1.980000 	 1.789215 
1.990000 	 3.275454 
2.000000 	 3.363818 
2.010000 	 3.093460 
2.020000 	 2.374548 
2.030000 	 3.342735 
2.040000 	 6.115798 
2.050000 	 3.093031 
2.060000 	 -1.900114 
2.070000 	 -0.172718 
2.080000 	 0.654394 
2.090000 	 1.292505 
2.100000 	 2.751197 
2.110000 	 -0.365725 
2.120000 	 1.788781 
2.130000 	 -1.219940 
2.140000 	 2.780139 
2.150000 	 1.563891 
2.160000 	 -0.518023 
2.170000 	 1.183205 
2.180000 	 5.630802 
2.190000 	 2.645657 
2.200000 	 3.024773 
2.210000 	 4.789607 
2.220000 	 0.272164 
2.230000 	 3.907402 
2.240000 	 7.382445 
2.250000 	 4.850291 
2.260000 	 5.565324 
2.270000 	 2.706138 
2.280000 	 3.939658 
2.290000 	 4.242267 
2.300000 	 3.126308 
2.310000 	 2.677461 
2.320000 	 4.238798 
2.330000 	 11.000000 
2.340000 	 3.655418 
2.350000 	 6.223674 
2.360000 	 3.164111 
2.370000 	 4.807185 
2.380000 	 2.567470 
2.390000 	 5.395600 
2.400000 	 5.892941 
2.410000 	 2.166551 
2.420000 	 3.882076 
2.430000 	 5.588934 
2.440000 	 4.590592 
2.450000 	 4.386487 
2.460000 	 4.639451 
2.470000 	 4.429358 
2.480000 	 4.717168 
2.490000 	 5.264749 
2.500000 	 2.551778 
2.510000 	 4.672327 
2.520000 	 4.888811 
2.530000 	 6.516666 
2.540000 	 4.948360 
2.550000 	 5.275084 
2.560000 	 6.740171 
2.570000 	 5.946966 
2.580000 	 4.776270 
2.590000 	 7.477229 
2.600000 	 7.551750 
2.610000 	 7.945896 
2.620000 	 4.673931 
2.630000 	 4.088129 
2.640000 	 9.541865 
2.650000 	 9.678719 
2.660000 	 7.675752 
2.670000 	 4.282030 
2.680000 	 3.959590 
2.690000 	 8.443034 
2.700000 	 8.243477 
2.710000 	 8.098446 
2.720000 	 5.751454 
2.730000 	 5.865284 
2.740000 	 5.564760 
2.750000 	 8.566627 
2.760000 	 8.890893 
2.770000 	 6.686740 
2.780000 	 7.410934 
2.790000 	 5.111299 
2.800000 	 6.234734 
2.810000 	 9.120312 
2.820000 	 8.678580 
2.830000 	 8.790661 
2.840000 	 4.903443 
2.850000 	 6.611092 
2.860000 	 7.763705 
2.870000 	 9.277919 
2.880000 	 8.262382 
2.890000 	 8.236807 
2.900000 	 8.518846 
2.910000 	 9.201595 
2.920000 	 6.861495 
2.930000 	 8.493927 
2.940000 	 10.091990 
2.950000 	 11.194228 
2.960000 	 7.017870 
2.970000 	 10.100808 
2.980000 	 5.634589 
2.990000 	 11.182786 
3.000000 	 8.033190 
3.010000 	 12.212555 
3.020000 	 9.334778 
3.030000 	 12.686991 
3.040000 	 11.040367 
3.050000 	 13.827263 
3.060000 	 13.948856 
3.070000 	 10.825194 
3.080000 	 11.908838 
3.090000 	 11.380006 
3.100000 	 10.503207 
3.110000 	 11.339089 
3.120000 	 11.992511 
3.130000 	 10.983528 
3.140000 	 11.349271 
3.150000 	 13.781206 
3.160000 	 12.525302 
3.170000 	 12.404455 
3.180000 	 13.146819 
3.190000 	 12.456753 
3.200000 	 14.776291 
3.210000 	 10.939047 
3.220000 	 14.450912 
3.230000 	 11.993322 
3.240000 	 16.009584 
3.250000 	 14.401400 
3.260000 	 14.759546 
3.270000 	 14.770512 
3.280000 	 14.916513 
3.290000 	 14.021132 
3.300000 	 14.913168 
3.310000 	 12.345914 
3.320000 	 15.197286 
3.330000 	 15.524460 
3.340000 	 17.574411 
3.350000 	 17.508851 
3.360000 	 18.172255 
3.370000 	 15.240419 
3.380000 	 15.660743 
3.390000 	 17.312175 
3.400000 	 17.903281 
3.410000 	 14.953943 
3.420000 	 18.194761 
3.430000 	 21.115413 
3.440000 	 18.041816 
3.450000 	 18.509440 
3.460000 	 19.802635 
3.470000 	 18.467155 
3.480000 	 20.486259 
3.490000 	 17.295470 
3.500000 	 19.548078 
3.510000 	 20.930420 
3.520000 	 21.234498 
3.530000 	 19.896755 
3.540000 	 21.996521 
3.550000 	 20.567042 
3.560000 	 20.873449 
3.570000 	 22.602055 
3.580000 	 21.333426 
3.590000 	 19.868936 
3.600000 	 19.931563 
3.610000 	 23.849884 
3.620000 	 20.295035 
3.630000 	 20.976848 
3.640000 	 21.142225 
3.650000 	 22.140442 
3.660000 	 21.393991 
3.670000 	 20.884242 
3.680000 	 23.540196 
3.690000 	 22.660449 
3.700000 	 24.380242 
3.710000 	 23.946271 
3.720000 	 24.228761 
3.730000 	 24.179860 
3.740000 	 27.161197 
3.750000 	 25.652877 
3.760000 	 25.723070 
3.770000 	 28.151009 
3.780000 	 25.204672 
3.790000 	 27.672734 
3.800000 	 29.295983 
3.810000 	 27.181226 
3.820000 	 26.350330 
3.830000 	 26.973466 
3.840000 	 28.323517 
3.850000 	 27.750582 
3.860000 	 25.395954 
3.870000 	 29.334117 
3.880000 	 29.832444 
3.890000 	 30.447848 
3.900000 	 31.614394 
3.910000 	 28.485648 
3.920000 	 31.310564 
3.930000 	 29.763121 
3.940000 	 30.111568 
3.950000 	 30.625129 
3.960000 	 31.858568 
3.970000 	 30.784216 
3.980000 	 31.916281 
3.990000 	 33.430568 
4.000000 	 32.394134 
