-3.000000 	 -15.102301 
-2.990000 	 -12.193722 
-2.980000 	 -11.539229 
-2.970000 	 -9.462037 
-2.960000 	 -13.057358 
-2.950000 	 -10.629854 
-2.940000 	 -9.635421 
-2.930000 	 -9.939441 
-2.920000 	 -7.784300 
-2.910000 	 -11.152719 
-2.900000 	 -11.523048 
-2.890000 	 -10.507403 
-2.880000 	 -14.243299 
-2.870000 	 -12.975278 
-2.860000 	 -12.213296 
-2.850000 	 -10.564000 
-2.840000 	 -11.018388 
-2.830000 	 -10.783030 
-2.820000 	 -9.709412 
-2.810000 	 -13.143185 
-2.800000 	 -13.878629 
-2.790000 	 -11.996093 
-2.780000 	 -11.659941 
-2.770000 	 -8.651586 
-2.760000 	 -13.364228 
-2.750000 	 -10.597879 
-2.740000 	 -10.079775 
-2.730000 	 -15.188988 
-2.720000 	 -11.100593 
-2.710000 	 -10.910413 
-2.700000 	 -12.280115 
-2.690000 	 -7.451871 
-2.680000 	 -8.040386 
-2.670000 	 -9.134322 
-2.660000 	 -6.348211 
-2.650000 	 -10.760299 
-2.640000 	 -11.212272 
-2.630000 	 -9.264450 
-2.620000 	 -11.961846 
-2.610000 	 -13.202671 
-2.600000 	 -10.448213 
-2.590000 	 -5.587631 
-2.580000 	 -10.421899 
-2.570000 	 -11.822915 
-2.560000 	 -9.754462 
-2.550000 	 -10.295953 
-2.540000 	 -8.249537 
-2.530000 	 -8.738733 
-2.520000 	 -8.827931 
-2.510000 	 -11.664884 
-2.500000 	 -6.918542 
-2.490000 	 -8.465607 
-2.480000 	 -8.119776 
-2.470000 	 -11.439170 
-2.460000 	 -9.343337 
-2.450000 	 -9.331627 
-2.440000 	 -9.576861 
-2.430000 	 -12.385889 
-2.420000 	 -9.619085 
-2.410000 	 -8.948085 
-2.400000 	 -9.409915 
-2.390000 	 -11.150019 
-2.380000 	 -7.350803 
-2.370000 	 -7.785969 
-2.360000 	 -12.501709 
-2.350000 	 -7.182414 
-2.340000 	 -7.538489 
-2.330000 	 -9.789658 
-2.320000 	 -8.628253 
-2.310000 	 -8.914880 
-2.300000 	 -9.585320 
-2.290000 	 -6.325739 
-2.280000 	 -8.242873 
-2.270000 	 -6.724920 
-2.260000 	 -10.690520 
-2.250000 	 -5.912194 
-2.240000 	 -6.836764 
-2.230000 	 -9.995364 
-2.220000 	 -8.191778 
-2.210000 	 -7.288702 
-2.200000 	 -8.758672 
-2.190000 	 -9.529936 
-2.180000 	 -7.014657 
-2.170000 	 -7.378441 
-2.160000 	 -6.188345 
-2.150000 	 -8.632905 
-2.140000 	 -8.925154 
-2.130000 	 -9.106681 
-2.120000 	 -8.047787 
-2.110000 	 -5.183176 
-2.100000 	 -5.063067 
-2.090000 	 -8.288560 
-2.080000 	 -7.190893 
-2.070000 	 -7.810765 
-2.060000 	 -7.993918 
-2.050000 	 -7.477684 
-2.040000 	 -10.099113 
-2.030000 	 -7.125007 
-2.020000 	 -8.252594 
-2.010000 	 -7.556166 
-2.000000 	 -5.876061 
-1.990000 	 -7.493142 
-1.980000 	 -8.630259 
-1.970000 	 -6.631512 
-1.960000 	 -8.034626 
-1.950000 	 -6.678406 
-1.940000 	 -9.317363 
-1.930000 	 -6.857096 
-1.920000 	 -8.220132 
-1.910000 	 -6.469071 
-1.900000 	 -5.546615 
-1.890000 	 -8.144707 
-1.880000 	 -5.057660 
-1.870000 	 -5.057324 
-1.860000 	 -5.995245 
-1.850000 	 -6.257238 
-1.840000 	 -7.138456 
-1.830000 	 -7.928343 
-1.820000 	 -8.114253 
-1.810000 	 -7.595034 
-1.800000 	 19.000000 
-1.790000 	 -5.628814 
-1.780000 	 -6.148251 
-1.770000 	 -4.749479 
-1.760000 	 -5.447812 
-1.750000 	 -6.107361 
-1.740000 	 -4.805702 
-1.730000 	 -2.134431 
-1.720000 	 -3.501271 
-1.710000 	 -5.574174 
-1.700000 	 -6.330830 
-1.690000 	 -4.711072 
-1.680000 	 -5.568259 
-1.670000 	 -9.389319 
-1.660000 	 -6.205177 
-1.650000 	 -5.025953 
-1.640000 	 -6.471638 
-1.630000 	 -3.660910 
-1.620000 	 -5.793365 
-1.610000 	 -6.846608 
-1.600000 	 -7.104581 
-1.590000 	 -4.733629 
-1.580000 	 -4.014781 
-1.570000 	 -3.713210 
-1.560000 	 -5.387713 
-1.550000 	 -6.204955 
-1.540000 	 -5.829807 
-1.530000 	 -5.112303 
-1.520000 	 -5.128642 
-1.510000 	 -6.676787 
-1.500000 	 -5.864139 
-1.490000 	 -3.453832 
-1.480000 	 -2.723548 
-1.470000 	 -1.652904 
-1.460000 	 -3.392488 
-1.450000 	 -3.225825 
-1.440000 	 -5.129755 
-1.430000 	 -0.424242 
-1.420000 	 -4.422394 
-1.410000 	 -4.094293 
-1.400000 	 -4.648147 
-1.390000 	 -3.624072 
-1.380000 	 -0.749007 
-1.370000 	 -3.487099 
-1.360000 	 -1.587690 
-1.350000 	 -2.883411 
-1.340000 	 -3.673088 
-1.330000 	 -3.493473 
-1.320000 	 -4.054580 
-1.310000 	 -4.232553 
-1.300000 	 -4.617534 
-1.290000 	 -2.877909 
-1.280000 	 -1.507039 
-1.270000 	 -1.800148 
-1.260000 	 -6.938093 
-1.250000 	 -1.012619 
-1.240000 	 -2.407974 
-1.230000 	 -3.555009 
-1.220000 	 -4.850070 
-1.210000 	 -6.113602 
-1.200000 	 -2.619651 
-1.190000 	 -2.234275 
-1.180000 	 -5.582370 
-1.170000 	 -4.799782 
-1.160000 	 -4.014322 
-1.150000 	 -1.841880 
-1.140000 	 -4.946002 
-1.130000 	 -3.616838 
-1.120000 	 -6.669340 
-1.110000 	 -2.149859 
-1.100000 	 -4.601662 
-1.090000 	 -2.642208 
-1.080000 	 -2.215605 
-1.070000 	 -4.863059 
-1.060000 	 -1.779423 
-1.050000 	 -0.586409 
-1.040000 	 -1.847894 
-1.030000 	 -3.097155 
-1.020000 	 -0.354873 
-1.010000 	 -2.315365 
-1.000000 	 -2.397519 
-0.990000 	 -1.349563 
-0.980000 	 -2.323358 
-0.970000 	 -3.052334 
-0.960000 	 -1.342086 
-0.950000 	 -1.333965 
-0.940000 	 -2.433577 
-0.930000 	 0.859649 
-0.920000 	 -3.030451 
-0.910000 	 -2.161469 
-0.900000 	 -2.285010 
-0.890000 	 0.018550 
-0.880000 	 -0.729544 
-0.870000 	 -1.266878 
-0.860000 	 -1.267587 
-0.850000 	 -0.137395 
-0.840000 	 -4.464453 
-0.830000 	 -1.386274 
-0.820000 	 2.517473 
-0.810000 	 -3.108476 
-0.800000 	 0.117573 
-0.790000 	 0.015043 
-0.780000 	 -2.752433 
-0.770000 	 -3.547924 
-0.760000 	 -0.953741 
-0.750000 	 -1.716001 
-0.740000 	 0.242216 
-0.730000 	 -1.293931 
-0.720000 	 2.000000 
-0.710000 	 -2.518441 
-0.700000 	 -1.881514 
-0.690000 	 -1.788003 
-0.680000 	 -2.851539 
-0.670000 	 0.297289 
-0.660000 	 0.640307 
-0.650000 	 0.062049 
-0.640000 	 -0.216177 
-0.630000 	 -0.603450 
-0.620000 	 0.391142 
-0.610000 	 -1.595157 
-0.600000 	 0.901139 
-0.590000 	 -0.257867 
-0.580000 	 -0.339932 
-0.570000 	 0.999710 
-0.560000 	 2.523335 
-0.550000 	 1.169682 
-0.540000 	 1.458495 
-0.530000 	 0.804978 
-0.520000 	 -1.521405 
-0.510000 	 -2.319628 
-0.500000 	 -1.566130 
-0.490000 	 -1.219173 
-0.480000 	 -1.263472 
-0.470000 	 -0.374523 
-0.460000 	 -1.767548 
-0.450000 	 0.088305 
-0.440000 	 0.086596 
-0.430000 	 0.700248 
-0.420000 	 -0.311450 
-0.410000 	 0.513623 
-0.400000 	 1.423947 
-0.390000 	 -1.567254 
-0.380000 	 1.214305 
-0.370000 	 -2.137229 
-0.360000 	 -1.555191 
-0.350000 	 -0.142235 
-0.340000 	 -1.527250 
-0.330000 	 -0.653716 
-0.320000 	 -3.042530 
-0.310000 	 -0.953637 
-0.300000 	 -2.045992 
-0.290000 	 -0.855100 
-0.280000 	 -3.787380 
-0.270000 	 -0.764676 
-0.260000 	 1.327609 
-0.250000 	 -0.746215 
-0.240000 	 -0.180647 
-0.230000 	 -0.169874 
-0.220000 	 0.623181 
-0.210000 	 1.604113 
-0.200000 	 1.122714 
-0.190000 	 2.509401 
-0.180000 	 -0.448534 
-0.170000 	 0.565042 
-0.160000 	 2.741349 
-0.150000 	 0.017600 
-0.140000 	 0.397560 
-0.130000 	 -1.197510 
-0.120000 	 0.717166 
-0.110000 	 -1.193058 
-0.100000 	 -1.625023 
-0.090000 	 1.423414 
-0.080000 	 0.878184 
-0.070000 	 -1.200562 
-0.060000 	 -0.357613 
-0.050000 	 -0.355868 
-0.040000 	 -2.110763 
-0.030000 	 -0.396272 
-0.020000 	 -2.355534 
-0.010000 	 -1.712178 
0.000000 	 4.448984 
0.010000 	 -0.213197 
0.020000 	 0.602496 
0.030000 	 1.097237 
0.040000 	 1.708421 
0.050000 	 0.592996 
0.060000 	 -3.415755 
0.070000 	 0.550268 
0.080000 	 1.260350 
0.090000 	 0.288491 
0.100000 	 0.816527 
0.110000 	 1.210184 
0.120000 	 -1.768661 
0.130000 	 -0.624918 
0.140000 	 -1.080859 
0.150000 	 1.581413 
0.160000 	 -2.052095 
0.170000 	 0.483825 
0.180000 	 -1.039734 
0.190000 	 -0.295470 
0.200000 	 -4.765850 
0.210000 	 -0.655510 
0.220000 	 1.279249 
0.230000 	 1.172241 
0.240000 	 0.630846 
0.250000 	 -2.026467 
0.260000 	 0.263465 
0.270000 	 0.201962 
0.280000 	 -1.104506 
0.290000 	 0.148968 
0.300000 	 0.686409 
0.310000 	 -2.023706 
0.320000 	 0.877951 
0.330000 	 -0.632762 
0.340000 	 1.477990 
0.350000 	 0.451870 
0.360000 	 1.999785 
0.370000 	 -1.178111 
0.380000 	 1.474009 
0.390000 	 -1.177073 
0.400000 	 -0.184575 
0.410000 	 2.865840 
0.420000 	 1.019338 
0.430000 	 2.172205 
0.440000 	 -1.198857 
0.450000 	 -1.081193 
0.460000 	 0.507412 
0.470000 	 -0.874314 
0.480000 	 1.922688 
0.490000 	 1.015322 
0.500000 	 -1.307899 
0.510000 	 -1.333703 
0.520000 	 0.088395 
0.530000 	 -0.052584 
0.540000 	 2.490812 
0.550000 	 -0.341030 
0.560000 	 0.572778 
0.570000 	 0.676135 
0.580000 	 1.679737 
0.590000 	 1.040853 
0.600000 	 0.583807 
0.610000 	 -0.155198 
0.620000 	 -1.373767 
0.630000 	 3.069032 
0.640000 	 -1.236347 
0.650000 	 -0.035785 
0.660000 	 -0.969701 
0.670000 	 -1.960175 
0.680000 	 -2.027408 
0.690000 	 -0.942575 
0.700000 	 0.065537 
0.710000 	 -2.168588 
0.720000 	 -1.095449 
0.730000 	 0.944460 
0.740000 	 0.425288 
0.750000 	 1.917109 
0.760000 	 0.581169 
0.770000 	 0.487615 
0.780000 	 0.241338 
0.790000 	 1.750141 
0.800000 	 2.965759 
0.810000 	 1.273294 
0.820000 	 3.066095 
0.830000 	 0.432423 
0.840000 	 3.254620 
0.850000 	 -1.003198 
0.860000 	 -1.784008 
0.870000 	 -0.219847 
0.880000 	 2.236241 
0.890000 	 -0.654835 
0.900000 	 0.526239 
0.910000 	 0.701861 
0.920000 	 -1.508158 
0.930000 	 0.765849 
0.940000 	 -1.016136 
0.950000 	 0.660233 
0.960000 	 0.011600 
0.970000 	 0.479011 
0.980000 	 1.754724 
0.990000 	 -1.648334 
1.000000 	 0.669351 
1.010000 	 1.783966 
1.020000 	 0.086155 
1.030000 	 -0.291943 
1.040000 	 -0.216316 
1.050000 	 2.672251 
1.060000 	 -2.088985 
1.070000 	 -0.975370 
1.080000 	 2.233425 
1.090000 	 2.376952 
1.100000 	 -1.062305 
1.110000 	 -2.887379 
1.120000 	 -0.000118 
1.130000 	 -0.620284 
1.140000 	 -1.871373 
1.150000 	 1.258619 
1.160000 	 -0.294950 
1.170000 	 -0.440567 
1.180000 	 3.048629 
1.190000 	 0.465713 
1.200000 	 2.450820 
1.210000 	 0.234211 
1.220000 	 0.213399 
1.230000 	 0.793867 
1.240000 	 5.180580 
1.250000 	 1.750704 
1.260000 	 0.828075 
1.270000 	 -0.392275 
1.280000 	 4.736792 
1.290000 	 1.356551 
1.300000 	 1.202476 
1.310000 	 -1.156899 
1.320000 	 -0.044562 
1.330000 	 -2.319441 
1.340000 	 1.170213 
1.350000 	 3.453236 
1.360000 	 1.907220 
1.370000 	 -0.772784 
1.380000 	 0.305443 
1.390000 	 2.273678 
1.400000 	 3.354900 
1.410000 	 0.574061 
1.420000 	 -2.405871 
1.430000 	 1.695428 
1.440000 	 4.305166 
1.450000 	 1.946495 
1.460000 	 0.645179 
1.470000 	 2.131919 
1.480000 	 3.338401 
1.490000 	 1.623904 
1.500000 	 -0.959897 
1.510000 	 -0.596174 
1.520000 	 1.258805 
1.530000 	 -0.880680 
1.540000 	 -0.549090 
1.550000 	 2.188304 
1.560000 	 3.391088 
1.570000 	 1.662731 
1.580000 	 3.293435 
1.590000 	 0.221746 
1.600000 	 2.871156 
1.610000 	 -0.294724 
1.620000 	 0.130691 
1.630000 	 1.884541 
1.640000 	 -2.092219 
1.650000 	 2.727997 
1.660000 	 -0.897312 
1.670000 	 1.388828 
1.680000 	 0.584921 
1.690000 	 1.108080 
1.700000 	 1.273459 
1.710000 	 0.010586 
1.720000 	 2.143935 
1.730000 	 2.868218 
1.740000 	 1.582590 
1.750000 	 2.096785 
1.760000 	 2.758807 
1.770000 	 1.073324 
1.780000 	 1.722774 
1.790000 	 0.828331 
1.800000 	 2.443728 
1.810000 	 3.573965 
1.820000 	 1.578822 
1.830000 	 2.573363 
1.840000 	 2.330763 
1.850000 	 1.695199 
1.860000 	 -0.346187 
1.870000 	 1.599252 
1.880000 	 2.941126 
1.890000 	 2.359466 
1.900000 	 3.481160 
1.910000 	 0.408286 
1.920000 	 3.561830 
1.930000 	 -0.435121 
1.940000 	 1.799757 
1.950000 	 2.494096 
1.960000 	 1.946873 
1.970000 	 1.374346 
1.980000 	 3.055611 
1.990000 	 1.696337 
2.000000 	 0.785330 
2.010000 	 4.975977 
2.020000 	 -0.200011 
2.030000 	 0.721635 
2.040000 	 3.780050 
2.050000 	 2.373681 
2.060000 	 2.089127 
2.070000 	 0.781608 
2.080000 	 2.395867 
2.090000 	 1.687580 
2.100000 	 4.666998 
2.110000 	 3.221346 
2.120000 	 2.119860 
2.130000 	 2.719930 
2.140000 	 1.916125 
2.150000 	 1.021794 
2.160000 	 2.611216 
2.170000 	 4.910546 
2.180000 	 3.242267 
2.190000 	 1.218157 
2.200000 	 2.216616 
2.210000 	 6.561719 
2.220000 	 4.509660 
2.230000 	 4.293502 
2.240000 	 3.951463 
2.250000 	 1.349179 
2.260000 	 3.931101 
2.270000 	 4.280309 
2.280000 	 4.873075 
2.290000 	 5.682231 
2.300000 	 5.605770 
2.310000 	 5.894019 
2.320000 	 4.132925 
2.330000 	 2.789534 
2.340000 	 3.130603 
2.350000 	 3.157731 
2.360000 	 6.048276 
2.370000 	 5.239249 
2.380000 	 4.431214 
2.390000 	 3.591073 
2.400000 	 5.701988 
2.410000 	 4.965329 
2.420000 	 3.867947 
2.430000 	 4.152580 
2.440000 	 4.637744 
2.450000 	 3.372769 
2.460000 	 2.738621 
2.470000 	 3.645324 
2.480000 	 4.239983 
2.490000 	 5.667666 
2.500000 	 5.915433 
2.510000 	 6.114755 
2.520000 	 6.398636 
2.530000 	 5.766645 
2.540000 	 6.958604 
2.550000 	 5.581208 
2.560000 	 5.074497 
2.570000 	 3.883265 
2.580000 	 7.363939 
2.590000 	 5.407886 
2.600000 	 2.831913 
2.610000 	 7.986335 
2.620000 	 7.821624 
2.630000 	 6.861986 
2.640000 	 7.619360 
2.650000 	 5.567635 
2.660000 	 5.456543 
2.670000 	 6.786246 
2.680000 	 5.287445 
2.690000 	 5.452177 
2.700000 	 5.914077 
2.710000 	 7.372890 
2.720000 	 7.325914 
2.730000 	 10.301761 
2.740000 	 6.948570 
2.750000 	 6.191385 
2.760000 	 8.028087 
2.770000 	 9.902644 
2.780000 	 6.901110 
2.790000 	 4.822131 
2.800000 	 7.818058 
2.810000 	 7.840724 
2.820000 	 5.822364 
2.830000 	 4.165722 
2.840000 	 8.456288 
2.850000 	 10.289344 
2.860000 	 9.702875 
2.870000 	 9.326856 
2.880000 	 9.592522 
2.890000 	 9.504044 
2.900000 	 9.796998 
2.910000 	 10.665606 
2.920000 	 10.745132 
2.930000 	 11.714192 
2.940000 	 8.109180 
2.950000 	 9.882140 
2.960000 	 9.714732 
2.970000 	 8.218673 
2.980000 	 10.817914 
2.990000 	 10.816521 
3.000000 	 12.010883 
3.010000 	 6.395493 
3.020000 	 13.419371 
3.030000 	 14.939222 
3.040000 	 11.699094 
3.050000 	 10.464419 
3.060000 	 12.575645 
3.070000 	 8.457956 
3.080000 	 11.106034 
3.090000 	 10.575297 
3.100000 	 13.043734 
3.110000 	 9.120433 
3.120000 	 12.519840 
3.130000 	 12.209838 
3.140000 	 12.156511 
3.150000 	 11.365487 
3.160000 	 14.289448 
3.170000 	 11.818609 
3.180000 	 14.139151 
3.190000 	 13.946953 
3.200000 	 13.072362 
3.210000 	 13.171609 
3.220000 	 14.607349 
3.230000 	 11.857656 
3.240000 	 14.346207 
3.250000 	 12.707641 
3.260000 	 14.538155 
3.270000 	 14.630161 
3.280000 	 16.240929 
3.290000 	 17.929040 
3.300000 	 16.318172 
3.310000 	 12.696127 
3.320000 	 15.368279 
3.330000 	 15.202589 
3.340000 	 15.537657 
3.350000 	 14.955857 
3.360000 	 14.892433 
3.370000 	 14.760063 
3.380000 	 17.341612 
3.390000 	 17.347282 
3.400000 	 16.264365 
3.410000 	 16.415667 
3.420000 	 16.710349 
3.430000 	 15.456206 
3.440000 	 20.074977 
3.450000 	 19.901292 
3.460000 	 17.766826 
3.470000 	 16.983354 
3.480000 	 18.245784 
3.490000 	 19.736716 
3.500000 	 20.971528 
3.510000 	 20.853021 
3.520000 	 19.430423 
3.530000 	 18.405134 
3.540000 	 18.723582 
3.550000 	 19.004453 
3.560000 	 21.593071 
3.570000 	 22.206683 
3.580000 	 20.961533 
3.590000 	 21.314370 
3.600000 	 21.328635 
3.610000 	 24.575096 
3.620000 	 21.977411 
3.630000 	 24.062146 
3.640000 	 22.725270 
3.650000 	 24.385227 
3.660000 	 23.813091 
3.670000 	 21.591196 
3.680000 	 20.028090 
3.690000 	 22.316496 
3.700000 	 23.285760 
3.710000 	 22.316635 
3.720000 	 25.464056 
3.730000 	 24.054695 
3.740000 	 22.279024 
3.750000 	 23.579677 
3.760000 	 26.482390 
3.770000 	 25.728460 
3.780000 	 28.770982 
3.790000 	 26.360106 
3.800000 	 25.748854 
3.810000 	 25.392155 
3.820000 	 27.372586 
3.830000 	 22.753869 
3.840000 	 26.176882 
3.850000 	 26.276458 
3.860000 	 29.828993 
3.870000 	 26.987589 
3.880000 	 27.905299 
3.890000 	 28.658394 
3.900000 	 29.749904 
3.910000 	 32.086459 
3.920000 	 33.251331 
3.930000 	 32.112522 
3.940000 	 29.870042 
3.950000 	 30.983264 
3.960000 	 30.884291 
3.970000 	 34.982815 
3.980000 	 30.870472 
3.990000 	 32.245004 
4.000000 	 34.078583 
