-3.000000 	 -12.583930 
-2.990000 	 -11.325015 
-2.980000 	 -12.040857 
-2.970000 	 -10.515218 
-2.960000 	 -10.290814 
-2.950000 	 -10.396441 
-2.940000 	 -8.039095 
-2.930000 	 -13.330391 
-2.920000 	 -13.292054 
-2.910000 	 -10.601157 
-2.900000 	 -15.459775 
-2.890000 	 -13.795746 
-2.880000 	 -14.142444 
-2.870000 	 -13.281401 
-2.860000 	 -12.648871 
-2.850000 	 -10.794937 
-2.840000 	 -12.853499 
-2.830000 	 -11.153938 
-2.820000 	 -9.389186 
-2.810000 	 -9.439583 
-2.800000 	 -11.676065 
-2.790000 	 -12.066583 
-2.780000 	 -11.243306 
-2.770000 	 -11.206641 
-2.760000 	 -14.212234 
-2.750000 	 -6.779183 
-2.740000 	 -11.958742 
-2.730000 	 -11.121775 
-2.720000 	 -7.710916 
-2.710000 	 -5.767366 
-2.700000 	 -12.798426 
-2.690000 	 -7.898957 
-2.680000 	 -12.807326 
-2.670000 	 -8.969697 
-2.660000 	 -8.860814 
-2.650000 	 -12.960058 
-2.640000 	 -10.571157 
-2.630000 	 -8.436955 
-2.620000 	 -8.996961 
-2.610000 	 -10.744038 
-2.600000 	 -8.071792 
-2.590000 	 -7.919434 
-2.580000 	 -9.615287 
-2.570000 	 -8.820622 
-2.560000 	 -11.609509 
-2.550000 	 -11.398096 
-2.540000 	 -9.800902 
-2.530000 	 -11.262201 
-2.520000 	 -9.181548 
-2.510000 	 -11.893048 
-2.500000 	 10.000000 
-2.490000 	 -10.350437 
-2.480000 	 -9.446701 
-2.470000 	 -7.203126 
-2.460000 	 -8.772564 
-2.450000 	 -9.900079 
-2.440000 	 -7.914379 
-2.430000 	 -10.442418 
-2.420000 	 -7.195292 
-2.410000 	 -7.469923 
-2.400000 	 -11.541804 
-2.390000 	 -10.188401 
-2.380000 	 -8.478938 
-2.370000 	 -11.389445 
-2.360000 	 -8.682953 
-2.350000 	 -10.465167 
-2.340000 	 13.000000 
-2.330000 	 -6.845614 
-2.320000 	 -10.593440 
-2.310000 	 -8.173239 
-2.300000 	 -8.487501 
-2.290000 	 -9.199833 
-2.280000 	 -8.299193 
-2.270000 	 -8.086806 
-2.260000 	 -9.093657 
-2.250000 	 -8.561657 
-2.240000 	 -6.756924 
-2.230000 	 -6.354603 
-2.220000 	 -8.566354 
-2.210000 	 -7.588315 
-2.200000 	 -7.379215 
-2.190000 	 -7.755307 
-2.180000 	 -11.076357 
-2.170000 	 -8.112745 
-2.160000 	 -6.473162 
-2.150000 	 -6.518691 
-2.140000 	 -8.629470 
-2.130000 	 -4.779866 
-2.120000 	 -6.197901 
-2.110000 	 -9.143018 
-2.100000 	 -6.535333 
-2.090000 	 -7.982279 
-2.080000 	 -7.432112 
-2.070000 	 -6.425405 
-2.060000 	 -7.088500 
-2.050000 	 -8.517755 
-2.040000 	 -7.732150 
-2.030000 	 -8.382609 
-2.020000 	 -7.159880 
-2.010000 	 -5.880169 
-2.000000 	 -5.735142 
-1.990000 	 -8.946125 
-1.980000 	 -7.926446 
-1.970000 	 -7.722303 
-1.960000 	 -6.388216 
-1.950000 	 -5.035692 
-1.940000 	 -8.367858 
-1.930000 	 -4.691365 
-1.920000 	 -7.062444 
-1.910000 	 -6.699763 
-1.900000 	 -3.901536 
-1.890000 	 -5.084087 
-1.880000 	 -4.883956 
-1.870000 	 -6.388224 
-1.860000 	 -7.601861 
-1.850000 	 -7.587480 
-1.840000 	 -4.318947 
-1.830000 	 -6.291524 
-1.820000 	 -5.810359 
-1.810000 	 -7.386841 
-1.800000 	 -5.611120 
-1.790000 	 -3.471117 
-1.780000 	 -7.696492 
-1.770000 	 -3.346889 
-1.760000 	 -7.077133 
-1.750000 	 -6.948915 
-1.740000 	 -4.035380 
-1.730000 	 -2.545049 
-1.720000 	 -8.244683 
-1.710000 	 -4.262329 
-1.700000 	 -4.134779 
-1.690000 	 -3.453240 
-1.680000 	 -5.812320 
-1.670000 	 -4.846213 
-1.660000 	 -6.577363 
-1.650000 	 -4.926005 
-1.640000 	 -5.358821 
-1.630000 	 -6.741806 
-1.620000 	 -4.910406 
-1.610000 	 -3.904363 
-1.600000 	 -4.944024 
-1.590000 	 -4.113070 
-1.580000 	 -3.943076 
-1.570000 	 -6.185852 
-1.560000 	 -4.350222 
-1.550000 	 -4.435424 
-1.540000 	 -5.046877 
-1.530000 	 -2.524498 
-1.520000 	 -4.857085 
-1.510000 	 -5.241950 
-1.500000 	 -4.288312 
-1.490000 	 -3.265549 
-1.480000 	 -7.113050 
-1.470000 	 -3.414078 
-1.460000 	 -2.916064 
-1.450000 	 -1.219154 
-1.440000 	 -2.578108 
-1.430000 	 -3.885311 
-1.420000 	 -4.429761 
-1.410000 	 -2.590484 
-1.400000 	 -4.018024 
-1.390000 	 -3.993596 
-1.380000 	 -4.226399 
-1.370000 	 -4.249882 
-1.360000 	 -1.445971 
-1.350000 	 -3.977062 
-1.340000 	 -3.162419 
-1.330000 	 -0.920081 
-1.320000 	 -4.929986 
-1.310000 	 -3.159782 
-1.300000 	 -3.680396 
-1.290000 	 -4.958671 
-1.280000 	 -4.425445 
-1.270000 	 -0.092893 
-1.260000 	 0.563154 
-1.250000 	 -6.317303 
-1.240000 	 -3.860662 
-1.230000 	 -4.971018 
-1.220000 	 -3.583339 
-1.210000 	 -1.912025 
-1.200000 	 -5.521093 
-1.190000 	 -2.629530 
-1.180000 	 -4.257722 
-1.170000 	 -4.555780 
-1.160000 	 -4.284693 
-1.150000 	 -0.787098 
-1.140000 	 -1.025404 
-1.130000 	 0.285238 
-1.120000 	 -2.328727 
-1.110000 	 -3.076235 
-1.100000 	 0.346463 
-1.090000 	 -2.644718 
-1.080000 	 -5.903774 
-1.070000 	 -3.562541 
-1.060000 	 -1.196570 
-1.050000 	 -2.540902 
-1.040000 	 -4.532656 
-1.030000 	 -3.782829 
-1.020000 	 -1.655705 
-1.010000 	 -1.840329 
-1.000000 	 -0.752430 
-0.990000 	 -3.343913 
-0.980000 	 -4.618086 
-0.970000 	 -3.623711 
-0.960000 	 -1.624914 
-0.950000 	 -1.773592 
-0.940000 	 -3.402388 
-0.930000 	 -0.637075 
-0.920000 	 -0.658142 
-0.910000 	 -3.293882 
-0.900000 	 -1.700201 
-0.890000 	 -1.420598 
-0.880000 	 -2.735017 
-0.870000 	 1.098591 
-0.860000 	 -2.770531 
-0.850000 	 -4.257799 
-0.840000 	 -4.375808 
-0.830000 	 -2.592254 
-0.820000 	 -3.376060 
-0.810000 	 0.502788 
-0.800000 	 -1.804545 
-0.790000 	 0.341606 
-0.780000 	 -0.753915 
-0.770000 	 -1.281887 
-0.760000 	 -1.963239 
-0.750000 	 -2.783880 
-0.740000 	 0.251376 
-0.730000 	 -5.005313 
-0.720000 	 -1.535034 
-0.710000 	 0.056441 
-0.700000 	 -3.253495 
-0.690000 	 0.776915 
-0.680000 	 -1.361463 
-0.670000 	 -2.771738 
-0.660000 	 -1.469812 
-0.650000 	 -0.945149 
-0.640000 	 -3.600739 
-0.630000 	 -1.325350 
-0.620000 	 -2.174662 
-0.610000 	 -1.651203 
-0.600000 	 0.234360 
-0.590000 	 -0.483799 
-0.580000 	 -0.587707 
-0.570000 	 -0.493595 
-0.560000 	 0.098181 
-0.550000 	 -0.507532 
-0.540000 	 -2.285803 
-0.530000 	 3.770982 
-0.520000 	 -0.181511 
-0.510000 	 -1.165272 
-0.500000 	 -1.820893 
-0.490000 	 -1.136886 
-0.480000 	 3.983213 
-0.470000 	 -0.929524 
-0.460000 	 -0.895525 
-0.450000 	 -1.029597 
-0.440000 	 0.020554 
-0.430000 	 -2.095503 
-0.420000 	 -1.199603 
-0.410000 	 0.795074 
-0.400000 	 -0.137621 
-0.390000 	 0.962043 
-0.380000 	 -1.434835 
-0.370000 	 -2.679889 
-0.360000 	 -2.331109 
-0.350000 	 -0.126604 
-0.340000 	 0.579662 
-0.330000 	 -0.988983 
-0.320000 	 3.187398 
-0.310000 	 -2.461989 
-0.300000 	 -1.525758 
-0.290000 	 0.549784 
-0.280000 	 2.880440 
-0.270000 	 -2.023630 
-0.260000 	 -1.537549 
-0.250000 	 0.560792 
-0.240000 	 1.194971 
-0.230000 	 -2.754441 
-0.220000 	 -1.561854 
-0.210000 	 2.998353 
-0.200000 	 -0.995409 
-0.190000 	 -0.774670 
-0.180000 	 -0.914816 
-0.170000 	 -1.105500 
-0.160000 	 1.033235 
-0.150000 	 -0.401539 
-0.140000 	 2.519059 
-0.130000 	 -0.876487 
-0.120000 	 -0.364365 
-0.110000 	 -1.143626 
-0.100000 	 -0.393053 
-0.090000 	 -0.308894 
-0.080000 	 -0.503861 
-0.070000 	 -1.944157 
-0.060000 	 1.126014 
-0.050000 	 -0.780773 
-0.040000 	 2.559591 
-0.030000 	 -0.447884 
-0.020000 	 -1.127701 
-0.010000 	 -1.702456 
0.000000 	 -1.862593 
0.010000 	 0.478551 
0.020000 	 -0.761706 
0.030000 	 -4.429838 
0.040000 	 -0.667948 
0.050000 	 -2.172498 
0.060000 	 -2.657123 
0.070000 	 -0.866203 
0.080000 	 -0.282231 
0.090000 	 0.996201 
0.100000 	 -0.526808 
0.110000 	 -2.229426 
0.120000 	 1.164638 
0.130000 	 -1.065269 
0.140000 	 0.944357 
0.150000 	 0.049152 
0.160000 	 4.603474 
0.170000 	 0.506271 
0.180000 	 -0.281917 
0.190000 	 -1.500727 
0.200000 	 2.809141 
0.210000 	 -2.045712 
0.220000 	 2.099457 
0.230000 	 0.139218 
0.240000 	 1.877339 
0.250000 	 -1.360333 
0.260000 	 -0.270225 
0.270000 	 -3.514769 
0.280000 	 -0.963202 
0.290000 	 -1.523157 
0.300000 	 0.861438 
0.310000 	 1.233571 
0.320000 	 2.430883 
0.330000 	 0.746313 
0.340000 	 -0.263241 
0.350000 	 -0.929229 
0.360000 	 -1.883293 
0.370000 	 -0.978228 
0.380000 	 2.485087 
0.390000 	 3.723749 
0.400000 	 -0.353861 
0.410000 	 1.217794 
0.420000 	 -1.784151 
0.430000 	 0.965351 
0.440000 	 3.288171 
0.450000 	 0.608162 
0.460000 	 -1.297703 
0.470000 	 0.834161 
0.480000 	 -1.600148 
0.490000 	 0.199137 
0.500000 	 -0.288156 
0.510000 	 0.066720 
0.520000 	 -0.696091 
0.530000 	 1.265840 
0.540000 	 2.439933 
0.550000 	 -0.929396 
0.560000 	 -0.430234 
0.570000 	 -1.743971 
0.580000 	 0.115654 
0.590000 	 -3.467018 
0.600000 	 -2.667531 
0.610000 	 0.261472 
0.620000 	 0.346651 
0.630000 	 -1.006676 
0.640000 	 1.968321 
0.650000 	 1.024507 
0.660000 	 0.069873 
0.670000 	 -2.449097 
0.680000 	 1.321373 
0.690000 	 0.906060 
0.700000 	 -0.361740 
0.710000 	 0.409065 
0.720000 	 -4.552291 
0.730000 	 0.845333 
0.740000 	 -0.512305 
0.750000 	 -0.797703 
0.760000 	 1.747470 
0.770000 	 -1.099003 
0.780000 	 -0.530262 
0.790000 	 0.851873 
0.800000 	 -1.522597 
0.810000 	 -1.650631 
0.820000 	 1.759599 
0.830000 	 -2.569907 
0.840000 	 -0.553727 
0.850000 	 0.100731 
0.860000 	 1.107188 
0.870000 	 -1.091498 
0.880000 	 1.879172 
0.890000 	 -2.606899 
0.900000 	 3.688401 
0.910000 	 -0.342277 
0.920000 	 0.420205 
0.930000 	 2.477128 
0.940000 	 0.486670 
0.950000 	 0.314759 
0.960000 	 -0.438861 
0.970000 	 -0.181448 
0.980000 	 1.274657 
0.990000 	 -0.069675 
1.000000 	 -1.346956 
1.010000 	 0.252359 
1.020000 	 0.563446 
1.030000 	 0.148250 
1.040000 	 0.937296 
1.050000 	 2.660399 
1.060000 	 2.491160 
1.070000 	 1.536646 
1.080000 	 -1.981394 
1.090000 	 0.074869 
1.100000 	 -1.163083 
1.110000 	 0.996657 
1.120000 	 -0.129674 
1.130000 	 0.717961 
1.140000 	 -1.836601 
1.150000 	 0.702992 
1.160000 	 2.138462 
1.170000 	 0.490573 
1.180000 	 0.200828 
1.190000 	 1.214962 
1.200000 	 1.583363 
1.210000 	 1.805286 
1.220000 	 1.494257 
1.230000 	 -0.359160 
1.240000 	 1.157129 
1.250000 	 0.451191 
1.260000 	 0.997503 
1.270000 	 3.256560 
1.280000 	 -2.777055 
1.290000 	 -0.066039 
1.300000 	 -1.074849 
1.310000 	 1.616646 
1.320000 	 -2.415620 
1.330000 	 1.194764 
1.340000 	 0.949708 
1.350000 	 -0.352069 
1.360000 	 3.448198 
1.370000 	 -4.038641 
1.380000 	 0.626606 
1.390000 	 3.898558 
1.400000 	 -1.537038 
1.410000 	 -0.015483 
1.420000 	 0.839333 
1.430000 	 1.041012 
1.440000 	 0.030458 
1.450000 	 2.812068 
1.460000 	 1.737384 
1.470000 	 -0.187543 
1.480000 	 -1.766129 
1.490000 	 -0.320037 
1.500000 	 -0.552751 
1.510000 	 0.038790 
1.520000 	 -0.417939 
1.530000 	 0.292160 
1.540000 	 -1.879282 
1.550000 	 -0.705985 
1.560000 	 0.113707 
1.570000 	 1.490436 
1.580000 	 2.821154 
1.590000 	 1.275831 
1.600000 	 6.390198 
1.610000 	 2.734526 
1.620000 	 2.241565 
1.630000 	 -1.170364 
1.640000 	 1.424048 
1.650000 	 1.560420 
1.660000 	 0.301874 
1.670000 	 2.300651 
1.680000 	 2.379979 
1.690000 	 -0.621996 
1.700000 	 3.058076 
1.710000 	 2.055530 
1.720000 	 2.689639 
1.730000 	 1.547609 
1.740000 	 2.870438 
1.750000 	 3.744854 
1.760000 	 -0.114283 
1.770000 	 2.407001 
1.780000 	 1.125534 
1.790000 	 4.037570 
1.800000 	 2.829169 
1.810000 	 4.958292 
1.820000 	 1.687671 
1.830000 	 1.106484 
1.840000 	 2.510059 
1.850000 	 3.411584 
1.860000 	 1.528074 
1.870000 	 3.647739 
1.880000 	 1.816021 
1.890000 	 0.301775 
1.900000 	 1.269315 
1.910000 	 2.440283 
1.920000 	 0.931857 
1.930000 	 2.206858 
1.940000 	 0.924084 
1.950000 	 2.363495 
1.960000 	 2.000844 
1.970000 	 2.116899 
1.980000 	 3.595146 
1.990000 	 4.061008 
2.000000 	 1.560826 
2.010000 	 0.615720 
2.020000 	 1.493550 
2.030000 	 0.672990 
2.040000 	 0.315443 
2.050000 	 2.839724 
2.060000 	 4.875299 
2.070000 	 1.534495 
2.080000 	 2.480296 
2.090000 	 7.017563 
2.100000 	 4.297717 
2.110000 	 4.366616 
2.120000 	 5.040472 
2.130000 	 4.445107 
2.140000 	 4.503167 
2.150000 	 1.676687 
2.160000 	 3.626395 
2.170000 	 0.107747 
2.180000 	 2.639563 
2.190000 	 2.011950 
2.200000 	 2.597366 
2.210000 	 5.541816 
2.220000 	 6.059729 
2.230000 	 4.574791 
2.240000 	 3.672004 
2.250000 	 3.587812 
2.260000 	 5.611475 
2.270000 	 6.682900 
2.280000 	 4.627524 
2.290000 	 2.405967 
2.300000 	 4.610988 
2.310000 	 5.441449 
2.320000 	 4.609851 
2.330000 	 4.904353 
2.340000 	 2.392115 
2.350000 	 4.424065 
2.360000 	 2.677526 
2.370000 	 5.025099 
2.380000 	 3.558192 
2.390000 	 3.205187 
2.400000 	 4.762920 
2.410000 	 2.317855 
2.420000 	 5.310640 
2.430000 	 6.963789 
2.440000 	 3.444795 
2.450000 	 3.631898 
2.460000 	 5.090279 
2.470000 	 1.763816 
2.480000 	 4.906926 
2.490000 	 7.099406 
2.500000 	 5.075844 
2.510000 	 5.049297 
2.520000 	 4.458253 
2.530000 	 4.576586 
2.540000 	 2.188696 
2.550000 	 6.272389 
2.560000 	 7.059278 
2.570000 	 5.498798 
2.580000 	 3.462066 
2.590000 	 6.968591 
2.600000 	 6.493109 
2.610000 	 4.093463 
2.620000 	 6.163097 
2.630000 	 7.803282 
2.640000 	 7.016636 
2.650000 	 6.914652 
2.660000 	 7.237605 
2.670000 	 9.069444 
2.680000 	 4.354645 
2.690000 	 7.428854 
2.700000 	 7.932048 
2.710000 	 5.013888 
2.720000 	 6.482660 
2.730000 	 9.841108 
2.740000 	 5.459899 
2.750000 	 6.831516 
2.760000 	 6.036925 
2.770000 	 6.569791 
2.780000 	 6.993111 
2.790000 	 6.570220 
2.800000 	 5.093940 
2.810000 	 7.563001 
2.820000 	 6.889937 
2.830000 	 10.886346 
2.840000 	 5.301017 
2.850000 	 6.930889 
2.860000 	 8.489576 
2.870000 	 6.984550 
2.880000 	 7.960730 
2.890000 	 6.747775 
2.900000 	 10.285123 
2.910000 	 7.984976 
2.920000 	 7.575292 
2.930000 	 8.871309 
2.940000 	 12.028279 
2.950000 	 8.414901 
2.960000 	 13.142561 
2.970000 	 9.284193 
2.980000 	 8.969678 
2.990000 	 10.634054 
3.000000 	 9.001566 
3.010000 	 9.044457 
3.020000 	 11.193451 
3.030000 	 12.403531 
3.040000 	 10.631793 
3.050000 	 10.586504 
3.060000 	 12.285244 
3.070000 	 11.992975 
3.080000 	 10.751179 
3.090000 	 10.965607 
3.100000 	 12.208590 
3.110000 	 10.470229 
3.120000 	 13.226636 
3.130000 	 12.911793 
3.140000 	 11.420479 
3.150000 	 13.731782 
3.160000 	 13.224544 
3.170000 	 12.876133 
3.180000 	 9.880027 
3.190000 	 11.414965 
3.200000 	 8.610627 
3.210000 	 16.058036 
3.220000 	 12.590939 
3.230000 	 14.832462 
3.240000 	 12.987543 
3.250000 	 13.717593 
3.260000 	 14.281015 
3.270000 	 14.877719 
3.280000 	 15.569750 
3.290000 	 15.423037 
3.300000 	 17.695946 
3.310000 	 17.049908 
3.320000 	 18.424897 
3.330000 	 17.964518 
3.340000 	 16.759799 
3.350000 	 14.656122 
3.360000 	 13.991718 
3.370000 	 14.905584 
3.380000 	 17.662447 
3.390000 	 15.569965 
3.400000 	 17.604048 
3.410000 	 17.132124 
3.420000 	 19.950166 
3.430000 	 15.950732 
3.440000 	 16.220402 
3.450000 	 17.337011 
3.460000 	 19.091774 
3.470000 	 19.363906 
3.480000 	 21.509471 
3.490000 	 20.873437 
3.500000 	 16.466330 
3.510000 	 18.450592 
3.520000 	 17.521675 
3.530000 	 17.850197 
3.540000 	 17.968891 
3.550000 	 20.874199 
3.560000 	 23.849187 
3.570000 	 22.046831 
3.580000 	 21.583977 
3.590000 	 16.259926 
3.600000 	 21.587379 
3.610000 	 18.737205 
3.620000 	 23.951124 
3.630000 	 21.978530 
3.640000 	 22.846390 
3.650000 	 19.066228 
3.660000 	 23.642215 
3.670000 	 24.539898 
3.680000 	 21.755409 
3.690000 	 23.447819 
3.700000 	 25.622686 
3.710000 	 23.158248 
3.720000 	 23.660646 
3.730000 	 24.704934 
3.740000 	 23.824016 
3.750000 	 28.025623 
3.760000 	 25.421636 
3.770000 	 24.503369 
3.780000 	 26.097262 
3.790000 	 26.763708 
3.800000 	 27.573059 
3.810000 	 29.166310 
3.820000 	 28.705591 
3.830000 	 25.344188 
3.840000 	 25.292052 
3.850000 	 27.180825 
3.860000 	 27.853375 
3.870000 	 28.145941 
3.880000 	 31.608135 
3.890000 	 31.470105 
3.900000 	 30.485659 
3.910000 	 32.779531 
3.920000 	 31.237126 
3.930000 	 28.724447 
3.940000 	 31.251106 
3.950000 	 29.152228 
3.960000 	 31.963575 
3.970000 	 32.464087 
3.980000 	 33.098746 
3.990000 	 30.725079 
4.000000 	 32.712585 
