-3.000000 	 -15.380683 
-2.990000 	 -10.128158 
-2.980000 	 -11.980587 
-2.970000 	 -9.576681 
-2.960000 	 -11.413613 
-2.950000 	 -11.530369 
-2.940000 	 -10.763668 
-2.930000 	 -12.016020 
-2.920000 	 -11.748909 
-2.910000 	 -11.148909 
-2.900000 	 -12.782755 
-2.890000 	 -14.732988 
-2.880000 	 -9.331299 
-2.870000 	 -12.535734 
-2.860000 	 -11.944322 
-2.850000 	 -9.162785 
-2.840000 	 -11.524567 
-2.830000 	 -11.466032 
-2.820000 	 -9.638255 
-2.810000 	 -10.252406 
-2.800000 	 -10.244349 
-2.790000 	 -10.842133 
-2.780000 	 -12.447710 
-2.770000 	 -8.135433 
-2.760000 	 -9.803774 
-2.750000 	 -9.340931 
-2.740000 	 -10.011217 
-2.730000 	 -10.405457 
-2.720000 	 -9.835374 
-2.710000 	 -7.520274 
-2.700000 	 -10.375463 
-2.690000 	 -12.543886 
-2.680000 	 -10.722397 
-2.670000 	 -10.604136 
-2.660000 	 -10.984346 
-2.650000 	 -10.724870 
-2.640000 	 -7.412181 
-2.630000 	 -8.397629 
-2.620000 	 -12.549066 
-2.610000 	 -12.095907 
-2.600000 	 -8.702770 
-2.590000 	 -9.250694 
-2.580000 	 -9.624432 
-2.570000 	 -13.199937 
-2.560000 	 -8.485910 
-2.550000 	 -10.626966 
-2.540000 	 -11.160054 
-2.530000 	 -9.347311 
-2.520000 	 -11.483070 
-2.510000 	 -8.513959 
-2.500000 	 -8.962905 
-2.490000 	 -11.260552 
-2.480000 	 -7.928791 
-2.470000 	 -7.050333 
-2.460000 	 -8.839027 
-2.450000 	 -9.254684 
-2.440000 	 -8.025436 
-2.430000 	 -10.371768 
-2.420000 	 -8.310550 
-2.410000 	 -11.570214 
-2.400000 	 -8.447564 
-2.390000 	 -9.067550 
-2.380000 	 -8.262123 
-2.370000 	 -10.092627 
-2.360000 	 -9.597737 
-2.350000 	 -7.817529 
-2.340000 	 -9.713778 
-2.330000 	 -10.260332 
-2.320000 	 -10.050446 
-2.310000 	 -6.933345 
-2.300000 	 -6.520798 
-2.290000 	 -7.181206 
-2.280000 	 -7.713848 
-2.270000 	 -7.513741 
-2.260000 	 -8.052977 
-2.250000 	 -8.371028 
-2.240000 	 -7.415940 
-2.230000 	 -7.219868 
-2.220000 	 -7.431532 
-2.210000 	 -6.353059 
-2.200000 	 -6.471214 
-2.190000 	 -9.772029 
-2.180000 	 -8.015888 
-2.170000 	 -7.705547 
-2.160000 	 -10.175872 
-2.150000 	 -6.816178 
-2.140000 	 -6.910094 
-2.130000 	 -9.099543 
-2.120000 	 -6.348869 
-2.110000 	 -6.966858 
-2.100000 	 -8.824758 
-2.090000 	 -8.617845 
-2.080000 	 -5.956068 
-2.070000 	 -7.489188 
-2.060000 	 -4.790779 
-2.050000 	 -9.585822 
-2.040000 	 -7.164184 
-2.030000 	 -7.009804 
-2.020000 	 -4.435846 
-2.010000 	 -4.445793 
-2.000000 	 -3.551097 
-1.990000 	 -7.035157 
-1.980000 	 -4.674330 
-1.970000 	 -5.870486 
-1.960000 	 -4.187362 
-1.950000 	 -7.514544 
-1.940000 	 -5.601535 
-1.930000 	 -5.151630 
-1.920000 	 -6.657437 
-1.910000 	 -5.748732 
-1.900000 	 -5.066155 
-1.890000 	 -4.756325 
-1.880000 	 -4.653841 
-1.870000 	 -6.791001 
-1.860000 	 -3.768339 
-1.850000 	 -5.499111 
-1.840000 	 -6.755113 
-1.830000 	 -5.063760 
-1.820000 	 -8.506145 
-1.810000 	 -7.611801 
-1.800000 	 -3.474446 
-1.790000 	 -5.553341 
-1.780000 	 -8.578123 
-1.770000 	 -6.223722 
-1.760000 	 -4.719417 
-1.750000 	 -7.327372 
-1.740000 	 -7.071478 
-1.730000 	 -5.022220 
-1.720000 	 -5.718143 
-1.710000 	 -4.452785 
-1.700000 	 -6.459491 
-1.690000 	 -2.801150 
-1.680000 	 -5.415135 
-1.670000 	 -6.931988 
-1.660000 	 -5.416467 
-1.650000 	 -5.006634 
-1.640000 	 -8.009483 
-1.630000 	 -3.598821 
-1.620000 	 -3.030272 
-1.610000 	 -3.689900 
-1.600000 	 -5.833494 
-1.590000 	 -4.013148 
-1.580000 	 -4.308884 
-1.570000 	 -3.969321 
-1.560000 	 -4.336240 
-1.550000 	 -6.877308 
-1.540000 	 -6.433929 
-1.530000 	 -6.983110 
-1.520000 	 -2.100775 
-1.510000 	 -4.426601 
-1.500000 	 -5.411247 
-1.490000 	 -3.751256 
-1.480000 	 -4.487670 
-1.470000 	 -5.291728 
-1.460000 	 -2.808024 
-1.450000 	 -3.461484 
-1.440000 	 -4.414634 
-1.430000 	 -4.821104 
-1.420000 	 -4.124266 
-1.410000 	 -2.889148 
-1.400000 	 -5.167989 
-1.390000 	 -4.555372 
-1.380000 	 -2.467597 
-1.370000 	 -4.701568 
-1.360000 	 -5.502294 
-1.350000 	 -5.093726 
-1.340000 	 -2.568282 
-1.330000 	 -2.694308 
-1.320000 	 -1.830569 
-1.310000 	 -1.005036 
-1.300000 	 -4.437219 
-1.290000 	 -5.738230 
-1.280000 	 -5.870996 
-1.270000 	 -5.196224 
-1.260000 	 -1.984852 
-1.250000 	 2.382828 
-1.240000 	 -3.557554 
-1.230000 	 -5.421968 
-1.220000 	 -3.769726 
-1.210000 	 -4.409728 
-1.200000 	 2.966899 
-1.190000 	 -5.920579 
-1.180000 	 -3.497416 
-1.170000 	 -2.446688 
-1.160000 	 -2.215567 
-1.150000 	 -3.989087 
-1.140000 	 -1.931690 
-1.130000 	 -2.980403 
-1.120000 	 -5.744975 
-1.110000 	 -1.083245 
-1.100000 	 34.000000 
-1.090000 	 -4.206166 
-1.080000 	 -1.294221 
-1.070000 	 -0.155040 
-1.060000 	 -2.928141 
-1.050000 	 -1.203672 
-1.040000 	 -0.992273 
-1.030000 	 -2.962326 
-1.020000 	 -3.334929 
-1.010000 	 -0.783931 
-1.000000 	 -1.334359 
-0.990000 	 -5.204941 
-0.980000 	 -1.688627 
-0.970000 	 -3.365477 
-0.960000 	 -5.378273 
-0.950000 	 -1.425215 
-0.940000 	 -0.107441 
-0.930000 	 -1.282611 
-0.920000 	 -2.477396 
-0.910000 	 -3.224238 
-0.900000 	 -4.583944 
-0.890000 	 -0.428743 
-0.880000 	 -3.516489 
-0.870000 	 -3.463871 
-0.860000 	 -2.823951 
-0.850000 	 0.625748 
-0.840000 	 -0.468743 
-0.830000 	 -1.769226 
-0.820000 	 0.415840 
-0.810000 	 -1.301725 
-0.800000 	 0.505884 
-0.790000 	 -2.492964 
-0.780000 	 0.395067 
-0.770000 	 -4.401186 
-0.760000 	 -1.899502 
-0.750000 	 -2.182335 
-0.740000 	 -0.926315 
-0.730000 	 0.787841 
-0.720000 	 -1.251820 
-0.710000 	 -1.852062 
-0.700000 	 -1.355517 
-0.690000 	 -3.879137 
-0.680000 	 0.936550 
-0.670000 	 -1.605650 
-0.660000 	 -0.969080 
-0.650000 	 0.598450 
-0.640000 	 -1.266582 
-0.630000 	 -0.068107 
-0.620000 	 0.578436 
-0.610000 	 -2.553160 
-0.600000 	 -3.031505 
-0.590000 	 1.573075 
-0.580000 	 0.468637 
-0.570000 	 2.367127 
-0.560000 	 -1.515671 
-0.550000 	 -1.840986 
-0.540000 	 0.328232 
-0.530000 	 -2.002395 
-0.520000 	 -0.087209 
-0.510000 	 0.303523 
-0.500000 	 -2.184327 
-0.490000 	 -0.318357 
-0.480000 	 -2.901406 
-0.470000 	 0.239396 
-0.460000 	 -0.571160 
-0.450000 	 -1.222985 
-0.440000 	 1.390009 
-0.430000 	 -1.598924 
-0.420000 	 1.446893 
-0.410000 	 -0.082620 
-0.400000 	 1.484275 
-0.390000 	 0.982604 
-0.380000 	 0.070484 
-0.370000 	 0.671718 
-0.360000 	 1.810756 
-0.350000 	 1.235591 
-0.340000 	 -2.187074 
-0.330000 	 0.614200 
-0.320000 	 -1.968715 
-0.310000 	 -1.758392 
-0.300000 	 -0.193465 
-0.290000 	 0.862365 
-0.280000 	 -0.889752 
-0.270000 	 -0.958875 
-0.260000 	 2.707902 
-0.250000 	 -1.580299 
-0.240000 	 -0.746025 
-0.230000 	 -0.025429 
-0.220000 	 0.843567 
-0.210000 	 -1.225243 
-0.200000 	 -1.131690 
-0.190000 	 -1.907693 
-0.180000 	 -2.721094 
-0.170000 	 -1.270359 
-0.160000 	 -0.156666 
-0.150000 	 -3.686085 
-0.140000 	 1.400272 
-0.130000 	 -1.673190 
-0.120000 	 -0.160125 
-0.110000 	 2.100912 
-0.100000 	 0.904944 
-0.090000 	 2.548861 
-0.080000 	 -1.920354 
-0.070000 	 -2.435001 
-0.060000 	 -0.656921 
-0.050000 	 1.045062 
-0.040000 	 -0.851844 
-0.030000 	 -0.855029 
-0.020000 	 0.174028 
-0.010000 	 2.929797 
0.000000 	 -0.118562 
0.010000 	 -0.018524 
0.020000 	 0.700336 
0.030000 	 -2.434318 
0.040000 	 2.353883 
0.050000 	 -1.600246 
0.060000 	 -1.272513 
0.070000 	 3.709361 
0.080000 	 1.785031 
0.090000 	 -0.955678 
0.100000 	 2.855231 
0.110000 	 -0.219299 
0.120000 	 -0.332041 
0.130000 	 -1.929846 
0.140000 	 1.806447 
0.150000 	 0.792030 
0.160000 	 -2.132939 
0.170000 	 -0.052085 
0.180000 	 3.278382 
0.190000 	 1.251322 
0.200000 	 0.745094 
0.210000 	 0.195697 
0.220000 	 0.295138 
0.230000 	 -0.275299 
0.240000 	 -2.708121 
0.250000 	 -1.034445 
0.260000 	 2.438084 
0.270000 	 -0.049318 
0.280000 	 -1.130235 
0.290000 	 -1.147683 
0.300000 	 1.147991 
0.310000 	 -0.328680 
0.320000 	 1.228008 
0.330000 	 0.079700 
0.340000 	 -0.846079 
0.350000 	 -0.488125 
0.360000 	 -2.241486 
0.370000 	 1.986116 
0.380000 	 -1.249480 
0.390000 	 -1.926885 
0.400000 	 0.042088 
0.410000 	 -0.993628 
0.420000 	 1.684077 
0.430000 	 1.443936 
0.440000 	 0.470160 
0.450000 	 1.445725 
0.460000 	 0.802982 
0.470000 	 1.091175 
0.480000 	 0.201441 
0.490000 	 1.235229 
0.500000 	 -1.122744 
0.510000 	 2.254918 
0.520000 	 -1.319727 
0.530000 	 -0.366988 
0.540000 	 2.033991 
0.550000 	 0.209030 
0.560000 	 0.300021 
0.570000 	 0.580091 
0.580000 	 0.013402 
0.590000 	 -0.788443 
0.600000 	 -1.436577 
0.610000 	 1.639942 
0.620000 	 -0.981304 
0.630000 	 0.028262 
0.640000 	 3.635947 
0.650000 	 2.287986 
0.660000 	 0.730751 
0.670000 	 -0.953013 
0.680000 	 -2.741273 
0.690000 	 0.847262 
0.700000 	 2.547390 
0.710000 	 0.926235 
0.720000 	 -0.592670 
0.730000 	 -1.436589 
0.740000 	 0.294389 
0.750000 	 1.757537 
0.760000 	 1.102400 
0.770000 	 1.811197 
0.780000 	 -0.208763 
0.790000 	 1.385072 
0.800000 	 -1.477417 
0.810000 	 1.433250 
0.820000 	 2.121643 
0.830000 	 3.976303 
0.840000 	 -3.522678 
0.850000 	 2.454133 
0.860000 	 2.543369 
0.870000 	 -0.489146 
0.880000 	 1.905948 
0.890000 	 -1.324385 
0.900000 	 -1.195600 
0.910000 	 0.138677 
0.920000 	 0.254602 
0.930000 	 9.000000 
0.940000 	 2.496282 
0.950000 	 1.440716 
0.960000 	 0.148823 
0.970000 	 0.097729 
0.980000 	 0.645579 
0.990000 	 -0.833289 
1.000000 	 1.969407 
1.010000 	 2.639729 
1.020000 	 2.227664 
1.030000 	 -2.718315 
1.040000 	 0.695726 
1.050000 	 2.055690 
1.060000 	 -0.591367 
1.070000 	 0.509741 
1.080000 	 0.141459 
1.090000 	 -2.156027 
1.100000 	 -1.036061 
1.110000 	 -0.641343 
1.120000 	 0.806724 
1.130000 	 -0.009511 
1.140000 	 1.323993 
1.150000 	 0.997873 
1.160000 	 -1.541297 
1.170000 	 1.641102 
1.180000 	 0.571132 
1.190000 	 -0.430196 
1.200000 	 2.340716 
1.210000 	 2.454007 
1.220000 	 0.774344 
1.230000 	 -0.201823 
1.240000 	 2.248207 
1.250000 	 2.852823 
1.260000 	 0.813394 
1.270000 	 -3.902396 
1.280000 	 0.162507 
1.290000 	 -1.547411 
1.300000 	 0.067036 
1.310000 	 1.287581 
1.320000 	 -1.772673 
1.330000 	 0.592099 
1.340000 	 3.063814 
1.350000 	 1.911012 
1.360000 	 -1.416709 
1.370000 	 0.792123 
1.380000 	 0.991172 
1.390000 	 1.596191 
1.400000 	 2.892567 
1.410000 	 -1.878009 
1.420000 	 1.320498 
1.430000 	 3.309921 
1.440000 	 -1.486601 
1.450000 	 0.592894 
1.460000 	 3.518069 
1.470000 	 0.126740 
1.480000 	 5.485866 
1.490000 	 3.088570 
1.500000 	 0.416964 
1.510000 	 -0.373527 
1.520000 	 1.481021 
1.530000 	 0.260725 
1.540000 	 1.739467 
1.550000 	 1.586624 
1.560000 	 1.356919 
1.570000 	 0.869630 
1.580000 	 0.660939 
1.590000 	 0.232255 
1.600000 	 2.548269 
1.610000 	 -0.874635 
1.620000 	 0.568048 
1.630000 	 2.879937 
1.640000 	 2.102702 
1.650000 	 -1.751328 
1.660000 	 1.333558 
1.670000 	 1.695515 
1.680000 	 -0.589890 
1.690000 	 2.060914 
1.700000 	 3.845431 
1.710000 	 2.561577 
1.720000 	 -0.653307 
1.730000 	 2.443034 
1.740000 	 2.395761 
1.750000 	 1.230801 
1.760000 	 -0.227161 
1.770000 	 3.160805 
1.780000 	 1.286300 
1.790000 	 -1.969398 
1.800000 	 2.019897 
1.810000 	 2.221300 
1.820000 	 0.592262 
1.830000 	 2.217030 
1.840000 	 2.772953 
1.850000 	 1.688877 
1.860000 	 2.537148 
1.870000 	 1.891537 
1.880000 	 0.826797 
1.890000 	 4.075356 
1.900000 	 -0.235140 
1.910000 	 3.770763 
1.920000 	 1.370906 
1.930000 	 1.438892 
1.940000 	 1.350507 
1.950000 	 1.516690 
1.960000 	 1.324768 
1.970000 	 2.782946 
1.980000 	 1.204867 
1.990000 	 -0.682224 
2.000000 	 1.348764 
2.010000 	 -0.053901 
2.020000 	 3.528214 
2.030000 	 1.321280 
2.040000 	 2.405815 
2.050000 	 3.215242 
2.060000 	 3.091291 
2.070000 	 3.868334 
2.080000 	 1.877167 
2.090000 	 2.013127 
2.100000 	 4.589603 
2.110000 	 0.399022 
2.120000 	 0.532057 
2.130000 	 1.612558 
2.140000 	 3.939754 
2.150000 	 5.603945 
2.160000 	 3.446995 
2.170000 	 5.242121 
2.180000 	 3.850015 
2.190000 	 1.494609 
2.200000 	 3.003472 
2.210000 	 3.038247 
2.220000 	 2.496158 
2.230000 	 3.913090 
2.240000 	 2.574782 
2.250000 	 4.973891 
2.260000 	 6.391042 
2.270000 	 1.673600 
2.280000 	 3.005561 
2.290000 	 2.983943 
2.300000 	 5.485937 
2.310000 	 4.767927 
2.320000 	 1.990565 
2.330000 	 5.323280 
2.340000 	 2.426736 
2.350000 	 3.016285 
2.360000 	 4.175786 
2.370000 	 2.125010 
2.380000 	 5.879923 
2.390000 	 5.142718 
2.400000 	 7.442175 
2.410000 	 4.388332 
2.420000 	 3.784889 
2.430000 	 7.914476 
2.440000 	 6.517133 
2.450000 	 6.494440 
2.460000 	 5.735303 
2.470000 	 4.914835 
2.480000 	 5.934466 
2.490000 	 8.886757 
2.500000 	 4.367083 
2.510000 	 3.847169 
2.520000 	 3.784498 
2.530000 	 6.338579 
2.540000 	 4.372873 
2.550000 	 5.829824 
2.560000 	 3.656846 
2.570000 	 2.789896 
2.580000 	 6.410095 
2.590000 	 4.271529 
2.600000 	 5.292462 
2.610000 	 8.940377 
2.620000 	 8.786703 
2.630000 	 5.767323 
2.640000 	 6.666858 
2.650000 	 7.161904 
2.660000 	 4.421848 
2.670000 	 7.886101 
2.680000 	 8.871671 
2.690000 	 5.528924 
2.700000 	 7.315068 
2.710000 	 9.031195 
2.720000 	 4.161952 
2.730000 	 5.211333 
2.740000 	 6.470016 
2.750000 	 8.955377 
2.760000 	 7.476153 
2.770000 	 9.441640 
2.780000 	 7.566532 
2.790000 	 9.292281 
2.800000 	 10.758360 
2.810000 	 8.376893 
2.820000 	 9.848811 
2.830000 	 8.383939 
2.840000 	 8.794163 
2.850000 	 8.139480 
2.860000 	 8.385355 
2.870000 	 11.951711 
2.880000 	 8.174091 
2.890000 	 9.900989 
2.900000 	 8.586076 
2.910000 	 11.200502 
2.920000 	 8.497209 
2.930000 	 8.154768 
2.940000 	 9.229524 
2.950000 	 9.230618 
2.960000 	 11.143652 
2.970000 	 11.291809 
2.980000 	 9.306931 
2.990000 	 8.827495 
3.000000 	 9.069259 
3.010000 	 11.598264 
3.020000 	 9.916825 
3.030000 	 10.996796 
3.040000 	 12.828747 
3.050000 	 10.826684 
3.060000 	 9.325791 
3.070000 	 10.897212 
3.080000 	 11.527532 
3.090000 	 11.441019 
3.100000 	 11.656494 
3.110000 	 12.234030 
3.120000 	 11.590113 
3.130000 	 13.273312 
3.140000 	 12.095073 
3.150000 	 14.017082 
3.160000 	 10.760599 
3.170000 	 10.037564 
3.180000 	 12.993601 
3.190000 	 14.064840 
3.200000 	 11.768402 
3.210000 	 10.508340 
3.220000 	 12.398190 
3.230000 	 14.534089 
3.240000 	 15.258709 
3.250000 	 14.203727 
3.260000 	 13.936048 
3.270000 	 12.699679 
3.280000 	 12.302842 
3.290000 	 10.931156 
3.300000 	 14.725886 
3.310000 	 15.476098 
3.320000 	 16.933833 
3.330000 	 13.757046 
3.340000 	 15.381392 
3.350000 	 16.090146 
3.360000 	 12.762828 
3.370000 	 13.465529 
3.380000 	 17.991756 
3.390000 	 19.871009 
3.400000 	 16.697274 
3.410000 	 15.319643 
3.420000 	 15.260550 
3.430000 	 18.357796 
3.440000 	 20.693653 
3.450000 	 17.265419 
3.460000 	 18.089366 
3.470000 	 17.924911 
3.480000 	 18.599649 
3.490000 	 18.722074 
3.500000 	 22.519330 
3.510000 	 20.646432 
3.520000 	 21.173975 
3.530000 	 15.440945 
3.540000 	 16.225971 
3.550000 	 20.610422 
3.560000 	 23.458330 
3.570000 	 21.060464 
3.580000 	 18.048853 
3.590000 	 21.015737 
3.600000 	 23.027335 
3.610000 	 19.744839 
3.620000 	 23.863768 
3.630000 	 22.623124 
3.640000 	 21.190997 
3.650000 	 22.486050 
3.660000 	 23.965778 
3.670000 	 25.459976 
3.680000 	 22.986084 
3.690000 	 22.870351 
3.700000 	 22.573030 
3.710000 	 26.898869 
3.720000 	 23.969432 
3.730000 	 23.430924 
3.740000 	 24.505306 
3.750000 	 26.415988 
3.760000 	 27.595607 
3.770000 	 24.586401 
3.780000 	 23.610268 
3.790000 	 28.201772 
3.800000 	 23.028461 
3.810000 	 27.710966 
3.820000 	 28.262566 
3.830000 	 25.815916 
3.840000 	 27.847792 
3.850000 	 27.449525 
3.860000 	 26.937807 
3.870000 	 30.257516 
3.880000 	 28.288613 
3.890000 	 30.919938 
3.900000 	 31.448847 
3.910000 	 32.354193 
3.920000 	 29.922058 
3.930000 	 31.322066 
3.940000 	 32.928386 
3.950000 	 28.370961 
3.960000 	 32.216303 
3.970000 	 33.109336 
3.980000 	 32.401928 
3.990000 	 33.438047 
4.000000 	 34.641013 
