-3.000000 	 -12.352032 
-2.990000 	 -12.473257 
-2.980000 	 -8.506214 
-2.970000 	 -12.885201 
-2.960000 	 -11.667608 
-2.950000 	 -13.637095 
-2.940000 	 -9.465602 
-2.930000 	 -12.109975 
-2.920000 	 -12.744418 
-2.910000 	 -11.742127 
-2.900000 	 -13.129428 
-2.890000 	 -12.189279 
-2.880000 	 -11.200942 
-2.870000 	 -12.253847 
-2.860000 	 -10.075693 
-2.850000 	 -13.600981 
-2.840000 	 -14.130651 
-2.830000 	 -11.895710 
-2.820000 	 -10.300979 
-2.810000 	 -9.983271 
-2.800000 	 -12.438980 
-2.790000 	 -10.328014 
-2.780000 	 -12.411559 
-2.770000 	 -11.422296 
-2.760000 	 -9.562392 
-2.750000 	 -8.946708 
-2.740000 	 -9.124285 
-2.730000 	 -10.232898 
-2.720000 	 -10.922381 
-2.710000 	 -10.192919 
-2.700000 	 -10.682284 
-2.690000 	 -11.588726 
-2.680000 	 -11.703081 
-2.670000 	 -9.642240 
-2.660000 	 -8.781493 
-2.650000 	 -13.078666 
-2.640000 	 -10.200042 
-2.630000 	 -10.120940 
-2.620000 	 -8.363182 
-2.610000 	 -9.714089 
-2.600000 	 -8.832633 
-2.590000 	 -12.207755 
-2.580000 	 -8.143654 
-2.570000 	 -9.567042 
-2.560000 	 -11.213967 
-2.550000 	 -1.000000 
-2.540000 	 -10.769857 
-2.530000 	 -10.094209 
-2.520000 	 -11.149216 
-2.510000 	 -8.186760 
-2.500000 	 -8.826616 
-2.490000 	 -10.837987 
-2.480000 	 -7.501269 
-2.470000 	 -11.461215 
-2.460000 	 -8.930945 
-2.450000 	 -10.110527 
-2.440000 	 -8.208455 
-2.430000 	 -8.739074 
-2.420000 	 -8.170771 
-2.410000 	 -11.737404 
-2.400000 	 -10.085178 
-2.390000 	 -11.741701 
-2.380000 	 -11.103590 
-2.370000 	 -10.184496 
-2.360000 	 -10.481449 
-2.350000 	 -8.514990 
-2.340000 	 -8.119527 
-2.330000 	 -7.433108 
-2.320000 	 -10.940154 
-2.310000 	 -7.408645 
-2.300000 	 -12.966239 
-2.290000 	 -9.150016 
-2.280000 	 -8.574953 
-2.270000 	 -9.840110 
-2.260000 	 -7.460965 
-2.250000 	 -7.575782 
-2.240000 	 -6.413634 
-2.230000 	 -8.497991 
-2.220000 	 -7.442075 
-2.210000 	 -8.681983 
-2.200000 	 -7.695447 
-2.190000 	 -9.086342 
-2.180000 	 -5.681995 
-2.170000 	 -4.266593 
-2.160000 	 -4.002183 
-2.150000 	 -6.760666 
-2.140000 	 -6.695726 
-2.130000 	 -10.099060 
-2.120000 	 -7.485035 
-2.110000 	 -6.413898 
-2.100000 	 -8.749524 
-2.090000 	 -5.666795 
-2.080000 	 -6.431120 
-2.070000 	 29.000000 
-2.060000 	 -8.195568 
-2.050000 	 -8.771188 
-2.040000 	 -5.954027 
-2.030000 	 -8.438006 
-2.020000 	 -4.541440 
-2.010000 	 -7.787765 
-2.000000 	 -8.284621 
-1.990000 	 -5.120144 
-1.980000 	 -9.319994 
-1.970000 	 -5.940128 
-1.960000 	 -6.397340 
-1.950000 	 -4.830812 
-1.940000 	 -3.562960 
-1.930000 	 -4.971533 
-1.920000 	 -5.934588 
-1.910000 	 -8.243663 
-1.900000 	 -7.823843 
-1.890000 	 -9.376125 
-1.880000 	 -8.296403 
-1.870000 	 -5.603756 
-1.860000 	 -4.659152 
-1.850000 	 -4.696882 
-1.840000 	 -7.200505 
-1.830000 	 -6.035441 
-1.820000 	 -3.445383 
-1.810000 	 -3.955926 
-1.800000 	 -5.599794 
-1.790000 	 -7.016568 
-1.780000 	 -5.591514 
-1.770000 	 -3.955646 
-1.760000 	 -8.663748 
-1.750000 	 -7.421360 
-1.740000 	 -2.647119 
-1.730000 	 -5.329422 
-1.720000 	 -5.395563 
-1.710000 	 -4.849351 
-1.700000 	 -4.072546 
-1.690000 	 -4.532076 
-1.680000 	 -5.172916 
-1.670000 	 -1.580434 
-1.660000 	 -7.676930 
-1.650000 	 -2.745935 
-1.640000 	 -4.864668 
-1.630000 	 -5.829063 
-1.620000 	 -1.566826 
-1.610000 	 -4.188267 
-1.600000 	 -3.724837 
-1.590000 	 -4.686511 
-1.580000 	 -6.556035 
-1.570000 	 -5.337259 
-1.560000 	 -4.993180 
-1.550000 	 -6.855308 
-1.540000 	 -6.131886 
-1.530000 	 -5.004515 
-1.520000 	 -5.141394 
-1.510000 	 -5.092573 
-1.500000 	 -3.696646 
-1.490000 	 -1.132203 
-1.480000 	 -3.898453 
-1.470000 	 -4.251275 
-1.460000 	 -4.328039 
-1.450000 	 -3.567532 
-1.440000 	 -2.393247 
-1.430000 	 -3.254915 
-1.420000 	 -3.594301 
-1.410000 	 -4.966790 
-1.400000 	 -4.370113 
-1.390000 	 -6.214940 
-1.380000 	 -4.795140 
-1.370000 	 -0.292902 
-1.360000 	 -2.628100 
-1.350000 	 -2.824700 
-1.340000 	 -2.845741 
-1.330000 	 -2.385640 
-1.320000 	 -1.686213 
-1.310000 	 -1.126772 
-1.300000 	 -6.069363 
-1.290000 	 -1.384865 
-1.280000 	 -5.510689 
-1.270000 	 0.232476 
-1.260000 	 -3.476499 
-1.250000 	 -1.381596 
-1.240000 	 -3.157826 
-1.230000 	 -1.971193 
-1.220000 	 -2.855353 
-1.210000 	 -1.163717 
-1.200000 	 -2.705272 
-1.190000 	 -2.658017 
-1.180000 	 -2.660106 
-1.170000 	 -2.568891 
-1.160000 	 0.641148 
-1.150000 	 -2.961689 
-1.140000 	 -3.323722 
-1.130000 	 -2.563227 
-1.120000 	 -4.499471 
-1.110000 	 -1.118021 
-1.100000 	 -3.106694 
-1.090000 	 -1.872324 
-1.080000 	 -3.071771 
-1.070000 	 -2.958472 
-1.060000 	 -2.583436 
-1.050000 	 -2.744375 
-1.040000 	 -1.248324 
-1.030000 	 -1.239840 
-1.020000 	 -2.920507 
-1.010000 	 -4.908840 
-1.000000 	 -0.324997 
-0.990000 	 -4.517147 
-0.980000 	 -1.984333 
-0.970000 	 -5.041742 
-0.960000 	 0.422209 
-0.950000 	 -2.364036 
-0.940000 	 -4.629296 
-0.930000 	 0.609507 
-0.920000 	 0.853048 
-0.910000 	 -1.137805 
-0.900000 	 -0.814261 
-0.890000 	 -1.022314 
-0.880000 	 -0.109255 
-0.870000 	 -0.702173 
-0.860000 	 -0.734004 
-0.850000 	 -1.941561 
-0.840000 	 -4.250133 
-0.830000 	 -1.187034 
-0.820000 	 -2.369761 
-0.810000 	 -2.331053 
-0.800000 	 0.815504 
-0.790000 	 -0.606214 
-0.780000 	 -5.207863 
-0.770000 	 -1.620963 
-0.760000 	 -1.441882 
-0.750000 	 -4.541594 
-0.740000 	 2.135821 
-0.730000 	 -0.703884 
-0.720000 	 -2.383184 
-0.710000 	 -5.333707 
-0.700000 	 -1.652162 
-0.690000 	 1.437491 
-0.680000 	 1.300337 
-0.670000 	 -1.391029 
-0.660000 	 -0.274726 
-0.650000 	 -2.308011 
-0.640000 	 -4.437979 
-0.630000 	 -2.917782 
-0.620000 	 -1.436676 
-0.610000 	 -1.455056 
-0.600000 	 -3.013990 
-0.590000 	 0.798400 
-0.580000 	 -3.936311 
-0.570000 	 -1.402024 
-0.560000 	 -1.215595 
-0.550000 	 -0.637901 
-0.540000 	 -1.048467 
-0.530000 	 -0.563311 
-0.520000 	 -2.426479 
-0.510000 	 0.918426 
-0.500000 	 -1.296800 
-0.490000 	 0.891775 
-0.480000 	 -5.080056 
-0.470000 	 -0.416596 
-0.460000 	 5.759255 
-0.450000 	 -2.317885 
-0.440000 	 -3.874272 
-0.430000 	 -2.435150 
-0.420000 	 -1.439009 
-0.410000 	 -0.019233 
-0.400000 	 0.324164 
-0.390000 	 -0.059036 
-0.380000 	 -0.922125 
-0.370000 	 -0.238436 
-0.360000 	 0.490998 
-0.350000 	 0.488010 
-0.340000 	 -3.246042 
-0.330000 	 2.383566 
-0.320000 	 -1.145296 
-0.310000 	 1.992440 
-0.300000 	 2.348499 
-0.290000 	 -1.615977 
-0.280000 	 -3.434094 
-0.270000 	 -1.088879 
-0.260000 	 -0.995116 
-0.250000 	 -3.834136 
-0.240000 	 0.239986 
-0.230000 	 -0.536178 
-0.220000 	 1.886665 
-0.210000 	 2.063251 
-0.200000 	 -0.428044 
-0.190000 	 -2.620339 
-0.180000 	 0.543319 
-0.170000 	 0.568781 
-0.160000 	 -0.364585 
-0.150000 	 -2.897594 
-0.140000 	 0.557443 
-0.130000 	 -1.978609 
-0.120000 	 0.929945 
-0.110000 	 1.581192 
-0.100000 	 1.561961 
-0.090000 	 1.078570 
-0.080000 	 -0.501189 
-0.070000 	 -0.863252 
-0.060000 	 -0.694513 
-0.050000 	 0.685268 
-0.040000 	 3.500789 
-0.030000 	 0.726825 
-0.020000 	 -1.914502 
-0.010000 	 0.627367 
0.000000 	 -2.927154 
0.010000 	 -3.306823 
0.020000 	 2.441183 
0.030000 	 0.586049 
0.040000 	 -1.055931 
0.050000 	 0.551933 
0.060000 	 0.009966 
0.070000 	 -1.804250 
0.080000 	 0.577751 
0.090000 	 0.192370 
0.100000 	 0.677588 
0.110000 	 2.989645 
0.120000 	 -0.020074 
0.130000 	 1.606285 
0.140000 	 3.460662 
0.150000 	 1.331474 
0.160000 	 1.987842 
0.170000 	 -1.241309 
0.180000 	 -0.648254 
0.190000 	 1.940119 
0.200000 	 2.535556 
0.210000 	 0.751400 
0.220000 	 0.476624 
0.230000 	 1.701054 
0.240000 	 0.562310 
0.250000 	 3.271397 
0.260000 	 1.876726 
0.270000 	 -0.356806 
0.280000 	 1.895529 
0.290000 	 -1.980224 
0.300000 	 2.111461 
0.310000 	 -0.732292 
0.320000 	 2.116260 
0.330000 	 -1.815284 
0.340000 	 -2.299206 
0.350000 	 1.119193 
0.360000 	 0.270630 
0.370000 	 1.078741 
0.380000 	 -1.598366 
0.390000 	 0.794159 
0.400000 	 -1.235484 
0.410000 	 -0.103471 
0.420000 	 -0.077688 
0.430000 	 -0.502477 
0.440000 	 2.416167 
0.450000 	 2.166271 
0.460000 	 5.404686 
0.470000 	 -3.014012 
0.480000 	 -1.185517 
0.490000 	 -0.448153 
0.500000 	 -0.681791 
0.510000 	 0.327934 
0.520000 	 0.785857 
0.530000 	 -0.958886 
0.540000 	 -0.164486 
0.550000 	 4.038200 
0.560000 	 3.569025 
0.570000 	 -1.642027 
0.580000 	 4.107711 
0.590000 	 -2.303308 
0.600000 	 -0.806007 
0.610000 	 2.011276 
0.620000 	 -0.406874 
0.630000 	 1.126229 
0.640000 	 0.203434 
0.650000 	 0.369907 
0.660000 	 2.420461 
0.670000 	 2.859019 
0.680000 	 0.819495 
0.690000 	 2.868046 
0.700000 	 -0.630966 
0.710000 	 1.639485 
0.720000 	 -0.518137 
0.730000 	 -1.361435 
0.740000 	 -3.910978 
0.750000 	 -1.418348 
0.760000 	 -0.158063 
0.770000 	 0.295298 
0.780000 	 1.627710 
0.790000 	 -1.623246 
0.800000 	 -1.203940 
0.810000 	 0.005879 
0.820000 	 2.073988 
0.830000 	 2.297045 
0.840000 	 -0.991772 
0.850000 	 1.383846 
0.860000 	 3.766749 
0.870000 	 2.139556 
0.880000 	 -4.119296 
0.890000 	 -0.093892 
0.900000 	 -2.189738 
0.910000 	 1.560151 
0.920000 	 2.080920 
0.930000 	 1.672000 
0.940000 	 -0.073846 
0.950000 	 0.695351 
0.960000 	 -1.592710 
0.970000 	 -1.096073 
0.980000 	 -2.141525 
0.990000 	 1.062615 
1.000000 	 0.234930 
1.010000 	 1.757504 
1.020000 	 -0.028735 
1.030000 	 -1.146622 
1.040000 	 3.147327 
1.050000 	 1.729523 
1.060000 	 1.180110 
1.070000 	 0.351793 
1.080000 	 -0.852863 
1.090000 	 1.835278 
1.100000 	 -1.639230 
1.110000 	 -1.113765 
1.120000 	 1.383187 
1.130000 	 1.356968 
1.140000 	 -1.393014 
1.150000 	 0.553954 
1.160000 	 3.390342 
1.170000 	 -0.962518 
1.180000 	 -1.389433 
1.190000 	 2.032941 
1.200000 	 0.770131 
1.210000 	 -1.117543 
1.220000 	 0.035225 
1.230000 	 1.114471 
1.240000 	 1.278758 
1.250000 	 1.220256 
1.260000 	 -3.951019 
1.270000 	 3.403062 
1.280000 	 1.084555 
1.290000 	 2.393535 
1.300000 	 -3.210208 
1.310000 	 1.847167 
1.320000 	 -1.201536 
1.330000 	 0.136097 
1.340000 	 0.615005 
1.350000 	 -1.832752 
1.360000 	 -0.426594 
1.370000 	 0.373120 
1.380000 	 -2.280134 
1.390000 	 1.318981 
1.400000 	 0.582644 
1.410000 	 3.588929 
1.420000 	 -1.411783 
1.430000 	 -1.043769 
1.440000 	 0.837930 
1.450000 	 1.139708 
1.460000 	 3.266551 
1.470000 	 0.916157 
1.480000 	 1.903190 
1.490000 	 1.663220 
1.500000 	 4.953260 
1.510000 	 -1.219120 
1.520000 	 -1.690510 
1.530000 	 0.560178 
1.540000 	 1.307013 
1.550000 	 -0.021037 
1.560000 	 -0.494716 
1.570000 	 3.551876 
1.580000 	 -1.103726 
1.590000 	 1.170074 
1.600000 	 2.605267 
1.610000 	 1.689561 
1.620000 	 0.846273 
1.630000 	 -0.130292 
1.640000 	 1.382262 
1.650000 	 3.719418 
1.660000 	 0.628284 
1.670000 	 2.345735 
1.680000 	 2.260055 
1.690000 	 -0.080362 
1.700000 	 0.794801 
1.710000 	 -1.131736 
1.720000 	 -1.159261 
1.730000 	 3.072647 
1.740000 	 2.109652 
1.750000 	 3.358148 
1.760000 	 1.111311 
1.770000 	 1.656522 
1.780000 	 1.355772 
1.790000 	 -0.381437 
1.800000 	 0.978259 
1.810000 	 0.306109 
1.820000 	 3.633470 
1.830000 	 2.614421 
1.840000 	 0.815451 
1.850000 	 3.033630 
1.860000 	 -1.808556 
1.870000 	 2.062573 
1.880000 	 2.097331 
1.890000 	 0.527139 
1.900000 	 2.062778 
1.910000 	 3.604628 
1.920000 	 0.762105 
1.930000 	 -0.441526 
1.940000 	 1.224363 
1.950000 	 -0.115469 
1.960000 	 -0.029808 
1.970000 	 2.598238 
1.980000 	 1.191927 
1.990000 	 3.600099 
2.000000 	 4.426787 
2.010000 	 -1.076925 
2.020000 	 3.182619 
2.030000 	 2.773191 
2.040000 	 2.808012 
2.050000 	 3.887868 
2.060000 	 2.430804 
2.070000 	 3.670875 
2.080000 	 1.128956 
2.090000 	 1.425547 
2.100000 	 3.250332 
2.110000 	 3.332768 
2.120000 	 4.693826 
2.130000 	 2.041442 
2.140000 	 2.348006 
2.150000 	 2.321239 
2.160000 	 0.829455 
2.170000 	 3.169660 
2.180000 	 4.916048 
2.190000 	 1.288120 
2.200000 	 3.071579 
2.210000 	 4.891907 
2.220000 	 1.393704 
2.230000 	 3.092394 
2.240000 	 5.501252 
2.250000 	 2.625040 
2.260000 	 3.069832 
2.270000 	 2.713569 
2.280000 	 6.626143 
2.290000 	 1.532615 
2.300000 	 5.328616 
2.310000 	 1.805368 
2.320000 	 4.160063 
2.330000 	 2.922810 
2.340000 	 4.222240 
2.350000 	 3.303846 
2.360000 	 3.301527 
2.370000 	 5.150851 
2.380000 	 6.387536 
2.390000 	 4.310239 
2.400000 	 3.416770 
2.410000 	 4.152775 
2.420000 	 4.689132 
2.430000 	 6.603640 
2.440000 	 3.906882 
2.450000 	 4.769387 
2.460000 	 2.112780 
2.470000 	 4.480202 
2.480000 	 3.309216 
2.490000 	 3.061445 
2.500000 	 2.784900 
2.510000 	 3.342048 
2.520000 	 5.697202 
2.530000 	 4.245057 
2.540000 	 5.705358 
2.550000 	 3.916817 
2.560000 	 4.200123 
2.570000 	 1.867535 
2.580000 	 4.775571 
2.590000 	 5.294604 
2.600000 	 7.277487 
2.610000 	 7.558317 
2.620000 	 6.538587 
2.630000 	 6.982985 
2.640000 	 6.215756 
2.650000 	 7.499362 
2.660000 	 6.118729 
2.670000 	 4.440364 
2.680000 	 7.464226 
2.690000 	 5.554758 
2.700000 	 5.666228 
2.710000 	 5.146247 
2.720000 	 8.757750 
2.730000 	 6.679713 
2.740000 	 7.874716 
2.750000 	 10.438231 
2.760000 	 6.356748 
2.770000 	 4.399346 
2.780000 	 8.827725 
2.790000 	 8.464584 
2.800000 	 7.148507 
2.810000 	 10.933202 
2.820000 	 7.289840 
2.830000 	 9.691703 
2.840000 	 6.406032 
2.850000 	 5.514683 
2.860000 	 5.200094 
2.870000 	 10.363578 
2.880000 	 9.289501 
2.890000 	 8.136571 
2.900000 	 8.837955 
2.910000 	 7.380025 
2.920000 	 12.065573 
2.930000 	 8.888475 
2.940000 	 7.565460 
2.950000 	 9.820614 
2.960000 	 11.182306 
2.970000 	 6.280917 
2.980000 	 8.537820 
2.990000 	 9.587921 
3.000000 	 13.978705 
3.010000 	 8.466959 
3.020000 	 12.677307 
3.030000 	 9.530219 
3.040000 	 10.658375 
3.050000 	 11.438091 
3.060000 	 10.877804 
3.070000 	 10.688910 
3.080000 	 10.148303 
3.090000 	 12.969374 
3.100000 	 11.037836 
3.110000 	 12.780782 
3.120000 	 14.545750 
3.130000 	 11.351801 
3.140000 	 12.726131 
3.150000 	 10.172037 
3.160000 	 14.809698 
3.170000 	 10.576553 
3.180000 	 13.978575 
3.190000 	 10.776938 
3.200000 	 16.176991 
3.210000 	 18.797314 
3.220000 	 12.525896 
3.230000 	 12.532248 
3.240000 	 14.963989 
3.250000 	 14.469015 
3.260000 	 13.429509 
3.270000 	 12.005607 
3.280000 	 14.564064 
3.290000 	 14.545497 
3.300000 	 17.886015 
3.310000 	 16.122133 
3.320000 	 14.098991 
3.330000 	 15.375396 
3.340000 	 16.151016 
3.350000 	 14.570013 
3.360000 	 13.255019 
3.370000 	 16.409342 
3.380000 	 17.514615 
3.390000 	 16.535541 
3.400000 	 14.873149 
3.410000 	 16.662331 
3.420000 	 17.956677 
3.430000 	 20.224293 
3.440000 	 16.881386 
3.450000 	 19.537871 
3.460000 	 17.775119 
3.470000 	 17.301931 
3.480000 	 17.818351 
3.490000 	 17.005423 
3.500000 	 17.926205 
3.510000 	 20.676278 
3.520000 	 20.159131 
3.530000 	 21.814607 
3.540000 	 20.677793 
3.550000 	 19.435588 
3.560000 	 21.144886 
3.570000 	 20.688200 
3.580000 	 21.735033 
3.590000 	 19.560747 
3.600000 	 19.883461 
3.610000 	 22.481360 
3.620000 	 23.955934 
3.630000 	 23.254989 
3.640000 	 21.043516 
3.650000 	 22.904332 
3.660000 	 21.613745 
3.670000 	 24.990306 
3.680000 	 23.268832 
3.690000 	 21.155260 
3.700000 	 24.029960 
3.710000 	 23.512706 
3.720000 	 24.572739 
3.730000 	 24.934545 
3.740000 	 27.240761 
3.750000 	 28.051446 
3.760000 	 24.254380 
3.770000 	 26.103579 
3.780000 	 24.436831 
3.790000 	 26.728941 
3.800000 	 26.154962 
3.810000 	 26.569175 
3.820000 	 27.910340 
3.830000 	 26.939618 
3.840000 	 26.246190 
3.850000 	 28.428868 
3.860000 	 25.683870 
3.870000 	 29.590072 
3.880000 	 29.503013 
3.890000 	 27.519467 
3.900000 	 28.697235 
3.910000 	 32.068217 
3.920000 	 30.738633 
3.930000 	 30.727001 
3.940000 	 29.824165 
3.950000 	 32.145289 
3.960000 	 32.973747 
3.970000 	 32.674263 
3.980000 	 32.028817 
3.990000 	 32.404183 
4.000000 	 31.103228 
