-3.000000 	 -9.486604 
-2.990000 	 -13.031922 
-2.980000 	 -9.943755 
-2.970000 	 -14.281321 
-2.960000 	 -13.345435 
-2.950000 	 -10.497307 
-2.940000 	 -11.754796 
-2.930000 	 -10.915202 
-2.920000 	 -11.472629 
-2.910000 	 -14.770741 
-2.900000 	 -12.875910 
-2.890000 	 -11.144840 
-2.880000 	 -12.457565 
-2.870000 	 -11.688903 
-2.860000 	 -10.796599 
-2.850000 	 -11.639644 
-2.840000 	 -10.488210 
-2.830000 	 -12.695976 
-2.820000 	 -13.196816 
-2.810000 	 -13.488320 
-2.800000 	 -11.793884 
-2.790000 	 -12.015297 
-2.780000 	 -12.612719 
-2.770000 	 -8.257292 
-2.760000 	 -9.146770 
-2.750000 	 -13.492009 
-2.740000 	 -10.645994 
-2.730000 	 -9.811814 
-2.720000 	 -11.470121 
-2.710000 	 -7.445995 
-2.700000 	 -12.797810 
-2.690000 	 -11.115236 
-2.680000 	 -11.549413 
-2.670000 	 -9.961585 
-2.660000 	 -9.709255 
-2.650000 	 -9.699792 
-2.640000 	 -11.982648 
-2.630000 	 -6.862663 
-2.620000 	 -9.908548 
-2.610000 	 -11.525287 
-2.600000 	 -11.589517 
-2.590000 	 -7.149681 
-2.580000 	 -11.702068 
-2.570000 	 -11.320995 
-2.560000 	 -9.441154 
-2.550000 	 -8.779069 
-2.540000 	 -8.640864 
-2.530000 	 -6.696725 
-2.520000 	 -11.619884 
-2.510000 	 -9.163820 
-2.500000 	 -10.354301 
-2.490000 	 -10.748137 
-2.480000 	 -10.652714 
-2.470000 	 -13.413765 
-2.460000 	 -7.856783 
-2.450000 	 -10.917677 
-2.440000 	 -9.473857 
-2.430000 	 -10.348719 
-2.420000 	 -10.066878 
-2.410000 	 -8.875617 
-2.400000 	 -8.814661 
-2.390000 	 -8.484264 
-2.380000 	 -8.908529 
-2.370000 	 -8.788774 
-2.360000 	 -8.959722 
-2.350000 	 -7.211684 
-2.340000 	 -11.896319 
-2.330000 	 -9.709723 
-2.320000 	 -6.542886 
-2.310000 	 -9.142873 
-2.300000 	 -9.095873 
-2.290000 	 -11.794835 
-2.280000 	 -7.730672 
-2.270000 	 -6.770294 
-2.260000 	 -6.768239 
-2.250000 	 -5.638189 
-2.240000 	 -10.405258 
-2.230000 	 -7.423135 
-2.220000 	 -10.878883 
-2.210000 	 -8.946855 
-2.200000 	 -8.116331 
-2.190000 	 -10.874995 
-2.180000 	 -7.964312 
-2.170000 	 -9.085012 
-2.160000 	 -5.361681 
-2.150000 	 -8.187601 
-2.140000 	 -8.452475 
-2.130000 	 -9.825202 
-2.120000 	 -7.976879 
-2.110000 	 -7.357983 
-2.100000 	 -5.877336 
-2.090000 	 -8.455026 
-2.080000 	 -7.633140 
-2.070000 	 -8.021033 
-2.060000 	 -7.442972 
-2.050000 	 -6.550318 
-2.040000 	 -8.945924 
-2.030000 	 -6.263016 
-2.020000 	 -5.755052 
-2.010000 	 -5.116836 
-2.000000 	 -5.398379 
-1.990000 	 -7.387838 
-1.980000 	 -6.375022 
-1.970000 	 -7.236884 
-1.960000 	 -6.332642 
-1.950000 	 -5.792784 
-1.940000 	 -6.066967 
-1.930000 	 -7.762007 
-1.920000 	 -5.721615 
-1.910000 	 -8.182054 
-1.900000 	 -6.140198 
-1.890000 	 -9.046896 
-1.880000 	 -2.972248 
-1.870000 	 -7.498017 
-1.860000 	 -6.907515 
-1.850000 	 -7.087379 
-1.840000 	 -7.197039 
-1.830000 	 -6.149737 
-1.820000 	 -6.977544 
-1.810000 	 -4.785652 
-1.800000 	 -6.161866 
-1.790000 	 -6.117958 
-1.780000 	 -3.653061 
-1.770000 	 -6.263120 
-1.760000 	 -8.517979 
-1.750000 	 -5.768226 
-1.740000 	 -6.072948 
-1.730000 	 -3.178135 
-1.720000 	 -6.348076 
-1.710000 	 -5.568013 
-1.700000 	 -5.518226 
-1.690000 	 -4.305582 
-1.680000 	 -3.445218 
-1.670000 	 -2.687539 
-1.660000 	 -6.241239 
-1.650000 	 -2.392826 
-1.640000 	 -3.334248 
-1.630000 	 -2.340860 
-1.620000 	 -3.678615 
-1.610000 	 -4.579367 
-1.600000 	 -4.242554 
-1.590000 	 -2.281691 
-1.580000 	 -6.698085 
-1.570000 	 -4.831185 
-1.560000 	 -4.110212 
-1.550000 	 -2.726918 
-1.540000 	 -3.132574 
-1.530000 	 -4.675714 
-1.520000 	 -5.332532 
-1.510000 	 -4.672400 
-1.500000 	 -3.550340 
-1.490000 	 -1.928424 
-1.480000 	 -5.561282 
-1.470000 	 -2.379113 
-1.460000 	 -6.311362 
-1.450000 	 -2.099958 
-1.440000 	 -5.087114 
-1.430000 	 -5.458688 
-1.420000 	 -2.770111 
-1.410000 	 -5.486139 
-1.400000 	 -5.304559 
-1.390000 	 -4.183181 
-1.380000 	 -7.102360 
-1.370000 	 -2.271869 
-1.360000 	 -3.123195 
-1.350000 	 -4.820064 
-1.340000 	 -3.739253 
-1.330000 	 -6.079040 
-1.320000 	 -1.392257 
-1.310000 	 -3.864560 
-1.300000 	 -4.228118 
-1.290000 	 -2.665023 
-1.280000 	 0.223303 
-1.270000 	 -2.146972 
-1.260000 	 -3.113571 
-1.250000 	 -2.498081 
-1.240000 	 -3.373589 
-1.230000 	 -2.481403 
-1.220000 	 -1.147582 
-1.210000 	 -4.331884 
-1.200000 	 -1.575562 
-1.190000 	 -2.439133 
-1.180000 	 -3.432892 
-1.170000 	 -2.257936 
-1.160000 	 -2.326736 
-1.150000 	 -2.654302 
-1.140000 	 -3.504751 
-1.130000 	 0.544947 
-1.120000 	 -3.339856 
-1.110000 	 -1.400663 
-1.100000 	 -1.848705 
-1.090000 	 -2.086988 
-1.080000 	 -4.674888 
-1.070000 	 0.396049 
-1.060000 	 -0.072995 
-1.050000 	 -1.974207 
-1.040000 	 -4.750141 
-1.030000 	 -0.933714 
-1.020000 	 -2.288973 
-1.010000 	 -1.424021 
-1.000000 	 0.191238 
-0.990000 	 -4.289814 
-0.980000 	 -2.281585 
-0.970000 	 -1.596566 
-0.960000 	 -0.751497 
-0.950000 	 0.700501 
-0.940000 	 -2.026212 
-0.930000 	 -2.820550 
-0.920000 	 -2.537702 
-0.910000 	 -4.967039 
-0.900000 	 -3.129340 
-0.890000 	 -2.806218 
-0.880000 	 0.429267 
-0.870000 	 -1.823909 
-0.860000 	 -2.105058 
-0.850000 	 -3.174258 
-0.840000 	 0.715311 
-0.830000 	 -1.208220 
-0.820000 	 -0.108132 
-0.810000 	 -1.051793 
-0.800000 	 -3.649114 
-0.790000 	 0.743437 
-0.780000 	 -3.005459 
-0.770000 	 -1.685006 
-0.760000 	 -2.029813 
-0.750000 	 -0.403654 
-0.740000 	 0.943598 
-0.730000 	 -0.878823 
-0.720000 	 -0.583488 
-0.710000 	 -2.579722 
-0.700000 	 -3.670413 
-0.690000 	 -0.902162 
-0.680000 	 -1.878889 
-0.670000 	 -1.533702 
-0.660000 	 -1.964064 
-0.650000 	 0.299536 
-0.640000 	 -0.088850 
-0.630000 	 0.954656 
-0.620000 	 -2.320681 
-0.610000 	 -2.781917 
-0.600000 	 -3.124708 
-0.590000 	 0.982443 
-0.580000 	 -2.135064 
-0.570000 	 -0.437892 
-0.560000 	 -3.604563 
-0.550000 	 -2.383071 
-0.540000 	 -2.131047 
-0.530000 	 0.619096 
-0.520000 	 0.778782 
-0.510000 	 -3.726560 
-0.500000 	 -0.118283 
-0.490000 	 -0.222575 
-0.480000 	 0.393418 
-0.470000 	 1.415139 
-0.460000 	 0.376873 
-0.450000 	 -1.153989 
-0.440000 	 -2.939384 
-0.430000 	 -0.905254 
-0.420000 	 -1.829974 
-0.410000 	 -2.442048 
-0.400000 	 -3.029943 
-0.390000 	 -1.003174 
-0.380000 	 -0.263391 
-0.370000 	 -3.750049 
-0.360000 	 -2.620179 
-0.350000 	 -1.609760 
-0.340000 	 -2.427807 
-0.330000 	 0.592314 
-0.320000 	 -1.069796 
-0.310000 	 2.747509 
-0.300000 	 -2.491248 
-0.290000 	 2.193879 
-0.280000 	 -0.051980 
-0.270000 	 1.007822 
-0.260000 	 0.302366 
-0.250000 	 0.064926 
-0.240000 	 0.907408 
-0.230000 	 -2.674496 
-0.220000 	 -2.577847 
-0.210000 	 0.861998 
-0.200000 	 1.122658 
-0.190000 	 -0.549138 
-0.180000 	 0.726390 
-0.170000 	 -0.531932 
-0.160000 	 0.747010 
-0.150000 	 -1.137947 
-0.140000 	 0.013675 
-0.130000 	 -0.394943 
-0.120000 	 -1.062166 
-0.110000 	 0.023617 
-0.100000 	 0.502831 
-0.090000 	 3.175243 
-0.080000 	 0.197358 
-0.070000 	 -1.213143 
-0.060000 	 -1.282230 
-0.050000 	 -2.321623 
-0.040000 	 -0.079770 
-0.030000 	 -1.303833 
-0.020000 	 1.101498 
-0.010000 	 -2.860818 
0.000000 	 -1.123942 
0.010000 	 3.176961 
0.020000 	 -1.066958 
0.030000 	 -0.810366 
0.040000 	 -2.900353 
0.050000 	 -1.696218 
0.060000 	 0.040394 
0.070000 	 1.313576 
0.080000 	 1.621694 
0.090000 	 0.609941 
0.100000 	 -0.176960 
0.110000 	 3.504458 
0.120000 	 -0.415111 
0.130000 	 -0.589227 
0.140000 	 -0.143834 
0.150000 	 2.377525 
0.160000 	 0.551792 
0.170000 	 1.397845 
0.180000 	 -1.221889 
0.190000 	 1.851998 
0.200000 	 -2.710254 
0.210000 	 0.380297 
0.220000 	 -0.351649 
0.230000 	 -3.463497 
0.240000 	 1.387584 
0.250000 	 1.356186 
0.260000 	 0.681568 
0.270000 	 -0.708740 
0.280000 	 0.688002 
0.290000 	 1.607953 
0.300000 	 0.054577 
0.310000 	 -1.834640 
0.320000 	 -1.240656 
0.330000 	 -0.267604 
0.340000 	 -0.263545 
0.350000 	 -0.822541 
0.360000 	 2.187835 
0.370000 	 0.026804 
0.380000 	 0.225427 
0.390000 	 -0.391878 
0.400000 	 0.571495 
0.410000 	 -2.181975 
0.420000 	 0.020328 
0.430000 	 -1.959412 
0.440000 	 2.355251 
0.450000 	 -2.374674 
0.460000 	 1.511485 
0.470000 	 0.208131 
0.480000 	 1.359832 
0.490000 	 -0.149396 
0.500000 	 -0.081269 
0.510000 	 -0.943956 
0.520000 	 -0.091846 
0.530000 	 0.452244 
0.540000 	 0.317505 
0.550000 	 -0.027943 
0.560000 	 1.289348 
0.570000 	 1.276309 
0.580000 	 1.025353 
0.590000 	 1.033152 
0.600000 	 -2.100605 
0.610000 	 1.737183 
0.620000 	 -1.074998 
0.630000 	 -2.871117 
0.640000 	 -1.848851 
0.650000 	 0.907000 
0.660000 	 3.011284 
0.670000 	 0.663836 
0.680000 	 -0.189233 
0.690000 	 0.542663 
0.700000 	 0.297440 
0.710000 	 3.733644 
0.720000 	 2.811445 
0.730000 	 1.701457 
0.740000 	 1.099171 
0.750000 	 -0.575964 
0.760000 	 3.003873 
0.770000 	 -0.650565 
0.780000 	 2.069460 
0.790000 	 -0.582634 
0.800000 	 -1.283781 
0.810000 	 1.892640 
0.820000 	 0.829285 
0.830000 	 -0.962581 
0.840000 	 0.759525 
0.850000 	 -0.344184 
0.860000 	 -1.875907 
0.870000 	 -0.888740 
0.880000 	 -2.468876 
0.890000 	 -1.684522 
0.900000 	 1.180548 
0.910000 	 -0.270864 
0.920000 	 -1.697529 
0.930000 	 -3.250053 
0.940000 	 2.655408 
0.950000 	 0.822427 
0.960000 	 2.686011 
0.970000 	 1.775308 
0.980000 	 2.223440 
0.990000 	 0.791912 
1.000000 	 -0.546275 
1.010000 	 -2.223190 
1.020000 	 -0.969036 
1.030000 	 0.911068 
1.040000 	 1.561158 
1.050000 	 -1.592747 
1.060000 	 2.406990 
1.070000 	 1.255126 
1.080000 	 -1.338872 
1.090000 	 0.319585 
1.100000 	 -0.632886 
1.110000 	 0.828180 
1.120000 	 -1.931647 
1.130000 	 -2.020241 
1.140000 	 0.974618 
1.150000 	 2.227161 
1.160000 	 1.234148 
1.170000 	 2.304034 
1.180000 	 -0.543825 
1.190000 	 2.036657 
1.200000 	 -0.407078 
1.210000 	 0.494321 
1.220000 	 1.218959 
1.230000 	 0.875078 
1.240000 	 -0.068062 
1.250000 	 0.082843 
1.260000 	 1.016886 
1.270000 	 -2.578644 
1.280000 	 -1.730247 
1.290000 	 2.110014 
1.300000 	 0.255380 
1.310000 	 3.842518 
1.320000 	 -0.243482 
1.330000 	 -0.287111 
1.340000 	 -1.181955 
1.350000 	 0.979717 
1.360000 	 0.044857 
1.370000 	 -0.126177 
1.380000 	 1.544981 
1.390000 	 2.844394 
1.400000 	 2.680421 
1.410000 	 2.004768 
1.420000 	 -0.530800 
1.430000 	 0.159388 
1.440000 	 -0.364219 
1.450000 	 1.210600 
1.460000 	 -2.854327 
1.470000 	 2.880487 
1.480000 	 1.893253 
1.490000 	 0.254313 
1.500000 	 2.088482 
1.510000 	 0.069786 
1.520000 	 -0.517056 
1.530000 	 -2.088531 
1.540000 	 3.233035 
1.550000 	 1.233464 
1.560000 	 1.841264 
1.570000 	 1.862283 
1.580000 	 4.230281 
1.590000 	 0.432286 
1.600000 	 1.746824 
1.610000 	 1.428859 
1.620000 	 -1.384103 
1.630000 	 -0.498041 
1.640000 	 -1.504961 
1.650000 	 2.267190 
1.660000 	 0.238891 
1.670000 	 -0.880966 
1.680000 	 0.969262 
1.690000 	 0.929606 
1.700000 	 3.871084 
1.710000 	 0.160456 
1.720000 	 0.028508 
1.730000 	 -0.355954 
1.740000 	 3.127626 
1.750000 	 -0.028907 
1.760000 	 3.337490 
1.770000 	 3.700720 
1.780000 	 3.601668 
1.790000 	 0.999565 
1.800000 	 3.991017 
1.810000 	 0.837112 
1.820000 	 2.774443 
1.830000 	 0.561178 
1.840000 	 1.896661 
1.850000 	 3.718349 
1.860000 	 3.499973 
1.870000 	 1.097814 
1.880000 	 3.870034 
1.890000 	 1.506386 
1.900000 	 1.009025 
1.910000 	 1.282989 
1.920000 	 1.305775 
1.930000 	 0.578805 
1.940000 	 1.393652 
1.950000 	 1.213002 
1.960000 	 1.043604 
1.970000 	 0.700079 
1.980000 	 2.479694 
1.990000 	 1.357267 
2.000000 	 4.448927 
2.010000 	 0.745006 
2.020000 	 1.673634 
2.030000 	 3.275949 
2.040000 	 1.602274 
2.050000 	 3.433762 
2.060000 	 2.582648 
2.070000 	 1.793418 
2.080000 	 -0.636979 
2.090000 	 4.166770 
2.100000 	 1.855618 
2.110000 	 0.371516 
2.120000 	 3.731920 
2.130000 	 4.420475 
2.140000 	 2.400689 
2.150000 	 3.054167 
2.160000 	 2.291145 
2.170000 	 4.042339 
2.180000 	 8.164365 
2.190000 	 5.237232 
2.200000 	 4.293869 
2.210000 	 5.138980 
2.220000 	 1.206508 
2.230000 	 1.737489 
2.240000 	 3.684723 
2.250000 	 2.575169 
2.260000 	 4.577770 
2.270000 	 3.398534 
2.280000 	 0.566966 
2.290000 	 3.374043 
2.300000 	 4.176257 
2.310000 	 4.733866 
2.320000 	 6.340923 
2.330000 	 3.946914 
2.340000 	 1.249277 
2.350000 	 0.021275 
2.360000 	 2.914463 
2.370000 	 4.646256 
2.380000 	 3.590788 
2.390000 	 5.801501 
2.400000 	 0.507482 
2.410000 	 2.916003 
2.420000 	 5.054449 
2.430000 	 1.405542 
2.440000 	 3.333984 
2.450000 	 4.575793 
2.460000 	 4.634241 
2.470000 	 5.960794 
2.480000 	 6.675757 
2.490000 	 1.834780 
2.500000 	 4.929359 
2.510000 	 5.115847 
2.520000 	 4.169079 
2.530000 	 5.134199 
2.540000 	 2.399790 
2.550000 	 5.231603 
2.560000 	 5.404698 
2.570000 	 6.626653 
2.580000 	 4.344728 
2.590000 	 7.047158 
2.600000 	 6.664174 
2.610000 	 4.486403 
2.620000 	 10.000000 
2.630000 	 4.122626 
2.640000 	 5.066003 
2.650000 	 1.884513 
2.660000 	 5.888273 
2.670000 	 6.971419 
2.680000 	 6.368245 
2.690000 	 8.770345 
2.700000 	 5.423172 
2.710000 	 8.902642 
2.720000 	 4.816287 
2.730000 	 9.021668 
2.740000 	 7.990483 
2.750000 	 7.394584 
2.760000 	 7.629612 
2.770000 	 7.423851 
2.780000 	 7.163027 
2.790000 	 7.963549 
2.800000 	 9.214350 
2.810000 	 8.716619 
2.820000 	 7.534836 
2.830000 	 8.135099 
2.840000 	 8.078867 
2.850000 	 7.683774 
2.860000 	 9.516106 
2.870000 	 7.381624 
2.880000 	 11.295027 
2.890000 	 9.797336 
2.900000 	 11.323279 
2.910000 	 9.411710 
2.920000 	 9.251610 
2.930000 	 8.289767 
2.940000 	 10.459526 
2.950000 	 11.264680 
2.960000 	 8.501049 
2.970000 	 9.863732 
2.980000 	 9.461987 
2.990000 	 8.950703 
3.000000 	 9.492834 
3.010000 	 10.981391 
3.020000 	 11.330382 
3.030000 	 10.450855 
3.040000 	 6.471143 
3.050000 	 8.534258 
3.060000 	 12.412979 
3.070000 	 12.345794 
3.080000 	 9.571165 
3.090000 	 12.891907 
3.100000 	 12.931216 
3.110000 	 11.757525 
3.120000 	 11.525221 
3.130000 	 10.909953 
3.140000 	 11.614009 
3.150000 	 10.655536 
3.160000 	 15.120607 
3.170000 	 13.351158 
3.180000 	 11.135704 
3.190000 	 14.652274 
3.200000 	 12.465068 
3.210000 	 15.187875 
3.220000 	 12.269670 
3.230000 	 14.771694 
3.240000 	 16.324549 
3.250000 	 15.917574 
3.260000 	 18.594897 
3.270000 	 16.529601 
3.280000 	 14.315076 
3.290000 	 13.951456 
3.300000 	 14.243701 
3.310000 	 14.121110 
3.320000 	 14.755927 
3.330000 	 15.858470 
3.340000 	 14.245373 
3.350000 	 14.569717 
3.360000 	 13.267431 
3.370000 	 15.250364 
3.380000 	 18.232909 
3.390000 	 14.067378 
3.400000 	 16.581801 
3.410000 	 20.356611 
3.420000 	 17.151693 
3.430000 	 16.592379 
3.440000 	 15.088855 
3.450000 	 18.115420 
3.460000 	 16.496970 
3.470000 	 18.514255 
3.480000 	 17.210314 
3.490000 	 20.542360 
3.500000 	 18.737535 
3.510000 	 20.324763 
3.520000 	 20.510542 
3.530000 	 20.445171 
3.540000 	 20.870573 
3.550000 	 18.813185 
3.560000 	 20.231206 
3.570000 	 18.590679 
3.580000 	 21.543232 
3.590000 	 20.703980 
3.600000 	 21.796238 
3.610000 	 20.423013 
3.620000 	 21.570128 
3.630000 	 25.241473 
3.640000 	 23.737195 
3.650000 	 24.611874 
3.660000 	 22.863507 
3.670000 	 23.321535 
3.680000 	 23.520442 
3.690000 	 25.592999 
3.700000 	 24.801824 
3.710000 	 23.172037 
3.720000 	 23.940734 
3.730000 	 27.390023 
3.740000 	 23.214558 
3.750000 	 24.932267 
3.760000 	 25.638115 
3.770000 	 27.703095 
3.780000 	 27.986898 
3.790000 	 26.293533 
3.800000 	 25.570910 
3.810000 	 24.440494 
3.820000 	 27.363772 
3.830000 	 25.369116 
3.840000 	 30.728703 
3.850000 	 -13.000000 
3.860000 	 29.280769 
3.870000 	 29.060672 
3.880000 	 27.854134 
3.890000 	 30.033491 
3.900000 	 28.948192 
3.910000 	 32.592887 
3.920000 	 31.645957 
3.930000 	 32.102371 
3.940000 	 27.839647 
3.950000 	 31.284164 
3.960000 	 29.096884 
3.970000 	 31.662757 
3.980000 	 34.993899 
3.990000 	 33.194983 
4.000000 	 33.348928 
