-3.000000 	 -11.922872 
-2.990000 	 -12.823964 
-2.980000 	 -11.886380 
-2.970000 	 -8.807245 
-2.960000 	 -12.609180 
-2.950000 	 -10.068548 
-2.940000 	 -12.293231 
-2.930000 	 -10.630129 
-2.920000 	 -12.926043 
-2.910000 	 -9.256583 
-2.900000 	 -9.606092 
-2.890000 	 -10.224822 
-2.880000 	 -10.595212 
-2.870000 	 -10.202950 
-2.860000 	 -11.340611 
-2.850000 	 -11.161139 
-2.840000 	 -9.617561 
-2.830000 	 -8.816523 
-2.820000 	 -9.516267 
-2.810000 	 -12.266991 
-2.800000 	 -9.703695 
-2.790000 	 -10.602596 
-2.780000 	 -10.371931 
-2.770000 	 -11.478451 
-2.760000 	 -11.926260 
-2.750000 	 -12.397182 
-2.740000 	 -11.936518 
-2.730000 	 -10.211191 
-2.720000 	 -11.210213 
-2.710000 	 -7.240550 
-2.700000 	 -9.026078 
-2.690000 	 -9.078741 
-2.680000 	 -12.550919 
-2.670000 	 -10.396672 
-2.660000 	 -10.034532 
-2.650000 	 -10.043989 
-2.640000 	 -8.822446 
-2.630000 	 -9.413478 
-2.620000 	 -7.617937 
-2.610000 	 -9.012295 
-2.600000 	 -10.810872 
-2.590000 	 -9.633567 
-2.580000 	 -9.734652 
-2.570000 	 -9.426805 
-2.560000 	 -9.015275 
-2.550000 	 -9.862290 
-2.540000 	 -9.747924 
-2.530000 	 -9.046854 
-2.520000 	 -7.856804 
-2.510000 	 -9.279018 
-2.500000 	 -10.385968 
-2.490000 	 -9.904013 
-2.480000 	 -8.587106 
-2.470000 	 -11.477217 
-2.460000 	 -9.751330 
-2.450000 	 -12.530598 
-2.440000 	 -6.952572 
-2.430000 	 -7.590248 
-2.420000 	 -9.898565 
-2.410000 	 -10.258415 
-2.400000 	 -8.631302 
-2.390000 	 -7.259741 
-2.380000 	 -8.390814 
-2.370000 	 -9.118028 
-2.360000 	 -9.717572 
-2.350000 	 -10.328719 
-2.340000 	 -6.999564 
-2.330000 	 -9.136407 
-2.320000 	 -7.036728 
-2.310000 	 -8.214445 
-2.300000 	 -9.126481 
-2.290000 	 -9.519773 
-2.280000 	 -7.885729 
-2.270000 	 -8.592592 
-2.260000 	 -6.444902 
-2.250000 	 -10.021332 
-2.240000 	 -10.254362 
-2.230000 	 -7.910336 
-2.220000 	 -8.996890 
-2.210000 	 -7.687672 
-2.200000 	 -9.910626 
-2.190000 	 20.000000 
-2.180000 	 -6.779226 
-2.170000 	 -9.398739 
-2.160000 	 -7.086024 
-2.150000 	 -7.677763 
-2.140000 	 -8.855448 
-2.130000 	 -8.315889 
-2.120000 	 -4.008620 
-2.110000 	 -8.236411 
-2.100000 	 -7.554713 
-2.090000 	 -6.795437 
-2.080000 	 -6.544095 
-2.070000 	 -8.035478 
-2.060000 	 -3.657255 
-2.050000 	 -6.845949 
-2.040000 	 -7.580855 
-2.030000 	 -7.648959 
-2.020000 	 -7.938940 
-2.010000 	 -8.500717 
-2.000000 	 -5.385137 
-1.990000 	 -7.268801 
-1.980000 	 -6.492860 
-1.970000 	 -9.962318 
-1.960000 	 -7.973517 
-1.950000 	 -7.724231 
-1.940000 	 -6.446079 
-1.930000 	 -3.421117 
-1.920000 	 -5.224753 
-1.910000 	 -4.702259 
-1.900000 	 -6.236736 
-1.890000 	 -3.397150 
-1.880000 	 -7.469219 
-1.870000 	 -6.018776 
-1.860000 	 -5.595257 
-1.850000 	 -3.412379 
-1.840000 	 -5.404971 
-1.830000 	 -6.563307 
-1.820000 	 -2.495952 
-1.810000 	 -5.872121 
-1.800000 	 -6.451437 
-1.790000 	 -3.624451 
-1.780000 	 -7.366129 
-1.770000 	 -4.312535 
-1.760000 	 -7.240648 
-1.750000 	 -7.671806 
-1.740000 	 -4.821108 
-1.730000 	 -7.203185 
-1.720000 	 -5.726008 
-1.710000 	 -6.345278 
-1.700000 	 -5.348920 
-1.690000 	 -4.022163 
-1.680000 	 -3.259867 
-1.670000 	 -6.460746 
-1.660000 	 -5.666351 
-1.650000 	 -8.253217 
-1.640000 	 -6.822554 
-1.630000 	 -4.428160 
-1.620000 	 -7.441459 
-1.610000 	 -6.844742 
-1.600000 	 -4.188621 
-1.590000 	 -5.010557 
-1.580000 	 -3.637330 
-1.570000 	 -2.327379 
-1.560000 	 -7.680143 
-1.550000 	 -2.732708 
-1.540000 	 -2.521862 
-1.530000 	 -6.097912 
-1.520000 	 -3.557104 
-1.510000 	 -2.384757 
-1.500000 	 -3.592316 
-1.490000 	 -5.002533 
-1.480000 	 -6.055673 
-1.470000 	 -3.390875 
-1.460000 	 -1.349616 
-1.450000 	 -4.982221 
-1.440000 	 -2.840570 
-1.430000 	 -2.200478 
-1.420000 	 -3.968330 
-1.410000 	 -4.657679 
-1.400000 	 -4.446321 
-1.390000 	 -2.283250 
-1.380000 	 -2.671466 
-1.370000 	 -0.191898 
-1.360000 	 -5.439799 
-1.350000 	 -6.860032 
-1.340000 	 -5.989826 
-1.330000 	 -5.720020 
-1.320000 	 -3.808687 
-1.310000 	 -4.773867 
-1.300000 	 -4.096121 
-1.290000 	 -1.025837 
-1.280000 	 -7.162090 
-1.270000 	 -3.441676 
-1.260000 	 -5.043038 
-1.250000 	 -2.478447 
-1.240000 	 0.333115 
-1.230000 	 -3.233086 
-1.220000 	 -3.873858 
-1.210000 	 -3.475091 
-1.200000 	 -3.401092 
-1.190000 	 -1.282943 
-1.180000 	 0.908099 
-1.170000 	 -2.717171 
-1.160000 	 -4.269757 
-1.150000 	 -1.507848 
-1.140000 	 -5.346350 
-1.130000 	 -1.643561 
-1.120000 	 -4.946284 
-1.110000 	 -3.731068 
-1.100000 	 -3.780193 
-1.090000 	 -1.125677 
-1.080000 	 -2.657298 
-1.070000 	 -3.839531 
-1.060000 	 -3.717200 
-1.050000 	 -1.230007 
-1.040000 	 -3.984242 
-1.030000 	 -2.991786 
-1.020000 	 -1.770240 
-1.010000 	 -4.147922 
-1.000000 	 -4.406232 
-0.990000 	 -3.880125 
-0.980000 	 -1.114022 
-0.970000 	 -3.871472 
-0.960000 	 -0.284607 
-0.950000 	 -2.617427 
-0.940000 	 -3.821406 
-0.930000 	 -0.931956 
-0.920000 	 -4.058521 
-0.910000 	 -1.933505 
-0.900000 	 -3.571233 
-0.890000 	 -1.815193 
-0.880000 	 -1.336885 
-0.870000 	 -0.518838 
-0.860000 	 -5.766942 
-0.850000 	 6.000000 
-0.840000 	 1.384201 
-0.830000 	 -2.553538 
-0.820000 	 0.005518 
-0.810000 	 0.501547 
-0.800000 	 -0.702265 
-0.790000 	 -1.745488 
-0.780000 	 -2.703130 
-0.770000 	 -1.536412 
-0.760000 	 -0.268672 
-0.750000 	 -2.299022 
-0.740000 	 -2.271157 
-0.730000 	 -2.190593 
-0.720000 	 -4.412469 
-0.710000 	 -1.944003 
-0.700000 	 -1.606033 
-0.690000 	 -2.739656 
-0.680000 	 -0.628983 
-0.670000 	 -2.179414 
-0.660000 	 -2.563768 
-0.650000 	 0.638541 
-0.640000 	 -3.229622 
-0.630000 	 0.823227 
-0.620000 	 0.187443 
-0.610000 	 -2.646869 
-0.600000 	 -0.788082 
-0.590000 	 -0.895290 
-0.580000 	 -1.274184 
-0.570000 	 -1.132624 
-0.560000 	 0.614534 
-0.550000 	 1.368390 
-0.540000 	 0.145561 
-0.530000 	 0.719888 
-0.520000 	 -0.901324 
-0.510000 	 -0.655360 
-0.500000 	 -1.023804 
-0.490000 	 -1.580578 
-0.480000 	 0.899099 
-0.470000 	 -1.477584 
-0.460000 	 -1.815956 
-0.450000 	 0.749201 
-0.440000 	 -3.878437 
-0.430000 	 -3.161471 
-0.420000 	 -0.133719 
-0.410000 	 -1.428053 
-0.400000 	 -2.044549 
-0.390000 	 -0.478467 
-0.380000 	 -0.008386 
-0.370000 	 0.456527 
-0.360000 	 1.034657 
-0.350000 	 3.327236 
-0.340000 	 -2.559073 
-0.330000 	 -0.411871 
-0.320000 	 1.432289 
-0.310000 	 0.892830 
-0.300000 	 1.047451 
-0.290000 	 1.144516 
-0.280000 	 -1.093234 
-0.270000 	 -0.882919 
-0.260000 	 1.397650 
-0.250000 	 2.103600 
-0.240000 	 0.097177 
-0.230000 	 -0.061642 
-0.220000 	 -1.665343 
-0.210000 	 -1.349592 
-0.200000 	 0.219230 
-0.190000 	 -1.317338 
-0.180000 	 0.356441 
-0.170000 	 -0.906183 
-0.160000 	 0.108778 
-0.150000 	 2.817406 
-0.140000 	 0.047542 
-0.130000 	 -1.846484 
-0.120000 	 -1.526865 
-0.110000 	 1.283823 
-0.100000 	 -0.348816 
-0.090000 	 1.145338 
-0.080000 	 1.414596 
-0.070000 	 1.577099 
-0.060000 	 -3.793029 
-0.050000 	 0.586887 
-0.040000 	 -0.592336 
-0.030000 	 -1.957440 
-0.020000 	 -1.298549 
-0.010000 	 1.673987 
0.000000 	 1.564290 
0.010000 	 0.907544 
0.020000 	 0.319963 
0.030000 	 3.028275 
0.040000 	 0.044551 
0.050000 	 0.131725 
0.060000 	 2.007608 
0.070000 	 1.101270 
0.080000 	 0.578272 
0.090000 	 0.933993 
0.100000 	 -0.902122 
0.110000 	 2.873708 
0.120000 	 -1.804136 
0.130000 	 -2.540855 
0.140000 	 0.421145 
0.150000 	 4.034964 
0.160000 	 0.030060 
0.170000 	 0.810103 
0.180000 	 -0.632539 
0.190000 	 -1.926243 
0.200000 	 -0.510627 
0.210000 	 -0.976457 
0.220000 	 -1.600427 
0.230000 	 2.235535 
0.240000 	 0.004808 
0.250000 	 0.655103 
0.260000 	 -0.246271 
0.270000 	 2.581428 
0.280000 	 0.153296 
0.290000 	 0.656888 
0.300000 	 -0.922089 
0.310000 	 2.066764 
0.320000 	 -1.100777 
0.330000 	 -0.125514 
0.340000 	 2.931376 
0.350000 	 1.129811 
0.360000 	 0.623193 
0.370000 	 1.450869 
0.380000 	 -2.499181 
0.390000 	 -2.036533 
0.400000 	 -1.176324 
0.410000 	 -1.727140 
0.420000 	 1.241683 
0.430000 	 1.528876 
0.440000 	 -0.711083 
0.450000 	 -0.706546 
0.460000 	 -1.009984 
0.470000 	 0.719612 
0.480000 	 -0.820890 
0.490000 	 0.377556 
0.500000 	 0.463023 
0.510000 	 1.159165 
0.520000 	 0.814635 
0.530000 	 -0.646487 
0.540000 	 2.698281 
0.550000 	 3.144122 
0.560000 	 -0.627221 
0.570000 	 -2.102533 
0.580000 	 1.166494 
0.590000 	 1.453915 
0.600000 	 0.806716 
0.610000 	 3.021048 
0.620000 	 -0.409029 
0.630000 	 -0.833602 
0.640000 	 -0.123984 
0.650000 	 0.916235 
0.660000 	 0.228350 
0.670000 	 0.162911 
0.680000 	 1.199461 
0.690000 	 0.946022 
0.700000 	 1.759847 
0.710000 	 0.075945 
0.720000 	 -1.609740 
0.730000 	 0.705789 
0.740000 	 0.655573 
0.750000 	 0.233507 
0.760000 	 2.468829 
0.770000 	 -2.734147 
0.780000 	 -2.898318 
0.790000 	 -1.552480 
0.800000 	 2.008024 
0.810000 	 -0.436656 
0.820000 	 -0.309124 
0.830000 	 -2.894285 
0.840000 	 -0.696360 
0.850000 	 2.375893 
0.860000 	 -0.263153 
0.870000 	 0.143422 
0.880000 	 2.334855 
0.890000 	 1.069998 
0.900000 	 1.335610 
0.910000 	 0.831440 
0.920000 	 1.351131 
0.930000 	 -1.187326 
0.940000 	 0.172321 
0.950000 	 0.490818 
0.960000 	 0.466342 
0.970000 	 -1.145005 
0.980000 	 0.424353 
0.990000 	 0.819850 
1.000000 	 2.685564 
1.010000 	 0.347988 
1.020000 	 1.859167 
1.030000 	 0.008082 
1.040000 	 0.417445 
1.050000 	 -1.295289 
1.060000 	 -0.540282 
1.070000 	 1.743540 
1.080000 	 1.054058 
1.090000 	 3.765793 
1.100000 	 -1.111183 
1.110000 	 -0.584201 
1.120000 	 -4.047885 
1.130000 	 -1.853224 
1.140000 	 4.000062 
1.150000 	 0.695631 
1.160000 	 -1.402729 
1.170000 	 -1.721792 
1.180000 	 0.244611 
1.190000 	 2.507882 
1.200000 	 1.299945 
1.210000 	 1.031384 
1.220000 	 0.968974 
1.230000 	 -0.052568 
1.240000 	 -0.269819 
1.250000 	 -3.461051 
1.260000 	 2.218273 
1.270000 	 -0.584976 
1.280000 	 4.089126 
1.290000 	 2.185842 
1.300000 	 7.282638 
1.310000 	 -1.148683 
1.320000 	 5.484214 
1.330000 	 -1.713687 
1.340000 	 -1.003715 
1.350000 	 -0.514487 
1.360000 	 0.161688 
1.370000 	 1.118628 
1.380000 	 1.491979 
1.390000 	 -0.283918 
1.400000 	 -1.040109 
1.410000 	 -1.399522 
1.420000 	 2.539445 
1.430000 	 -0.033843 
1.440000 	 0.592560 
1.450000 	 1.649773 
1.460000 	 1.263319 
1.470000 	 0.229086 
1.480000 	 -1.131240 
1.490000 	 -2.312650 
1.500000 	 0.448724 
1.510000 	 4.543321 
1.520000 	 1.476027 
1.530000 	 -3.307032 
1.540000 	 2.687751 
1.550000 	 1.985933 
1.560000 	 2.846898 
1.570000 	 1.243331 
1.580000 	 2.164820 
1.590000 	 -1.337200 
1.600000 	 0.932171 
1.610000 	 -0.541903 
1.620000 	 0.486231 
1.630000 	 1.999480 
1.640000 	 -1.488418 
1.650000 	 0.214281 
1.660000 	 0.398283 
1.670000 	 0.749837 
1.680000 	 0.654745 
1.690000 	 0.731941 
1.700000 	 2.403467 
1.710000 	 -0.699227 
1.720000 	 -2.224108 
1.730000 	 2.314825 
1.740000 	 1.629114 
1.750000 	 1.300334 
1.760000 	 -0.196994 
1.770000 	 1.517557 
1.780000 	 -1.225884 
1.790000 	 0.320115 
1.800000 	 2.576320 
1.810000 	 2.302902 
1.820000 	 2.427821 
1.830000 	 2.741956 
1.840000 	 4.654269 
1.850000 	 -1.746343 
1.860000 	 2.932705 
1.870000 	 2.066132 
1.880000 	 0.217452 
1.890000 	 0.351028 
1.900000 	 4.048605 
1.910000 	 0.762958 
1.920000 	 3.736171 
1.930000 	 3.698639 
1.940000 	 2.132590 
1.950000 	 2.546040 
1.960000 	 3.739533 
1.970000 	 1.969084 
1.980000 	 1.834954 
1.990000 	 3.095480 
2.000000 	 3.618809 
2.010000 	 0.643322 
2.020000 	 2.480709 
2.030000 	 2.051711 
2.040000 	 0.891808 
2.050000 	 1.893039 
2.060000 	 0.820743 
2.070000 	 3.996947 
2.080000 	 2.749979 
2.090000 	 1.468295 
2.100000 	 2.409622 
2.110000 	 0.399083 
2.120000 	 4.047165 
2.130000 	 2.204338 
2.140000 	 1.162171 
2.150000 	 4.167222 
2.160000 	 -0.941551 
2.170000 	 3.406718 
2.180000 	 3.806815 
2.190000 	 2.395736 
2.200000 	 1.004560 
2.210000 	 0.119112 
2.220000 	 1.261886 
2.230000 	 5.125398 
2.240000 	 4.106940 
2.250000 	 1.968749 
2.260000 	 1.063692 
2.270000 	 6.316663 
2.280000 	 4.033372 
2.290000 	 1.607672 
2.300000 	 2.555674 
2.310000 	 4.104336 
2.320000 	 3.356618 
2.330000 	 2.711006 
2.340000 	 4.694414 
2.350000 	 2.984901 
2.360000 	 3.004460 
2.370000 	 4.927928 
2.380000 	 3.567764 
2.390000 	 6.961401 
2.400000 	 4.995139 
2.410000 	 6.538804 
2.420000 	 3.938180 
2.430000 	 2.285178 
2.440000 	 4.660521 
2.450000 	 5.364179 
2.460000 	 2.971208 
2.470000 	 3.216073 
2.480000 	 3.101591 
2.490000 	 2.935128 
2.500000 	 4.395607 
2.510000 	 5.274000 
2.520000 	 5.912451 
2.530000 	 6.037314 
2.540000 	 4.560061 
2.550000 	 4.898575 
2.560000 	 6.657567 
2.570000 	 7.827403 
2.580000 	 7.159121 
2.590000 	 4.874872 
2.600000 	 6.124564 
2.610000 	 6.940623 
2.620000 	 7.243650 
2.630000 	 6.314253 
2.640000 	 6.704728 
2.650000 	 5.993194 
2.660000 	 8.908259 
2.670000 	 7.085393 
2.680000 	 6.990866 
2.690000 	 9.947200 
2.700000 	 4.475136 
2.710000 	 5.577888 
2.720000 	 8.952900 
2.730000 	 8.601710 
2.740000 	 7.089962 
2.750000 	 8.318134 
2.760000 	 7.648445 
2.770000 	 5.448247 
2.780000 	 11.504849 
2.790000 	 8.305098 
2.800000 	 12.342051 
2.810000 	 6.457954 
2.820000 	 5.626789 
2.830000 	 7.691087 
2.840000 	 6.922858 
2.850000 	 9.526359 
2.860000 	 8.933419 
2.870000 	 7.669890 
2.880000 	 9.537059 
2.890000 	 9.635907 
2.900000 	 7.930040 
2.910000 	 8.203910 
2.920000 	 11.311515 
2.930000 	 8.851143 
2.940000 	 8.655581 
2.950000 	 10.461596 
2.960000 	 8.298792 
2.970000 	 8.762385 
2.980000 	 12.057603 
2.990000 	 10.659221 
3.000000 	 9.260935 
3.010000 	 9.095349 
3.020000 	 9.127576 
3.030000 	 9.697177 
3.040000 	 9.426273 
3.050000 	 11.808135 
3.060000 	 11.073021 
3.070000 	 12.981128 
3.080000 	 14.167908 
3.090000 	 13.761905 
3.100000 	 13.876578 
3.110000 	 10.446729 
3.120000 	 11.994550 
3.130000 	 13.308923 
3.140000 	 12.611992 
3.150000 	 12.570137 
3.160000 	 12.131156 
3.170000 	 13.066687 
3.180000 	 11.974923 
3.190000 	 13.716066 
3.200000 	 12.262602 
3.210000 	 11.140234 
3.220000 	 15.326317 
3.230000 	 14.670677 
3.240000 	 17.529101 
3.250000 	 12.113595 
3.260000 	 16.578881 
3.270000 	 14.007440 
3.280000 	 15.228181 
3.290000 	 18.712033 
3.300000 	 13.768710 
3.310000 	 15.379412 
3.320000 	 15.568724 
3.330000 	 16.289411 
3.340000 	 17.159438 
3.350000 	 14.717983 
3.360000 	 16.414503 
3.370000 	 16.168252 
3.380000 	 12.509559 
3.390000 	 14.805415 
3.400000 	 15.844600 
3.410000 	 16.525965 
3.420000 	 17.872075 
3.430000 	 17.511449 
3.440000 	 14.448687 
3.450000 	 20.398133 
3.460000 	 19.565188 
3.470000 	 20.509341 
3.480000 	 20.106412 
3.490000 	 16.632396 
3.500000 	 18.696384 
3.510000 	 17.071940 
3.520000 	 18.144899 
3.530000 	 18.134051 
3.540000 	 20.937916 
3.550000 	 21.253358 
3.560000 	 21.945707 
3.570000 	 20.178438 
3.580000 	 21.135462 
3.590000 	 21.770631 
3.600000 	 21.290159 
3.610000 	 19.968259 
3.620000 	 22.258215 
3.630000 	 20.506452 
3.640000 	 19.727004 
3.650000 	 22.069650 
3.660000 	 24.588889 
3.670000 	 22.868561 
3.680000 	 24.824972 
3.690000 	 23.719092 
3.700000 	 24.961411 
3.710000 	 23.863983 
3.720000 	 26.343265 
3.730000 	 24.819446 
3.740000 	 24.886801 
3.750000 	 26.514322 
3.760000 	 25.292203 
3.770000 	 26.436000 
3.780000 	 27.670156 
3.790000 	 26.689878 
3.800000 	 23.503667 
3.810000 	 28.560891 
3.820000 	 26.393303 
3.830000 	 28.678237 
3.840000 	 26.894203 
3.850000 	 30.546070 
3.860000 	 29.320420 
3.870000 	 30.939486 
3.880000 	 29.758331 
3.890000 	 29.160254 
3.900000 	 31.626237 
3.910000 	 31.993761 
3.920000 	 29.837893 
3.930000 	 31.330291 
3.940000 	 31.559809 
3.950000 	 30.117691 
3.960000 	 30.090051 
3.970000 	 30.256431 
3.980000 	 32.323456 
3.990000 	 33.148584 
4.000000 	 33.908430 
