-3.000000 	 -10.544720 
-2.990000 	 -11.752154 
-2.980000 	 -13.112609 
-2.970000 	 -12.067456 
-2.960000 	 -11.518794 
-2.950000 	 -13.918760 
-2.940000 	 -8.181147 
-2.930000 	 -11.491333 
-2.920000 	 -9.768770 
-2.910000 	 -8.240686 
-2.900000 	 -12.430382 
-2.890000 	 -11.021871 
-2.880000 	 -9.487568 
-2.870000 	 -12.121366 
-2.860000 	 -11.623829 
-2.850000 	 -12.112878 
-2.840000 	 -11.037513 
-2.830000 	 -11.417545 
-2.820000 	 -9.333165 
-2.810000 	 -11.619247 
-2.800000 	 -10.979341 
-2.790000 	 -11.630557 
-2.780000 	 -13.628033 
-2.770000 	 -9.737118 
-2.760000 	 -10.879155 
-2.750000 	 -11.700567 
-2.740000 	 -10.268346 
-2.730000 	 -13.992624 
-2.720000 	 -11.559497 
-2.710000 	 -11.553317 
-2.700000 	 -12.727171 
-2.690000 	 -11.117963 
-2.680000 	 -11.368912 
-2.670000 	 -11.730107 
-2.660000 	 -10.488380 
-2.650000 	 -9.080569 
-2.640000 	 -9.391575 
-2.630000 	 -12.032187 
-2.620000 	 -14.781310 
-2.610000 	 -8.927155 
-2.600000 	 -12.235126 
-2.590000 	 -10.163611 
-2.580000 	 -9.524589 
-2.570000 	 -10.861065 
-2.560000 	 -10.952351 
-2.550000 	 -10.336175 
-2.540000 	 -9.651361 
-2.530000 	 -12.540180 
-2.520000 	 -11.136209 
-2.510000 	 -10.156840 
-2.500000 	 -11.217579 
-2.490000 	 -7.954398 
-2.480000 	 -9.222601 
-2.470000 	 -12.383016 
-2.460000 	 -7.299763 
-2.450000 	 -11.357177 
-2.440000 	 -11.997077 
-2.430000 	 -10.706810 
-2.420000 	 -7.175537 
-2.410000 	 -10.399750 
-2.400000 	 -7.151123 
-2.390000 	 -10.218014 
-2.380000 	 -6.309483 
-2.370000 	 -6.647180 
-2.360000 	 -7.485124 
-2.350000 	 -9.408245 
-2.340000 	 -9.377215 
-2.330000 	 -9.977929 
-2.320000 	 -8.876380 
-2.310000 	 -6.941272 
-2.300000 	 -7.321936 
-2.290000 	 -11.428071 
-2.280000 	 -9.450332 
-2.270000 	 -4.088455 
-2.260000 	 -7.461477 
-2.250000 	 -5.222253 
-2.240000 	 -10.335136 
-2.230000 	 -8.650102 
-2.220000 	 -8.679584 
-2.210000 	 -6.880320 
-2.200000 	 -9.199427 
-2.190000 	 -7.105883 
-2.180000 	 -8.826097 
-2.170000 	 -10.410290 
-2.160000 	 -9.593075 
-2.150000 	 -5.318449 
-2.140000 	 -5.147345 
-2.130000 	 -8.877776 
-2.120000 	 -4.677736 
-2.110000 	 -11.033391 
-2.100000 	 -8.687901 
-2.090000 	 -4.284142 
-2.080000 	 -7.051143 
-2.070000 	 -8.352445 
-2.060000 	 -3.069880 
-2.050000 	 -7.074268 
-2.040000 	 -8.139940 
-2.030000 	 -8.212369 
-2.020000 	 -5.069671 
-2.010000 	 -5.886309 
-2.000000 	 -7.728522 
-1.990000 	 -7.826235 
-1.980000 	 -5.051714 
-1.970000 	 -5.857291 
-1.960000 	 -7.555386 
-1.950000 	 -9.037581 
-1.940000 	 -6.144602 
-1.930000 	 -5.748140 
-1.920000 	 -6.510610 
-1.910000 	 -6.276063 
-1.900000 	 -6.315340 
-1.890000 	 -6.745698 
-1.880000 	 -7.141356 
-1.870000 	 -4.899473 
-1.860000 	 -6.811548 
-1.850000 	 -5.034898 
-1.840000 	 -7.770804 
-1.830000 	 -10.226546 
-1.820000 	 -6.737056 
-1.810000 	 -9.480935 
-1.800000 	 -4.660003 
-1.790000 	 -5.105216 
-1.780000 	 -5.462764 
-1.770000 	 -5.138242 
-1.760000 	 -7.172172 
-1.750000 	 -5.103663 
-1.740000 	 -3.841337 
-1.730000 	 -7.608158 
-1.720000 	 -4.594782 
-1.710000 	 -5.571773 
-1.700000 	 -5.338121 
-1.690000 	 -7.904208 
-1.680000 	 -4.807696 
-1.670000 	 -4.905819 
-1.660000 	 -3.230324 
-1.650000 	 -4.998428 
-1.640000 	 -4.732635 
-1.630000 	 -3.937121 
-1.620000 	 -5.452422 
-1.610000 	 -3.030155 
-1.600000 	 -3.669554 
-1.590000 	 -5.493653 
-1.580000 	 -4.902036 
-1.570000 	 -6.081771 
-1.560000 	 -6.275869 
-1.550000 	 -4.540446 
-1.540000 	 -4.333386 
-1.530000 	 -5.047636 
-1.520000 	 -2.748507 
-1.510000 	 -2.231616 
-1.500000 	 -1.471914 
-1.490000 	 -4.925662 
-1.480000 	 -3.669203 
-1.470000 	 -5.766906 
-1.460000 	 -3.312987 
-1.450000 	 -4.289443 
-1.440000 	 -4.861103 
-1.430000 	 -4.745861 
-1.420000 	 -3.381405 
-1.410000 	 -3.815685 
-1.400000 	 -3.345179 
-1.390000 	 -2.951624 
-1.380000 	 -3.695473 
-1.370000 	 -1.421266 
-1.360000 	 -2.005667 
-1.350000 	 -6.216881 
-1.340000 	 -1.748673 
-1.330000 	 -2.468880 
-1.320000 	 -1.777836 
-1.310000 	 -4.035273 
-1.300000 	 -1.971604 
-1.290000 	 -5.054993 
-1.280000 	 -2.945020 
-1.270000 	 -1.682902 
-1.260000 	 -2.458229 
-1.250000 	 -3.000185 
-1.240000 	 -1.264114 
-1.230000 	 -1.801546 
-1.220000 	 -4.050453 
-1.210000 	 -5.618795 
-1.200000 	 -4.181526 
-1.190000 	 -0.210375 
-1.180000 	 -2.918701 
-1.170000 	 -4.918696 
-1.160000 	 -4.979698 
-1.150000 	 -1.100059 
-1.140000 	 -4.529156 
-1.130000 	 -3.164781 
-1.120000 	 -2.642311 
-1.110000 	 -3.702183 
-1.100000 	 -0.832304 
-1.090000 	 -4.587529 
-1.080000 	 -2.358025 
-1.070000 	 0.657529 
-1.060000 	 -2.429419 
-1.050000 	 -2.225685 
-1.040000 	 -1.730318 
-1.030000 	 0.001916 
-1.020000 	 -1.474961 
-1.010000 	 -1.103699 
-1.000000 	 -1.164605 
-0.990000 	 -1.224608 
-0.980000 	 -3.168060 
-0.970000 	 -0.821162 
-0.960000 	 -0.705945 
-0.950000 	 -0.705395 
-0.940000 	 -1.084911 
-0.930000 	 -2.811013 
-0.920000 	 -1.257516 
-0.910000 	 2.001087 
-0.900000 	 0.421437 
-0.890000 	 -3.023661 
-0.880000 	 -1.399774 
-0.870000 	 -1.985107 
-0.860000 	 -2.283239 
-0.850000 	 -2.114747 
-0.840000 	 -0.852326 
-0.830000 	 0.217702 
-0.820000 	 -1.273987 
-0.810000 	 -1.358873 
-0.800000 	 -2.032371 
-0.790000 	 -1.040683 
-0.780000 	 -0.259719 
-0.770000 	 -2.509364 
-0.760000 	 -3.945180 
-0.750000 	 -0.363326 
-0.740000 	 0.378813 
-0.730000 	 -2.233722 
-0.720000 	 -3.953837 
-0.710000 	 3.925915 
-0.700000 	 0.289177 
-0.690000 	 -2.994453 
-0.680000 	 2.078317 
-0.670000 	 0.920509 
-0.660000 	 -0.156040 
-0.650000 	 -1.859159 
-0.640000 	 -2.881537 
-0.630000 	 0.669978 
-0.620000 	 -0.231814 
-0.610000 	 -1.024118 
-0.600000 	 1.114853 
-0.590000 	 -0.276382 
-0.580000 	 -2.120788 
-0.570000 	 -3.018170 
-0.560000 	 -3.566305 
-0.550000 	 -1.853188 
-0.540000 	 -0.295471 
-0.530000 	 1.342967 
-0.520000 	 0.578507 
-0.510000 	 -3.742531 
-0.500000 	 -0.943265 
-0.490000 	 -0.417574 
-0.480000 	 -0.841170 
-0.470000 	 -3.408969 
-0.460000 	 -0.174816 
-0.450000 	 -1.581125 
-0.440000 	 -2.420376 
-0.430000 	 1.900986 
-0.420000 	 2.533131 
-0.410000 	 1.715811 
-0.400000 	 -3.405907 
-0.390000 	 -2.562526 
-0.380000 	 -1.698917 
-0.370000 	 -2.639308 
-0.360000 	 0.027354 
-0.350000 	 -2.817464 
-0.340000 	 3.137469 
-0.330000 	 -5.503464 
-0.320000 	 -0.445278 
-0.310000 	 -0.115471 
-0.300000 	 -0.520872 
-0.290000 	 -0.773965 
-0.280000 	 0.890771 
-0.270000 	 -2.809249 
-0.260000 	 -2.749290 
-0.250000 	 1.150099 
-0.240000 	 0.169516 
-0.230000 	 -0.689824 
-0.220000 	 -1.788114 
-0.210000 	 -0.251767 
-0.200000 	 0.664805 
-0.190000 	 -3.415282 
-0.180000 	 -2.874989 
-0.170000 	 -1.462358 
-0.160000 	 -0.023364 
-0.150000 	 -0.215005 
-0.140000 	 -0.839772 
-0.130000 	 -0.198610 
-0.120000 	 0.990621 
-0.110000 	 -0.610276 
-0.100000 	 -0.959761 
-0.090000 	 -0.952709 
-0.080000 	 1.161572 
-0.070000 	 2.825381 
-0.060000 	 -1.883698 
-0.050000 	 -0.374529 
-0.040000 	 2.171154 
-0.030000 	 1.933319 
-0.020000 	 1.911324 
-0.010000 	 -1.259098 
0.000000 	 -1.865542 
0.010000 	 0.311780 
0.020000 	 0.665612 
0.030000 	 0.337479 
0.040000 	 21.000000 
0.050000 	 -0.060893 
0.060000 	 1.208221 
0.070000 	 -0.278168 
0.080000 	 -1.413044 
0.090000 	 0.925364 
0.100000 	 -1.659804 
0.110000 	 2.463558 
0.120000 	 4.728165 
0.130000 	 0.769094 
0.140000 	 0.148490 
0.150000 	 -0.583062 
0.160000 	 -0.860931 
0.170000 	 0.726628 
0.180000 	 2.167362 
0.190000 	 -0.590612 
0.200000 	 1.273194 
0.210000 	 3.024430 
0.220000 	 -3.478000 
0.230000 	 -1.088831 
0.240000 	 -5.145256 
0.250000 	 -0.481679 
0.260000 	 -2.276706 
0.270000 	 -0.745094 
0.280000 	 0.423244 
0.290000 	 -1.760521 
0.300000 	 2.801075 
0.310000 	 -1.461543 
0.320000 	 1.522432 
0.330000 	 1.850044 
0.340000 	 -0.512871 
0.350000 	 1.565610 
0.360000 	 0.565528 
0.370000 	 1.772490 
0.380000 	 -3.620824 
0.390000 	 1.965544 
0.400000 	 0.781331 
0.410000 	 0.702143 
0.420000 	 1.545288 
0.430000 	 2.079526 
0.440000 	 2.012335 
0.450000 	 -2.163512 
0.460000 	 -0.304927 
0.470000 	 -0.688825 
0.480000 	 0.794180 
0.490000 	 -1.273795 
0.500000 	 0.859158 
0.510000 	 -1.195789 
0.520000 	 3.271739 
0.530000 	 2.919625 
0.540000 	 -0.821769 
0.550000 	 -0.168219 
0.560000 	 1.417791 
0.570000 	 2.794899 
0.580000 	 2.409964 
0.590000 	 1.070036 
0.600000 	 -1.151025 
0.610000 	 1.409854 
0.620000 	 1.426472 
0.630000 	 2.801622 
0.640000 	 0.423947 
0.650000 	 3.081708 
0.660000 	 -3.155445 
0.670000 	 1.992639 
0.680000 	 -0.317650 
0.690000 	 -0.055292 
0.700000 	 2.114027 
0.710000 	 3.647008 
0.720000 	 2.226683 
0.730000 	 0.444504 
0.740000 	 -0.624061 
0.750000 	 -1.671029 
0.760000 	 0.243767 
0.770000 	 -2.366746 
0.780000 	 -1.143153 
0.790000 	 -0.887869 
0.800000 	 0.224727 
0.810000 	 0.308296 
0.820000 	 -1.278822 
0.830000 	 -1.023991 
0.840000 	 3.595005 
0.850000 	 -0.237633 
0.860000 	 0.357894 
0.870000 	 -1.391890 
0.880000 	 1.436670 
0.890000 	 2.354084 
0.900000 	 0.838217 
0.910000 	 -0.453978 
0.920000 	 -3.015444 
0.930000 	 2.541532 
0.940000 	 -0.002170 
0.950000 	 -1.299239 
0.960000 	 -0.751094 
0.970000 	 -0.690535 
0.980000 	 3.884113 
0.990000 	 1.702493 
1.000000 	 -0.790327 
1.010000 	 1.036952 
1.020000 	 -1.934551 
1.030000 	 -3.510824 
1.040000 	 3.789123 
1.050000 	 0.656121 
1.060000 	 3.402368 
1.070000 	 3.350957 
1.080000 	 1.474016 
1.090000 	 -0.077354 
1.100000 	 -1.913254 
1.110000 	 3.362240 
1.120000 	 -2.863635 
1.130000 	 -2.492421 
1.140000 	 0.868508 
1.150000 	 2.409444 
1.160000 	 2.348531 
1.170000 	 -2.041301 
1.180000 	 1.604112 
1.190000 	 1.054074 
1.200000 	 -1.491413 
1.210000 	 0.929664 
1.220000 	 4.322258 
1.230000 	 0.039545 
1.240000 	 1.046261 
1.250000 	 -2.022885 
1.260000 	 0.716571 
1.270000 	 -0.243959 
1.280000 	 0.017157 
1.290000 	 1.623833 
1.300000 	 -1.685163 
1.310000 	 0.850297 
1.320000 	 3.655183 
1.330000 	 1.531919 
1.340000 	 -2.493885 
1.350000 	 2.275575 
1.360000 	 1.099484 
1.370000 	 3.878245 
1.380000 	 -0.062313 
1.390000 	 3.272849 
1.400000 	 0.417452 
1.410000 	 -0.888547 
1.420000 	 -2.481149 
1.430000 	 0.420887 
1.440000 	 -1.018852 
1.450000 	 -0.438012 
1.460000 	 0.042798 
1.470000 	 2.766936 
1.480000 	 0.844000 
1.490000 	 2.016537 
1.500000 	 0.887475 
1.510000 	 0.875569 
1.520000 	 2.142223 
1.530000 	 0.043617 
1.540000 	 1.089714 
1.550000 	 0.453103 
1.560000 	 1.706109 
1.570000 	 -0.410993 
1.580000 	 0.177620 
1.590000 	 1.746818 
1.600000 	 -3.284461 
1.610000 	 3.940260 
1.620000 	 2.531688 
1.630000 	 1.917937 
1.640000 	 2.594207 
1.650000 	 -0.480273 
1.660000 	 3.006161 
1.670000 	 -0.623127 
1.680000 	 1.093908 
1.690000 	 3.012317 
1.700000 	 2.123098 
1.710000 	 -0.140833 
1.720000 	 2.630197 
1.730000 	 2.995163 
1.740000 	 0.601663 
1.750000 	 3.512521 
1.760000 	 0.081818 
1.770000 	 -2.331806 
1.780000 	 2.067020 
1.790000 	 0.114517 
1.800000 	 1.969363 
1.810000 	 0.053094 
1.820000 	 3.146581 
1.830000 	 0.398600 
1.840000 	 -2.630422 
1.850000 	 1.791303 
1.860000 	 2.762606 
1.870000 	 2.169139 
1.880000 	 0.006006 
1.890000 	 1.106213 
1.900000 	 0.288341 
1.910000 	 3.231830 
1.920000 	 -1.357718 
1.930000 	 2.243394 
1.940000 	 3.030510 
1.950000 	 5.231949 
1.960000 	 -0.038936 
1.970000 	 1.942976 
1.980000 	 3.984913 
1.990000 	 0.540775 
2.000000 	 3.256525 
2.010000 	 2.916977 
2.020000 	 2.805161 
2.030000 	 2.343002 
2.040000 	 0.820462 
2.050000 	 3.997099 
2.060000 	 1.200500 
2.070000 	 -0.174882 
2.080000 	 0.363266 
2.090000 	 4.123630 
2.100000 	 3.029530 
2.110000 	 5.049236 
2.120000 	 1.363265 
2.130000 	 -1.741418 
2.140000 	 1.932452 
2.150000 	 1.129314 
2.160000 	 5.060342 
2.170000 	 2.558434 
2.180000 	 3.563422 
2.190000 	 3.782638 
2.200000 	 4.250369 
2.210000 	 2.396563 
2.220000 	 1.003182 
2.230000 	 2.250565 
2.240000 	 3.075804 
2.250000 	 1.030582 
2.260000 	 4.602476 
2.270000 	 1.724080 
2.280000 	 5.752373 
2.290000 	 3.768107 
2.300000 	 2.544448 
2.310000 	 7.001786 
2.320000 	 4.717653 
2.330000 	 3.691746 
2.340000 	 5.080052 
2.350000 	 2.686320 
2.360000 	 2.304863 
2.370000 	 4.626565 
2.380000 	 4.700505 
2.390000 	 0.079714 
2.400000 	 3.983691 
2.410000 	 4.180695 
2.420000 	 4.212714 
2.430000 	 7.797242 
2.440000 	 3.909343 
2.450000 	 4.525939 
2.460000 	 5.509641 
2.470000 	 3.303861 
2.480000 	 3.508378 
2.490000 	 6.606447 
2.500000 	 4.176399 
2.510000 	 4.609021 
2.520000 	 4.867817 
2.530000 	 7.952979 
2.540000 	 4.890764 
2.550000 	 4.398815 
2.560000 	 7.319676 
2.570000 	 4.038637 
2.580000 	 5.712259 
2.590000 	 7.565735 
2.600000 	 1.462801 
2.610000 	 5.905934 
2.620000 	 7.531554 
2.630000 	 6.642480 
2.640000 	 3.556472 
2.650000 	 8.566793 
2.660000 	 5.041882 
2.670000 	 6.486512 
2.680000 	 7.063530 
2.690000 	 5.822926 
2.700000 	 7.396850 
2.710000 	 6.622254 
2.720000 	 6.766149 
2.730000 	 7.257402 
2.740000 	 8.941656 
2.750000 	 5.965237 
2.760000 	 6.804226 
2.770000 	 7.400091 
2.780000 	 9.346748 
2.790000 	 5.365221 
2.800000 	 9.223169 
2.810000 	 5.548603 
2.820000 	 6.890730 
2.830000 	 8.078622 
2.840000 	 8.387869 
2.850000 	 0.000000 
2.860000 	 9.100758 
2.870000 	 8.705081 
2.880000 	 8.883361 
2.890000 	 8.975891 
2.900000 	 9.551499 
2.910000 	 7.332753 
2.920000 	 8.830597 
2.930000 	 9.149218 
2.940000 	 8.819076 
2.950000 	 11.398212 
2.960000 	 8.166173 
2.970000 	 9.185388 
2.980000 	 13.198583 
2.990000 	 7.595330 
3.000000 	 9.376834 
3.010000 	 7.772346 
3.020000 	 10.914388 
3.030000 	 11.155093 
3.040000 	 9.291075 
3.050000 	 12.571836 
3.060000 	 11.950790 
3.070000 	 10.450721 
3.080000 	 12.893736 
3.090000 	 12.677926 
3.100000 	 9.439464 
3.110000 	 13.379853 
3.120000 	 9.733178 
3.130000 	 11.594490 
3.140000 	 9.621620 
3.150000 	 10.322813 
3.160000 	 14.639205 
3.170000 	 11.344682 
3.180000 	 14.432952 
3.190000 	 12.059629 
3.200000 	 9.320069 
3.210000 	 11.721600 
3.220000 	 12.896929 
3.230000 	 12.841931 
3.240000 	 15.067117 
3.250000 	 14.291630 
3.260000 	 12.775212 
3.270000 	 14.126811 
3.280000 	 14.851824 
3.290000 	 12.476216 
3.300000 	 15.664430 
3.310000 	 16.404148 
3.320000 	 13.152775 
3.330000 	 15.094602 
3.340000 	 17.177739 
3.350000 	 16.847886 
3.360000 	 12.292500 
3.370000 	 17.285888 
3.380000 	 18.480556 
3.390000 	 15.167024 
3.400000 	 14.049138 
3.410000 	 17.020825 
3.420000 	 18.038324 
3.430000 	 19.279176 
3.440000 	 15.429060 
3.450000 	 19.072109 
3.460000 	 16.873137 
3.470000 	 16.288067 
3.480000 	 18.673807 
3.490000 	 20.537192 
3.500000 	 21.504512 
3.510000 	 18.881995 
3.520000 	 17.020156 
3.530000 	 17.868964 
3.540000 	 20.623170 
3.550000 	 20.793325 
3.560000 	 18.958591 
3.570000 	 20.121771 
3.580000 	 18.739372 
3.590000 	 20.653387 
3.600000 	 22.506588 
3.610000 	 22.201448 
3.620000 	 20.527104 
3.630000 	 21.084058 
3.640000 	 21.069834 
3.650000 	 23.288362 
3.660000 	 22.503632 
3.670000 	 22.831447 
3.680000 	 25.138870 
3.690000 	 22.238120 
3.700000 	 26.788992 
3.710000 	 23.277677 
3.720000 	 24.953347 
3.730000 	 22.354450 
3.740000 	 26.896581 
3.750000 	 25.175731 
3.760000 	 23.968319 
3.770000 	 29.442242 
3.780000 	 28.703281 
3.790000 	 27.503846 
3.800000 	 27.516995 
3.810000 	 25.476508 
3.820000 	 25.868312 
3.830000 	 26.669592 
3.840000 	 29.727782 
3.850000 	 28.180760 
3.860000 	 28.285987 
3.870000 	 29.367786 
3.880000 	 27.730208 
3.890000 	 31.143048 
3.900000 	 30.407757 
3.910000 	 29.230193 
3.920000 	 30.954508 
3.930000 	 27.031043 
3.940000 	 29.721696 
3.950000 	 30.084055 
3.960000 	 30.792329 
3.970000 	 32.607526 
3.980000 	 34.163211 
3.990000 	 29.451504 
4.000000 	 31.759464 
