-3.000000 	 -10.287483 
-2.990000 	 -14.117603 
-2.980000 	 -12.600514 
-2.970000 	 -11.259984 
-2.960000 	 -11.747922 
-2.950000 	 -10.950400 
-2.940000 	 -8.659807 
-2.930000 	 -12.749160 
-2.920000 	 -12.270654 
-2.910000 	 -10.349733 
-2.900000 	 -11.141681 
-2.890000 	 -9.914802 
-2.880000 	 -9.401965 
-2.870000 	 -13.588380 
-2.860000 	 -11.738754 
-2.850000 	 -10.249228 
-2.840000 	 -10.645804 
-2.830000 	 -10.290400 
-2.820000 	 -10.924832 
-2.810000 	 -12.948987 
-2.800000 	 -10.651635 
-2.790000 	 -10.413267 
-2.780000 	 -12.459290 
-2.770000 	 -9.670373 
-2.760000 	 -5.690445 
-2.750000 	 -12.575726 
-2.740000 	 -13.651812 
-2.730000 	 -10.884021 
-2.720000 	 -10.122554 
-2.710000 	 -11.933984 
-2.700000 	 -11.541489 
-2.690000 	 -8.886540 
-2.680000 	 -10.973939 
-2.670000 	 -12.152418 
-2.660000 	 -8.037373 
-2.650000 	 -10.025515 
-2.640000 	 -11.126306 
-2.630000 	 -12.198131 
-2.620000 	 -13.504804 
-2.610000 	 -9.463614 
-2.600000 	 -12.742989 
-2.590000 	 -8.299533 
-2.580000 	 -7.643244 
-2.570000 	 -10.746538 
-2.560000 	 -10.261168 
-2.550000 	 -13.541558 
-2.540000 	 -7.720941 
-2.530000 	 -9.234810 
-2.520000 	 -10.597635 
-2.510000 	 -8.597272 
-2.500000 	 -8.999980 
-2.490000 	 -9.516480 
-2.480000 	 -9.746885 
-2.470000 	 -9.153945 
-2.460000 	 -10.651137 
-2.450000 	 -9.812164 
-2.440000 	 -9.477903 
-2.430000 	 -8.030355 
-2.420000 	 -12.797413 
-2.410000 	 -11.816983 
-2.400000 	 -6.777734 
-2.390000 	 -7.952269 
-2.380000 	 -8.626022 
-2.370000 	 -10.055383 
-2.360000 	 -8.853562 
-2.350000 	 -5.775801 
-2.340000 	 -7.156430 
-2.330000 	 -12.242759 
-2.320000 	 -6.990607 
-2.310000 	 -8.668416 
-2.300000 	 -7.361620 
-2.290000 	 -7.748022 
-2.280000 	 -6.765814 
-2.270000 	 -8.290954 
-2.260000 	 -7.734885 
-2.250000 	 -6.522889 
-2.240000 	 -7.285343 
-2.230000 	 -8.665368 
-2.220000 	 -7.780446 
-2.210000 	 -9.792305 
-2.200000 	 -6.980737 
-2.190000 	 -6.021541 
-2.180000 	 -8.281807 
-2.170000 	 -7.467055 
-2.160000 	 -10.488208 
-2.150000 	 -8.040111 
-2.140000 	 -7.148033 
-2.130000 	 -6.287326 
-2.120000 	 -8.150666 
-2.110000 	 -8.224470 
-2.100000 	 -8.305200 
-2.090000 	 -6.465561 
-2.080000 	 -9.552325 
-2.070000 	 -8.575465 
-2.060000 	 -6.058901 
-2.050000 	 -8.728159 
-2.040000 	 -6.301278 
-2.030000 	 -6.304216 
-2.020000 	 -5.788604 
-2.010000 	 -8.404656 
-2.000000 	 -7.062617 
-1.990000 	 -6.841676 
-1.980000 	 -6.503756 
-1.970000 	 -6.114948 
-1.960000 	 -4.711873 
-1.950000 	 -6.398273 
-1.940000 	 -6.874401 
-1.930000 	 -8.574981 
-1.920000 	 -4.986909 
-1.910000 	 -7.984853 
-1.900000 	 -5.243420 
-1.890000 	 -3.823275 
-1.880000 	 -6.097441 
-1.870000 	 -7.094865 
-1.860000 	 -7.592169 
-1.850000 	 -5.354240 
-1.840000 	 -6.113155 
-1.830000 	 -6.366902 
-1.820000 	 -6.202262 
-1.810000 	 -5.578209 
-1.800000 	 -4.789266 
-1.790000 	 -5.261365 
-1.780000 	 -4.929744 
-1.770000 	 -3.682303 
-1.760000 	 -3.162360 
-1.750000 	 -5.190171 
-1.740000 	 -7.938044 
-1.730000 	 -7.692242 
-1.720000 	 -5.340924 
-1.710000 	 -3.348627 
-1.700000 	 -5.611747 
-1.690000 	 -3.952117 
-1.680000 	 -4.408606 
-1.670000 	 -3.006383 
-1.660000 	 -9.864401 
-1.650000 	 -3.814173 
-1.640000 	 -3.844960 
-1.630000 	 -3.239108 
-1.620000 	 -4.038842 
-1.610000 	 -2.782763 
-1.600000 	 -5.611188 
-1.590000 	 -3.787442 
-1.580000 	 -3.790786 
-1.570000 	 -5.142093 
-1.560000 	 -4.030492 
-1.550000 	 -2.520917 
-1.540000 	 -6.233134 
-1.530000 	 -4.313043 
-1.520000 	 -4.954866 
-1.510000 	 -4.124109 
-1.500000 	 -2.401767 
-1.490000 	 -3.169143 
-1.480000 	 -3.978382 
-1.470000 	 -6.003198 
-1.460000 	 -4.262471 
-1.450000 	 -6.350385 
-1.440000 	 -3.714743 
-1.430000 	 -2.277381 
-1.420000 	 -5.413397 
-1.410000 	 -2.430209 
-1.400000 	 -4.530086 
-1.390000 	 -4.502134 
-1.380000 	 -4.504043 
-1.370000 	 -1.990008 
-1.360000 	 -3.471584 
-1.350000 	 -2.378332 
-1.340000 	 -2.423603 
-1.330000 	 -5.913490 
-1.320000 	 -3.796712 
-1.310000 	 -1.984170 
-1.300000 	 1.374810 
-1.290000 	 -2.892374 
-1.280000 	 -3.274139 
-1.270000 	 -5.805775 
-1.260000 	 -2.673924 
-1.250000 	 -2.308856 
-1.240000 	 4.000000 
-1.230000 	 -3.532657 
-1.220000 	 -2.977492 
-1.210000 	 -1.990347 
-1.200000 	 -3.349995 
-1.190000 	 -1.487588 
-1.180000 	 -2.293299 
-1.170000 	 -2.650961 
-1.160000 	 -3.561576 
-1.150000 	 -3.023583 
-1.140000 	 -2.998353 
-1.130000 	 -4.388893 
-1.120000 	 -0.586210 
-1.110000 	 -1.235462 
-1.100000 	 -0.695555 
-1.090000 	 -3.065664 
-1.080000 	 -5.420786 
-1.070000 	 -2.260578 
-1.060000 	 -0.935833 
-1.050000 	 -1.677758 
-1.040000 	 -1.359701 
-1.030000 	 -0.192434 
-1.020000 	 -1.720812 
-1.010000 	 -2.697837 
-1.000000 	 -4.224658 
-0.990000 	 -0.936212 
-0.980000 	 -4.077780 
-0.970000 	 -0.232691 
-0.960000 	 -1.847329 
-0.950000 	 1.714730 
-0.940000 	 -1.878701 
-0.930000 	 -0.919302 
-0.920000 	 1.393633 
-0.910000 	 -1.703715 
-0.900000 	 -0.282908 
-0.890000 	 -7.039110 
-0.880000 	 0.337428 
-0.870000 	 -0.076691 
-0.860000 	 -0.104096 
-0.850000 	 -0.540096 
-0.840000 	 -1.341658 
-0.830000 	 -0.917578 
-0.820000 	 -2.608195 
-0.810000 	 0.727898 
-0.800000 	 -1.391165 
-0.790000 	 -1.779541 
-0.780000 	 -2.068709 
-0.770000 	 1.214011 
-0.760000 	 -2.468918 
-0.750000 	 -2.114852 
-0.740000 	 -0.690274 
-0.730000 	 -3.723633 
-0.720000 	 -1.720813 
-0.710000 	 -2.671535 
-0.700000 	 -2.265277 
-0.690000 	 -2.133584 
-0.680000 	 -1.905927 
-0.670000 	 -3.455721 
-0.660000 	 -2.939571 
-0.650000 	 1.576836 
-0.640000 	 0.871930 
-0.630000 	 2.305248 
-0.620000 	 -0.825952 
-0.610000 	 2.897495 
-0.600000 	 -2.943478 
-0.590000 	 1.658374 
-0.580000 	 2.302960 
-0.570000 	 1.532525 
-0.560000 	 -0.364586 
-0.550000 	 -0.678279 
-0.540000 	 -4.095682 
-0.530000 	 -0.666889 
-0.520000 	 -3.458148 
-0.510000 	 1.723209 
-0.500000 	 -0.370274 
-0.490000 	 0.397158 
-0.480000 	 -3.078111 
-0.470000 	 -3.384426 
-0.460000 	 -1.132561 
-0.450000 	 -1.696141 
-0.440000 	 -2.952391 
-0.430000 	 0.993746 
-0.420000 	 -1.362890 
-0.410000 	 1.162064 
-0.400000 	 -1.123786 
-0.390000 	 -1.188603 
-0.380000 	 0.640164 
-0.370000 	 3.351598 
-0.360000 	 -3.807435 
-0.350000 	 0.449828 
-0.340000 	 -1.418054 
-0.330000 	 -1.486154 
-0.320000 	 -0.287539 
-0.310000 	 -2.151587 
-0.300000 	 -0.459819 
-0.290000 	 0.593351 
-0.280000 	 -1.107200 
-0.270000 	 0.903197 
-0.260000 	 0.344647 
-0.250000 	 -2.282671 
-0.240000 	 -0.673064 
-0.230000 	 -0.137648 
-0.220000 	 1.148735 
-0.210000 	 -0.697668 
-0.200000 	 2.219071 
-0.190000 	 -1.027907 
-0.180000 	 -4.275559 
-0.170000 	 3.391226 
-0.160000 	 -0.057497 
-0.150000 	 0.926587 
-0.140000 	 -0.231434 
-0.130000 	 -0.184939 
-0.120000 	 -3.454595 
-0.110000 	 0.809473 
-0.100000 	 0.472373 
-0.090000 	 -1.616814 
-0.080000 	 -0.683388 
-0.070000 	 0.289487 
-0.060000 	 -1.688102 
-0.050000 	 3.099151 
-0.040000 	 1.481938 
-0.030000 	 -1.708076 
-0.020000 	 -1.693802 
-0.010000 	 1.659706 
0.000000 	 -2.627541 
0.010000 	 -0.852592 
0.020000 	 -1.771852 
0.030000 	 2.186599 
0.040000 	 -3.073120 
0.050000 	 -1.214534 
0.060000 	 1.126706 
0.070000 	 -1.194821 
0.080000 	 0.444714 
0.090000 	 1.228715 
0.100000 	 1.793382 
0.110000 	 -1.362224 
0.120000 	 1.129699 
0.130000 	 0.365565 
0.140000 	 -0.877640 
0.150000 	 0.538069 
0.160000 	 0.427722 
0.170000 	 0.112524 
0.180000 	 0.387736 
0.190000 	 0.870612 
0.200000 	 0.045858 
0.210000 	 0.680285 
0.220000 	 1.674305 
0.230000 	 2.336080 
0.240000 	 0.417176 
0.250000 	 -0.589353 
0.260000 	 -0.493177 
0.270000 	 -0.532260 
0.280000 	 0.782454 
0.290000 	 -0.074332 
0.300000 	 2.097943 
0.310000 	 -1.223964 
0.320000 	 -1.449708 
0.330000 	 -0.333276 
0.340000 	 -1.627070 
0.350000 	 0.036404 
0.360000 	 -0.715134 
0.370000 	 -1.149327 
0.380000 	 1.401799 
0.390000 	 0.609173 
0.400000 	 -0.150019 
0.410000 	 1.457648 
0.420000 	 0.608736 
0.430000 	 -0.537173 
0.440000 	 -0.611216 
0.450000 	 2.273470 
0.460000 	 -1.424700 
0.470000 	 -0.674630 
0.480000 	 0.102080 
0.490000 	 2.421181 
0.500000 	 0.467412 
0.510000 	 -1.922454 
0.520000 	 -0.870097 
0.530000 	 0.739818 
0.540000 	 -0.290856 
0.550000 	 2.176025 
0.560000 	 -0.874100 
0.570000 	 0.612876 
0.580000 	 1.521766 
0.590000 	 2.000496 
0.600000 	 1.364578 
0.610000 	 -1.633678 
0.620000 	 -2.701138 
0.630000 	 -1.163087 
0.640000 	 1.125708 
0.650000 	 -1.230096 
0.660000 	 -1.483134 
0.670000 	 -0.209750 
0.680000 	 0.100789 
0.690000 	 1.791346 
0.700000 	 0.718852 
0.710000 	 0.131670 
0.720000 	 -3.144148 
0.730000 	 0.373433 
0.740000 	 1.591633 
0.750000 	 1.700920 
0.760000 	 1.943756 
0.770000 	 1.469891 
0.780000 	 -0.855831 
0.790000 	 -1.331469 
0.800000 	 -0.681601 
0.810000 	 -0.822138 
0.820000 	 0.606167 
0.830000 	 2.671187 
0.840000 	 -0.990642 
0.850000 	 0.369079 
0.860000 	 0.378142 
0.870000 	 0.548547 
0.880000 	 0.631094 
0.890000 	 -1.482155 
0.900000 	 1.115250 
0.910000 	 -0.705741 
0.920000 	 -1.053506 
0.930000 	 1.521043 
0.940000 	 0.267385 
0.950000 	 -2.814755 
0.960000 	 -0.731631 
0.970000 	 -0.682296 
0.980000 	 0.869642 
0.990000 	 -1.149160 
1.000000 	 0.258342 
1.010000 	 1.566790 
1.020000 	 0.097232 
1.030000 	 1.498178 
1.040000 	 1.950317 
1.050000 	 1.705711 
1.060000 	 1.601964 
1.070000 	 1.782759 
1.080000 	 -1.200450 
1.090000 	 1.183974 
1.100000 	 -2.759615 
1.110000 	 -0.388549 
1.120000 	 1.332372 
1.130000 	 -0.915770 
1.140000 	 1.773526 
1.150000 	 0.426525 
1.160000 	 -1.543840 
1.170000 	 -0.210183 
1.180000 	 0.457054 
1.190000 	 -1.052648 
1.200000 	 3.513897 
1.210000 	 2.002258 
1.220000 	 3.796451 
1.230000 	 -0.916253 
1.240000 	 -1.528982 
1.250000 	 1.563327 
1.260000 	 -1.000917 
1.270000 	 0.430083 
1.280000 	 -2.902426 
1.290000 	 -0.176726 
1.300000 	 -0.379635 
1.310000 	 -0.059715 
1.320000 	 -0.928770 
1.330000 	 0.259414 
1.340000 	 2.737657 
1.350000 	 -1.220160 
1.360000 	 1.101241 
1.370000 	 0.811825 
1.380000 	 2.197609 
1.390000 	 0.548197 
1.400000 	 0.668655 
1.410000 	 1.374638 
1.420000 	 2.845906 
1.430000 	 2.553495 
1.440000 	 -1.533184 
1.450000 	 1.958036 
1.460000 	 1.093519 
1.470000 	 -1.333719 
1.480000 	 2.587367 
1.490000 	 0.178789 
1.500000 	 -1.205230 
1.510000 	 1.862306 
1.520000 	 1.961091 
1.530000 	 -0.699497 
1.540000 	 0.101110 
1.550000 	 2.691184 
1.560000 	 3.022758 
1.570000 	 1.346563 
1.580000 	 2.211318 
1.590000 	 3.003087 
1.600000 	 2.910328 
1.610000 	 1.685871 
1.620000 	 -1.861094 
1.630000 	 1.586504 
1.640000 	 5.802110 
1.650000 	 1.045544 
1.660000 	 0.359861 
1.670000 	 -0.520211 
1.680000 	 -0.194310 
1.690000 	 -1.785716 
1.700000 	 -2.150600 
1.710000 	 1.254126 
1.720000 	 0.446290 
1.730000 	 3.371198 
1.740000 	 0.935320 
1.750000 	 1.963036 
1.760000 	 1.629219 
1.770000 	 2.520576 
1.780000 	 0.504100 
1.790000 	 2.518282 
1.800000 	 0.693809 
1.810000 	 0.713529 
1.820000 	 1.269515 
1.830000 	 0.525386 
1.840000 	 1.375185 
1.850000 	 -0.110084 
1.860000 	 0.405208 
1.870000 	 2.523129 
1.880000 	 0.707415 
1.890000 	 2.488488 
1.900000 	 0.008706 
1.910000 	 0.057130 
1.920000 	 1.915707 
1.930000 	 0.067943 
1.940000 	 0.526507 
1.950000 	 0.161993 
1.960000 	 3.880805 
1.970000 	 1.744763 
1.980000 	 1.221427 
1.990000 	 3.071124 
2.000000 	 0.947694 
2.010000 	 2.775332 
2.020000 	 2.732194 
2.030000 	 1.164330 
2.040000 	 1.764564 
2.050000 	 1.479764 
2.060000 	 2.770978 
2.070000 	 2.549782 
2.080000 	 1.991153 
2.090000 	 2.611984 
2.100000 	 0.976988 
2.110000 	 3.579508 
2.120000 	 2.971149 
2.130000 	 1.762953 
2.140000 	 1.825213 
2.150000 	 1.448516 
2.160000 	 2.118032 
2.170000 	 3.082876 
2.180000 	 3.412497 
2.190000 	 3.319808 
2.200000 	 4.653340 
2.210000 	 2.737968 
2.220000 	 3.407824 
2.230000 	 -0.995040 
2.240000 	 2.814288 
2.250000 	 2.999084 
2.260000 	 2.936484 
2.270000 	 7.914857 
2.280000 	 6.681233 
2.290000 	 1.960693 
2.300000 	 2.159381 
2.310000 	 1.986557 
2.320000 	 -0.948893 
2.330000 	 1.532250 
2.340000 	 4.133933 
2.350000 	 0.637924 
2.360000 	 4.243893 
2.370000 	 3.304278 
2.380000 	 4.537616 
2.390000 	 6.723487 
2.400000 	 4.115124 
2.410000 	 2.951122 
2.420000 	 5.698709 
2.430000 	 4.454394 
2.440000 	 6.191457 
2.450000 	 4.724427 
2.460000 	 4.690967 
2.470000 	 7.081579 
2.480000 	 4.231400 
2.490000 	 4.596021 
2.500000 	 5.551423 
2.510000 	 2.555187 
2.520000 	 4.584716 
2.530000 	 4.341450 
2.540000 	 3.636745 
2.550000 	 5.064531 
2.560000 	 3.382164 
2.570000 	 2.666535 
2.580000 	 4.996386 
2.590000 	 5.528370 
2.600000 	 4.873955 
2.610000 	 6.086760 
2.620000 	 7.237573 
2.630000 	 7.754746 
2.640000 	 6.347627 
2.650000 	 8.443012 
2.660000 	 6.146132 
2.670000 	 6.136170 
2.680000 	 8.241789 
2.690000 	 3.702501 
2.700000 	 6.186613 
2.710000 	 4.582630 
2.720000 	 9.044463 
2.730000 	 8.583016 
2.740000 	 9.495531 
2.750000 	 4.447439 
2.760000 	 7.463453 
2.770000 	 9.071515 
2.780000 	 7.927800 
2.790000 	 8.012934 
2.800000 	 8.127458 
2.810000 	 4.531641 
2.820000 	 7.571904 
2.830000 	 9.505626 
2.840000 	 6.984719 
2.850000 	 8.615182 
2.860000 	 8.347287 
2.870000 	 9.627057 
2.880000 	 7.753476 
2.890000 	 9.479723 
2.900000 	 7.278740 
2.910000 	 7.864646 
2.920000 	 8.886889 
2.930000 	 9.609384 
2.940000 	 8.735010 
2.950000 	 11.997261 
2.960000 	 10.213929 
2.970000 	 10.516740 
2.980000 	 11.316805 
2.990000 	 9.140210 
3.000000 	 7.984696 
3.010000 	 9.663749 
3.020000 	 9.828127 
3.030000 	 10.817364 
3.040000 	 10.981816 
3.050000 	 12.085189 
3.060000 	 10.589895 
3.070000 	 12.229791 
3.080000 	 12.035616 
3.090000 	 14.307181 
3.100000 	 11.494254 
3.110000 	 11.004291 
3.120000 	 12.117099 
3.130000 	 -11.000000 
3.140000 	 11.931975 
3.150000 	 14.822153 
3.160000 	 11.251912 
3.170000 	 13.812329 
3.180000 	 12.922922 
3.190000 	 11.076405 
3.200000 	 11.083993 
3.210000 	 13.127165 
3.220000 	 10.065497 
3.230000 	 14.698522 
3.240000 	 11.471517 
3.250000 	 11.357057 
3.260000 	 13.551346 
3.270000 	 16.514286 
3.280000 	 14.411191 
3.290000 	 12.637806 
3.300000 	 13.688126 
3.310000 	 15.897534 
3.320000 	 15.869017 
3.330000 	 15.683373 
3.340000 	 15.109736 
3.350000 	 13.389918 
3.360000 	 16.704615 
3.370000 	 16.264376 
3.380000 	 14.688176 
3.390000 	 14.588125 
3.400000 	 15.596695 
3.410000 	 17.405305 
3.420000 	 16.341023 
3.430000 	 20.317392 
3.440000 	 18.217786 
3.450000 	 16.179493 
3.460000 	 22.076274 
3.470000 	 19.354160 
3.480000 	 19.932775 
3.490000 	 20.408733 
3.500000 	 17.918438 
3.510000 	 18.266413 
3.520000 	 18.595828 
3.530000 	 19.163375 
3.540000 	 23.456584 
3.550000 	 23.578228 
3.560000 	 21.531134 
3.570000 	 19.445861 
3.580000 	 17.872231 
3.590000 	 20.888552 
3.600000 	 20.795967 
3.610000 	 23.868578 
3.620000 	 22.282548 
3.630000 	 20.515357 
3.640000 	 24.403275 
3.650000 	 23.949265 
3.660000 	 25.223610 
3.670000 	 22.103598 
3.680000 	 24.739703 
3.690000 	 24.009212 
3.700000 	 24.106362 
3.710000 	 25.666770 
3.720000 	 25.177616 
3.730000 	 24.686147 
3.740000 	 27.678077 
3.750000 	 23.617193 
3.760000 	 25.628093 
3.770000 	 25.957804 
3.780000 	 24.416744 
3.790000 	 26.034877 
3.800000 	 26.460457 
3.810000 	 28.572926 
3.820000 	 27.970461 
3.830000 	 28.643527 
3.840000 	 26.745559 
3.850000 	 26.232031 
3.860000 	 31.921865 
3.870000 	 28.320207 
3.880000 	 32.046701 
3.890000 	 27.544187 
3.900000 	 29.521873 
3.910000 	 30.168783 
3.920000 	 30.023485 
3.930000 	 30.349612 
3.940000 	 32.117716 
3.950000 	 31.727114 
3.960000 	 30.836301 
3.970000 	 32.016870 
3.980000 	 34.970201 
3.990000 	 30.336437 
4.000000 	 31.744201 
