-3.000000 	 -14.291505 
-2.990000 	 -11.311072 
-2.980000 	 -12.635942 
-2.970000 	 -12.532996 
-2.960000 	 -10.918855 
-2.950000 	 -11.659159 
-2.940000 	 -13.651276 
-2.930000 	 -12.660200 
-2.920000 	 -12.246587 
-2.910000 	 -12.936649 
-2.900000 	 -11.604427 
-2.890000 	 -10.661130 
-2.880000 	 -13.210528 
-2.870000 	 -12.820527 
-2.860000 	 -12.815425 
-2.850000 	 -11.579968 
-2.840000 	 -9.656378 
-2.830000 	 -10.126563 
-2.820000 	 -10.782441 
-2.810000 	 -11.210058 
-2.800000 	 -11.311105 
-2.790000 	 -8.919081 
-2.780000 	 -10.245343 
-2.770000 	 -10.984592 
-2.760000 	 -13.389621 
-2.750000 	 -12.844424 
-2.740000 	 -10.965646 
-2.730000 	 -11.461197 
-2.720000 	 -11.384017 
-2.710000 	 -9.125506 
-2.700000 	 -8.777236 
-2.690000 	 -9.087634 
-2.680000 	 -10.942939 
-2.670000 	 -9.353923 
-2.660000 	 -10.933510 
-2.650000 	 -8.758031 
-2.640000 	 -8.540484 
-2.630000 	 -9.306066 
-2.620000 	 -9.594508 
-2.610000 	 -10.398115 
-2.600000 	 -8.930284 
-2.590000 	 -12.264393 
-2.580000 	 -9.742422 
-2.570000 	 -12.970618 
-2.560000 	 -11.072337 
-2.550000 	 -8.753022 
-2.540000 	 -10.592204 
-2.530000 	 -6.459354 
-2.520000 	 -6.802654 
-2.510000 	 -8.843977 
-2.500000 	 -8.455774 
-2.490000 	 -10.187768 
-2.480000 	 -9.778542 
-2.470000 	 -7.861064 
-2.460000 	 -10.808633 
-2.450000 	 -8.419261 
-2.440000 	 -8.948396 
-2.430000 	 -7.669141 
-2.420000 	 -9.849148 
-2.410000 	 -7.151676 
-2.400000 	 -9.996591 
-2.390000 	 -10.126774 
-2.380000 	 -9.789224 
-2.370000 	 -11.137314 
-2.360000 	 -9.894424 
-2.350000 	 -8.763817 
-2.340000 	 -8.058187 
-2.330000 	 -10.994991 
-2.320000 	 -6.139665 
-2.310000 	 -8.590523 
-2.300000 	 -7.161002 
-2.290000 	 -11.608299 
-2.280000 	 -6.848165 
-2.270000 	 -7.198418 
-2.260000 	 -7.962126 
-2.250000 	 -8.303654 
-2.240000 	 -7.556614 
-2.230000 	 -7.132697 
-2.220000 	 -5.477388 
-2.210000 	 -8.601724 
-2.200000 	 -6.408907 
-2.190000 	 -9.068496 
-2.180000 	 -7.909140 
-2.170000 	 -6.389322 
-2.160000 	 -8.581269 
-2.150000 	 -5.503335 
-2.140000 	 -10.476343 
-2.130000 	 -7.404355 
-2.120000 	 -7.482054 
-2.110000 	 -5.803273 
-2.100000 	 -8.266752 
-2.090000 	 -9.296381 
-2.080000 	 -7.775197 
-2.070000 	 -9.190754 
-2.060000 	 -6.517680 
-2.050000 	 -3.036227 
-2.040000 	 -8.175511 
-2.030000 	 -7.290958 
-2.020000 	 -6.887306 
-2.010000 	 -6.074794 
-2.000000 	 -6.409968 
-1.990000 	 -7.580658 
-1.980000 	 -7.653705 
-1.970000 	 -8.031462 
-1.960000 	 -7.352796 
-1.950000 	 -5.030334 
-1.940000 	 -6.559861 
-1.930000 	 -7.944982 
-1.920000 	 -7.192674 
-1.910000 	 -2.977650 
-1.900000 	 -5.537800 
-1.890000 	 -7.870391 
-1.880000 	 -7.829164 
-1.870000 	 -5.507235 
-1.860000 	 -4.197846 
-1.850000 	 -6.957466 
-1.840000 	 -7.861227 
-1.830000 	 -8.464977 
-1.820000 	 -8.610944 
-1.810000 	 -5.551298 
-1.800000 	 -6.466830 
-1.790000 	 -7.280773 
-1.780000 	 -6.507563 
-1.770000 	 -7.450287 
-1.760000 	 -4.192165 
-1.750000 	 -3.641078 
-1.740000 	 -3.234290 
-1.730000 	 -8.523345 
-1.720000 	 -5.443646 
-1.710000 	 -6.493786 
-1.700000 	 -6.869924 
-1.690000 	 -7.280577 
-1.680000 	 -3.144230 
-1.670000 	 -4.144213 
-1.660000 	 -4.174359 
-1.650000 	 -5.846849 
-1.640000 	 -4.511010 
-1.630000 	 -3.920953 
-1.620000 	 -4.692318 
-1.610000 	 -5.003251 
-1.600000 	 -3.875935 
-1.590000 	 -3.231714 
-1.580000 	 -3.370182 
-1.570000 	 -3.818453 
-1.560000 	 -4.411169 
-1.550000 	 -4.154729 
-1.540000 	 -4.914066 
-1.530000 	 -5.760034 
-1.520000 	 -5.939731 
-1.510000 	 -5.410152 
-1.500000 	 -4.455755 
-1.490000 	 -4.223668 
-1.480000 	 -3.619066 
-1.470000 	 -3.573663 
-1.460000 	 -4.104357 
-1.450000 	 -3.307239 
-1.440000 	 -5.018070 
-1.430000 	 -6.074567 
-1.420000 	 -1.020669 
-1.410000 	 -5.128435 
-1.400000 	 -4.167800 
-1.390000 	 -3.144222 
-1.380000 	 -4.173649 
-1.370000 	 -4.280231 
-1.360000 	 -1.392941 
-1.350000 	 -6.521782 
-1.340000 	 -3.091671 
-1.330000 	 -3.754658 
-1.320000 	 -4.692227 
-1.310000 	 -1.389214 
-1.300000 	 -4.354936 
-1.290000 	 -4.137797 
-1.280000 	 -4.485755 
-1.270000 	 -3.932320 
-1.260000 	 -2.746623 
-1.250000 	 -2.666812 
-1.240000 	 -0.584100 
-1.230000 	 -1.147812 
-1.220000 	 -1.774045 
-1.210000 	 -3.266460 
-1.200000 	 -1.676165 
-1.190000 	 -2.237527 
-1.180000 	 -4.887060 
-1.170000 	 -3.053867 
-1.160000 	 -1.810733 
-1.150000 	 -2.305678 
-1.140000 	 -5.750602 
-1.130000 	 -1.482139 
-1.120000 	 -3.715672 
-1.110000 	 -0.297002 
-1.100000 	 -0.098154 
-1.090000 	 -2.012522 
-1.080000 	 -1.726626 
-1.070000 	 -2.652463 
-1.060000 	 -1.122915 
-1.050000 	 -0.514107 
-1.040000 	 -4.554341 
-1.030000 	 -1.686667 
-1.020000 	 -1.649400 
-1.010000 	 -2.270843 
-1.000000 	 -2.753724 
-0.990000 	 -4.375504 
-0.980000 	 -0.626516 
-0.970000 	 -1.264091 
-0.960000 	 -3.812315 
-0.950000 	 -0.009102 
-0.940000 	 -1.981872 
-0.930000 	 -2.732369 
-0.920000 	 -1.095330 
-0.910000 	 -0.561209 
-0.900000 	 -1.621054 
-0.890000 	 -3.268489 
-0.880000 	 0.494298 
-0.870000 	 0.112320 
-0.860000 	 -1.339236 
-0.850000 	 -2.335006 
-0.840000 	 2.799353 
-0.830000 	 -3.124624 
-0.820000 	 1.476717 
-0.810000 	 -3.006267 
-0.800000 	 -2.538372 
-0.790000 	 -0.147212 
-0.780000 	 0.335090 
-0.770000 	 0.687741 
-0.760000 	 1.175720 
-0.750000 	 -0.987568 
-0.740000 	 -0.014880 
-0.730000 	 -2.767381 
-0.720000 	 -0.797578 
-0.710000 	 -5.269310 
-0.700000 	 -0.959498 
-0.690000 	 -0.328392 
-0.680000 	 -1.423074 
-0.670000 	 0.541027 
-0.660000 	 -1.522271 
-0.650000 	 -3.121609 
-0.640000 	 -3.120348 
-0.630000 	 -1.942117 
-0.620000 	 -0.816230 
-0.610000 	 -1.233652 
-0.600000 	 -1.007545 
-0.590000 	 -1.363790 
-0.580000 	 -4.938136 
-0.570000 	 3.751874 
-0.560000 	 -1.193920 
-0.550000 	 -1.711975 
-0.540000 	 -0.669301 
-0.530000 	 -0.045273 
-0.520000 	 -1.861039 
-0.510000 	 0.977813 
-0.500000 	 0.292304 
-0.490000 	 -0.869445 
-0.480000 	 0.797901 
-0.470000 	 -2.368774 
-0.460000 	 -3.263111 
-0.450000 	 0.482501 
-0.440000 	 1.951760 
-0.430000 	 0.776451 
-0.420000 	 -2.543267 
-0.410000 	 2.476232 
-0.400000 	 -1.755527 
-0.390000 	 -0.528493 
-0.380000 	 -4.427911 
-0.370000 	 -0.890212 
-0.360000 	 5.382319 
-0.350000 	 -0.426324 
-0.340000 	 -3.723367 
-0.330000 	 -0.140772 
-0.320000 	 -1.603596 
-0.310000 	 1.821556 
-0.300000 	 0.285406 
-0.290000 	 -0.478405 
-0.280000 	 -1.975466 
-0.270000 	 0.030836 
-0.260000 	 0.749575 
-0.250000 	 0.344402 
-0.240000 	 -0.132166 
-0.230000 	 0.230875 
-0.220000 	 -1.533389 
-0.210000 	 1.284449 
-0.200000 	 -1.668703 
-0.190000 	 -1.274657 
-0.180000 	 -3.934233 
-0.170000 	 -2.326834 
-0.160000 	 1.575757 
-0.150000 	 -2.941536 
-0.140000 	 -0.917489 
-0.130000 	 2.885958 
-0.120000 	 1.152329 
-0.110000 	 0.019483 
-0.100000 	 1.286503 
-0.090000 	 0.287077 
-0.080000 	 -1.673159 
-0.070000 	 0.471756 
-0.060000 	 1.307096 
-0.050000 	 0.934009 
-0.040000 	 0.227815 
-0.030000 	 -0.444462 
-0.020000 	 1.520475 
-0.010000 	 2.621198 
0.000000 	 -2.597103 
0.010000 	 1.453792 
0.020000 	 -1.065182 
0.030000 	 0.670036 
0.040000 	 -0.718985 
0.050000 	 1.548553 
0.060000 	 1.244766 
0.070000 	 0.189432 
0.080000 	 -0.107874 
0.090000 	 0.160446 
0.100000 	 0.970557 
0.110000 	 1.676098 
0.120000 	 1.307899 
0.130000 	 -1.303023 
0.140000 	 -1.047756 
0.150000 	 -1.271846 
0.160000 	 -1.775308 
0.170000 	 0.855315 
0.180000 	 -0.941162 
0.190000 	 -1.142909 
0.200000 	 -2.738319 
0.210000 	 0.350844 
0.220000 	 -0.862378 
0.230000 	 2.229507 
0.240000 	 1.531684 
0.250000 	 -1.205214 
0.260000 	 2.399367 
0.270000 	 -2.843752 
0.280000 	 -0.149445 
0.290000 	 0.780887 
0.300000 	 -2.441269 
0.310000 	 1.073005 
0.320000 	 1.445950 
0.330000 	 1.583600 
0.340000 	 -0.880751 
0.350000 	 0.590162 
0.360000 	 -1.532984 
0.370000 	 2.518000 
0.380000 	 0.881535 
0.390000 	 -0.018245 
0.400000 	 -4.470735 
0.410000 	 0.286338 
0.420000 	 2.831291 
0.430000 	 2.764106 
0.440000 	 -1.906692 
0.450000 	 3.425036 
0.460000 	 1.415656 
0.470000 	 -0.475342 
0.480000 	 2.218993 
0.490000 	 0.383921 
0.500000 	 0.961312 
0.510000 	 1.759356 
0.520000 	 0.657821 
0.530000 	 -0.648470 
0.540000 	 2.140670 
0.550000 	 -1.065718 
0.560000 	 -3.773862 
0.570000 	 0.411133 
0.580000 	 -0.551884 
0.590000 	 0.349241 
0.600000 	 -1.449635 
0.610000 	 -1.236591 
0.620000 	 -1.869991 
0.630000 	 1.552130 
0.640000 	 -0.093817 
0.650000 	 0.029305 
0.660000 	 -0.742853 
0.670000 	 -1.285710 
0.680000 	 -0.738720 
0.690000 	 -0.389425 
0.700000 	 -2.592832 
0.710000 	 1.151986 
0.720000 	 -0.721721 
0.730000 	 -3.904295 
0.740000 	 -1.135276 
0.750000 	 0.703985 
0.760000 	 -1.123283 
0.770000 	 -1.925800 
0.780000 	 2.625695 
0.790000 	 -0.190549 
0.800000 	 -1.053659 
0.810000 	 4.267738 
0.820000 	 -0.867931 
0.830000 	 3.319933 
0.840000 	 3.699714 
0.850000 	 -3.076602 
0.860000 	 -1.617618 
0.870000 	 -1.702253 
0.880000 	 -1.135115 
0.890000 	 -0.785888 
0.900000 	 -0.463453 
0.910000 	 0.595833 
0.920000 	 -0.696799 
0.930000 	 0.764997 
0.940000 	 0.329803 
0.950000 	 -0.355829 
0.960000 	 -0.039916 
0.970000 	 1.229656 
0.980000 	 3.324221 
0.990000 	 0.181801 
1.000000 	 -0.293926 
1.010000 	 -2.239163 
1.020000 	 1.537242 
1.030000 	 1.597327 
1.040000 	 -0.397483 
1.050000 	 4.474035 
1.060000 	 2.167887 
1.070000 	 1.722088 
1.080000 	 -1.242308 
1.090000 	 1.201822 
1.100000 	 -1.755418 
1.110000 	 -0.225032 
1.120000 	 -0.715529 
1.130000 	 0.976882 
1.140000 	 0.021007 
1.150000 	 3.220737 
1.160000 	 -1.024894 
1.170000 	 1.735020 
1.180000 	 3.765147 
1.190000 	 0.281319 
1.200000 	 0.646931 
1.210000 	 0.045497 
1.220000 	 -0.929730 
1.230000 	 3.571500 
1.240000 	 1.585436 
1.250000 	 2.547447 
1.260000 	 5.716834 
1.270000 	 1.347330 
1.280000 	 -0.335891 
1.290000 	 3.305162 
1.300000 	 -0.724069 
1.310000 	 2.407698 
1.320000 	 1.220719 
1.330000 	 3.392661 
1.340000 	 -0.765367 
1.350000 	 -1.908503 
1.360000 	 -0.627321 
1.370000 	 0.681518 
1.380000 	 0.249763 
1.390000 	 1.423586 
1.400000 	 0.404978 
1.410000 	 -0.110811 
1.420000 	 -0.254359 
1.430000 	 1.517280 
1.440000 	 -1.320256 
1.450000 	 -1.641468 
1.460000 	 -0.815763 
1.470000 	 0.156218 
1.480000 	 2.914138 
1.490000 	 -1.081379 
1.500000 	 -0.141100 
1.510000 	 2.889043 
1.520000 	 4.293674 
1.530000 	 0.470226 
1.540000 	 0.702880 
1.550000 	 1.377726 
1.560000 	 1.352355 
1.570000 	 1.131273 
1.580000 	 0.598806 
1.590000 	 1.278396 
1.600000 	 -0.626091 
1.610000 	 1.480543 
1.620000 	 1.494657 
1.630000 	 0.301807 
1.640000 	 0.165999 
1.650000 	 -0.430241 
1.660000 	 0.461241 
1.670000 	 0.977216 
1.680000 	 2.135770 
1.690000 	 2.568377 
1.700000 	 0.665776 
1.710000 	 -1.375752 
1.720000 	 2.085967 
1.730000 	 2.579161 
1.740000 	 2.036041 
1.750000 	 0.166491 
1.760000 	 1.702833 
1.770000 	 1.683158 
1.780000 	 1.219376 
1.790000 	 -0.512621 
1.800000 	 -0.434951 
1.810000 	 1.538433 
1.820000 	 0.838125 
1.830000 	 1.994112 
1.840000 	 0.484006 
1.850000 	 4.792591 
1.860000 	 0.374400 
1.870000 	 2.316014 
1.880000 	 2.089314 
1.890000 	 3.624069 
1.900000 	 -0.350149 
1.910000 	 -0.666915 
1.920000 	 0.080907 
1.930000 	 2.072650 
1.940000 	 2.663543 
1.950000 	 0.650965 
1.960000 	 1.043342 
1.970000 	 2.162827 
1.980000 	 1.604306 
1.990000 	 -2.125024 
2.000000 	 1.215520 
2.010000 	 2.340711 
2.020000 	 0.047541 
2.030000 	 4.160120 
2.040000 	 1.349049 
2.050000 	 0.984243 
2.060000 	 2.951016 
2.070000 	 2.809870 
2.080000 	 3.256714 
2.090000 	 4.121402 
2.100000 	 1.649142 
2.110000 	 2.660196 
2.120000 	 1.700650 
2.130000 	 3.236307 
2.140000 	 1.623931 
2.150000 	 0.882222 
2.160000 	 1.261101 
2.170000 	 1.247149 
2.180000 	 0.384610 
2.190000 	 2.259667 
2.200000 	 4.334735 
2.210000 	 3.873772 
2.220000 	 0.806766 
2.230000 	 1.086371 
2.240000 	 4.985543 
2.250000 	 3.420983 
2.260000 	 4.312407 
2.270000 	 3.198873 
2.280000 	 5.209938 
2.290000 	 4.821075 
2.300000 	 3.788946 
2.310000 	 1.945746 
2.320000 	 2.348316 
2.330000 	 5.918081 
2.340000 	 3.954977 
2.350000 	 3.199712 
2.360000 	 5.153636 
2.370000 	 0.879875 
2.380000 	 3.794552 
2.390000 	 4.224204 
2.400000 	 4.373095 
2.410000 	 5.133848 
2.420000 	 3.285354 
2.430000 	 1.380114 
2.440000 	 4.574654 
2.450000 	 3.665659 
2.460000 	 3.845430 
2.470000 	 3.508961 
2.480000 	 3.221965 
2.490000 	 4.131165 
2.500000 	 1.791841 
2.510000 	 2.844736 
2.520000 	 4.094051 
2.530000 	 7.227395 
2.540000 	 5.038074 
2.550000 	 8.302940 
2.560000 	 5.462881 
2.570000 	 3.478854 
2.580000 	 6.541595 
2.590000 	 7.769418 
2.600000 	 5.077441 
2.610000 	 6.693276 
2.620000 	 7.821272 
2.630000 	 4.438269 
2.640000 	 5.521686 
2.650000 	 0.472370 
2.660000 	 3.839812 
2.670000 	 6.667121 
2.680000 	 4.541637 
2.690000 	 6.600594 
2.700000 	 9.463794 
2.710000 	 4.453376 
2.720000 	 7.766565 
2.730000 	 7.577010 
2.740000 	 7.033057 
2.750000 	 5.813102 
2.760000 	 8.981985 
2.770000 	 8.822485 
2.780000 	 10.585612 
2.790000 	 7.820914 
2.800000 	 11.312282 
2.810000 	 7.769554 
2.820000 	 6.490402 
2.830000 	 10.478492 
2.840000 	 6.152267 
2.850000 	 8.700582 
2.860000 	 6.507878 
2.870000 	 7.529485 
2.880000 	 8.750006 
2.890000 	 5.811104 
2.900000 	 8.375882 
2.910000 	 11.789487 
2.920000 	 10.272111 
2.930000 	 8.753233 
2.940000 	 9.085514 
2.950000 	 12.811175 
2.960000 	 10.069247 
2.970000 	 10.541323 
2.980000 	 8.574315 
2.990000 	 5.720958 
3.000000 	 11.639880 
3.010000 	 11.770437 
3.020000 	 11.064958 
3.030000 	 15.832573 
3.040000 	 11.587702 
3.050000 	 10.479799 
3.060000 	 11.721178 
3.070000 	 11.875368 
3.080000 	 11.883489 
3.090000 	 12.372954 
3.100000 	 12.144160 
3.110000 	 14.649804 
3.120000 	 10.858945 
3.130000 	 11.537093 
3.140000 	 10.792410 
3.150000 	 11.819633 
3.160000 	 12.784162 
3.170000 	 18.047405 
3.180000 	 15.322669 
3.190000 	 13.425686 
3.200000 	 14.058722 
3.210000 	 11.862995 
3.220000 	 13.711769 
3.230000 	 13.555515 
3.240000 	 15.128024 
3.250000 	 16.104180 
3.260000 	 14.446253 
3.270000 	 15.644954 
3.280000 	 12.600034 
3.290000 	 15.234673 
3.300000 	 17.996733 
3.310000 	 17.786929 
3.320000 	 15.023197 
3.330000 	 17.098466 
3.340000 	 13.934095 
3.350000 	 14.993866 
3.360000 	 15.341055 
3.370000 	 17.759962 
3.380000 	 14.993723 
3.390000 	 17.153057 
3.400000 	 17.178987 
3.410000 	 17.883349 
3.420000 	 16.059188 
3.430000 	 17.352412 
3.440000 	 16.292998 
3.450000 	 17.024085 
3.460000 	 15.784886 
3.470000 	 15.325137 
3.480000 	 21.390707 
3.490000 	 17.711234 
3.500000 	 16.462247 
3.510000 	 18.199162 
3.520000 	 20.279346 
3.530000 	 20.737362 
3.540000 	 19.567794 
3.550000 	 20.570427 
3.560000 	 21.823731 
3.570000 	 22.692328 
3.580000 	 20.969337 
3.590000 	 20.366487 
3.600000 	 20.757199 
3.610000 	 18.920697 
3.620000 	 22.049414 
3.630000 	 21.075270 
3.640000 	 17.570059 
3.650000 	 23.961710 
3.660000 	 23.665292 
3.670000 	 23.226112 
3.680000 	 25.111324 
3.690000 	 24.525539 
3.700000 	 24.638610 
3.710000 	 24.566174 
3.720000 	 24.578666 
3.730000 	 1.000000 
3.740000 	 23.819615 
3.750000 	 25.491270 
3.760000 	 25.083971 
3.770000 	 25.079809 
3.780000 	 26.657877 
3.790000 	 27.740382 
3.800000 	 27.490210 
3.810000 	 26.277438 
3.820000 	 5.000000 
3.830000 	 26.791428 
3.840000 	 26.721200 
3.850000 	 29.003738 
3.860000 	 31.234131 
3.870000 	 28.215617 
3.880000 	 29.010769 
3.890000 	 30.761994 
3.900000 	 28.507064 
3.910000 	 28.530607 
3.920000 	 27.104162 
3.930000 	 31.275305 
3.940000 	 33.676382 
3.950000 	 30.324156 
3.960000 	 31.568729 
3.970000 	 31.089829 
3.980000 	 33.433023 
3.990000 	 35.815084 
4.000000 	 33.122113 
