-3.000000 	 -13.105085 
-2.990000 	 -13.834776 
-2.980000 	 -10.574488 
-2.970000 	 -11.860852 
-2.960000 	 -10.585810 
-2.950000 	 -10.559233 
-2.940000 	 -13.046018 
-2.930000 	 -11.753256 
-2.920000 	 -11.573374 
-2.910000 	 2.000000 
-2.900000 	 -12.209907 
-2.890000 	 -11.522586 
-2.880000 	 -11.438361 
-2.870000 	 -11.161052 
-2.860000 	 -10.839978 
-2.850000 	 -11.501858 
-2.840000 	 -10.081983 
-2.830000 	 -11.880974 
-2.820000 	 -10.959679 
-2.810000 	 -11.066951 
-2.800000 	 -10.162388 
-2.790000 	 -9.650773 
-2.780000 	 -13.758981 
-2.770000 	 -14.984722 
-2.760000 	 -7.820456 
-2.750000 	 -9.535041 
-2.740000 	 -9.882538 
-2.730000 	 -8.710517 
-2.720000 	 -15.111948 
-2.710000 	 -12.895046 
-2.700000 	 -14.322335 
-2.690000 	 -11.074123 
-2.680000 	 -12.090308 
-2.670000 	 -12.295885 
-2.660000 	 -9.287814 
-2.650000 	 -10.464170 
-2.640000 	 -13.920464 
-2.630000 	 -10.459116 
-2.620000 	 -10.678531 
-2.610000 	 -11.392725 
-2.600000 	 -10.499357 
-2.590000 	 -7.776019 
-2.580000 	 -10.914295 
-2.570000 	 -9.943257 
-2.560000 	 -9.922130 
-2.550000 	 -12.344076 
-2.540000 	 -8.989079 
-2.530000 	 -9.436702 
-2.520000 	 -8.272305 
-2.510000 	 -10.313920 
-2.500000 	 -8.965587 
-2.490000 	 -10.286542 
-2.480000 	 -9.945278 
-2.470000 	 -10.336367 
-2.460000 	 -8.667554 
-2.450000 	 -8.262249 
-2.440000 	 -8.065031 
-2.430000 	 -11.831573 
-2.420000 	 -8.967751 
-2.410000 	 -6.582133 
-2.400000 	 -10.375326 
-2.390000 	 -7.299860 
-2.380000 	 -10.479706 
-2.370000 	 -8.141444 
-2.360000 	 -11.993404 
-2.350000 	 -8.087957 
-2.340000 	 -9.342095 
-2.330000 	 -7.920363 
-2.320000 	 -8.824582 
-2.310000 	 -10.584476 
-2.300000 	 -8.021709 
-2.290000 	 -8.077940 
-2.280000 	 -8.968794 
-2.270000 	 -8.893069 
-2.260000 	 -4.447379 
-2.250000 	 -10.562454 
-2.240000 	 -10.962631 
-2.230000 	 -7.143416 
-2.220000 	 -12.304254 
-2.210000 	 -6.972759 
-2.200000 	 -10.138508 
-2.190000 	 -10.209149 
-2.180000 	 -8.569282 
-2.170000 	 -5.980348 
-2.160000 	 -7.981520 
-2.150000 	 -9.245998 
-2.140000 	 -8.129220 
-2.130000 	 -8.557137 
-2.120000 	 -6.170824 
-2.110000 	 -4.894072 
-2.100000 	 -8.655491 
-2.090000 	 -8.649760 
-2.080000 	 -6.920443 
-2.070000 	 -7.509456 
-2.060000 	 -9.424072 
-2.050000 	 -8.547674 
-2.040000 	 -5.354737 
-2.030000 	 -9.697397 
-2.020000 	 -4.524450 
-2.010000 	 -5.603886 
-2.000000 	 -6.254626 
-1.990000 	 -8.096100 
-1.980000 	 -7.450751 
-1.970000 	 -9.412349 
-1.960000 	 -5.533129 
-1.950000 	 -8.140450 
-1.940000 	 -6.424945 
-1.930000 	 -6.733457 
-1.920000 	 -5.619891 
-1.910000 	 -5.918335 
-1.900000 	 -5.116459 
-1.890000 	 -6.352588 
-1.880000 	 -6.328694 
-1.870000 	 -6.521596 
-1.860000 	 -5.594467 
-1.850000 	 -5.557422 
-1.840000 	 -4.491257 
-1.830000 	 -7.495486 
-1.820000 	 -6.186083 
-1.810000 	 -6.027609 
-1.800000 	 -4.114527 
-1.790000 	 -6.011916 
-1.780000 	 -5.680789 
-1.770000 	 -4.852237 
-1.760000 	 -7.615757 
-1.750000 	 -4.114559 
-1.740000 	 -8.909771 
-1.730000 	 -6.761534 
-1.720000 	 -2.942969 
-1.710000 	 -4.662242 
-1.700000 	 -3.361789 
-1.690000 	 -5.342033 
-1.680000 	 -4.020632 
-1.670000 	 -2.628818 
-1.660000 	 -5.306797 
-1.650000 	 -5.360740 
-1.640000 	 -4.656761 
-1.630000 	 -5.983434 
-1.620000 	 -4.940934 
-1.610000 	 -5.703141 
-1.600000 	 -5.252434 
-1.590000 	 -3.673180 
-1.580000 	 -4.922429 
-1.570000 	 -3.082314 
-1.560000 	 -4.074551 
-1.550000 	 -4.084062 
-1.540000 	 -3.696479 
-1.530000 	 -3.906753 
-1.520000 	 -2.936301 
-1.510000 	 -3.373599 
-1.500000 	 -6.831986 
-1.490000 	 -4.477344 
-1.480000 	 -6.845211 
-1.470000 	 -3.326253 
-1.460000 	 -5.395924 
-1.450000 	 -3.311340 
-1.440000 	 -4.202225 
-1.430000 	 -2.151837 
-1.420000 	 -2.876228 
-1.410000 	 -3.800730 
-1.400000 	 -5.413195 
-1.390000 	 -5.258927 
-1.380000 	 -5.545054 
-1.370000 	 -5.301690 
-1.360000 	 -4.394182 
-1.350000 	 -5.105229 
-1.340000 	 -2.077803 
-1.330000 	 -4.498854 
-1.320000 	 -1.325565 
-1.310000 	 -2.879017 
-1.300000 	 -4.781766 
-1.290000 	 -1.408346 
-1.280000 	 -5.034568 
-1.270000 	 -3.504074 
-1.260000 	 -3.551628 
-1.250000 	 -3.173856 
-1.240000 	 -2.457359 
-1.230000 	 0.045529 
-1.220000 	 -5.112651 
-1.210000 	 1.380205 
-1.200000 	 -3.119854 
-1.190000 	 -3.151592 
-1.180000 	 -1.006977 
-1.170000 	 -1.059599 
-1.160000 	 -5.622339 
-1.150000 	 -4.195317 
-1.140000 	 -3.546751 
-1.130000 	 -2.608011 
-1.120000 	 -1.988180 
-1.110000 	 -4.382031 
-1.100000 	 -1.949747 
-1.090000 	 -4.713791 
-1.080000 	 -3.602741 
-1.070000 	 -0.752915 
-1.060000 	 -1.297694 
-1.050000 	 -1.974888 
-1.040000 	 -2.474370 
-1.030000 	 0.875256 
-1.020000 	 -2.219322 
-1.010000 	 -5.283905 
-1.000000 	 -2.079569 
-0.990000 	 -0.279946 
-0.980000 	 -4.219089 
-0.970000 	 -3.676332 
-0.960000 	 -4.382765 
-0.950000 	 -4.027419 
-0.940000 	 -2.402476 
-0.930000 	 -0.125306 
-0.920000 	 -3.825947 
-0.910000 	 -2.088099 
-0.900000 	 -2.964974 
-0.890000 	 -1.351439 
-0.880000 	 -1.936744 
-0.870000 	 -1.299600 
-0.860000 	 0.328622 
-0.850000 	 -4.871331 
-0.840000 	 -4.538551 
-0.830000 	 0.393291 
-0.820000 	 -2.643435 
-0.810000 	 -3.540473 
-0.800000 	 -0.089894 
-0.790000 	 -4.417865 
-0.780000 	 1.922945 
-0.770000 	 -4.258950 
-0.760000 	 -0.974071 
-0.750000 	 1.274889 
-0.740000 	 -3.060996 
-0.730000 	 -0.488845 
-0.720000 	 -0.972560 
-0.710000 	 -0.658233 
-0.700000 	 -3.279292 
-0.690000 	 -2.053492 
-0.680000 	 -1.638062 
-0.670000 	 -1.260299 
-0.660000 	 1.514629 
-0.650000 	 -1.725482 
-0.640000 	 -0.043531 
-0.630000 	 1.472207 
-0.620000 	 -2.476052 
-0.610000 	 -3.852195 
-0.600000 	 -2.426790 
-0.590000 	 -0.669918 
-0.580000 	 -1.653920 
-0.570000 	 -1.024996 
-0.560000 	 -0.081084 
-0.550000 	 -1.776633 
-0.540000 	 -1.711321 
-0.530000 	 -1.691325 
-0.520000 	 -0.451462 
-0.510000 	 2.001062 
-0.500000 	 -1.387598 
-0.490000 	 -3.711394 
-0.480000 	 -0.795073 
-0.470000 	 -0.807210 
-0.460000 	 -0.023265 
-0.450000 	 0.354009 
-0.440000 	 1.628313 
-0.430000 	 0.028363 
-0.420000 	 1.349947 
-0.410000 	 -0.386357 
-0.400000 	 0.047349 
-0.390000 	 -0.825887 
-0.380000 	 -1.681782 
-0.370000 	 -0.532325 
-0.360000 	 -1.015768 
-0.350000 	 -3.964110 
-0.340000 	 0.508474 
-0.330000 	 2.324596 
-0.320000 	 -4.040823 
-0.310000 	 2.094381 
-0.300000 	 -0.473363 
-0.290000 	 0.979159 
-0.280000 	 -1.976701 
-0.270000 	 -2.048876 
-0.260000 	 0.131936 
-0.250000 	 -1.775065 
-0.240000 	 -0.237089 
-0.230000 	 1.630441 
-0.220000 	 -1.385865 
-0.210000 	 -1.354903 
-0.200000 	 -0.138860 
-0.190000 	 -1.735140 
-0.180000 	 -1.410247 
-0.170000 	 2.132006 
-0.160000 	 -2.386183 
-0.150000 	 -2.782390 
-0.140000 	 0.468393 
-0.130000 	 -0.621881 
-0.120000 	 1.553408 
-0.110000 	 -0.465167 
-0.100000 	 -1.997883 
-0.090000 	 1.208812 
-0.080000 	 1.410825 
-0.070000 	 -1.203458 
-0.060000 	 1.577083 
-0.050000 	 0.203125 
-0.040000 	 -0.365002 
-0.030000 	 0.622228 
-0.020000 	 -2.035165 
-0.010000 	 1.938603 
0.000000 	 -2.930603 
0.010000 	 -0.683109 
0.020000 	 -2.115133 
0.030000 	 -2.843056 
0.040000 	 1.823419 
0.050000 	 4.263078 
0.060000 	 -0.368737 
0.070000 	 -1.684743 
0.080000 	 -0.709527 
0.090000 	 1.966630 
0.100000 	 0.019653 
0.110000 	 2.170745 
0.120000 	 -1.673242 
0.130000 	 2.212104 
0.140000 	 0.732005 
0.150000 	 0.707125 
0.160000 	 -0.060105 
0.170000 	 -4.582171 
0.180000 	 -3.166686 
0.190000 	 -2.340089 
0.200000 	 -0.900486 
0.210000 	 -1.243942 
0.220000 	 2.935374 
0.230000 	 2.195011 
0.240000 	 1.695586 
0.250000 	 -0.229493 
0.260000 	 1.427165 
0.270000 	 -2.503675 
0.280000 	 2.417704 
0.290000 	 -0.182077 
0.300000 	 0.877927 
0.310000 	 -1.020732 
0.320000 	 0.990167 
0.330000 	 3.064498 
0.340000 	 0.122199 
0.350000 	 0.539799 
0.360000 	 2.151170 
0.370000 	 -1.456647 
0.380000 	 -1.744182 
0.390000 	 1.829069 
0.400000 	 0.831600 
0.410000 	 3.324420 
0.420000 	 0.262331 
0.430000 	 -0.479519 
0.440000 	 0.426293 
0.450000 	 0.850472 
0.460000 	 -0.360513 
0.470000 	 -0.284694 
0.480000 	 0.694290 
0.490000 	 0.984310 
0.500000 	 -0.733038 
0.510000 	 6.000000 
0.520000 	 -0.283927 
0.530000 	 0.253720 
0.540000 	 0.193046 
0.550000 	 -3.031111 
0.560000 	 0.860798 
0.570000 	 0.050425 
0.580000 	 -0.398993 
0.590000 	 -0.818113 
0.600000 	 -0.638327 
0.610000 	 0.204302 
0.620000 	 -2.193407 
0.630000 	 1.338139 
0.640000 	 1.080675 
0.650000 	 0.903426 
0.660000 	 0.983736 
0.670000 	 2.929764 
0.680000 	 -0.160665 
0.690000 	 -0.417202 
0.700000 	 1.397918 
0.710000 	 -2.169044 
0.720000 	 3.166223 
0.730000 	 0.349973 
0.740000 	 2.487388 
0.750000 	 -0.996705 
0.760000 	 -0.131164 
0.770000 	 3.390840 
0.780000 	 1.898882 
0.790000 	 1.910055 
0.800000 	 2.462450 
0.810000 	 -1.915824 
0.820000 	 0.510540 
0.830000 	 0.933530 
0.840000 	 -2.607160 
0.850000 	 1.172503 
0.860000 	 1.127092 
0.870000 	 -0.534676 
0.880000 	 -0.938524 
0.890000 	 0.482604 
0.900000 	 0.982838 
0.910000 	 3.145116 
0.920000 	 2.745185 
0.930000 	 0.304213 
0.940000 	 0.522576 
0.950000 	 0.402624 
0.960000 	 1.169642 
0.970000 	 -1.417481 
0.980000 	 -1.065247 
0.990000 	 0.124185 
1.000000 	 -0.076119 
1.010000 	 2.339166 
1.020000 	 -0.661193 
1.030000 	 1.810145 
1.040000 	 -0.381896 
1.050000 	 2.481675 
1.060000 	 2.465985 
1.070000 	 1.448929 
1.080000 	 0.039048 
1.090000 	 2.253225 
1.100000 	 0.845928 
1.110000 	 -2.501773 
1.120000 	 0.695497 
1.130000 	 1.501634 
1.140000 	 0.581080 
1.150000 	 -1.206044 
1.160000 	 0.449454 
1.170000 	 2.286473 
1.180000 	 0.347764 
1.190000 	 -1.714302 
1.200000 	 -0.693005 
1.210000 	 0.459457 
1.220000 	 0.406337 
1.230000 	 0.910717 
1.240000 	 2.062430 
1.250000 	 -0.722545 
1.260000 	 0.865183 
1.270000 	 -1.385532 
1.280000 	 0.345143 
1.290000 	 -0.464427 
1.300000 	 0.415273 
1.310000 	 0.644897 
1.320000 	 0.426531 
1.330000 	 -1.395928 
1.340000 	 2.195146 
1.350000 	 -0.059285 
1.360000 	 1.188136 
1.370000 	 -0.854230 
1.380000 	 3.088858 
1.390000 	 0.595639 
1.400000 	 1.105480 
1.410000 	 3.257588 
1.420000 	 1.654667 
1.430000 	 0.978353 
1.440000 	 0.316927 
1.450000 	 3.257042 
1.460000 	 -1.106322 
1.470000 	 0.411919 
1.480000 	 -0.977153 
1.490000 	 5.754726 
1.500000 	 1.529934 
1.510000 	 1.708235 
1.520000 	 0.095433 
1.530000 	 -1.344151 
1.540000 	 -0.916823 
1.550000 	 0.406500 
1.560000 	 0.326772 
1.570000 	 1.426180 
1.580000 	 0.990894 
1.590000 	 0.872278 
1.600000 	 -0.706719 
1.610000 	 0.095027 
1.620000 	 0.020875 
1.630000 	 0.346626 
1.640000 	 3.667563 
1.650000 	 0.335492 
1.660000 	 1.675809 
1.670000 	 1.498535 
1.680000 	 2.546359 
1.690000 	 0.449991 
1.700000 	 1.625051 
1.710000 	 4.030255 
1.720000 	 -0.702092 
1.730000 	 1.971802 
1.740000 	 2.045390 
1.750000 	 3.520511 
1.760000 	 0.996284 
1.770000 	 -0.760374 
1.780000 	 -0.698333 
1.790000 	 -0.064258 
1.800000 	 2.025546 
1.810000 	 1.686441 
1.820000 	 1.974468 
1.830000 	 4.154757 
1.840000 	 3.185487 
1.850000 	 2.319952 
1.860000 	 -1.466928 
1.870000 	 3.490635 
1.880000 	 3.592208 
1.890000 	 0.056058 
1.900000 	 1.297239 
1.910000 	 -0.028479 
1.920000 	 0.458363 
1.930000 	 2.326496 
1.940000 	 2.416891 
1.950000 	 0.595540 
1.960000 	 6.779294 
1.970000 	 6.138837 
1.980000 	 2.894108 
1.990000 	 2.365916 
2.000000 	 2.156431 
2.010000 	 3.135431 
2.020000 	 0.691878 
2.030000 	 1.363172 
2.040000 	 3.201390 
2.050000 	 1.439844 
2.060000 	 1.084175 
2.070000 	 2.037293 
2.080000 	 1.109277 
2.090000 	 2.708334 
2.100000 	 0.636919 
2.110000 	 1.442774 
2.120000 	 3.117327 
2.130000 	 1.883013 
2.140000 	 3.962429 
2.150000 	 1.570008 
2.160000 	 4.620029 
2.170000 	 1.927738 
2.180000 	 4.307848 
2.190000 	 2.301542 
2.200000 	 2.904041 
2.210000 	 2.472504 
2.220000 	 1.912283 
2.230000 	 3.509112 
2.240000 	 1.620011 
2.250000 	 2.916924 
2.260000 	 1.612678 
2.270000 	 0.480252 
2.280000 	 1.419219 
2.290000 	 5.702559 
2.300000 	 4.122892 
2.310000 	 1.255582 
2.320000 	 1.301631 
2.330000 	 1.823443 
2.340000 	 3.630587 
2.350000 	 3.252527 
2.360000 	 2.132955 
2.370000 	 0.382929 
2.380000 	 6.390931 
2.390000 	 2.948003 
2.400000 	 4.116290 
2.410000 	 3.956755 
2.420000 	 4.154901 
2.430000 	 3.212190 
2.440000 	 6.933594 
2.450000 	 5.293299 
2.460000 	 4.751172 
2.470000 	 6.433691 
2.480000 	 6.359735 
2.490000 	 5.757168 
2.500000 	 2.929755 
2.510000 	 3.827337 
2.520000 	 4.875145 
2.530000 	 3.692538 
2.540000 	 6.299300 
2.550000 	 6.463199 
2.560000 	 5.676957 
2.570000 	 6.532785 
2.580000 	 7.858605 
2.590000 	 6.021101 
2.600000 	 4.212182 
2.610000 	 3.823064 
2.620000 	 7.321561 
2.630000 	 3.500479 
2.640000 	 7.010849 
2.650000 	 2.994545 
2.660000 	 7.010019 
2.670000 	 3.335385 
2.680000 	 5.367583 
2.690000 	 9.098460 
2.700000 	 2.825399 
2.710000 	 8.157689 
2.720000 	 7.294634 
2.730000 	 4.916944 
2.740000 	 7.024168 
2.750000 	 5.181215 
2.760000 	 7.055239 
2.770000 	 7.536180 
2.780000 	 5.331591 
2.790000 	 7.132219 
2.800000 	 11.007967 
2.810000 	 5.077430 
2.820000 	 5.511942 
2.830000 	 9.757027 
2.840000 	 9.477523 
2.850000 	 9.472910 
2.860000 	 7.634119 
2.870000 	 10.902935 
2.880000 	 7.367117 
2.890000 	 9.173857 
2.900000 	 10.715749 
2.910000 	 9.003831 
2.920000 	 8.893508 
2.930000 	 9.723321 
2.940000 	 9.385796 
2.950000 	 10.570573 
2.960000 	 12.923293 
2.970000 	 11.891573 
2.980000 	 9.851285 
2.990000 	 9.823214 
3.000000 	 9.634184 
3.010000 	 10.447823 
3.020000 	 13.593271 
3.030000 	 8.258726 
3.040000 	 10.681540 
3.050000 	 10.485258 
3.060000 	 10.192355 
3.070000 	 8.720345 
3.080000 	 11.142774 
3.090000 	 11.900669 
3.100000 	 12.699264 
3.110000 	 12.654223 
3.120000 	 11.806537 
3.130000 	 10.359073 
3.140000 	 11.628323 
3.150000 	 11.681497 
3.160000 	 14.956777 
3.170000 	 13.243258 
3.180000 	 12.848758 
3.190000 	 13.694150 
3.200000 	 15.349222 
3.210000 	 11.142069 
3.220000 	 12.032226 
3.230000 	 12.885039 
3.240000 	 11.854361 
3.250000 	 14.519759 
3.260000 	 14.447471 
3.270000 	 15.417429 
3.280000 	 16.846769 
3.290000 	 14.913282 
3.300000 	 11.086330 
3.310000 	 14.798465 
3.320000 	 16.360338 
3.330000 	 17.698406 
3.340000 	 17.626849 
3.350000 	 16.531900 
3.360000 	 13.023932 
3.370000 	 17.048655 
3.380000 	 17.815306 
3.390000 	 12.607730 
3.400000 	 17.388821 
3.410000 	 19.758687 
3.420000 	 16.176129 
3.430000 	 19.509223 
3.440000 	 19.795691 
3.450000 	 19.467190 
3.460000 	 18.793238 
3.470000 	 19.322676 
3.480000 	 17.846708 
3.490000 	 17.514051 
3.500000 	 19.689905 
3.510000 	 18.563128 
3.520000 	 18.692515 
3.530000 	 19.079070 
3.540000 	 19.387738 
3.550000 	 18.941679 
3.560000 	 20.443843 
3.570000 	 21.971392 
3.580000 	 20.663884 
3.590000 	 21.447529 
3.600000 	 23.495592 
3.610000 	 24.353292 
3.620000 	 21.897519 
3.630000 	 26.199722 
3.640000 	 24.147611 
3.650000 	 22.047717 
3.660000 	 28.065890 
3.670000 	 23.405116 
3.680000 	 27.507503 
3.690000 	 23.912154 
3.700000 	 25.738326 
3.710000 	 25.507462 
3.720000 	 22.891323 
3.730000 	 25.389138 
3.740000 	 23.576586 
3.750000 	 26.799649 
3.760000 	 23.047789 
3.770000 	 25.463768 
3.780000 	 25.811005 
3.790000 	 27.689149 
3.800000 	 24.943123 
3.810000 	 25.891688 
3.820000 	 26.750246 
3.830000 	 26.172903 
3.840000 	 30.443911 
3.850000 	 28.328654 
3.860000 	 28.084960 
3.870000 	 30.771464 
3.880000 	 30.925221 
3.890000 	 28.328285 
3.900000 	 27.917823 
3.910000 	 29.298137 
3.920000 	 31.017053 
3.930000 	 28.999888 
3.940000 	 29.936604 
3.950000 	 27.892916 
3.960000 	 29.100895 
3.970000 	 30.489759 
3.980000 	 32.594176 
3.990000 	 31.847381 
4.000000 	 31.144739 
