-3.000000 	 -12.524510 
-2.990000 	 -11.841492 
-2.980000 	 -11.676014 
-2.970000 	 -12.774311 
-2.960000 	 -12.510491 
-2.950000 	 -12.880483 
-2.940000 	 -11.978797 
-2.930000 	 -11.134541 
-2.920000 	 -10.375195 
-2.910000 	 -9.115948 
-2.900000 	 -9.813966 
-2.890000 	 -10.947753 
-2.880000 	 -11.675534 
-2.870000 	 -10.421851 
-2.860000 	 -11.800423 
-2.850000 	 -11.393417 
-2.840000 	 -14.131658 
-2.830000 	 -12.951860 
-2.820000 	 -11.842831 
-2.810000 	 -10.053449 
-2.800000 	 -7.875949 
-2.790000 	 -9.743670 
-2.780000 	 -12.791950 
-2.770000 	 -13.730533 
-2.760000 	 -9.615559 
-2.750000 	 -11.621202 
-2.740000 	 -8.863048 
-2.730000 	 -10.302019 
-2.720000 	 -11.017592 
-2.710000 	 -10.877133 
-2.700000 	 -11.140287 
-2.690000 	 -11.218370 
-2.680000 	 -9.415583 
-2.670000 	 -9.420231 
-2.660000 	 -9.583218 
-2.650000 	 -9.397819 
-2.640000 	 -9.532203 
-2.630000 	 -7.983341 
-2.620000 	 -10.253588 
-2.610000 	 -9.179656 
-2.600000 	 -13.395139 
-2.590000 	 -10.080435 
-2.580000 	 -6.018855 
-2.570000 	 -9.386479 
-2.560000 	 -10.319768 
-2.550000 	 -7.494305 
-2.540000 	 -8.968088 
-2.530000 	 -7.452630 
-2.520000 	 -9.991715 
-2.510000 	 -12.235906 
-2.500000 	 -12.682111 
-2.490000 	 -7.161032 
-2.480000 	 -8.384341 
-2.470000 	 -7.419657 
-2.460000 	 -11.195314 
-2.450000 	 4.000000 
-2.440000 	 -7.252218 
-2.430000 	 -9.972682 
-2.420000 	 -11.915080 
-2.410000 	 -9.009736 
-2.400000 	 -9.971482 
-2.390000 	 -11.462100 
-2.380000 	 -4.651961 
-2.370000 	 -9.911194 
-2.360000 	 -4.404754 
-2.350000 	 -7.879469 
-2.340000 	 -7.283121 
-2.330000 	 -8.755053 
-2.320000 	 -8.562164 
-2.310000 	 -9.067003 
-2.300000 	 -8.404745 
-2.290000 	 -8.907062 
-2.280000 	 -5.558299 
-2.270000 	 -8.429233 
-2.260000 	 -9.676474 
-2.250000 	 -8.541908 
-2.240000 	 -7.622957 
-2.230000 	 -8.760474 
-2.220000 	 -9.271665 
-2.210000 	 -9.177456 
-2.200000 	 -6.995288 
-2.190000 	 -7.388576 
-2.180000 	 -9.835911 
-2.170000 	 -5.361865 
-2.160000 	 -6.426888 
-2.150000 	 -9.710927 
-2.140000 	 -5.688959 
-2.130000 	 -6.046698 
-2.120000 	 -8.867039 
-2.110000 	 -6.537281 
-2.100000 	 -6.833517 
-2.090000 	 -7.595663 
-2.080000 	 -6.690884 
-2.070000 	 -6.255969 
-2.060000 	 -5.819023 
-2.050000 	 -5.630329 
-2.040000 	 -2.368171 
-2.030000 	 -8.896072 
-2.020000 	 -6.526883 
-2.010000 	 -5.637178 
-2.000000 	 -5.527484 
-1.990000 	 -6.776204 
-1.980000 	 -5.353920 
-1.970000 	 -5.750644 
-1.960000 	 -7.108055 
-1.950000 	 -7.100421 
-1.940000 	 -5.964342 
-1.930000 	 -4.520164 
-1.920000 	 -5.681269 
-1.910000 	 -7.268222 
-1.900000 	 -7.728691 
-1.890000 	 -6.775425 
-1.880000 	 -3.546405 
-1.870000 	 -7.300880 
-1.860000 	 -8.187884 
-1.850000 	 -6.522056 
-1.840000 	 -4.862575 
-1.830000 	 -5.708931 
-1.820000 	 -8.127204 
-1.810000 	 -5.687894 
-1.800000 	 -6.985962 
-1.790000 	 -2.634921 
-1.780000 	 -3.811942 
-1.770000 	 -4.940696 
-1.760000 	 -5.858374 
-1.750000 	 -5.663141 
-1.740000 	 -5.035645 
-1.730000 	 -3.092973 
-1.720000 	 -4.518674 
-1.710000 	 -3.093275 
-1.700000 	 -4.827870 
-1.690000 	 -5.351842 
-1.680000 	 -6.194082 
-1.670000 	 -3.853547 
-1.660000 	 -5.973820 
-1.650000 	 -5.420287 
-1.640000 	 -5.414166 
-1.630000 	 -5.435062 
-1.620000 	 -6.635962 
-1.610000 	 -7.330337 
-1.600000 	 -4.973353 
-1.590000 	 -4.233830 
-1.580000 	 -7.793963 
-1.570000 	 -5.891120 
-1.560000 	 -4.750656 
-1.550000 	 -4.829934 
-1.540000 	 -3.372428 
-1.530000 	 -3.823434 
-1.520000 	 -7.646321 
-1.510000 	 -3.286479 
-1.500000 	 -4.003493 
-1.490000 	 -2.246412 
-1.480000 	 -4.117407 
-1.470000 	 -5.615168 
-1.460000 	 -3.388436 
-1.450000 	 0.498816 
-1.440000 	 -4.616591 
-1.430000 	 -3.928409 
-1.420000 	 -6.618364 
-1.410000 	 -4.457355 
-1.400000 	 -2.308375 
-1.390000 	 -2.194421 
-1.380000 	 -5.122259 
-1.370000 	 -6.400206 
-1.360000 	 -0.921893 
-1.350000 	 -4.341584 
-1.340000 	 -2.870109 
-1.330000 	 -3.622640 
-1.320000 	 -4.351238 
-1.310000 	 -4.535177 
-1.300000 	 -4.601652 
-1.290000 	 -3.133440 
-1.280000 	 -3.636084 
-1.270000 	 -1.987206 
-1.260000 	 -2.391437 
-1.250000 	 -2.292314 
-1.240000 	 -4.106037 
-1.230000 	 -2.600270 
-1.220000 	 -3.933263 
-1.210000 	 -2.096398 
-1.200000 	 -2.651608 
-1.190000 	 -3.971965 
-1.180000 	 -3.788013 
-1.170000 	 -2.491668 
-1.160000 	 -2.410946 
-1.150000 	 -2.314965 
-1.140000 	 -2.829469 
-1.130000 	 -2.333359 
-1.120000 	 -0.480305 
-1.110000 	 -1.385091 
-1.100000 	 -4.985288 
-1.090000 	 -2.027899 
-1.080000 	 -2.163225 
-1.070000 	 -1.973263 
-1.060000 	 -3.252866 
-1.050000 	 -2.767865 
-1.040000 	 -3.049282 
-1.030000 	 -1.702475 
-1.020000 	 -2.245053 
-1.010000 	 -2.581959 
-1.000000 	 -2.728424 
-0.990000 	 -3.782070 
-0.980000 	 -0.404359 
-0.970000 	 -0.946161 
-0.960000 	 -2.192712 
-0.950000 	 -0.310264 
-0.940000 	 0.009922 
-0.930000 	 -3.651197 
-0.920000 	 -1.042128 
-0.910000 	 -0.048021 
-0.900000 	 -1.898588 
-0.890000 	 -3.426017 
-0.880000 	 -0.919221 
-0.870000 	 -2.508265 
-0.860000 	 -0.288325 
-0.850000 	 -4.365983 
-0.840000 	 -1.503443 
-0.830000 	 -3.720618 
-0.820000 	 -1.955519 
-0.810000 	 -3.419085 
-0.800000 	 -0.501408 
-0.790000 	 -2.096102 
-0.780000 	 -2.937620 
-0.770000 	 -1.574707 
-0.760000 	 -0.474973 
-0.750000 	 2.680238 
-0.740000 	 1.105381 
-0.730000 	 -3.000771 
-0.720000 	 0.559266 
-0.710000 	 -0.076589 
-0.700000 	 -1.844247 
-0.690000 	 -1.502686 
-0.680000 	 0.926854 
-0.670000 	 -4.264342 
-0.660000 	 1.258964 
-0.650000 	 -0.379989 
-0.640000 	 0.014368 
-0.630000 	 -1.670066 
-0.620000 	 -2.003445 
-0.610000 	 2.625426 
-0.600000 	 0.320702 
-0.590000 	 1.519762 
-0.580000 	 -0.590736 
-0.570000 	 -0.705142 
-0.560000 	 -0.353633 
-0.550000 	 1.633172 
-0.540000 	 -3.087973 
-0.530000 	 -3.178779 
-0.520000 	 -1.146592 
-0.510000 	 -1.734168 
-0.500000 	 -0.398008 
-0.490000 	 0.280393 
-0.480000 	 -1.340417 
-0.470000 	 -2.932983 
-0.460000 	 -0.858434 
-0.450000 	 -1.811079 
-0.440000 	 -0.257008 
-0.430000 	 -1.945066 
-0.420000 	 1.814552 
-0.410000 	 0.188395 
-0.400000 	 -1.409357 
-0.390000 	 -2.646497 
-0.380000 	 -0.209164 
-0.370000 	 -1.418280 
-0.360000 	 0.105108 
-0.350000 	 2.602514 
-0.340000 	 1.027904 
-0.330000 	 2.044107 
-0.320000 	 -1.792794 
-0.310000 	 0.599764 
-0.300000 	 -0.797638 
-0.290000 	 0.421109 
-0.280000 	 -1.626715 
-0.270000 	 -2.237697 
-0.260000 	 -2.528468 
-0.250000 	 -1.570173 
-0.240000 	 -3.120846 
-0.230000 	 -2.438387 
-0.220000 	 1.089465 
-0.210000 	 1.075026 
-0.200000 	 -0.415918 
-0.190000 	 -2.337199 
-0.180000 	 3.841341 
-0.170000 	 -1.857731 
-0.160000 	 0.063245 
-0.150000 	 1.059833 
-0.140000 	 -1.988933 
-0.130000 	 -3.426549 
-0.120000 	 -0.710869 
-0.110000 	 0.268771 
-0.100000 	 -0.730874 
-0.090000 	 -1.645236 
-0.080000 	 0.927513 
-0.070000 	 -1.338454 
-0.060000 	 -0.957670 
-0.050000 	 -0.633099 
-0.040000 	 0.504258 
-0.030000 	 0.768608 
-0.020000 	 0.715521 
-0.010000 	 1.874709 
0.000000 	 -0.562956 
0.010000 	 1.351272 
0.020000 	 0.360793 
0.030000 	 1.799232 
0.040000 	 -0.813312 
0.050000 	 1.209335 
0.060000 	 0.061221 
0.070000 	 -2.243904 
0.080000 	 0.242235 
0.090000 	 3.137490 
0.100000 	 -3.075227 
0.110000 	 0.628951 
0.120000 	 1.729197 
0.130000 	 2.097867 
0.140000 	 1.052874 
0.150000 	 1.504139 
0.160000 	 3.069095 
0.170000 	 -2.375854 
0.180000 	 1.052091 
0.190000 	 -2.328247 
0.200000 	 0.008240 
0.210000 	 0.251434 
0.220000 	 0.440469 
0.230000 	 0.155365 
0.240000 	 -1.475677 
0.250000 	 -0.137268 
0.260000 	 -1.093994 
0.270000 	 -0.415438 
0.280000 	 -1.961806 
0.290000 	 0.128678 
0.300000 	 -0.734237 
0.310000 	 0.837772 
0.320000 	 -1.814265 
0.330000 	 1.385921 
0.340000 	 -1.528302 
0.350000 	 -0.460287 
0.360000 	 -0.793271 
0.370000 	 -0.036891 
0.380000 	 -0.127890 
0.390000 	 2.105290 
0.400000 	 -0.982460 
0.410000 	 -1.031219 
0.420000 	 1.087373 
0.430000 	 1.531005 
0.440000 	 0.323253 
0.450000 	 -1.584532 
0.460000 	 0.164618 
0.470000 	 2.043264 
0.480000 	 -3.800943 
0.490000 	 -1.882630 
0.500000 	 -1.161336 
0.510000 	 -1.077699 
0.520000 	 -0.063167 
0.530000 	 2.375106 
0.540000 	 0.656089 
0.550000 	 -0.622606 
0.560000 	 2.081632 
0.570000 	 -0.792656 
0.580000 	 -1.281468 
0.590000 	 -1.109393 
0.600000 	 1.094584 
0.610000 	 -0.817102 
0.620000 	 -1.968532 
0.630000 	 -0.712323 
0.640000 	 -0.254005 
0.650000 	 -2.055381 
0.660000 	 -2.160065 
0.670000 	 0.187880 
0.680000 	 -0.324862 
0.690000 	 -0.101415 
0.700000 	 0.027878 
0.710000 	 -0.008762 
0.720000 	 4.635822 
0.730000 	 0.366742 
0.740000 	 -0.564759 
0.750000 	 -1.902218 
0.760000 	 -0.701768 
0.770000 	 1.164858 
0.780000 	 0.837111 
0.790000 	 1.513671 
0.800000 	 2.686710 
0.810000 	 -2.522989 
0.820000 	 -1.758798 
0.830000 	 -1.658484 
0.840000 	 -0.519120 
0.850000 	 1.699139 
0.860000 	 -0.098555 
0.870000 	 2.989685 
0.880000 	 2.482331 
0.890000 	 0.775203 
0.900000 	 -1.048640 
0.910000 	 0.525740 
0.920000 	 0.530230 
0.930000 	 0.180264 
0.940000 	 -1.231573 
0.950000 	 1.814602 
0.960000 	 1.997318 
0.970000 	 1.455693 
0.980000 	 -0.459980 
0.990000 	 2.995577 
1.000000 	 0.754143 
1.010000 	 -0.918656 
1.020000 	 1.112083 
1.030000 	 0.334536 
1.040000 	 1.530307 
1.050000 	 0.853075 
1.060000 	 0.315414 
1.070000 	 1.003968 
1.080000 	 -0.067654 
1.090000 	 3.060254 
1.100000 	 0.410618 
1.110000 	 1.311037 
1.120000 	 5.277111 
1.130000 	 -0.505370 
1.140000 	 0.713874 
1.150000 	 -4.121784 
1.160000 	 1.380903 
1.170000 	 0.506886 
1.180000 	 0.465523 
1.190000 	 -8.000000 
1.200000 	 -3.089767 
1.210000 	 1.945174 
1.220000 	 0.420985 
1.230000 	 -0.431279 
1.240000 	 2.190901 
1.250000 	 0.113911 
1.260000 	 -1.480561 
1.270000 	 -1.866801 
1.280000 	 1.831559 
1.290000 	 0.495420 
1.300000 	 0.123911 
1.310000 	 1.342088 
1.320000 	 -0.373197 
1.330000 	 -2.131990 
1.340000 	 0.554727 
1.350000 	 -1.243766 
1.360000 	 0.572696 
1.370000 	 0.420114 
1.380000 	 -0.155768 
1.390000 	 2.896801 
1.400000 	 0.745745 
1.410000 	 -1.110391 
1.420000 	 2.267620 
1.430000 	 1.885266 
1.440000 	 -0.164002 
1.450000 	 3.006329 
1.460000 	 0.048147 
1.470000 	 -2.519751 
1.480000 	 4.224742 
1.490000 	 -0.068866 
1.500000 	 3.139863 
1.510000 	 -1.078237 
1.520000 	 1.755914 
1.530000 	 0.343707 
1.540000 	 -0.772755 
1.550000 	 2.402350 
1.560000 	 2.039989 
1.570000 	 1.282236 
1.580000 	 0.090243 
1.590000 	 0.460569 
1.600000 	 5.033821 
1.610000 	 1.328656 
1.620000 	 0.507864 
1.630000 	 1.429303 
1.640000 	 1.874105 
1.650000 	 5.231671 
1.660000 	 3.210446 
1.670000 	 3.545484 
1.680000 	 1.720935 
1.690000 	 0.224313 
1.700000 	 1.349029 
1.710000 	 0.998559 
1.720000 	 0.618955 
1.730000 	 1.566280 
1.740000 	 4.823289 
1.750000 	 2.010713 
1.760000 	 2.083611 
1.770000 	 2.958823 
1.780000 	 1.704659 
1.790000 	 3.107529 
1.800000 	 2.033466 
1.810000 	 1.820294 
1.820000 	 1.858422 
1.830000 	 1.153410 
1.840000 	 1.490647 
1.850000 	 2.868066 
1.860000 	 0.731630 
1.870000 	 1.615722 
1.880000 	 2.145507 
1.890000 	 4.141359 
1.900000 	 1.471056 
1.910000 	 1.074225 
1.920000 	 0.388662 
1.930000 	 3.542847 
1.940000 	 1.881470 
1.950000 	 -0.323676 
1.960000 	 1.222670 
1.970000 	 1.401107 
1.980000 	 0.594813 
1.990000 	 2.014729 
2.000000 	 1.226655 
2.010000 	 2.987881 
2.020000 	 2.604388 
2.030000 	 1.832378 
2.040000 	 -0.027859 
2.050000 	 1.740780 
2.060000 	 2.884559 
2.070000 	 -0.119605 
2.080000 	 1.569036 
2.090000 	 4.893086 
2.100000 	 3.127138 
2.110000 	 0.910614 
2.120000 	 1.982142 
2.130000 	 3.212364 
2.140000 	 0.570250 
2.150000 	 3.523498 
2.160000 	 2.379231 
2.170000 	 3.292946 
2.180000 	 2.623153 
2.190000 	 1.182474 
2.200000 	 3.378892 
2.210000 	 1.852614 
2.220000 	 0.688017 
2.230000 	 4.063985 
2.240000 	 5.231729 
2.250000 	 3.018208 
2.260000 	 3.537072 
2.270000 	 1.164532 
2.280000 	 2.162682 
2.290000 	 3.996424 
2.300000 	 3.503508 
2.310000 	 3.030549 
2.320000 	 4.438290 
2.330000 	 3.416859 
2.340000 	 1.477157 
2.350000 	 5.019163 
2.360000 	 4.092019 
2.370000 	 6.166312 
2.380000 	 5.474026 
2.390000 	 4.633047 
2.400000 	 5.576648 
2.410000 	 4.305267 
2.420000 	 2.864402 
2.430000 	 6.218049 
2.440000 	 1.717398 
2.450000 	 3.499380 
2.460000 	 0.790117 
2.470000 	 5.191538 
2.480000 	 3.799363 
2.490000 	 4.420255 
2.500000 	 5.142694 
2.510000 	 5.275339 
2.520000 	 4.086866 
2.530000 	 8.024483 
2.540000 	 2.468264 
2.550000 	 3.665588 
2.560000 	 6.029128 
2.570000 	 3.993155 
2.580000 	 6.431831 
2.590000 	 2.842506 
2.600000 	 6.522313 
2.610000 	 6.084133 
2.620000 	 5.220648 
2.630000 	 8.210421 
2.640000 	 3.869893 
2.650000 	 6.525007 
2.660000 	 6.983472 
2.670000 	 7.915057 
2.680000 	 6.934596 
2.690000 	 4.762844 
2.700000 	 9.536742 
2.710000 	 5.261409 
2.720000 	 6.775010 
2.730000 	 6.511678 
2.740000 	 5.603090 
2.750000 	 8.662748 
2.760000 	 11.993437 
2.770000 	 5.171236 
2.780000 	 3.401222 
2.790000 	 7.370909 
2.800000 	 4.378010 
2.810000 	 6.495427 
2.820000 	 7.686027 
2.830000 	 8.767402 
2.840000 	 8.115246 
2.850000 	 6.589444 
2.860000 	 10.470859 
2.870000 	 7.591092 
2.880000 	 5.178493 
2.890000 	 6.905643 
2.900000 	 5.686474 
2.910000 	 9.706187 
2.920000 	 11.036293 
2.930000 	 7.979944 
2.940000 	 11.447002 
2.950000 	 11.943613 
2.960000 	 8.692320 
2.970000 	 9.080561 
2.980000 	 11.817970 
2.990000 	 11.034234 
3.000000 	 11.897228 
3.010000 	 7.915380 
3.020000 	 10.297964 
3.030000 	 12.376597 
3.040000 	 9.627185 
3.050000 	 14.726460 
3.060000 	 8.560718 
3.070000 	 7.838317 
3.080000 	 11.124702 
3.090000 	 14.182615 
3.100000 	 14.498385 
3.110000 	 9.075395 
3.120000 	 12.304115 
3.130000 	 11.244693 
3.140000 	 12.603289 
3.150000 	 9.781674 
3.160000 	 10.989870 
3.170000 	 13.424198 
3.180000 	 12.809748 
3.190000 	 12.883967 
3.200000 	 13.270224 
3.210000 	 12.410976 
3.220000 	 15.679100 
3.230000 	 12.354081 
3.240000 	 15.548873 
3.250000 	 14.314833 
3.260000 	 15.423430 
3.270000 	 16.934733 
3.280000 	 15.326750 
3.290000 	 12.049843 
3.300000 	 15.061382 
3.310000 	 14.185083 
3.320000 	 13.532360 
3.330000 	 15.813349 
3.340000 	 19.775956 
3.350000 	 14.098528 
3.360000 	 14.186648 
3.370000 	 18.196114 
3.380000 	 16.891995 
3.390000 	 17.102551 
3.400000 	 15.471915 
3.410000 	 15.162003 
3.420000 	 19.527175 
3.430000 	 18.727860 
3.440000 	 17.868017 
3.450000 	 20.916684 
3.460000 	 21.756832 
3.470000 	 16.455607 
3.480000 	 19.049364 
3.490000 	 17.688009 
3.500000 	 18.190276 
3.510000 	 19.524335 
3.520000 	 20.443194 
3.530000 	 20.064757 
3.540000 	 20.266112 
3.550000 	 19.919045 
3.560000 	 25.602785 
3.570000 	 20.879223 
3.580000 	 18.832680 
3.590000 	 19.802966 
3.600000 	 22.536917 
3.610000 	 21.552185 
3.620000 	 21.002435 
3.630000 	 21.262405 
3.640000 	 22.355732 
3.650000 	 21.871006 
3.660000 	 23.173171 
3.670000 	 21.317987 
3.680000 	 22.685729 
3.690000 	 22.259880 
3.700000 	 23.747575 
3.710000 	 23.705772 
3.720000 	 22.867247 
3.730000 	 25.008747 
3.740000 	 24.363546 
3.750000 	 26.723118 
3.760000 	 26.860461 
3.770000 	 24.974573 
3.780000 	 27.551253 
3.790000 	 24.899737 
3.800000 	 26.063021 
3.810000 	 27.966427 
3.820000 	 25.315109 
3.830000 	 28.118765 
3.840000 	 26.289515 
3.850000 	 28.287565 
3.860000 	 26.484973 
3.870000 	 26.554963 
3.880000 	 30.084643 
3.890000 	 30.347956 
3.900000 	 30.613579 
3.910000 	 29.754534 
3.920000 	 27.530321 
3.930000 	 30.974806 
3.940000 	 32.078149 
3.950000 	 30.009530 
3.960000 	 30.559619 
3.970000 	 31.285618 
3.980000 	 34.106872 
3.990000 	 35.660339 
4.000000 	 32.791733 
