-3.000000 	 -11.444725 
-2.990000 	 -9.898565 
-2.980000 	 -15.640606 
-2.970000 	 -9.775510 
-2.960000 	 -9.854005 
-2.950000 	 -12.154078 
-2.940000 	 -11.911955 
-2.930000 	 -10.162241 
-2.920000 	 -12.287381 
-2.910000 	 -11.078690 
-2.900000 	 -10.779500 
-2.890000 	 -9.427058 
-2.880000 	 -10.083950 
-2.870000 	 -11.189472 
-2.860000 	 -13.856225 
-2.850000 	 -13.878525 
-2.840000 	 -10.605127 
-2.830000 	 -10.315546 
-2.820000 	 -10.157612 
-2.810000 	 -10.731966 
-2.800000 	 -11.223137 
-2.790000 	 -10.562945 
-2.780000 	 -11.089331 
-2.770000 	 -11.191289 
-2.760000 	 -13.248298 
-2.750000 	 -10.168800 
-2.740000 	 -11.233863 
-2.730000 	 -8.530444 
-2.720000 	 -9.349981 
-2.710000 	 -10.954550 
-2.700000 	 -12.959131 
-2.690000 	 -8.110589 
-2.680000 	 -10.813758 
-2.670000 	 -10.371419 
-2.660000 	 -10.843784 
-2.650000 	 -11.509756 
-2.640000 	 -11.063039 
-2.630000 	 -10.282325 
-2.620000 	 -10.106842 
-2.610000 	 -11.868534 
-2.600000 	 -10.330353 
-2.590000 	 -12.843268 
-2.580000 	 -9.893972 
-2.570000 	 -10.775256 
-2.560000 	 -11.498364 
-2.550000 	 -8.239212 
-2.540000 	 -7.844836 
-2.530000 	 -6.370572 
-2.520000 	 -11.743572 
-2.510000 	 -9.298710 
-2.500000 	 -9.605231 
-2.490000 	 -7.826852 
-2.480000 	 -7.687690 
-2.470000 	 -5.579290 
-2.460000 	 -11.506540 
-2.450000 	 -7.223648 
-2.440000 	 -9.076361 
-2.430000 	 -10.173558 
-2.420000 	 -9.067451 
-2.410000 	 -6.050584 
-2.400000 	 -10.717499 
-2.390000 	 -7.144670 
-2.380000 	 -12.609595 
-2.370000 	 -7.130044 
-2.360000 	 -10.062735 
-2.350000 	 -9.693956 
-2.340000 	 -7.882962 
-2.330000 	 -8.599032 
-2.320000 	 -8.699145 
-2.310000 	 -9.773368 
-2.300000 	 -8.904411 
-2.290000 	 -5.977670 
-2.280000 	 -7.870069 
-2.270000 	 -9.597087 
-2.260000 	 -9.211688 
-2.250000 	 -8.575927 
-2.240000 	 -8.141341 
-2.230000 	 -6.748466 
-2.220000 	 -9.060180 
-2.210000 	 -8.978442 
-2.200000 	 -8.114600 
-2.190000 	 -7.911590 
-2.180000 	 -8.395465 
-2.170000 	 -7.007387 
-2.160000 	 -5.894438 
-2.150000 	 -7.445170 
-2.140000 	 -8.970031 
-2.130000 	 -4.983367 
-2.120000 	 -9.333501 
-2.110000 	 -7.904762 
-2.100000 	 -6.460528 
-2.090000 	 -6.834719 
-2.080000 	 -8.214697 
-2.070000 	 -8.665577 
-2.060000 	 -8.045433 
-2.050000 	 -7.016214 
-2.040000 	 -4.871459 
-2.030000 	 -7.992076 
-2.020000 	 -6.935817 
-2.010000 	 -6.739444 
-2.000000 	 -8.862180 
-1.990000 	 -3.860257 
-1.980000 	 -6.115912 
-1.970000 	 -5.145650 
-1.960000 	 -8.258761 
-1.950000 	 -7.198586 
-1.940000 	 -9.429622 
-1.930000 	 -6.262418 
-1.920000 	 -7.456665 
-1.910000 	 -7.313749 
-1.900000 	 -7.720304 
-1.890000 	 -6.312111 
-1.880000 	 -5.798908 
-1.870000 	 -4.283901 
-1.860000 	 -5.290022 
-1.850000 	 -4.528712 
-1.840000 	 -4.764150 
-1.830000 	 -6.962117 
-1.820000 	 -3.845262 
-1.810000 	 -3.537916 
-1.800000 	 -5.483500 
-1.790000 	 -4.225001 
-1.780000 	 -5.782884 
-1.770000 	 -5.675083 
-1.760000 	 -2.725539 
-1.750000 	 -5.444408 
-1.740000 	 -5.895397 
-1.730000 	 -4.609549 
-1.720000 	 -6.394392 
-1.710000 	 -5.719880 
-1.700000 	 -3.206396 
-1.690000 	 -1.974768 
-1.680000 	 -8.687330 
-1.670000 	 -6.448961 
-1.660000 	 -2.608815 
-1.650000 	 -2.006779 
-1.640000 	 -4.154726 
-1.630000 	 -2.882212 
-1.620000 	 -5.833159 
-1.610000 	 -2.349008 
-1.600000 	 -5.731061 
-1.590000 	 -4.250367 
-1.580000 	 -4.316908 
-1.570000 	 -3.350432 
-1.560000 	 -4.860903 
-1.550000 	 -3.776822 
-1.540000 	 -2.295689 
-1.530000 	 -5.338200 
-1.520000 	 -5.336338 
-1.510000 	 -2.925093 
-1.500000 	 -4.786325 
-1.490000 	 -2.634929 
-1.480000 	 -4.592243 
-1.470000 	 -4.033237 
-1.460000 	 -6.408185 
-1.450000 	 -4.560942 
-1.440000 	 -2.861895 
-1.430000 	 -1.593607 
-1.420000 	 -3.561963 
-1.410000 	 -0.710319 
-1.400000 	 -6.927715 
-1.390000 	 -4.269315 
-1.380000 	 -2.255843 
-1.370000 	 -6.277834 
-1.360000 	 -5.997535 
-1.350000 	 -2.192737 
-1.340000 	 -2.191096 
-1.330000 	 -3.800385 
-1.320000 	 -4.606144 
-1.310000 	 -4.634120 
-1.300000 	 -3.774511 
-1.290000 	 -3.511500 
-1.280000 	 -6.684883 
-1.270000 	 -2.939186 
-1.260000 	 -5.049310 
-1.250000 	 -4.122008 
-1.240000 	 -3.549275 
-1.230000 	 -2.048216 
-1.220000 	 -3.919899 
-1.210000 	 -2.790891 
-1.200000 	 -5.290850 
-1.190000 	 -3.180676 
-1.180000 	 -4.049226 
-1.170000 	 -2.236475 
-1.160000 	 -3.716677 
-1.150000 	 -4.111745 
-1.140000 	 -2.045019 
-1.130000 	 1.640510 
-1.120000 	 0.885552 
-1.110000 	 -0.168119 
-1.100000 	 -2.562479 
-1.090000 	 -3.305837 
-1.080000 	 -3.537181 
-1.070000 	 -1.570940 
-1.060000 	 -0.357571 
-1.050000 	 -2.199319 
-1.040000 	 -3.907747 
-1.030000 	 0.286472 
-1.020000 	 -1.943633 
-1.010000 	 -2.673639 
-1.000000 	 -3.828863 
-0.990000 	 -2.279274 
-0.980000 	 -2.858379 
-0.970000 	 -1.631039 
-0.960000 	 -0.223290 
-0.950000 	 -0.105154 
-0.940000 	 -2.866285 
-0.930000 	 -0.135445 
-0.920000 	 -2.189672 
-0.910000 	 -2.329658 
-0.900000 	 -1.550335 
-0.890000 	 -1.029697 
-0.880000 	 -1.679016 
-0.870000 	 -4.005966 
-0.860000 	 -1.382096 
-0.850000 	 -1.041021 
-0.840000 	 -2.458986 
-0.830000 	 -4.596138 
-0.820000 	 -0.497374 
-0.810000 	 -1.858172 
-0.800000 	 -3.467369 
-0.790000 	 -3.960442 
-0.780000 	 -1.582070 
-0.770000 	 0.525210 
-0.760000 	 -0.889118 
-0.750000 	 -1.523366 
-0.740000 	 -0.173043 
-0.730000 	 -1.437481 
-0.720000 	 -3.270129 
-0.710000 	 0.134566 
-0.700000 	 -1.116829 
-0.690000 	 -3.394782 
-0.680000 	 0.730329 
-0.670000 	 -3.771123 
-0.660000 	 0.501228 
-0.650000 	 1.267046 
-0.640000 	 -3.344937 
-0.630000 	 -0.594245 
-0.620000 	 0.530111 
-0.610000 	 0.783105 
-0.600000 	 -3.945625 
-0.590000 	 -0.636944 
-0.580000 	 -4.126226 
-0.570000 	 -5.097057 
-0.560000 	 -1.960782 
-0.550000 	 -0.352647 
-0.540000 	 -4.514594 
-0.530000 	 -0.913241 
-0.520000 	 -2.864226 
-0.510000 	 -0.110320 
-0.500000 	 -2.326056 
-0.490000 	 -1.224575 
-0.480000 	 -1.903288 
-0.470000 	 -0.729936 
-0.460000 	 -1.245874 
-0.450000 	 -1.921886 
-0.440000 	 0.811496 
-0.430000 	 -0.541623 
-0.420000 	 -0.418396 
-0.410000 	 -1.021616 
-0.400000 	 -0.639855 
-0.390000 	 0.613970 
-0.380000 	 0.425725 
-0.370000 	 0.532861 
-0.360000 	 -2.559090 
-0.350000 	 0.405496 
-0.340000 	 -1.952995 
-0.330000 	 -0.522507 
-0.320000 	 -1.068405 
-0.310000 	 0.883422 
-0.300000 	 0.355980 
-0.290000 	 0.659217 
-0.280000 	 -1.735812 
-0.270000 	 -1.613863 
-0.260000 	 -2.153178 
-0.250000 	 1.346495 
-0.240000 	 -2.649658 
-0.230000 	 0.952960 
-0.220000 	 2.864026 
-0.210000 	 0.448371 
-0.200000 	 -0.646365 
-0.190000 	 -0.230851 
-0.180000 	 0.782325 
-0.170000 	 0.822756 
-0.160000 	 1.052534 
-0.150000 	 -0.823759 
-0.140000 	 -1.982571 
-0.130000 	 -0.517612 
-0.120000 	 1.232451 
-0.110000 	 1.408615 
-0.100000 	 0.281952 
-0.090000 	 -0.345493 
-0.080000 	 -2.131121 
-0.070000 	 1.042025 
-0.060000 	 2.118427 
-0.050000 	 -0.074000 
-0.040000 	 -0.902484 
-0.030000 	 2.089532 
-0.020000 	 -1.217229 
-0.010000 	 1.973218 
0.000000 	 -1.023410 
0.010000 	 -2.661894 
0.020000 	 -1.550735 
0.030000 	 1.075323 
0.040000 	 -1.957863 
0.050000 	 -1.139708 
0.060000 	 1.456304 
0.070000 	 0.400144 
0.080000 	 0.865521 
0.090000 	 0.890680 
0.100000 	 2.105410 
0.110000 	 2.206574 
0.120000 	 -0.615054 
0.130000 	 -3.420462 
0.140000 	 -0.285157 
0.150000 	 3.526133 
0.160000 	 -2.952491 
0.170000 	 1.979758 
0.180000 	 0.685748 
0.190000 	 1.310070 
0.200000 	 -0.812968 
0.210000 	 -3.152242 
0.220000 	 -0.340745 
0.230000 	 1.043148 
0.240000 	 2.328287 
0.250000 	 0.889898 
0.260000 	 1.688334 
0.270000 	 0.206517 
0.280000 	 -1.469591 
0.290000 	 -0.403440 
0.300000 	 -4.047843 
0.310000 	 0.051232 
0.320000 	 0.468448 
0.330000 	 -4.492070 
0.340000 	 -0.078543 
0.350000 	 0.522039 
0.360000 	 -1.711787 
0.370000 	 0.833638 
0.380000 	 2.557945 
0.390000 	 -1.038470 
0.400000 	 0.357015 
0.410000 	 -2.104526 
0.420000 	 1.933616 
0.430000 	 0.368764 
0.440000 	 0.373499 
0.450000 	 1.618106 
0.460000 	 0.542096 
0.470000 	 1.495243 
0.480000 	 1.163888 
0.490000 	 -0.017282 
0.500000 	 0.873424 
0.510000 	 0.230242 
0.520000 	 0.259147 
0.530000 	 -0.022057 
0.540000 	 2.847391 
0.550000 	 -0.379896 
0.560000 	 -0.957064 
0.570000 	 3.279639 
0.580000 	 -0.806805 
0.590000 	 -0.220336 
0.600000 	 -1.223486 
0.610000 	 1.505716 
0.620000 	 -0.751222 
0.630000 	 -2.265899 
0.640000 	 -2.446896 
0.650000 	 -1.582609 
0.660000 	 -0.104403 
0.670000 	 1.712212 
0.680000 	 3.523493 
0.690000 	 -0.419726 
0.700000 	 1.055959 
0.710000 	 3.710525 
0.720000 	 2.709618 
0.730000 	 2.407773 
0.740000 	 -0.943061 
0.750000 	 -0.335864 
0.760000 	 0.190453 
0.770000 	 -3.293021 
0.780000 	 -2.074750 
0.790000 	 2.628901 
0.800000 	 0.712287 
0.810000 	 -0.255259 
0.820000 	 2.290759 
0.830000 	 -0.382585 
0.840000 	 -0.427922 
0.850000 	 1.238087 
0.860000 	 1.084266 
0.870000 	 -1.079615 
0.880000 	 -1.033774 
0.890000 	 0.941516 
0.900000 	 -0.269057 
0.910000 	 -0.121689 
0.920000 	 0.723632 
0.930000 	 -0.725694 
0.940000 	 2.369287 
0.950000 	 -1.578480 
0.960000 	 -0.385950 
0.970000 	 -0.739653 
0.980000 	 0.386880 
0.990000 	 1.543135 
1.000000 	 -0.015939 
1.010000 	 1.900060 
1.020000 	 1.302827 
1.030000 	 2.830511 
1.040000 	 0.657434 
1.050000 	 -0.604933 
1.060000 	 0.771226 
1.070000 	 5.506062 
1.080000 	 0.728630 
1.090000 	 -2.003638 
1.100000 	 -0.204057 
1.110000 	 0.465038 
1.120000 	 1.827680 
1.130000 	 -0.766047 
1.140000 	 -1.445123 
1.150000 	 -0.636017 
1.160000 	 -1.341943 
1.170000 	 -0.063889 
1.180000 	 1.306038 
1.190000 	 -2.097597 
1.200000 	 -0.170188 
1.210000 	 0.929860 
1.220000 	 1.527170 
1.230000 	 0.099944 
1.240000 	 -0.069533 
1.250000 	 4.169819 
1.260000 	 -1.323442 
1.270000 	 -0.694568 
1.280000 	 3.018616 
1.290000 	 -0.860320 
1.300000 	 0.389397 
1.310000 	 1.584205 
1.320000 	 1.079229 
1.330000 	 -2.463472 
1.340000 	 -1.507055 
1.350000 	 -0.606885 
1.360000 	 -0.282349 
1.370000 	 0.912927 
1.380000 	 2.030724 
1.390000 	 -0.924299 
1.400000 	 -1.126876 
1.410000 	 -1.215164 
1.420000 	 1.195378 
1.430000 	 1.381792 
1.440000 	 -1.736106 
1.450000 	 1.791474 
1.460000 	 -0.318235 
1.470000 	 0.230385 
1.480000 	 -3.895534 
1.490000 	 -0.458502 
1.500000 	 2.347213 
1.510000 	 3.768629 
1.520000 	 2.264265 
1.530000 	 0.654690 
1.540000 	 2.453299 
1.550000 	 -0.105776 
1.560000 	 -2.331244 
1.570000 	 -0.952977 
1.580000 	 0.174432 
1.590000 	 -1.248258 
1.600000 	 -2.532244 
1.610000 	 -0.901920 
1.620000 	 2.328300 
1.630000 	 0.617803 
1.640000 	 0.803685 
1.650000 	 -2.296471 
1.660000 	 2.302759 
1.670000 	 -0.070051 
1.680000 	 3.407362 
1.690000 	 -0.680527 
1.700000 	 3.451776 
1.710000 	 -2.186068 
1.720000 	 2.193371 
1.730000 	 1.654401 
1.740000 	 2.205793 
1.750000 	 -0.547300 
1.760000 	 2.870882 
1.770000 	 1.047589 
1.780000 	 1.771525 
1.790000 	 3.780785 
1.800000 	 2.487450 
1.810000 	 2.581871 
1.820000 	 -1.912459 
1.830000 	 0.321749 
1.840000 	 1.256896 
1.850000 	 2.335781 
1.860000 	 -1.096883 
1.870000 	 1.370541 
1.880000 	 4.458385 
1.890000 	 4.049710 
1.900000 	 1.667938 
1.910000 	 0.631123 
1.920000 	 4.716936 
1.930000 	 3.743819 
1.940000 	 -0.053108 
1.950000 	 1.021146 
1.960000 	 2.308677 
1.970000 	 3.254485 
1.980000 	 3.687196 
1.990000 	 2.278475 
2.000000 	 0.820400 
2.010000 	 3.616798 
2.020000 	 1.868877 
2.030000 	 3.889547 
2.040000 	 3.178976 
2.050000 	 5.194623 
2.060000 	 4.470752 
2.070000 	 2.927995 
2.080000 	 3.208140 
2.090000 	 0.769858 
2.100000 	 2.076122 
2.110000 	 2.938813 
2.120000 	 0.673238 
2.130000 	 8.491720 
2.140000 	 3.660921 
2.150000 	 2.876142 
2.160000 	 2.377733 
2.170000 	 1.787791 
2.180000 	 3.922194 
2.190000 	 3.378901 
2.200000 	 2.160099 
2.210000 	 1.357240 
2.220000 	 3.880043 
2.230000 	 2.029391 
2.240000 	 5.174075 
2.250000 	 1.471106 
2.260000 	 3.539669 
2.270000 	 2.833515 
2.280000 	 3.057411 
2.290000 	 5.711479 
2.300000 	 5.987262 
2.310000 	 0.407326 
2.320000 	 1.961923 
2.330000 	 2.951108 
2.340000 	 3.999242 
2.350000 	 3.087912 
2.360000 	 3.192277 
2.370000 	 2.148699 
2.380000 	 4.011592 
2.390000 	 3.596165 
2.400000 	 4.428580 
2.410000 	 6.322711 
2.420000 	 3.691960 
2.430000 	 3.859574 
2.440000 	 3.806461 
2.450000 	 3.878374 
2.460000 	 4.170876 
2.470000 	 5.728031 
2.480000 	 4.583714 
2.490000 	 6.576673 
2.500000 	 4.183774 
2.510000 	 7.162752 
2.520000 	 6.446170 
2.530000 	 4.546952 
2.540000 	 4.725165 
2.550000 	 3.582071 
2.560000 	 2.351449 
2.570000 	 2.119840 
2.580000 	 9.149174 
2.590000 	 4.660840 
2.600000 	 6.807318 
2.610000 	 6.530753 
2.620000 	 4.838106 
2.630000 	 5.489150 
2.640000 	 2.555383 
2.650000 	 7.827984 
2.660000 	 5.248365 
2.670000 	 4.823657 
2.680000 	 8.100000 
2.690000 	 3.803732 
2.700000 	 5.926675 
2.710000 	 5.771907 
2.720000 	 6.970151 
2.730000 	 8.636082 
2.740000 	 7.794640 
2.750000 	 6.936998 
2.760000 	 5.315722 
2.770000 	 6.117523 
2.780000 	 5.609012 
2.790000 	 6.189177 
2.800000 	 5.457671 
2.810000 	 8.666522 
2.820000 	 7.698786 
2.830000 	 5.711189 
2.840000 	 8.465826 
2.850000 	 6.270638 
2.860000 	 7.220136 
2.870000 	 6.958499 
2.880000 	 7.031235 
2.890000 	 10.518786 
2.900000 	 7.603756 
2.910000 	 9.052850 
2.920000 	 8.145440 
2.930000 	 11.367572 
2.940000 	 10.415247 
2.950000 	 8.120197 
2.960000 	 10.255360 
2.970000 	 9.782501 
2.980000 	 13.462341 
2.990000 	 10.476113 
3.000000 	 10.311376 
3.010000 	 6.728999 
3.020000 	 11.224685 
3.030000 	 10.842379 
3.040000 	 10.876060 
3.050000 	 11.441310 
3.060000 	 13.466095 
3.070000 	 9.163795 
3.080000 	 10.461407 
3.090000 	 11.820334 
3.100000 	 15.491905 
3.110000 	 14.195047 
3.120000 	 11.640516 
3.130000 	 11.504272 
3.140000 	 12.452118 
3.150000 	 14.875787 
3.160000 	 13.101417 
3.170000 	 13.314363 
3.180000 	 13.407339 
3.190000 	 12.925964 
3.200000 	 12.070787 
3.210000 	 13.964786 
3.220000 	 12.704994 
3.230000 	 10.765715 
3.240000 	 11.287787 
3.250000 	 15.490757 
3.260000 	 14.148857 
3.270000 	 13.725142 
3.280000 	 12.191243 
3.290000 	 13.438456 
3.300000 	 14.042219 
3.310000 	 17.973577 
3.320000 	 -12.000000 
3.330000 	 14.615517 
3.340000 	 17.313695 
3.350000 	 15.647539 
3.360000 	 17.561175 
3.370000 	 16.185596 
3.380000 	 19.509352 
3.390000 	 14.471927 
3.400000 	 17.654422 
3.410000 	 16.159785 
3.420000 	 18.076064 
3.430000 	 18.415408 
3.440000 	 19.379604 
3.450000 	 16.294269 
3.460000 	 20.551298 
3.470000 	 18.388942 
3.480000 	 17.503762 
3.490000 	 19.858650 
3.500000 	 20.757451 
3.510000 	 21.480577 
3.520000 	 20.272222 
3.530000 	 19.058123 
3.540000 	 18.338574 
3.550000 	 20.550978 
3.560000 	 20.066581 
3.570000 	 20.577544 
3.580000 	 18.832535 
3.590000 	 20.399875 
3.600000 	 20.363811 
3.610000 	 20.488869 
3.620000 	 22.403084 
3.630000 	 22.662057 
3.640000 	 23.863566 
3.650000 	 20.507143 
3.660000 	 26.126479 
3.670000 	 20.322917 
3.680000 	 24.984795 
3.690000 	 25.168154 
3.700000 	 24.618733 
3.710000 	 10.000000 
3.720000 	 24.898501 
3.730000 	 23.578189 
3.740000 	 23.018696 
3.750000 	 24.995545 
3.760000 	 27.143068 
3.770000 	 25.262420 
3.780000 	 24.122366 
3.790000 	 23.835179 
3.800000 	 26.829933 
3.810000 	 26.966842 
3.820000 	 28.645936 
3.830000 	 27.512564 
3.840000 	 27.746267 
3.850000 	 27.755378 
3.860000 	 31.395851 
3.870000 	 28.544852 
3.880000 	 29.807756 
3.890000 	 30.412811 
3.900000 	 30.348473 
3.910000 	 28.805358 
3.920000 	 32.217469 
3.930000 	 30.412899 
3.940000 	 28.012455 
3.950000 	 34.752914 
3.960000 	 32.599027 
3.970000 	 32.049719 
3.980000 	 32.300059 
3.990000 	 31.554516 
4.000000 	 31.123106 
