-3.000000 	 -11.675818 
-2.990000 	 -13.204099 
-2.980000 	 -8.841868 
-2.970000 	 -12.794702 
-2.960000 	 -12.191487 
-2.950000 	 -10.704563 
-2.940000 	 -12.942592 
-2.930000 	 -11.912924 
-2.920000 	 -11.096725 
-2.910000 	 -10.859723 
-2.900000 	 -11.006777 
-2.890000 	 -11.309093 
-2.880000 	 -10.699051 
-2.870000 	 -10.612943 
-2.860000 	 -11.458014 
-2.850000 	 -10.767239 
-2.840000 	 -11.979115 
-2.830000 	 -14.049590 
-2.820000 	 -10.972583 
-2.810000 	 -9.641230 
-2.800000 	 -13.728332 
-2.790000 	 -9.234695 
-2.780000 	 -10.404387 
-2.770000 	 -10.615652 
-2.760000 	 -8.338917 
-2.750000 	 -9.683614 
-2.740000 	 -9.926135 
-2.730000 	 -12.281585 
-2.720000 	 -10.061388 
-2.710000 	 -10.949152 
-2.700000 	 -12.522309 
-2.690000 	 -9.321051 
-2.680000 	 -8.931743 
-2.670000 	 -11.274013 
-2.660000 	 -8.513699 
-2.650000 	 -9.531966 
-2.640000 	 -10.642472 
-2.630000 	 -7.026422 
-2.620000 	 -8.482893 
-2.610000 	 -10.813636 
-2.600000 	 -11.284099 
-2.590000 	 -11.083149 
-2.580000 	 -11.894024 
-2.570000 	 -6.505676 
-2.560000 	 -10.845419 
-2.550000 	 -8.247290 
-2.540000 	 -11.235232 
-2.530000 	 -9.334089 
-2.520000 	 -6.759912 
-2.510000 	 -9.854336 
-2.500000 	 -9.684629 
-2.490000 	 -10.693632 
-2.480000 	 -9.184820 
-2.470000 	 -11.326544 
-2.460000 	 -8.921715 
-2.450000 	 -7.913827 
-2.440000 	 -8.937800 
-2.430000 	 -6.777000 
-2.420000 	 -8.548498 
-2.410000 	 -9.884914 
-2.400000 	 -9.165174 
-2.390000 	 -11.072214 
-2.380000 	 -11.396135 
-2.370000 	 -8.101232 
-2.360000 	 -8.864017 
-2.350000 	 -8.716292 
-2.340000 	 -9.273590 
-2.330000 	 -7.894364 
-2.320000 	 -8.379395 
-2.310000 	 -11.772988 
-2.300000 	 -8.499664 
-2.290000 	 -8.156617 
-2.280000 	 -4.157939 
-2.270000 	 -7.055891 
-2.260000 	 -8.602698 
-2.250000 	 -6.527437 
-2.240000 	 -8.187406 
-2.230000 	 -8.437157 
-2.220000 	 -9.077906 
-2.210000 	 -5.429819 
-2.200000 	 -5.134063 
-2.190000 	 -6.224371 
-2.180000 	 -7.595451 
-2.170000 	 -7.284260 
-2.160000 	 -6.373817 
-2.150000 	 -8.392425 
-2.140000 	 -6.452756 
-2.130000 	 -6.097591 
-2.120000 	 -6.624497 
-2.110000 	 -5.269648 
-2.100000 	 -9.657106 
-2.090000 	 -8.354039 
-2.080000 	 -9.128801 
-2.070000 	 -7.279624 
-2.060000 	 -7.231264 
-2.050000 	 -7.368019 
-2.040000 	 -3.965917 
-2.030000 	 -6.562617 
-2.020000 	 -5.532492 
-2.010000 	 -10.827137 
-2.000000 	 -6.075792 
-1.990000 	 -7.232938 
-1.980000 	 -7.303152 
-1.970000 	 -7.930458 
-1.960000 	 -7.539296 
-1.950000 	 -8.677662 
-1.940000 	 -7.337406 
-1.930000 	 -6.724679 
-1.920000 	 -6.575583 
-1.910000 	 -7.516391 
-1.900000 	 -8.001633 
-1.890000 	 -6.214659 
-1.880000 	 -8.846924 
-1.870000 	 -5.321665 
-1.860000 	 -7.940998 
-1.850000 	 -5.974223 
-1.840000 	 -5.289194 
-1.830000 	 -4.693402 
-1.820000 	 -5.643852 
-1.810000 	 -3.528646 
-1.800000 	 -5.299764 
-1.790000 	 -6.369994 
-1.780000 	 -4.505645 
-1.770000 	 -4.102753 
-1.760000 	 -3.956286 
-1.750000 	 -4.994929 
-1.740000 	 -5.690716 
-1.730000 	 -3.494158 
-1.720000 	 -5.862473 
-1.710000 	 -6.988622 
-1.700000 	 -6.353909 
-1.690000 	 -3.793887 
-1.680000 	 -3.456744 
-1.670000 	 -3.678719 
-1.660000 	 -6.491514 
-1.650000 	 -6.079980 
-1.640000 	 -4.599676 
-1.630000 	 -5.818836 
-1.620000 	 -3.462350 
-1.610000 	 -3.792733 
-1.600000 	 -4.002155 
-1.590000 	 -3.442556 
-1.580000 	 -3.780508 
-1.570000 	 -3.827801 
-1.560000 	 -2.220650 
-1.550000 	 -3.212321 
-1.540000 	 -2.659584 
-1.530000 	 -3.641044 
-1.520000 	 -5.681700 
-1.510000 	 -6.428256 
-1.500000 	 -8.150460 
-1.490000 	 -3.245641 
-1.480000 	 -7.305542 
-1.470000 	 -6.023602 
-1.460000 	 -3.499177 
-1.450000 	 -3.756917 
-1.440000 	 -2.107168 
-1.430000 	 -2.103317 
-1.420000 	 -2.404256 
-1.410000 	 -1.460602 
-1.400000 	 -5.223115 
-1.390000 	 -4.432009 
-1.380000 	 -2.694634 
-1.370000 	 -3.764620 
-1.360000 	 -3.497180 
-1.350000 	 -3.200199 
-1.340000 	 -6.497714 
-1.330000 	 -1.994126 
-1.320000 	 -6.865185 
-1.310000 	 -1.507509 
-1.300000 	 -3.455086 
-1.290000 	 -6.424573 
-1.280000 	 0.376149 
-1.270000 	 -3.336789 
-1.260000 	 -2.853464 
-1.250000 	 -3.610578 
-1.240000 	 -5.624455 
-1.230000 	 -3.222720 
-1.220000 	 -3.535925 
-1.210000 	 -3.885377 
-1.200000 	 -4.648958 
-1.190000 	 -2.613853 
-1.180000 	 -7.332611 
-1.170000 	 -4.273660 
-1.160000 	 -4.263938 
-1.150000 	 -3.055270 
-1.140000 	 -3.298235 
-1.130000 	 -0.504950 
-1.120000 	 -2.568169 
-1.110000 	 -2.124842 
-1.100000 	 -1.441377 
-1.090000 	 0.905089 
-1.080000 	 -2.484834 
-1.070000 	 -2.040352 
-1.060000 	 -3.307620 
-1.050000 	 -4.258628 
-1.040000 	 -3.484186 
-1.030000 	 -1.201426 
-1.020000 	 -2.909803 
-1.010000 	 -1.130707 
-1.000000 	 -3.096538 
-0.990000 	 -4.196531 
-0.980000 	 -1.630325 
-0.970000 	 -1.815774 
-0.960000 	 -2.907126 
-0.950000 	 0.675375 
-0.940000 	 -3.175668 
-0.930000 	 -3.629650 
-0.920000 	 -0.956198 
-0.910000 	 0.522136 
-0.900000 	 -3.812629 
-0.890000 	 -0.904927 
-0.880000 	 -4.403671 
-0.870000 	 -0.585891 
-0.860000 	 -1.761271 
-0.850000 	 -1.344926 
-0.840000 	 -0.904837 
-0.830000 	 -3.618806 
-0.820000 	 -1.169565 
-0.810000 	 -1.691258 
-0.800000 	 -0.242399 
-0.790000 	 -1.024860 
-0.780000 	 -1.790893 
-0.770000 	 -1.300076 
-0.760000 	 -3.628181 
-0.750000 	 0.946995 
-0.740000 	 -1.843294 
-0.730000 	 -2.383153 
-0.720000 	 -1.288328 
-0.710000 	 1.775386 
-0.700000 	 -0.334019 
-0.690000 	 -2.268793 
-0.680000 	 -1.435734 
-0.670000 	 -1.979587 
-0.660000 	 -1.182289 
-0.650000 	 -1.602021 
-0.640000 	 0.244319 
-0.630000 	 -2.099423 
-0.620000 	 -2.863286 
-0.610000 	 -1.320325 
-0.600000 	 -1.071645 
-0.590000 	 2.143103 
-0.580000 	 -0.957151 
-0.570000 	 2.108419 
-0.560000 	 -2.618368 
-0.550000 	 -1.591235 
-0.540000 	 -3.770562 
-0.530000 	 -0.387200 
-0.520000 	 -0.966825 
-0.510000 	 3.599699 
-0.500000 	 -1.441722 
-0.490000 	 -3.234008 
-0.480000 	 -1.956443 
-0.470000 	 1.051924 
-0.460000 	 -0.135132 
-0.450000 	 -0.563004 
-0.440000 	 -4.032710 
-0.430000 	 -0.809941 
-0.420000 	 -0.333596 
-0.410000 	 -1.846200 
-0.400000 	 -0.351685 
-0.390000 	 -0.744086 
-0.380000 	 -2.341473 
-0.370000 	 -1.707420 
-0.360000 	 -1.873205 
-0.350000 	 0.109109 
-0.340000 	 1.009400 
-0.330000 	 0.596378 
-0.320000 	 -0.557629 
-0.310000 	 0.397058 
-0.300000 	 1.840744 
-0.290000 	 -1.553554 
-0.280000 	 -0.022342 
-0.270000 	 -0.098439 
-0.260000 	 0.351754 
-0.250000 	 -0.025079 
-0.240000 	 -0.622078 
-0.230000 	 -2.805108 
-0.220000 	 0.419089 
-0.210000 	 1.192099 
-0.200000 	 -2.358229 
-0.190000 	 2.487436 
-0.180000 	 -0.936012 
-0.170000 	 2.857468 
-0.160000 	 -0.085392 
-0.150000 	 -0.590715 
-0.140000 	 -0.287771 
-0.130000 	 0.842022 
-0.120000 	 -2.351640 
-0.110000 	 -1.146014 
-0.100000 	 2.780261 
-0.090000 	 -2.220873 
-0.080000 	 -0.349352 
-0.070000 	 -0.941195 
-0.060000 	 1.053846 
-0.050000 	 1.027563 
-0.040000 	 -0.435886 
-0.030000 	 0.393493 
-0.020000 	 -0.066981 
-0.010000 	 0.554585 
0.000000 	 -1.352139 
0.010000 	 -1.499923 
0.020000 	 -1.071177 
0.030000 	 -1.897501 
0.040000 	 -0.864686 
0.050000 	 0.481032 
0.060000 	 -0.584978 
0.070000 	 -0.174908 
0.080000 	 0.162681 
0.090000 	 -2.788130 
0.100000 	 0.216991 
0.110000 	 0.188186 
0.120000 	 -1.057267 
0.130000 	 -1.126013 
0.140000 	 -3.163560 
0.150000 	 1.831361 
0.160000 	 -0.736691 
0.170000 	 -0.133867 
0.180000 	 3.031264 
0.190000 	 -0.904957 
0.200000 	 3.116964 
0.210000 	 3.041340 
0.220000 	 3.268315 
0.230000 	 1.157418 
0.240000 	 -1.820144 
0.250000 	 -1.320083 
0.260000 	 -0.847814 
0.270000 	 -0.603586 
0.280000 	 1.969552 
0.290000 	 0.930115 
0.300000 	 2.209139 
0.310000 	 -1.058754 
0.320000 	 0.371737 
0.330000 	 1.064548 
0.340000 	 1.046861 
0.350000 	 -0.224521 
0.360000 	 -0.014460 
0.370000 	 -1.332571 
0.380000 	 0.868834 
0.390000 	 0.224784 
0.400000 	 -2.179925 
0.410000 	 2.518658 
0.420000 	 1.869422 
0.430000 	 0.614743 
0.440000 	 2.899979 
0.450000 	 1.242392 
0.460000 	 2.199786 
0.470000 	 0.561146 
0.480000 	 -0.503940 
0.490000 	 -0.129641 
0.500000 	 -1.809472 
0.510000 	 1.238469 
0.520000 	 0.986428 
0.530000 	 -3.547518 
0.540000 	 1.354149 
0.550000 	 15.000000 
0.560000 	 2.782588 
0.570000 	 -1.220021 
0.580000 	 -0.981928 
0.590000 	 1.912486 
0.600000 	 1.328471 
0.610000 	 1.401788 
0.620000 	 2.868711 
0.630000 	 1.596915 
0.640000 	 0.416101 
0.650000 	 -2.188115 
0.660000 	 0.702874 
0.670000 	 1.204182 
0.680000 	 1.254813 
0.690000 	 0.830351 
0.700000 	 1.444878 
0.710000 	 -0.307445 
0.720000 	 0.560792 
0.730000 	 4.036706 
0.740000 	 2.950753 
0.750000 	 0.047969 
0.760000 	 -0.107846 
0.770000 	 2.932954 
0.780000 	 -0.243633 
0.790000 	 0.079955 
0.800000 	 2.247588 
0.810000 	 0.247929 
0.820000 	 -1.902870 
0.830000 	 1.251015 
0.840000 	 0.208792 
0.850000 	 0.732843 
0.860000 	 2.237072 
0.870000 	 -1.024331 
0.880000 	 3.200455 
0.890000 	 -1.230874 
0.900000 	 2.231793 
0.910000 	 -0.637122 
0.920000 	 -3.469554 
0.930000 	 2.735337 
0.940000 	 1.159988 
0.950000 	 0.889183 
0.960000 	 1.415520 
0.970000 	 -1.296388 
0.980000 	 2.262120 
0.990000 	 1.625286 
1.000000 	 2.011089 
1.010000 	 -0.239988 
1.020000 	 -1.345634 
1.030000 	 -0.613740 
1.040000 	 -1.432949 
1.050000 	 1.945816 
1.060000 	 -1.530839 
1.070000 	 0.109992 
1.080000 	 -1.638341 
1.090000 	 2.715099 
1.100000 	 1.954301 
1.110000 	 -1.564525 
1.120000 	 1.094870 
1.130000 	 0.386391 
1.140000 	 -2.018902 
1.150000 	 -0.887718 
1.160000 	 -0.458494 
1.170000 	 -1.926447 
1.180000 	 -0.796371 
1.190000 	 3.772137 
1.200000 	 -1.807742 
1.210000 	 -0.780421 
1.220000 	 2.003383 
1.230000 	 1.175147 
1.240000 	 -2.391535 
1.250000 	 0.089959 
1.260000 	 -1.918169 
1.270000 	 1.424032 
1.280000 	 0.628061 
1.290000 	 -0.557838 
1.300000 	 1.096476 
1.310000 	 -0.992678 
1.320000 	 2.654348 
1.330000 	 -1.196508 
1.340000 	 -1.146349 
1.350000 	 2.029493 
1.360000 	 -0.127523 
1.370000 	 -0.595385 
1.380000 	 -0.671995 
1.390000 	 -1.361408 
1.400000 	 -0.020565 
1.410000 	 1.422307 
1.420000 	 2.282636 
1.430000 	 2.408906 
1.440000 	 3.091647 
1.450000 	 -0.692191 
1.460000 	 -2.336679 
1.470000 	 -0.764774 
1.480000 	 -1.623415 
1.490000 	 -0.438543 
1.500000 	 1.295049 
1.510000 	 -0.455804 
1.520000 	 0.637415 
1.530000 	 1.280940 
1.540000 	 1.810592 
1.550000 	 -0.927989 
1.560000 	 1.412587 
1.570000 	 0.028979 
1.580000 	 0.195954 
1.590000 	 -0.243125 
1.600000 	 2.201300 
1.610000 	 1.749780 
1.620000 	 0.440252 
1.630000 	 -0.786439 
1.640000 	 0.622540 
1.650000 	 -0.210813 
1.660000 	 1.679785 
1.670000 	 2.655472 
1.680000 	 3.262612 
1.690000 	 -1.535051 
1.700000 	 2.370984 
1.710000 	 3.291194 
1.720000 	 0.824119 
1.730000 	 -0.181398 
1.740000 	 2.726064 
1.750000 	 2.165964 
1.760000 	 0.689732 
1.770000 	 0.871782 
1.780000 	 2.992065 
1.790000 	 1.054250 
1.800000 	 0.125572 
1.810000 	 -0.998820 
1.820000 	 1.097182 
1.830000 	 0.872773 
1.840000 	 2.772399 
1.850000 	 1.185756 
1.860000 	 2.382765 
1.870000 	 2.191382 
1.880000 	 1.615436 
1.890000 	 2.553868 
1.900000 	 2.736686 
1.910000 	 -0.098756 
1.920000 	 2.218382 
1.930000 	 2.325260 
1.940000 	 3.961310 
1.950000 	 2.263683 
1.960000 	 2.767174 
1.970000 	 1.207184 
1.980000 	 2.035654 
1.990000 	 1.185822 
2.000000 	 -0.491839 
2.010000 	 3.657299 
2.020000 	 3.858753 
2.030000 	 0.200985 
2.040000 	 0.364245 
2.050000 	 3.743594 
2.060000 	 1.425363 
2.070000 	 0.307582 
2.080000 	 4.078251 
2.090000 	 2.144325 
2.100000 	 2.676693 
2.110000 	 3.127816 
2.120000 	 2.970301 
2.130000 	 5.984148 
2.140000 	 7.692685 
2.150000 	 3.264218 
2.160000 	 2.571592 
2.170000 	 2.073680 
2.180000 	 0.923984 
2.190000 	 4.167497 
2.200000 	 1.879753 
2.210000 	 4.475645 
2.220000 	 4.445967 
2.230000 	 2.106526 
2.240000 	 5.453404 
2.250000 	 4.427774 
2.260000 	 1.818075 
2.270000 	 1.165952 
2.280000 	 4.156438 
2.290000 	 2.558086 
2.300000 	 4.520589 
2.310000 	 5.268413 
2.320000 	 7.963564 
2.330000 	 3.482827 
2.340000 	 2.349084 
2.350000 	 5.008083 
2.360000 	 4.253118 
2.370000 	 2.432200 
2.380000 	 3.040314 
2.390000 	 3.688584 
2.400000 	 4.778413 
2.410000 	 4.686114 
2.420000 	 3.546290 
2.430000 	 5.349208 
2.440000 	 2.455079 
2.450000 	 5.403344 
2.460000 	 3.090860 
2.470000 	 5.596199 
2.480000 	 6.198488 
2.490000 	 8.127132 
2.500000 	 4.222349 
2.510000 	 5.896970 
2.520000 	 4.520229 
2.530000 	 5.995468 
2.540000 	 5.399675 
2.550000 	 5.813419 
2.560000 	 4.229037 
2.570000 	 7.231851 
2.580000 	 7.288681 
2.590000 	 5.738882 
2.600000 	 6.278827 
2.610000 	 3.685163 
2.620000 	 3.706783 
2.630000 	 6.674390 
2.640000 	 5.984745 
2.650000 	 8.713945 
2.660000 	 8.109746 
2.670000 	 7.979967 
2.680000 	 6.925705 
2.690000 	 5.416127 
2.700000 	 6.717299 
2.710000 	 7.549706 
2.720000 	 5.884822 
2.730000 	 6.662725 
2.740000 	 6.943732 
2.750000 	 7.317876 
2.760000 	 7.675796 
2.770000 	 5.726486 
2.780000 	 6.850683 
2.790000 	 8.822052 
2.800000 	 5.759854 
2.810000 	 6.806281 
2.820000 	 4.939248 
2.830000 	 9.471688 
2.840000 	 8.102138 
2.850000 	 7.485668 
2.860000 	 4.626065 
2.870000 	 6.511747 
2.880000 	 7.405360 
2.890000 	 10.102872 
2.900000 	 9.142358 
2.910000 	 8.011044 
2.920000 	 7.694095 
2.930000 	 8.073950 
2.940000 	 8.286694 
2.950000 	 8.803625 
2.960000 	 9.729205 
2.970000 	 8.425290 
2.980000 	 9.872518 
2.990000 	 9.674965 
3.000000 	 9.039673 
3.010000 	 11.172950 
3.020000 	 10.302067 
3.030000 	 13.593325 
3.040000 	 11.214427 
3.050000 	 10.155644 
3.060000 	 12.059457 
3.070000 	 11.820208 
3.080000 	 15.517911 
3.090000 	 13.457257 
3.100000 	 10.612140 
3.110000 	 13.929311 
3.120000 	 11.507394 
3.130000 	 14.612663 
3.140000 	 11.116984 
3.150000 	 12.505953 
3.160000 	 12.829878 
3.170000 	 10.663978 
3.180000 	 15.782818 
3.190000 	 10.959876 
3.200000 	 13.645095 
3.210000 	 12.458138 
3.220000 	 12.399597 
3.230000 	 13.247361 
3.240000 	 15.786957 
3.250000 	 14.056719 
3.260000 	 14.999398 
3.270000 	 14.687982 
3.280000 	 15.275154 
3.290000 	 14.411274 
3.300000 	 14.748698 
3.310000 	 11.651237 
3.320000 	 14.288990 
3.330000 	 14.714684 
3.340000 	 17.743437 
3.350000 	 15.868611 
3.360000 	 12.930610 
3.370000 	 17.539497 
3.380000 	 13.851142 
3.390000 	 17.823898 
3.400000 	 -3.000000 
3.410000 	 17.544625 
3.420000 	 17.803401 
3.430000 	 16.379232 
3.440000 	 19.196965 
3.450000 	 19.114890 
3.460000 	 16.873260 
3.470000 	 17.442673 
3.480000 	 19.966591 
3.490000 	 19.234457 
3.500000 	 20.313186 
3.510000 	 20.152443 
3.520000 	 19.253517 
3.530000 	 20.382488 
3.540000 	 20.611531 
3.550000 	 21.511376 
3.560000 	 19.673746 
3.570000 	 18.834753 
3.580000 	 18.824202 
3.590000 	 23.538712 
3.600000 	 19.497641 
3.610000 	 22.581440 
3.620000 	 22.019119 
3.630000 	 22.437388 
3.640000 	 21.326639 
3.650000 	 21.671054 
3.660000 	 22.510792 
3.670000 	 23.973775 
3.680000 	 25.006693 
3.690000 	 20.814334 
3.700000 	 24.503583 
3.710000 	 26.731298 
3.720000 	 26.009079 
3.730000 	 24.723848 
3.740000 	 21.965970 
3.750000 	 23.027754 
3.760000 	 24.741251 
3.770000 	 22.765357 
3.780000 	 25.454527 
3.790000 	 27.453623 
3.800000 	 26.656665 
3.810000 	 25.509947 
3.820000 	 29.082230 
3.830000 	 28.828315 
3.840000 	 27.805740 
3.850000 	 31.212514 
3.860000 	 27.873524 
3.870000 	 31.820538 
3.880000 	 26.676082 
3.890000 	 27.600503 
3.900000 	 28.517550 
3.910000 	 27.049311 
3.920000 	 31.809261 
3.930000 	 28.016928 
3.940000 	 33.225055 
3.950000 	 33.823339 
3.960000 	 30.386291 
3.970000 	 31.537022 
3.980000 	 31.559734 
3.990000 	 33.271265 
4.000000 	 32.076678 
