-3.000000 	 -12.351697 
-2.990000 	 -14.295858 
-2.980000 	 -10.602614 
-2.970000 	 -11.486100 
-2.960000 	 -12.857718 
-2.950000 	 -13.594903 
-2.940000 	 -8.377315 
-2.930000 	 -11.573815 
-2.920000 	 -12.603586 
-2.910000 	 -11.183641 
-2.900000 	 -12.707366 
-2.890000 	 -10.840175 
-2.880000 	 -10.059767 
-2.870000 	 -13.101209 
-2.860000 	 -12.145465 
-2.850000 	 -9.390771 
-2.840000 	 -9.023959 
-2.830000 	 -12.185442 
-2.820000 	 -10.235024 
-2.810000 	 -14.893370 
-2.800000 	 -11.206313 
-2.790000 	 -9.594828 
-2.780000 	 -10.090400 
-2.770000 	 -13.608277 
-2.760000 	 -10.051253 
-2.750000 	 -12.497345 
-2.740000 	 -10.900409 
-2.730000 	 -10.423575 
-2.720000 	 -10.443647 
-2.710000 	 -11.436070 
-2.700000 	 -10.951164 
-2.690000 	 -7.964126 
-2.680000 	 -10.371226 
-2.670000 	 -7.995014 
-2.660000 	 -10.153306 
-2.650000 	 -10.987386 
-2.640000 	 -10.492583 
-2.630000 	 -10.397475 
-2.620000 	 -7.909577 
-2.610000 	 -10.652842 
-2.600000 	 -4.732190 
-2.590000 	 -9.951059 
-2.580000 	 -13.462347 
-2.570000 	 -10.941837 
-2.560000 	 -10.553994 
-2.550000 	 -9.583812 
-2.540000 	 -10.119551 
-2.530000 	 -12.244169 
-2.520000 	 -9.132253 
-2.510000 	 -8.649395 
-2.500000 	 -10.712830 
-2.490000 	 -9.851254 
-2.480000 	 -11.643788 
-2.470000 	 -9.585919 
-2.460000 	 -7.727558 
-2.450000 	 -8.890144 
-2.440000 	 -13.101759 
-2.430000 	 -9.133087 
-2.420000 	 -8.822922 
-2.410000 	 -11.152620 
-2.400000 	 -9.673544 
-2.390000 	 -10.205528 
-2.380000 	 -9.248100 
-2.370000 	 -9.495017 
-2.360000 	 -8.101527 
-2.350000 	 -11.100908 
-2.340000 	 -6.928406 
-2.330000 	 -8.365598 
-2.320000 	 -8.291362 
-2.310000 	 -10.225782 
-2.300000 	 -8.421967 
-2.290000 	 -8.251347 
-2.280000 	 -8.602976 
-2.270000 	 -9.279247 
-2.260000 	 -8.683160 
-2.250000 	 -10.140798 
-2.240000 	 -8.936958 
-2.230000 	 -9.917649 
-2.220000 	 -7.026415 
-2.210000 	 -6.750407 
-2.200000 	 -5.291248 
-2.190000 	 -7.215963 
-2.180000 	 -10.127574 
-2.170000 	 -7.046981 
-2.160000 	 -7.992759 
-2.150000 	 -4.367534 
-2.140000 	 -7.821491 
-2.130000 	 -4.393477 
-2.120000 	 -5.745843 
-2.110000 	 -9.549071 
-2.100000 	 -9.938908 
-2.090000 	 -6.183200 
-2.080000 	 -6.699984 
-2.070000 	 -9.588107 
-2.060000 	 -3.809967 
-2.050000 	 -8.136711 
-2.040000 	 -10.884149 
-2.030000 	 -9.156319 
-2.020000 	 -11.932358 
-2.010000 	 -2.836671 
-2.000000 	 -8.973929 
-1.990000 	 -4.000000 
-1.980000 	 -7.757298 
-1.970000 	 -7.728785 
-1.960000 	 -7.978545 
-1.950000 	 -7.508650 
-1.940000 	 -3.729722 
-1.930000 	 -4.918948 
-1.920000 	 -6.471541 
-1.910000 	 -6.522074 
-1.900000 	 -3.352846 
-1.890000 	 -5.809382 
-1.880000 	 -6.611370 
-1.870000 	 -6.587000 
-1.860000 	 -2.535676 
-1.850000 	 -4.703819 
-1.840000 	 -4.415927 
-1.830000 	 -8.637688 
-1.820000 	 -4.090318 
-1.810000 	 -8.016121 
-1.800000 	 -3.543728 
-1.790000 	 -8.204955 
-1.780000 	 11.000000 
-1.770000 	 -7.577841 
-1.760000 	 -6.203855 
-1.750000 	 -5.841255 
-1.740000 	 -4.284212 
-1.730000 	 -3.467304 
-1.720000 	 -6.125005 
-1.710000 	 -8.803548 
-1.700000 	 -2.944577 
-1.690000 	 -6.336651 
-1.680000 	 -4.050424 
-1.670000 	 -4.311553 
-1.660000 	 -7.597204 
-1.650000 	 -4.140521 
-1.640000 	 -4.120440 
-1.630000 	 -4.007110 
-1.620000 	 -5.632689 
-1.610000 	 -3.351460 
-1.600000 	 -3.639054 
-1.590000 	 -3.463518 
-1.580000 	 -2.747195 
-1.570000 	 -6.807567 
-1.560000 	 -5.064166 
-1.550000 	 -6.077278 
-1.540000 	 -3.959903 
-1.530000 	 -3.607149 
-1.520000 	 -3.275986 
-1.510000 	 -4.436098 
-1.500000 	 -2.998429 
-1.490000 	 -7.605087 
-1.480000 	 -3.782669 
-1.470000 	 -2.064477 
-1.460000 	 -7.403393 
-1.450000 	 -4.326026 
-1.440000 	 -5.069921 
-1.430000 	 -2.846467 
-1.420000 	 -4.149405 
-1.410000 	 -3.949566 
-1.400000 	 -3.690641 
-1.390000 	 -1.696958 
-1.380000 	 -5.411542 
-1.370000 	 -6.353813 
-1.360000 	 -2.395494 
-1.350000 	 -2.113217 
-1.340000 	 -4.652666 
-1.330000 	 -5.169254 
-1.320000 	 -1.599540 
-1.310000 	 -5.332623 
-1.300000 	 -1.175108 
-1.290000 	 0.050723 
-1.280000 	 -3.135274 
-1.270000 	 -5.631109 
-1.260000 	 -4.659036 
-1.250000 	 -4.017725 
-1.240000 	 -4.362493 
-1.230000 	 -1.547523 
-1.220000 	 -3.369118 
-1.210000 	 -2.324592 
-1.200000 	 -1.955743 
-1.190000 	 -3.555718 
-1.180000 	 -2.927562 
-1.170000 	 -1.809286 
-1.160000 	 -4.800045 
-1.150000 	 -3.765724 
-1.140000 	 -4.984538 
-1.130000 	 -1.368561 
-1.120000 	 -0.863866 
-1.110000 	 -3.735288 
-1.100000 	 -3.337790 
-1.090000 	 0.613293 
-1.080000 	 -4.102987 
-1.070000 	 -1.542948 
-1.060000 	 -4.538618 
-1.050000 	 -2.946090 
-1.040000 	 -2.703693 
-1.030000 	 -4.588840 
-1.020000 	 -4.576647 
-1.010000 	 2.378111 
-1.000000 	 -0.306317 
-0.990000 	 -3.088750 
-0.980000 	 -2.893064 
-0.970000 	 -4.685253 
-0.960000 	 -2.881874 
-0.950000 	 -2.548444 
-0.940000 	 -1.299512 
-0.930000 	 -1.284260 
-0.920000 	 -1.341224 
-0.910000 	 -1.258710 
-0.900000 	 -1.937921 
-0.890000 	 -2.888361 
-0.880000 	 0.946935 
-0.870000 	 -0.458834 
-0.860000 	 -3.223975 
-0.850000 	 -0.609255 
-0.840000 	 -1.069293 
-0.830000 	 -4.646096 
-0.820000 	 -2.991976 
-0.810000 	 -3.126325 
-0.800000 	 -1.380512 
-0.790000 	 -3.665341 
-0.780000 	 -2.411921 
-0.770000 	 -0.791502 
-0.760000 	 -1.597775 
-0.750000 	 0.963374 
-0.740000 	 -3.456513 
-0.730000 	 0.432919 
-0.720000 	 0.069377 
-0.710000 	 -4.842562 
-0.700000 	 -1.045547 
-0.690000 	 0.359286 
-0.680000 	 -4.896410 
-0.670000 	 -1.845068 
-0.660000 	 1.392221 
-0.650000 	 -0.894716 
-0.640000 	 -0.723865 
-0.630000 	 -2.912258 
-0.620000 	 -3.507517 
-0.610000 	 -3.688666 
-0.600000 	 -1.962816 
-0.590000 	 0.594476 
-0.580000 	 -4.339201 
-0.570000 	 -3.279459 
-0.560000 	 -0.601443 
-0.550000 	 -0.227565 
-0.540000 	 -2.468504 
-0.530000 	 -0.456943 
-0.520000 	 -0.637271 
-0.510000 	 -0.568730 
-0.500000 	 -0.828162 
-0.490000 	 1.353049 
-0.480000 	 -3.481919 
-0.470000 	 0.395411 
-0.460000 	 -1.420075 
-0.450000 	 -0.627438 
-0.440000 	 0.730352 
-0.430000 	 0.284038 
-0.420000 	 -2.444064 
-0.410000 	 0.012329 
-0.400000 	 2.678997 
-0.390000 	 1.994078 
-0.380000 	 -1.156131 
-0.370000 	 0.034536 
-0.360000 	 -1.985120 
-0.350000 	 0.510577 
-0.340000 	 -0.347928 
-0.330000 	 -0.748695 
-0.320000 	 -2.907146 
-0.310000 	 -2.528617 
-0.300000 	 -2.220708 
-0.290000 	 -1.522842 
-0.280000 	 -0.010026 
-0.270000 	 0.108995 
-0.260000 	 0.356863 
-0.250000 	 0.641692 
-0.240000 	 -0.109477 
-0.230000 	 -0.804150 
-0.220000 	 0.535147 
-0.210000 	 1.775330 
-0.200000 	 -1.713971 
-0.190000 	 2.623892 
-0.180000 	 1.102713 
-0.170000 	 -2.506092 
-0.160000 	 -0.569771 
-0.150000 	 0.650789 
-0.140000 	 0.029266 
-0.130000 	 1.214591 
-0.120000 	 -0.532497 
-0.110000 	 -0.924637 
-0.100000 	 0.286228 
-0.090000 	 -2.439611 
-0.080000 	 -1.166380 
-0.070000 	 -0.421711 
-0.060000 	 0.841388 
-0.050000 	 0.841397 
-0.040000 	 1.266049 
-0.030000 	 -0.625982 
-0.020000 	 -0.089198 
-0.010000 	 0.576095 
0.000000 	 0.319880 
0.010000 	 1.181940 
0.020000 	 -0.151974 
0.030000 	 -0.841110 
0.040000 	 0.206776 
0.050000 	 2.383158 
0.060000 	 3.144309 
0.070000 	 -0.143464 
0.080000 	 -0.535679 
0.090000 	 4.793818 
0.100000 	 -2.614705 
0.110000 	 1.637844 
0.120000 	 1.934815 
0.130000 	 -2.479990 
0.140000 	 -1.301313 
0.150000 	 -0.939176 
0.160000 	 1.310261 
0.170000 	 1.296633 
0.180000 	 -0.239147 
0.190000 	 -2.503650 
0.200000 	 -1.537803 
0.210000 	 -0.770013 
0.220000 	 0.862306 
0.230000 	 3.533740 
0.240000 	 -1.094985 
0.250000 	 1.195112 
0.260000 	 -2.969860 
0.270000 	 -0.240272 
0.280000 	 -0.916270 
0.290000 	 -0.958502 
0.300000 	 -2.283280 
0.310000 	 2.582269 
0.320000 	 -1.206014 
0.330000 	 -0.600723 
0.340000 	 1.745630 
0.350000 	 -0.803048 
0.360000 	 2.402807 
0.370000 	 2.212723 
0.380000 	 -2.923091 
0.390000 	 0.931906 
0.400000 	 0.822442 
0.410000 	 -1.447584 
0.420000 	 -2.908253 
0.430000 	 1.025776 
0.440000 	 -1.380088 
0.450000 	 2.571601 
0.460000 	 -1.407446 
0.470000 	 0.238866 
0.480000 	 -0.472649 
0.490000 	 -3.803335 
0.500000 	 2.717719 
0.510000 	 -1.740821 
0.520000 	 -1.100841 
0.530000 	 -2.248652 
0.540000 	 1.793368 
0.550000 	 -0.298507 
0.560000 	 1.025972 
0.570000 	 -0.185117 
0.580000 	 0.904636 
0.590000 	 2.771897 
0.600000 	 1.253005 
0.610000 	 -1.902651 
0.620000 	 -0.828676 
0.630000 	 1.625563 
0.640000 	 -0.121689 
0.650000 	 1.187362 
0.660000 	 -2.937863 
0.670000 	 1.065118 
0.680000 	 -2.178082 
0.690000 	 -1.365573 
0.700000 	 -1.367630 
0.710000 	 0.877358 
0.720000 	 0.662281 
0.730000 	 -0.063385 
0.740000 	 -1.552949 
0.750000 	 -0.124055 
0.760000 	 -0.754019 
0.770000 	 1.423431 
0.780000 	 2.252572 
0.790000 	 3.394065 
0.800000 	 2.318879 
0.810000 	 -0.178132 
0.820000 	 0.856251 
0.830000 	 1.858881 
0.840000 	 -0.264086 
0.850000 	 5.899603 
0.860000 	 -0.228679 
0.870000 	 1.261287 
0.880000 	 0.105650 
0.890000 	 2.257564 
0.900000 	 1.088088 
0.910000 	 2.240152 
0.920000 	 -1.707739 
0.930000 	 -1.914526 
0.940000 	 1.009474 
0.950000 	 0.236423 
0.960000 	 0.339523 
0.970000 	 -0.407371 
0.980000 	 -0.736267 
0.990000 	 1.159305 
1.000000 	 1.150333 
1.010000 	 1.617670 
1.020000 	 -1.949864 
1.030000 	 -3.219291 
1.040000 	 3.296697 
1.050000 	 1.897353 
1.060000 	 0.801252 
1.070000 	 -0.540054 
1.080000 	 -0.878397 
1.090000 	 1.867386 
1.100000 	 -1.459575 
1.110000 	 -0.886035 
1.120000 	 1.303104 
1.130000 	 0.478250 
1.140000 	 -0.269315 
1.150000 	 0.311085 
1.160000 	 0.551196 
1.170000 	 1.573959 
1.180000 	 -2.641263 
1.190000 	 -2.360249 
1.200000 	 0.550190 
1.210000 	 0.683794 
1.220000 	 0.857514 
1.230000 	 -0.681949 
1.240000 	 0.122418 
1.250000 	 -0.778635 
1.260000 	 -0.640620 
1.270000 	 -1.464809 
1.280000 	 2.611722 
1.290000 	 -0.600636 
1.300000 	 -0.967509 
1.310000 	 2.691364 
1.320000 	 0.863657 
1.330000 	 0.619560 
1.340000 	 0.536229 
1.350000 	 2.598818 
1.360000 	 2.040958 
1.370000 	 2.033131 
1.380000 	 1.982180 
1.390000 	 -0.675750 
1.400000 	 2.606118 
1.410000 	 1.115709 
1.420000 	 2.146848 
1.430000 	 0.523003 
1.440000 	 -0.351604 
1.450000 	 -1.198412 
1.460000 	 3.822703 
1.470000 	 1.265305 
1.480000 	 0.906139 
1.490000 	 -0.472113 
1.500000 	 1.286457 
1.510000 	 -0.149489 
1.520000 	 -0.792032 
1.530000 	 1.781786 
1.540000 	 1.537080 
1.550000 	 1.539258 
1.560000 	 1.434027 
1.570000 	 1.923245 
1.580000 	 3.640026 
1.590000 	 2.853930 
1.600000 	 0.004655 
1.610000 	 0.506686 
1.620000 	 -1.333760 
1.630000 	 1.226679 
1.640000 	 2.891842 
1.650000 	 -0.561957 
1.660000 	 0.221418 
1.670000 	 2.197000 
1.680000 	 -0.912484 
1.690000 	 2.863692 
1.700000 	 3.341036 
1.710000 	 1.259550 
1.720000 	 1.555461 
1.730000 	 -1.007163 
1.740000 	 -1.579048 
1.750000 	 1.730924 
1.760000 	 0.860857 
1.770000 	 0.437021 
1.780000 	 0.704016 
1.790000 	 1.589635 
1.800000 	 -0.597888 
1.810000 	 0.002045 
1.820000 	 1.867451 
1.830000 	 1.742707 
1.840000 	 0.848852 
1.850000 	 0.252472 
1.860000 	 -1.168811 
1.870000 	 0.251686 
1.880000 	 2.391647 
1.890000 	 1.956326 
1.900000 	 4.110968 
1.910000 	 1.776860 
1.920000 	 2.411356 
1.930000 	 0.740390 
1.940000 	 -2.110593 
1.950000 	 0.478383 
1.960000 	 2.659460 
1.970000 	 1.072361 
1.980000 	 0.630716 
1.990000 	 4.644992 
2.000000 	 0.059136 
2.010000 	 0.043218 
2.020000 	 -0.214732 
2.030000 	 5.240758 
2.040000 	 2.652245 
2.050000 	 2.206199 
2.060000 	 0.554289 
2.070000 	 1.179150 
2.080000 	 2.214090 
2.090000 	 2.075278 
2.100000 	 4.300648 
2.110000 	 2.119086 
2.120000 	 -1.365030 
2.130000 	 -0.007787 
2.140000 	 1.720467 
2.150000 	 2.938907 
2.160000 	 -0.230076 
2.170000 	 2.014769 
2.180000 	 1.205163 
2.190000 	 1.367892 
2.200000 	 2.196482 
2.210000 	 1.423399 
2.220000 	 4.954936 
2.230000 	 -0.167347 
2.240000 	 3.148954 
2.250000 	 4.796348 
2.260000 	 3.336322 
2.270000 	 3.700983 
2.280000 	 1.991911 
2.290000 	 2.747923 
2.300000 	 3.598564 
2.310000 	 4.010955 
2.320000 	 1.853377 
2.330000 	 5.010661 
2.340000 	 3.317651 
2.350000 	 1.202589 
2.360000 	 4.951815 
2.370000 	 4.012661 
2.380000 	 5.599475 
2.390000 	 7.876469 
2.400000 	 1.187394 
2.410000 	 5.400407 
2.420000 	 -0.073242 
2.430000 	 6.001174 
2.440000 	 5.540847 
2.450000 	 2.924251 
2.460000 	 4.345237 
2.470000 	 2.784393 
2.480000 	 10.582712 
2.490000 	 5.114735 
2.500000 	 5.252518 
2.510000 	 6.814656 
2.520000 	 5.262336 
2.530000 	 6.339771 
2.540000 	 4.325988 
2.550000 	 5.974636 
2.560000 	 3.273887 
2.570000 	 4.696337 
2.580000 	 4.591611 
2.590000 	 5.714527 
2.600000 	 7.085247 
2.610000 	 6.349307 
2.620000 	 6.724143 
2.630000 	 6.544371 
2.640000 	 6.709498 
2.650000 	 7.537046 
2.660000 	 6.247637 
2.670000 	 5.984101 
2.680000 	 3.001051 
2.690000 	 5.590960 
2.700000 	 6.244134 
2.710000 	 9.237951 
2.720000 	 6.384269 
2.730000 	 7.263580 
2.740000 	 7.030235 
2.750000 	 5.240060 
2.760000 	 4.999124 
2.770000 	 8.266624 
2.780000 	 8.421322 
2.790000 	 7.267082 
2.800000 	 9.058542 
2.810000 	 10.030422 
2.820000 	 10.042705 
2.830000 	 5.732749 
2.840000 	 5.098123 
2.850000 	 11.307706 
2.860000 	 4.924484 
2.870000 	 9.345794 
2.880000 	 9.516504 
2.890000 	 7.903420 
2.900000 	 9.759655 
2.910000 	 9.127528 
2.920000 	 9.970865 
2.930000 	 7.999353 
2.940000 	 9.576920 
2.950000 	 10.386155 
2.960000 	 11.045551 
2.970000 	 11.530208 
2.980000 	 8.987496 
2.990000 	 9.476293 
3.000000 	 13.440129 
3.010000 	 9.042576 
3.020000 	 12.313816 
3.030000 	 12.482117 
3.040000 	 9.058632 
3.050000 	 10.461417 
3.060000 	 12.218060 
3.070000 	 9.582601 
3.080000 	 11.986475 
3.090000 	 11.465766 
3.100000 	 14.062346 
3.110000 	 9.230173 
3.120000 	 9.564476 
3.130000 	 14.181754 
3.140000 	 12.176690 
3.150000 	 13.163320 
3.160000 	 14.764269 
3.170000 	 11.063630 
3.180000 	 13.846985 
3.190000 	 10.380986 
3.200000 	 15.851798 
3.210000 	 12.721460 
3.220000 	 13.600691 
3.230000 	 12.270998 
3.240000 	 12.029313 
3.250000 	 12.221785 
3.260000 	 14.180605 
3.270000 	 11.871040 
3.280000 	 14.833519 
3.290000 	 17.510294 
3.300000 	 16.043621 
3.310000 	 16.594049 
3.320000 	 14.804270 
3.330000 	 18.416240 
3.340000 	 18.321530 
3.350000 	 16.144948 
3.360000 	 12.920765 
3.370000 	 17.553639 
3.380000 	 17.616288 
3.390000 	 16.954436 
3.400000 	 18.517297 
3.410000 	 15.729147 
3.420000 	 16.074894 
3.430000 	 18.577648 
3.440000 	 15.079546 
3.450000 	 19.572214 
3.460000 	 19.374403 
3.470000 	 19.530513 
3.480000 	 18.554433 
3.490000 	 20.795563 
3.500000 	 19.392487 
3.510000 	 19.299242 
3.520000 	 19.085638 
3.530000 	 16.908722 
3.540000 	 21.628667 
3.550000 	 22.596856 
3.560000 	 20.185390 
3.570000 	 20.577178 
3.580000 	 20.524210 
3.590000 	 18.844084 
3.600000 	 22.994802 
3.610000 	 24.482226 
3.620000 	 21.792022 
3.630000 	 21.527679 
3.640000 	 20.437345 
3.650000 	 23.165124 
3.660000 	 18.362847 
3.670000 	 24.131732 
3.680000 	 25.053474 
3.690000 	 21.948433 
3.700000 	 21.779057 
3.710000 	 21.535104 
3.720000 	 24.823371 
3.730000 	 24.024747 
3.740000 	 26.363284 
3.750000 	 24.985564 
3.760000 	 23.293336 
3.770000 	 26.601813 
3.780000 	 27.241699 
3.790000 	 25.056369 
3.800000 	 27.073007 
3.810000 	 25.581812 
3.820000 	 24.567620 
3.830000 	 27.640826 
3.840000 	 28.124770 
3.850000 	 26.541452 
3.860000 	 28.551461 
3.870000 	 30.002088 
3.880000 	 29.353849 
3.890000 	 27.811260 
3.900000 	 30.593062 
3.910000 	 26.491737 
3.920000 	 29.687201 
3.930000 	 32.119216 
3.940000 	 32.802941 
3.950000 	 29.876678 
3.960000 	 31.335647 
3.970000 	 32.941422 
3.980000 	 34.114089 
3.990000 	 30.535129 
4.000000 	 31.991838 
