-3.000000 	 -10.902400 
-2.990000 	 -13.185472 
-2.980000 	 -11.166300 
-2.970000 	 -10.561075 
-2.960000 	 -9.816368 
-2.950000 	 -11.026092 
-2.940000 	 -12.906520 
-2.930000 	 -15.241299 
-2.920000 	 -11.451919 
-2.910000 	 -13.603978 
-2.900000 	 -11.633876 
-2.890000 	 -9.024359 
-2.880000 	 -10.444991 
-2.870000 	 -11.598473 
-2.860000 	 -12.659947 
-2.850000 	 -12.164418 
-2.840000 	 -12.111226 
-2.830000 	 -11.563646 
-2.820000 	 -11.231051 
-2.810000 	 -10.796025 
-2.800000 	 -10.807453 
-2.790000 	 -11.669505 
-2.780000 	 -10.968484 
-2.770000 	 -12.279384 
-2.760000 	 -11.269858 
-2.750000 	 -8.329637 
-2.740000 	 -13.874515 
-2.730000 	 -10.057676 
-2.720000 	 -10.716871 
-2.710000 	 -15.359209 
-2.700000 	 -11.332769 
-2.690000 	 -11.623055 
-2.680000 	 -12.498160 
-2.670000 	 -13.184274 
-2.660000 	 -11.278210 
-2.650000 	 -11.349136 
-2.640000 	 -12.651199 
-2.630000 	 -10.214471 
-2.620000 	 -8.984733 
-2.610000 	 -11.538429 
-2.600000 	 -9.829353 
-2.590000 	 -9.183729 
-2.580000 	 -9.270418 
-2.570000 	 -9.296513 
-2.560000 	 -9.599176 
-2.550000 	 -9.999680 
-2.540000 	 -4.923542 
-2.530000 	 -8.773505 
-2.520000 	 -10.784953 
-2.510000 	 -11.545525 
-2.500000 	 -10.190861 
-2.490000 	 17.000000 
-2.480000 	 -8.538833 
-2.470000 	 -8.029390 
-2.460000 	 -6.372987 
-2.450000 	 -11.526584 
-2.440000 	 -8.975206 
-2.430000 	 -8.981361 
-2.420000 	 -7.764703 
-2.410000 	 -11.247367 
-2.400000 	 -7.134467 
-2.390000 	 -10.901485 
-2.380000 	 -9.290178 
-2.370000 	 -7.842070 
-2.360000 	 -8.479849 
-2.350000 	 -7.672857 
-2.340000 	 -7.679995 
-2.330000 	 -10.413999 
-2.320000 	 -8.190018 
-2.310000 	 -9.659984 
-2.300000 	 -8.284916 
-2.290000 	 -8.103426 
-2.280000 	 -6.314568 
-2.270000 	 -10.496834 
-2.260000 	 -9.373795 
-2.250000 	 -10.442238 
-2.240000 	 -9.933759 
-2.230000 	 -7.715800 
-2.220000 	 -7.094561 
-2.210000 	 -7.008492 
-2.200000 	 -10.315768 
-2.190000 	 -12.489814 
-2.180000 	 -9.121504 
-2.170000 	 -9.732057 
-2.160000 	 -7.405950 
-2.150000 	 -7.154083 
-2.140000 	 -6.773003 
-2.130000 	 -7.754240 
-2.120000 	 -6.675866 
-2.110000 	 -5.307721 
-2.100000 	 -4.117754 
-2.090000 	 -9.021655 
-2.080000 	 -6.297168 
-2.070000 	 -6.157473 
-2.060000 	 -9.260211 
-2.050000 	 -6.771727 
-2.040000 	 -5.569945 
-2.030000 	 -7.781654 
-2.020000 	 -5.358146 
-2.010000 	 -6.223849 
-2.000000 	 -6.319810 
-1.990000 	 -3.567690 
-1.980000 	 -6.739867 
-1.970000 	 -4.924722 
-1.960000 	 -8.623779 
-1.950000 	 -7.141228 
-1.940000 	 -5.949387 
-1.930000 	 -9.234395 
-1.920000 	 -7.648609 
-1.910000 	 -6.727635 
-1.900000 	 -6.486768 
-1.890000 	 -5.609253 
-1.880000 	 -6.199871 
-1.870000 	 -5.787064 
-1.860000 	 -5.143826 
-1.850000 	 -3.851977 
-1.840000 	 -4.628729 
-1.830000 	 -6.018859 
-1.820000 	 -4.567373 
-1.810000 	 -8.297309 
-1.800000 	 -7.143397 
-1.790000 	 -6.489318 
-1.780000 	 -6.864824 
-1.770000 	 -6.869543 
-1.760000 	 -6.401701 
-1.750000 	 -4.059674 
-1.740000 	 -3.588736 
-1.730000 	 -7.745831 
-1.720000 	 -8.364033 
-1.710000 	 -3.978407 
-1.700000 	 -6.137999 
-1.690000 	 -9.826436 
-1.680000 	 -4.704331 
-1.670000 	 -6.972612 
-1.660000 	 -6.749889 
-1.650000 	 -7.676105 
-1.640000 	 -6.558521 
-1.630000 	 -2.820624 
-1.620000 	 -1.614649 
-1.610000 	 -3.596811 
-1.600000 	 -5.375639 
-1.590000 	 -2.750037 
-1.580000 	 -6.973847 
-1.570000 	 -2.253905 
-1.560000 	 -3.742926 
-1.550000 	 -5.898326 
-1.540000 	 -5.200989 
-1.530000 	 -2.682366 
-1.520000 	 -6.511644 
-1.510000 	 -2.640351 
-1.500000 	 -4.924556 
-1.490000 	 -3.963745 
-1.480000 	 -4.556143 
-1.470000 	 -4.874972 
-1.460000 	 -4.827813 
-1.450000 	 -1.758216 
-1.440000 	 -1.421196 
-1.430000 	 -2.552320 
-1.420000 	 -1.104000 
-1.410000 	 -3.222504 
-1.400000 	 -4.584057 
-1.390000 	 -1.725726 
-1.380000 	 -5.824999 
-1.370000 	 -3.482043 
-1.360000 	 -5.060476 
-1.350000 	 -5.914190 
-1.340000 	 -5.702406 
-1.330000 	 -3.049445 
-1.320000 	 -3.253443 
-1.310000 	 -2.994205 
-1.300000 	 -3.186780 
-1.290000 	 -1.745517 
-1.280000 	 -2.327759 
-1.270000 	 -2.140327 
-1.260000 	 -1.278954 
-1.250000 	 -6.577035 
-1.240000 	 -3.212596 
-1.230000 	 -1.495555 
-1.220000 	 -0.922779 
-1.210000 	 -2.668997 
-1.200000 	 -4.613301 
-1.190000 	 -4.745487 
-1.180000 	 -2.021355 
-1.170000 	 -3.714440 
-1.160000 	 -3.774914 
-1.150000 	 -5.042635 
-1.140000 	 -3.204121 
-1.130000 	 -0.584657 
-1.120000 	 -4.616241 
-1.110000 	 -5.170209 
-1.100000 	 -4.259242 
-1.090000 	 -2.072565 
-1.080000 	 -2.260033 
-1.070000 	 0.901209 
-1.060000 	 -6.085942 
-1.050000 	 -0.572495 
-1.040000 	 -3.186725 
-1.030000 	 -4.648015 
-1.020000 	 -3.760119 
-1.010000 	 -4.279521 
-1.000000 	 1.091841 
-0.990000 	 -1.437367 
-0.980000 	 -2.462119 
-0.970000 	 -1.266519 
-0.960000 	 -3.842355 
-0.950000 	 -0.155695 
-0.940000 	 -3.480649 
-0.930000 	 -3.038512 
-0.920000 	 -1.433966 
-0.910000 	 -4.959132 
-0.900000 	 -4.315376 
-0.890000 	 -1.051711 
-0.880000 	 -4.763441 
-0.870000 	 -3.971254 
-0.860000 	 -0.723359 
-0.850000 	 -6.201834 
-0.840000 	 -0.805789 
-0.830000 	 -2.134569 
-0.820000 	 -1.357182 
-0.810000 	 0.003306 
-0.800000 	 -0.621299 
-0.790000 	 -0.727389 
-0.780000 	 -3.386057 
-0.770000 	 0.960896 
-0.760000 	 -1.548085 
-0.750000 	 -2.443930 
-0.740000 	 -1.128347 
-0.730000 	 -1.718846 
-0.720000 	 -0.231123 
-0.710000 	 -3.771999 
-0.700000 	 -2.083161 
-0.690000 	 -0.238543 
-0.680000 	 -2.231054 
-0.670000 	 -1.209539 
-0.660000 	 -0.339198 
-0.650000 	 -0.138275 
-0.640000 	 -2.293835 
-0.630000 	 -2.666663 
-0.620000 	 1.463739 
-0.610000 	 -2.022073 
-0.600000 	 -0.427290 
-0.590000 	 0.329614 
-0.580000 	 -1.729359 
-0.570000 	 0.030264 
-0.560000 	 0.378676 
-0.550000 	 -2.823563 
-0.540000 	 0.475649 
-0.530000 	 -0.817783 
-0.520000 	 0.222501 
-0.510000 	 -1.952119 
-0.500000 	 -1.854923 
-0.490000 	 -1.780891 
-0.480000 	 -2.703015 
-0.470000 	 -1.906662 
-0.460000 	 -2.008264 
-0.450000 	 0.200210 
-0.440000 	 0.590186 
-0.430000 	 0.213032 
-0.420000 	 0.316167 
-0.410000 	 -1.499493 
-0.400000 	 -2.595008 
-0.390000 	 -2.510158 
-0.380000 	 0.603556 
-0.370000 	 -0.255424 
-0.360000 	 -0.593188 
-0.350000 	 1.961565 
-0.340000 	 0.699426 
-0.330000 	 -2.357658 
-0.320000 	 -0.593113 
-0.310000 	 -1.823526 
-0.300000 	 0.866886 
-0.290000 	 -1.037671 
-0.280000 	 -1.885466 
-0.270000 	 -1.400410 
-0.260000 	 -0.837727 
-0.250000 	 -0.324476 
-0.240000 	 0.572496 
-0.230000 	 -0.315604 
-0.220000 	 -2.381478 
-0.210000 	 -1.392240 
-0.200000 	 1.595834 
-0.190000 	 2.997255 
-0.180000 	 -1.747316 
-0.170000 	 -0.642711 
-0.160000 	 -1.707040 
-0.150000 	 -0.516559 
-0.140000 	 -0.226438 
-0.130000 	 1.070773 
-0.120000 	 -1.225663 
-0.110000 	 0.998086 
-0.100000 	 -1.171998 
-0.090000 	 2.618892 
-0.080000 	 -1.808174 
-0.070000 	 -2.219534 
-0.060000 	 -0.340675 
-0.050000 	 -2.455719 
-0.040000 	 1.824301 
-0.030000 	 -2.513780 
-0.020000 	 4.006625 
-0.010000 	 1.510045 
0.000000 	 -3.399172 
0.010000 	 -0.567527 
0.020000 	 2.311787 
0.030000 	 -1.509751 
0.040000 	 -1.898454 
0.050000 	 -1.267829 
0.060000 	 -0.707073 
0.070000 	 -2.227734 
0.080000 	 0.946144 
0.090000 	 3.378383 
0.100000 	 -0.675928 
0.110000 	 -1.639036 
0.120000 	 -1.748416 
0.130000 	 -1.067126 
0.140000 	 1.457344 
0.150000 	 -0.579888 
0.160000 	 0.029130 
0.170000 	 -0.665436 
0.180000 	 0.492573 
0.190000 	 1.390202 
0.200000 	 1.378935 
0.210000 	 1.434719 
0.220000 	 -0.266529 
0.230000 	 -3.309504 
0.240000 	 2.165253 
0.250000 	 1.361150 
0.260000 	 1.040161 
0.270000 	 3.563020 
0.280000 	 4.621699 
0.290000 	 0.154057 
0.300000 	 0.957509 
0.310000 	 0.158221 
0.320000 	 -0.517982 
0.330000 	 -0.485109 
0.340000 	 0.094804 
0.350000 	 0.778843 
0.360000 	 -1.431659 
0.370000 	 -1.255740 
0.380000 	 -0.533843 
0.390000 	 -0.846708 
0.400000 	 1.531208 
0.410000 	 -0.106495 
0.420000 	 2.435425 
0.430000 	 -0.982078 
0.440000 	 -1.058189 
0.450000 	 -0.761472 
0.460000 	 1.318899 
0.470000 	 0.763841 
0.480000 	 -0.102062 
0.490000 	 -1.254755 
0.500000 	 -2.152247 
0.510000 	 -1.089344 
0.520000 	 1.730388 
0.530000 	 -0.743943 
0.540000 	 -2.320692 
0.550000 	 0.487231 
0.560000 	 -0.797057 
0.570000 	 1.639490 
0.580000 	 3.962968 
0.590000 	 0.117487 
0.600000 	 1.891718 
0.610000 	 1.529851 
0.620000 	 3.426234 
0.630000 	 -2.848916 
0.640000 	 -0.350471 
0.650000 	 -1.247613 
0.660000 	 -1.304295 
0.670000 	 -0.943977 
0.680000 	 -1.176078 
0.690000 	 -3.103369 
0.700000 	 -1.060993 
0.710000 	 13.000000 
0.720000 	 1.270486 
0.730000 	 0.635262 
0.740000 	 -0.103431 
0.750000 	 -0.601515 
0.760000 	 -0.287824 
0.770000 	 -0.378874 
0.780000 	 -2.701403 
0.790000 	 0.512593 
0.800000 	 -0.654847 
0.810000 	 0.177159 
0.820000 	 0.299383 
0.830000 	 -1.783918 
0.840000 	 0.965501 
0.850000 	 -1.036158 
0.860000 	 -0.198231 
0.870000 	 1.649876 
0.880000 	 1.791998 
0.890000 	 -1.267800 
0.900000 	 1.659458 
0.910000 	 -0.772359 
0.920000 	 0.257846 
0.930000 	 2.540059 
0.940000 	 0.272425 
0.950000 	 2.138253 
0.960000 	 1.796309 
0.970000 	 -0.786996 
0.980000 	 1.422925 
0.990000 	 2.902968 
1.000000 	 1.586877 
1.010000 	 1.312874 
1.020000 	 0.403561 
1.030000 	 1.119860 
1.040000 	 -1.027684 
1.050000 	 -0.543005 
1.060000 	 2.466884 
1.070000 	 0.267452 
1.080000 	 -0.626967 
1.090000 	 -1.303561 
1.100000 	 0.082402 
1.110000 	 -1.500743 
1.120000 	 2.220719 
1.130000 	 -0.188503 
1.140000 	 0.399287 
1.150000 	 3.862950 
1.160000 	 1.295756 
1.170000 	 0.595363 
1.180000 	 3.315446 
1.190000 	 2.444444 
1.200000 	 2.404547 
1.210000 	 0.010363 
1.220000 	 0.738282 
1.230000 	 -0.069652 
1.240000 	 -0.894955 
1.250000 	 0.192632 
1.260000 	 -1.083485 
1.270000 	 0.603700 
1.280000 	 1.242282 
1.290000 	 2.908751 
1.300000 	 1.996935 
1.310000 	 2.096114 
1.320000 	 0.486202 
1.330000 	 0.280863 
1.340000 	 1.797080 
1.350000 	 2.495623 
1.360000 	 0.277276 
1.370000 	 -0.144977 
1.380000 	 1.676584 
1.390000 	 2.208092 
1.400000 	 0.888766 
1.410000 	 1.444041 
1.420000 	 0.984032 
1.430000 	 1.087347 
1.440000 	 0.871520 
1.450000 	 -0.260580 
1.460000 	 3.558556 
1.470000 	 2.210672 
1.480000 	 1.183123 
1.490000 	 2.259869 
1.500000 	 -2.642234 
1.510000 	 1.179090 
1.520000 	 -0.205904 
1.530000 	 1.425349 
1.540000 	 1.366816 
1.550000 	 1.479131 
1.560000 	 -0.599664 
1.570000 	 0.491132 
1.580000 	 -1.135094 
1.590000 	 0.514059 
1.600000 	 1.231432 
1.610000 	 1.383765 
1.620000 	 0.629360 
1.630000 	 -0.341858 
1.640000 	 -0.210124 
1.650000 	 1.077102 
1.660000 	 1.407936 
1.670000 	 -1.102940 
1.680000 	 -1.170389 
1.690000 	 -0.402324 
1.700000 	 1.238063 
1.710000 	 -0.010130 
1.720000 	 1.120252 
1.730000 	 -0.123281 
1.740000 	 -2.065595 
1.750000 	 0.324707 
1.760000 	 2.194153 
1.770000 	 1.408658 
1.780000 	 4.490339 
1.790000 	 2.135324 
1.800000 	 1.407832 
1.810000 	 -0.737834 
1.820000 	 4.105057 
1.830000 	 1.824980 
1.840000 	 2.940320 
1.850000 	 2.648313 
1.860000 	 1.333185 
1.870000 	 -0.331786 
1.880000 	 1.386102 
1.890000 	 3.416726 
1.900000 	 -0.297658 
1.910000 	 1.040994 
1.920000 	 1.712109 
1.930000 	 2.356285 
1.940000 	 2.242575 
1.950000 	 -0.221107 
1.960000 	 3.227533 
1.970000 	 1.173657 
1.980000 	 3.875440 
1.990000 	 3.982085 
2.000000 	 -0.601981 
2.010000 	 2.372858 
2.020000 	 5.476174 
2.030000 	 -0.020408 
2.040000 	 1.054783 
2.050000 	 0.854538 
2.060000 	 1.134281 
2.070000 	 4.729017 
2.080000 	 -0.242226 
2.090000 	 0.399799 
2.100000 	 0.859237 
2.110000 	 2.551081 
2.120000 	 2.374383 
2.130000 	 5.218202 
2.140000 	 -0.613422 
2.150000 	 1.610527 
2.160000 	 -0.299334 
2.170000 	 2.191810 
2.180000 	 2.828711 
2.190000 	 2.335039 
2.200000 	 2.091142 
2.210000 	 -1.465708 
2.220000 	 1.409457 
2.230000 	 2.436372 
2.240000 	 5.033223 
2.250000 	 4.514240 
2.260000 	 0.544795 
2.270000 	 3.606403 
2.280000 	 4.435540 
2.290000 	 3.842744 
2.300000 	 2.836593 
2.310000 	 1.462754 
2.320000 	 2.254026 
2.330000 	 4.409258 
2.340000 	 4.604147 
2.350000 	 1.624780 
2.360000 	 2.086063 
2.370000 	 5.540145 
2.380000 	 4.495720 
2.390000 	 1.723444 
2.400000 	 3.498062 
2.410000 	 1.894600 
2.420000 	 5.003205 
2.430000 	 3.411533 
2.440000 	 3.343069 
2.450000 	 4.075486 
2.460000 	 2.546546 
2.470000 	 3.261432 
2.480000 	 4.145751 
2.490000 	 3.817110 
2.500000 	 0.669966 
2.510000 	 4.182071 
2.520000 	 3.428131 
2.530000 	 4.331804 
2.540000 	 5.600131 
2.550000 	 4.144801 
2.560000 	 4.532837 
2.570000 	 3.906692 
2.580000 	 7.483078 
2.590000 	 2.327486 
2.600000 	 4.107193 
2.610000 	 4.145588 
2.620000 	 3.463580 
2.630000 	 8.996518 
2.640000 	 8.493337 
2.650000 	 2.688086 
2.660000 	 4.620538 
2.670000 	 7.318214 
2.680000 	 6.371282 
2.690000 	 6.569598 
2.700000 	 5.238453 
2.710000 	 5.135809 
2.720000 	 7.995544 
2.730000 	 5.282001 
2.740000 	 7.670319 
2.750000 	 7.754282 
2.760000 	 6.622347 
2.770000 	 8.402759 
2.780000 	 9.671079 
2.790000 	 8.111278 
2.800000 	 9.341194 
2.810000 	 5.590256 
2.820000 	 9.771071 
2.830000 	 6.944777 
2.840000 	 7.982827 
2.850000 	 6.234052 
2.860000 	 8.878718 
2.870000 	 5.984539 
2.880000 	 8.224407 
2.890000 	 8.803686 
2.900000 	 11.130281 
2.910000 	 8.705930 
2.920000 	 10.601406 
2.930000 	 9.772593 
2.940000 	 9.496159 
2.950000 	 8.794880 
2.960000 	 8.082384 
2.970000 	 9.489085 
2.980000 	 8.461112 
2.990000 	 9.300616 
3.000000 	 10.423643 
3.010000 	 12.477936 
3.020000 	 9.875495 
3.030000 	 11.454910 
3.040000 	 11.067890 
3.050000 	 9.588207 
3.060000 	 10.517923 
3.070000 	 13.026333 
3.080000 	 12.386280 
3.090000 	 15.132918 
3.100000 	 11.061268 
3.110000 	 11.030313 
3.120000 	 9.950331 
3.130000 	 11.504930 
3.140000 	 8.098093 
3.150000 	 10.905620 
3.160000 	 14.022974 
3.170000 	 11.010971 
3.180000 	 13.767774 
3.190000 	 10.308284 
3.200000 	 8.737091 
3.210000 	 12.277298 
3.220000 	 13.685601 
3.230000 	 11.505921 
3.240000 	 13.240421 
3.250000 	 11.716712 
3.260000 	 15.874831 
3.270000 	 13.953470 
3.280000 	 9.827411 
3.290000 	 14.025436 
3.300000 	 17.663612 
3.310000 	 16.504464 
3.320000 	 15.237603 
3.330000 	 15.918623 
3.340000 	 15.300956 
3.350000 	 16.626518 
3.360000 	 15.626250 
3.370000 	 19.443995 
3.380000 	 15.931718 
3.390000 	 20.226194 
3.400000 	 20.700581 
3.410000 	 16.316369 
3.420000 	 18.731245 
3.430000 	 17.051370 
3.440000 	 19.121480 
3.450000 	 19.936394 
3.460000 	 18.633228 
3.470000 	 16.242168 
3.480000 	 20.898275 
3.490000 	 20.601310 
3.500000 	 21.286053 
3.510000 	 19.683407 
3.520000 	 20.035080 
3.530000 	 21.862126 
3.540000 	 18.901713 
3.550000 	 21.534649 
3.560000 	 19.986475 
3.570000 	 21.544770 
3.580000 	 22.726466 
3.590000 	 22.013551 
3.600000 	 19.040785 
3.610000 	 19.226925 
3.620000 	 21.706620 
3.630000 	 22.096166 
3.640000 	 21.996997 
3.650000 	 24.237910 
3.660000 	 22.751804 
3.670000 	 21.025010 
3.680000 	 21.819812 
3.690000 	 24.322132 
3.700000 	 25.365782 
3.710000 	 22.556508 
3.720000 	 22.677658 
3.730000 	 21.618977 
3.740000 	 24.113492 
3.750000 	 24.903632 
3.760000 	 23.907270 
3.770000 	 20.675861 
3.780000 	 26.651277 
3.790000 	 24.979479 
3.800000 	 27.271440 
3.810000 	 27.719684 
3.820000 	 25.773226 
3.830000 	 28.015779 
3.840000 	 27.395984 
3.850000 	 29.208756 
3.860000 	 29.599866 
3.870000 	 27.662080 
3.880000 	 27.845454 
3.890000 	 28.065444 
3.900000 	 27.110861 
3.910000 	 32.700617 
3.920000 	 33.080933 
3.930000 	 31.077278 
3.940000 	 30.874434 
3.950000 	 31.598068 
3.960000 	 29.732050 
3.970000 	 32.540796 
3.980000 	 31.452818 
3.990000 	 30.995476 
4.000000 	 34.078330 
