-3.000000 	 -13.661095 
-2.990000 	 -13.173495 
-2.980000 	 -9.925164 
-2.970000 	 -10.179611 
-2.960000 	 -10.791205 
-2.950000 	 -10.692939 
-2.940000 	 -11.435191 
-2.930000 	 -13.833583 
-2.920000 	 -9.753262 
-2.910000 	 -9.883398 
-2.900000 	 -11.052335 
-2.890000 	 -10.183821 
-2.880000 	 -11.025354 
-2.870000 	 -11.062280 
-2.860000 	 -11.350201 
-2.850000 	 -11.523221 
-2.840000 	 -9.807704 
-2.830000 	 -12.269834 
-2.820000 	 -12.882741 
-2.810000 	 -13.868797 
-2.800000 	 -9.228957 
-2.790000 	 -8.790615 
-2.780000 	 -9.943375 
-2.770000 	 -8.733065 
-2.760000 	 -9.489375 
-2.750000 	 -9.116329 
-2.740000 	 -8.539388 
-2.730000 	 -13.538415 
-2.720000 	 -10.525208 
-2.710000 	 -8.114454 
-2.700000 	 -7.338166 
-2.690000 	 -10.149731 
-2.680000 	 -10.630795 
-2.670000 	 -7.411636 
-2.660000 	 -10.878258 
-2.650000 	 -12.308127 
-2.640000 	 -11.149700 
-2.630000 	 -9.209865 
-2.620000 	 -11.253894 
-2.610000 	 -10.575988 
-2.600000 	 -12.103416 
-2.590000 	 5.000000 
-2.580000 	 -11.904873 
-2.570000 	 -10.625708 
-2.560000 	 -8.019237 
-2.550000 	 -10.160618 
-2.540000 	 -9.836447 
-2.530000 	 -10.511073 
-2.520000 	 -12.292303 
-2.510000 	 -6.912966 
-2.500000 	 -10.350313 
-2.490000 	 -7.600169 
-2.480000 	 -11.523761 
-2.470000 	 -8.513440 
-2.460000 	 -10.598605 
-2.450000 	 -7.161974 
-2.440000 	 -9.858712 
-2.430000 	 -6.245920 
-2.420000 	 -9.968470 
-2.410000 	 -12.278457 
-2.400000 	 -9.927138 
-2.390000 	 -10.973859 
-2.380000 	 -7.525887 
-2.370000 	 -8.914114 
-2.360000 	 -9.378251 
-2.350000 	 -10.116683 
-2.340000 	 -6.585860 
-2.330000 	 -7.978312 
-2.320000 	 -12.012007 
-2.310000 	 -10.064135 
-2.300000 	 -7.413820 
-2.290000 	 -8.606961 
-2.280000 	 -6.976005 
-2.270000 	 -5.405577 
-2.260000 	 -8.252160 
-2.250000 	 -7.610032 
-2.240000 	 -8.847364 
-2.230000 	 -6.654946 
-2.220000 	 -7.585571 
-2.210000 	 -6.009066 
-2.200000 	 -9.433742 
-2.190000 	 -9.391245 
-2.180000 	 -5.139432 
-2.170000 	 -5.861709 
-2.160000 	 -7.783359 
-2.150000 	 -8.826516 
-2.140000 	 -6.224517 
-2.130000 	 -7.135365 
-2.120000 	 -5.302428 
-2.110000 	 -7.077776 
-2.100000 	 -6.391350 
-2.090000 	 -7.148539 
-2.080000 	 -7.436226 
-2.070000 	 -5.492361 
-2.060000 	 -3.858340 
-2.050000 	 -7.559809 
-2.040000 	 -6.347211 
-2.030000 	 -6.492702 
-2.020000 	 -8.089345 
-2.010000 	 -8.988844 
-2.000000 	 -7.503627 
-1.990000 	 -7.532091 
-1.980000 	 -6.847054 
-1.970000 	 -5.432174 
-1.960000 	 -6.002736 
-1.950000 	 -8.615466 
-1.940000 	 -6.084502 
-1.930000 	 -3.510629 
-1.920000 	 -6.512981 
-1.910000 	 -6.531796 
-1.900000 	 -5.990164 
-1.890000 	 -6.141275 
-1.880000 	 -6.255043 
-1.870000 	 -5.423707 
-1.860000 	 -5.463945 
-1.850000 	 -7.130953 
-1.840000 	 -6.220716 
-1.830000 	 -4.498777 
-1.820000 	 -4.896930 
-1.810000 	 -6.562919 
-1.800000 	 -7.681171 
-1.790000 	 -5.892656 
-1.780000 	 -2.174998 
-1.770000 	 -7.806739 
-1.760000 	 -5.375885 
-1.750000 	 -7.141607 
-1.740000 	 -4.235265 
-1.730000 	 -5.935859 
-1.720000 	 -5.354348 
-1.710000 	 -4.752404 
-1.700000 	 -5.736544 
-1.690000 	 -4.812837 
-1.680000 	 -6.130043 
-1.670000 	 -3.689280 
-1.660000 	 -5.855153 
-1.650000 	 -3.613356 
-1.640000 	 -5.986347 
-1.630000 	 -7.209976 
-1.620000 	 -5.124189 
-1.610000 	 -7.362150 
-1.600000 	 -5.085880 
-1.590000 	 -5.400147 
-1.580000 	 -4.413194 
-1.570000 	 -0.907389 
-1.560000 	 -4.889982 
-1.550000 	 -4.275780 
-1.540000 	 -3.128402 
-1.530000 	 -3.364339 
-1.520000 	 -4.555800 
-1.510000 	 -5.184715 
-1.500000 	 -3.711357 
-1.490000 	 -4.342815 
-1.480000 	 -5.671701 
-1.470000 	 -6.182581 
-1.460000 	 -2.495949 
-1.450000 	 -3.750072 
-1.440000 	 -4.699548 
-1.430000 	 -3.118166 
-1.420000 	 -3.173160 
-1.410000 	 -4.094134 
-1.400000 	 -0.620158 
-1.390000 	 -4.471005 
-1.380000 	 -2.732381 
-1.370000 	 -2.217739 
-1.360000 	 -0.724032 
-1.350000 	 -4.179293 
-1.340000 	 -3.543621 
-1.330000 	 -0.964053 
-1.320000 	 -2.102093 
-1.310000 	 -4.658998 
-1.300000 	 -2.773315 
-1.290000 	 -0.583123 
-1.280000 	 -3.732939 
-1.270000 	 -2.534094 
-1.260000 	 -2.099008 
-1.250000 	 -3.664284 
-1.240000 	 -1.574020 
-1.230000 	 -7.379010 
-1.220000 	 -2.690923 
-1.210000 	 -7.600599 
-1.200000 	 -4.648912 
-1.190000 	 -2.465458 
-1.180000 	 -2.298630 
-1.170000 	 -0.805850 
-1.160000 	 -2.735605 
-1.150000 	 -0.076501 
-1.140000 	 -5.585499 
-1.130000 	 -2.622896 
-1.120000 	 -3.067616 
-1.110000 	 -3.440223 
-1.100000 	 -3.992275 
-1.090000 	 -2.321261 
-1.080000 	 -1.126928 
-1.070000 	 -2.839831 
-1.060000 	 -1.245372 
-1.050000 	 -2.573068 
-1.040000 	 -3.362686 
-1.030000 	 -1.617023 
-1.020000 	 -3.026848 
-1.010000 	 -1.662098 
-1.000000 	 -3.809764 
-0.990000 	 -1.741171 
-0.980000 	 -1.667973 
-0.970000 	 1.126500 
-0.960000 	 -0.910943 
-0.950000 	 -3.092820 
-0.940000 	 -3.340407 
-0.930000 	 -0.214162 
-0.920000 	 -0.275996 
-0.910000 	 -1.742203 
-0.900000 	 -1.690848 
-0.890000 	 -3.053124 
-0.880000 	 -1.069300 
-0.870000 	 -3.651389 
-0.860000 	 -1.547608 
-0.850000 	 -2.655414 
-0.840000 	 -0.703700 
-0.830000 	 -1.258053 
-0.820000 	 -1.710000 
-0.810000 	 -3.210044 
-0.800000 	 -1.932461 
-0.790000 	 0.649126 
-0.780000 	 1.882767 
-0.770000 	 0.257007 
-0.760000 	 0.290287 
-0.750000 	 -0.644612 
-0.740000 	 -1.320303 
-0.730000 	 -5.796749 
-0.720000 	 -2.489378 
-0.710000 	 -3.043182 
-0.700000 	 -0.250863 
-0.690000 	 -4.512395 
-0.680000 	 -1.464559 
-0.670000 	 -2.531092 
-0.660000 	 -1.402640 
-0.650000 	 -0.083399 
-0.640000 	 -1.851975 
-0.630000 	 -0.477534 
-0.620000 	 -3.430647 
-0.610000 	 1.630640 
-0.600000 	 0.004938 
-0.590000 	 -2.686485 
-0.580000 	 2.375319 
-0.570000 	 3.169290 
-0.560000 	 -2.117197 
-0.550000 	 0.379888 
-0.540000 	 -2.230447 
-0.530000 	 1.459981 
-0.520000 	 -0.534233 
-0.510000 	 0.403060 
-0.500000 	 -2.274137 
-0.490000 	 -2.211353 
-0.480000 	 -0.121037 
-0.470000 	 -0.803356 
-0.460000 	 2.037377 
-0.450000 	 -1.854765 
-0.440000 	 -0.281163 
-0.430000 	 -2.779401 
-0.420000 	 -1.062938 
-0.410000 	 -0.930829 
-0.400000 	 -3.147739 
-0.390000 	 -1.825761 
-0.380000 	 1.317619 
-0.370000 	 -2.089947 
-0.360000 	 0.715629 
-0.350000 	 0.227432 
-0.340000 	 -0.766834 
-0.330000 	 1.706638 
-0.320000 	 -0.104557 
-0.310000 	 -0.370195 
-0.300000 	 0.784730 
-0.290000 	 -1.019775 
-0.280000 	 0.252843 
-0.270000 	 -0.262526 
-0.260000 	 0.136011 
-0.250000 	 2.205767 
-0.240000 	 0.179502 
-0.230000 	 -1.068654 
-0.220000 	 -0.425820 
-0.210000 	 0.962555 
-0.200000 	 -0.400288 
-0.190000 	 -1.013648 
-0.180000 	 -4.159069 
-0.170000 	 1.025004 
-0.160000 	 -1.511190 
-0.150000 	 0.661858 
-0.140000 	 0.260350 
-0.130000 	 0.000937 
-0.120000 	 -0.313780 
-0.110000 	 -1.763476 
-0.100000 	 0.530953 
-0.090000 	 -0.151295 
-0.080000 	 0.334380 
-0.070000 	 1.620175 
-0.060000 	 -0.943610 
-0.050000 	 -1.554205 
-0.040000 	 -0.513101 
-0.030000 	 -2.045547 
-0.020000 	 -0.096389 
-0.010000 	 -1.651115 
0.000000 	 -0.525457 
0.010000 	 -2.852195 
0.020000 	 1.634641 
0.030000 	 1.784179 
0.040000 	 1.558189 
0.050000 	 -1.563396 
0.060000 	 -0.429624 
0.070000 	 0.923384 
0.080000 	 -2.324779 
0.090000 	 1.342383 
0.100000 	 1.233598 
0.110000 	 -2.971210 
0.120000 	 0.562716 
0.130000 	 -3.166772 
0.140000 	 2.299447 
0.150000 	 -1.749909 
0.160000 	 2.093868 
0.170000 	 -1.785706 
0.180000 	 -3.162516 
0.190000 	 1.110558 
0.200000 	 -0.174478 
0.210000 	 0.764520 
0.220000 	 -0.254849 
0.230000 	 2.944365 
0.240000 	 1.721312 
0.250000 	 1.270079 
0.260000 	 0.730055 
0.270000 	 3.028542 
0.280000 	 2.453794 
0.290000 	 -1.611752 
0.300000 	 -0.108214 
0.310000 	 -0.839204 
0.320000 	 1.499170 
0.330000 	 0.910996 
0.340000 	 1.409622 
0.350000 	 -1.788500 
0.360000 	 -1.433557 
0.370000 	 2.511747 
0.380000 	 2.606242 
0.390000 	 0.388874 
0.400000 	 -0.646645 
0.410000 	 -1.256297 
0.420000 	 -2.027118 
0.430000 	 0.655720 
0.440000 	 0.409527 
0.450000 	 -2.708707 
0.460000 	 0.800030 
0.470000 	 1.409244 
0.480000 	 -0.363696 
0.490000 	 1.163805 
0.500000 	 3.990225 
0.510000 	 -0.631174 
0.520000 	 -0.245385 
0.530000 	 2.193793 
0.540000 	 0.784532 
0.550000 	 0.708571 
0.560000 	 0.041785 
0.570000 	 -1.439738 
0.580000 	 -0.092851 
0.590000 	 1.643762 
0.600000 	 1.781014 
0.610000 	 -2.396890 
0.620000 	 0.724990 
0.630000 	 0.226015 
0.640000 	 -0.880754 
0.650000 	 1.702675 
0.660000 	 -1.515060 
0.670000 	 -3.242541 
0.680000 	 2.168478 
0.690000 	 -0.568847 
0.700000 	 1.654341 
0.710000 	 -0.095753 
0.720000 	 3.865321 
0.730000 	 -0.017295 
0.740000 	 -2.998318 
0.750000 	 -0.628129 
0.760000 	 -0.715355 
0.770000 	 -1.850828 
0.780000 	 1.515760 
0.790000 	 0.353977 
0.800000 	 -0.977798 
0.810000 	 -0.134854 
0.820000 	 -0.973768 
0.830000 	 -1.139449 
0.840000 	 -1.653202 
0.850000 	 -1.883603 
0.860000 	 0.795614 
0.870000 	 1.213631 
0.880000 	 -2.264693 
0.890000 	 2.706932 
0.900000 	 -0.693990 
0.910000 	 0.507299 
0.920000 	 -1.125635 
0.930000 	 1.101721 
0.940000 	 2.228280 
0.950000 	 3.369016 
0.960000 	 -1.123506 
0.970000 	 0.052766 
0.980000 	 -0.304329 
0.990000 	 0.023974 
1.000000 	 1.710484 
1.010000 	 1.459532 
1.020000 	 0.333847 
1.030000 	 0.263956 
1.040000 	 -0.987623 
1.050000 	 -1.199507 
1.060000 	 -1.408149 
1.070000 	 0.991095 
1.080000 	 -0.983642 
1.090000 	 0.514353 
1.100000 	 2.512448 
1.110000 	 1.777908 
1.120000 	 0.541022 
1.130000 	 -4.381410 
1.140000 	 0.885688 
1.150000 	 -1.159958 
1.160000 	 2.920872 
1.170000 	 5.136818 
1.180000 	 0.951333 
1.190000 	 -0.027154 
1.200000 	 -0.453411 
1.210000 	 -1.719626 
1.220000 	 0.900563 
1.230000 	 -0.986967 
1.240000 	 2.055909 
1.250000 	 3.471149 
1.260000 	 3.622506 
1.270000 	 1.348528 
1.280000 	 0.714788 
1.290000 	 0.891463 
1.300000 	 0.550234 
1.310000 	 -2.096810 
1.320000 	 2.548889 
1.330000 	 0.885251 
1.340000 	 -0.228003 
1.350000 	 0.781924 
1.360000 	 -1.403113 
1.370000 	 1.451834 
1.380000 	 0.869785 
1.390000 	 1.166857 
1.400000 	 -2.075349 
1.410000 	 2.428975 
1.420000 	 -3.014075 
1.430000 	 0.922443 
1.440000 	 1.496932 
1.450000 	 1.668864 
1.460000 	 1.994783 
1.470000 	 -1.121003 
1.480000 	 1.724451 
1.490000 	 0.740480 
1.500000 	 1.230260 
1.510000 	 2.334256 
1.520000 	 -5.182547 
1.530000 	 -0.896360 
1.540000 	 -0.433245 
1.550000 	 3.383131 
1.560000 	 -0.229020 
1.570000 	 -0.730628 
1.580000 	 -2.015129 
1.590000 	 -0.857636 
1.600000 	 0.853894 
1.610000 	 1.016241 
1.620000 	 1.147717 
1.630000 	 0.303996 
1.640000 	 3.104072 
1.650000 	 -0.277758 
1.660000 	 0.109840 
1.670000 	 -0.674733 
1.680000 	 1.958618 
1.690000 	 2.463906 
1.700000 	 0.475826 
1.710000 	 2.125354 
1.720000 	 1.530986 
1.730000 	 1.312081 
1.740000 	 -0.261875 
1.750000 	 -2.086912 
1.760000 	 2.025918 
1.770000 	 2.553930 
1.780000 	 2.442754 
1.790000 	 2.408009 
1.800000 	 -0.662025 
1.810000 	 1.942146 
1.820000 	 1.686534 
1.830000 	 4.097342 
1.840000 	 -0.393736 
1.850000 	 -0.510361 
1.860000 	 1.697750 
1.870000 	 0.506097 
1.880000 	 3.324266 
1.890000 	 3.137950 
1.900000 	 0.985930 
1.910000 	 1.067324 
1.920000 	 2.516537 
1.930000 	 5.196775 
1.940000 	 3.968519 
1.950000 	 4.529071 
1.960000 	 4.066588 
1.970000 	 2.658951 
1.980000 	 1.543606 
1.990000 	 0.168429 
2.000000 	 2.304436 
2.010000 	 3.148172 
2.020000 	 2.942279 
2.030000 	 -0.081805 
2.040000 	 3.023374 
2.050000 	 2.677039 
2.060000 	 -0.437084 
2.070000 	 3.508849 
2.080000 	 1.830150 
2.090000 	 1.218240 
2.100000 	 2.127398 
2.110000 	 4.692992 
2.120000 	 1.214358 
2.130000 	 2.129116 
2.140000 	 1.670735 
2.150000 	 2.861561 
2.160000 	 2.858933 
2.170000 	 1.612668 
2.180000 	 5.765745 
2.190000 	 1.252663 
2.200000 	 3.971758 
2.210000 	 2.616443 
2.220000 	 3.747902 
2.230000 	 3.310288 
2.240000 	 4.152126 
2.250000 	 2.660468 
2.260000 	 3.180221 
2.270000 	 2.081905 
2.280000 	 0.409575 
2.290000 	 1.243878 
2.300000 	 0.718144 
2.310000 	 5.705459 
2.320000 	 2.239320 
2.330000 	 1.915566 
2.340000 	 1.738091 
2.350000 	 1.842786 
2.360000 	 2.129551 
2.370000 	 2.943106 
2.380000 	 6.794271 
2.390000 	 4.449111 
2.400000 	 3.294764 
2.410000 	 2.750652 
2.420000 	 5.845189 
2.430000 	 1.853286 
2.440000 	 4.529266 
2.450000 	 4.724194 
2.460000 	 3.684890 
2.470000 	 2.392384 
2.480000 	 4.442225 
2.490000 	 5.565252 
2.500000 	 3.239068 
2.510000 	 2.580922 
2.520000 	 6.898820 
2.530000 	 7.103705 
2.540000 	 6.852566 
2.550000 	 6.233282 
2.560000 	 4.445461 
2.570000 	 6.507422 
2.580000 	 3.780134 
2.590000 	 3.770672 
2.600000 	 6.576165 
2.610000 	 4.563320 
2.620000 	 7.591511 
2.630000 	 7.035159 
2.640000 	 6.730751 
2.650000 	 7.150099 
2.660000 	 4.365651 
2.670000 	 4.756597 
2.680000 	 5.372039 
2.690000 	 10.899766 
2.700000 	 9.117815 
2.710000 	 5.847915 
2.720000 	 7.336375 
2.730000 	 11.018597 
2.740000 	 6.365400 
2.750000 	 6.830855 
2.760000 	 8.118387 
2.770000 	 7.409026 
2.780000 	 3.578246 
2.790000 	 7.938456 
2.800000 	 6.967519 
2.810000 	 9.205008 
2.820000 	 11.678002 
2.830000 	 9.843839 
2.840000 	 10.593490 
2.850000 	 8.891782 
2.860000 	 7.812773 
2.870000 	 9.554505 
2.880000 	 9.888662 
2.890000 	 11.049228 
2.900000 	 7.469342 
2.910000 	 10.778020 
2.920000 	 11.180368 
2.930000 	 7.598989 
2.940000 	 8.254689 
2.950000 	 9.521281 
2.960000 	 10.378106 
2.970000 	 10.267998 
2.980000 	 10.744936 
2.990000 	 8.224343 
3.000000 	 9.091623 
3.010000 	 11.207950 
3.020000 	 13.285490 
3.030000 	 12.742913 
3.040000 	 10.734879 
3.050000 	 14.127380 
3.060000 	 12.488055 
3.070000 	 9.749817 
3.080000 	 11.297257 
3.090000 	 8.572281 
3.100000 	 12.322612 
3.110000 	 7.588826 
3.120000 	 9.583630 
3.130000 	 12.670698 
3.140000 	 11.172986 
3.150000 	 14.984771 
3.160000 	 1.000000 
3.170000 	 12.251403 
3.180000 	 12.522303 
3.190000 	 12.399209 
3.200000 	 16.687582 
3.210000 	 12.666754 
3.220000 	 13.753723 
3.230000 	 14.754493 
3.240000 	 15.702148 
3.250000 	 13.174194 
3.260000 	 17.880405 
3.270000 	 14.206179 
3.280000 	 12.841595 
3.290000 	 15.603353 
3.300000 	 14.250482 
3.310000 	 17.033160 
3.320000 	 13.899670 
3.330000 	 13.952859 
3.340000 	 15.946743 
3.350000 	 16.775408 
3.360000 	 13.767043 
3.370000 	 14.776086 
3.380000 	 17.783577 
3.390000 	 15.053818 
3.400000 	 19.240466 
3.410000 	 17.048743 
3.420000 	 19.870036 
3.430000 	 17.815993 
3.440000 	 16.013333 
3.450000 	 15.565061 
3.460000 	 18.648043 
3.470000 	 16.820984 
3.480000 	 15.927033 
3.490000 	 19.453786 
3.500000 	 21.420257 
3.510000 	 21.073598 
3.520000 	 18.945854 
3.530000 	 20.445327 
3.540000 	 20.189592 
3.550000 	 20.333908 
3.560000 	 24.129939 
3.570000 	 21.504591 
3.580000 	 20.588883 
3.590000 	 21.374668 
3.600000 	 22.706076 
3.610000 	 22.616883 
3.620000 	 22.606915 
3.630000 	 20.724416 
3.640000 	 23.778678 
3.650000 	 21.285398 
3.660000 	 25.383839 
3.670000 	 23.400260 
3.680000 	 23.697751 
3.690000 	 24.759258 
3.700000 	 22.911550 
3.710000 	 23.555402 
3.720000 	 24.368649 
3.730000 	 24.940879 
3.740000 	 26.003733 
3.750000 	 27.354032 
3.760000 	 23.832662 
3.770000 	 25.744070 
3.780000 	 26.504355 
3.790000 	 26.987705 
3.800000 	 28.041933 
3.810000 	 26.264921 
3.820000 	 31.086917 
3.830000 	 30.647685 
3.840000 	 25.315174 
3.850000 	 25.394053 
3.860000 	 33.493379 
3.870000 	 28.080095 
3.880000 	 31.681401 
3.890000 	 29.022241 
3.900000 	 29.861006 
3.910000 	 30.026492 
3.920000 	 29.334573 
3.930000 	 31.136347 
3.940000 	 28.909217 
3.950000 	 34.111110 
3.960000 	 27.537500 
3.970000 	 32.978037 
3.980000 	 29.566891 
3.990000 	 30.575754 
4.000000 	 33.621883 
