0.000000 	 1.045461 
0.010000 	 0.764845 
0.020000 	 0.484669 
0.030000 	 0.488287 
0.040000 	 -0.430461 
0.050000 	 1.689635 
0.060000 	 1.291656 
0.070000 	 -0.004385 
0.080000 	 1.458974 
0.090000 	 0.337774 
0.100000 	 1.387486 
0.110000 	 0.837354 
0.120000 	 -0.625173 
0.130000 	 1.083148 
0.140000 	 0.601498 
0.150000 	 0.055954 
0.160000 	 0.219812 
0.170000 	 0.216771 
0.180000 	 0.703388 
0.190000 	 0.197209 
0.200000 	 0.057664 
0.210000 	 0.582801 
0.220000 	 0.381217 
0.230000 	 1.550574 
0.240000 	 -1.771439 
0.250000 	 0.058900 
0.260000 	 0.377286 
0.270000 	 0.363737 
0.280000 	 -0.216418 
0.290000 	 0.479554 
0.300000 	 0.194757 
0.310000 	 0.424183 
0.320000 	 1.139252 
0.330000 	 0.654257 
0.340000 	 -0.378796 
0.350000 	 0.736088 
0.360000 	 -0.882606 
0.370000 	 0.462476 
0.380000 	 0.821824 
0.390000 	 0.113911 
0.400000 	 -0.766159 
0.410000 	 -0.349030 
0.420000 	 -0.403847 
0.430000 	 0.980422 
0.440000 	 0.148383 
0.450000 	 -0.871472 
0.460000 	 0.799797 
0.470000 	 0.705110 
0.480000 	 1.195256 
0.490000 	 0.261475 
0.500000 	 -0.063146 
0.510000 	 0.608096 
0.520000 	 0.669433 
0.530000 	 -0.673358 
0.540000 	 -0.614699 
0.550000 	 -0.672536 
0.560000 	 0.125008 
0.570000 	 -0.967286 
0.580000 	 0.221457 
0.590000 	 0.138155 
0.600000 	 0.187091 
0.610000 	 0.972646 
0.620000 	 0.362609 
0.630000 	 -1.630053 
0.640000 	 0.272131 
0.650000 	 0.350833 
0.660000 	 0.107523 
0.670000 	 0.605481 
0.680000 	 1.168185 
0.690000 	 -0.000116 
0.700000 	 -0.732623 
0.710000 	 -1.347876 
0.720000 	 0.151687 
0.730000 	 -1.468071 
0.740000 	 -0.962468 
0.750000 	 -0.688669 
0.760000 	 -0.538215 
0.770000 	 -0.800245 
0.780000 	 0.013170 
0.790000 	 0.913833 
0.800000 	 0.446620 
0.810000 	 -1.640689 
0.820000 	 -1.348762 
0.830000 	 -0.338652 
0.840000 	 -0.350377 
0.850000 	 1.485449 
0.860000 	 -0.972512 
0.870000 	 -1.377981 
0.880000 	 -0.833366 
0.890000 	 -0.986407 
0.900000 	 -1.988309 
0.910000 	 -0.891934 
0.920000 	 -1.729796 
0.930000 	 -0.320360 
0.940000 	 1.081140 
0.950000 	 -0.256214 
0.960000 	 -1.777871 
0.970000 	 -1.040666 
0.980000 	 0.334270 
0.990000 	 -0.063157 
1.000000 	 0.441831 
1.010000 	 -1.739025 
1.020000 	 0.083036 
1.030000 	 -1.980093 
1.040000 	 0.173197 
1.050000 	 -1.273603 
1.060000 	 -0.710679 
1.070000 	 0.254104 
1.080000 	 1.339944 
1.090000 	 0.537736 
1.100000 	 -0.819881 
1.110000 	 1.179197 
1.120000 	 -2.052533 
1.130000 	 -0.029286 
1.140000 	 0.183112 
1.150000 	 -1.805026 
1.160000 	 0.630340 
1.170000 	 0.440417 
1.180000 	 -1.630011 
1.190000 	 -0.966815 
1.200000 	 -0.902180 
1.210000 	 -1.035913 
1.220000 	 -1.636863 
1.230000 	 -0.757335 
1.240000 	 0.159163 
1.250000 	 -1.069202 
1.260000 	 -0.992137 
1.270000 	 -0.963954 
1.280000 	 0.809251 
1.290000 	 -1.125133 
1.300000 	 0.569337 
1.310000 	 -1.248048 
1.320000 	 0.034500 
1.330000 	 -1.095078 
1.340000 	 -1.317775 
1.350000 	 -2.242253 
1.360000 	 -0.917395 
1.370000 	 -0.700020 
1.380000 	 -0.899966 
1.390000 	 -1.629254 
1.400000 	 -1.243533 
1.410000 	 -1.352623 
1.420000 	 -0.229492 
1.430000 	 -1.561221 
1.440000 	 -0.504991 
1.450000 	 -0.873774 
1.460000 	 -1.479081 
1.470000 	 -0.970161 
1.480000 	 -2.107801 
1.490000 	 -2.145759 
1.500000 	 -2.065256 
1.510000 	 0.002234 
1.520000 	 -0.684048 
1.530000 	 -1.240608 
1.540000 	 -2.076367 
1.550000 	 -2.319819 
1.560000 	 -2.147088 
1.570000 	 0.744915 
1.580000 	 -1.071370 
1.590000 	 -1.525107 
1.600000 	 -1.313776 
1.610000 	 -2.782923 
1.620000 	 0.445080 
1.630000 	 -2.219583 
1.640000 	 -1.648775 
1.650000 	 -2.170012 
1.660000 	 -1.524215 
1.670000 	 -0.975410 
1.680000 	 -1.764233 
1.690000 	 -1.207185 
1.700000 	 -0.795186 
1.710000 	 -2.611644 
1.720000 	 -0.673836 
1.730000 	 -2.102472 
1.740000 	 -1.506911 
1.750000 	 -1.645418 
1.760000 	 -0.400231 
1.770000 	 -1.441409 
1.780000 	 -0.883212 
1.790000 	 -0.671007 
1.800000 	 -0.829477 
1.810000 	 -1.062214 
1.820000 	 -1.679293 
1.830000 	 -1.277761 
1.840000 	 -0.564810 
1.850000 	 -1.822099 
1.860000 	 -2.385996 
1.870000 	 -0.512833 
1.880000 	 -1.539431 
1.890000 	 -1.076545 
1.900000 	 -1.654169 
1.910000 	 -0.721867 
1.920000 	 -2.047643 
1.930000 	 -1.338830 
1.940000 	 -0.487660 
1.950000 	 -2.735268 
1.960000 	 -2.658039 
1.970000 	 -0.212147 
1.980000 	 -2.368078 
1.990000 	 -3.233239 
2.000000 	 -1.339578 
2.010000 	 -2.959565 
2.020000 	 -0.914809 
2.030000 	 -1.345899 
2.040000 	 -1.727274 
2.050000 	 -0.765367 
2.060000 	 -0.283003 
2.070000 	 -2.136744 
2.080000 	 -1.917648 
2.090000 	 -1.184734 
2.100000 	 -0.433168 
2.110000 	 -2.291684 
2.120000 	 -0.457867 
2.130000 	 -1.828725 
2.140000 	 -2.692812 
2.150000 	 -2.426942 
2.160000 	 -3.704609 
2.170000 	 -2.524457 
2.180000 	 -2.328426 
2.190000 	 -1.718757 
2.200000 	 -1.887074 
2.210000 	 -3.212015 
2.220000 	 -2.312646 
2.230000 	 -1.765547 
2.240000 	 -0.864686 
2.250000 	 -1.957150 
2.260000 	 -2.176011 
2.270000 	 -1.842724 
2.280000 	 -2.813033 
2.290000 	 -2.059752 
2.300000 	 -2.461312 
2.310000 	 -2.797266 
2.320000 	 -1.933467 
2.330000 	 -1.782216 
2.340000 	 -2.531578 
2.350000 	 -1.667887 
2.360000 	 -1.519060 
2.370000 	 -2.653813 
2.380000 	 -1.880110 
2.390000 	 -3.463161 
2.400000 	 -2.501142 
2.410000 	 -2.088937 
2.420000 	 -0.950544 
2.430000 	 -3.496299 
2.440000 	 -2.975650 
2.450000 	 -3.547639 
2.460000 	 -1.945075 
2.470000 	 -1.450697 
2.480000 	 -2.885715 
2.490000 	 -1.434888 
2.500000 	 -2.040199 
2.510000 	 -2.346829 
2.520000 	 -1.937798 
2.530000 	 -1.941887 
2.540000 	 -2.583750 
2.550000 	 -3.045871 
2.560000 	 -3.130413 
2.570000 	 -4.054930 
2.580000 	 -2.096777 
2.590000 	 -1.355779 
2.600000 	 -3.018748 
2.610000 	 -2.703054 
2.620000 	 -2.587797 
2.630000 	 -3.379290 
2.640000 	 -2.047506 
2.650000 	 -1.522162 
2.660000 	 -3.136356 
2.670000 	 -4.333627 
2.680000 	 0.057595 
2.690000 	 -3.557442 
2.700000 	 -4.161159 
2.710000 	 -3.775682 
2.720000 	 -3.039016 
2.730000 	 -3.271698 
2.740000 	 -1.933190 
2.750000 	 -3.488231 
2.760000 	 -2.338729 
2.770000 	 -3.166320 
2.780000 	 -1.705311 
2.790000 	 -1.884993 
2.800000 	 -2.436261 
2.810000 	 -3.073786 
2.820000 	 -1.971828 
2.830000 	 -2.055522 
2.840000 	 -2.104944 
2.850000 	 -1.387882 
2.860000 	 -3.309822 
2.870000 	 -3.518401 
2.880000 	 -2.975951 
2.890000 	 -3.271322 
2.900000 	 -2.083423 
2.910000 	 -3.675377 
2.920000 	 -2.963306 
2.930000 	 -3.962166 
2.940000 	 -3.177356 
2.950000 	 -3.850524 
2.960000 	 -3.463847 
2.970000 	 -2.910288 
2.980000 	 -2.421663 
2.990000 	 -2.489032 
3.000000 	 -3.255825 
3.010000 	 -4.249618 
3.020000 	 -2.531459 
3.030000 	 -2.012261 
3.040000 	 -2.306831 
3.050000 	 -3.205671 
3.060000 	 -3.075404 
3.070000 	 -2.147544 
3.080000 	 -3.444249 
3.090000 	 -1.611965 
3.100000 	 -4.002850 
3.110000 	 -3.403402 
3.120000 	 -4.102123 
3.130000 	 -1.965690 
3.140000 	 -4.923485 
3.150000 	 -3.646810 
3.160000 	 -3.885537 
3.170000 	 -4.027216 
3.180000 	 -3.381342 
3.190000 	 -2.537711 
3.200000 	 -4.017295 
3.210000 	 -3.678427 
3.220000 	 -2.462932 
3.230000 	 -4.066979 
3.240000 	 -3.853377 
3.250000 	 -4.557760 
3.260000 	 -3.268118 
3.270000 	 -2.676708 
3.280000 	 -4.047256 
3.290000 	 -3.890980 
3.300000 	 -3.684932 
3.310000 	 -2.976111 
3.320000 	 -3.988495 
3.330000 	 -3.269357 
3.340000 	 -2.079755 
3.350000 	 -4.639822 
3.360000 	 -2.799632 
3.370000 	 -3.483513 
3.380000 	 -3.632334 
3.390000 	 -3.620904 
3.400000 	 -4.464867 
3.410000 	 -2.667649 
3.420000 	 -3.284835 
3.430000 	 -3.788208 
3.440000 	 -2.413069 
3.450000 	 -3.090049 
3.460000 	 -4.339246 
3.470000 	 -4.368954 
3.480000 	 -2.134526 
3.490000 	 -4.768117 
3.500000 	 -4.750564 
3.510000 	 -4.861213 
3.520000 	 -5.005985 
3.530000 	 -3.800836 
3.540000 	 -2.945516 
3.550000 	 -3.426490 
3.560000 	 -5.197515 
3.570000 	 -4.107581 
3.580000 	 -3.094140 
3.590000 	 -3.972374 
3.600000 	 -3.807303 
3.610000 	 -2.854072 
3.620000 	 -3.911901 
3.630000 	 -4.475025 
3.640000 	 -6.086150 
3.650000 	 -4.902256 
3.660000 	 -4.120111 
3.670000 	 -3.571439 
3.680000 	 -5.451281 
3.690000 	 -2.619360 
3.700000 	 -3.410392 
3.710000 	 -3.041471 
3.720000 	 -3.066150 
3.730000 	 -4.080365 
3.740000 	 -3.431305 
3.750000 	 -3.098360 
3.760000 	 -3.466525 
3.770000 	 -4.293860 
3.780000 	 -2.885018 
3.790000 	 -4.414614 
3.800000 	 -2.083042 
3.810000 	 -4.700069 
3.820000 	 -3.914383 
3.830000 	 -4.044197 
3.840000 	 -4.652518 
3.850000 	 -4.367471 
3.860000 	 -4.955611 
3.870000 	 -3.676886 
3.880000 	 -4.245203 
3.890000 	 -3.507030 
3.900000 	 -4.399348 
3.910000 	 -3.989536 
3.920000 	 -5.608356 
3.930000 	 -3.905075 
3.940000 	 -4.104413 
3.950000 	 -5.598058 
3.960000 	 -4.120208 
3.970000 	 -4.152092 
3.980000 	 -3.462070 
3.990000 	 -4.426056 
4.000000 	 -4.369257 
4.010000 	 -4.134552 
4.020000 	 -4.919921 
4.030000 	 -2.836353 
4.040000 	 -3.189945 
4.050000 	 -4.265516 
4.060000 	 -5.030426 
4.070000 	 -3.665868 
4.080000 	 -4.064845 
4.090000 	 -4.876803 
4.100000 	 -3.438322 
4.110000 	 -4.805712 
4.120000 	 -3.060264 
4.130000 	 -4.684321 
4.140000 	 -5.903288 
4.150000 	 -3.099522 
4.160000 	 -4.056569 
4.170000 	 -3.114931 
4.180000 	 -4.949273 
4.190000 	 -4.674685 
4.200000 	 -4.111323 
4.210000 	 -3.484451 
4.220000 	 -3.799133 
4.230000 	 -4.788183 
4.240000 	 -4.074988 
4.250000 	 -4.322936 
4.260000 	 -4.502757 
4.270000 	 -3.829021 
4.280000 	 -6.012519 
4.290000 	 -3.687344 
4.300000 	 -4.250174 
4.310000 	 -5.553354 
4.320000 	 -6.041335 
4.330000 	 -4.420079 
4.340000 	 -1.563884 
4.350000 	 -4.287847 
4.360000 	 -5.127097 
4.370000 	 -4.762482 
4.380000 	 -4.646478 
4.390000 	 -5.597663 
4.400000 	 -4.643917 
4.410000 	 -5.788407 
4.420000 	 -3.324531 
4.430000 	 -4.549767 
4.440000 	 -4.769518 
4.450000 	 -4.279986 
4.460000 	 -4.233944 
4.470000 	 -5.732124 
4.480000 	 -4.449625 
4.490000 	 -5.329388 
4.500000 	 -5.255526 
4.510000 	 -4.255600 
4.520000 	 -4.447462 
4.530000 	 -4.152897 
4.540000 	 -4.542261 
4.550000 	 -6.162024 
4.560000 	 -4.829693 
4.570000 	 -4.870628 
4.580000 	 -4.098647 
4.590000 	 -4.452156 
4.600000 	 -4.933715 
4.610000 	 -5.113286 
4.620000 	 -5.239956 
4.630000 	 -5.075826 
4.640000 	 -4.287758 
4.650000 	 -5.777523 
4.660000 	 -4.462591 
4.670000 	 -5.955934 
4.680000 	 -4.333939 
4.690000 	 -5.102280 
4.700000 	 -4.173945 
4.710000 	 -4.136592 
4.720000 	 -6.145905 
4.730000 	 -5.682387 
4.740000 	 -5.395714 
4.750000 	 -5.098424 
4.760000 	 -6.404731 
4.770000 	 -5.707796 
4.780000 	 -5.213003 
4.790000 	 -5.666476 
4.800000 	 -5.598784 
4.810000 	 -4.462592 
4.820000 	 -6.571337 
4.830000 	 -6.341549 
4.840000 	 -4.154408 
4.850000 	 -5.042141 
4.860000 	 -3.951794 
4.870000 	 -5.442324 
4.880000 	 -4.516594 
4.890000 	 -6.447667 
4.900000 	 -5.318096 
4.910000 	 -6.747058 
4.920000 	 -4.711178 
4.930000 	 -4.607911 
4.940000 	 -5.264298 
4.950000 	 -5.883453 
4.960000 	 -4.857010 
4.970000 	 -5.882455 
4.980000 	 -5.270441 
4.990000 	 -6.414898 
5.000000 	 -5.411571 
