0.000000 	 0.499314 
0.010000 	 0.371890 
0.020000 	 0.450005 
0.030000 	 -0.673299 
0.040000 	 0.821797 
0.050000 	 -0.587986 
0.060000 	 0.877307 
0.070000 	 1.688519 
0.080000 	 0.420468 
0.090000 	 0.229882 
0.100000 	 0.786941 
0.110000 	 0.368433 
0.120000 	 0.343098 
0.130000 	 0.913790 
0.140000 	 1.144980 
0.150000 	 0.580122 
0.160000 	 -0.073430 
0.170000 	 0.863255 
0.180000 	 1.057060 
0.190000 	 -0.921886 
0.200000 	 1.307867 
0.210000 	 0.037455 
0.220000 	 0.643876 
0.230000 	 0.589525 
0.240000 	 0.202395 
0.250000 	 1.193290 
0.260000 	 1.936108 
0.270000 	 0.353054 
0.280000 	 1.177607 
0.290000 	 0.236782 
0.300000 	 -0.104723 
0.310000 	 0.556737 
0.320000 	 0.112083 
0.330000 	 -1.108566 
0.340000 	 0.154853 
0.350000 	 0.783040 
0.360000 	 0.789600 
0.370000 	 0.926098 
0.380000 	 0.118557 
0.390000 	 -0.636997 
0.400000 	 0.850951 
0.410000 	 -0.211030 
0.420000 	 -1.334931 
0.430000 	 0.580261 
0.440000 	 0.573644 
0.450000 	 0.218752 
0.460000 	 0.148524 
0.470000 	 1.030261 
0.480000 	 0.821945 
0.490000 	 -0.819351 
0.500000 	 -1.225966 
0.510000 	 1.054021 
0.520000 	 0.473287 
0.530000 	 -0.448566 
0.540000 	 0.018661 
0.550000 	 0.453036 
0.560000 	 0.753759 
0.570000 	 0.204689 
0.580000 	 0.383317 
0.590000 	 0.343571 
0.600000 	 -0.361855 
0.610000 	 0.088135 
0.620000 	 -0.732734 
0.630000 	 -0.667992 
0.640000 	 -1.149376 
0.650000 	 1.187086 
0.660000 	 1.347151 
0.670000 	 0.166102 
0.680000 	 -0.421350 
0.690000 	 0.854809 
0.700000 	 -1.001836 
0.710000 	 0.122378 
0.720000 	 -0.042837 
0.730000 	 -1.750582 
0.740000 	 -0.960712 
0.750000 	 -1.663514 
0.760000 	 1.184445 
0.770000 	 -1.648055 
0.780000 	 -1.175195 
0.790000 	 -0.965812 
0.800000 	 0.829750 
0.810000 	 -0.946077 
0.820000 	 0.333369 
0.830000 	 -0.379227 
0.840000 	 -0.242201 
0.850000 	 0.439964 
0.860000 	 0.214518 
0.870000 	 -1.482705 
0.880000 	 -1.175818 
0.890000 	 0.316640 
0.900000 	 -0.311275 
0.910000 	 -1.122543 
0.920000 	 -0.913795 
0.930000 	 1.385878 
0.940000 	 -0.567911 
0.950000 	 0.512895 
0.960000 	 -1.352706 
0.970000 	 -1.241623 
0.980000 	 -0.581889 
0.990000 	 -1.403151 
1.000000 	 -2.192504 
1.010000 	 -1.910031 
1.020000 	 -1.411126 
1.030000 	 -0.509818 
1.040000 	 0.014402 
1.050000 	 -0.261440 
1.060000 	 -0.303561 
1.070000 	 -0.858271 
1.080000 	 -0.812028 
1.090000 	 -0.141643 
1.100000 	 -0.573050 
1.110000 	 -0.570099 
1.120000 	 -1.338264 
1.130000 	 0.462013 
1.140000 	 -0.987582 
1.150000 	 -1.999354 
1.160000 	 -0.781573 
1.170000 	 -1.395029 
1.180000 	 -1.790106 
1.190000 	 -1.952835 
1.200000 	 -1.378051 
1.210000 	 -0.551009 
1.220000 	 -1.796753 
1.230000 	 -1.738738 
1.240000 	 -0.450143 
1.250000 	 -0.793506 
1.260000 	 -1.857677 
1.270000 	 -1.702196 
1.280000 	 -1.708160 
1.290000 	 -0.812985 
1.300000 	 0.818058 
1.310000 	 -0.906088 
1.320000 	 -0.412160 
1.330000 	 -1.199133 
1.340000 	 -2.381077 
1.350000 	 -0.763467 
1.360000 	 -1.180847 
1.370000 	 -1.123326 
1.380000 	 -0.024425 
1.390000 	 -2.371997 
1.400000 	 -1.009036 
1.410000 	 0.228836 
1.420000 	 -1.126862 
1.430000 	 -0.524421 
1.440000 	 -1.322881 
1.450000 	 -0.107190 
1.460000 	 -1.326732 
1.470000 	 -1.176780 
1.480000 	 -0.990037 
1.490000 	 -0.107618 
1.500000 	 -0.161881 
1.510000 	 -0.756301 
1.520000 	 -1.482602 
1.530000 	 -1.236543 
1.540000 	 -2.097103 
1.550000 	 -2.101711 
1.560000 	 -0.704715 
1.570000 	 -0.973983 
1.580000 	 -0.233261 
1.590000 	 -1.075691 
1.600000 	 -0.124911 
1.610000 	 -1.512131 
1.620000 	 -1.456201 
1.630000 	 -1.341503 
1.640000 	 -1.890980 
1.650000 	 -2.005989 
1.660000 	 -0.991188 
1.670000 	 -1.113959 
1.680000 	 -1.807608 
1.690000 	 -1.403670 
1.700000 	 -0.014919 
1.710000 	 -0.935539 
1.720000 	 -1.063716 
1.730000 	 -1.074616 
1.740000 	 -1.141790 
1.750000 	 -2.183100 
1.760000 	 -2.934721 
1.770000 	 -1.343444 
1.780000 	 -0.366000 
1.790000 	 -0.779312 
1.800000 	 -0.260714 
1.810000 	 -2.707405 
1.820000 	 -0.923764 
1.830000 	 -2.813276 
1.840000 	 -2.125553 
1.850000 	 -0.850321 
1.860000 	 -2.612232 
1.870000 	 -1.561711 
1.880000 	 -2.255438 
1.890000 	 -0.963187 
1.900000 	 -1.571830 
1.910000 	 -0.746582 
1.920000 	 -2.126644 
1.930000 	 -1.197984 
1.940000 	 -3.162327 
1.950000 	 -1.900325 
1.960000 	 -1.312819 
1.970000 	 -2.320322 
1.980000 	 -2.007463 
1.990000 	 -1.328453 
2.000000 	 -1.548725 
2.010000 	 -1.321524 
2.020000 	 -1.114772 
2.030000 	 -2.206381 
2.040000 	 -0.921998 
2.050000 	 -1.473349 
2.060000 	 -0.856158 
2.070000 	 -2.414177 
2.080000 	 -0.230334 
2.090000 	 -2.105717 
2.100000 	 -3.045835 
2.110000 	 -1.163570 
2.120000 	 -1.630302 
2.130000 	 -1.846811 
2.140000 	 -1.480575 
2.150000 	 -2.112956 
2.160000 	 -1.819428 
2.170000 	 -1.557499 
2.180000 	 -2.893074 
2.190000 	 -1.130413 
2.200000 	 -1.819805 
2.210000 	 -3.009535 
2.220000 	 -1.141751 
2.230000 	 -3.485542 
2.240000 	 -1.685507 
2.250000 	 -2.406450 
2.260000 	 -2.293213 
2.270000 	 -2.517566 
2.280000 	 -2.188496 
2.290000 	 -1.565371 
2.300000 	 -3.842837 
2.310000 	 -2.452380 
2.320000 	 -2.396539 
2.330000 	 -1.993015 
2.340000 	 -3.325679 
2.350000 	 -1.825356 
2.360000 	 -1.286797 
2.370000 	 -2.732508 
2.380000 	 -3.295344 
2.390000 	 -1.470383 
2.400000 	 -2.141470 
2.410000 	 -0.918308 
2.420000 	 -3.513589 
2.430000 	 -2.519654 
2.440000 	 -2.628129 
2.450000 	 -1.643352 
2.460000 	 -2.763712 
2.470000 	 -3.213300 
2.480000 	 -2.917051 
2.490000 	 -3.150070 
2.500000 	 -3.248299 
2.510000 	 -1.063856 
2.520000 	 -2.103899 
2.530000 	 -3.684430 
2.540000 	 -4.028710 
2.550000 	 -1.211130 
2.560000 	 -3.180702 
2.570000 	 -1.703350 
2.580000 	 -2.662728 
2.590000 	 -2.682655 
2.600000 	 -2.583993 
2.610000 	 -1.866091 
2.620000 	 -2.977270 
2.630000 	 -2.837171 
2.640000 	 -4.066751 
2.650000 	 -2.298539 
2.660000 	 -3.134446 
2.670000 	 -2.890316 
2.680000 	 -2.882104 
2.690000 	 -1.354197 
2.700000 	 -1.499983 
2.710000 	 -1.978235 
2.720000 	 -4.044309 
2.730000 	 -1.607466 
2.740000 	 -3.856854 
2.750000 	 -3.189624 
2.760000 	 -2.334905 
2.770000 	 -3.352896 
2.780000 	 -3.232828 
2.790000 	 -3.159645 
2.800000 	 -3.200683 
2.810000 	 -2.392349 
2.820000 	 -2.701663 
2.830000 	 -1.780699 
2.840000 	 -2.890378 
2.850000 	 -1.349488 
2.860000 	 -1.911692 
2.870000 	 -3.355707 
2.880000 	 -2.400196 
2.890000 	 -3.829296 
2.900000 	 -3.621405 
2.910000 	 -2.020920 
2.920000 	 -2.356983 
2.930000 	 -2.009806 
2.940000 	 -2.876608 
2.950000 	 -2.528030 
2.960000 	 -1.907419 
2.970000 	 -3.125935 
2.980000 	 -4.373912 
2.990000 	 -2.176194 
3.000000 	 -3.002517 
3.010000 	 -2.089606 
3.020000 	 -1.915314 
3.030000 	 -2.377877 
3.040000 	 -2.893729 
3.050000 	 -3.239394 
3.060000 	 -3.071216 
3.070000 	 -2.894857 
3.080000 	 -3.364023 
3.090000 	 -4.457659 
3.100000 	 -2.567061 
3.110000 	 -2.295748 
3.120000 	 -3.866567 
3.130000 	 -3.415710 
3.140000 	 -2.334220 
3.150000 	 -3.059489 
3.160000 	 -4.576518 
3.170000 	 -3.712281 
3.180000 	 -2.540661 
3.190000 	 -3.330879 
3.200000 	 -2.556900 
3.210000 	 -2.887670 
3.220000 	 -2.724940 
3.230000 	 -4.393676 
3.240000 	 -3.622330 
3.250000 	 -3.979167 
3.260000 	 -1.419658 
3.270000 	 -3.913035 
3.280000 	 -2.259615 
3.290000 	 -3.403329 
3.300000 	 -4.189200 
3.310000 	 -3.435673 
3.320000 	 -2.793079 
3.330000 	 -2.301183 
3.340000 	 -3.548024 
3.350000 	 -5.022843 
3.360000 	 -3.523410 
3.370000 	 -4.563933 
3.380000 	 -3.325526 
3.390000 	 -2.805444 
3.400000 	 -3.082620 
3.410000 	 -5.354331 
3.420000 	 -3.898685 
3.430000 	 -1.912919 
3.440000 	 -4.855183 
3.450000 	 -3.615600 
3.460000 	 -3.377234 
3.470000 	 -3.933104 
3.480000 	 -4.604774 
3.490000 	 -3.786227 
3.500000 	 -5.208712 
3.510000 	 -2.712449 
3.520000 	 -4.422668 
3.530000 	 -4.195741 
3.540000 	 -4.005689 
3.550000 	 -4.628622 
3.560000 	 -4.110171 
3.570000 	 -4.611401 
3.580000 	 -3.771687 
3.590000 	 -4.214422 
3.600000 	 -3.222500 
3.610000 	 -3.688750 
3.620000 	 -2.895591 
3.630000 	 -3.589759 
3.640000 	 -4.353394 
3.650000 	 -4.232226 
3.660000 	 -4.859547 
3.670000 	 -3.589688 
3.680000 	 -2.708952 
3.690000 	 -3.170896 
3.700000 	 -4.719922 
3.710000 	 -3.582361 
3.720000 	 -4.264306 
3.730000 	 -3.905324 
3.740000 	 -4.347299 
3.750000 	 -3.715424 
3.760000 	 -3.196653 
3.770000 	 -2.522163 
3.780000 	 -4.451150 
3.790000 	 -3.878338 
3.800000 	 -4.235381 
3.810000 	 -4.911612 
3.820000 	 -3.183986 
3.830000 	 -4.288473 
3.840000 	 -4.836313 
3.850000 	 -4.651015 
3.860000 	 -4.406020 
3.870000 	 -3.029310 
3.880000 	 -4.655390 
3.890000 	 -4.849849 
3.900000 	 -3.798803 
3.910000 	 -3.158341 
3.920000 	 -3.539392 
3.930000 	 -4.934532 
3.940000 	 -4.487357 
3.950000 	 -4.168308 
3.960000 	 -3.932603 
3.970000 	 -3.866310 
3.980000 	 -4.575708 
3.990000 	 -4.078272 
4.000000 	 -4.790835 
4.010000 	 -3.726921 
4.020000 	 -4.718414 
4.030000 	 -5.274005 
4.040000 	 -5.063700 
4.050000 	 -4.563155 
4.060000 	 -3.358205 
4.070000 	 -3.382518 
4.080000 	 -3.856639 
4.090000 	 -5.085056 
4.100000 	 -3.674640 
4.110000 	 -4.197475 
4.120000 	 -4.674154 
4.130000 	 -4.978747 
4.140000 	 -3.479741 
4.150000 	 -5.310186 
4.160000 	 -3.708066 
4.170000 	 -4.791228 
4.180000 	 -4.692922 
4.190000 	 -4.927716 
4.200000 	 -4.405022 
4.210000 	 -5.601095 
4.220000 	 -3.769345 
4.230000 	 -4.320509 
4.240000 	 -6.035420 
4.250000 	 -3.096954 
4.260000 	 -5.521192 
4.270000 	 -4.085002 
4.280000 	 -5.339782 
4.290000 	 -4.530457 
4.300000 	 -4.108829 
4.310000 	 -4.951952 
4.320000 	 -5.602044 
4.330000 	 -3.384838 
4.340000 	 -4.970288 
4.350000 	 -5.483113 
4.360000 	 -3.639718 
4.370000 	 -4.861995 
4.380000 	 -5.105334 
4.390000 	 -2.206551 
4.400000 	 -5.132843 
4.410000 	 -5.607539 
4.420000 	 -6.586580 
4.430000 	 -4.259049 
4.440000 	 -3.682517 
4.450000 	 -5.533130 
4.460000 	 -4.661011 
4.470000 	 -4.823814 
4.480000 	 -3.636339 
4.490000 	 -5.172600 
4.500000 	 -4.610560 
4.510000 	 -6.019883 
4.520000 	 -4.242929 
4.530000 	 -4.990366 
4.540000 	 -5.313546 
4.550000 	 -4.330695 
4.560000 	 -4.676277 
4.570000 	 -4.602737 
4.580000 	 -4.403056 
4.590000 	 -3.329755 
4.600000 	 -5.033806 
4.610000 	 -4.240085 
4.620000 	 -5.534802 
4.630000 	 -5.462191 
4.640000 	 -4.127355 
4.650000 	 -6.466016 
4.660000 	 -4.169259 
4.670000 	 -5.291252 
4.680000 	 -5.662954 
4.690000 	 -5.758789 
4.700000 	 -5.600620 
4.710000 	 -5.321642 
4.720000 	 -5.926934 
4.730000 	 -6.910380 
4.740000 	 -5.479857 
4.750000 	 -5.344564 
4.760000 	 -4.860970 
4.770000 	 -5.167840 
4.780000 	 -6.493379 
4.790000 	 -4.859905 
4.800000 	 -4.662400 
4.810000 	 -5.996534 
4.820000 	 -4.874634 
4.830000 	 -4.966017 
4.840000 	 -5.163525 
4.850000 	 -6.371712 
4.860000 	 -5.489093 
4.870000 	 -4.452942 
4.880000 	 -6.614850 
4.890000 	 -4.841790 
4.900000 	 -5.671169 
4.910000 	 -4.643659 
4.920000 	 -5.837751 
4.930000 	 -6.292239 
4.940000 	 -6.557375 
4.950000 	 -5.488908 
4.960000 	 -6.210735 
4.970000 	 -5.614674 
4.980000 	 -5.735823 
4.990000 	 -5.478592 
5.000000 	 -6.210559 
