0.000000 	 0.298035 
0.010000 	 0.617826 
0.020000 	 -0.368474 
0.030000 	 -0.126986 
0.040000 	 0.447258 
0.050000 	 0.466042 
0.060000 	 0.639436 
0.070000 	 0.833802 
0.080000 	 0.871577 
0.090000 	 1.602983 
0.100000 	 -0.697560 
0.110000 	 0.559036 
0.120000 	 0.840134 
0.130000 	 -0.212914 
0.140000 	 -0.275662 
0.150000 	 1.279974 
0.160000 	 1.423450 
0.170000 	 0.708040 
0.180000 	 -0.626329 
0.190000 	 0.828189 
0.200000 	 0.042292 
0.210000 	 0.875155 
0.220000 	 0.710395 
0.230000 	 -0.899266 
0.240000 	 -0.900635 
0.250000 	 0.435051 
0.260000 	 0.301316 
0.270000 	 0.014676 
0.280000 	 -0.047504 
0.290000 	 -0.502418 
0.300000 	 0.572764 
0.310000 	 0.889297 
0.320000 	 -1.543196 
0.330000 	 1.013541 
0.340000 	 0.649984 
0.350000 	 0.588883 
0.360000 	 0.337727 
0.370000 	 0.320741 
0.380000 	 -0.738669 
0.390000 	 0.521835 
0.400000 	 1.072813 
0.410000 	 -0.279949 
0.420000 	 -0.688932 
0.430000 	 1.664132 
0.440000 	 -0.011543 
0.450000 	 1.028096 
0.460000 	 -0.694814 
0.470000 	 -0.301939 
0.480000 	 -0.998116 
0.490000 	 1.140244 
0.500000 	 -0.578422 
0.510000 	 0.242804 
0.520000 	 -0.194122 
0.530000 	 0.129949 
0.540000 	 0.075666 
0.550000 	 -1.044618 
0.560000 	 0.175114 
0.570000 	 -1.185371 
0.580000 	 0.511237 
0.590000 	 2.039885 
0.600000 	 -0.088179 
0.610000 	 1.173725 
0.620000 	 -0.067686 
0.630000 	 -0.105235 
0.640000 	 -0.841591 
0.650000 	 -0.751864 
0.660000 	 -1.603208 
0.670000 	 -0.352576 
0.680000 	 0.317024 
0.690000 	 -0.898727 
0.700000 	 0.210321 
0.710000 	 0.173136 
0.720000 	 0.169451 
0.730000 	 0.480194 
0.740000 	 0.419445 
0.750000 	 -1.057434 
0.760000 	 -0.061498 
0.770000 	 0.072990 
0.780000 	 -1.212618 
0.790000 	 -1.213476 
0.800000 	 -0.496988 
0.810000 	 -0.116839 
0.820000 	 0.011905 
0.830000 	 0.250886 
0.840000 	 -0.147501 
0.850000 	 0.340039 
0.860000 	 0.383622 
0.870000 	 -0.431890 
0.880000 	 -0.936974 
0.890000 	 -1.750823 
0.900000 	 -1.059871 
0.910000 	 1.312758 
0.920000 	 0.331163 
0.930000 	 -0.200781 
0.940000 	 -2.705757 
0.950000 	 0.119562 
0.960000 	 0.059431 
0.970000 	 0.022494 
0.980000 	 -1.637423 
0.990000 	 0.355721 
1.000000 	 -0.808884 
1.010000 	 0.249355 
1.020000 	 -3.091417 
1.030000 	 0.346738 
1.040000 	 -0.670248 
1.050000 	 -0.135182 
1.060000 	 -0.862250 
1.070000 	 -1.207181 
1.080000 	 0.357604 
1.090000 	 -0.851284 
1.100000 	 -0.420814 
1.110000 	 -0.959129 
1.120000 	 -1.497911 
1.130000 	 0.033237 
1.140000 	 1.278490 
1.150000 	 -1.740234 
1.160000 	 -0.899821 
1.170000 	 -1.195681 
1.180000 	 -0.457190 
1.190000 	 -1.425370 
1.200000 	 -0.174575 
1.210000 	 -0.236251 
1.220000 	 -2.429945 
1.230000 	 -2.343542 
1.240000 	 -0.773041 
1.250000 	 -0.938471 
1.260000 	 -0.447536 
1.270000 	 -1.225434 
1.280000 	 -1.124465 
1.290000 	 -0.791039 
1.300000 	 -1.561232 
1.310000 	 -0.345558 
1.320000 	 -1.797363 
1.330000 	 -1.864798 
1.340000 	 -1.471047 
1.350000 	 -2.140638 
1.360000 	 -0.556427 
1.370000 	 -0.465319 
1.380000 	 -1.483286 
1.390000 	 0.524807 
1.400000 	 -0.349472 
1.410000 	 -2.357226 
1.420000 	 -2.071122 
1.430000 	 -0.175397 
1.440000 	 -0.726360 
1.450000 	 -1.393542 
1.460000 	 -1.171249 
1.470000 	 -0.352086 
1.480000 	 -2.133690 
1.490000 	 -1.551262 
1.500000 	 -0.910119 
1.510000 	 -0.697041 
1.520000 	 -1.390678 
1.530000 	 -0.686373 
1.540000 	 -0.880076 
1.550000 	 -0.887079 
1.560000 	 -0.392164 
1.570000 	 -2.131847 
1.580000 	 -0.114779 
1.590000 	 -1.679270 
1.600000 	 -2.082956 
1.610000 	 -0.947945 
1.620000 	 -1.604656 
1.630000 	 -0.867550 
1.640000 	 -1.980494 
1.650000 	 -1.342526 
1.660000 	 -1.645252 
1.670000 	 -1.502643 
1.680000 	 -1.011242 
1.690000 	 -1.062732 
1.700000 	 -1.956549 
1.710000 	 -1.280695 
1.720000 	 -1.890996 
1.730000 	 -0.738018 
1.740000 	 -2.103799 
1.750000 	 -0.997552 
1.760000 	 -1.865550 
1.770000 	 -1.036631 
1.780000 	 -1.105281 
1.790000 	 -0.151584 
1.800000 	 -2.796548 
1.810000 	 -1.676672 
1.820000 	 -2.281668 
1.830000 	 -0.566815 
1.840000 	 -1.576387 
1.850000 	 -0.413477 
1.860000 	 -1.058512 
1.870000 	 -1.225258 
1.880000 	 -1.307210 
1.890000 	 -0.747823 
1.900000 	 -2.396417 
1.910000 	 -1.136642 
1.920000 	 -2.585324 
1.930000 	 -1.686880 
1.940000 	 -1.070384 
1.950000 	 -1.184032 
1.960000 	 -2.115877 
1.970000 	 -2.576048 
1.980000 	 -0.500543 
1.990000 	 -2.548463 
2.000000 	 -1.408044 
2.010000 	 -3.608850 
2.020000 	 -2.030321 
2.030000 	 -2.086176 
2.040000 	 -0.761665 
2.050000 	 -2.128031 
2.060000 	 -2.673286 
2.070000 	 -2.799216 
2.080000 	 -0.323912 
2.090000 	 -1.843316 
2.100000 	 -1.550140 
2.110000 	 -2.344542 
2.120000 	 -1.095087 
2.130000 	 -1.169205 
2.140000 	 -2.127823 
2.150000 	 -1.384254 
2.160000 	 -2.534322 
2.170000 	 -2.407721 
2.180000 	 -1.294987 
2.190000 	 -1.526286 
2.200000 	 -0.991352 
2.210000 	 -1.984329 
2.220000 	 -1.814629 
2.230000 	 -1.712391 
2.240000 	 -1.542309 
2.250000 	 -1.346850 
2.260000 	 -1.761377 
2.270000 	 -1.164232 
2.280000 	 -1.817584 
2.290000 	 -1.638951 
2.300000 	 -1.912954 
2.310000 	 -2.138614 
2.320000 	 -2.598968 
2.330000 	 -1.101866 
2.340000 	 -2.459397 
2.350000 	 -0.876011 
2.360000 	 -2.057875 
2.370000 	 -1.983571 
2.380000 	 -1.205348 
2.390000 	 -2.493884 
2.400000 	 -2.455936 
2.410000 	 -1.567619 
2.420000 	 -2.678366 
2.430000 	 -4.014630 
2.440000 	 -2.105684 
2.450000 	 -3.453152 
2.460000 	 -1.000921 
2.470000 	 -1.713433 
2.480000 	 -2.603069 
2.490000 	 -1.616879 
2.500000 	 -2.788975 
2.510000 	 -3.245146 
2.520000 	 -2.792264 
2.530000 	 -2.187244 
2.540000 	 -3.530373 
2.550000 	 -4.074001 
2.560000 	 -3.562097 
2.570000 	 -3.240520 
2.580000 	 -3.402400 
2.590000 	 -3.876790 
2.600000 	 -2.319728 
2.610000 	 -1.549329 
2.620000 	 -1.993343 
2.630000 	 -3.144211 
2.640000 	 -2.262986 
2.650000 	 -2.975985 
2.660000 	 -2.763446 
2.670000 	 -2.084571 
2.680000 	 -1.850120 
2.690000 	 -3.402860 
2.700000 	 -1.799606 
2.710000 	 -3.943162 
2.720000 	 -3.858543 
2.730000 	 -1.805787 
2.740000 	 -1.311636 
2.750000 	 -2.678859 
2.760000 	 -3.455028 
2.770000 	 -1.528475 
2.780000 	 -3.880519 
2.790000 	 -3.550813 
2.800000 	 -2.217661 
2.810000 	 -2.766859 
2.820000 	 -2.262453 
2.830000 	 -4.510342 
2.840000 	 -1.546651 
2.850000 	 -2.290184 
2.860000 	 -2.762617 
2.870000 	 -3.442750 
2.880000 	 -2.086718 
2.890000 	 -3.536021 
2.900000 	 -3.609817 
2.910000 	 -3.093732 
2.920000 	 -3.815939 
2.930000 	 -2.697021 
2.940000 	 -3.063613 
2.950000 	 -3.478283 
2.960000 	 -4.127906 
2.970000 	 -2.786805 
2.980000 	 -2.921492 
2.990000 	 -3.962346 
3.000000 	 -3.194899 
3.010000 	 -2.133243 
3.020000 	 -3.077082 
3.030000 	 -2.303718 
3.040000 	 -3.788988 
3.050000 	 -3.654135 
3.060000 	 -3.579507 
3.070000 	 -2.424817 
3.080000 	 -1.558297 
3.090000 	 -3.996387 
3.100000 	 -3.097853 
3.110000 	 -1.910225 
3.120000 	 -3.272553 
3.130000 	 -2.994401 
3.140000 	 -2.550545 
3.150000 	 -4.030895 
3.160000 	 -2.114010 
3.170000 	 -0.985218 
3.180000 	 -4.089706 
3.190000 	 -4.058757 
3.200000 	 -3.789110 
3.210000 	 -3.430904 
3.220000 	 -4.920243 
3.230000 	 -3.316191 
3.240000 	 -2.980016 
3.250000 	 -4.785297 
3.260000 	 -3.385200 
3.270000 	 -2.894770 
3.280000 	 -4.796363 
3.290000 	 -3.458932 
3.300000 	 -1.502547 
3.310000 	 -2.904543 
3.320000 	 -2.433770 
3.330000 	 -4.183907 
3.340000 	 -3.233088 
3.350000 	 -3.602744 
3.360000 	 -3.892826 
3.370000 	 -3.604118 
3.380000 	 -3.687849 
3.390000 	 -2.819664 
3.400000 	 -2.569489 
3.410000 	 -3.836658 
3.420000 	 -2.742261 
3.430000 	 -3.180426 
3.440000 	 -3.414412 
3.450000 	 -4.430913 
3.460000 	 -3.920436 
3.470000 	 -4.142960 
3.480000 	 -2.951516 
3.490000 	 -3.174964 
3.500000 	 -4.869798 
3.510000 	 -3.817495 
3.520000 	 -2.921416 
3.530000 	 -4.209957 
3.540000 	 -4.449800 
3.550000 	 -3.739672 
3.560000 	 -3.652127 
3.570000 	 -3.968740 
3.580000 	 -3.143641 
3.590000 	 -4.213669 
3.600000 	 -5.216011 
3.610000 	 -3.736682 
3.620000 	 -3.357664 
3.630000 	 -4.014176 
3.640000 	 -1.972942 
3.650000 	 -4.162827 
3.660000 	 -5.556166 
3.670000 	 -3.888884 
3.680000 	 -5.730659 
3.690000 	 -3.532067 
3.700000 	 -4.216548 
3.710000 	 -5.199902 
3.720000 	 -4.142030 
3.730000 	 -4.071541 
3.740000 	 -5.303437 
3.750000 	 -4.137825 
3.760000 	 -3.377212 
3.770000 	 -3.999794 
3.780000 	 -5.199891 
3.790000 	 -4.059382 
3.800000 	 -2.661986 
3.810000 	 -3.654993 
3.820000 	 -4.374225 
3.830000 	 -3.658556 
3.840000 	 -3.668432 
3.850000 	 -4.426661 
3.860000 	 -4.704044 
3.870000 	 -4.518420 
3.880000 	 -2.901263 
3.890000 	 -3.596817 
3.900000 	 -5.016466 
3.910000 	 -2.827742 
3.920000 	 -4.098806 
3.930000 	 -3.704135 
3.940000 	 -2.068397 
3.950000 	 -5.577584 
3.960000 	 -5.561253 
3.970000 	 -3.837883 
3.980000 	 -5.369387 
3.990000 	 -6.084452 
4.000000 	 -3.408832 
4.010000 	 -5.041419 
4.020000 	 -5.388473 
4.030000 	 -4.377007 
4.040000 	 -5.042962 
4.050000 	 -3.483958 
4.060000 	 -5.107789 
4.070000 	 -4.008197 
4.080000 	 -3.599543 
4.090000 	 -3.845634 
4.100000 	 -4.420346 
4.110000 	 -3.619335 
4.120000 	 -4.686844 
4.130000 	 -4.302601 
4.140000 	 -4.504217 
4.150000 	 -2.845112 
4.160000 	 -4.624740 
4.170000 	 -4.873053 
4.180000 	 -5.681399 
4.190000 	 -3.433845 
4.200000 	 -4.578216 
4.210000 	 -2.999831 
4.220000 	 -4.296420 
4.230000 	 -4.243444 
4.240000 	 -4.554796 
4.250000 	 -6.058510 
4.260000 	 -4.577215 
4.270000 	 -2.710491 
4.280000 	 -3.299969 
4.290000 	 -5.823759 
4.300000 	 -4.404131 
4.310000 	 -4.590875 
4.320000 	 -4.594269 
4.330000 	 -5.490721 
4.340000 	 -5.582685 
4.350000 	 -5.289734 
4.360000 	 -5.201318 
4.370000 	 -4.793598 
4.380000 	 -5.005372 
4.390000 	 -3.577179 
4.400000 	 -5.475971 
4.410000 	 -4.711820 
4.420000 	 -6.994253 
4.430000 	 -5.592185 
4.440000 	 -3.915688 
4.450000 	 -5.080858 
4.460000 	 -4.875940 
4.470000 	 -4.347625 
4.480000 	 -4.899307 
4.490000 	 -4.283697 
4.500000 	 -4.369420 
4.510000 	 -5.773888 
4.520000 	 -4.709270 
4.530000 	 -4.226659 
4.540000 	 -4.846740 
4.550000 	 -6.510054 
4.560000 	 -5.263736 
4.570000 	 -3.881919 
4.580000 	 -6.035408 
4.590000 	 -4.788849 
4.600000 	 -5.052635 
4.610000 	 -4.578841 
4.620000 	 -4.312805 
4.630000 	 -6.214958 
4.640000 	 -5.133062 
4.650000 	 -5.645248 
4.660000 	 -4.980354 
4.670000 	 -3.826108 
4.680000 	 -6.115325 
4.690000 	 -5.593764 
4.700000 	 -6.093746 
4.710000 	 -4.125933 
4.720000 	 -6.395467 
4.730000 	 -4.896791 
4.740000 	 -5.029176 
4.750000 	 -4.443552 
4.760000 	 -4.745972 
4.770000 	 -4.668374 
4.780000 	 -4.637708 
4.790000 	 -3.982615 
4.800000 	 -5.591230 
4.810000 	 -4.752882 
4.820000 	 -5.028526 
4.830000 	 -5.025630 
4.840000 	 -6.090005 
4.850000 	 -5.879995 
4.860000 	 -5.039480 
4.870000 	 -5.837139 
4.880000 	 -6.418533 
4.890000 	 -4.996932 
4.900000 	 -6.586331 
4.910000 	 -4.353085 
4.920000 	 -6.441310 
4.930000 	 -5.997592 
4.940000 	 -5.055036 
4.950000 	 -6.470107 
4.960000 	 -5.080801 
4.970000 	 -5.356592 
4.980000 	 -5.981542 
4.990000 	 -5.350763 
5.000000 	 -6.785534 
