0.000000 	 0.912892 
0.010000 	 0.443236 
0.020000 	 -0.449281 
0.030000 	 0.371412 
0.040000 	 -0.231095 
0.050000 	 -0.195607 
0.060000 	 0.135921 
0.070000 	 0.461223 
0.080000 	 1.093241 
0.090000 	 0.940640 
0.100000 	 1.765265 
0.110000 	 0.583021 
0.120000 	 1.082977 
0.130000 	 -0.339729 
0.140000 	 -0.292291 
0.150000 	 0.585349 
0.160000 	 1.935584 
0.170000 	 0.316519 
0.180000 	 2.442630 
0.190000 	 -0.563993 
0.200000 	 1.852113 
0.210000 	 1.892916 
0.220000 	 -0.191799 
0.230000 	 -0.628339 
0.240000 	 -0.792982 
0.250000 	 0.523555 
0.260000 	 0.589016 
0.270000 	 1.504705 
0.280000 	 1.033538 
0.290000 	 1.141938 
0.300000 	 -0.214483 
0.310000 	 1.057819 
0.320000 	 0.601872 
0.330000 	 -1.722954 
0.340000 	 0.447964 
0.350000 	 -0.614163 
0.360000 	 -0.399876 
0.370000 	 -1.557213 
0.380000 	 -0.793605 
0.390000 	 -0.111634 
0.400000 	 0.176683 
0.410000 	 0.063417 
0.420000 	 1.054968 
0.430000 	 1.162464 
0.440000 	 -0.104903 
0.450000 	 -0.023968 
0.460000 	 1.104746 
0.470000 	 0.530292 
0.480000 	 0.323285 
0.490000 	 -1.656449 
0.500000 	 -0.234716 
0.510000 	 0.731535 
0.520000 	 0.181979 
0.530000 	 -0.582839 
0.540000 	 0.162811 
0.550000 	 0.838085 
0.560000 	 0.347512 
0.570000 	 -1.071121 
0.580000 	 -1.060211 
0.590000 	 0.872001 
0.600000 	 0.125708 
0.610000 	 -0.079887 
0.620000 	 -0.991436 
0.630000 	 -0.198486 
0.640000 	 0.638167 
0.650000 	 0.721450 
0.660000 	 0.818186 
0.670000 	 -0.452213 
0.680000 	 -0.835554 
0.690000 	 0.331156 
0.700000 	 -1.042393 
0.710000 	 -0.013925 
0.720000 	 -1.081430 
0.730000 	 0.469197 
0.740000 	 0.127740 
0.750000 	 1.798585 
0.760000 	 -0.612453 
0.770000 	 -0.767540 
0.780000 	 0.067845 
0.790000 	 0.923255 
0.800000 	 0.309244 
0.810000 	 -0.505570 
0.820000 	 0.615768 
0.830000 	 -0.725144 
0.840000 	 -1.353099 
0.850000 	 -0.013596 
0.860000 	 -0.649529 
0.870000 	 -0.327040 
0.880000 	 0.244728 
0.890000 	 -1.212162 
0.900000 	 1.228140 
0.910000 	 -0.508466 
0.920000 	 -0.965242 
0.930000 	 -0.406902 
0.940000 	 -1.642224 
0.950000 	 -0.344931 
0.960000 	 0.466113 
0.970000 	 -1.514441 
0.980000 	 -1.002154 
0.990000 	 -0.162191 
1.000000 	 -0.118119 
1.010000 	 -0.997276 
1.020000 	 -1.273813 
1.030000 	 -0.687911 
1.040000 	 -1.038216 
1.050000 	 -0.259788 
1.060000 	 -1.415557 
1.070000 	 0.569626 
1.080000 	 -0.787886 
1.090000 	 -1.684001 
1.100000 	 0.869957 
1.110000 	 0.284285 
1.120000 	 -0.214647 
1.130000 	 -0.075465 
1.140000 	 -0.410976 
1.150000 	 0.656119 
1.160000 	 0.484062 
1.170000 	 -0.724690 
1.180000 	 -0.446891 
1.190000 	 0.765262 
1.200000 	 -1.613825 
1.210000 	 -0.410058 
1.220000 	 -0.924866 
1.230000 	 -0.694070 
1.240000 	 0.606662 
1.250000 	 -0.296498 
1.260000 	 -0.918774 
1.270000 	 -1.559897 
1.280000 	 0.790417 
1.290000 	 -0.858697 
1.300000 	 -1.535450 
1.310000 	 -2.705611 
1.320000 	 -0.320587 
1.330000 	 -0.406762 
1.340000 	 -0.485680 
1.350000 	 -0.599490 
1.360000 	 -0.236831 
1.370000 	 -0.641976 
1.380000 	 -1.030009 
1.390000 	 1.012229 
1.400000 	 -1.479089 
1.410000 	 -2.518074 
1.420000 	 -1.365855 
1.430000 	 -0.215284 
1.440000 	 0.077512 
1.450000 	 -0.628609 
1.460000 	 -0.698079 
1.470000 	 0.098900 
1.480000 	 -1.062123 
1.490000 	 0.518712 
1.500000 	 -0.772298 
1.510000 	 -0.674675 
1.520000 	 -1.618283 
1.530000 	 -0.751264 
1.540000 	 -1.329368 
1.550000 	 -0.545626 
1.560000 	 -0.892549 
1.570000 	 -1.627745 
1.580000 	 -1.158038 
1.590000 	 -1.559241 
1.600000 	 -1.929096 
1.610000 	 -1.179546 
1.620000 	 -2.102891 
1.630000 	 -0.203373 
1.640000 	 -0.074926 
1.650000 	 -1.012436 
1.660000 	 0.185959 
1.670000 	 -2.122491 
1.680000 	 -1.527602 
1.690000 	 -0.640929 
1.700000 	 -2.819668 
1.710000 	 -1.772965 
1.720000 	 -1.997337 
1.730000 	 -0.659697 
1.740000 	 -2.631194 
1.750000 	 -2.504766 
1.760000 	 -0.782144 
1.770000 	 -1.032773 
1.780000 	 -2.553258 
1.790000 	 -1.704438 
1.800000 	 -1.485343 
1.810000 	 -2.497523 
1.820000 	 0.030769 
1.830000 	 -1.275748 
1.840000 	 -0.740309 
1.850000 	 -0.942718 
1.860000 	 -1.042651 
1.870000 	 -1.580126 
1.880000 	 -2.343346 
1.890000 	 -0.667171 
1.900000 	 -3.008009 
1.910000 	 -0.923037 
1.920000 	 -2.384122 
1.930000 	 -3.033074 
1.940000 	 -1.203522 
1.950000 	 -1.114011 
1.960000 	 -1.968833 
1.970000 	 -2.359223 
1.980000 	 -1.807275 
1.990000 	 -2.854727 
2.000000 	 -1.830038 
2.010000 	 -0.810493 
2.020000 	 -1.625880 
2.030000 	 -3.007964 
2.040000 	 -1.173452 
2.050000 	 -2.496367 
2.060000 	 -2.089618 
2.070000 	 -1.381241 
2.080000 	 -2.552214 
2.090000 	 -2.025579 
2.100000 	 -1.763597 
2.110000 	 -2.116893 
2.120000 	 -1.443630 
2.130000 	 -1.530281 
2.140000 	 -1.537858 
2.150000 	 -2.757130 
2.160000 	 -1.733825 
2.170000 	 -2.020846 
2.180000 	 -1.856073 
2.190000 	 -2.656509 
2.200000 	 -1.531599 
2.210000 	 -0.798071 
2.220000 	 -2.387290 
2.230000 	 -3.832831 
2.240000 	 -2.429331 
2.250000 	 -3.337541 
2.260000 	 -0.670135 
2.270000 	 -1.186615 
2.280000 	 -0.868167 
2.290000 	 -3.347497 
2.300000 	 -1.714506 
2.310000 	 -2.589008 
2.320000 	 -2.897615 
2.330000 	 -1.898649 
2.340000 	 -2.677560 
2.350000 	 -2.085609 
2.360000 	 -2.552007 
2.370000 	 -2.008868 
2.380000 	 -3.569159 
2.390000 	 -3.359297 
2.400000 	 -2.655247 
2.410000 	 -2.884971 
2.420000 	 -1.574175 
2.430000 	 -3.107691 
2.440000 	 -2.383962 
2.450000 	 -1.717996 
2.460000 	 -3.924712 
2.470000 	 -3.824072 
2.480000 	 -3.290297 
2.490000 	 -2.463094 
2.500000 	 -1.815413 
2.510000 	 -3.078354 
2.520000 	 -3.535401 
2.530000 	 -2.856199 
2.540000 	 -3.509148 
2.550000 	 -1.104530 
2.560000 	 -1.888557 
2.570000 	 -2.237539 
2.580000 	 -2.061727 
2.590000 	 -2.817127 
2.600000 	 -1.311365 
2.610000 	 -3.386065 
2.620000 	 -3.349668 
2.630000 	 -2.654233 
2.640000 	 -3.001286 
2.650000 	 -2.732955 
2.660000 	 -3.368775 
2.670000 	 -4.315497 
2.680000 	 -2.008270 
2.690000 	 -1.901083 
2.700000 	 -2.338511 
2.710000 	 -1.739677 
2.720000 	 -2.961554 
2.730000 	 -3.759111 
2.740000 	 -2.806329 
2.750000 	 -3.065415 
2.760000 	 -1.009932 
2.770000 	 -1.200577 
2.780000 	 -2.942435 
2.790000 	 -2.827078 
2.800000 	 -3.750672 
2.810000 	 -3.053770 
2.820000 	 -4.418077 
2.830000 	 -3.755573 
2.840000 	 -2.675689 
2.850000 	 -3.001553 
2.860000 	 -2.775284 
2.870000 	 -1.562505 
2.880000 	 -3.066091 
2.890000 	 -2.807293 
2.900000 	 -2.911024 
2.910000 	 -3.462933 
2.920000 	 -3.673290 
2.930000 	 -2.469802 
2.940000 	 -1.383162 
2.950000 	 -2.707328 
2.960000 	 -2.388664 
2.970000 	 -2.580946 
2.980000 	 -2.873632 
2.990000 	 -3.482309 
3.000000 	 -3.478081 
3.010000 	 -4.157472 
3.020000 	 -2.252500 
3.030000 	 -2.769142 
3.040000 	 -3.596438 
3.050000 	 -4.419248 
3.060000 	 -3.050166 
3.070000 	 -3.291823 
3.080000 	 -2.077261 
3.090000 	 -1.810071 
3.100000 	 -2.271320 
3.110000 	 -3.711065 
3.120000 	 -2.818768 
3.130000 	 -2.904991 
3.140000 	 -2.226670 
3.150000 	 -4.201675 
3.160000 	 -3.528724 
3.170000 	 -1.890088 
3.180000 	 -2.611462 
3.190000 	 -3.142729 
3.200000 	 -3.215279 
3.210000 	 -3.826012 
3.220000 	 -2.436029 
3.230000 	 -4.108001 
3.240000 	 -3.534344 
3.250000 	 -3.767757 
3.260000 	 -3.388942 
3.270000 	 -4.098967 
3.280000 	 -3.080395 
3.290000 	 -2.883008 
3.300000 	 -3.020537 
3.310000 	 -5.103884 
3.320000 	 -3.983023 
3.330000 	 -3.487297 
3.340000 	 -3.559618 
3.350000 	 -2.807771 
3.360000 	 -4.000037 
3.370000 	 -3.774259 
3.380000 	 -2.040655 
3.390000 	 -3.710108 
3.400000 	 -4.657523 
3.410000 	 -3.618102 
3.420000 	 -3.837328 
3.430000 	 -3.097790 
3.440000 	 -3.998847 
3.450000 	 -4.102881 
3.460000 	 -3.110707 
3.470000 	 -4.409349 
3.480000 	 -2.965798 
3.490000 	 -2.663984 
3.500000 	 -4.169766 
3.510000 	 -4.158284 
3.520000 	 -3.758936 
3.530000 	 -3.919618 
3.540000 	 -1.903866 
3.550000 	 -2.560688 
3.560000 	 -4.488885 
3.570000 	 -3.503958 
3.580000 	 -3.445009 
3.590000 	 -3.510033 
3.600000 	 -3.693489 
3.610000 	 -3.880621 
3.620000 	 -2.053781 
3.630000 	 -4.535639 
3.640000 	 -2.635734 
3.650000 	 -4.733767 
3.660000 	 -3.823538 
3.670000 	 -3.186436 
3.680000 	 -3.463558 
3.690000 	 -5.079574 
3.700000 	 -4.099449 
3.710000 	 -2.904767 
3.720000 	 -3.037544 
3.730000 	 -3.893567 
3.740000 	 -4.617771 
3.750000 	 -4.391683 
3.760000 	 -3.755881 
3.770000 	 -1.934112 
3.780000 	 -4.869191 
3.790000 	 -4.072574 
3.800000 	 -3.548601 
3.810000 	 -3.282486 
3.820000 	 -4.208004 
3.830000 	 -3.953684 
3.840000 	 -3.250030 
3.850000 	 -3.410277 
3.860000 	 -6.157438 
3.870000 	 -4.521225 
3.880000 	 -4.902612 
3.890000 	 -4.062770 
3.900000 	 -4.496364 
3.910000 	 -4.513160 
3.920000 	 -4.775161 
3.930000 	 -3.605400 
3.940000 	 -5.540075 
3.950000 	 -3.704961 
3.960000 	 -6.838068 
3.970000 	 -4.683462 
3.980000 	 -3.953664 
3.990000 	 -4.349009 
4.000000 	 -5.450201 
4.010000 	 -2.231407 
4.020000 	 -3.298768 
4.030000 	 -4.561970 
4.040000 	 -5.020097 
4.050000 	 -3.355827 
4.060000 	 -4.498058 
4.070000 	 -5.410995 
4.080000 	 -3.166507 
4.090000 	 -4.961633 
4.100000 	 -3.869696 
4.110000 	 -5.088552 
4.120000 	 -5.483929 
4.130000 	 -5.304516 
4.140000 	 -4.935392 
4.150000 	 -3.622438 
4.160000 	 -5.355655 
4.170000 	 -3.515116 
4.180000 	 -4.327739 
4.190000 	 -4.315126 
4.200000 	 -3.323596 
4.210000 	 -5.557567 
4.220000 	 -4.086562 
4.230000 	 -3.148393 
4.240000 	 -4.275095 
4.250000 	 -3.820672 
4.260000 	 -5.350549 
4.270000 	 -4.523847 
4.280000 	 -4.146526 
4.290000 	 -4.709998 
4.300000 	 -3.608940 
4.310000 	 -4.783898 
4.320000 	 -3.366651 
4.330000 	 -5.361248 
4.340000 	 -3.140142 
4.350000 	 -6.161880 
4.360000 	 -5.069740 
4.370000 	 -4.427999 
4.380000 	 -3.787416 
4.390000 	 -3.203616 
4.400000 	 -5.014195 
4.410000 	 -5.220933 
4.420000 	 -3.445469 
4.430000 	 -4.392458 
4.440000 	 -3.971600 
4.450000 	 -5.117558 
4.460000 	 -6.757002 
4.470000 	 -4.767536 
4.480000 	 -7.145425 
4.490000 	 -5.569351 
4.500000 	 -3.412127 
4.510000 	 -5.449003 
4.520000 	 -4.887172 
4.530000 	 -4.951433 
4.540000 	 -4.831845 
4.550000 	 -5.126116 
4.560000 	 -5.912223 
4.570000 	 -4.128382 
4.580000 	 -5.051961 
4.590000 	 -4.961927 
4.600000 	 -6.206958 
4.610000 	 -4.823121 
4.620000 	 -5.320613 
4.630000 	 -4.663385 
4.640000 	 -5.765342 
4.650000 	 -5.328843 
4.660000 	 -5.500156 
4.670000 	 -4.953482 
4.680000 	 -3.536424 
4.690000 	 -5.833834 
4.700000 	 -5.591065 
4.710000 	 -4.174200 
4.720000 	 -5.080685 
4.730000 	 -4.928573 
4.740000 	 -4.603498 
4.750000 	 -4.818810 
4.760000 	 -5.229225 
4.770000 	 -5.847877 
4.780000 	 -4.707344 
4.790000 	 -4.275730 
4.800000 	 -5.577194 
4.810000 	 -6.023547 
4.820000 	 -4.530100 
4.830000 	 -5.741189 
4.840000 	 -6.119923 
4.850000 	 -5.737820 
4.860000 	 -5.683116 
4.870000 	 -4.697042 
4.880000 	 -4.752336 
4.890000 	 -6.221118 
4.900000 	 -4.211543 
4.910000 	 -4.273516 
4.920000 	 -5.860101 
4.930000 	 -6.183410 
4.940000 	 -5.522814 
4.950000 	 -4.782896 
4.960000 	 -5.799154 
4.970000 	 -5.302852 
4.980000 	 -5.767083 
4.990000 	 -6.439546 
5.000000 	 -5.480710 
