0.000000 	 1.239796 
0.010000 	 0.868336 
0.020000 	 1.155095 
0.030000 	 0.874435 
0.040000 	 2.447076 
0.050000 	 1.276620 
0.060000 	 0.156244 
0.070000 	 1.987061 
0.080000 	 -0.057184 
0.090000 	 0.802986 
0.100000 	 1.316810 
0.110000 	 1.748208 
0.120000 	 -0.109243 
0.130000 	 -0.201329 
0.140000 	 0.157048 
0.150000 	 -0.571645 
0.160000 	 1.726788 
0.170000 	 -0.603401 
0.180000 	 0.705461 
0.190000 	 0.578970 
0.200000 	 1.038361 
0.210000 	 1.781078 
0.220000 	 -0.735161 
0.230000 	 1.514254 
0.240000 	 0.491864 
0.250000 	 0.046702 
0.260000 	 1.568972 
0.270000 	 -0.707368 
0.280000 	 0.492276 
0.290000 	 0.295966 
0.300000 	 0.962819 
0.310000 	 0.034997 
0.320000 	 -0.039192 
0.330000 	 -0.702706 
0.340000 	 -0.560047 
0.350000 	 -0.186483 
0.360000 	 0.897749 
0.370000 	 -0.151448 
0.380000 	 -0.607090 
0.390000 	 -0.412512 
0.400000 	 0.297496 
0.410000 	 -0.255246 
0.420000 	 0.159040 
0.430000 	 0.682518 
0.440000 	 -0.224899 
0.450000 	 -0.068766 
0.460000 	 0.338139 
0.470000 	 1.059839 
0.480000 	 0.960364 
0.490000 	 0.173618 
0.500000 	 -0.019499 
0.510000 	 0.228148 
0.520000 	 0.885210 
0.530000 	 0.597844 
0.540000 	 0.570097 
0.550000 	 1.290974 
0.560000 	 -0.934824 
0.570000 	 0.409749 
0.580000 	 0.051501 
0.590000 	 -0.367986 
0.600000 	 0.332191 
0.610000 	 0.561406 
0.620000 	 -0.409726 
0.630000 	 0.984187 
0.640000 	 0.123085 
0.650000 	 -0.234125 
0.660000 	 -0.219139 
0.670000 	 -1.121300 
0.680000 	 -0.279611 
0.690000 	 0.006812 
0.700000 	 0.263396 
0.710000 	 0.268381 
0.720000 	 0.878484 
0.730000 	 -0.047731 
0.740000 	 -0.667959 
0.750000 	 -1.636041 
0.760000 	 -0.655260 
0.770000 	 -1.275430 
0.780000 	 0.417662 
0.790000 	 -0.163076 
0.800000 	 -0.545924 
0.810000 	 -0.501250 
0.820000 	 -0.982798 
0.830000 	 0.098343 
0.840000 	 -1.230096 
0.850000 	 0.360479 
0.860000 	 -0.505129 
0.870000 	 -1.414988 
0.880000 	 0.295393 
0.890000 	 -1.325577 
0.900000 	 -0.902603 
0.910000 	 0.871564 
0.920000 	 -0.148071 
0.930000 	 -0.656656 
0.940000 	 0.658606 
0.950000 	 -0.130681 
0.960000 	 -1.095755 
0.970000 	 -0.575406 
0.980000 	 0.001166 
0.990000 	 -1.596904 
1.000000 	 0.499764 
1.010000 	 0.917680 
1.020000 	 0.477868 
1.030000 	 -1.641927 
1.040000 	 -0.032536 
1.050000 	 0.335906 
1.060000 	 -0.210814 
1.070000 	 -0.230915 
1.080000 	 1.468341 
1.090000 	 -0.403823 
1.100000 	 -2.535386 
1.110000 	 -0.841024 
1.120000 	 -1.344152 
1.130000 	 -0.069610 
1.140000 	 -1.094655 
1.150000 	 0.183798 
1.160000 	 -0.774541 
1.170000 	 -1.843979 
1.180000 	 0.267814 
1.190000 	 -1.221193 
1.200000 	 -1.168294 
1.210000 	 -1.683063 
1.220000 	 0.151546 
1.230000 	 -0.057831 
1.240000 	 1.170992 
1.250000 	 -2.353422 
1.260000 	 -1.369252 
1.270000 	 -0.988839 
1.280000 	 -0.431331 
1.290000 	 -0.844690 
1.300000 	 -0.114308 
1.310000 	 -0.846862 
1.320000 	 -0.940583 
1.330000 	 0.600508 
1.340000 	 -1.597408 
1.350000 	 -0.111856 
1.360000 	 -0.406429 
1.370000 	 -1.758127 
1.380000 	 -0.198227 
1.390000 	 -0.949287 
1.400000 	 -1.037645 
1.410000 	 -1.264050 
1.420000 	 -1.461038 
1.430000 	 -1.086473 
1.440000 	 -3.847029 
1.450000 	 -1.103258 
1.460000 	 -1.963044 
1.470000 	 -2.038117 
1.480000 	 -1.958346 
1.490000 	 -0.205675 
1.500000 	 -0.264236 
1.510000 	 -0.731633 
1.520000 	 -0.399828 
1.530000 	 -0.172719 
1.540000 	 -1.712678 
1.550000 	 -0.124468 
1.560000 	 -1.908796 
1.570000 	 -2.094923 
1.580000 	 -0.538488 
1.590000 	 -1.422294 
1.600000 	 -2.951863 
1.610000 	 -0.543349 
1.620000 	 -0.110481 
1.630000 	 -2.105865 
1.640000 	 -3.189853 
1.650000 	 -2.183133 
1.660000 	 -1.316117 
1.670000 	 -2.341949 
1.680000 	 -2.543582 
1.690000 	 -0.547337 
1.700000 	 -1.326035 
1.710000 	 -1.077897 
1.720000 	 -1.340392 
1.730000 	 -2.354371 
1.740000 	 -2.268899 
1.750000 	 -2.899542 
1.760000 	 -1.509072 
1.770000 	 -1.012720 
1.780000 	 -1.416631 
1.790000 	 -1.614377 
1.800000 	 -2.601373 
1.810000 	 -1.402684 
1.820000 	 -2.542045 
1.830000 	 -1.936523 
1.840000 	 -2.137291 
1.850000 	 -0.542559 
1.860000 	 -0.880481 
1.870000 	 -0.056059 
1.880000 	 -1.223783 
1.890000 	 -1.638385 
1.900000 	 -1.243299 
1.910000 	 -2.456174 
1.920000 	 -0.373426 
1.930000 	 -1.770993 
1.940000 	 -2.343843 
1.950000 	 -0.923832 
1.960000 	 -2.354834 
1.970000 	 -1.582844 
1.980000 	 -1.933676 
1.990000 	 -2.555160 
2.000000 	 -1.266635 
2.010000 	 -2.565775 
2.020000 	 -0.625816 
2.030000 	 0.324718 
2.040000 	 -1.349925 
2.050000 	 -3.788061 
2.060000 	 -1.568887 
2.070000 	 -1.528682 
2.080000 	 -3.357014 
2.090000 	 -1.665142 
2.100000 	 -1.225258 
2.110000 	 -2.831143 
2.120000 	 -1.229274 
2.130000 	 -2.541588 
2.140000 	 -2.173494 
2.150000 	 -1.075953 
2.160000 	 -2.008122 
2.170000 	 -3.618593 
2.180000 	 -0.528479 
2.190000 	 -2.588404 
2.200000 	 -1.876924 
2.210000 	 -1.929924 
2.220000 	 -1.157601 
2.230000 	 -2.180569 
2.240000 	 -1.111367 
2.250000 	 -3.147540 
2.260000 	 -1.925256 
2.270000 	 -1.395859 
2.280000 	 -3.479892 
2.290000 	 -2.788071 
2.300000 	 -2.322813 
2.310000 	 -2.303324 
2.320000 	 -4.104783 
2.330000 	 -2.197286 
2.340000 	 -3.170489 
2.350000 	 -2.015153 
2.360000 	 -2.086804 
2.370000 	 -2.268671 
2.380000 	 -3.589169 
2.390000 	 -3.078017 
2.400000 	 -3.122122 
2.410000 	 -2.685177 
2.420000 	 -3.030710 
2.430000 	 -2.660589 
2.440000 	 -2.865611 
2.450000 	 -1.486298 
2.460000 	 -1.823701 
2.470000 	 -1.755687 
2.480000 	 -2.590622 
2.490000 	 -2.904537 
2.500000 	 -0.626491 
2.510000 	 -2.280748 
2.520000 	 -1.823858 
2.530000 	 -2.290403 
2.540000 	 -0.837452 
2.550000 	 -3.939766 
2.560000 	 -2.290146 
2.570000 	 -2.326950 
2.580000 	 -3.285015 
2.590000 	 -2.227742 
2.600000 	 -2.630861 
2.610000 	 -3.102330 
2.620000 	 -3.183126 
2.630000 	 -3.250422 
2.640000 	 -3.431330 
2.650000 	 -2.486402 
2.660000 	 -3.018265 
2.670000 	 -3.027205 
2.680000 	 -2.133552 
2.690000 	 -2.464436 
2.700000 	 -3.629584 
2.710000 	 -3.778474 
2.720000 	 -1.147751 
2.730000 	 -3.202422 
2.740000 	 -4.287856 
2.750000 	 -3.531972 
2.760000 	 -2.360678 
2.770000 	 -3.883708 
2.780000 	 -2.753171 
2.790000 	 -2.259982 
2.800000 	 -1.756393 
2.810000 	 -1.876392 
2.820000 	 -3.153840 
2.830000 	 -3.182753 
2.840000 	 -3.637732 
2.850000 	 -1.095183 
2.860000 	 -3.848636 
2.870000 	 -3.386254 
2.880000 	 -2.194228 
2.890000 	 -3.609855 
2.900000 	 -2.228686 
2.910000 	 -4.157455 
2.920000 	 -2.481072 
2.930000 	 -2.221378 
2.940000 	 -3.050198 
2.950000 	 -2.513017 
2.960000 	 -2.930618 
2.970000 	 -3.137350 
2.980000 	 -3.036867 
2.990000 	 -2.775166 
3.000000 	 -3.195762 
3.010000 	 -4.894702 
3.020000 	 -3.184798 
3.030000 	 -4.235546 
3.040000 	 -2.375010 
3.050000 	 -2.333349 
3.060000 	 -1.760660 
3.070000 	 -2.312725 
3.080000 	 -2.572534 
3.090000 	 -2.020946 
3.100000 	 -1.451546 
3.110000 	 -2.757293 
3.120000 	 -1.785639 
3.130000 	 -2.976478 
3.140000 	 -3.883455 
3.150000 	 -1.870278 
3.160000 	 -3.200493 
3.170000 	 -3.299341 
3.180000 	 -4.451800 
3.190000 	 -3.115066 
3.200000 	 -3.086101 
3.210000 	 -3.220719 
3.220000 	 -2.628967 
3.230000 	 -4.295562 
3.240000 	 -4.842778 
3.250000 	 -3.276306 
3.260000 	 -2.471150 
3.270000 	 -3.675635 
3.280000 	 -3.510525 
3.290000 	 -3.181088 
3.300000 	 -0.790444 
3.310000 	 -4.534105 
3.320000 	 -3.631693 
3.330000 	 -3.081346 
3.340000 	 -4.528516 
3.350000 	 -2.820661 
3.360000 	 -3.007838 
3.370000 	 -3.326413 
3.380000 	 -3.500840 
3.390000 	 -4.075288 
3.400000 	 -3.346976 
3.410000 	 -4.564388 
3.420000 	 -3.207301 
3.430000 	 -3.912608 
3.440000 	 -2.847732 
3.450000 	 -3.499112 
3.460000 	 -4.226117 
3.470000 	 -4.317041 
3.480000 	 -3.033896 
3.490000 	 -3.685016 
3.500000 	 -3.022757 
3.510000 	 -2.944242 
3.520000 	 -2.372615 
3.530000 	 -4.614372 
3.540000 	 -4.297099 
3.550000 	 -4.185974 
3.560000 	 -4.943936 
3.570000 	 -4.690282 
3.580000 	 -3.229082 
3.590000 	 -4.680181 
3.600000 	 -3.769868 
3.610000 	 -4.260400 
3.620000 	 -3.209488 
3.630000 	 -4.604939 
3.640000 	 -5.169230 
3.650000 	 -4.555991 
3.660000 	 -3.995302 
3.670000 	 -3.615956 
3.680000 	 -5.086361 
3.690000 	 -2.075890 
3.700000 	 -5.429790 
3.710000 	 -4.510032 
3.720000 	 -3.211325 
3.730000 	 -3.906571 
3.740000 	 -3.861685 
3.750000 	 -3.276400 
3.760000 	 -5.057279 
3.770000 	 -5.049608 
3.780000 	 -4.907699 
3.790000 	 -3.617973 
3.800000 	 -5.525177 
3.810000 	 -3.512157 
3.820000 	 -3.742695 
3.830000 	 -2.264760 
3.840000 	 -3.451519 
3.850000 	 -4.575586 
3.860000 	 -3.278902 
3.870000 	 -3.776027 
3.880000 	 -4.442648 
3.890000 	 -4.482720 
3.900000 	 -3.506005 
3.910000 	 -4.347302 
3.920000 	 -4.573219 
3.930000 	 -3.481244 
3.940000 	 -4.169384 
3.950000 	 -3.709872 
3.960000 	 -5.286363 
3.970000 	 -5.266127 
3.980000 	 -4.746072 
3.990000 	 -3.128552 
4.000000 	 -3.794262 
4.010000 	 -4.603684 
4.020000 	 -5.239368 
4.030000 	 -3.099407 
4.040000 	 -4.501011 
4.050000 	 -3.327746 
4.060000 	 -5.368678 
4.070000 	 -4.262508 
4.080000 	 -4.214683 
4.090000 	 -4.456808 
4.100000 	 -5.567091 
4.110000 	 -5.338303 
4.120000 	 -5.167553 
4.130000 	 -4.571439 
4.140000 	 -4.902428 
4.150000 	 -4.693525 
4.160000 	 -3.957233 
4.170000 	 -4.631261 
4.180000 	 -3.411889 
4.190000 	 -4.555137 
4.200000 	 -5.265345 
4.210000 	 -4.173292 
4.220000 	 -5.452148 
4.230000 	 -5.196668 
4.240000 	 -5.868901 
4.250000 	 -5.836439 
4.260000 	 -4.327772 
4.270000 	 -3.940322 
4.280000 	 -5.219973 
4.290000 	 -4.447634 
4.300000 	 -4.552398 
4.310000 	 -3.540656 
4.320000 	 -5.441821 
4.330000 	 -4.825161 
4.340000 	 -4.106755 
4.350000 	 -5.393296 
4.360000 	 -3.444061 
4.370000 	 -3.847837 
4.380000 	 -4.676170 
4.390000 	 -4.302127 
4.400000 	 -5.638173 
4.410000 	 -3.821509 
4.420000 	 -5.549854 
4.430000 	 -4.369131 
4.440000 	 -5.196112 
4.450000 	 -3.498190 
4.460000 	 -5.872647 
4.470000 	 -4.020598 
4.480000 	 -5.987190 
4.490000 	 -5.686744 
4.500000 	 -5.362681 
4.510000 	 -5.402113 
4.520000 	 -3.382630 
4.530000 	 -5.402944 
4.540000 	 -5.250949 
4.550000 	 -5.795338 
4.560000 	 -4.885604 
4.570000 	 -4.211086 
4.580000 	 -6.270642 
4.590000 	 -6.006739 
4.600000 	 -5.024175 
4.610000 	 -5.876591 
4.620000 	 -5.157596 
4.630000 	 -4.702406 
4.640000 	 -5.305982 
4.650000 	 -4.951329 
4.660000 	 -7.221460 
4.670000 	 -4.394256 
4.680000 	 -6.143994 
4.690000 	 -5.654300 
4.700000 	 -4.386961 
4.710000 	 -5.302786 
4.720000 	 -6.164837 
4.730000 	 -6.287443 
4.740000 	 -4.610769 
4.750000 	 -5.133920 
4.760000 	 -6.482360 
4.770000 	 -4.814233 
4.780000 	 -4.625558 
4.790000 	 -3.943001 
4.800000 	 -5.498315 
4.810000 	 -5.464022 
4.820000 	 -4.684580 
4.830000 	 -4.657753 
4.840000 	 -5.921645 
4.850000 	 -5.692548 
4.860000 	 -5.062115 
4.870000 	 -5.283050 
4.880000 	 -3.602090 
4.890000 	 -5.952154 
4.900000 	 -5.672215 
4.910000 	 -5.377223 
4.920000 	 -6.301823 
4.930000 	 -5.724998 
4.940000 	 -4.886540 
4.950000 	 -3.987716 
4.960000 	 -6.024646 
4.970000 	 -6.166098 
4.980000 	 -5.678201 
4.990000 	 -5.795576 
5.000000 	 -5.639569 
