0.000000 	 0.819815 
0.010000 	 -0.884065 
0.020000 	 -0.352003 
0.030000 	 0.635897 
0.040000 	 1.680328 
0.050000 	 0.745349 
0.060000 	 1.143395 
0.070000 	 1.511898 
0.080000 	 0.951710 
0.090000 	 1.014178 
0.100000 	 -0.414145 
0.110000 	 0.288614 
0.120000 	 0.394128 
0.130000 	 1.213905 
0.140000 	 -0.232682 
0.150000 	 1.049063 
0.160000 	 -1.202412 
0.170000 	 2.545584 
0.180000 	 0.427534 
0.190000 	 0.267348 
0.200000 	 0.827223 
0.210000 	 0.840724 
0.220000 	 -0.043871 
0.230000 	 -0.303927 
0.240000 	 1.466073 
0.250000 	 -0.681733 
0.260000 	 -0.099485 
0.270000 	 0.403104 
0.280000 	 0.420698 
0.290000 	 -0.059957 
0.300000 	 0.605170 
0.310000 	 -0.582712 
0.320000 	 1.431308 
0.330000 	 1.924809 
0.340000 	 1.227361 
0.350000 	 0.308205 
0.360000 	 -0.519952 
0.370000 	 1.115416 
0.380000 	 -0.282407 
0.390000 	 0.458135 
0.400000 	 0.520266 
0.410000 	 0.590106 
0.420000 	 0.321655 
0.430000 	 0.422870 
0.440000 	 -1.259969 
0.450000 	 1.056619 
0.460000 	 -1.253088 
0.470000 	 0.556573 
0.480000 	 0.995201 
0.490000 	 0.387082 
0.500000 	 -0.470583 
0.510000 	 1.072870 
0.520000 	 0.623973 
0.530000 	 -0.213096 
0.540000 	 -0.468528 
0.550000 	 0.116155 
0.560000 	 -0.540387 
0.570000 	 -0.159748 
0.580000 	 -0.892859 
0.590000 	 0.758788 
0.600000 	 0.490335 
0.610000 	 -0.083517 
0.620000 	 0.136700 
0.630000 	 -1.693262 
0.640000 	 0.198270 
0.650000 	 -1.346993 
0.660000 	 -0.603827 
0.670000 	 -0.841206 
0.680000 	 -0.832471 
0.690000 	 -0.697968 
0.700000 	 0.610779 
0.710000 	 0.526919 
0.720000 	 0.052110 
0.730000 	 0.269560 
0.740000 	 0.116038 
0.750000 	 -0.147525 
0.760000 	 0.247924 
0.770000 	 0.970257 
0.780000 	 -0.435617 
0.790000 	 1.206074 
0.800000 	 0.182329 
0.810000 	 -0.449235 
0.820000 	 -0.128068 
0.830000 	 -2.377332 
0.840000 	 0.754253 
0.850000 	 -0.976683 
0.860000 	 0.356312 
0.870000 	 -1.424276 
0.880000 	 -1.084545 
0.890000 	 -0.482599 
0.900000 	 -0.484736 
0.910000 	 -0.127917 
0.920000 	 -0.570234 
0.930000 	 -0.868869 
0.940000 	 -0.782007 
0.950000 	 -0.596436 
0.960000 	 -0.517667 
0.970000 	 -2.613315 
0.980000 	 -1.033762 
0.990000 	 -2.758396 
1.000000 	 -0.213766 
1.010000 	 2.780518 
1.020000 	 -1.206574 
1.030000 	 0.432633 
1.040000 	 -1.893580 
1.050000 	 0.477711 
1.060000 	 -1.033311 
1.070000 	 -2.295961 
1.080000 	 -1.275910 
1.090000 	 -0.803576 
1.100000 	 -1.278883 
1.110000 	 0.496173 
1.120000 	 0.509568 
1.130000 	 0.013605 
1.140000 	 -1.191543 
1.150000 	 -2.461814 
1.160000 	 -1.884066 
1.170000 	 -1.149427 
1.180000 	 -1.238761 
1.190000 	 0.120664 
1.200000 	 -0.446488 
1.210000 	 -0.709407 
1.220000 	 -0.512765 
1.230000 	 -1.036424 
1.240000 	 -1.785275 
1.250000 	 -0.581740 
1.260000 	 -1.216933 
1.270000 	 -1.222486 
1.280000 	 -0.892894 
1.290000 	 -2.175479 
1.300000 	 -1.656136 
1.310000 	 -0.932481 
1.320000 	 -0.379283 
1.330000 	 -1.402712 
1.340000 	 -1.881401 
1.350000 	 -0.940264 
1.360000 	 -0.634798 
1.370000 	 -1.372759 
1.380000 	 0.285301 
1.390000 	 -0.610078 
1.400000 	 -0.720124 
1.410000 	 -1.145138 
1.420000 	 -0.443977 
1.430000 	 -1.042398 
1.440000 	 -0.456092 
1.450000 	 0.126717 
1.460000 	 -2.037527 
1.470000 	 -1.473694 
1.480000 	 -0.204331 
1.490000 	 -0.132881 
1.500000 	 -3.060060 
1.510000 	 -2.166268 
1.520000 	 -1.214334 
1.530000 	 -1.399141 
1.540000 	 -0.442027 
1.550000 	 -1.878153 
1.560000 	 -0.665449 
1.570000 	 -1.732059 
1.580000 	 -0.125102 
1.590000 	 -2.060119 
1.600000 	 -1.347621 
1.610000 	 0.542860 
1.620000 	 -2.000057 
1.630000 	 -1.247566 
1.640000 	 -1.151321 
1.650000 	 -0.969016 
1.660000 	 -1.175307 
1.670000 	 -1.851433 
1.680000 	 -1.983149 
1.690000 	 -0.603946 
1.700000 	 -1.046067 
1.710000 	 0.615581 
1.720000 	 -0.763289 
1.730000 	 -1.536342 
1.740000 	 -1.419442 
1.750000 	 -1.933369 
1.760000 	 -0.882724 
1.770000 	 -1.593128 
1.780000 	 -1.201819 
1.790000 	 -1.523945 
1.800000 	 0.069359 
1.810000 	 -1.965973 
1.820000 	 -1.292614 
1.830000 	 -2.942332 
1.840000 	 -1.041502 
1.850000 	 -1.513236 
1.860000 	 -2.052200 
1.870000 	 -3.123664 
1.880000 	 -1.337778 
1.890000 	 -0.691487 
1.900000 	 -1.602015 
1.910000 	 -1.122924 
1.920000 	 -3.331672 
1.930000 	 -2.112590 
1.940000 	 -1.612742 
1.950000 	 -2.022306 
1.960000 	 -1.025666 
1.970000 	 -2.555613 
1.980000 	 -2.495883 
1.990000 	 -1.965348 
2.000000 	 -0.600835 
2.010000 	 -2.658678 
2.020000 	 -1.510395 
2.030000 	 -1.717792 
2.040000 	 -1.151366 
2.050000 	 -1.586560 
2.060000 	 -1.848773 
2.070000 	 -2.671208 
2.080000 	 -1.598737 
2.090000 	 -1.628149 
2.100000 	 -2.721631 
2.110000 	 -2.050048 
2.120000 	 -2.607936 
2.130000 	 -2.212228 
2.140000 	 -0.500333 
2.150000 	 -2.087030 
2.160000 	 -0.694407 
2.170000 	 -2.669358 
2.180000 	 -1.430987 
2.190000 	 -1.573679 
2.200000 	 -0.798436 
2.210000 	 -3.675167 
2.220000 	 -3.279212 
2.230000 	 -1.626277 
2.240000 	 -2.291192 
2.250000 	 -3.239292 
2.260000 	 -1.148474 
2.270000 	 -1.667829 
2.280000 	 -2.318592 
2.290000 	 -3.158957 
2.300000 	 -1.980044 
2.310000 	 -2.183768 
2.320000 	 -1.838718 
2.330000 	 -0.699198 
2.340000 	 -1.539066 
2.350000 	 -1.862996 
2.360000 	 -1.535948 
2.370000 	 -1.187025 
2.380000 	 -1.322379 
2.390000 	 -2.609536 
2.400000 	 -1.319705 
2.410000 	 -3.452774 
2.420000 	 -1.672511 
2.430000 	 -2.268876 
2.440000 	 -2.255740 
2.450000 	 -2.108339 
2.460000 	 -3.353178 
2.470000 	 -2.851642 
2.480000 	 -3.859669 
2.490000 	 -1.119810 
2.500000 	 -4.865923 
2.510000 	 -1.821766 
2.520000 	 -2.354395 
2.530000 	 -2.452038 
2.540000 	 -3.830016 
2.550000 	 -2.540246 
2.560000 	 -1.700873 
2.570000 	 -2.059670 
2.580000 	 -3.253008 
2.590000 	 -3.823114 
2.600000 	 -3.533937 
2.610000 	 -3.483607 
2.620000 	 -1.027219 
2.630000 	 -3.062216 
2.640000 	 -3.253561 
2.650000 	 -3.137269 
2.660000 	 -1.811543 
2.670000 	 -2.553299 
2.680000 	 -1.166302 
2.690000 	 -3.752509 
2.700000 	 -2.994682 
2.710000 	 -3.336396 
2.720000 	 -2.519853 
2.730000 	 -2.908829 
2.740000 	 -3.745274 
2.750000 	 -2.855765 
2.760000 	 -1.934866 
2.770000 	 -3.916336 
2.780000 	 -0.591105 
2.790000 	 -1.887421 
2.800000 	 -3.020353 
2.810000 	 -2.843532 
2.820000 	 -4.046534 
2.830000 	 -3.378735 
2.840000 	 -1.320492 
2.850000 	 -2.446570 
2.860000 	 -2.262407 
2.870000 	 -3.631295 
2.880000 	 -3.866740 
2.890000 	 -3.229871 
2.900000 	 -1.779490 
2.910000 	 -3.496917 
2.920000 	 -3.508454 
2.930000 	 -2.494052 
2.940000 	 -3.498069 
2.950000 	 -1.851988 
2.960000 	 -1.665652 
2.970000 	 -3.112133 
2.980000 	 -3.292127 
2.990000 	 -3.001335 
3.000000 	 -2.939359 
3.010000 	 -2.934788 
3.020000 	 -3.232198 
3.030000 	 -2.659573 
3.040000 	 -3.075331 
3.050000 	 -4.235942 
3.060000 	 -2.640058 
3.070000 	 -2.549825 
3.080000 	 -2.822447 
3.090000 	 -2.298867 
3.100000 	 -4.092600 
3.110000 	 -3.680802 
3.120000 	 -3.783396 
3.130000 	 -1.757889 
3.140000 	 -3.547893 
3.150000 	 -3.434102 
3.160000 	 -1.716208 
3.170000 	 -3.229404 
3.180000 	 -4.120433 
3.190000 	 -4.167012 
3.200000 	 -3.068269 
3.210000 	 -4.097258 
3.220000 	 -2.314376 
3.230000 	 -3.456613 
3.240000 	 -4.943747 
3.250000 	 -1.648338 
3.260000 	 -3.360398 
3.270000 	 -2.586796 
3.280000 	 -3.419047 
3.290000 	 -3.415726 
3.300000 	 -3.773930 
3.310000 	 -3.636729 
3.320000 	 -2.780478 
3.330000 	 -4.180324 
3.340000 	 -3.283813 
3.350000 	 -3.436500 
3.360000 	 -3.624332 
3.370000 	 -3.655732 
3.380000 	 -4.258455 
3.390000 	 -3.089382 
3.400000 	 -3.285852 
3.410000 	 -3.716123 
3.420000 	 -3.613586 
3.430000 	 -2.820817 
3.440000 	 -4.009981 
3.450000 	 -2.683812 
3.460000 	 -4.462526 
3.470000 	 -3.984357 
3.480000 	 -3.946902 
3.490000 	 -5.029509 
3.500000 	 -2.662398 
3.510000 	 -3.173244 
3.520000 	 -4.663447 
3.530000 	 -4.150775 
3.540000 	 -4.502896 
3.550000 	 -3.778471 
3.560000 	 -4.670280 
3.570000 	 -4.778618 
3.580000 	 -2.838033 
3.590000 	 -3.348472 
3.600000 	 -4.639848 
3.610000 	 -2.488532 
3.620000 	 -4.015939 
3.630000 	 -2.955317 
3.640000 	 -4.858075 
3.650000 	 -4.112939 
3.660000 	 -2.382697 
3.670000 	 -5.592944 
3.680000 	 -4.787599 
3.690000 	 -3.364100 
3.700000 	 -3.280616 
3.710000 	 -4.096826 
3.720000 	 -3.279791 
3.730000 	 -3.580994 
3.740000 	 -2.782024 
3.750000 	 -3.960576 
3.760000 	 -3.713781 
3.770000 	 -3.376506 
3.780000 	 -3.560349 
3.790000 	 -3.955201 
3.800000 	 -4.826588 
3.810000 	 -2.248496 
3.820000 	 -5.023218 
3.830000 	 -2.197630 
3.840000 	 -4.075785 
3.850000 	 -4.544990 
3.860000 	 -5.651586 
3.870000 	 -5.274156 
3.880000 	 -3.446596 
3.890000 	 -4.640683 
3.900000 	 -3.763780 
3.910000 	 -3.305011 
3.920000 	 -4.140159 
3.930000 	 -4.250867 
3.940000 	 -5.849459 
3.950000 	 -4.896652 
3.960000 	 -4.704154 
3.970000 	 -4.391118 
3.980000 	 -5.092466 
3.990000 	 -3.776419 
4.000000 	 -3.890704 
4.010000 	 -5.517289 
4.020000 	 -3.714113 
4.030000 	 -5.120795 
4.040000 	 -3.925292 
4.050000 	 -5.531470 
4.060000 	 -1.750886 
4.070000 	 -5.606955 
4.080000 	 -4.448884 
4.090000 	 -5.512552 
4.100000 	 -6.158748 
4.110000 	 -4.696178 
4.120000 	 -5.019173 
4.130000 	 -3.916616 
4.140000 	 -3.349956 
4.150000 	 -4.428138 
4.160000 	 -4.196630 
4.170000 	 -3.353275 
4.180000 	 -6.773690 
4.190000 	 -4.775418 
4.200000 	 -4.798965 
4.210000 	 -3.003559 
4.220000 	 -4.617574 
4.230000 	 -4.843393 
4.240000 	 -5.564463 
4.250000 	 -4.663125 
4.260000 	 -5.424140 
4.270000 	 -5.202165 
4.280000 	 -3.201896 
4.290000 	 -5.322290 
4.300000 	 -6.024046 
4.310000 	 -3.364405 
4.320000 	 -3.931232 
4.330000 	 -4.121935 
4.340000 	 -4.074698 
4.350000 	 -3.288866 
4.360000 	 -3.586994 
4.370000 	 -5.399144 
4.380000 	 -4.400590 
4.390000 	 -3.999519 
4.400000 	 -4.968007 
4.410000 	 -3.748949 
4.420000 	 -4.699839 
4.430000 	 -4.369039 
4.440000 	 -4.698206 
4.450000 	 -4.323830 
4.460000 	 -4.974311 
4.470000 	 -4.721377 
4.480000 	 -5.111749 
4.490000 	 -3.787383 
4.500000 	 -4.915162 
4.510000 	 -5.192934 
4.520000 	 -6.241503 
4.530000 	 -5.175079 
4.540000 	 -5.000168 
4.550000 	 -5.062730 
4.560000 	 -3.848142 
4.570000 	 -5.318821 
4.580000 	 -5.872382 
4.590000 	 -4.743610 
4.600000 	 -3.739428 
4.610000 	 -3.365766 
4.620000 	 -4.802223 
4.630000 	 -5.514860 
4.640000 	 -4.669374 
4.650000 	 -4.444692 
4.660000 	 -4.306657 
4.670000 	 -5.750395 
4.680000 	 -5.776626 
4.690000 	 -5.471904 
4.700000 	 -5.572506 
4.710000 	 -5.552775 
4.720000 	 -3.892113 
4.730000 	 -3.831003 
4.740000 	 -4.994540 
4.750000 	 -5.665640 
4.760000 	 -5.845523 
4.770000 	 -4.667184 
4.780000 	 -4.938102 
4.790000 	 -4.170954 
4.800000 	 -4.856213 
4.810000 	 -4.921374 
4.820000 	 -5.274499 
4.830000 	 -4.017455 
4.840000 	 -5.483317 
4.850000 	 -4.579118 
4.860000 	 -5.471248 
4.870000 	 -4.459682 
4.880000 	 -3.996363 
4.890000 	 -4.931492 
4.900000 	 -6.770497 
4.910000 	 -5.487851 
4.920000 	 -4.078641 
4.930000 	 -5.107905 
4.940000 	 -6.756226 
4.950000 	 -6.194740 
4.960000 	 -6.106032 
4.970000 	 -4.818121 
4.980000 	 -5.611916 
4.990000 	 -6.029414 
5.000000 	 -5.354090 
