0.000000 	 0.720672 
0.010000 	 -1.017349 
0.020000 	 1.113196 
0.030000 	 1.305794 
0.040000 	 0.995596 
0.050000 	 1.295136 
0.060000 	 -1.154206 
0.070000 	 0.220438 
0.080000 	 0.829145 
0.090000 	 0.102802 
0.100000 	 0.504070 
0.110000 	 1.093237 
0.120000 	 -0.106460 
0.130000 	 0.343337 
0.140000 	 0.855979 
0.150000 	 1.355118 
0.160000 	 1.213101 
0.170000 	 1.719725 
0.180000 	 1.191691 
0.190000 	 1.399204 
0.200000 	 1.349079 
0.210000 	 -0.361350 
0.220000 	 -0.443653 
0.230000 	 -0.310065 
0.240000 	 0.764430 
0.250000 	 0.027838 
0.260000 	 -0.591695 
0.270000 	 -0.029101 
0.280000 	 -0.103950 
0.290000 	 0.044438 
0.300000 	 0.643749 
0.310000 	 -0.108013 
0.320000 	 -0.382108 
0.330000 	 0.259546 
0.340000 	 0.634162 
0.350000 	 0.521811 
0.360000 	 0.124451 
0.370000 	 0.331698 
0.380000 	 -0.103535 
0.390000 	 1.139063 
0.400000 	 0.599024 
0.410000 	 -1.045612 
0.420000 	 1.194211 
0.430000 	 -1.065403 
0.440000 	 0.549446 
0.450000 	 0.168409 
0.460000 	 0.079469 
0.470000 	 0.081896 
0.480000 	 0.108818 
0.490000 	 0.875424 
0.500000 	 0.484915 
0.510000 	 -1.287628 
0.520000 	 0.457729 
0.530000 	 -0.841550 
0.540000 	 0.866340 
0.550000 	 -0.967968 
0.560000 	 0.764905 
0.570000 	 0.268148 
0.580000 	 0.126855 
0.590000 	 0.999648 
0.600000 	 -0.660301 
0.610000 	 1.368023 
0.620000 	 1.604244 
0.630000 	 0.740826 
0.640000 	 2.368036 
0.650000 	 -0.291263 
0.660000 	 -1.199036 
0.670000 	 -0.325454 
0.680000 	 -0.587017 
0.690000 	 -0.695335 
0.700000 	 0.678212 
0.710000 	 0.427140 
0.720000 	 -0.073582 
0.730000 	 -0.941366 
0.740000 	 0.544115 
0.750000 	 0.102639 
0.760000 	 1.015603 
0.770000 	 -0.340174 
0.780000 	 -0.730280 
0.790000 	 -0.629816 
0.800000 	 -0.219256 
0.810000 	 -0.748537 
0.820000 	 0.044844 
0.830000 	 -0.262516 
0.840000 	 -0.244398 
0.850000 	 -0.668101 
0.860000 	 -2.413661 
0.870000 	 -0.566291 
0.880000 	 0.175216 
0.890000 	 -0.857083 
0.900000 	 0.584461 
0.910000 	 0.585006 
0.920000 	 -0.838444 
0.930000 	 0.171002 
0.940000 	 -1.202620 
0.950000 	 -0.751147 
0.960000 	 -0.887482 
0.970000 	 -0.682198 
0.980000 	 0.473046 
0.990000 	 -0.377590 
1.000000 	 -0.613207 
1.010000 	 -0.524130 
1.020000 	 -1.307688 
1.030000 	 0.094134 
1.040000 	 -0.644444 
1.050000 	 -0.451692 
1.060000 	 0.426886 
1.070000 	 -0.040250 
1.080000 	 -0.736481 
1.090000 	 -1.820538 
1.100000 	 -1.108688 
1.110000 	 0.989417 
1.120000 	 -1.395640 
1.130000 	 -0.699193 
1.140000 	 -0.840587 
1.150000 	 -0.912588 
1.160000 	 0.629541 
1.170000 	 0.327312 
1.180000 	 -1.424479 
1.190000 	 -1.064982 
1.200000 	 -0.054747 
1.210000 	 -0.701498 
1.220000 	 -0.557057 
1.230000 	 -1.571716 
1.240000 	 -0.716052 
1.250000 	 -0.765541 
1.260000 	 -0.960853 
1.270000 	 -0.239522 
1.280000 	 -0.355344 
1.290000 	 -2.277508 
1.300000 	 -1.493007 
1.310000 	 -0.979055 
1.320000 	 -1.546391 
1.330000 	 -1.386170 
1.340000 	 0.624859 
1.350000 	 -0.278932 
1.360000 	 -2.470449 
1.370000 	 -0.565731 
1.380000 	 -0.269443 
1.390000 	 -2.029019 
1.400000 	 -0.347896 
1.410000 	 -0.733218 
1.420000 	 -0.779145 
1.430000 	 -0.191212 
1.440000 	 -1.109711 
1.450000 	 -0.492924 
1.460000 	 -0.037718 
1.470000 	 -0.414514 
1.480000 	 -0.031450 
1.490000 	 -1.889449 
1.500000 	 -2.197477 
1.510000 	 -3.291011 
1.520000 	 -3.138932 
1.530000 	 0.218659 
1.540000 	 0.083083 
1.550000 	 -1.051129 
1.560000 	 -0.836646 
1.570000 	 -0.387522 
1.580000 	 -3.846879 
1.590000 	 -1.573153 
1.600000 	 -1.801774 
1.610000 	 -1.838797 
1.620000 	 -1.254058 
1.630000 	 -2.549347 
1.640000 	 -1.276258 
1.650000 	 -1.149379 
1.660000 	 -2.480827 
1.670000 	 -1.057468 
1.680000 	 -0.631211 
1.690000 	 0.042984 
1.700000 	 -2.183537 
1.710000 	 -0.449864 
1.720000 	 -0.010447 
1.730000 	 -1.288231 
1.740000 	 -1.744678 
1.750000 	 -1.471147 
1.760000 	 -1.305903 
1.770000 	 -0.822130 
1.780000 	 -1.324686 
1.790000 	 -2.916614 
1.800000 	 -0.821594 
1.810000 	 -0.363022 
1.820000 	 -1.764265 
1.830000 	 -1.940786 
1.840000 	 -2.665163 
1.850000 	 -1.499917 
1.860000 	 -2.315911 
1.870000 	 -1.137787 
1.880000 	 -1.416336 
1.890000 	 -3.398395 
1.900000 	 -0.211542 
1.910000 	 -2.829017 
1.920000 	 -2.267663 
1.930000 	 -1.003419 
1.940000 	 -1.920553 
1.950000 	 -2.574355 
1.960000 	 -0.854306 
1.970000 	 -2.504559 
1.980000 	 -1.524348 
1.990000 	 -1.702510 
2.000000 	 -1.386197 
2.010000 	 -1.923561 
2.020000 	 -2.099469 
2.030000 	 -2.360913 
2.040000 	 -3.418349 
2.050000 	 -2.530245 
2.060000 	 -1.493555 
2.070000 	 -1.720521 
2.080000 	 -1.741326 
2.090000 	 -2.640366 
2.100000 	 -2.852735 
2.110000 	 -1.703168 
2.120000 	 -1.483592 
2.130000 	 -2.792925 
2.140000 	 -1.049654 
2.150000 	 -2.580445 
2.160000 	 -2.013650 
2.170000 	 -2.267648 
2.180000 	 -1.139285 
2.190000 	 -1.552856 
2.200000 	 -1.726158 
2.210000 	 -1.530505 
2.220000 	 -2.076547 
2.230000 	 -2.586074 
2.240000 	 -1.780714 
2.250000 	 -1.518782 
2.260000 	 -2.091721 
2.270000 	 -1.614073 
2.280000 	 -3.277419 
2.290000 	 -3.549814 
2.300000 	 -0.515807 
2.310000 	 -3.504653 
2.320000 	 -3.482532 
2.330000 	 -1.952401 
2.340000 	 -1.389450 
2.350000 	 -3.384870 
2.360000 	 -2.893906 
2.370000 	 -1.573085 
2.380000 	 -2.690610 
2.390000 	 -1.722221 
2.400000 	 -1.855629 
2.410000 	 -2.874167 
2.420000 	 -1.972288 
2.430000 	 -1.580782 
2.440000 	 -2.080975 
2.450000 	 -2.557111 
2.460000 	 -1.631095 
2.470000 	 -2.208695 
2.480000 	 -3.030289 
2.490000 	 -1.359699 
2.500000 	 -2.828180 
2.510000 	 -1.394836 
2.520000 	 -1.660963 
2.530000 	 -3.537768 
2.540000 	 -2.697009 
2.550000 	 -3.698243 
2.560000 	 -1.918488 
2.570000 	 -2.629647 
2.580000 	 -1.743215 
2.590000 	 -1.310608 
2.600000 	 -2.588903 
2.610000 	 -2.608998 
2.620000 	 -2.908670 
2.630000 	 -2.972111 
2.640000 	 -0.825341 
2.650000 	 -2.112534 
2.660000 	 -0.776802 
2.670000 	 -2.226270 
2.680000 	 -2.227372 
2.690000 	 -3.091232 
2.700000 	 -2.582249 
2.710000 	 -1.548988 
2.720000 	 -2.554431 
2.730000 	 -2.155721 
2.740000 	 -2.855064 
2.750000 	 -1.492701 
2.760000 	 -2.266327 
2.770000 	 -4.029580 
2.780000 	 -4.448490 
2.790000 	 -2.740751 
2.800000 	 -3.652696 
2.810000 	 -1.946416 
2.820000 	 -3.013269 
2.830000 	 -2.036345 
2.840000 	 -3.104704 
2.850000 	 -2.918350 
2.860000 	 -2.935968 
2.870000 	 -2.819706 
2.880000 	 -2.192545 
2.890000 	 -4.502472 
2.900000 	 -4.319119 
2.910000 	 -2.894121 
2.920000 	 -2.282316 
2.930000 	 -2.335169 
2.940000 	 -2.689748 
2.950000 	 -2.459003 
2.960000 	 -2.693531 
2.970000 	 -3.240268 
2.980000 	 -2.777227 
2.990000 	 -3.225585 
3.000000 	 -2.618909 
3.010000 	 -2.448431 
3.020000 	 -3.854577 
3.030000 	 -4.085885 
3.040000 	 -3.516726 
3.050000 	 -4.114365 
3.060000 	 -2.702383 
3.070000 	 -3.438209 
3.080000 	 -3.987291 
3.090000 	 -3.632202 
3.100000 	 -4.905646 
3.110000 	 -3.642687 
3.120000 	 -4.226907 
3.130000 	 -2.528181 
3.140000 	 -1.644920 
3.150000 	 -3.362361 
3.160000 	 -2.537047 
3.170000 	 -3.076563 
3.180000 	 -3.888486 
3.190000 	 -3.914646 
3.200000 	 -3.921705 
3.210000 	 -3.520906 
3.220000 	 -3.400633 
3.230000 	 -2.732968 
3.240000 	 -2.941321 
3.250000 	 -2.820452 
3.260000 	 -4.237403 
3.270000 	 -4.473006 
3.280000 	 -2.670044 
3.290000 	 -3.396885 
3.300000 	 -4.775329 
3.310000 	 -3.118588 
3.320000 	 -4.822917 
3.330000 	 -3.378587 
3.340000 	 -2.438050 
3.350000 	 -3.781360 
3.360000 	 -3.882207 
3.370000 	 -1.860908 
3.380000 	 -3.595220 
3.390000 	 -2.543120 
3.400000 	 -2.535379 
3.410000 	 -3.639667 
3.420000 	 -2.660773 
3.430000 	 -3.727982 
3.440000 	 -3.445978 
3.450000 	 -4.084673 
3.460000 	 -2.563046 
3.470000 	 -4.202015 
3.480000 	 -3.625713 
3.490000 	 -2.892656 
3.500000 	 -4.019225 
3.510000 	 -4.039336 
3.520000 	 -3.618949 
3.530000 	 -3.903409 
3.540000 	 -3.055219 
3.550000 	 -2.767423 
3.560000 	 -4.495106 
3.570000 	 -2.867400 
3.580000 	 -4.262744 
3.590000 	 -3.026794 
3.600000 	 -4.858339 
3.610000 	 -4.564076 
3.620000 	 -4.489081 
3.630000 	 -3.811643 
3.640000 	 -4.504101 
3.650000 	 -3.869411 
3.660000 	 -4.307290 
3.670000 	 -4.162903 
3.680000 	 -3.571189 
3.690000 	 -4.097616 
3.700000 	 -5.450422 
3.710000 	 -4.532516 
3.720000 	 -3.682489 
3.730000 	 -4.613693 
3.740000 	 -4.548335 
3.750000 	 -4.489208 
3.760000 	 -4.578734 
3.770000 	 -4.285119 
3.780000 	 -3.099133 
3.790000 	 -3.076188 
3.800000 	 -4.093095 
3.810000 	 -4.729912 
3.820000 	 -2.131396 
3.830000 	 -3.515774 
3.840000 	 -4.612323 
3.850000 	 -3.975489 
3.860000 	 -2.192634 
3.870000 	 -3.783198 
3.880000 	 -6.078195 
3.890000 	 -4.504808 
3.900000 	 -4.039850 
3.910000 	 -3.467013 
3.920000 	 -4.129995 
3.930000 	 -4.467193 
3.940000 	 -4.192493 
3.950000 	 -4.346466 
3.960000 	 -4.694735 
3.970000 	 -3.230975 
3.980000 	 -3.233005 
3.990000 	 -4.778160 
4.000000 	 -6.111649 
4.010000 	 -5.310437 
4.020000 	 -4.897766 
4.030000 	 -4.007132 
4.040000 	 -2.965865 
4.050000 	 -4.847114 
4.060000 	 -3.999417 
4.070000 	 -3.652946 
4.080000 	 -2.814853 
4.090000 	 -3.955224 
4.100000 	 -4.778639 
4.110000 	 -4.425088 
4.120000 	 -3.933052 
4.130000 	 -4.105376 
4.140000 	 -4.370413 
4.150000 	 -4.153790 
4.160000 	 -4.198324 
4.170000 	 -4.138319 
4.180000 	 -4.746209 
4.190000 	 -4.779959 
4.200000 	 -5.889610 
4.210000 	 -4.748616 
4.220000 	 -4.309057 
4.230000 	 -2.671009 
4.240000 	 -3.271810 
4.250000 	 -4.067501 
4.260000 	 -4.460854 
4.270000 	 -5.288325 
4.280000 	 -3.675679 
4.290000 	 -3.513148 
4.300000 	 -4.929050 
4.310000 	 -4.031484 
4.320000 	 -5.501093 
4.330000 	 -2.780540 
4.340000 	 -4.901735 
4.350000 	 -3.832996 
4.360000 	 -3.773843 
4.370000 	 -5.489256 
4.380000 	 -5.277203 
4.390000 	 -4.565600 
4.400000 	 -4.615405 
4.410000 	 -4.228219 
4.420000 	 -6.262772 
4.430000 	 -5.367830 
4.440000 	 -5.151232 
4.450000 	 -4.711517 
4.460000 	 -4.374404 
4.470000 	 -4.627727 
4.480000 	 -5.724351 
4.490000 	 -4.073851 
4.500000 	 -5.561780 
4.510000 	 -6.149620 
4.520000 	 -4.084961 
4.530000 	 -5.046403 
4.540000 	 -7.189910 
4.550000 	 -5.724423 
4.560000 	 -5.407511 
4.570000 	 -4.974409 
4.580000 	 -3.956112 
4.590000 	 -5.825572 
4.600000 	 -5.122390 
4.610000 	 -4.903793 
4.620000 	 -4.280463 
4.630000 	 -6.265622 
4.640000 	 -4.718011 
4.650000 	 -4.686796 
4.660000 	 -4.257522 
4.670000 	 -5.728599 
4.680000 	 -4.478738 
4.690000 	 -5.218484 
4.700000 	 -4.390096 
4.710000 	 -5.404713 
4.720000 	 -6.523568 
4.730000 	 -4.000036 
4.740000 	 -5.561374 
4.750000 	 -5.176290 
4.760000 	 -5.542721 
4.770000 	 -5.152204 
4.780000 	 -5.142949 
4.790000 	 -5.362333 
4.800000 	 -5.707254 
4.810000 	 -4.589179 
4.820000 	 -5.440938 
4.830000 	 -6.834574 
4.840000 	 -5.295087 
4.850000 	 -6.252046 
4.860000 	 -5.305906 
4.870000 	 -4.930777 
4.880000 	 -4.064148 
4.890000 	 -5.857224 
4.900000 	 -5.778135 
4.910000 	 -4.907189 
4.920000 	 -5.732787 
4.930000 	 -3.772604 
4.940000 	 -6.543684 
4.950000 	 -3.962244 
4.960000 	 -5.312323 
4.970000 	 -5.921015 
4.980000 	 -5.093689 
4.990000 	 -6.767021 
5.000000 	 -4.720601 
