0.000000 	 1.329344 
0.010000 	 0.688117 
0.020000 	 -0.134497 
0.030000 	 0.708185 
0.040000 	 -0.263245 
0.050000 	 -0.362906 
0.060000 	 2.275548 
0.070000 	 0.113915 
0.080000 	 0.458707 
0.090000 	 1.577825 
0.100000 	 0.510359 
0.110000 	 -1.094479 
0.120000 	 0.275060 
0.130000 	 -0.282172 
0.140000 	 -0.665647 
0.150000 	 -0.618577 
0.160000 	 0.968994 
0.170000 	 -0.073674 
0.180000 	 0.978622 
0.190000 	 0.221446 
0.200000 	 1.279861 
0.210000 	 0.545324 
0.220000 	 -0.016875 
0.230000 	 1.290880 
0.240000 	 0.248070 
0.250000 	 -1.111837 
0.260000 	 -0.525026 
0.270000 	 -0.403606 
0.280000 	 1.692939 
0.290000 	 0.575743 
0.300000 	 -0.515374 
0.310000 	 1.512358 
0.320000 	 0.504437 
0.330000 	 0.708033 
0.340000 	 0.267720 
0.350000 	 -0.288169 
0.360000 	 -0.473105 
0.370000 	 -0.289409 
0.380000 	 -0.362642 
0.390000 	 -0.560595 
0.400000 	 0.537254 
0.410000 	 0.641276 
0.420000 	 0.055214 
0.430000 	 1.114060 
0.440000 	 -0.219172 
0.450000 	 -0.082027 
0.460000 	 0.795531 
0.470000 	 -0.175137 
0.480000 	 -0.715000 
0.490000 	 0.531991 
0.500000 	 -0.657649 
0.510000 	 0.916327 
0.520000 	 -0.701408 
0.530000 	 0.634299 
0.540000 	 1.293251 
0.550000 	 -1.505406 
0.560000 	 -0.241308 
0.570000 	 1.298680 
0.580000 	 -0.415992 
0.590000 	 -0.354913 
0.600000 	 0.833231 
0.610000 	 0.083208 
0.620000 	 -0.003972 
0.630000 	 -1.922591 
0.640000 	 -0.181431 
0.650000 	 -0.723726 
0.660000 	 -0.177489 
0.670000 	 -0.275966 
0.680000 	 -0.946928 
0.690000 	 -0.626184 
0.700000 	 -0.451061 
0.710000 	 -0.760725 
0.720000 	 -0.036750 
0.730000 	 -0.802388 
0.740000 	 -0.273684 
0.750000 	 0.166755 
0.760000 	 -0.357555 
0.770000 	 -0.967079 
0.780000 	 0.541517 
0.790000 	 0.370371 
0.800000 	 -1.192830 
0.810000 	 -0.206452 
0.820000 	 1.449664 
0.830000 	 -0.779306 
0.840000 	 -0.662668 
0.850000 	 0.052907 
0.860000 	 -1.341176 
0.870000 	 0.519310 
0.880000 	 -0.318933 
0.890000 	 0.105670 
0.900000 	 0.253778 
0.910000 	 -0.734121 
0.920000 	 -1.002998 
0.930000 	 0.658809 
0.940000 	 1.676094 
0.950000 	 -0.788383 
0.960000 	 -0.251991 
0.970000 	 -1.129982 
0.980000 	 -0.274336 
0.990000 	 -2.703888 
1.000000 	 -0.031735 
1.010000 	 -0.890541 
1.020000 	 1.222216 
1.030000 	 -0.997125 
1.040000 	 -1.291451 
1.050000 	 -0.948260 
1.060000 	 -0.289455 
1.070000 	 0.569361 
1.080000 	 1.849635 
1.090000 	 0.335956 
1.100000 	 0.952702 
1.110000 	 -0.143667 
1.120000 	 0.717288 
1.130000 	 0.093474 
1.140000 	 0.460310 
1.150000 	 -0.873896 
1.160000 	 -0.223319 
1.170000 	 -0.567709 
1.180000 	 -1.213793 
1.190000 	 -1.481179 
1.200000 	 -3.228261 
1.210000 	 -1.319150 
1.220000 	 -1.059395 
1.230000 	 1.198487 
1.240000 	 -1.436123 
1.250000 	 -0.523305 
1.260000 	 0.067414 
1.270000 	 1.073151 
1.280000 	 -1.391650 
1.290000 	 -2.003085 
1.300000 	 -1.450811 
1.310000 	 -2.536190 
1.320000 	 -1.259402 
1.330000 	 -1.705372 
1.340000 	 -1.408935 
1.350000 	 -0.402265 
1.360000 	 -0.029694 
1.370000 	 -1.407466 
1.380000 	 -0.399612 
1.390000 	 0.475570 
1.400000 	 -0.811719 
1.410000 	 -1.395811 
1.420000 	 -1.595775 
1.430000 	 -0.599065 
1.440000 	 -2.288530 
1.450000 	 -0.826826 
1.460000 	 -2.208393 
1.470000 	 -1.894298 
1.480000 	 -0.340272 
1.490000 	 -1.366752 
1.500000 	 -1.168209 
1.510000 	 -1.348177 
1.520000 	 -0.511963 
1.530000 	 -2.082611 
1.540000 	 -0.551583 
1.550000 	 -2.165517 
1.560000 	 -0.303402 
1.570000 	 -1.477028 
1.580000 	 -2.304140 
1.590000 	 -1.405398 
1.600000 	 -0.802165 
1.610000 	 -1.218087 
1.620000 	 -1.451412 
1.630000 	 -2.053432 
1.640000 	 -1.399797 
1.650000 	 -0.589655 
1.660000 	 -1.224108 
1.670000 	 -2.613662 
1.680000 	 -1.239881 
1.690000 	 -0.833291 
1.700000 	 -1.432525 
1.710000 	 -0.976536 
1.720000 	 -1.083696 
1.730000 	 -1.206053 
1.740000 	 -0.811736 
1.750000 	 -1.335955 
1.760000 	 -2.522290 
1.770000 	 -1.279500 
1.780000 	 -1.406322 
1.790000 	 -1.762322 
1.800000 	 -1.861924 
1.810000 	 -0.507694 
1.820000 	 -0.105107 
1.830000 	 -0.882959 
1.840000 	 -2.010899 
1.850000 	 -2.755110 
1.860000 	 -1.922663 
1.870000 	 -2.499563 
1.880000 	 -1.909840 
1.890000 	 -1.955665 
1.900000 	 -2.166504 
1.910000 	 -1.353161 
1.920000 	 -2.925522 
1.930000 	 -2.134215 
1.940000 	 -3.585839 
1.950000 	 -3.461428 
1.960000 	 -1.446371 
1.970000 	 0.042522 
1.980000 	 -1.163363 
1.990000 	 -1.883720 
2.000000 	 -1.349108 
2.010000 	 -1.382112 
2.020000 	 -2.435731 
2.030000 	 -1.155638 
2.040000 	 -3.286084 
2.050000 	 -0.394217 
2.060000 	 -0.778628 
2.070000 	 -0.610826 
2.080000 	 -1.465049 
2.090000 	 -1.693444 
2.100000 	 -2.453996 
2.110000 	 -2.028878 
2.120000 	 -1.792170 
2.130000 	 -1.227358 
2.140000 	 -2.937094 
2.150000 	 -2.590513 
2.160000 	 -1.474208 
2.170000 	 -1.504654 
2.180000 	 -0.718762 
2.190000 	 -0.850386 
2.200000 	 -2.729504 
2.210000 	 -2.198929 
2.220000 	 -2.513107 
2.230000 	 -3.083224 
2.240000 	 -3.182673 
2.250000 	 -2.961469 
2.260000 	 -1.896247 
2.270000 	 -1.109563 
2.280000 	 -2.694651 
2.290000 	 -1.307228 
2.300000 	 -3.747566 
2.310000 	 -1.749009 
2.320000 	 -3.231140 
2.330000 	 -2.138732 
2.340000 	 -1.374450 
2.350000 	 -1.716266 
2.360000 	 -1.856805 
2.370000 	 -0.980290 
2.380000 	 -3.232157 
2.390000 	 -2.925232 
2.400000 	 -2.447062 
2.410000 	 -3.147328 
2.420000 	 -1.323487 
2.430000 	 -1.874786 
2.440000 	 -1.659055 
2.450000 	 -1.294050 
2.460000 	 -3.073312 
2.470000 	 -3.790746 
2.480000 	 -2.462325 
2.490000 	 -0.375087 
2.500000 	 -2.713739 
2.510000 	 -0.771352 
2.520000 	 -3.033573 
2.530000 	 -3.172840 
2.540000 	 -2.003466 
2.550000 	 -3.612530 
2.560000 	 -4.290910 
2.570000 	 -2.279846 
2.580000 	 -3.509398 
2.590000 	 -1.878785 
2.600000 	 -1.783321 
2.610000 	 -3.388685 
2.620000 	 -2.922025 
2.630000 	 -2.040317 
2.640000 	 -1.711147 
2.650000 	 -2.957136 
2.660000 	 0.178915 
2.670000 	 -3.334547 
2.680000 	 -0.403838 
2.690000 	 -2.935943 
2.700000 	 -2.573575 
2.710000 	 -1.846168 
2.720000 	 -1.901359 
2.730000 	 -3.522609 
2.740000 	 -2.851944 
2.750000 	 -3.194568 
2.760000 	 -3.517519 
2.770000 	 -2.551235 
2.780000 	 -2.236124 
2.790000 	 -3.992812 
2.800000 	 -2.408938 
2.810000 	 -4.658007 
2.820000 	 -2.821385 
2.830000 	 -1.767664 
2.840000 	 -1.824473 
2.850000 	 -3.004347 
2.860000 	 -3.755567 
2.870000 	 -3.022983 
2.880000 	 -1.605057 
2.890000 	 -3.105816 
2.900000 	 -1.990241 
2.910000 	 -2.497729 
2.920000 	 -2.806354 
2.930000 	 -2.342781 
2.940000 	 -3.966237 
2.950000 	 -3.113101 
2.960000 	 -3.625170 
2.970000 	 -4.291896 
2.980000 	 -2.721392 
2.990000 	 -3.510594 
3.000000 	 -2.533720 
3.010000 	 -2.101716 
3.020000 	 -2.263225 
3.030000 	 -3.859339 
3.040000 	 -2.326806 
3.050000 	 -3.853882 
3.060000 	 -2.452233 
3.070000 	 -3.639390 
3.080000 	 -3.631278 
3.090000 	 -2.552788 
3.100000 	 -3.565327 
3.110000 	 -2.534637 
3.120000 	 -3.677190 
3.130000 	 -2.951177 
3.140000 	 -2.765764 
3.150000 	 -3.308441 
3.160000 	 -3.726695 
3.170000 	 -2.828440 
3.180000 	 -2.792898 
3.190000 	 -3.030128 
3.200000 	 -4.616575 
3.210000 	 -3.299033 
3.220000 	 -2.904737 
3.230000 	 -3.420804 
3.240000 	 -3.310593 
3.250000 	 -5.351431 
3.260000 	 -3.024291 
3.270000 	 -3.267802 
3.280000 	 -1.660004 
3.290000 	 -1.986542 
3.300000 	 -4.632077 
3.310000 	 -4.522773 
3.320000 	 -4.051732 
3.330000 	 -2.993128 
3.340000 	 -3.366925 
3.350000 	 -3.861508 
3.360000 	 -4.558297 
3.370000 	 -3.300890 
3.380000 	 -3.135866 
3.390000 	 -3.814891 
3.400000 	 -4.321425 
3.410000 	 -2.602750 
3.420000 	 -3.035560 
3.430000 	 -3.083677 
3.440000 	 -3.331900 
3.450000 	 -2.384751 
3.460000 	 -4.196128 
3.470000 	 -2.605782 
3.480000 	 -4.222690 
3.490000 	 -3.124698 
3.500000 	 -4.384904 
3.510000 	 -2.790951 
3.520000 	 -3.288366 
3.530000 	 -3.384355 
3.540000 	 -2.202773 
3.550000 	 -2.712800 
3.560000 	 -3.719392 
3.570000 	 -1.624352 
3.580000 	 -3.470672 
3.590000 	 -3.173889 
3.600000 	 -3.564149 
3.610000 	 -3.243376 
3.620000 	 -4.273844 
3.630000 	 -3.212965 
3.640000 	 -5.548085 
3.650000 	 -3.322094 
3.660000 	 -4.112076 
3.670000 	 -2.344103 
3.680000 	 -3.234529 
3.690000 	 -4.739537 
3.700000 	 -3.928723 
3.710000 	 -3.433691 
3.720000 	 -3.443427 
3.730000 	 -4.545341 
3.740000 	 -3.604669 
3.750000 	 -4.793018 
3.760000 	 -4.319364 
3.770000 	 -1.809393 
3.780000 	 -3.869398 
3.790000 	 -3.221544 
3.800000 	 -3.140676 
3.810000 	 -4.114907 
3.820000 	 -3.634456 
3.830000 	 -4.233750 
3.840000 	 -4.726475 
3.850000 	 -5.049764 
3.860000 	 -2.846378 
3.870000 	 -4.838361 
3.880000 	 -2.704560 
3.890000 	 -3.665180 
3.900000 	 -4.298763 
3.910000 	 -5.261169 
3.920000 	 -5.786246 
3.930000 	 -5.913134 
3.940000 	 -3.760172 
3.950000 	 -4.621263 
3.960000 	 -4.587525 
3.970000 	 -4.742429 
3.980000 	 -4.236280 
3.990000 	 -3.984527 
4.000000 	 -5.124788 
4.010000 	 -4.986693 
4.020000 	 -5.088838 
4.030000 	 -3.751651 
4.040000 	 -4.714717 
4.050000 	 -2.799280 
4.060000 	 -4.331536 
4.070000 	 -4.885960 
4.080000 	 -3.542435 
4.090000 	 -4.771755 
4.100000 	 -3.722227 
4.110000 	 -3.898528 
4.120000 	 -3.585251 
4.130000 	 -4.541705 
4.140000 	 -3.788601 
4.150000 	 -4.959961 
4.160000 	 -5.348185 
4.170000 	 -4.912340 
4.180000 	 -4.511747 
4.190000 	 -3.719780 
4.200000 	 -5.270967 
4.210000 	 -4.637584 
4.220000 	 -5.144287 
4.230000 	 -4.163279 
4.240000 	 -4.986087 
4.250000 	 -2.908995 
4.260000 	 -6.210418 
4.270000 	 -5.260406 
4.280000 	 -4.781635 
4.290000 	 -3.737500 
4.300000 	 -5.366678 
4.310000 	 -3.995359 
4.320000 	 -4.107762 
4.330000 	 -4.657984 
4.340000 	 -6.029919 
4.350000 	 -5.314636 
4.360000 	 -5.527453 
4.370000 	 -5.006316 
4.380000 	 -4.863179 
4.390000 	 -3.728991 
4.400000 	 -5.339417 
4.410000 	 -4.735581 
4.420000 	 -4.991068 
4.430000 	 -4.264615 
4.440000 	 -5.390028 
4.450000 	 -3.259911 
4.460000 	 -5.545540 
4.470000 	 -4.404808 
4.480000 	 -5.581464 
4.490000 	 -4.874595 
4.500000 	 -3.746556 
4.510000 	 -4.974884 
4.520000 	 -3.875437 
4.530000 	 -4.331507 
4.540000 	 -5.380501 
4.550000 	 -4.253388 
4.560000 	 -5.210239 
4.570000 	 -4.728642 
4.580000 	 -3.237037 
4.590000 	 -4.224565 
4.600000 	 -5.024034 
4.610000 	 -4.728820 
4.620000 	 -6.006522 
4.630000 	 -5.781783 
4.640000 	 -5.804241 
4.650000 	 -5.186968 
4.660000 	 -4.599905 
4.670000 	 -5.634069 
4.680000 	 -4.919916 
4.690000 	 -4.661296 
4.700000 	 -4.434973 
4.710000 	 -4.781364 
4.720000 	 -4.754721 
4.730000 	 -5.519660 
4.740000 	 -5.311478 
4.750000 	 -6.054743 
4.760000 	 -5.123541 
4.770000 	 -5.490863 
4.780000 	 -5.028803 
4.790000 	 -4.932527 
4.800000 	 -5.035441 
4.810000 	 -3.507044 
4.820000 	 -4.645755 
4.830000 	 -5.422065 
4.840000 	 -5.626505 
4.850000 	 -4.972963 
4.860000 	 -6.390450 
4.870000 	 -5.678813 
4.880000 	 -4.909563 
4.890000 	 -4.725971 
4.900000 	 -4.982802 
4.910000 	 -6.233444 
4.920000 	 -5.163899 
4.930000 	 -5.169645 
4.940000 	 -3.870896 
4.950000 	 -6.272836 
4.960000 	 -4.884248 
4.970000 	 -4.936871 
4.980000 	 -5.542665 
4.990000 	 -4.624166 
5.000000 	 -5.469125 
