0.000000 	 -0.424837 
0.010000 	 0.355918 
0.020000 	 0.657634 
0.030000 	 -0.026751 
0.040000 	 0.514318 
0.050000 	 -0.131344 
0.060000 	 0.899752 
0.070000 	 -0.267614 
0.080000 	 1.647608 
0.090000 	 1.634482 
0.100000 	 0.160846 
0.110000 	 1.333665 
0.120000 	 0.975827 
0.130000 	 -0.604118 
0.140000 	 0.840894 
0.150000 	 0.847344 
0.160000 	 0.374924 
0.170000 	 0.210177 
0.180000 	 0.002020 
0.190000 	 1.296205 
0.200000 	 0.145243 
0.210000 	 -1.386293 
0.220000 	 1.598432 
0.230000 	 -0.400992 
0.240000 	 2.255053 
0.250000 	 1.515090 
0.260000 	 -0.087575 
0.270000 	 0.752830 
0.280000 	 0.570299 
0.290000 	 0.624060 
0.300000 	 0.946678 
0.310000 	 0.696367 
0.320000 	 0.265831 
0.330000 	 0.315607 
0.340000 	 -0.561043 
0.350000 	 -0.865074 
0.360000 	 1.970641 
0.370000 	 -1.254395 
0.380000 	 -0.573525 
0.390000 	 -0.094021 
0.400000 	 0.707981 
0.410000 	 0.233885 
0.420000 	 -0.008479 
0.430000 	 -0.131187 
0.440000 	 0.481646 
0.450000 	 -0.436806 
0.460000 	 0.162618 
0.470000 	 0.192348 
0.480000 	 -0.073510 
0.490000 	 -0.713367 
0.500000 	 -0.270030 
0.510000 	 1.481261 
0.520000 	 2.157530 
0.530000 	 -0.900685 
0.540000 	 0.151064 
0.550000 	 0.572632 
0.560000 	 -0.399901 
0.570000 	 -0.141893 
0.580000 	 0.170578 
0.590000 	 -0.467307 
0.600000 	 0.746519 
0.610000 	 0.746329 
0.620000 	 0.004707 
0.630000 	 -0.720189 
0.640000 	 -2.667417 
0.650000 	 0.937052 
0.660000 	 -0.714036 
0.670000 	 -1.215246 
0.680000 	 -0.806326 
0.690000 	 -0.715501 
0.700000 	 -0.813363 
0.710000 	 -0.849388 
0.720000 	 0.061425 
0.730000 	 0.481033 
0.740000 	 -0.354402 
0.750000 	 -0.174462 
0.760000 	 0.361365 
0.770000 	 -2.804571 
0.780000 	 0.569580 
0.790000 	 -0.312574 
0.800000 	 -1.023719 
0.810000 	 -1.675290 
0.820000 	 1.462144 
0.830000 	 -1.283044 
0.840000 	 -2.034957 
0.850000 	 -1.140713 
0.860000 	 -1.829555 
0.870000 	 -0.450358 
0.880000 	 0.421477 
0.890000 	 0.131809 
0.900000 	 1.258153 
0.910000 	 -0.558729 
0.920000 	 -0.270871 
0.930000 	 -1.492988 
0.940000 	 -0.955920 
0.950000 	 1.155896 
0.960000 	 -1.138155 
0.970000 	 -0.977640 
0.980000 	 -1.019016 
0.990000 	 -0.333199 
1.000000 	 -1.867747 
1.010000 	 0.793393 
1.020000 	 -1.592241 
1.030000 	 0.167776 
1.040000 	 -0.042948 
1.050000 	 0.217873 
1.060000 	 -0.669647 
1.070000 	 -0.962108 
1.080000 	 -0.634790 
1.090000 	 0.490433 
1.100000 	 -0.175391 
1.110000 	 0.744694 
1.120000 	 -0.499594 
1.130000 	 -0.318115 
1.140000 	 0.505085 
1.150000 	 -1.985002 
1.160000 	 -0.855281 
1.170000 	 -0.790076 
1.180000 	 0.161232 
1.190000 	 -1.991941 
1.200000 	 -1.019365 
1.210000 	 -0.008318 
1.220000 	 -0.137663 
1.230000 	 -0.900267 
1.240000 	 -0.680498 
1.250000 	 -0.666354 
1.260000 	 0.309658 
1.270000 	 -1.500821 
1.280000 	 -0.600671 
1.290000 	 -2.324470 
1.300000 	 -0.878413 
1.310000 	 0.180034 
1.320000 	 -0.665565 
1.330000 	 -0.491305 
1.340000 	 -2.485950 
1.350000 	 -2.278494 
1.360000 	 -1.680769 
1.370000 	 -1.429569 
1.380000 	 -0.252210 
1.390000 	 -0.794699 
1.400000 	 -2.303876 
1.410000 	 -2.391832 
1.420000 	 -2.164168 
1.430000 	 -0.610120 
1.440000 	 -2.294179 
1.450000 	 -0.780710 
1.460000 	 -1.112373 
1.470000 	 -0.514824 
1.480000 	 -1.563620 
1.490000 	 -1.862783 
1.500000 	 -2.784341 
1.510000 	 -0.899001 
1.520000 	 -2.068245 
1.530000 	 -1.803656 
1.540000 	 -2.308030 
1.550000 	 -0.585714 
1.560000 	 -2.144961 
1.570000 	 -1.521693 
1.580000 	 -0.063587 
1.590000 	 -1.016752 
1.600000 	 -1.702635 
1.610000 	 -2.486157 
1.620000 	 -0.443086 
1.630000 	 -0.647648 
1.640000 	 -0.954116 
1.650000 	 -1.984860 
1.660000 	 -1.096840 
1.670000 	 -2.428640 
1.680000 	 -3.148039 
1.690000 	 -1.955625 
1.700000 	 -2.612872 
1.710000 	 -1.740106 
1.720000 	 -1.228820 
1.730000 	 -1.613188 
1.740000 	 -2.119484 
1.750000 	 -1.224589 
1.760000 	 0.118252 
1.770000 	 -2.407048 
1.780000 	 -0.878630 
1.790000 	 -1.396702 
1.800000 	 -1.538336 
1.810000 	 -2.649887 
1.820000 	 -1.292712 
1.830000 	 -1.590968 
1.840000 	 -2.241006 
1.850000 	 -1.976141 
1.860000 	 -1.477761 
1.870000 	 -2.670912 
1.880000 	 -0.933827 
1.890000 	 -1.801581 
1.900000 	 -1.868605 
1.910000 	 -1.467849 
1.920000 	 -1.149350 
1.930000 	 -0.559388 
1.940000 	 -2.085771 
1.950000 	 -1.404783 
1.960000 	 -1.502397 
1.970000 	 -0.958019 
1.980000 	 -1.055258 
1.990000 	 -1.229772 
2.000000 	 -4.043807 
2.010000 	 -3.340860 
2.020000 	 -1.731682 
2.030000 	 -2.591260 
2.040000 	 -2.628807 
2.050000 	 -2.684100 
2.060000 	 -2.340694 
2.070000 	 -2.594346 
2.080000 	 -2.499271 
2.090000 	 -2.559644 
2.100000 	 -2.560063 
2.110000 	 -1.590484 
2.120000 	 -1.369468 
2.130000 	 -2.744525 
2.140000 	 -1.952626 
2.150000 	 -0.951375 
2.160000 	 -2.604626 
2.170000 	 -1.906971 
2.180000 	 -2.677165 
2.190000 	 -1.966372 
2.200000 	 -2.485245 
2.210000 	 -4.288549 
2.220000 	 -2.924153 
2.230000 	 -2.554109 
2.240000 	 -1.914998 
2.250000 	 -0.976135 
2.260000 	 -0.801819 
2.270000 	 -0.954802 
2.280000 	 -1.080415 
2.290000 	 -3.362816 
2.300000 	 -2.436013 
2.310000 	 -1.783175 
2.320000 	 -2.379813 
2.330000 	 -0.849669 
2.340000 	 -1.779580 
2.350000 	 -3.294014 
2.360000 	 -2.935794 
2.370000 	 -2.314576 
2.380000 	 -0.517087 
2.390000 	 -2.671596 
2.400000 	 -2.428518 
2.410000 	 -2.580166 
2.420000 	 -2.821930 
2.430000 	 -1.866731 
2.440000 	 -1.878050 
2.450000 	 -2.048834 
2.460000 	 -3.629785 
2.470000 	 -2.041115 
2.480000 	 -2.235185 
2.490000 	 -2.900963 
2.500000 	 -2.360751 
2.510000 	 -1.734678 
2.520000 	 -2.310288 
2.530000 	 -1.123575 
2.540000 	 -3.064957 
2.550000 	 -2.218818 
2.560000 	 -3.116418 
2.570000 	 -1.322403 
2.580000 	 -2.594624 
2.590000 	 -2.564340 
2.600000 	 -2.197959 
2.610000 	 -3.014137 
2.620000 	 -2.386889 
2.630000 	 -3.643884 
2.640000 	 -2.126900 
2.650000 	 -3.570513 
2.660000 	 -1.301751 
2.670000 	 -2.636821 
2.680000 	 -1.000138 
2.690000 	 -0.747234 
2.700000 	 -2.837755 
2.710000 	 -2.418468 
2.720000 	 -3.281815 
2.730000 	 -2.668974 
2.740000 	 -2.764846 
2.750000 	 -1.696614 
2.760000 	 -1.722157 
2.770000 	 -2.775819 
2.780000 	 -2.362148 
2.790000 	 -2.794609 
2.800000 	 -2.424670 
2.810000 	 -2.483383 
2.820000 	 -2.234946 
2.830000 	 -3.797552 
2.840000 	 -3.702945 
2.850000 	 -3.548775 
2.860000 	 -2.259343 
2.870000 	 -3.281232 
2.880000 	 -2.810008 
2.890000 	 -2.327533 
2.900000 	 -2.986823 
2.910000 	 -4.643347 
2.920000 	 -2.796320 
2.930000 	 -3.719083 
2.940000 	 -2.683930 
2.950000 	 -2.327082 
2.960000 	 -1.997100 
2.970000 	 -3.207312 
2.980000 	 -3.327683 
2.990000 	 -1.953831 
3.000000 	 -2.547342 
3.010000 	 -3.049469 
3.020000 	 -3.878650 
3.030000 	 -3.731349 
3.040000 	 -3.635872 
3.050000 	 -3.331640 
3.060000 	 -4.391096 
3.070000 	 -2.702936 
3.080000 	 -2.026074 
3.090000 	 -4.173835 
3.100000 	 -4.297535 
3.110000 	 -3.302787 
3.120000 	 -4.118660 
3.130000 	 -3.235067 
3.140000 	 -1.942608 
3.150000 	 -3.302521 
3.160000 	 -3.391148 
3.170000 	 -3.779278 
3.180000 	 -3.827476 
3.190000 	 -2.629106 
3.200000 	 -3.530894 
3.210000 	 -2.406620 
3.220000 	 -3.587088 
3.230000 	 -3.734784 
3.240000 	 -3.419384 
3.250000 	 -4.866897 
3.260000 	 -3.531283 
3.270000 	 -1.954605 
3.280000 	 -3.108100 
3.290000 	 -2.187832 
3.300000 	 -4.160102 
3.310000 	 -3.440216 
3.320000 	 -3.604631 
3.330000 	 -3.040736 
3.340000 	 -2.757272 
3.350000 	 -2.661939 
3.360000 	 -2.430313 
3.370000 	 -3.772653 
3.380000 	 -4.942918 
3.390000 	 -4.309686 
3.400000 	 -3.053681 
3.410000 	 -4.357847 
3.420000 	 -4.274382 
3.430000 	 -3.200228 
3.440000 	 -4.550954 
3.450000 	 -4.433215 
3.460000 	 -3.499014 
3.470000 	 -4.250403 
3.480000 	 -2.914445 
3.490000 	 -4.525254 
3.500000 	 -4.005644 
3.510000 	 -4.542560 
3.520000 	 -3.077877 
3.530000 	 -3.467380 
3.540000 	 -5.643458 
3.550000 	 -3.410618 
3.560000 	 -2.356547 
3.570000 	 -3.136791 
3.580000 	 -2.777971 
3.590000 	 -4.493106 
3.600000 	 -4.293892 
3.610000 	 -3.477078 
3.620000 	 -4.727770 
3.630000 	 -5.594621 
3.640000 	 -3.640375 
3.650000 	 -3.739315 
3.660000 	 -3.057216 
3.670000 	 -2.732513 
3.680000 	 -4.615123 
3.690000 	 -3.058387 
3.700000 	 -2.512448 
3.710000 	 -2.752817 
3.720000 	 -2.717107 
3.730000 	 -3.528692 
3.740000 	 -5.719861 
3.750000 	 -4.822803 
3.760000 	 -2.464231 
3.770000 	 -2.178906 
3.780000 	 -4.821501 
3.790000 	 -3.957225 
3.800000 	 -4.313476 
3.810000 	 -3.797114 
3.820000 	 -3.005914 
3.830000 	 -4.095282 
3.840000 	 -5.539917 
3.850000 	 -4.248750 
3.860000 	 -5.086972 
3.870000 	 -3.095590 
3.880000 	 -4.290833 
3.890000 	 -5.178342 
3.900000 	 -4.006443 
3.910000 	 -4.661120 
3.920000 	 -4.554590 
3.930000 	 -3.654955 
3.940000 	 -3.006444 
3.950000 	 -5.208241 
3.960000 	 -3.946629 
3.970000 	 -4.146553 
3.980000 	 -3.565298 
3.990000 	 -3.332624 
4.000000 	 -2.954021 
4.010000 	 -4.763826 
4.020000 	 -5.973418 
4.030000 	 -3.029456 
4.040000 	 -3.450288 
4.050000 	 -4.462922 
4.060000 	 -5.252808 
4.070000 	 -3.745771 
4.080000 	 -5.083073 
4.090000 	 -5.652902 
4.100000 	 -3.623943 
4.110000 	 -4.482468 
4.120000 	 -5.847467 
4.130000 	 -3.617421 
4.140000 	 -4.264232 
4.150000 	 -4.628569 
4.160000 	 -3.883845 
4.170000 	 -5.569508 
4.180000 	 -4.714942 
4.190000 	 -5.281596 
4.200000 	 -4.068568 
4.210000 	 -4.871172 
4.220000 	 -4.716291 
4.230000 	 -5.169191 
4.240000 	 -4.621285 
4.250000 	 -4.150186 
4.260000 	 -4.673983 
4.270000 	 -3.677374 
4.280000 	 -4.265654 
4.290000 	 -4.109542 
4.300000 	 -4.831513 
4.310000 	 -5.035684 
4.320000 	 -5.667984 
4.330000 	 -6.221230 
4.340000 	 -4.457628 
4.350000 	 -5.549103 
4.360000 	 -3.500337 
4.370000 	 -5.341731 
4.380000 	 -5.579569 
4.390000 	 -4.262724 
4.400000 	 -5.515687 
4.410000 	 -5.252868 
4.420000 	 -5.470432 
4.430000 	 -6.333100 
4.440000 	 -5.174916 
4.450000 	 -5.239961 
4.460000 	 -3.704644 
4.470000 	 -6.410395 
4.480000 	 -4.639025 
4.490000 	 -5.377565 
4.500000 	 -4.431316 
4.510000 	 -4.786864 
4.520000 	 -5.724546 
4.530000 	 -4.736456 
4.540000 	 -3.493515 
4.550000 	 -3.374388 
4.560000 	 -4.126957 
4.570000 	 -4.097256 
4.580000 	 -5.173700 
4.590000 	 -5.264676 
4.600000 	 -5.162660 
4.610000 	 -4.052633 
4.620000 	 -6.086737 
4.630000 	 -5.671991 
4.640000 	 -4.991551 
4.650000 	 -5.436646 
4.660000 	 -5.836596 
4.670000 	 -4.358233 
4.680000 	 -4.275036 
4.690000 	 -5.953545 
4.700000 	 -5.265472 
4.710000 	 -5.308174 
4.720000 	 -5.719395 
4.730000 	 -5.122528 
4.740000 	 -5.029059 
4.750000 	 -4.417311 
4.760000 	 -6.423582 
4.770000 	 -5.428217 
4.780000 	 -5.322951 
4.790000 	 -5.081105 
4.800000 	 -4.646219 
4.810000 	 -7.282248 
4.820000 	 -4.796321 
4.830000 	 -3.853796 
4.840000 	 -7.147138 
4.850000 	 -5.221396 
4.860000 	 -5.408836 
4.870000 	 -5.118264 
4.880000 	 -5.200757 
4.890000 	 -5.483567 
4.900000 	 -6.680586 
4.910000 	 -5.222120 
4.920000 	 -5.861730 
4.930000 	 -5.445899 
4.940000 	 -4.244725 
4.950000 	 -5.649544 
4.960000 	 -6.082813 
4.970000 	 -5.249257 
4.980000 	 -5.590908 
4.990000 	 -6.169645 
5.000000 	 -6.197007 
