0.000000 	 -0.035767 
0.010000 	 1.188465 
0.020000 	 1.030737 
0.030000 	 0.475634 
0.040000 	 0.033460 
0.050000 	 0.189043 
0.060000 	 0.440326 
0.070000 	 -0.267838 
0.080000 	 -0.216661 
0.090000 	 -0.491924 
0.100000 	 0.462040 
0.110000 	 1.043024 
0.120000 	 -0.557663 
0.130000 	 0.871710 
0.140000 	 0.258555 
0.150000 	 1.386294 
0.160000 	 0.861435 
0.170000 	 -1.171789 
0.180000 	 0.198231 
0.190000 	 0.655002 
0.200000 	 1.358895 
0.210000 	 -0.755931 
0.220000 	 -0.391704 
0.230000 	 -0.111583 
0.240000 	 0.774114 
0.250000 	 0.606906 
0.260000 	 0.636160 
0.270000 	 -0.208487 
0.280000 	 -0.190041 
0.290000 	 0.275208 
0.300000 	 0.233823 
0.310000 	 0.070186 
0.320000 	 0.208505 
0.330000 	 0.599209 
0.340000 	 0.333757 
0.350000 	 -0.032350 
0.360000 	 0.029735 
0.370000 	 0.084649 
0.380000 	 0.865015 
0.390000 	 0.780734 
0.400000 	 1.242227 
0.410000 	 -0.514445 
0.420000 	 0.579605 
0.430000 	 0.526031 
0.440000 	 -0.717506 
0.450000 	 1.158522 
0.460000 	 0.295320 
0.470000 	 1.595027 
0.480000 	 0.219410 
0.490000 	 -1.288253 
0.500000 	 0.547498 
0.510000 	 -1.161503 
0.520000 	 0.554225 
0.530000 	 0.930225 
0.540000 	 -0.749261 
0.550000 	 -1.459353 
0.560000 	 -0.220002 
0.570000 	 -0.147345 
0.580000 	 -0.298996 
0.590000 	 0.064374 
0.600000 	 -0.346988 
0.610000 	 -0.516538 
0.620000 	 -0.257328 
0.630000 	 -0.577414 
0.640000 	 -0.933349 
0.650000 	 0.525008 
0.660000 	 -0.395187 
0.670000 	 -0.141419 
0.680000 	 1.199203 
0.690000 	 -0.248066 
0.700000 	 -0.305703 
0.710000 	 0.151058 
0.720000 	 1.213910 
0.730000 	 -0.703045 
0.740000 	 -0.137743 
0.750000 	 -0.185244 
0.760000 	 -0.562243 
0.770000 	 0.842832 
0.780000 	 -0.103742 
0.790000 	 -1.014400 
0.800000 	 0.374933 
0.810000 	 1.044092 
0.820000 	 -0.150050 
0.830000 	 -0.135503 
0.840000 	 -0.959981 
0.850000 	 -0.483878 
0.860000 	 -1.289571 
0.870000 	 1.471558 
0.880000 	 -0.366302 
0.890000 	 -0.910195 
0.900000 	 0.050790 
0.910000 	 0.909786 
0.920000 	 -1.643637 
0.930000 	 -0.730587 
0.940000 	 0.175611 
0.950000 	 -0.613955 
0.960000 	 -0.477864 
0.970000 	 0.822997 
0.980000 	 0.762133 
0.990000 	 -0.008356 
1.000000 	 -0.012762 
1.010000 	 -0.699035 
1.020000 	 -2.470622 
1.030000 	 -0.116647 
1.040000 	 -0.024665 
1.050000 	 -0.369143 
1.060000 	 -1.293189 
1.070000 	 -0.931181 
1.080000 	 0.976834 
1.090000 	 -1.292823 
1.100000 	 -1.253729 
1.110000 	 -1.263072 
1.120000 	 -1.203605 
1.130000 	 -0.717317 
1.140000 	 0.892168 
1.150000 	 -1.181912 
1.160000 	 -0.401516 
1.170000 	 -0.881712 
1.180000 	 -1.141790 
1.190000 	 -2.059548 
1.200000 	 -1.007069 
1.210000 	 0.838686 
1.220000 	 -2.379671 
1.230000 	 0.011927 
1.240000 	 -1.290095 
1.250000 	 -0.083627 
1.260000 	 -1.690695 
1.270000 	 -1.298165 
1.280000 	 -0.174640 
1.290000 	 -0.072550 
1.300000 	 -0.250115 
1.310000 	 -0.052359 
1.320000 	 -2.345384 
1.330000 	 -1.951426 
1.340000 	 0.027058 
1.350000 	 0.135179 
1.360000 	 -0.208081 
1.370000 	 0.003029 
1.380000 	 -1.948997 
1.390000 	 -2.057535 
1.400000 	 -1.328973 
1.410000 	 -1.718490 
1.420000 	 -0.602906 
1.430000 	 0.259101 
1.440000 	 -1.283852 
1.450000 	 -0.821045 
1.460000 	 0.377470 
1.470000 	 -1.394434 
1.480000 	 -1.833247 
1.490000 	 -1.529448 
1.500000 	 -1.622513 
1.510000 	 -2.092497 
1.520000 	 -0.350028 
1.530000 	 -1.294107 
1.540000 	 -1.837760 
1.550000 	 -1.271384 
1.560000 	 -1.984353 
1.570000 	 0.251063 
1.580000 	 -2.180816 
1.590000 	 -1.095958 
1.600000 	 -2.746720 
1.610000 	 -1.242657 
1.620000 	 -2.395567 
1.630000 	 -0.924653 
1.640000 	 -2.107854 
1.650000 	 -1.178706 
1.660000 	 -2.179036 
1.670000 	 -1.491507 
1.680000 	 -0.405426 
1.690000 	 -3.171786 
1.700000 	 -0.541739 
1.710000 	 -1.517748 
1.720000 	 -1.877490 
1.730000 	 -1.759804 
1.740000 	 -0.374586 
1.750000 	 0.285416 
1.760000 	 -0.707782 
1.770000 	 -1.786256 
1.780000 	 -1.489862 
1.790000 	 -0.315617 
1.800000 	 -0.556278 
1.810000 	 -0.979131 
1.820000 	 -2.573754 
1.830000 	 -2.429960 
1.840000 	 -2.113831 
1.850000 	 -2.582291 
1.860000 	 -1.336306 
1.870000 	 -1.423681 
1.880000 	 -1.201576 
1.890000 	 -1.502244 
1.900000 	 -1.790929 
1.910000 	 -1.381895 
1.920000 	 -2.976887 
1.930000 	 -3.797586 
1.940000 	 -0.939742 
1.950000 	 -0.002155 
1.960000 	 -1.310057 
1.970000 	 -2.926978 
1.980000 	 -1.628077 
1.990000 	 -0.701817 
2.000000 	 -1.197901 
2.010000 	 -1.416320 
2.020000 	 -2.960227 
2.030000 	 -1.977413 
2.040000 	 -1.268892 
2.050000 	 -1.436549 
2.060000 	 -2.314297 
2.070000 	 -1.023932 
2.080000 	 -1.026805 
2.090000 	 -0.347239 
2.100000 	 -2.655379 
2.110000 	 -0.811990 
2.120000 	 -1.370245 
2.130000 	 -2.248823 
2.140000 	 -2.242105 
2.150000 	 -1.168346 
2.160000 	 -2.547768 
2.170000 	 -2.952137 
2.180000 	 -0.702724 
2.190000 	 -2.755847 
2.200000 	 -1.702130 
2.210000 	 -1.671175 
2.220000 	 -2.852643 
2.230000 	 -0.717112 
2.240000 	 -2.374803 
2.250000 	 -3.532665 
2.260000 	 -2.802611 
2.270000 	 -2.563130 
2.280000 	 -0.768947 
2.290000 	 -1.761547 
2.300000 	 -1.313725 
2.310000 	 -1.890795 
2.320000 	 -2.558928 
2.330000 	 -0.801993 
2.340000 	 -4.032920 
2.350000 	 -2.164161 
2.360000 	 -0.407748 
2.370000 	 -1.981749 
2.380000 	 -2.694758 
2.390000 	 -2.001284 
2.400000 	 -1.788564 
2.410000 	 -3.224017 
2.420000 	 -1.612850 
2.430000 	 -1.999679 
2.440000 	 -0.933159 
2.450000 	 -1.877220 
2.460000 	 -3.215580 
2.470000 	 -2.817591 
2.480000 	 -2.213849 
2.490000 	 -2.107744 
2.500000 	 -2.536877 
2.510000 	 -3.716531 
2.520000 	 -2.706559 
2.530000 	 -2.694141 
2.540000 	 -3.266763 
2.550000 	 -3.007014 
2.560000 	 -2.586931 
2.570000 	 -1.562256 
2.580000 	 -3.830016 
2.590000 	 -2.872914 
2.600000 	 -3.298550 
2.610000 	 -3.206858 
2.620000 	 -2.001429 
2.630000 	 -2.788575 
2.640000 	 -3.445030 
2.650000 	 -2.451134 
2.660000 	 -3.558713 
2.670000 	 -3.355908 
2.680000 	 -1.524863 
2.690000 	 -3.058269 
2.700000 	 -2.430539 
2.710000 	 -3.633301 
2.720000 	 -2.390830 
2.730000 	 -4.471068 
2.740000 	 -2.930076 
2.750000 	 -2.215401 
2.760000 	 -2.468276 
2.770000 	 -3.412750 
2.780000 	 -1.999198 
2.790000 	 -2.366945 
2.800000 	 -3.350175 
2.810000 	 -2.800953 
2.820000 	 -2.532154 
2.830000 	 -3.525991 
2.840000 	 -3.200360 
2.850000 	 -3.060396 
2.860000 	 -3.451371 
2.870000 	 -2.263421 
2.880000 	 -4.497800 
2.890000 	 -3.432599 
2.900000 	 -3.829740 
2.910000 	 -2.142903 
2.920000 	 -2.028913 
2.930000 	 -4.307870 
2.940000 	 -3.277393 
2.950000 	 -2.586794 
2.960000 	 -2.988062 
2.970000 	 -1.545516 
2.980000 	 -3.765955 
2.990000 	 -2.817713 
3.000000 	 -3.602951 
3.010000 	 -2.514990 
3.020000 	 -2.597178 
3.030000 	 -4.293483 
3.040000 	 -2.442137 
3.050000 	 -3.167376 
3.060000 	 -2.818633 
3.070000 	 -2.615831 
3.080000 	 -3.488184 
3.090000 	 -4.064701 
3.100000 	 -3.388352 
3.110000 	 -4.096616 
3.120000 	 -2.873759 
3.130000 	 -4.399174 
3.140000 	 -2.989717 
3.150000 	 -2.226342 
3.160000 	 -2.672278 
3.170000 	 -4.278695 
3.180000 	 -3.464879 
3.190000 	 -3.324444 
3.200000 	 -3.927868 
3.210000 	 -2.034999 
3.220000 	 -4.353882 
3.230000 	 -3.287398 
3.240000 	 -3.501656 
3.250000 	 -2.223592 
3.260000 	 -3.513351 
3.270000 	 -3.303456 
3.280000 	 -3.352670 
3.290000 	 -3.497275 
3.300000 	 -3.958062 
3.310000 	 -4.158985 
3.320000 	 -4.369109 
3.330000 	 -3.459874 
3.340000 	 -4.570079 
3.350000 	 -4.068003 
3.360000 	 -4.563428 
3.370000 	 -4.248370 
3.380000 	 -3.596108 
3.390000 	 -3.468516 
3.400000 	 -5.138318 
3.410000 	 -4.541338 
3.420000 	 -3.382494 
3.430000 	 -2.985435 
3.440000 	 -2.932865 
3.450000 	 -3.420843 
3.460000 	 -2.906340 
3.470000 	 -3.070815 
3.480000 	 -4.510034 
3.490000 	 -3.147883 
3.500000 	 -4.841058 
3.510000 	 -3.695710 
3.520000 	 -4.504666 
3.530000 	 -4.545950 
3.540000 	 -2.869242 
3.550000 	 -4.779560 
3.560000 	 -3.518984 
3.570000 	 -4.334945 
3.580000 	 -4.317874 
3.590000 	 -3.120626 
3.600000 	 -2.394206 
3.610000 	 -4.313123 
3.620000 	 -4.034022 
3.630000 	 -5.121089 
3.640000 	 -4.772811 
3.650000 	 -3.740521 
3.660000 	 -4.705546 
3.670000 	 -3.402659 
3.680000 	 -3.770195 
3.690000 	 -4.283063 
3.700000 	 -2.406288 
3.710000 	 -3.007063 
3.720000 	 -5.185924 
3.730000 	 -3.698009 
3.740000 	 -5.392503 
3.750000 	 -4.229710 
3.760000 	 -3.631356 
3.770000 	 -3.340360 
3.780000 	 -4.479806 
3.790000 	 -2.200079 
3.800000 	 -4.411887 
3.810000 	 -5.411805 
3.820000 	 -4.834417 
3.830000 	 -4.266668 
3.840000 	 -4.558785 
3.850000 	 -3.673194 
3.860000 	 -3.647453 
3.870000 	 -4.572631 
3.880000 	 -3.996060 
3.890000 	 -3.830069 
3.900000 	 -3.948991 
3.910000 	 -2.703375 
3.920000 	 -4.322018 
3.930000 	 -3.673837 
3.940000 	 -4.563056 
3.950000 	 -5.438607 
3.960000 	 -4.234589 
3.970000 	 -4.069257 
3.980000 	 -4.848086 
3.990000 	 -3.707130 
4.000000 	 -4.984547 
4.010000 	 -4.341223 
4.020000 	 -4.828886 
4.030000 	 -5.776633 
4.040000 	 -4.389368 
4.050000 	 -4.087716 
4.060000 	 -4.173835 
4.070000 	 -5.875066 
4.080000 	 -4.447079 
4.090000 	 -5.234314 
4.100000 	 -3.212027 
4.110000 	 -4.445532 
4.120000 	 -2.896705 
4.130000 	 -3.857328 
4.140000 	 -3.782677 
4.150000 	 -6.082356 
4.160000 	 -2.437429 
4.170000 	 -4.996146 
4.180000 	 -3.885883 
4.190000 	 -4.420935 
4.200000 	 -4.970455 
4.210000 	 -5.683947 
4.220000 	 -4.346671 
4.230000 	 -2.648821 
4.240000 	 -4.159524 
4.250000 	 -5.544576 
4.260000 	 -5.903689 
4.270000 	 -4.813308 
4.280000 	 -5.055100 
4.290000 	 -4.377155 
4.300000 	 -6.168235 
4.310000 	 -3.541939 
4.320000 	 -5.087293 
4.330000 	 -3.805625 
4.340000 	 -5.459349 
4.350000 	 -5.803596 
4.360000 	 -4.029039 
4.370000 	 -4.314844 
4.380000 	 -4.235219 
4.390000 	 -4.691346 
4.400000 	 -4.394082 
4.410000 	 -4.799067 
4.420000 	 -4.102407 
4.430000 	 -4.459411 
4.440000 	 -5.082643 
4.450000 	 -4.883544 
4.460000 	 -5.194592 
4.470000 	 -4.960360 
4.480000 	 -4.845671 
4.490000 	 -5.486312 
4.500000 	 -4.426346 
4.510000 	 -5.624818 
4.520000 	 -5.936727 
4.530000 	 -4.558406 
4.540000 	 -4.656805 
4.550000 	 -4.380601 
4.560000 	 -4.526113 
4.570000 	 -6.073791 
4.580000 	 -4.604627 
4.590000 	 -5.200077 
4.600000 	 -5.849397 
4.610000 	 -4.949174 
4.620000 	 -4.531415 
4.630000 	 -5.160650 
4.640000 	 -5.342491 
4.650000 	 -6.439453 
4.660000 	 -5.227878 
4.670000 	 -5.846458 
4.680000 	 -4.664621 
4.690000 	 -6.487091 
4.700000 	 -6.045043 
4.710000 	 -5.327640 
4.720000 	 -4.847165 
4.730000 	 -4.905907 
4.740000 	 -4.752939 
4.750000 	 -4.110286 
4.760000 	 -4.947574 
4.770000 	 -4.878844 
4.780000 	 -4.357318 
4.790000 	 -5.400728 
4.800000 	 -6.007873 
4.810000 	 -4.660085 
4.820000 	 -4.402314 
4.830000 	 -5.996589 
4.840000 	 -4.288869 
4.850000 	 -4.393139 
4.860000 	 -5.765398 
4.870000 	 -6.511054 
4.880000 	 -6.449118 
4.890000 	 -5.754509 
4.900000 	 -4.696891 
4.910000 	 -4.120502 
4.920000 	 -5.295628 
4.930000 	 -4.708434 
4.940000 	 -5.695047 
4.950000 	 -5.734306 
4.960000 	 -5.366910 
4.970000 	 -5.459297 
4.980000 	 -5.618981 
4.990000 	 -3.306548 
5.000000 	 -5.193427 
