0.000000 	 1.927074 
0.010000 	 0.985502 
0.020000 	 0.131192 
0.030000 	 0.912798 
0.040000 	 -0.413726 
0.050000 	 0.295835 
0.060000 	 1.256710 
0.070000 	 1.345942 
0.080000 	 2.082664 
0.090000 	 -0.000246 
0.100000 	 1.984272 
0.110000 	 2.153570 
0.120000 	 0.131429 
0.130000 	 0.493892 
0.140000 	 -0.626144 
0.150000 	 1.506637 
0.160000 	 0.922916 
0.170000 	 1.145778 
0.180000 	 -0.412871 
0.190000 	 1.707736 
0.200000 	 0.041669 
0.210000 	 -0.587497 
0.220000 	 -0.030937 
0.230000 	 1.155613 
0.240000 	 0.437581 
0.250000 	 1.747416 
0.260000 	 0.919243 
0.270000 	 -0.194322 
0.280000 	 0.947624 
0.290000 	 -0.299923 
0.300000 	 0.945830 
0.310000 	 0.458791 
0.320000 	 0.654415 
0.330000 	 1.631022 
0.340000 	 -0.128127 
0.350000 	 0.250302 
0.360000 	 -0.122509 
0.370000 	 0.002808 
0.380000 	 0.254346 
0.390000 	 0.093997 
0.400000 	 -0.055096 
0.410000 	 -0.657375 
0.420000 	 0.860886 
0.430000 	 -0.884141 
0.440000 	 0.666667 
0.450000 	 -0.205420 
0.460000 	 0.579918 
0.470000 	 0.029883 
0.480000 	 0.114683 
0.490000 	 -0.348402 
0.500000 	 0.335644 
0.510000 	 0.409347 
0.520000 	 -0.526516 
0.530000 	 -0.209883 
0.540000 	 0.366046 
0.550000 	 0.216664 
0.560000 	 -0.638824 
0.570000 	 -0.907375 
0.580000 	 -2.018460 
0.590000 	 -0.312671 
0.600000 	 0.445670 
0.610000 	 -0.726700 
0.620000 	 0.148914 
0.630000 	 -0.300609 
0.640000 	 1.510081 
0.650000 	 -0.710086 
0.660000 	 -1.030223 
0.670000 	 -0.890111 
0.680000 	 -1.563266 
0.690000 	 1.386695 
0.700000 	 -0.811123 
0.710000 	 0.877889 
0.720000 	 -1.449387 
0.730000 	 -0.124189 
0.740000 	 -1.322430 
0.750000 	 -0.904807 
0.760000 	 -0.489878 
0.770000 	 -1.115352 
0.780000 	 -1.390052 
0.790000 	 -1.138612 
0.800000 	 -0.434615 
0.810000 	 -1.512264 
0.820000 	 0.186529 
0.830000 	 -0.062765 
0.840000 	 -0.912587 
0.850000 	 -0.915515 
0.860000 	 -0.631189 
0.870000 	 0.202964 
0.880000 	 0.177812 
0.890000 	 -0.980869 
0.900000 	 -0.023771 
0.910000 	 0.227107 
0.920000 	 0.071159 
0.930000 	 -1.950034 
0.940000 	 -0.950037 
0.950000 	 -1.166291 
0.960000 	 -1.366551 
0.970000 	 1.093330 
0.980000 	 -1.696253 
0.990000 	 -0.333537 
1.000000 	 -0.733411 
1.010000 	 0.082621 
1.020000 	 -0.301938 
1.030000 	 -1.370850 
1.040000 	 0.123757 
1.050000 	 -0.173270 
1.060000 	 -0.331792 
1.070000 	 -1.320767 
1.080000 	 -0.292875 
1.090000 	 0.447295 
1.100000 	 -0.263330 
1.110000 	 -1.458062 
1.120000 	 -0.892309 
1.130000 	 -0.124986 
1.140000 	 0.765887 
1.150000 	 -0.079483 
1.160000 	 -0.474546 
1.170000 	 -0.868721 
1.180000 	 -1.032039 
1.190000 	 -0.987751 
1.200000 	 -1.513161 
1.210000 	 -1.173663 
1.220000 	 -0.273590 
1.230000 	 -1.278376 
1.240000 	 -1.317725 
1.250000 	 -0.144571 
1.260000 	 -2.646340 
1.270000 	 -2.323391 
1.280000 	 -0.778256 
1.290000 	 -0.359699 
1.300000 	 -1.626165 
1.310000 	 -1.938210 
1.320000 	 -0.947853 
1.330000 	 -1.513621 
1.340000 	 -2.410043 
1.350000 	 -1.476804 
1.360000 	 -1.170762 
1.370000 	 0.114430 
1.380000 	 -1.285568 
1.390000 	 -0.627188 
1.400000 	 -0.237368 
1.410000 	 -1.106162 
1.420000 	 -1.778905 
1.430000 	 -1.866885 
1.440000 	 -1.075308 
1.450000 	 -0.417160 
1.460000 	 -0.232777 
1.470000 	 -2.639789 
1.480000 	 0.589198 
1.490000 	 -1.644235 
1.500000 	 -0.677041 
1.510000 	 -0.966829 
1.520000 	 -0.061267 
1.530000 	 -1.103752 
1.540000 	 -1.551733 
1.550000 	 0.730893 
1.560000 	 -1.867223 
1.570000 	 -1.432544 
1.580000 	 -1.951556 
1.590000 	 -1.873887 
1.600000 	 -1.450944 
1.610000 	 -0.210608 
1.620000 	 -1.955941 
1.630000 	 -1.374101 
1.640000 	 0.312914 
1.650000 	 -0.941417 
1.660000 	 -1.670597 
1.670000 	 -1.070231 
1.680000 	 -1.709195 
1.690000 	 -2.505845 
1.700000 	 -2.476633 
1.710000 	 -1.317645 
1.720000 	 -0.684833 
1.730000 	 -1.549655 
1.740000 	 -1.309192 
1.750000 	 -1.063691 
1.760000 	 -0.531373 
1.770000 	 -1.594929 
1.780000 	 -1.718361 
1.790000 	 -1.432280 
1.800000 	 -0.764514 
1.810000 	 -2.320131 
1.820000 	 -3.047477 
1.830000 	 -1.383755 
1.840000 	 -1.225337 
1.850000 	 -1.910288 
1.860000 	 -3.106980 
1.870000 	 -1.103737 
1.880000 	 -0.940810 
1.890000 	 -0.964215 
1.900000 	 -2.138824 
1.910000 	 -2.989962 
1.920000 	 -2.004087 
1.930000 	 -2.063202 
1.940000 	 -0.509603 
1.950000 	 -0.937656 
1.960000 	 -3.182813 
1.970000 	 0.159978 
1.980000 	 -2.046530 
1.990000 	 -1.199970 
2.000000 	 -1.548114 
2.010000 	 -2.881548 
2.020000 	 -1.011690 
2.030000 	 -2.535736 
2.040000 	 -1.907388 
2.050000 	 -1.446573 
2.060000 	 -1.113844 
2.070000 	 -2.295473 
2.080000 	 -2.180128 
2.090000 	 -1.979439 
2.100000 	 -1.206438 
2.110000 	 -2.167362 
2.120000 	 -2.233219 
2.130000 	 -1.939385 
2.140000 	 -2.314091 
2.150000 	 -1.698288 
2.160000 	 -2.294503 
2.170000 	 -1.047322 
2.180000 	 -1.619178 
2.190000 	 -2.237472 
2.200000 	 -3.131320 
2.210000 	 -1.628956 
2.220000 	 -3.313098 
2.230000 	 -1.469703 
2.240000 	 -1.926040 
2.250000 	 -2.290410 
2.260000 	 -1.004755 
2.270000 	 -3.021484 
2.280000 	 -1.326077 
2.290000 	 -2.041185 
2.300000 	 -2.708663 
2.310000 	 -1.848287 
2.320000 	 -2.359444 
2.330000 	 -0.861095 
2.340000 	 -2.765915 
2.350000 	 -1.018274 
2.360000 	 -2.694696 
2.370000 	 -3.722905 
2.380000 	 -4.073205 
2.390000 	 -2.658537 
2.400000 	 -3.317613 
2.410000 	 -1.820445 
2.420000 	 -4.132433 
2.430000 	 -2.004796 
2.440000 	 -2.792441 
2.450000 	 -2.961916 
2.460000 	 -2.073521 
2.470000 	 -2.335765 
2.480000 	 -2.731797 
2.490000 	 -3.565863 
2.500000 	 -3.508315 
2.510000 	 -3.387411 
2.520000 	 -3.863894 
2.530000 	 -2.639880 
2.540000 	 -3.122435 
2.550000 	 -2.389544 
2.560000 	 -3.253137 
2.570000 	 -0.914440 
2.580000 	 -3.810046 
2.590000 	 -2.127473 
2.600000 	 -2.217361 
2.610000 	 -3.921357 
2.620000 	 -1.993035 
2.630000 	 -2.768221 
2.640000 	 -2.478712 
2.650000 	 -1.014295 
2.660000 	 -1.608609 
2.670000 	 -4.136879 
2.680000 	 -2.287795 
2.690000 	 -2.561962 
2.700000 	 -3.527312 
2.710000 	 -2.129424 
2.720000 	 -2.793192 
2.730000 	 -2.627951 
2.740000 	 -2.566904 
2.750000 	 -2.986347 
2.760000 	 -2.828181 
2.770000 	 -2.832100 
2.780000 	 -3.599672 
2.790000 	 -1.807427 
2.800000 	 -3.999446 
2.810000 	 -2.025122 
2.820000 	 -2.519581 
2.830000 	 -2.473683 
2.840000 	 -3.564627 
2.850000 	 -2.090313 
2.860000 	 -2.150737 
2.870000 	 -2.545594 
2.880000 	 -4.644157 
2.890000 	 -2.866207 
2.900000 	 -2.960628 
2.910000 	 -3.755685 
2.920000 	 -3.202357 
2.930000 	 -2.891485 
2.940000 	 -1.547062 
2.950000 	 -1.361959 
2.960000 	 -2.335136 
2.970000 	 -2.380588 
2.980000 	 -3.057071 
2.990000 	 -2.440152 
3.000000 	 -3.681667 
3.010000 	 -3.074141 
3.020000 	 -4.908751 
3.030000 	 -4.022391 
3.040000 	 -2.171055 
3.050000 	 -2.231732 
3.060000 	 -2.024418 
3.070000 	 -4.118419 
3.080000 	 -2.167858 
3.090000 	 -2.842539 
3.100000 	 -3.645272 
3.110000 	 -2.436742 
3.120000 	 -2.341025 
3.130000 	 -3.467656 
3.140000 	 -2.717151 
3.150000 	 -2.970637 
3.160000 	 -3.252890 
3.170000 	 -3.041265 
3.180000 	 -2.597754 
3.190000 	 -4.137449 
3.200000 	 -3.947617 
3.210000 	 -3.300881 
3.220000 	 -3.799107 
3.230000 	 -3.088768 
3.240000 	 -4.408363 
3.250000 	 -3.901312 
3.260000 	 -2.111743 
3.270000 	 -3.239125 
3.280000 	 -2.309484 
3.290000 	 -3.021009 
3.300000 	 -2.961607 
3.310000 	 -3.228214 
3.320000 	 -4.090993 
3.330000 	 -3.744957 
3.340000 	 -4.436732 
3.350000 	 -3.980461 
3.360000 	 -3.413674 
3.370000 	 -3.311871 
3.380000 	 -3.300887 
3.390000 	 -3.509254 
3.400000 	 -5.066021 
3.410000 	 -3.916747 
3.420000 	 -4.369787 
3.430000 	 -4.707008 
3.440000 	 -3.526896 
3.450000 	 -4.208648 
3.460000 	 -3.608098 
3.470000 	 -4.153210 
3.480000 	 -3.414301 
3.490000 	 -4.855064 
3.500000 	 -3.372594 
3.510000 	 -3.959639 
3.520000 	 -3.854978 
3.530000 	 -3.320423 
3.540000 	 -3.036364 
3.550000 	 -3.605806 
3.560000 	 -3.699550 
3.570000 	 -3.724659 
3.580000 	 -2.785977 
3.590000 	 -4.144942 
3.600000 	 -3.372801 
3.610000 	 -4.418498 
3.620000 	 -3.466027 
3.630000 	 -3.059125 
3.640000 	 -4.683299 
3.650000 	 -1.425964 
3.660000 	 -3.228063 
3.670000 	 -4.712974 
3.680000 	 -3.716752 
3.690000 	 -4.249645 
3.700000 	 -4.673730 
3.710000 	 -4.185790 
3.720000 	 -3.802901 
3.730000 	 -5.113061 
3.740000 	 -4.266827 
3.750000 	 -4.227232 
3.760000 	 -3.422039 
3.770000 	 -4.629593 
3.780000 	 -3.745589 
3.790000 	 -4.917448 
3.800000 	 -4.575544 
3.810000 	 -4.611606 
3.820000 	 -3.495999 
3.830000 	 -3.479738 
3.840000 	 -4.338773 
3.850000 	 -3.455318 
3.860000 	 -4.015557 
3.870000 	 -3.516557 
3.880000 	 -4.012114 
3.890000 	 -3.020646 
3.900000 	 -5.290039 
3.910000 	 -4.536965 
3.920000 	 -4.478575 
3.930000 	 -4.079693 
3.940000 	 -5.457044 
3.950000 	 -4.133898 
3.960000 	 -3.953751 
3.970000 	 -3.558150 
3.980000 	 -3.886342 
3.990000 	 -4.616667 
4.000000 	 -4.634096 
4.010000 	 -3.895444 
4.020000 	 -3.897306 
4.030000 	 -4.415473 
4.040000 	 -5.317653 
4.050000 	 -4.764484 
4.060000 	 -4.868091 
4.070000 	 -4.069743 
4.080000 	 -3.873179 
4.090000 	 -3.693040 
4.100000 	 -4.339462 
4.110000 	 -5.805839 
4.120000 	 -4.074071 
4.130000 	 -5.216085 
4.140000 	 -4.879289 
4.150000 	 -3.740879 
4.160000 	 -4.561805 
4.170000 	 -4.185879 
4.180000 	 -3.437525 
4.190000 	 -3.751865 
4.200000 	 -4.356709 
4.210000 	 -4.361921 
4.220000 	 -5.813112 
4.230000 	 -3.872248 
4.240000 	 -3.350103 
4.250000 	 -4.400010 
4.260000 	 -5.929462 
4.270000 	 -4.946705 
4.280000 	 -4.461170 
4.290000 	 -3.031774 
4.300000 	 -4.865235 
4.310000 	 -4.290736 
4.320000 	 -4.876500 
4.330000 	 -4.556769 
4.340000 	 -5.081897 
4.350000 	 -5.100593 
4.360000 	 -5.668805 
4.370000 	 -4.572544 
4.380000 	 -4.810372 
4.390000 	 -5.686601 
4.400000 	 -4.294269 
4.410000 	 -4.852753 
4.420000 	 -5.672138 
4.430000 	 -5.193363 
4.440000 	 -4.250382 
4.450000 	 -4.678226 
4.460000 	 -5.021785 
4.470000 	 -5.329926 
4.480000 	 -5.782531 
4.490000 	 -4.318246 
4.500000 	 -4.504090 
4.510000 	 -3.934226 
4.520000 	 -5.743418 
4.530000 	 -6.060218 
4.540000 	 -4.726086 
4.550000 	 -4.237220 
4.560000 	 -5.789925 
4.570000 	 -5.031420 
4.580000 	 -5.099063 
4.590000 	 -6.105499 
4.600000 	 -4.704810 
4.610000 	 -6.386114 
4.620000 	 -5.846043 
4.630000 	 -6.065212 
4.640000 	 -5.202715 
4.650000 	 -4.933002 
4.660000 	 -5.241280 
4.670000 	 -5.561638 
4.680000 	 -6.684618 
4.690000 	 -4.034946 
4.700000 	 -4.023054 
4.710000 	 -6.199145 
4.720000 	 -6.105409 
4.730000 	 -4.898097 
4.740000 	 -4.943335 
4.750000 	 -3.970213 
4.760000 	 -5.544476 
4.770000 	 -4.640439 
4.780000 	 -5.117129 
4.790000 	 -4.445466 
4.800000 	 -4.451427 
4.810000 	 -6.345347 
4.820000 	 -4.935929 
4.830000 	 -3.397302 
4.840000 	 -5.461096 
4.850000 	 -5.267099 
4.860000 	 -6.524872 
4.870000 	 -4.618701 
4.880000 	 -4.449303 
4.890000 	 -5.831351 
4.900000 	 -5.251665 
4.910000 	 -6.485275 
4.920000 	 -5.597353 
4.930000 	 -5.126658 
4.940000 	 -5.546398 
4.950000 	 -5.108764 
4.960000 	 -6.088100 
4.970000 	 -5.900382 
4.980000 	 -5.087129 
4.990000 	 -5.430364 
5.000000 	 -5.833010 
