0.000000 	 -0.494601 
0.010000 	 1.779250 
0.020000 	 -0.084403 
0.030000 	 -0.090875 
0.040000 	 0.240704 
0.050000 	 -0.224516 
0.060000 	 0.547352 
0.070000 	 1.332280 
0.080000 	 1.513796 
0.090000 	 1.430105 
0.100000 	 0.078364 
0.110000 	 0.110675 
0.120000 	 0.687993 
0.130000 	 1.297990 
0.140000 	 -0.283729 
0.150000 	 -0.859775 
0.160000 	 1.274745 
0.170000 	 -0.764474 
0.180000 	 -0.860666 
0.190000 	 1.489354 
0.200000 	 0.345704 
0.210000 	 2.699600 
0.220000 	 0.463690 
0.230000 	 1.088824 
0.240000 	 0.194212 
0.250000 	 0.831306 
0.260000 	 0.658109 
0.270000 	 -0.607701 
0.280000 	 0.890920 
0.290000 	 0.641566 
0.300000 	 -1.103875 
0.310000 	 -0.807348 
0.320000 	 -0.452154 
0.330000 	 -0.540037 
0.340000 	 -0.121119 
0.350000 	 0.327379 
0.360000 	 -1.003673 
0.370000 	 -0.009780 
0.380000 	 0.489950 
0.390000 	 0.260115 
0.400000 	 0.872696 
0.410000 	 -0.762698 
0.420000 	 0.487598 
0.430000 	 0.101999 
0.440000 	 -0.180697 
0.450000 	 0.082378 
0.460000 	 0.653985 
0.470000 	 -0.668420 
0.480000 	 -0.588659 
0.490000 	 0.121670 
0.500000 	 -0.434590 
0.510000 	 -0.772416 
0.520000 	 -0.157266 
0.530000 	 0.153610 
0.540000 	 -0.279789 
0.550000 	 0.330930 
0.560000 	 0.454683 
0.570000 	 -0.428373 
0.580000 	 0.430971 
0.590000 	 0.777490 
0.600000 	 -0.715219 
0.610000 	 -0.153924 
0.620000 	 -0.346437 
0.630000 	 0.251392 
0.640000 	 -1.049049 
0.650000 	 0.487531 
0.660000 	 -1.156265 
0.670000 	 -0.093259 
0.680000 	 0.197918 
0.690000 	 0.733519 
0.700000 	 -0.054373 
0.710000 	 0.876157 
0.720000 	 -1.211156 
0.730000 	 -0.995084 
0.740000 	 -1.927390 
0.750000 	 -0.227256 
0.760000 	 -0.292392 
0.770000 	 -1.390119 
0.780000 	 -0.441386 
0.790000 	 1.291183 
0.800000 	 -0.752343 
0.810000 	 0.346730 
0.820000 	 0.741803 
0.830000 	 0.168168 
0.840000 	 -0.071758 
0.850000 	 -0.912208 
0.860000 	 -0.552365 
0.870000 	 -0.710761 
0.880000 	 0.181913 
0.890000 	 -0.909808 
0.900000 	 -0.911877 
0.910000 	 -1.227304 
0.920000 	 -0.744563 
0.930000 	 1.084975 
0.940000 	 -1.629587 
0.950000 	 -0.285188 
0.960000 	 0.329686 
0.970000 	 -0.135825 
0.980000 	 -0.502797 
0.990000 	 -0.488630 
1.000000 	 0.404625 
1.010000 	 -0.443623 
1.020000 	 -1.463407 
1.030000 	 -1.559777 
1.040000 	 -0.822377 
1.050000 	 -0.243545 
1.060000 	 -0.721131 
1.070000 	 -1.825306 
1.080000 	 -0.391731 
1.090000 	 -0.943095 
1.100000 	 -0.359721 
1.110000 	 0.415304 
1.120000 	 0.272722 
1.130000 	 0.186728 
1.140000 	 -2.093362 
1.150000 	 0.497349 
1.160000 	 -1.187980 
1.170000 	 -0.226702 
1.180000 	 -0.455574 
1.190000 	 -1.620554 
1.200000 	 -1.091071 
1.210000 	 -1.843274 
1.220000 	 -0.193095 
1.230000 	 -1.174487 
1.240000 	 -1.095024 
1.250000 	 0.162953 
1.260000 	 -2.271238 
1.270000 	 0.092508 
1.280000 	 -0.850305 
1.290000 	 -1.317656 
1.300000 	 0.151169 
1.310000 	 -0.668602 
1.320000 	 -1.951498 
1.330000 	 0.158558 
1.340000 	 -0.073920 
1.350000 	 -1.595450 
1.360000 	 -0.895321 
1.370000 	 -1.626521 
1.380000 	 -0.272170 
1.390000 	 -0.912991 
1.400000 	 -2.692945 
1.410000 	 -1.228091 
1.420000 	 -1.615290 
1.430000 	 -1.386500 
1.440000 	 -0.217274 
1.450000 	 -1.625630 
1.460000 	 0.172358 
1.470000 	 -1.524406 
1.480000 	 -0.972417 
1.490000 	 -1.712493 
1.500000 	 -0.801690 
1.510000 	 -0.704634 
1.520000 	 -0.540017 
1.530000 	 -0.533525 
1.540000 	 -2.040253 
1.550000 	 -0.957377 
1.560000 	 -2.548706 
1.570000 	 -1.305989 
1.580000 	 -0.406074 
1.590000 	 -1.528544 
1.600000 	 -2.080145 
1.610000 	 -2.117501 
1.620000 	 0.331597 
1.630000 	 -1.357261 
1.640000 	 -0.760040 
1.650000 	 -1.720822 
1.660000 	 -1.551916 
1.670000 	 -0.988393 
1.680000 	 -1.384750 
1.690000 	 -0.983974 
1.700000 	 -1.576055 
1.710000 	 -3.675283 
1.720000 	 -2.191408 
1.730000 	 -0.226836 
1.740000 	 -1.265561 
1.750000 	 -0.693586 
1.760000 	 -1.707817 
1.770000 	 -1.944310 
1.780000 	 -1.769124 
1.790000 	 -2.395963 
1.800000 	 -0.455006 
1.810000 	 -1.867612 
1.820000 	 -1.387538 
1.830000 	 -1.774780 
1.840000 	 -1.376563 
1.850000 	 -1.945594 
1.860000 	 -0.268516 
1.870000 	 -1.968384 
1.880000 	 -1.212400 
1.890000 	 -1.981498 
1.900000 	 -1.403941 
1.910000 	 -0.269534 
1.920000 	 -2.103391 
1.930000 	 -2.887216 
1.940000 	 -2.082456 
1.950000 	 -3.731858 
1.960000 	 -2.428526 
1.970000 	 -2.327896 
1.980000 	 -2.228528 
1.990000 	 -0.331524 
2.000000 	 -2.737872 
2.010000 	 -1.882587 
2.020000 	 -0.353874 
2.030000 	 -2.235792 
2.040000 	 -1.381461 
2.050000 	 -2.887304 
2.060000 	 -2.089794 
2.070000 	 -2.471005 
2.080000 	 -3.085147 
2.090000 	 -2.573618 
2.100000 	 -2.113638 
2.110000 	 -2.929459 
2.120000 	 0.045299 
2.130000 	 -1.154792 
2.140000 	 -0.758059 
2.150000 	 -2.643391 
2.160000 	 -2.204433 
2.170000 	 -2.559817 
2.180000 	 -1.905395 
2.190000 	 -3.443905 
2.200000 	 -2.218468 
2.210000 	 -2.244002 
2.220000 	 -1.587015 
2.230000 	 -1.276805 
2.240000 	 -2.630733 
2.250000 	 -2.364393 
2.260000 	 -2.393965 
2.270000 	 -2.687683 
2.280000 	 -2.527939 
2.290000 	 -1.848133 
2.300000 	 1.100616 
2.310000 	 -2.744250 
2.320000 	 -1.866426 
2.330000 	 -3.450879 
2.340000 	 -0.385162 
2.350000 	 -1.603311 
2.360000 	 -2.420193 
2.370000 	 -2.151325 
2.380000 	 -2.418862 
2.390000 	 -2.174189 
2.400000 	 -2.314075 
2.410000 	 -2.610057 
2.420000 	 -2.744054 
2.430000 	 -3.026960 
2.440000 	 -1.605039 
2.450000 	 -2.874749 
2.460000 	 -3.286424 
2.470000 	 -3.118522 
2.480000 	 -1.637300 
2.490000 	 -2.478607 
2.500000 	 -2.955421 
2.510000 	 -4.530201 
2.520000 	 -3.358110 
2.530000 	 -3.706553 
2.540000 	 -2.915660 
2.550000 	 -2.894531 
2.560000 	 -2.261707 
2.570000 	 -2.585621 
2.580000 	 -2.001903 
2.590000 	 -2.114782 
2.600000 	 -3.050045 
2.610000 	 -2.118806 
2.620000 	 -3.751978 
2.630000 	 -2.476506 
2.640000 	 -3.267492 
2.650000 	 -3.970853 
2.660000 	 -3.271255 
2.670000 	 -2.198903 
2.680000 	 -3.049155 
2.690000 	 -3.395828 
2.700000 	 -2.061964 
2.710000 	 -3.052692 
2.720000 	 -3.873073 
2.730000 	 -3.034676 
2.740000 	 -2.191043 
2.750000 	 -1.844081 
2.760000 	 -2.904799 
2.770000 	 -2.878295 
2.780000 	 -2.234746 
2.790000 	 -3.163769 
2.800000 	 -3.332994 
2.810000 	 -3.115262 
2.820000 	 -3.071016 
2.830000 	 -2.630340 
2.840000 	 -4.525141 
2.850000 	 -4.084648 
2.860000 	 -2.919175 
2.870000 	 -0.839467 
2.880000 	 -3.708204 
2.890000 	 -2.536342 
2.900000 	 -2.629008 
2.910000 	 -3.185585 
2.920000 	 -2.919079 
2.930000 	 -2.687505 
2.940000 	 -1.261319 
2.950000 	 -2.488152 
2.960000 	 -3.571471 
2.970000 	 -2.148430 
2.980000 	 -2.827164 
2.990000 	 -4.088749 
3.000000 	 -3.998945 
3.010000 	 -2.748108 
3.020000 	 -3.542489 
3.030000 	 -2.806735 
3.040000 	 -2.621939 
3.050000 	 -2.274948 
3.060000 	 -3.047790 
3.070000 	 -3.380205 
3.080000 	 -3.343632 
3.090000 	 -3.396949 
3.100000 	 -3.690817 
3.110000 	 -4.338608 
3.120000 	 -2.805855 
3.130000 	 -3.104021 
3.140000 	 -3.011953 
3.150000 	 -3.200382 
3.160000 	 -3.734674 
3.170000 	 -3.494956 
3.180000 	 -3.760787 
3.190000 	 -2.890241 
3.200000 	 -2.905139 
3.210000 	 -2.360926 
3.220000 	 -3.183576 
3.230000 	 -3.006918 
3.240000 	 -3.365184 
3.250000 	 -2.755925 
3.260000 	 -3.579886 
3.270000 	 -4.517448 
3.280000 	 -3.115178 
3.290000 	 -3.719885 
3.300000 	 -3.232579 
3.310000 	 -3.078404 
3.320000 	 -4.639124 
3.330000 	 -4.145394 
3.340000 	 -3.825116 
3.350000 	 -2.741433 
3.360000 	 -3.633099 
3.370000 	 -3.823353 
3.380000 	 -4.905254 
3.390000 	 -2.894032 
3.400000 	 -2.496545 
3.410000 	 -3.618791 
3.420000 	 -4.107523 
3.430000 	 -4.066965 
3.440000 	 -2.899128 
3.450000 	 -3.756534 
3.460000 	 -4.679122 
3.470000 	 -3.140875 
3.480000 	 -3.216362 
3.490000 	 -3.513145 
3.500000 	 -2.628189 
3.510000 	 -4.171640 
3.520000 	 -4.693880 
3.530000 	 -4.021123 
3.540000 	 -3.220231 
3.550000 	 -3.751898 
3.560000 	 -4.485666 
3.570000 	 -3.724806 
3.580000 	 -3.390611 
3.590000 	 -4.299649 
3.600000 	 -3.153987 
3.610000 	 -3.029879 
3.620000 	 -4.219563 
3.630000 	 -4.643926 
3.640000 	 -3.895105 
3.650000 	 -3.278085 
3.660000 	 -3.835166 
3.670000 	 -4.847204 
3.680000 	 -3.515946 
3.690000 	 -3.719129 
3.700000 	 -5.043715 
3.710000 	 -5.030777 
3.720000 	 -4.095459 
3.730000 	 -3.616762 
3.740000 	 -3.485932 
3.750000 	 -4.174335 
3.760000 	 -3.113727 
3.770000 	 -4.968423 
3.780000 	 -4.314586 
3.790000 	 -3.296965 
3.800000 	 -5.065988 
3.810000 	 -3.670300 
3.820000 	 -4.121452 
3.830000 	 -3.251919 
3.840000 	 -5.077019 
3.850000 	 -4.397309 
3.860000 	 -6.095069 
3.870000 	 -4.865782 
3.880000 	 -3.046872 
3.890000 	 -4.372406 
3.900000 	 -4.988241 
3.910000 	 -4.150566 
3.920000 	 -6.065238 
3.930000 	 -3.772930 
3.940000 	 -3.891231 
3.950000 	 -4.803933 
3.960000 	 -4.712833 
3.970000 	 -4.750537 
3.980000 	 -3.934468 
3.990000 	 -4.375120 
4.000000 	 -5.550978 
4.010000 	 -4.503140 
4.020000 	 -4.911605 
4.030000 	 -4.719909 
4.040000 	 -5.253466 
4.050000 	 -4.312023 
4.060000 	 -4.072926 
4.070000 	 -4.103548 
4.080000 	 -3.124415 
4.090000 	 -5.611450 
4.100000 	 -4.175455 
4.110000 	 -4.661522 
4.120000 	 -4.487645 
4.130000 	 -4.148787 
4.140000 	 -4.093430 
4.150000 	 -4.072566 
4.160000 	 -4.342688 
4.170000 	 -4.907204 
4.180000 	 -5.780091 
4.190000 	 -5.942372 
4.200000 	 -5.010064 
4.210000 	 -4.012401 
4.220000 	 -4.749755 
4.230000 	 -1.859423 
4.240000 	 -4.227308 
4.250000 	 -4.596029 
4.260000 	 -3.382235 
4.270000 	 -5.019281 
4.280000 	 -5.649477 
4.290000 	 -3.472175 
4.300000 	 -4.613223 
4.310000 	 -5.814690 
4.320000 	 -6.127286 
4.330000 	 -4.891791 
4.340000 	 -5.882748 
4.350000 	 -5.725366 
4.360000 	 -2.741032 
4.370000 	 -4.002880 
4.380000 	 -6.253190 
4.390000 	 -4.937953 
4.400000 	 -3.933316 
4.410000 	 -5.452519 
4.420000 	 -4.893179 
4.430000 	 -5.569127 
4.440000 	 -4.520754 
4.450000 	 -5.559143 
4.460000 	 -4.557274 
4.470000 	 -3.959519 
4.480000 	 -4.566117 
4.490000 	 -4.429399 
4.500000 	 -5.006541 
4.510000 	 -4.639619 
4.520000 	 -5.415781 
4.530000 	 -3.999080 
4.540000 	 -4.714609 
4.550000 	 -5.054891 
4.560000 	 -5.734819 
4.570000 	 -5.446336 
4.580000 	 -4.484448 
4.590000 	 -5.417589 
4.600000 	 -4.807001 
4.610000 	 -4.576179 
4.620000 	 -5.581914 
4.630000 	 -3.867608 
4.640000 	 -5.313828 
4.650000 	 -5.728432 
4.660000 	 -5.141213 
4.670000 	 -4.938348 
4.680000 	 -5.830739 
4.690000 	 -6.242163 
4.700000 	 -6.509390 
4.710000 	 -4.483228 
4.720000 	 -5.727811 
4.730000 	 -5.236755 
4.740000 	 -7.415800 
4.750000 	 -5.060332 
4.760000 	 -6.213851 
4.770000 	 -5.096504 
4.780000 	 -4.663009 
4.790000 	 -5.771130 
4.800000 	 -5.450381 
4.810000 	 -5.394998 
4.820000 	 -5.330258 
4.830000 	 -6.273004 
4.840000 	 -4.812357 
4.850000 	 -5.575860 
4.860000 	 -6.202963 
4.870000 	 -6.797008 
4.880000 	 -5.353825 
4.890000 	 -5.955091 
4.900000 	 -5.662020 
4.910000 	 -6.194076 
4.920000 	 -4.825469 
4.930000 	 -5.903396 
4.940000 	 -7.048598 
4.950000 	 -4.262460 
4.960000 	 -4.553875 
4.970000 	 -5.628938 
4.980000 	 -6.065213 
4.990000 	 -6.569288 
5.000000 	 -5.906549 
