0.000000 	 0.968011 
0.010000 	 0.443922 
0.020000 	 0.545863 
0.030000 	 0.587591 
0.040000 	 0.196340 
0.050000 	 1.410429 
0.060000 	 0.760901 
0.070000 	 0.654875 
0.080000 	 -0.221944 
0.090000 	 -0.800951 
0.100000 	 -0.833246 
0.110000 	 1.009050 
0.120000 	 0.968214 
0.130000 	 0.766521 
0.140000 	 -0.329426 
0.150000 	 -0.360384 
0.160000 	 0.611702 
0.170000 	 0.405407 
0.180000 	 0.272638 
0.190000 	 -0.077580 
0.200000 	 0.401194 
0.210000 	 0.844810 
0.220000 	 -0.418372 
0.230000 	 0.776843 
0.240000 	 -0.440570 
0.250000 	 0.132270 
0.260000 	 0.256029 
0.270000 	 -0.422404 
0.280000 	 1.143242 
0.290000 	 -0.680440 
0.300000 	 -0.156476 
0.310000 	 -0.550959 
0.320000 	 1.245941 
0.330000 	 -1.978868 
0.340000 	 0.540422 
0.350000 	 0.219906 
0.360000 	 -0.307451 
0.370000 	 -0.118033 
0.380000 	 1.236403 
0.390000 	 -0.223083 
0.400000 	 -0.308592 
0.410000 	 -0.527127 
0.420000 	 0.144464 
0.430000 	 -0.394979 
0.440000 	 1.014059 
0.450000 	 -1.628337 
0.460000 	 -0.743980 
0.470000 	 1.089225 
0.480000 	 0.071208 
0.490000 	 1.570377 
0.500000 	 1.698681 
0.510000 	 -0.325996 
0.520000 	 1.377259 
0.530000 	 0.147516 
0.540000 	 -2.234377 
0.550000 	 0.951792 
0.560000 	 -0.038091 
0.570000 	 0.339740 
0.580000 	 -0.155316 
0.590000 	 0.497210 
0.600000 	 0.711096 
0.610000 	 -0.942926 
0.620000 	 -0.599219 
0.630000 	 -0.143363 
0.640000 	 -0.647972 
0.650000 	 0.500859 
0.660000 	 -0.513139 
0.670000 	 -0.605966 
0.680000 	 -0.966373 
0.690000 	 -1.648587 
0.700000 	 -0.109566 
0.710000 	 0.191734 
0.720000 	 -0.669913 
0.730000 	 -0.548337 
0.740000 	 -1.322390 
0.750000 	 -0.783666 
0.760000 	 -1.510761 
0.770000 	 -0.890280 
0.780000 	 -0.066916 
0.790000 	 -0.006132 
0.800000 	 -1.637363 
0.810000 	 -0.343006 
0.820000 	 0.192853 
0.830000 	 -0.375424 
0.840000 	 -0.523112 
0.850000 	 -1.821813 
0.860000 	 -1.467485 
0.870000 	 0.400620 
0.880000 	 -0.196549 
0.890000 	 -0.688665 
0.900000 	 0.346861 
0.910000 	 -0.235205 
0.920000 	 -0.909885 
0.930000 	 -0.364962 
0.940000 	 -1.830561 
0.950000 	 -1.168447 
0.960000 	 0.848551 
0.970000 	 -0.532250 
0.980000 	 -0.942054 
0.990000 	 0.610819 
1.000000 	 -0.177317 
1.010000 	 -1.469822 
1.020000 	 -0.864263 
1.030000 	 -0.641368 
1.040000 	 0.173902 
1.050000 	 -0.653202 
1.060000 	 -0.443021 
1.070000 	 -0.924050 
1.080000 	 -1.245929 
1.090000 	 0.620584 
1.100000 	 -0.663602 
1.110000 	 -0.303536 
1.120000 	 -2.317351 
1.130000 	 -2.410724 
1.140000 	 -0.942267 
1.150000 	 -2.602674 
1.160000 	 -1.125972 
1.170000 	 -1.823349 
1.180000 	 -1.615941 
1.190000 	 -0.537795 
1.200000 	 -0.376681 
1.210000 	 -0.880604 
1.220000 	 -0.900200 
1.230000 	 -1.140603 
1.240000 	 -0.330645 
1.250000 	 0.225373 
1.260000 	 -2.842325 
1.270000 	 -1.187007 
1.280000 	 -1.707889 
1.290000 	 -0.961520 
1.300000 	 -1.275389 
1.310000 	 -0.630471 
1.320000 	 -0.666608 
1.330000 	 -1.256913 
1.340000 	 -0.415547 
1.350000 	 -1.856965 
1.360000 	 -1.285376 
1.370000 	 -2.148751 
1.380000 	 -0.691897 
1.390000 	 -1.305194 
1.400000 	 -1.442725 
1.410000 	 -1.392205 
1.420000 	 0.245491 
1.430000 	 -2.381563 
1.440000 	 1.133329 
1.450000 	 -0.740239 
1.460000 	 -1.002252 
1.470000 	 -0.597571 
1.480000 	 -0.247894 
1.490000 	 -1.108575 
1.500000 	 -1.544995 
1.510000 	 -2.208307 
1.520000 	 -1.356407 
1.530000 	 -1.449127 
1.540000 	 -2.737464 
1.550000 	 -0.995523 
1.560000 	 -0.348577 
1.570000 	 -1.256480 
1.580000 	 -1.026515 
1.590000 	 -0.970473 
1.600000 	 -2.527560 
1.610000 	 -1.965555 
1.620000 	 -2.202024 
1.630000 	 -0.275441 
1.640000 	 -3.037478 
1.650000 	 -1.831745 
1.660000 	 -2.145274 
1.670000 	 -0.711039 
1.680000 	 0.393028 
1.690000 	 -1.501191 
1.700000 	 -0.850931 
1.710000 	 -3.313639 
1.720000 	 -0.099260 
1.730000 	 -0.157285 
1.740000 	 -1.454660 
1.750000 	 -1.290983 
1.760000 	 -0.598421 
1.770000 	 -2.632816 
1.780000 	 -2.275145 
1.790000 	 -2.053998 
1.800000 	 -1.906578 
1.810000 	 -0.799927 
1.820000 	 -1.857663 
1.830000 	 -1.165476 
1.840000 	 -1.358539 
1.850000 	 -0.349647 
1.860000 	 -1.493136 
1.870000 	 -1.427173 
1.880000 	 -1.200193 
1.890000 	 -2.780559 
1.900000 	 -0.882151 
1.910000 	 -1.777686 
1.920000 	 -2.323037 
1.930000 	 -2.106981 
1.940000 	 -2.106140 
1.950000 	 -2.550210 
1.960000 	 -0.977401 
1.970000 	 -2.651594 
1.980000 	 -1.986281 
1.990000 	 -1.339591 
2.000000 	 -0.708077 
2.010000 	 -1.680890 
2.020000 	 0.303304 
2.030000 	 -2.890637 
2.040000 	 -1.755544 
2.050000 	 -1.970159 
2.060000 	 -2.688192 
2.070000 	 -1.825171 
2.080000 	 -3.160307 
2.090000 	 -2.355351 
2.100000 	 -1.157962 
2.110000 	 -2.130319 
2.120000 	 -2.620660 
2.130000 	 -3.216118 
2.140000 	 -1.912121 
2.150000 	 -2.085257 
2.160000 	 -1.529246 
2.170000 	 -1.526562 
2.180000 	 -3.235229 
2.190000 	 -1.787846 
2.200000 	 -0.899776 
2.210000 	 -3.105547 
2.220000 	 -0.823255 
2.230000 	 -2.056274 
2.240000 	 -2.228473 
2.250000 	 -2.171955 
2.260000 	 -2.311149 
2.270000 	 -1.956033 
2.280000 	 -3.300943 
2.290000 	 -2.272985 
2.300000 	 -1.514587 
2.310000 	 -3.118893 
2.320000 	 -2.572004 
2.330000 	 -2.397372 
2.340000 	 -1.436288 
2.350000 	 -3.636513 
2.360000 	 -2.983558 
2.370000 	 -2.213584 
2.380000 	 -2.556973 
2.390000 	 -2.769757 
2.400000 	 -1.773141 
2.410000 	 -3.319464 
2.420000 	 -1.747892 
2.430000 	 -2.500430 
2.440000 	 -3.317429 
2.450000 	 -1.896982 
2.460000 	 -2.888863 
2.470000 	 -2.563401 
2.480000 	 -1.808570 
2.490000 	 -3.516648 
2.500000 	 -2.929817 
2.510000 	 -2.296006 
2.520000 	 -2.033027 
2.530000 	 -2.695534 
2.540000 	 -1.454435 
2.550000 	 -2.282774 
2.560000 	 -2.852068 
2.570000 	 -2.516132 
2.580000 	 -3.735063 
2.590000 	 -2.481569 
2.600000 	 -2.561420 
2.610000 	 -3.964671 
2.620000 	 -2.965137 
2.630000 	 -2.949291 
2.640000 	 -3.533912 
2.650000 	 -3.822674 
2.660000 	 -3.635338 
2.670000 	 -2.816146 
2.680000 	 -3.002279 
2.690000 	 -2.901642 
2.700000 	 -4.382991 
2.710000 	 -3.002913 
2.720000 	 -2.715819 
2.730000 	 -2.751112 
2.740000 	 -3.078619 
2.750000 	 -2.961135 
2.760000 	 -2.941720 
2.770000 	 -2.717006 
2.780000 	 -3.016887 
2.790000 	 -3.191610 
2.800000 	 -2.037863 
2.810000 	 -2.428757 
2.820000 	 -3.255719 
2.830000 	 -3.941206 
2.840000 	 -1.896551 
2.850000 	 -2.619117 
2.860000 	 -2.928633 
2.870000 	 -4.242385 
2.880000 	 -3.604190 
2.890000 	 -3.282065 
2.900000 	 -3.960320 
2.910000 	 -2.798573 
2.920000 	 -2.500329 
2.930000 	 -3.178273 
2.940000 	 -4.040576 
2.950000 	 -3.781871 
2.960000 	 -2.061690 
2.970000 	 -2.661496 
2.980000 	 -3.551295 
2.990000 	 -4.086546 
3.000000 	 -3.255018 
3.010000 	 -2.129665 
3.020000 	 -1.894701 
3.030000 	 -4.584853 
3.040000 	 -2.962501 
3.050000 	 -3.699408 
3.060000 	 -1.650474 
3.070000 	 -4.464137 
3.080000 	 -3.260363 
3.090000 	 -3.954213 
3.100000 	 -3.855488 
3.110000 	 -3.241216 
3.120000 	 -1.582996 
3.130000 	 -3.244912 
3.140000 	 -2.970667 
3.150000 	 -3.423074 
3.160000 	 -3.128709 
3.170000 	 -3.369688 
3.180000 	 -4.743445 
3.190000 	 -3.695015 
3.200000 	 -2.511741 
3.210000 	 -2.785070 
3.220000 	 -2.696154 
3.230000 	 -4.427272 
3.240000 	 -3.238961 
3.250000 	 -4.134355 
3.260000 	 -3.318903 
3.270000 	 -3.063242 
3.280000 	 -3.568184 
3.290000 	 -3.070888 
3.300000 	 -3.314546 
3.310000 	 -2.990693 
3.320000 	 -4.410218 
3.330000 	 -2.933608 
3.340000 	 -3.161251 
3.350000 	 -3.719315 
3.360000 	 -2.921280 
3.370000 	 -3.200758 
3.380000 	 -3.205315 
3.390000 	 -3.783849 
3.400000 	 -4.476677 
3.410000 	 -3.558282 
3.420000 	 -3.426211 
3.430000 	 -4.308722 
3.440000 	 -5.001252 
3.450000 	 -2.362720 
3.460000 	 -4.867227 
3.470000 	 -4.793954 
3.480000 	 -2.510498 
3.490000 	 -3.454208 
3.500000 	 -5.254344 
3.510000 	 -4.565019 
3.520000 	 -4.207836 
3.530000 	 -4.768155 
3.540000 	 -4.151806 
3.550000 	 -4.078306 
3.560000 	 -3.397200 
3.570000 	 -4.102189 
3.580000 	 -3.675089 
3.590000 	 -4.009415 
3.600000 	 -3.283740 
3.610000 	 -4.791942 
3.620000 	 -2.308791 
3.630000 	 -4.112290 
3.640000 	 -5.011503 
3.650000 	 -3.565704 
3.660000 	 -3.950378 
3.670000 	 -3.585085 
3.680000 	 -3.680406 
3.690000 	 -4.502138 
3.700000 	 -3.318999 
3.710000 	 -3.008944 
3.720000 	 -5.484097 
3.730000 	 -3.822806 
3.740000 	 -3.342044 
3.750000 	 -3.814115 
3.760000 	 -3.471557 
3.770000 	 -4.962674 
3.780000 	 -3.393544 
3.790000 	 -4.396268 
3.800000 	 -4.127861 
3.810000 	 -4.778226 
3.820000 	 -4.056986 
3.830000 	 -4.210520 
3.840000 	 -4.932539 
3.850000 	 -3.923741 
3.860000 	 -2.859066 
3.870000 	 -4.688187 
3.880000 	 -4.454795 
3.890000 	 -4.423000 
3.900000 	 -5.489735 
3.910000 	 -3.423798 
3.920000 	 -4.233242 
3.930000 	 -4.812623 
3.940000 	 -3.745739 
3.950000 	 -5.061523 
3.960000 	 -4.414827 
3.970000 	 -3.817890 
3.980000 	 -3.259028 
3.990000 	 -5.569379 
4.000000 	 -4.262497 
4.010000 	 -3.889700 
4.020000 	 -5.169332 
4.030000 	 -2.890555 
4.040000 	 -3.998572 
4.050000 	 -3.975671 
4.060000 	 -3.601550 
4.070000 	 -5.097545 
4.080000 	 -4.763872 
4.090000 	 -4.303867 
4.100000 	 -4.002569 
4.110000 	 -4.300423 
4.120000 	 -3.592142 
4.130000 	 -3.080431 
4.140000 	 -2.977165 
4.150000 	 -3.959256 
4.160000 	 -4.594357 
4.170000 	 -3.372021 
4.180000 	 -4.897867 
4.190000 	 -4.627567 
4.200000 	 -4.857007 
4.210000 	 -4.131438 
4.220000 	 -3.791540 
4.230000 	 -3.308938 
4.240000 	 -4.548699 
4.250000 	 -4.344000 
4.260000 	 -4.696181 
4.270000 	 -4.431580 
4.280000 	 -4.485533 
4.290000 	 -4.439151 
4.300000 	 -5.571434 
4.310000 	 -5.588926 
4.320000 	 -4.511277 
4.330000 	 -6.499758 
4.340000 	 -4.667811 
4.350000 	 -4.848324 
4.360000 	 -4.988979 
4.370000 	 -5.138082 
4.380000 	 -4.571749 
4.390000 	 -4.460501 
4.400000 	 -4.768162 
4.410000 	 -4.027158 
4.420000 	 -5.882419 
4.430000 	 -4.809148 
4.440000 	 -5.332994 
4.450000 	 -3.506278 
4.460000 	 -5.550806 
4.470000 	 -5.460413 
4.480000 	 -4.904599 
4.490000 	 -3.670392 
4.500000 	 -4.734273 
4.510000 	 -5.781289 
4.520000 	 -4.417655 
4.530000 	 -4.467516 
4.540000 	 -5.520841 
4.550000 	 -3.871517 
4.560000 	 -4.780269 
4.570000 	 -3.106866 
4.580000 	 -6.450097 
4.590000 	 -4.568140 
4.600000 	 -5.220467 
4.610000 	 -5.951430 
4.620000 	 -4.700355 
4.630000 	 -3.931530 
4.640000 	 -5.135586 
4.650000 	 -4.652621 
4.660000 	 -4.715503 
4.670000 	 -5.195877 
4.680000 	 -5.067469 
4.690000 	 -4.849740 
4.700000 	 -5.456392 
4.710000 	 -6.155854 
4.720000 	 -3.772689 
4.730000 	 -5.283186 
4.740000 	 -4.488018 
4.750000 	 -4.321505 
4.760000 	 -6.439169 
4.770000 	 -6.174793 
4.780000 	 -5.316891 
4.790000 	 -6.029356 
4.800000 	 -5.593059 
4.810000 	 -4.193476 
4.820000 	 -6.345676 
4.830000 	 -4.655569 
4.840000 	 -5.952043 
4.850000 	 -4.619694 
4.860000 	 -5.000522 
4.870000 	 -5.171175 
4.880000 	 -4.805468 
4.890000 	 -5.653456 
4.900000 	 -5.431019 
4.910000 	 -5.384744 
4.920000 	 -5.190965 
4.930000 	 -5.048921 
4.940000 	 -4.018739 
4.950000 	 -6.868075 
4.960000 	 -4.139445 
4.970000 	 -6.367903 
4.980000 	 -6.797694 
4.990000 	 -6.589238 
5.000000 	 -6.584982 
