0.000000 	 1.004542 
0.010000 	 0.117053 
0.020000 	 0.694136 
0.030000 	 0.842879 
0.040000 	 1.143576 
0.050000 	 1.964414 
0.060000 	 1.109421 
0.070000 	 0.683227 
0.080000 	 -0.218970 
0.090000 	 0.484738 
0.100000 	 0.864710 
0.110000 	 0.938462 
0.120000 	 1.018388 
0.130000 	 0.421326 
0.140000 	 0.717081 
0.150000 	 -0.320161 
0.160000 	 1.485647 
0.170000 	 1.652105 
0.180000 	 0.279670 
0.190000 	 0.296447 
0.200000 	 1.310134 
0.210000 	 -0.456378 
0.220000 	 0.064644 
0.230000 	 0.185156 
0.240000 	 0.820102 
0.250000 	 -0.361093 
0.260000 	 -0.272590 
0.270000 	 -0.830522 
0.280000 	 0.205059 
0.290000 	 0.794680 
0.300000 	 0.157291 
0.310000 	 0.022736 
0.320000 	 1.250294 
0.330000 	 0.771677 
0.340000 	 0.565922 
0.350000 	 0.074852 
0.360000 	 1.432457 
0.370000 	 1.348018 
0.380000 	 0.489947 
0.390000 	 1.018702 
0.400000 	 1.675675 
0.410000 	 0.884242 
0.420000 	 -0.855272 
0.430000 	 -0.131871 
0.440000 	 -0.712087 
0.450000 	 0.907905 
0.460000 	 -0.495549 
0.470000 	 0.370022 
0.480000 	 -0.535237 
0.490000 	 -0.636838 
0.500000 	 0.145893 
0.510000 	 0.180923 
0.520000 	 0.603074 
0.530000 	 -0.617952 
0.540000 	 0.250007 
0.550000 	 -0.781306 
0.560000 	 -0.318896 
0.570000 	 -0.720221 
0.580000 	 0.669063 
0.590000 	 -0.863375 
0.600000 	 -1.288928 
0.610000 	 -1.595168 
0.620000 	 0.404377 
0.630000 	 -0.037624 
0.640000 	 0.309037 
0.650000 	 0.046447 
0.660000 	 0.558481 
0.670000 	 -0.046395 
0.680000 	 1.333313 
0.690000 	 -1.024309 
0.700000 	 -0.745457 
0.710000 	 0.518829 
0.720000 	 -0.142592 
0.730000 	 1.252760 
0.740000 	 -1.211083 
0.750000 	 -0.264751 
0.760000 	 0.568924 
0.770000 	 -1.484317 
0.780000 	 -1.684213 
0.790000 	 -0.631514 
0.800000 	 0.149151 
0.810000 	 -1.164885 
0.820000 	 -1.776780 
0.830000 	 -0.826257 
0.840000 	 -0.039595 
0.850000 	 -0.171597 
0.860000 	 -1.847732 
0.870000 	 0.199702 
0.880000 	 0.036903 
0.890000 	 0.049754 
0.900000 	 0.796742 
0.910000 	 -1.111304 
0.920000 	 -0.739724 
0.930000 	 -0.922741 
0.940000 	 0.005209 
0.950000 	 -0.821826 
0.960000 	 -0.555715 
0.970000 	 -0.358213 
0.980000 	 -1.386694 
0.990000 	 -2.517625 
1.000000 	 -0.931365 
1.010000 	 -0.110033 
1.020000 	 -0.961132 
1.030000 	 -0.811531 
1.040000 	 -1.432281 
1.050000 	 0.099228 
1.060000 	 -0.642027 
1.070000 	 0.376334 
1.080000 	 -0.311066 
1.090000 	 -1.631849 
1.100000 	 -0.966766 
1.110000 	 -1.211505 
1.120000 	 -0.581936 
1.130000 	 -0.139236 
1.140000 	 -0.639227 
1.150000 	 -0.524922 
1.160000 	 -1.169822 
1.170000 	 -0.228051 
1.180000 	 -2.118129 
1.190000 	 -0.632950 
1.200000 	 -1.061059 
1.210000 	 -0.965527 
1.220000 	 -1.460361 
1.230000 	 -1.102066 
1.240000 	 0.191456 
1.250000 	 -1.815450 
1.260000 	 0.402861 
1.270000 	 -0.562396 
1.280000 	 -0.639894 
1.290000 	 -0.317668 
1.300000 	 -2.073905 
1.310000 	 -0.673546 
1.320000 	 1.044390 
1.330000 	 -1.067608 
1.340000 	 -0.019905 
1.350000 	 -0.714338 
1.360000 	 -2.486708 
1.370000 	 -0.892300 
1.380000 	 -2.057204 
1.390000 	 -0.603718 
1.400000 	 -1.069553 
1.410000 	 -0.689519 
1.420000 	 -1.373072 
1.430000 	 -2.209272 
1.440000 	 0.404323 
1.450000 	 -2.167290 
1.460000 	 -0.156926 
1.470000 	 -1.224600 
1.480000 	 -2.160435 
1.490000 	 -1.077049 
1.500000 	 0.188008 
1.510000 	 -1.104162 
1.520000 	 -1.643769 
1.530000 	 -1.241361 
1.540000 	 -1.751873 
1.550000 	 -0.139570 
1.560000 	 -2.251752 
1.570000 	 -0.137214 
1.580000 	 -0.167045 
1.590000 	 -1.386380 
1.600000 	 -0.659577 
1.610000 	 -0.527889 
1.620000 	 -1.528368 
1.630000 	 -2.050318 
1.640000 	 -2.411251 
1.650000 	 -2.805762 
1.660000 	 -3.322767 
1.670000 	 -2.361799 
1.680000 	 -1.845167 
1.690000 	 -2.110606 
1.700000 	 -1.939580 
1.710000 	 -1.338297 
1.720000 	 -1.485640 
1.730000 	 -1.278664 
1.740000 	 -1.383433 
1.750000 	 -1.849012 
1.760000 	 -1.154096 
1.770000 	 -1.130418 
1.780000 	 -1.505778 
1.790000 	 -1.718122 
1.800000 	 -1.690185 
1.810000 	 -1.120432 
1.820000 	 -2.144182 
1.830000 	 -1.906420 
1.840000 	 -2.767763 
1.850000 	 -1.057453 
1.860000 	 -1.876409 
1.870000 	 -3.155752 
1.880000 	 -1.558347 
1.890000 	 -2.063546 
1.900000 	 -1.992781 
1.910000 	 -1.142350 
1.920000 	 -2.161418 
1.930000 	 -2.585338 
1.940000 	 -1.989706 
1.950000 	 -0.803574 
1.960000 	 -1.346910 
1.970000 	 -1.723064 
1.980000 	 -2.942875 
1.990000 	 -3.241883 
2.000000 	 -1.552226 
2.010000 	 -1.332752 
2.020000 	 -3.127800 
2.030000 	 -1.087967 
2.040000 	 -2.428341 
2.050000 	 -2.509980 
2.060000 	 -2.805595 
2.070000 	 -2.744825 
2.080000 	 -1.649123 
2.090000 	 -2.700106 
2.100000 	 -1.370839 
2.110000 	 -2.128651 
2.120000 	 -0.963387 
2.130000 	 -1.827484 
2.140000 	 -1.414305 
2.150000 	 -1.706512 
2.160000 	 -1.661858 
2.170000 	 -2.570225 
2.180000 	 -2.393341 
2.190000 	 -2.355979 
2.200000 	 -3.109228 
2.210000 	 -2.245445 
2.220000 	 -0.988471 
2.230000 	 -0.445067 
2.240000 	 -1.573499 
2.250000 	 -2.277746 
2.260000 	 -1.858088 
2.270000 	 -1.060400 
2.280000 	 -2.855033 
2.290000 	 -1.725908 
2.300000 	 -2.295454 
2.310000 	 -3.089143 
2.320000 	 -1.285469 
2.330000 	 -1.467618 
2.340000 	 -2.311703 
2.350000 	 -2.027101 
2.360000 	 -3.229038 
2.370000 	 -2.645736 
2.380000 	 -3.166717 
2.390000 	 -2.060847 
2.400000 	 -3.094810 
2.410000 	 -2.177961 
2.420000 	 -2.685718 
2.430000 	 -2.988112 
2.440000 	 -2.429062 
2.450000 	 -2.064228 
2.460000 	 -2.138292 
2.470000 	 -1.993799 
2.480000 	 -1.891865 
2.490000 	 -2.421032 
2.500000 	 -1.951184 
2.510000 	 -1.596232 
2.520000 	 -2.657656 
2.530000 	 -2.650695 
2.540000 	 -2.075458 
2.550000 	 -3.048328 
2.560000 	 -2.311191 
2.570000 	 -3.672672 
2.580000 	 -1.969541 
2.590000 	 -3.235067 
2.600000 	 -3.427379 
2.610000 	 -3.141538 
2.620000 	 -3.039159 
2.630000 	 -1.663745 
2.640000 	 -3.597134 
2.650000 	 -2.378890 
2.660000 	 -1.224971 
2.670000 	 -2.086978 
2.680000 	 -3.225441 
2.690000 	 -4.653155 
2.700000 	 -1.467378 
2.710000 	 -1.613614 
2.720000 	 -4.321932 
2.730000 	 -2.859789 
2.740000 	 -2.947909 
2.750000 	 -3.099985 
2.760000 	 -2.743759 
2.770000 	 -1.707973 
2.780000 	 -1.848121 
2.790000 	 -2.038711 
2.800000 	 -4.224941 
2.810000 	 -2.423259 
2.820000 	 -2.993048 
2.830000 	 -3.488363 
2.840000 	 -3.571926 
2.850000 	 -2.243639 
2.860000 	 -3.158488 
2.870000 	 -3.644849 
2.880000 	 -1.828024 
2.890000 	 -3.421781 
2.900000 	 -4.450975 
2.910000 	 -3.906155 
2.920000 	 -3.384552 
2.930000 	 -2.935023 
2.940000 	 -2.642154 
2.950000 	 -2.747542 
2.960000 	 -1.417030 
2.970000 	 -4.426636 
2.980000 	 -4.147246 
2.990000 	 -4.922197 
3.000000 	 -4.253340 
3.010000 	 -3.394938 
3.020000 	 -3.546946 
3.030000 	 -4.313611 
3.040000 	 -2.346509 
3.050000 	 -2.817726 
3.060000 	 -4.320411 
3.070000 	 -2.337745 
3.080000 	 -3.698519 
3.090000 	 -4.985123 
3.100000 	 -2.164430 
3.110000 	 -3.289880 
3.120000 	 -2.160701 
3.130000 	 -3.808975 
3.140000 	 -3.528603 
3.150000 	 -3.097176 
3.160000 	 -3.638572 
3.170000 	 -3.850088 
3.180000 	 -4.747897 
3.190000 	 -3.411637 
3.200000 	 -2.489990 
3.210000 	 -4.749494 
3.220000 	 -4.166980 
3.230000 	 -1.951260 
3.240000 	 -4.243374 
3.250000 	 -3.608937 
3.260000 	 -3.455595 
3.270000 	 -3.877588 
3.280000 	 -4.414629 
3.290000 	 -3.204929 
3.300000 	 -4.782052 
3.310000 	 -2.992470 
3.320000 	 -2.592522 
3.330000 	 -3.200764 
3.340000 	 -4.342272 
3.350000 	 -3.474371 
3.360000 	 -3.041541 
3.370000 	 -3.831425 
3.380000 	 -3.316419 
3.390000 	 -2.534357 
3.400000 	 -3.628065 
3.410000 	 -3.630527 
3.420000 	 -2.169664 
3.430000 	 -3.209505 
3.440000 	 -4.007082 
3.450000 	 -4.747413 
3.460000 	 -3.024797 
3.470000 	 -4.164068 
3.480000 	 -4.610649 
3.490000 	 -2.364337 
3.500000 	 -3.949378 
3.510000 	 -3.507984 
3.520000 	 -3.273724 
3.530000 	 -4.407511 
3.540000 	 -4.179879 
3.550000 	 -4.691143 
3.560000 	 -2.613630 
3.570000 	 -3.829114 
3.580000 	 -4.727865 
3.590000 	 -4.535448 
3.600000 	 -4.266018 
3.610000 	 -4.068244 
3.620000 	 -2.821225 
3.630000 	 -4.016262 
3.640000 	 -5.915554 
3.650000 	 -3.179593 
3.660000 	 -3.137859 
3.670000 	 -4.482603 
3.680000 	 -3.883700 
3.690000 	 -3.944288 
3.700000 	 -4.120671 
3.710000 	 -4.861349 
3.720000 	 -5.271321 
3.730000 	 -4.097797 
3.740000 	 -2.458083 
3.750000 	 -3.988894 
3.760000 	 -3.971866 
3.770000 	 -3.301020 
3.780000 	 -2.626576 
3.790000 	 -3.637762 
3.800000 	 -5.546855 
3.810000 	 -2.770898 
3.820000 	 -4.255800 
3.830000 	 -4.925471 
3.840000 	 -4.518995 
3.850000 	 -2.550183 
3.860000 	 -4.242276 
3.870000 	 -5.010911 
3.880000 	 -4.325337 
3.890000 	 -3.672146 
3.900000 	 -3.779464 
3.910000 	 -4.872123 
3.920000 	 -6.146706 
3.930000 	 -3.665168 
3.940000 	 -4.590936 
3.950000 	 -5.530948 
3.960000 	 -3.283038 
3.970000 	 -4.461666 
3.980000 	 -2.905272 
3.990000 	 -3.822362 
4.000000 	 -4.260042 
4.010000 	 -3.766933 
4.020000 	 -5.347664 
4.030000 	 -4.056770 
4.040000 	 -3.977465 
4.050000 	 -4.376126 
4.060000 	 -3.346477 
4.070000 	 -5.229744 
4.080000 	 -4.105778 
4.090000 	 -2.937197 
4.100000 	 -4.828548 
4.110000 	 -2.423468 
4.120000 	 -4.242370 
4.130000 	 -4.155242 
4.140000 	 -4.898600 
4.150000 	 -4.755797 
4.160000 	 -2.774431 
4.170000 	 -3.202736 
4.180000 	 -3.755488 
4.190000 	 -4.141037 
4.200000 	 -2.507075 
4.210000 	 -4.508948 
4.220000 	 -3.341718 
4.230000 	 -5.431209 
4.240000 	 -5.153427 
4.250000 	 -4.926202 
4.260000 	 -4.518481 
4.270000 	 -6.374679 
4.280000 	 -4.331776 
4.290000 	 -4.997279 
4.300000 	 -3.808763 
4.310000 	 -4.992770 
4.320000 	 -4.418762 
4.330000 	 -5.237063 
4.340000 	 -4.790239 
4.350000 	 -3.639467 
4.360000 	 -4.896107 
4.370000 	 -5.546026 
4.380000 	 -5.564561 
4.390000 	 -4.195163 
4.400000 	 -4.140362 
4.410000 	 -3.693413 
4.420000 	 -4.231364 
4.430000 	 -4.934664 
4.440000 	 -4.645596 
4.450000 	 -4.802262 
4.460000 	 -5.266147 
4.470000 	 -4.975381 
4.480000 	 -4.630749 
4.490000 	 -3.655156 
4.500000 	 -5.393420 
4.510000 	 -5.365239 
4.520000 	 -4.486031 
4.530000 	 -3.988227 
4.540000 	 -4.405435 
4.550000 	 -4.968466 
4.560000 	 -4.175531 
4.570000 	 -5.621388 
4.580000 	 -6.045962 
4.590000 	 -4.551665 
4.600000 	 -5.035856 
4.610000 	 -4.730843 
4.620000 	 -5.545213 
4.630000 	 -6.087556 
4.640000 	 -4.634480 
4.650000 	 -5.217848 
4.660000 	 -5.229746 
4.670000 	 -4.635980 
4.680000 	 -4.201853 
4.690000 	 -5.331911 
4.700000 	 -6.232790 
4.710000 	 -5.717541 
4.720000 	 -5.575720 
4.730000 	 -5.675000 
4.740000 	 -4.841056 
4.750000 	 -5.125794 
4.760000 	 -5.833508 
4.770000 	 -5.673818 
4.780000 	 -4.906928 
4.790000 	 -5.026155 
4.800000 	 -5.183420 
4.810000 	 -4.138390 
4.820000 	 -3.382917 
4.830000 	 -6.207736 
4.840000 	 -4.831250 
4.850000 	 -5.741989 
4.860000 	 -3.133528 
4.870000 	 -5.418218 
4.880000 	 -5.587694 
4.890000 	 -4.880418 
4.900000 	 -4.947391 
4.910000 	 -5.903008 
4.920000 	 -5.264995 
4.930000 	 -6.003492 
4.940000 	 -6.176883 
4.950000 	 -5.300194 
4.960000 	 -5.551377 
4.970000 	 -5.159929 
4.980000 	 -5.527498 
4.990000 	 -7.343815 
5.000000 	 -6.229277 
