0.000000 	 0.606762 
0.010000 	 0.671800 
0.020000 	 0.421828 
0.030000 	 0.897072 
0.040000 	 1.697817 
0.050000 	 -1.084745 
0.060000 	 1.372903 
0.070000 	 1.181800 
0.080000 	 0.418546 
0.090000 	 -0.063195 
0.100000 	 1.073120 
0.110000 	 0.359814 
0.120000 	 1.250696 
0.130000 	 1.438753 
0.140000 	 -0.962725 
0.150000 	 0.546816 
0.160000 	 -1.384744 
0.170000 	 -0.146596 
0.180000 	 0.281109 
0.190000 	 0.348487 
0.200000 	 1.347222 
0.210000 	 0.548025 
0.220000 	 1.025975 
0.230000 	 2.127486 
0.240000 	 0.274257 
0.250000 	 -0.130987 
0.260000 	 0.150063 
0.270000 	 1.192958 
0.280000 	 -0.289502 
0.290000 	 1.213501 
0.300000 	 0.860685 
0.310000 	 0.157799 
0.320000 	 -0.588661 
0.330000 	 0.405733 
0.340000 	 -0.526694 
0.350000 	 0.228579 
0.360000 	 0.203214 
0.370000 	 0.544174 
0.380000 	 -0.377020 
0.390000 	 0.546935 
0.400000 	 0.690217 
0.410000 	 -0.404802 
0.420000 	 -0.743340 
0.430000 	 0.501577 
0.440000 	 0.104249 
0.450000 	 -0.287420 
0.460000 	 -1.230578 
0.470000 	 -1.043999 
0.480000 	 1.131836 
0.490000 	 -0.982531 
0.500000 	 0.770838 
0.510000 	 -0.412749 
0.520000 	 -0.985527 
0.530000 	 0.285373 
0.540000 	 -0.912648 
0.550000 	 -1.571405 
0.560000 	 1.043793 
0.570000 	 0.844742 
0.580000 	 1.879858 
0.590000 	 0.329176 
0.600000 	 -1.361865 
0.610000 	 0.796691 
0.620000 	 -1.215708 
0.630000 	 0.169199 
0.640000 	 -0.021581 
0.650000 	 -0.252809 
0.660000 	 -0.350078 
0.670000 	 -0.147738 
0.680000 	 -1.021942 
0.690000 	 0.315604 
0.700000 	 0.599098 
0.710000 	 -2.374362 
0.720000 	 1.668771 
0.730000 	 0.224672 
0.740000 	 0.438708 
0.750000 	 -0.819509 
0.760000 	 1.564831 
0.770000 	 0.609217 
0.780000 	 -1.177636 
0.790000 	 -0.430488 
0.800000 	 -0.286502 
0.810000 	 0.949464 
0.820000 	 -0.411312 
0.830000 	 0.330064 
0.840000 	 0.410714 
0.850000 	 0.430134 
0.860000 	 -1.720960 
0.870000 	 0.494256 
0.880000 	 -1.238734 
0.890000 	 0.273188 
0.900000 	 -0.539774 
0.910000 	 -0.608212 
0.920000 	 1.464397 
0.930000 	 0.459978 
0.940000 	 -0.147271 
0.950000 	 0.538240 
0.960000 	 -0.634390 
0.970000 	 -1.958320 
0.980000 	 0.095051 
0.990000 	 -0.308478 
1.000000 	 -1.283771 
1.010000 	 -0.260466 
1.020000 	 -0.275641 
1.030000 	 0.712724 
1.040000 	 -0.830380 
1.050000 	 -1.896410 
1.060000 	 0.136950 
1.070000 	 -1.186609 
1.080000 	 -2.306527 
1.090000 	 -1.050181 
1.100000 	 -0.727489 
1.110000 	 -0.804504 
1.120000 	 -0.847465 
1.130000 	 -0.137019 
1.140000 	 -0.655559 
1.150000 	 -1.696083 
1.160000 	 -2.505270 
1.170000 	 -0.941967 
1.180000 	 0.666508 
1.190000 	 -1.651437 
1.200000 	 -1.306574 
1.210000 	 -1.729372 
1.220000 	 -2.646543 
1.230000 	 -0.429505 
1.240000 	 -1.284347 
1.250000 	 -0.159308 
1.260000 	 -0.232938 
1.270000 	 -0.778317 
1.280000 	 -1.975857 
1.290000 	 1.194114 
1.300000 	 0.192552 
1.310000 	 -0.167473 
1.320000 	 -3.168365 
1.330000 	 -1.908938 
1.340000 	 -1.403175 
1.350000 	 -2.328755 
1.360000 	 -1.704767 
1.370000 	 -0.006508 
1.380000 	 -0.079003 
1.390000 	 -1.215929 
1.400000 	 -0.376115 
1.410000 	 -1.566526 
1.420000 	 -0.565254 
1.430000 	 -1.363334 
1.440000 	 -0.942065 
1.450000 	 -0.320204 
1.460000 	 -2.050304 
1.470000 	 -1.028587 
1.480000 	 -0.554916 
1.490000 	 -1.303929 
1.500000 	 -0.798024 
1.510000 	 -2.817960 
1.520000 	 -0.834772 
1.530000 	 -0.513678 
1.540000 	 -2.577276 
1.550000 	 -1.921969 
1.560000 	 -1.005434 
1.570000 	 -2.626669 
1.580000 	 -1.519601 
1.590000 	 -2.084111 
1.600000 	 -0.105233 
1.610000 	 -0.451406 
1.620000 	 -0.694263 
1.630000 	 -2.437650 
1.640000 	 -0.441693 
1.650000 	 -1.878667 
1.660000 	 -1.275478 
1.670000 	 -1.490031 
1.680000 	 -1.076810 
1.690000 	 -1.369300 
1.700000 	 -2.495400 
1.710000 	 -1.585994 
1.720000 	 -1.523258 
1.730000 	 -1.446389 
1.740000 	 -2.790616 
1.750000 	 -2.598153 
1.760000 	 -1.890227 
1.770000 	 0.156739 
1.780000 	 -2.111650 
1.790000 	 -1.502516 
1.800000 	 -0.661889 
1.810000 	 0.175095 
1.820000 	 -2.006433 
1.830000 	 -1.884349 
1.840000 	 -0.419835 
1.850000 	 -2.377318 
1.860000 	 -0.419240 
1.870000 	 -2.736572 
1.880000 	 -2.535429 
1.890000 	 -2.331284 
1.900000 	 -0.927750 
1.910000 	 -2.059928 
1.920000 	 -2.252961 
1.930000 	 -0.615765 
1.940000 	 -0.572339 
1.950000 	 -1.741224 
1.960000 	 -3.050993 
1.970000 	 -0.517208 
1.980000 	 -1.143759 
1.990000 	 -1.262420 
2.000000 	 -3.209705 
2.010000 	 -1.987535 
2.020000 	 -1.728444 
2.030000 	 -1.957038 
2.040000 	 -2.628553 
2.050000 	 -0.928842 
2.060000 	 -3.654671 
2.070000 	 -1.525171 
2.080000 	 -1.956829 
2.090000 	 -2.146442 
2.100000 	 -2.042733 
2.110000 	 -2.213340 
2.120000 	 -3.439165 
2.130000 	 -1.525915 
2.140000 	 -3.142149 
2.150000 	 -1.994072 
2.160000 	 -2.646113 
2.170000 	 -1.661486 
2.180000 	 -0.303022 
2.190000 	 -1.879250 
2.200000 	 -3.392816 
2.210000 	 -1.658616 
2.220000 	 -1.536551 
2.230000 	 -1.302142 
2.240000 	 -1.572193 
2.250000 	 -2.004948 
2.260000 	 -2.545835 
2.270000 	 -1.805376 
2.280000 	 -2.183377 
2.290000 	 -2.129381 
2.300000 	 -1.408916 
2.310000 	 -3.306577 
2.320000 	 -2.964757 
2.330000 	 -2.572743 
2.340000 	 -2.122859 
2.350000 	 -3.085061 
2.360000 	 -2.508928 
2.370000 	 -1.453265 
2.380000 	 -0.162154 
2.390000 	 -1.390021 
2.400000 	 -1.801592 
2.410000 	 -0.559971 
2.420000 	 -3.253849 
2.430000 	 -1.643420 
2.440000 	 -1.829629 
2.450000 	 -2.060404 
2.460000 	 -2.076028 
2.470000 	 -1.801112 
2.480000 	 -1.233158 
2.490000 	 -1.967921 
2.500000 	 -2.689620 
2.510000 	 -2.446789 
2.520000 	 -3.194290 
2.530000 	 -3.549444 
2.540000 	 -2.507978 
2.550000 	 -1.337562 
2.560000 	 -2.060650 
2.570000 	 -4.247196 
2.580000 	 -3.737121 
2.590000 	 -2.879947 
2.600000 	 -3.275466 
2.610000 	 -2.591765 
2.620000 	 -2.146784 
2.630000 	 -1.321518 
2.640000 	 -2.962294 
2.650000 	 -1.666791 
2.660000 	 -2.767341 
2.670000 	 -2.580086 
2.680000 	 -2.835337 
2.690000 	 -1.615753 
2.700000 	 -2.099364 
2.710000 	 -1.879697 
2.720000 	 -1.967636 
2.730000 	 -3.384574 
2.740000 	 -3.763895 
2.750000 	 -2.210396 
2.760000 	 -3.175920 
2.770000 	 -1.431140 
2.780000 	 -1.244136 
2.790000 	 -2.025405 
2.800000 	 -2.320433 
2.810000 	 -2.214633 
2.820000 	 -3.033545 
2.830000 	 -4.035739 
2.840000 	 -2.403366 
2.850000 	 -0.484627 
2.860000 	 -2.291425 
2.870000 	 -2.438135 
2.880000 	 -3.015401 
2.890000 	 -2.763710 
2.900000 	 -3.477634 
2.910000 	 -3.493610 
2.920000 	 -2.943957 
2.930000 	 -3.140978 
2.940000 	 -2.222382 
2.950000 	 -1.913235 
2.960000 	 -2.864467 
2.970000 	 -2.872470 
2.980000 	 -4.390114 
2.990000 	 -2.651936 
3.000000 	 -2.097744 
3.010000 	 -3.487325 
3.020000 	 -3.382352 
3.030000 	 -3.347393 
3.040000 	 -4.132881 
3.050000 	 -3.146057 
3.060000 	 -2.561546 
3.070000 	 -2.915934 
3.080000 	 -1.882441 
3.090000 	 -2.991939 
3.100000 	 -2.594978 
3.110000 	 -3.164247 
3.120000 	 -3.502125 
3.130000 	 -2.748505 
3.140000 	 -3.822962 
3.150000 	 -2.616034 
3.160000 	 -1.257691 
3.170000 	 -2.667485 
3.180000 	 -2.706465 
3.190000 	 -3.901284 
3.200000 	 -2.932929 
3.210000 	 -3.368783 
3.220000 	 -3.691928 
3.230000 	 -4.075335 
3.240000 	 -2.700693 
3.250000 	 -4.160996 
3.260000 	 -4.025855 
3.270000 	 -2.893204 
3.280000 	 -3.290761 
3.290000 	 -2.909379 
3.300000 	 -4.402515 
3.310000 	 -2.992530 
3.320000 	 -3.205829 
3.330000 	 -3.780609 
3.340000 	 -2.699928 
3.350000 	 -4.747662 
3.360000 	 -2.922129 
3.370000 	 -3.856081 
3.380000 	 -3.997065 
3.390000 	 -4.546181 
3.400000 	 -3.745259 
3.410000 	 -3.627092 
3.420000 	 -4.686107 
3.430000 	 -3.639359 
3.440000 	 -4.583003 
3.450000 	 -2.296892 
3.460000 	 -4.036308 
3.470000 	 -4.304294 
3.480000 	 -4.089688 
3.490000 	 -3.435142 
3.500000 	 -2.063337 
3.510000 	 -2.658928 
3.520000 	 -4.576361 
3.530000 	 -2.836727 
3.540000 	 -3.997655 
3.550000 	 -3.533574 
3.560000 	 -3.238565 
3.570000 	 -4.266943 
3.580000 	 -2.711355 
3.590000 	 -4.474026 
3.600000 	 -4.904109 
3.610000 	 -3.963365 
3.620000 	 -3.975720 
3.630000 	 -4.558545 
3.640000 	 -3.337158 
3.650000 	 -3.051820 
3.660000 	 -5.017005 
3.670000 	 -3.282847 
3.680000 	 -3.539853 
3.690000 	 -3.778275 
3.700000 	 -3.455878 
3.710000 	 -2.095924 
3.720000 	 -4.442873 
3.730000 	 -4.098850 
3.740000 	 -4.471765 
3.750000 	 -3.324651 
3.760000 	 -2.542838 
3.770000 	 -2.919317 
3.780000 	 -3.232988 
3.790000 	 -5.059961 
3.800000 	 -4.442038 
3.810000 	 -2.051609 
3.820000 	 -5.698688 
3.830000 	 -5.343684 
3.840000 	 -2.894477 
3.850000 	 -2.917985 
3.860000 	 -4.782684 
3.870000 	 -2.294433 
3.880000 	 -4.142697 
3.890000 	 -3.633667 
3.900000 	 -3.579018 
3.910000 	 -4.444638 
3.920000 	 -4.649709 
3.930000 	 -3.421914 
3.940000 	 -3.918187 
3.950000 	 -5.399096 
3.960000 	 -4.915653 
3.970000 	 -6.237808 
3.980000 	 -3.060278 
3.990000 	 -4.286011 
4.000000 	 -4.887222 
4.010000 	 -5.378860 
4.020000 	 -3.708133 
4.030000 	 -3.600044 
4.040000 	 -3.370309 
4.050000 	 -3.887495 
4.060000 	 -4.418128 
4.070000 	 -4.481213 
4.080000 	 -4.707888 
4.090000 	 -4.467722 
4.100000 	 -4.471469 
4.110000 	 -4.716186 
4.120000 	 -4.099955 
4.130000 	 -5.031671 
4.140000 	 -6.328093 
4.150000 	 -3.329495 
4.160000 	 -4.288642 
4.170000 	 -4.857450 
4.180000 	 -5.349617 
4.190000 	 -4.751317 
4.200000 	 -4.986526 
4.210000 	 -3.863540 
4.220000 	 -5.092825 
4.230000 	 -3.575665 
4.240000 	 -3.920352 
4.250000 	 -4.913508 
4.260000 	 -4.126770 
4.270000 	 -5.198123 
4.280000 	 -4.961861 
4.290000 	 -3.271019 
4.300000 	 -4.507402 
4.310000 	 -5.034778 
4.320000 	 -5.466472 
4.330000 	 -3.897685 
4.340000 	 -4.562907 
4.350000 	 -3.516502 
4.360000 	 -5.133754 
4.370000 	 -5.283313 
4.380000 	 -4.810384 
4.390000 	 -5.251312 
4.400000 	 -5.893298 
4.410000 	 -3.778162 
4.420000 	 -4.765648 
4.430000 	 -3.126777 
4.440000 	 -5.486188 
4.450000 	 -5.007560 
4.460000 	 -4.565533 
4.470000 	 -5.397808 
4.480000 	 -5.414534 
4.490000 	 -5.278171 
4.500000 	 -5.655940 
4.510000 	 -5.075886 
4.520000 	 -4.573672 
4.530000 	 -5.529642 
4.540000 	 -6.063834 
4.550000 	 -4.318275 
4.560000 	 -2.607209 
4.570000 	 -5.198445 
4.580000 	 -5.764611 
4.590000 	 -5.190264 
4.600000 	 -5.087744 
4.610000 	 -5.235801 
4.620000 	 -4.781229 
4.630000 	 -6.789116 
4.640000 	 -5.363452 
4.650000 	 -4.593181 
4.660000 	 -4.260768 
4.670000 	 -5.906372 
4.680000 	 -6.363751 
4.690000 	 -5.807354 
4.700000 	 -4.346005 
4.710000 	 -5.165998 
4.720000 	 -4.709124 
4.730000 	 -5.222239 
4.740000 	 -5.709020 
4.750000 	 -6.115589 
4.760000 	 -4.513179 
4.770000 	 -4.593313 
4.780000 	 -6.367721 
4.790000 	 -6.366910 
4.800000 	 -5.279621 
4.810000 	 -5.278651 
4.820000 	 -6.426308 
4.830000 	 -3.584881 
4.840000 	 -5.087702 
4.850000 	 -5.737798 
4.860000 	 -5.839030 
4.870000 	 -6.032748 
4.880000 	 -4.520989 
4.890000 	 -5.993565 
4.900000 	 -5.456204 
4.910000 	 -6.329483 
4.920000 	 -4.076116 
4.930000 	 -5.864643 
4.940000 	 -5.442100 
4.950000 	 -4.958753 
4.960000 	 -4.716265 
4.970000 	 -6.074067 
4.980000 	 -3.334608 
4.990000 	 -5.506640 
5.000000 	 -5.567838 
