0.000000 	 0.739005 
0.010000 	 0.261209 
0.020000 	 1.537806 
0.030000 	 0.025297 
0.040000 	 1.371480 
0.050000 	 -0.695654 
0.060000 	 1.819007 
0.070000 	 0.212682 
0.080000 	 1.302222 
0.090000 	 1.912120 
0.100000 	 0.984752 
0.110000 	 0.370546 
0.120000 	 0.966189 
0.130000 	 1.454698 
0.140000 	 0.862286 
0.150000 	 0.195624 
0.160000 	 0.571256 
0.170000 	 1.949845 
0.180000 	 0.448255 
0.190000 	 0.903197 
0.200000 	 0.219781 
0.210000 	 -0.984310 
0.220000 	 2.081120 
0.230000 	 -0.225783 
0.240000 	 1.741334 
0.250000 	 -0.759632 
0.260000 	 0.605610 
0.270000 	 -0.185029 
0.280000 	 0.675897 
0.290000 	 0.585073 
0.300000 	 0.855481 
0.310000 	 0.445091 
0.320000 	 0.817094 
0.330000 	 0.505889 
0.340000 	 -0.203119 
0.350000 	 1.056291 
0.360000 	 0.346601 
0.370000 	 0.540111 
0.380000 	 -1.686286 
0.390000 	 1.043609 
0.400000 	 0.937464 
0.410000 	 0.001484 
0.420000 	 1.417680 
0.430000 	 0.034387 
0.440000 	 1.643232 
0.450000 	 0.906127 
0.460000 	 0.126429 
0.470000 	 -0.332522 
0.480000 	 1.289775 
0.490000 	 1.620539 
0.500000 	 -1.033213 
0.510000 	 0.085389 
0.520000 	 0.544543 
0.530000 	 -0.249449 
0.540000 	 1.467114 
0.550000 	 0.311924 
0.560000 	 -0.300562 
0.570000 	 -0.161713 
0.580000 	 0.411065 
0.590000 	 -0.120824 
0.600000 	 -0.019497 
0.610000 	 -0.364734 
0.620000 	 -0.351528 
0.630000 	 -0.753282 
0.640000 	 -0.448740 
0.650000 	 -0.233184 
0.660000 	 0.881473 
0.670000 	 0.272150 
0.680000 	 -0.304851 
0.690000 	 0.049257 
0.700000 	 0.102110 
0.710000 	 -1.093958 
0.720000 	 -1.431192 
0.730000 	 0.183352 
0.740000 	 -0.544497 
0.750000 	 1.961930 
0.760000 	 -0.182400 
0.770000 	 -0.819035 
0.780000 	 0.590620 
0.790000 	 -1.368193 
0.800000 	 -1.075732 
0.810000 	 -0.407517 
0.820000 	 -1.102787 
0.830000 	 -0.329418 
0.840000 	 -1.557300 
0.850000 	 0.460224 
0.860000 	 1.469608 
0.870000 	 -1.547835 
0.880000 	 -0.276851 
0.890000 	 -0.061122 
0.900000 	 0.388644 
0.910000 	 -0.702670 
0.920000 	 -0.943647 
0.930000 	 -0.961261 
0.940000 	 -0.479737 
0.950000 	 -1.489214 
0.960000 	 -1.710002 
0.970000 	 -0.756989 
0.980000 	 -2.332786 
0.990000 	 -0.520638 
1.000000 	 -1.225583 
1.010000 	 -0.142694 
1.020000 	 -0.080744 
1.030000 	 -0.609962 
1.040000 	 -1.116340 
1.050000 	 -0.480946 
1.060000 	 0.980850 
1.070000 	 -0.906679 
1.080000 	 -1.021196 
1.090000 	 0.620996 
1.100000 	 -0.461511 
1.110000 	 -0.795839 
1.120000 	 0.076812 
1.130000 	 -0.576270 
1.140000 	 -0.307153 
1.150000 	 -0.062542 
1.160000 	 -1.803446 
1.170000 	 -0.890511 
1.180000 	 -1.975003 
1.190000 	 -0.205042 
1.200000 	 -0.372220 
1.210000 	 1.006396 
1.220000 	 -0.946245 
1.230000 	 0.464067 
1.240000 	 -0.823979 
1.250000 	 0.047930 
1.260000 	 -0.052304 
1.270000 	 -1.537625 
1.280000 	 -0.873879 
1.290000 	 -0.969390 
1.300000 	 -1.127832 
1.310000 	 -1.995721 
1.320000 	 -0.753420 
1.330000 	 -0.693217 
1.340000 	 -0.860927 
1.350000 	 -0.948393 
1.360000 	 -1.574333 
1.370000 	 -0.135564 
1.380000 	 0.932820 
1.390000 	 -1.519003 
1.400000 	 -1.569317 
1.410000 	 -0.841710 
1.420000 	 -1.123682 
1.430000 	 -0.780159 
1.440000 	 -1.001679 
1.450000 	 -0.390130 
1.460000 	 -0.889779 
1.470000 	 -1.095395 
1.480000 	 -1.713597 
1.490000 	 -2.313658 
1.500000 	 -2.450779 
1.510000 	 -0.656094 
1.520000 	 -2.364879 
1.530000 	 0.272840 
1.540000 	 -2.136498 
1.550000 	 -1.223143 
1.560000 	 -1.578686 
1.570000 	 -1.027785 
1.580000 	 -1.806073 
1.590000 	 -0.156413 
1.600000 	 -1.419369 
1.610000 	 -1.852889 
1.620000 	 -1.895937 
1.630000 	 -1.042119 
1.640000 	 -2.179201 
1.650000 	 -2.076478 
1.660000 	 -0.936565 
1.670000 	 -2.231382 
1.680000 	 -0.350249 
1.690000 	 -1.028472 
1.700000 	 -1.096584 
1.710000 	 -1.336664 
1.720000 	 -0.632862 
1.730000 	 -0.765481 
1.740000 	 -1.226243 
1.750000 	 -1.179943 
1.760000 	 -2.344329 
1.770000 	 -2.343286 
1.780000 	 -1.538391 
1.790000 	 -1.421559 
1.800000 	 -2.747437 
1.810000 	 -2.622673 
1.820000 	 -0.442590 
1.830000 	 -0.770888 
1.840000 	 -1.399562 
1.850000 	 -1.117871 
1.860000 	 0.351928 
1.870000 	 -2.307834 
1.880000 	 -1.496912 
1.890000 	 -2.653666 
1.900000 	 -2.093939 
1.910000 	 -1.721688 
1.920000 	 -2.870607 
1.930000 	 -3.003591 
1.940000 	 -2.420970 
1.950000 	 -1.612146 
1.960000 	 -1.833212 
1.970000 	 -1.795693 
1.980000 	 -2.237503 
1.990000 	 -2.976097 
2.000000 	 -1.593088 
2.010000 	 -1.280091 
2.020000 	 -2.319432 
2.030000 	 -0.933931 
2.040000 	 -1.333629 
2.050000 	 -1.668429 
2.060000 	 -2.228490 
2.070000 	 -1.594869 
2.080000 	 -1.071432 
2.090000 	 -1.455927 
2.100000 	 -1.893878 
2.110000 	 -1.987897 
2.120000 	 -2.220948 
2.130000 	 -2.552930 
2.140000 	 -2.324308 
2.150000 	 -1.709744 
2.160000 	 -2.774168 
2.170000 	 -2.486909 
2.180000 	 -1.437836 
2.190000 	 -2.670601 
2.200000 	 -1.464506 
2.210000 	 -2.688836 
2.220000 	 -1.995561 
2.230000 	 -3.085497 
2.240000 	 -0.911980 
2.250000 	 -3.811682 
2.260000 	 -2.006205 
2.270000 	 -2.381151 
2.280000 	 -1.345969 
2.290000 	 -2.145490 
2.300000 	 -2.159428 
2.310000 	 -3.193187 
2.320000 	 -0.608926 
2.330000 	 -2.334836 
2.340000 	 -0.030516 
2.350000 	 -2.400488 
2.360000 	 -3.016013 
2.370000 	 -1.772244 
2.380000 	 -1.685004 
2.390000 	 -1.608175 
2.400000 	 -2.045928 
2.410000 	 -0.602324 
2.420000 	 -1.864681 
2.430000 	 -2.922320 
2.440000 	 -1.080398 
2.450000 	 -2.095322 
2.460000 	 -2.321353 
2.470000 	 -2.795841 
2.480000 	 -3.456397 
2.490000 	 -1.662496 
2.500000 	 -2.123212 
2.510000 	 -1.877820 
2.520000 	 -3.255467 
2.530000 	 -3.203678 
2.540000 	 -2.222958 
2.550000 	 -3.332423 
2.560000 	 -3.348234 
2.570000 	 -3.004939 
2.580000 	 -2.704231 
2.590000 	 -2.468123 
2.600000 	 -2.635771 
2.610000 	 -3.506851 
2.620000 	 -1.702821 
2.630000 	 -1.446306 
2.640000 	 -3.019969 
2.650000 	 -4.862041 
2.660000 	 -2.978650 
2.670000 	 -1.224411 
2.680000 	 -1.988160 
2.690000 	 -2.439318 
2.700000 	 -3.432206 
2.710000 	 -3.360531 
2.720000 	 -3.001548 
2.730000 	 -2.216028 
2.740000 	 -3.352231 
2.750000 	 -4.745172 
2.760000 	 -3.133428 
2.770000 	 -1.816523 
2.780000 	 -2.107955 
2.790000 	 -4.796639 
2.800000 	 -2.607593 
2.810000 	 -2.953691 
2.820000 	 -3.199854 
2.830000 	 -1.713868 
2.840000 	 -2.242840 
2.850000 	 -3.255422 
2.860000 	 -2.801076 
2.870000 	 -2.627599 
2.880000 	 -3.619285 
2.890000 	 -2.878827 
2.900000 	 -1.405350 
2.910000 	 -3.013705 
2.920000 	 -2.938510 
2.930000 	 -3.089454 
2.940000 	 -3.451232 
2.950000 	 -3.708806 
2.960000 	 -2.555312 
2.970000 	 -3.718257 
2.980000 	 -2.338103 
2.990000 	 -3.694149 
3.000000 	 -3.306667 
3.010000 	 -2.729979 
3.020000 	 -3.165146 
3.030000 	 -3.347189 
3.040000 	 -3.324424 
3.050000 	 -2.788017 
3.060000 	 -3.753022 
3.070000 	 -3.700030 
3.080000 	 -2.651101 
3.090000 	 -2.931312 
3.100000 	 -4.527346 
3.110000 	 -3.031151 
3.120000 	 -2.296865 
3.130000 	 -3.884937 
3.140000 	 -2.990697 
3.150000 	 -2.905437 
3.160000 	 -3.262442 
3.170000 	 -5.158068 
3.180000 	 -3.893915 
3.190000 	 -4.248305 
3.200000 	 -3.718635 
3.210000 	 -3.205502 
3.220000 	 -2.591952 
3.230000 	 -2.900918 
3.240000 	 -2.008148 
3.250000 	 -4.035317 
3.260000 	 -3.888766 
3.270000 	 -4.307810 
3.280000 	 -2.703444 
3.290000 	 -3.403027 
3.300000 	 -4.351513 
3.310000 	 -4.873966 
3.320000 	 -3.480555 
3.330000 	 -3.724906 
3.340000 	 -3.939623 
3.350000 	 -3.596220 
3.360000 	 -4.385915 
3.370000 	 -3.626341 
3.380000 	 -3.002039 
3.390000 	 -4.029470 
3.400000 	 -3.152899 
3.410000 	 -4.362069 
3.420000 	 -3.709984 
3.430000 	 -4.984197 
3.440000 	 -3.417796 
3.450000 	 -1.751194 
3.460000 	 -2.322995 
3.470000 	 -3.892483 
3.480000 	 -3.545079 
3.490000 	 -4.231018 
3.500000 	 -4.535296 
3.510000 	 -3.577195 
3.520000 	 -5.232525 
3.530000 	 -4.488875 
3.540000 	 -4.759626 
3.550000 	 -5.267406 
3.560000 	 -3.233852 
3.570000 	 -4.842129 
3.580000 	 -4.324949 
3.590000 	 -2.991255 
3.600000 	 -3.022731 
3.610000 	 -3.601749 
3.620000 	 -3.005688 
3.630000 	 -4.316071 
3.640000 	 -4.071997 
3.650000 	 -4.384557 
3.660000 	 -3.181365 
3.670000 	 -3.788884 
3.680000 	 -4.440400 
3.690000 	 -3.611439 
3.700000 	 -4.442365 
3.710000 	 -4.085509 
3.720000 	 -6.864471 
3.730000 	 -3.907108 
3.740000 	 -4.131024 
3.750000 	 -2.211864 
3.760000 	 -3.171858 
3.770000 	 -3.772763 
3.780000 	 -3.352530 
3.790000 	 -4.617859 
3.800000 	 -3.856067 
3.810000 	 -4.489414 
3.820000 	 -4.691287 
3.830000 	 -4.243318 
3.840000 	 -4.131141 
3.850000 	 -3.429747 
3.860000 	 -5.343854 
3.870000 	 -5.778670 
3.880000 	 -3.569509 
3.890000 	 -3.742731 
3.900000 	 -4.826242 
3.910000 	 -3.159572 
3.920000 	 -4.265439 
3.930000 	 -4.770191 
3.940000 	 -4.063711 
3.950000 	 -4.151730 
3.960000 	 -4.584152 
3.970000 	 -5.154528 
3.980000 	 -2.590778 
3.990000 	 -4.509746 
4.000000 	 -3.595287 
4.010000 	 -3.814238 
4.020000 	 -3.215057 
4.030000 	 -5.181631 
4.040000 	 -4.493694 
4.050000 	 -3.704242 
4.060000 	 -4.354867 
4.070000 	 -5.384008 
4.080000 	 -4.734430 
4.090000 	 -4.341551 
4.100000 	 -4.568937 
4.110000 	 -2.545277 
4.120000 	 -5.297721 
4.130000 	 -2.980445 
4.140000 	 -3.690911 
4.150000 	 -4.620150 
4.160000 	 -5.349918 
4.170000 	 -4.315896 
4.180000 	 -3.685472 
4.190000 	 -5.499447 
4.200000 	 -5.248634 
4.210000 	 -4.435393 
4.220000 	 -4.719796 
4.230000 	 -4.995728 
4.240000 	 -4.595881 
4.250000 	 -4.095304 
4.260000 	 -4.670003 
4.270000 	 -4.335139 
4.280000 	 -5.143126 
4.290000 	 -5.100621 
4.300000 	 -3.265912 
4.310000 	 -4.365920 
4.320000 	 -5.234510 
4.330000 	 -5.289320 
4.340000 	 -4.789980 
4.350000 	 -4.298916 
4.360000 	 -3.423626 
4.370000 	 -5.654520 
4.380000 	 -5.622103 
4.390000 	 -6.143693 
4.400000 	 -4.950268 
4.410000 	 -4.728998 
4.420000 	 -4.727375 
4.430000 	 -5.799180 
4.440000 	 -4.423848 
4.450000 	 -3.666281 
4.460000 	 -4.551580 
4.470000 	 -4.833774 
4.480000 	 -5.792266 
4.490000 	 -5.094144 
4.500000 	 -5.995207 
4.510000 	 -3.788491 
4.520000 	 -4.968602 
4.530000 	 -5.523032 
4.540000 	 -5.200127 
4.550000 	 -5.800284 
4.560000 	 -4.454610 
4.570000 	 -5.804096 
4.580000 	 -5.689958 
4.590000 	 -4.150515 
4.600000 	 -5.333108 
4.610000 	 -5.546326 
4.620000 	 -6.084987 
4.630000 	 -3.399596 
4.640000 	 -4.471163 
4.650000 	 -7.270252 
4.660000 	 -4.061682 
4.670000 	 -4.949552 
4.680000 	 -4.390182 
4.690000 	 -4.610749 
4.700000 	 -3.437320 
4.710000 	 -4.410028 
4.720000 	 -4.364369 
4.730000 	 -5.426370 
4.740000 	 -4.446210 
4.750000 	 -5.445055 
4.760000 	 -5.313298 
4.770000 	 -6.603206 
4.780000 	 -4.652846 
4.790000 	 -3.980690 
4.800000 	 -5.038798 
4.810000 	 -3.884083 
4.820000 	 -5.167434 
4.830000 	 -6.207192 
4.840000 	 -5.486606 
4.850000 	 -5.396368 
4.860000 	 -4.691116 
4.870000 	 -5.576047 
4.880000 	 -5.853695 
4.890000 	 -5.281413 
4.900000 	 -4.984665 
4.910000 	 -4.060907 
4.920000 	 -5.329667 
4.930000 	 -4.825394 
4.940000 	 -5.350767 
4.950000 	 -7.302171 
4.960000 	 -6.126622 
4.970000 	 -5.049302 
4.980000 	 -4.855723 
4.990000 	 -5.687941 
5.000000 	 -5.488603 
