0.000000 	 1.630980 
0.010000 	 0.654327 
0.020000 	 1.909941 
0.030000 	 -0.265414 
0.040000 	 1.371402 
0.050000 	 0.478155 
0.060000 	 0.236199 
0.070000 	 1.403492 
0.080000 	 1.039632 
0.090000 	 -0.388741 
0.100000 	 1.904534 
0.110000 	 0.024671 
0.120000 	 0.022018 
0.130000 	 -0.088013 
0.140000 	 0.962552 
0.150000 	 0.586910 
0.160000 	 0.103470 
0.170000 	 -0.091635 
0.180000 	 1.159593 
0.190000 	 1.371812 
0.200000 	 0.425680 
0.210000 	 1.013483 
0.220000 	 -0.637837 
0.230000 	 0.451070 
0.240000 	 0.359580 
0.250000 	 0.852924 
0.260000 	 1.440830 
0.270000 	 0.798135 
0.280000 	 0.663365 
0.290000 	 0.128121 
0.300000 	 0.203397 
0.310000 	 1.784650 
0.320000 	 -0.325514 
0.330000 	 1.391063 
0.340000 	 0.132228 
0.350000 	 0.285227 
0.360000 	 1.322717 
0.370000 	 0.055768 
0.380000 	 0.207829 
0.390000 	 -0.762635 
0.400000 	 1.397233 
0.410000 	 2.216412 
0.420000 	 0.763248 
0.430000 	 1.189217 
0.440000 	 1.863094 
0.450000 	 0.874214 
0.460000 	 -0.070811 
0.470000 	 0.039272 
0.480000 	 1.481400 
0.490000 	 0.687247 
0.500000 	 0.094843 
0.510000 	 -1.209300 
0.520000 	 0.203900 
0.530000 	 -0.143048 
0.540000 	 -1.834604 
0.550000 	 -0.786689 
0.560000 	 -0.539968 
0.570000 	 0.570027 
0.580000 	 -0.919776 
0.590000 	 -0.927555 
0.600000 	 0.591649 
0.610000 	 -1.172572 
0.620000 	 -0.159266 
0.630000 	 -0.891693 
0.640000 	 0.193793 
0.650000 	 -0.534532 
0.660000 	 -0.267483 
0.670000 	 -0.746839 
0.680000 	 -0.652971 
0.690000 	 -0.604389 
0.700000 	 -0.524038 
0.710000 	 0.202602 
0.720000 	 -0.618392 
0.730000 	 -1.280229 
0.740000 	 -2.011772 
0.750000 	 -0.030085 
0.760000 	 -0.604339 
0.770000 	 0.419073 
0.780000 	 -0.891328 
0.790000 	 -0.524351 
0.800000 	 -0.967586 
0.810000 	 -0.844467 
0.820000 	 -1.268482 
0.830000 	 0.148828 
0.840000 	 -0.613910 
0.850000 	 -2.099881 
0.860000 	 -0.726800 
0.870000 	 0.194912 
0.880000 	 0.633135 
0.890000 	 -0.610201 
0.900000 	 -0.059488 
0.910000 	 -1.111899 
0.920000 	 0.638178 
0.930000 	 -0.766699 
0.940000 	 -0.438128 
0.950000 	 -0.389043 
0.960000 	 -1.190953 
0.970000 	 -0.154700 
0.980000 	 -0.964064 
0.990000 	 -0.210080 
1.000000 	 0.842633 
1.010000 	 0.397989 
1.020000 	 -0.541035 
1.030000 	 -1.487526 
1.040000 	 -0.155127 
1.050000 	 -0.720255 
1.060000 	 -0.885742 
1.070000 	 -1.277607 
1.080000 	 -1.392957 
1.090000 	 -1.571718 
1.100000 	 -0.037746 
1.110000 	 -0.761352 
1.120000 	 -1.645657 
1.130000 	 -2.555817 
1.140000 	 -0.540371 
1.150000 	 -1.092505 
1.160000 	 -1.463848 
1.170000 	 -0.583095 
1.180000 	 -0.576519 
1.190000 	 0.010233 
1.200000 	 -0.924961 
1.210000 	 -1.235169 
1.220000 	 -1.631310 
1.230000 	 -0.378152 
1.240000 	 -0.560288 
1.250000 	 -0.591728 
1.260000 	 -1.520531 
1.270000 	 -0.711502 
1.280000 	 -0.950796 
1.290000 	 -1.470123 
1.300000 	 -0.617129 
1.310000 	 -1.336134 
1.320000 	 -0.880525 
1.330000 	 -1.513949 
1.340000 	 -1.618707 
1.350000 	 -1.124493 
1.360000 	 -1.919728 
1.370000 	 -1.575530 
1.380000 	 0.328982 
1.390000 	 -1.435169 
1.400000 	 0.216568 
1.410000 	 -2.703758 
1.420000 	 -1.350801 
1.430000 	 -3.032225 
1.440000 	 -1.614828 
1.450000 	 -3.183362 
1.460000 	 -0.652029 
1.470000 	 -0.459646 
1.480000 	 -2.785225 
1.490000 	 -1.428233 
1.500000 	 -0.508025 
1.510000 	 -1.111803 
1.520000 	 -1.126307 
1.530000 	 -1.161752 
1.540000 	 -0.681824 
1.550000 	 -0.568047 
1.560000 	 -1.895700 
1.570000 	 -1.106698 
1.580000 	 -0.343297 
1.590000 	 -1.984048 
1.600000 	 -1.667981 
1.610000 	 -0.505170 
1.620000 	 -0.831843 
1.630000 	 -1.569298 
1.640000 	 -1.445962 
1.650000 	 -1.082379 
1.660000 	 -0.763606 
1.670000 	 -0.527730 
1.680000 	 -2.386910 
1.690000 	 -2.607316 
1.700000 	 0.033827 
1.710000 	 -1.417527 
1.720000 	 -0.562065 
1.730000 	 -0.825178 
1.740000 	 -0.947974 
1.750000 	 -1.969705 
1.760000 	 0.099988 
1.770000 	 -2.002628 
1.780000 	 -1.246101 
1.790000 	 -1.960817 
1.800000 	 -1.570682 
1.810000 	 -0.940050 
1.820000 	 -0.432757 
1.830000 	 -2.064599 
1.840000 	 -1.146662 
1.850000 	 -1.869140 
1.860000 	 -2.374345 
1.870000 	 -1.148915 
1.880000 	 -1.510458 
1.890000 	 -1.144677 
1.900000 	 -1.750453 
1.910000 	 -0.662279 
1.920000 	 -2.285332 
1.930000 	 -2.222862 
1.940000 	 -2.921436 
1.950000 	 -1.957823 
1.960000 	 -0.529254 
1.970000 	 -2.379086 
1.980000 	 -2.796980 
1.990000 	 -2.911466 
2.000000 	 -1.322685 
2.010000 	 -0.181051 
2.020000 	 -2.864824 
2.030000 	 -2.039775 
2.040000 	 -1.688161 
2.050000 	 -1.668015 
2.060000 	 -2.843463 
2.070000 	 -1.917854 
2.080000 	 -2.244601 
2.090000 	 -1.378637 
2.100000 	 -2.236441 
2.110000 	 -1.279031 
2.120000 	 -2.422670 
2.130000 	 -2.343585 
2.140000 	 -2.162821 
2.150000 	 -2.727391 
2.160000 	 -2.411944 
2.170000 	 -0.577705 
2.180000 	 -1.380825 
2.190000 	 -1.785824 
2.200000 	 -0.361958 
2.210000 	 -0.318300 
2.220000 	 -2.300711 
2.230000 	 -1.140684 
2.240000 	 -2.207199 
2.250000 	 -1.028308 
2.260000 	 -1.904139 
2.270000 	 -1.679575 
2.280000 	 -1.029821 
2.290000 	 -1.449082 
2.300000 	 -2.402766 
2.310000 	 -1.295723 
2.320000 	 -3.946607 
2.330000 	 -2.404835 
2.340000 	 -2.539035 
2.350000 	 -2.974068 
2.360000 	 -3.956056 
2.370000 	 -3.049280 
2.380000 	 -2.002722 
2.390000 	 -2.222127 
2.400000 	 -1.591873 
2.410000 	 -1.280351 
2.420000 	 -2.880290 
2.430000 	 -2.853311 
2.440000 	 -1.172503 
2.450000 	 -2.374551 
2.460000 	 -2.587582 
2.470000 	 -2.431319 
2.480000 	 -2.033318 
2.490000 	 -2.908734 
2.500000 	 -2.490742 
2.510000 	 -2.303992 
2.520000 	 -2.376979 
2.530000 	 -2.455613 
2.540000 	 -2.557373 
2.550000 	 -4.425744 
2.560000 	 -1.418246 
2.570000 	 -2.876241 
2.580000 	 -0.999573 
2.590000 	 -3.749653 
2.600000 	 -1.840230 
2.610000 	 -2.176363 
2.620000 	 -4.049517 
2.630000 	 -2.548983 
2.640000 	 -2.466732 
2.650000 	 -4.039501 
2.660000 	 -0.772310 
2.670000 	 -3.282897 
2.680000 	 -1.836785 
2.690000 	 -3.813867 
2.700000 	 -1.144794 
2.710000 	 -2.460047 
2.720000 	 -3.447542 
2.730000 	 -3.257288 
2.740000 	 -1.886331 
2.750000 	 -1.250491 
2.760000 	 -2.264163 
2.770000 	 -3.307613 
2.780000 	 -3.414283 
2.790000 	 -4.204783 
2.800000 	 -2.023160 
2.810000 	 -3.132403 
2.820000 	 -3.760093 
2.830000 	 -3.264013 
2.840000 	 -3.274417 
2.850000 	 -3.939264 
2.860000 	 -3.171271 
2.870000 	 -2.072576 
2.880000 	 -3.038021 
2.890000 	 -2.726188 
2.900000 	 -3.427193 
2.910000 	 -2.911864 
2.920000 	 -3.020436 
2.930000 	 -3.620941 
2.940000 	 -2.500778 
2.950000 	 -3.651871 
2.960000 	 -3.055971 
2.970000 	 -3.857523 
2.980000 	 -2.226144 
2.990000 	 -3.495071 
3.000000 	 -3.729605 
3.010000 	 -3.134821 
3.020000 	 -2.495717 
3.030000 	 -1.988698 
3.040000 	 -3.219568 
3.050000 	 -3.065071 
3.060000 	 -2.954635 
3.070000 	 -3.321896 
3.080000 	 -3.263563 
3.090000 	 -2.374566 
3.100000 	 -3.059661 
3.110000 	 -3.499306 
3.120000 	 -4.635911 
3.130000 	 -4.064377 
3.140000 	 -3.771327 
3.150000 	 -4.519449 
3.160000 	 -1.477230 
3.170000 	 -3.030615 
3.180000 	 -3.718794 
3.190000 	 -3.811790 
3.200000 	 -3.344670 
3.210000 	 -3.819228 
3.220000 	 -1.856291 
3.230000 	 -2.059598 
3.240000 	 -3.488274 
3.250000 	 -2.440775 
3.260000 	 -4.375396 
3.270000 	 -3.077833 
3.280000 	 -4.046873 
3.290000 	 -2.271089 
3.300000 	 -2.748069 
3.310000 	 -2.467826 
3.320000 	 -3.065604 
3.330000 	 -3.207492 
3.340000 	 -4.172350 
3.350000 	 -4.364663 
3.360000 	 -4.516008 
3.370000 	 -3.801729 
3.380000 	 -3.528288 
3.390000 	 -3.327779 
3.400000 	 -2.871904 
3.410000 	 -3.743026 
3.420000 	 -3.848187 
3.430000 	 -2.855311 
3.440000 	 -2.356657 
3.450000 	 -4.146784 
3.460000 	 -3.005141 
3.470000 	 -4.737315 
3.480000 	 -3.583020 
3.490000 	 -4.019534 
3.500000 	 -3.388802 
3.510000 	 -4.503840 
3.520000 	 -3.510034 
3.530000 	 -2.914743 
3.540000 	 -4.767254 
3.550000 	 -3.374949 
3.560000 	 -3.966891 
3.570000 	 -3.691119 
3.580000 	 -5.083234 
3.590000 	 -2.059998 
3.600000 	 -2.090323 
3.610000 	 -4.280007 
3.620000 	 -4.703131 
3.630000 	 -3.613081 
3.640000 	 -2.809492 
3.650000 	 -3.352370 
3.660000 	 -3.941135 
3.670000 	 -5.655747 
3.680000 	 -3.000452 
3.690000 	 -4.070688 
3.700000 	 -5.576772 
3.710000 	 -3.488863 
3.720000 	 -4.325688 
3.730000 	 -2.665898 
3.740000 	 -3.430188 
3.750000 	 -2.744275 
3.760000 	 -4.656842 
3.770000 	 -4.437360 
3.780000 	 -3.803623 
3.790000 	 -4.098923 
3.800000 	 -3.782409 
3.810000 	 -5.481563 
3.820000 	 -5.288555 
3.830000 	 -5.300999 
3.840000 	 -2.875523 
3.850000 	 -4.306956 
3.860000 	 -3.479020 
3.870000 	 -3.314231 
3.880000 	 -3.943089 
3.890000 	 -4.627768 
3.900000 	 -5.490281 
3.910000 	 -2.969122 
3.920000 	 -4.409442 
3.930000 	 -5.167381 
3.940000 	 -3.672121 
3.950000 	 -3.778990 
3.960000 	 -4.376608 
3.970000 	 -5.366411 
3.980000 	 -3.752739 
3.990000 	 -4.908849 
4.000000 	 -4.978493 
4.010000 	 -3.925997 
4.020000 	 -1.726915 
4.030000 	 -4.349123 
4.040000 	 -4.100719 
4.050000 	 -4.194496 
4.060000 	 -5.562073 
4.070000 	 -3.332533 
4.080000 	 -4.368985 
4.090000 	 -4.355991 
4.100000 	 -5.260102 
4.110000 	 -5.934686 
4.120000 	 -6.139170 
4.130000 	 -3.158118 
4.140000 	 -2.879958 
4.150000 	 -4.947614 
4.160000 	 -5.494257 
4.170000 	 -4.793582 
4.180000 	 -5.713711 
4.190000 	 -4.133967 
4.200000 	 -3.352621 
4.210000 	 -5.199767 
4.220000 	 -4.110062 
4.230000 	 -5.878649 
4.240000 	 -3.597938 
4.250000 	 -4.049520 
4.260000 	 -3.919570 
4.270000 	 -4.694864 
4.280000 	 -4.926067 
4.290000 	 -5.583378 
4.300000 	 -3.955803 
4.310000 	 -4.851818 
4.320000 	 -3.867399 
4.330000 	 -4.077913 
4.340000 	 -4.136493 
4.350000 	 -5.452569 
4.360000 	 -4.761097 
4.370000 	 -5.704011 
4.380000 	 -4.603619 
4.390000 	 -5.226393 
4.400000 	 -5.665883 
4.410000 	 -5.299588 
4.420000 	 -5.063362 
4.430000 	 -6.974251 
4.440000 	 -4.734293 
4.450000 	 -6.371719 
4.460000 	 -5.157952 
4.470000 	 -5.186850 
4.480000 	 -4.444792 
4.490000 	 -3.803088 
4.500000 	 -5.098078 
4.510000 	 -5.425545 
4.520000 	 -4.453380 
4.530000 	 -4.957317 
4.540000 	 -4.118466 
4.550000 	 -4.730751 
4.560000 	 -3.181703 
4.570000 	 -3.886797 
4.580000 	 -5.211622 
4.590000 	 -4.561320 
4.600000 	 -4.301355 
4.610000 	 -4.626569 
4.620000 	 -3.909039 
4.630000 	 -6.570359 
4.640000 	 -4.058287 
4.650000 	 -5.433891 
4.660000 	 -4.703197 
4.670000 	 -5.969608 
4.680000 	 -4.426055 
4.690000 	 -4.832735 
4.700000 	 -5.749364 
4.710000 	 -4.449346 
4.720000 	 -4.160449 
4.730000 	 -5.083719 
4.740000 	 -5.430577 
4.750000 	 -5.520301 
4.760000 	 -4.950011 
4.770000 	 -5.802772 
4.780000 	 -4.805533 
4.790000 	 -5.794254 
4.800000 	 -4.799957 
4.810000 	 -5.563057 
4.820000 	 -5.087263 
4.830000 	 -4.924279 
4.840000 	 -5.868566 
4.850000 	 -4.883295 
4.860000 	 -3.984900 
4.870000 	 -6.044493 
4.880000 	 -6.302807 
4.890000 	 -5.998543 
4.900000 	 -5.120290 
4.910000 	 -5.730447 
4.920000 	 -4.751130 
4.930000 	 -5.072178 
4.940000 	 -5.244021 
4.950000 	 -4.673920 
4.960000 	 -5.125593 
4.970000 	 -6.302234 
4.980000 	 -6.549510 
4.990000 	 -5.056400 
5.000000 	 -6.202622 
