0.000000 	 1.999640 
0.010000 	 1.162721 
0.020000 	 -0.708462 
0.030000 	 0.608621 
0.040000 	 2.205595 
0.050000 	 0.023697 
0.060000 	 2.654009 
0.070000 	 1.698377 
0.080000 	 0.666803 
0.090000 	 0.395443 
0.100000 	 -0.110277 
0.110000 	 0.046651 
0.120000 	 -0.255873 
0.130000 	 0.444002 
0.140000 	 -0.850774 
0.150000 	 -0.205692 
0.160000 	 -0.724028 
0.170000 	 0.544026 
0.180000 	 0.888979 
0.190000 	 1.548518 
0.200000 	 1.571470 
0.210000 	 0.407142 
0.220000 	 0.403480 
0.230000 	 0.431456 
0.240000 	 1.157058 
0.250000 	 0.927850 
0.260000 	 0.296457 
0.270000 	 0.377771 
0.280000 	 0.066725 
0.290000 	 2.528769 
0.300000 	 -0.081794 
0.310000 	 0.746882 
0.320000 	 -0.325165 
0.330000 	 -0.009144 
0.340000 	 -0.069236 
0.350000 	 -0.539196 
0.360000 	 -0.752070 
0.370000 	 0.577374 
0.380000 	 0.681656 
0.390000 	 0.682810 
0.400000 	 -0.555504 
0.410000 	 -1.758529 
0.420000 	 0.152680 
0.430000 	 0.988549 
0.440000 	 -0.720944 
0.450000 	 0.363702 
0.460000 	 0.336326 
0.470000 	 -0.258795 
0.480000 	 -0.370586 
0.490000 	 0.290431 
0.500000 	 0.837035 
0.510000 	 1.304067 
0.520000 	 0.159105 
0.530000 	 0.921871 
0.540000 	 -0.570487 
0.550000 	 -0.406572 
0.560000 	 -0.566466 
0.570000 	 -0.530752 
0.580000 	 1.122554 
0.590000 	 -1.276973 
0.600000 	 0.791859 
0.610000 	 0.049670 
0.620000 	 0.046926 
0.630000 	 -0.757854 
0.640000 	 0.237762 
0.650000 	 -0.242334 
0.660000 	 0.315216 
0.670000 	 0.167251 
0.680000 	 -0.864053 
0.690000 	 -0.596001 
0.700000 	 -0.126107 
0.710000 	 -0.663640 
0.720000 	 0.750883 
0.730000 	 -0.621912 
0.740000 	 -1.302444 
0.750000 	 0.040026 
0.760000 	 -1.428448 
0.770000 	 -0.636856 
0.780000 	 -0.531111 
0.790000 	 -1.772679 
0.800000 	 -1.266863 
0.810000 	 -1.904234 
0.820000 	 0.378081 
0.830000 	 -0.181240 
0.840000 	 -0.461816 
0.850000 	 -0.389757 
0.860000 	 -0.426821 
0.870000 	 -1.378404 
0.880000 	 -0.459847 
0.890000 	 0.721476 
0.900000 	 0.178021 
0.910000 	 -0.562633 
0.920000 	 -0.885328 
0.930000 	 -1.853567 
0.940000 	 -1.933994 
0.950000 	 -0.715270 
0.960000 	 -1.902225 
0.970000 	 -0.183577 
0.980000 	 0.401600 
0.990000 	 -1.755995 
1.000000 	 -0.402467 
1.010000 	 -1.123462 
1.020000 	 -0.899686 
1.030000 	 0.275173 
1.040000 	 0.243015 
1.050000 	 -2.568544 
1.060000 	 0.136454 
1.070000 	 -0.111478 
1.080000 	 -0.877404 
1.090000 	 -0.934171 
1.100000 	 0.027696 
1.110000 	 -1.593403 
1.120000 	 -0.425464 
1.130000 	 -1.563160 
1.140000 	 -0.037119 
1.150000 	 0.409811 
1.160000 	 -0.701873 
1.170000 	 -0.478696 
1.180000 	 0.042708 
1.190000 	 -1.505440 
1.200000 	 -1.459167 
1.210000 	 -0.864158 
1.220000 	 0.306298 
1.230000 	 -1.405226 
1.240000 	 -0.227748 
1.250000 	 -0.311829 
1.260000 	 -1.415947 
1.270000 	 -1.540890 
1.280000 	 -1.121676 
1.290000 	 -0.746589 
1.300000 	 1.720872 
1.310000 	 -2.262214 
1.320000 	 -1.264067 
1.330000 	 0.513164 
1.340000 	 -1.918483 
1.350000 	 -1.176361 
1.360000 	 -1.556033 
1.370000 	 -1.713783 
1.380000 	 0.913204 
1.390000 	 -1.053573 
1.400000 	 -0.951623 
1.410000 	 -0.510657 
1.420000 	 -0.464689 
1.430000 	 -0.915354 
1.440000 	 0.195029 
1.450000 	 -1.825867 
1.460000 	 -1.697607 
1.470000 	 0.454945 
1.480000 	 -2.042111 
1.490000 	 -1.801514 
1.500000 	 -1.507427 
1.510000 	 -1.776424 
1.520000 	 -2.964519 
1.530000 	 -1.345248 
1.540000 	 -1.930726 
1.550000 	 -0.899348 
1.560000 	 -1.711519 
1.570000 	 -1.054031 
1.580000 	 -1.164058 
1.590000 	 -3.644514 
1.600000 	 -0.755502 
1.610000 	 -0.680293 
1.620000 	 -1.561302 
1.630000 	 -1.044801 
1.640000 	 -1.335476 
1.650000 	 -0.455620 
1.660000 	 -0.343529 
1.670000 	 -0.908687 
1.680000 	 -1.348235 
1.690000 	 -0.783136 
1.700000 	 -1.908366 
1.710000 	 -0.954520 
1.720000 	 -1.221691 
1.730000 	 -2.333996 
1.740000 	 -0.318106 
1.750000 	 -2.101660 
1.760000 	 -2.805440 
1.770000 	 -0.671817 
1.780000 	 -2.022663 
1.790000 	 0.066634 
1.800000 	 -1.581561 
1.810000 	 -1.170997 
1.820000 	 -0.544210 
1.830000 	 -2.251019 
1.840000 	 -1.933709 
1.850000 	 -0.559538 
1.860000 	 -1.209156 
1.870000 	 -1.772904 
1.880000 	 -1.651301 
1.890000 	 -1.300462 
1.900000 	 -1.433538 
1.910000 	 -1.934361 
1.920000 	 -2.215050 
1.930000 	 -2.042491 
1.940000 	 -1.890744 
1.950000 	 -2.416685 
1.960000 	 -0.256786 
1.970000 	 -0.763521 
1.980000 	 -1.023140 
1.990000 	 -0.975739 
2.000000 	 -1.275157 
2.010000 	 -2.677231 
2.020000 	 -2.206763 
2.030000 	 -1.472476 
2.040000 	 -0.944964 
2.050000 	 -3.050454 
2.060000 	 -2.310031 
2.070000 	 -3.256750 
2.080000 	 -2.701546 
2.090000 	 -2.570124 
2.100000 	 -1.811678 
2.110000 	 -1.530926 
2.120000 	 -0.163214 
2.130000 	 -2.467674 
2.140000 	 -1.917213 
2.150000 	 -2.418759 
2.160000 	 -2.540705 
2.170000 	 -1.308818 
2.180000 	 -0.812133 
2.190000 	 -1.778639 
2.200000 	 -2.005950 
2.210000 	 -0.940304 
2.220000 	 -0.898485 
2.230000 	 -1.764480 
2.240000 	 -1.375441 
2.250000 	 -2.601587 
2.260000 	 -1.308905 
2.270000 	 -0.996632 
2.280000 	 -2.473569 
2.290000 	 -2.953115 
2.300000 	 -1.253359 
2.310000 	 -1.941707 
2.320000 	 -2.312836 
2.330000 	 -3.149846 
2.340000 	 -0.880333 
2.350000 	 -3.441600 
2.360000 	 -1.950936 
2.370000 	 -2.051982 
2.380000 	 -1.980786 
2.390000 	 -1.546232 
2.400000 	 -0.349432 
2.410000 	 -2.225377 
2.420000 	 -2.793285 
2.430000 	 -2.552336 
2.440000 	 -1.897915 
2.450000 	 -2.483784 
2.460000 	 -1.676267 
2.470000 	 -3.080970 
2.480000 	 -1.334802 
2.490000 	 -1.140846 
2.500000 	 -1.353308 
2.510000 	 -1.849058 
2.520000 	 -1.688050 
2.530000 	 -2.845173 
2.540000 	 -4.321576 
2.550000 	 -1.582248 
2.560000 	 -1.266554 
2.570000 	 -1.961562 
2.580000 	 -4.199604 
2.590000 	 -1.989113 
2.600000 	 -0.329895 
2.610000 	 -3.616560 
2.620000 	 -2.005430 
2.630000 	 -4.052752 
2.640000 	 -2.307516 
2.650000 	 -3.444055 
2.660000 	 -3.374079 
2.670000 	 -3.682365 
2.680000 	 -3.197787 
2.690000 	 -0.470738 
2.700000 	 -2.407034 
2.710000 	 -3.771079 
2.720000 	 -2.784454 
2.730000 	 -3.045853 
2.740000 	 -2.532129 
2.750000 	 -2.007958 
2.760000 	 -2.989155 
2.770000 	 -2.785098 
2.780000 	 -2.859488 
2.790000 	 -0.541946 
2.800000 	 -2.801110 
2.810000 	 -2.878251 
2.820000 	 -1.193269 
2.830000 	 -3.427342 
2.840000 	 -3.233952 
2.850000 	 -2.436208 
2.860000 	 -2.219427 
2.870000 	 -3.782835 
2.880000 	 -3.513516 
2.890000 	 -2.853879 
2.900000 	 -2.762261 
2.910000 	 -2.826476 
2.920000 	 -2.415174 
2.930000 	 -3.530523 
2.940000 	 -3.363461 
2.950000 	 -3.894762 
2.960000 	 -2.472772 
2.970000 	 -3.571427 
2.980000 	 -2.404408 
2.990000 	 -3.782424 
3.000000 	 -2.648045 
3.010000 	 -2.943105 
3.020000 	 -2.937281 
3.030000 	 -3.384265 
3.040000 	 -2.291657 
3.050000 	 -1.598768 
3.060000 	 -3.784374 
3.070000 	 -3.483812 
3.080000 	 -4.393784 
3.090000 	 -2.788874 
3.100000 	 -3.656582 
3.110000 	 -4.390957 
3.120000 	 -2.842971 
3.130000 	 -2.522946 
3.140000 	 -3.724130 
3.150000 	 -3.376952 
3.160000 	 -2.636602 
3.170000 	 -3.285782 
3.180000 	 -4.798046 
3.190000 	 -3.459807 
3.200000 	 -3.867915 
3.210000 	 -3.073977 
3.220000 	 -2.926524 
3.230000 	 -3.820555 
3.240000 	 -4.251392 
3.250000 	 -1.541541 
3.260000 	 -3.211595 
3.270000 	 -3.431603 
3.280000 	 -1.651204 
3.290000 	 -1.870439 
3.300000 	 -3.653640 
3.310000 	 -3.362802 
3.320000 	 -5.185470 
3.330000 	 -3.450918 
3.340000 	 -3.061776 
3.350000 	 -3.036148 
3.360000 	 -4.135523 
3.370000 	 -1.866367 
3.380000 	 -5.077631 
3.390000 	 -2.173858 
3.400000 	 -3.656873 
3.410000 	 -4.465969 
3.420000 	 -4.048882 
3.430000 	 -2.894240 
3.440000 	 -2.812396 
3.450000 	 -4.180960 
3.460000 	 -2.341645 
3.470000 	 -3.156045 
3.480000 	 -4.413486 
3.490000 	 -3.893562 
3.500000 	 -3.954081 
3.510000 	 -4.001498 
3.520000 	 -4.413409 
3.530000 	 -3.266882 
3.540000 	 -4.856086 
3.550000 	 -2.667450 
3.560000 	 -4.573474 
3.570000 	 -4.236413 
3.580000 	 -4.586567 
3.590000 	 -5.057616 
3.600000 	 -4.837089 
3.610000 	 -4.664816 
3.620000 	 -4.994953 
3.630000 	 -3.690137 
3.640000 	 -3.490620 
3.650000 	 -5.431621 
3.660000 	 -3.728559 
3.670000 	 -4.121911 
3.680000 	 -3.872447 
3.690000 	 -3.702809 
3.700000 	 -5.235598 
3.710000 	 -3.816612 
3.720000 	 -3.787035 
3.730000 	 -4.159237 
3.740000 	 -3.764904 
3.750000 	 -3.639090 
3.760000 	 -2.834614 
3.770000 	 -3.999918 
3.780000 	 -2.648842 
3.790000 	 -4.739078 
3.800000 	 -4.786226 
3.810000 	 -2.792070 
3.820000 	 -5.196345 
3.830000 	 -4.195914 
3.840000 	 -3.540048 
3.850000 	 -3.689697 
3.860000 	 -3.707965 
3.870000 	 -5.172377 
3.880000 	 -3.988129 
3.890000 	 -5.053588 
3.900000 	 -3.427008 
3.910000 	 -4.396590 
3.920000 	 -4.436774 
3.930000 	 -5.657996 
3.940000 	 -3.567964 
3.950000 	 -4.828975 
3.960000 	 -3.525948 
3.970000 	 -3.871454 
3.980000 	 -3.943668 
3.990000 	 -4.978221 
4.000000 	 -4.968592 
4.010000 	 -5.978520 
4.020000 	 -4.326353 
4.030000 	 -4.719728 
4.040000 	 -2.633146 
4.050000 	 -5.041076 
4.060000 	 -5.464300 
4.070000 	 -3.760525 
4.080000 	 -4.309323 
4.090000 	 -5.143144 
4.100000 	 -2.070145 
4.110000 	 -5.023866 
4.120000 	 -5.174014 
4.130000 	 -3.027200 
4.140000 	 -4.255882 
4.150000 	 -5.988571 
4.160000 	 -5.018895 
4.170000 	 -4.759026 
4.180000 	 -4.918557 
4.190000 	 -4.039199 
4.200000 	 -3.230470 
4.210000 	 -5.689649 
4.220000 	 -3.812937 
4.230000 	 -4.697039 
4.240000 	 -5.629531 
4.250000 	 -4.427519 
4.260000 	 -4.787384 
4.270000 	 -3.454456 
4.280000 	 -3.768340 
4.290000 	 -4.042334 
4.300000 	 -4.361591 
4.310000 	 -6.422473 
4.320000 	 -5.575209 
4.330000 	 -3.687575 
4.340000 	 -3.178593 
4.350000 	 -5.012725 
4.360000 	 -3.081636 
4.370000 	 -3.902698 
4.380000 	 -5.228371 
4.390000 	 -5.122578 
4.400000 	 -3.553979 
4.410000 	 -5.912754 
4.420000 	 -6.263928 
4.430000 	 -4.652320 
4.440000 	 -4.942991 
4.450000 	 -5.875568 
4.460000 	 -4.503515 
4.470000 	 -5.103211 
4.480000 	 -5.621782 
4.490000 	 -5.121378 
4.500000 	 -4.336604 
4.510000 	 -5.049155 
4.520000 	 -4.797484 
4.530000 	 -6.619481 
4.540000 	 -5.871380 
4.550000 	 -5.975723 
4.560000 	 -5.905273 
4.570000 	 -6.020899 
4.580000 	 -5.191026 
4.590000 	 -5.122781 
4.600000 	 -4.986693 
4.610000 	 -4.921847 
4.620000 	 -5.149075 
4.630000 	 -5.161174 
4.640000 	 -5.093104 
4.650000 	 -4.671364 
4.660000 	 -5.665751 
4.670000 	 -4.937665 
4.680000 	 -4.143128 
4.690000 	 -4.587498 
4.700000 	 -5.072717 
4.710000 	 -6.747440 
4.720000 	 -6.257712 
4.730000 	 -5.492847 
4.740000 	 -5.481292 
4.750000 	 -6.443920 
4.760000 	 -5.864967 
4.770000 	 -4.702986 
4.780000 	 -5.330074 
4.790000 	 -4.493126 
4.800000 	 -6.027643 
4.810000 	 -5.327596 
4.820000 	 -5.018653 
4.830000 	 -3.486554 
4.840000 	 -6.221254 
4.850000 	 -4.856675 
4.860000 	 -5.525466 
4.870000 	 -5.002997 
4.880000 	 -4.811843 
4.890000 	 -5.505379 
4.900000 	 -5.917033 
4.910000 	 -5.904648 
4.920000 	 -5.326388 
4.930000 	 -5.200161 
4.940000 	 -5.598054 
4.950000 	 -6.835326 
4.960000 	 -3.822729 
4.970000 	 -4.364804 
4.980000 	 -4.921830 
4.990000 	 -5.644013 
5.000000 	 -5.763243 
