0.000000 	 0.360834 
0.010000 	 0.552396 
0.020000 	 0.714819 
0.030000 	 1.049242 
0.040000 	 0.775892 
0.050000 	 1.070609 
0.060000 	 1.350415 
0.070000 	 -0.278481 
0.080000 	 1.804422 
0.090000 	 0.479586 
0.100000 	 1.379800 
0.110000 	 0.106318 
0.120000 	 0.213499 
0.130000 	 0.402907 
0.140000 	 0.213434 
0.150000 	 2.644699 
0.160000 	 1.325091 
0.170000 	 0.442625 
0.180000 	 2.395670 
0.190000 	 1.020447 
0.200000 	 -0.514132 
0.210000 	 0.265705 
0.220000 	 2.357562 
0.230000 	 0.683427 
0.240000 	 0.279892 
0.250000 	 -1.008526 
0.260000 	 0.999631 
0.270000 	 -0.494835 
0.280000 	 -0.208507 
0.290000 	 0.263333 
0.300000 	 0.764763 
0.310000 	 -0.184632 
0.320000 	 -0.180942 
0.330000 	 1.256342 
0.340000 	 1.160113 
0.350000 	 0.910498 
0.360000 	 -0.414392 
0.370000 	 0.976128 
0.380000 	 1.066409 
0.390000 	 0.423983 
0.400000 	 -0.085820 
0.410000 	 -0.974459 
0.420000 	 -0.494460 
0.430000 	 -0.844722 
0.440000 	 -1.334901 
0.450000 	 0.156449 
0.460000 	 -0.123271 
0.470000 	 -0.459336 
0.480000 	 0.102466 
0.490000 	 0.681355 
0.500000 	 0.089883 
0.510000 	 0.027476 
0.520000 	 -0.921761 
0.530000 	 1.662040 
0.540000 	 -0.007107 
0.550000 	 -0.609411 
0.560000 	 0.993900 
0.570000 	 0.772500 
0.580000 	 0.695671 
0.590000 	 -1.333729 
0.600000 	 -0.012725 
0.610000 	 0.062817 
0.620000 	 -1.081935 
0.630000 	 0.566622 
0.640000 	 0.050673 
0.650000 	 0.198164 
0.660000 	 -0.660060 
0.670000 	 1.477676 
0.680000 	 -0.184239 
0.690000 	 0.249846 
0.700000 	 0.842301 
0.710000 	 0.181913 
0.720000 	 0.725321 
0.730000 	 0.369725 
0.740000 	 -0.358652 
0.750000 	 0.186572 
0.760000 	 -1.142587 
0.770000 	 -0.430572 
0.780000 	 -0.556062 
0.790000 	 -0.658157 
0.800000 	 0.304416 
0.810000 	 0.376595 
0.820000 	 0.828016 
0.830000 	 -0.734061 
0.840000 	 -0.317030 
0.850000 	 0.259466 
0.860000 	 0.402479 
0.870000 	 -1.325793 
0.880000 	 0.755846 
0.890000 	 -0.030046 
0.900000 	 0.472789 
0.910000 	 0.323885 
0.920000 	 -0.100191 
0.930000 	 -0.155536 
0.940000 	 0.650289 
0.950000 	 0.090246 
0.960000 	 -0.443494 
0.970000 	 -1.679173 
0.980000 	 -0.442646 
0.990000 	 -0.740277 
1.000000 	 -2.544959 
1.010000 	 0.087858 
1.020000 	 -1.825077 
1.030000 	 0.545209 
1.040000 	 -0.263583 
1.050000 	 -0.127470 
1.060000 	 -1.717702 
1.070000 	 -0.625804 
1.080000 	 -1.024369 
1.090000 	 1.138823 
1.100000 	 -0.862754 
1.110000 	 -1.144355 
1.120000 	 -0.933888 
1.130000 	 -0.082810 
1.140000 	 -1.192967 
1.150000 	 0.194487 
1.160000 	 -0.997468 
1.170000 	 -0.675693 
1.180000 	 0.541278 
1.190000 	 1.326707 
1.200000 	 -0.410482 
1.210000 	 0.903065 
1.220000 	 -1.368224 
1.230000 	 -0.493097 
1.240000 	 -0.783918 
1.250000 	 -0.283210 
1.260000 	 -1.371129 
1.270000 	 -0.696466 
1.280000 	 -0.186823 
1.290000 	 -1.792285 
1.300000 	 -1.140345 
1.310000 	 -2.324497 
1.320000 	 -0.183364 
1.330000 	 -1.526576 
1.340000 	 -0.382147 
1.350000 	 -0.617652 
1.360000 	 -1.830501 
1.370000 	 -0.878707 
1.380000 	 -0.921612 
1.390000 	 -1.337123 
1.400000 	 -0.620857 
1.410000 	 -1.515722 
1.420000 	 -1.460324 
1.430000 	 -1.090176 
1.440000 	 -0.188821 
1.450000 	 -1.809799 
1.460000 	 -0.493064 
1.470000 	 -0.398128 
1.480000 	 -1.493735 
1.490000 	 -2.206146 
1.500000 	 -0.764810 
1.510000 	 -0.940547 
1.520000 	 -1.731599 
1.530000 	 -1.952152 
1.540000 	 -1.899740 
1.550000 	 -1.147681 
1.560000 	 -1.694134 
1.570000 	 -0.928610 
1.580000 	 -1.574470 
1.590000 	 -0.100948 
1.600000 	 -1.725919 
1.610000 	 -1.092253 
1.620000 	 -1.671730 
1.630000 	 -1.817267 
1.640000 	 -1.388303 
1.650000 	 -1.555673 
1.660000 	 -1.038451 
1.670000 	 -2.061556 
1.680000 	 -2.666942 
1.690000 	 -1.707798 
1.700000 	 -2.687649 
1.710000 	 -0.877907 
1.720000 	 -0.661394 
1.730000 	 -0.580306 
1.740000 	 -1.108019 
1.750000 	 -0.820577 
1.760000 	 -1.438489 
1.770000 	 -2.618506 
1.780000 	 -2.762400 
1.790000 	 -2.453045 
1.800000 	 -2.803602 
1.810000 	 -0.862042 
1.820000 	 -1.860728 
1.830000 	 -0.128791 
1.840000 	 0.027467 
1.850000 	 -1.126759 
1.860000 	 -0.446568 
1.870000 	 -1.631281 
1.880000 	 -0.516213 
1.890000 	 -0.978177 
1.900000 	 -1.555955 
1.910000 	 -0.893578 
1.920000 	 -1.229159 
1.930000 	 -1.627843 
1.940000 	 -2.233477 
1.950000 	 -1.670748 
1.960000 	 -1.970123 
1.970000 	 -3.196914 
1.980000 	 -1.560654 
1.990000 	 -2.776921 
2.000000 	 -1.582513 
2.010000 	 -1.023695 
2.020000 	 -1.941664 
2.030000 	 -1.684104 
2.040000 	 -2.240257 
2.050000 	 -2.211014 
2.060000 	 -3.217372 
2.070000 	 -1.021201 
2.080000 	 -1.998152 
2.090000 	 -2.916341 
2.100000 	 -4.144566 
2.110000 	 -2.184376 
2.120000 	 -1.223824 
2.130000 	 -1.228848 
2.140000 	 -3.494609 
2.150000 	 -2.054536 
2.160000 	 -2.751470 
2.170000 	 -2.604037 
2.180000 	 -1.289782 
2.190000 	 -1.539327 
2.200000 	 -2.181355 
2.210000 	 -1.605851 
2.220000 	 -1.861188 
2.230000 	 -2.099093 
2.240000 	 -1.513733 
2.250000 	 -2.676430 
2.260000 	 -1.742200 
2.270000 	 -1.847164 
2.280000 	 -2.250656 
2.290000 	 -3.315729 
2.300000 	 -2.209631 
2.310000 	 -2.989769 
2.320000 	 -2.360104 
2.330000 	 -1.891037 
2.340000 	 -2.214686 
2.350000 	 -3.607324 
2.360000 	 -3.250764 
2.370000 	 -0.390758 
2.380000 	 -1.373460 
2.390000 	 -1.743763 
2.400000 	 -2.819582 
2.410000 	 -2.556691 
2.420000 	 -1.920319 
2.430000 	 -2.303041 
2.440000 	 -2.946650 
2.450000 	 -1.981188 
2.460000 	 -1.045709 
2.470000 	 -1.325448 
2.480000 	 -3.170716 
2.490000 	 -2.387348 
2.500000 	 -4.186399 
2.510000 	 -2.004484 
2.520000 	 -2.404490 
2.530000 	 -3.325268 
2.540000 	 -1.587148 
2.550000 	 -3.214402 
2.560000 	 -3.485604 
2.570000 	 -0.986568 
2.580000 	 -1.923121 
2.590000 	 -3.136541 
2.600000 	 -2.051713 
2.610000 	 -2.551535 
2.620000 	 -2.967265 
2.630000 	 -1.614958 
2.640000 	 -3.531936 
2.650000 	 -2.197295 
2.660000 	 -2.641220 
2.670000 	 -1.286406 
2.680000 	 -2.143272 
2.690000 	 -1.399910 
2.700000 	 -3.075059 
2.710000 	 -2.273229 
2.720000 	 -1.960217 
2.730000 	 -3.510322 
2.740000 	 -2.445770 
2.750000 	 -3.102044 
2.760000 	 -2.538096 
2.770000 	 -1.740556 
2.780000 	 -1.575641 
2.790000 	 -3.437762 
2.800000 	 -3.456692 
2.810000 	 -3.316820 
2.820000 	 -2.314919 
2.830000 	 -4.068702 
2.840000 	 -3.916407 
2.850000 	 -2.253987 
2.860000 	 -3.233453 
2.870000 	 -2.581281 
2.880000 	 -0.502246 
2.890000 	 -3.670607 
2.900000 	 -2.413277 
2.910000 	 -2.050061 
2.920000 	 -3.498214 
2.930000 	 -3.213411 
2.940000 	 -2.720236 
2.950000 	 -3.704880 
2.960000 	 -2.722013 
2.970000 	 -3.497734 
2.980000 	 -2.566180 
2.990000 	 -3.461857 
3.000000 	 -2.544423 
3.010000 	 -3.402306 
3.020000 	 -4.805973 
3.030000 	 -3.581839 
3.040000 	 -2.580001 
3.050000 	 -4.346469 
3.060000 	 -2.489991 
3.070000 	 -1.054242 
3.080000 	 -2.753911 
3.090000 	 -2.743679 
3.100000 	 -2.568556 
3.110000 	 -2.521615 
3.120000 	 -2.529102 
3.130000 	 -2.329002 
3.140000 	 -2.925166 
3.150000 	 -3.730640 
3.160000 	 -3.803793 
3.170000 	 -3.216766 
3.180000 	 -3.238005 
3.190000 	 -3.762761 
3.200000 	 -2.444196 
3.210000 	 -4.038832 
3.220000 	 -4.255059 
3.230000 	 -3.330566 
3.240000 	 -4.496694 
3.250000 	 -4.592583 
3.260000 	 -3.250526 
3.270000 	 -3.839576 
3.280000 	 -3.406638 
3.290000 	 -3.056542 
3.300000 	 -4.229147 
3.310000 	 -4.785455 
3.320000 	 -2.578306 
3.330000 	 -3.485678 
3.340000 	 -3.410050 
3.350000 	 -4.103166 
3.360000 	 -2.417607 
3.370000 	 -3.966295 
3.380000 	 -2.844524 
3.390000 	 -4.435498 
3.400000 	 -3.452334 
3.410000 	 -2.839350 
3.420000 	 -2.862000 
3.430000 	 -4.521226 
3.440000 	 -3.501106 
3.450000 	 -3.208106 
3.460000 	 -3.164496 
3.470000 	 -1.861140 
3.480000 	 -3.496691 
3.490000 	 -2.034467 
3.500000 	 -3.121719 
3.510000 	 -4.704013 
3.520000 	 -3.834704 
3.530000 	 -4.498856 
3.540000 	 -4.241045 
3.550000 	 -4.954305 
3.560000 	 -4.205658 
3.570000 	 -3.228161 
3.580000 	 -2.436127 
3.590000 	 -3.788152 
3.600000 	 -4.006905 
3.610000 	 -4.094063 
3.620000 	 -2.931742 
3.630000 	 -3.922631 
3.640000 	 -4.689901 
3.650000 	 -3.007098 
3.660000 	 -4.874241 
3.670000 	 -2.554815 
3.680000 	 -2.981875 
3.690000 	 -3.392189 
3.700000 	 -4.223805 
3.710000 	 -4.358792 
3.720000 	 -3.995211 
3.730000 	 -3.719478 
3.740000 	 -3.846010 
3.750000 	 -4.830293 
3.760000 	 -3.922140 
3.770000 	 -3.745424 
3.780000 	 -4.780853 
3.790000 	 -4.491098 
3.800000 	 -4.385949 
3.810000 	 -3.183438 
3.820000 	 -4.474210 
3.830000 	 -2.843632 
3.840000 	 -4.200983 
3.850000 	 -2.676239 
3.860000 	 -3.512198 
3.870000 	 -4.410825 
3.880000 	 -5.511788 
3.890000 	 -4.533671 
3.900000 	 -4.643197 
3.910000 	 -3.660544 
3.920000 	 -5.274398 
3.930000 	 -5.100061 
3.940000 	 -4.890807 
3.950000 	 -3.328518 
3.960000 	 -4.349707 
3.970000 	 -4.946563 
3.980000 	 -3.766870 
3.990000 	 -4.896012 
4.000000 	 -3.600057 
4.010000 	 -3.997804 
4.020000 	 -4.325971 
4.030000 	 -4.304129 
4.040000 	 -3.854496 
4.050000 	 -3.950313 
4.060000 	 -4.846977 
4.070000 	 -3.781304 
4.080000 	 -4.437538 
4.090000 	 -4.407127 
4.100000 	 -4.954957 
4.110000 	 -5.038113 
4.120000 	 -4.078654 
4.130000 	 -4.374176 
4.140000 	 -4.031913 
4.150000 	 -4.426005 
4.160000 	 -5.514399 
4.170000 	 -4.304754 
4.180000 	 -4.972947 
4.190000 	 -5.399695 
4.200000 	 -4.745458 
4.210000 	 -5.281028 
4.220000 	 -4.675036 
4.230000 	 -3.615278 
4.240000 	 -5.097158 
4.250000 	 -6.089616 
4.260000 	 -4.559854 
4.270000 	 -3.904383 
4.280000 	 -3.892846 
4.290000 	 -3.523717 
4.300000 	 -4.130246 
4.310000 	 -5.389032 
4.320000 	 -5.403609 
4.330000 	 -4.458941 
4.340000 	 -5.846029 
4.350000 	 -5.418171 
4.360000 	 -4.584009 
4.370000 	 -6.017651 
4.380000 	 -4.462605 
4.390000 	 -5.059177 
4.400000 	 -4.887354 
4.410000 	 -4.901632 
4.420000 	 -3.367885 
4.430000 	 -5.670890 
4.440000 	 -4.851133 
4.450000 	 -4.978530 
4.460000 	 -5.192815 
4.470000 	 -3.545966 
4.480000 	 -4.924139 
4.490000 	 -3.300764 
4.500000 	 -3.279296 
4.510000 	 -4.209763 
4.520000 	 -5.259381 
4.530000 	 -5.828052 
4.540000 	 -5.724842 
4.550000 	 -5.498831 
4.560000 	 -4.828538 
4.570000 	 -5.507377 
4.580000 	 -5.583259 
4.590000 	 -5.068208 
4.600000 	 -4.394325 
4.610000 	 -4.448484 
4.620000 	 -5.236577 
4.630000 	 -4.521813 
4.640000 	 -5.107696 
4.650000 	 -5.327998 
4.660000 	 -4.481840 
4.670000 	 -4.616618 
4.680000 	 -6.283083 
4.690000 	 -3.584976 
4.700000 	 -4.743030 
4.710000 	 -5.879838 
4.720000 	 -5.414548 
4.730000 	 -4.264248 
4.740000 	 -6.411712 
4.750000 	 -5.521067 
4.760000 	 -5.320580 
4.770000 	 -5.362488 
4.780000 	 -4.843032 
4.790000 	 -5.496425 
4.800000 	 -6.067543 
4.810000 	 -5.039783 
4.820000 	 -5.034317 
4.830000 	 -5.059487 
4.840000 	 -4.435347 
4.850000 	 -5.894649 
4.860000 	 -3.305443 
4.870000 	 -4.761287 
4.880000 	 -5.225523 
4.890000 	 -4.491208 
4.900000 	 -4.669155 
4.910000 	 -4.605300 
4.920000 	 -5.998492 
4.930000 	 -6.871630 
4.940000 	 -4.611148 
4.950000 	 -5.716779 
4.960000 	 -4.146681 
4.970000 	 -5.106302 
4.980000 	 -7.493887 
4.990000 	 -5.407474 
5.000000 	 -4.051471 
