0.000000 	 1.358576 
0.010000 	 1.464782 
0.020000 	 1.641834 
0.030000 	 0.147489 
0.040000 	 1.087350 
0.050000 	 1.396795 
0.060000 	 0.711113 
0.070000 	 1.191257 
0.080000 	 -0.182838 
0.090000 	 2.272685 
0.100000 	 0.573925 
0.110000 	 -0.024898 
0.120000 	 0.289173 
0.130000 	 0.688430 
0.140000 	 -0.679733 
0.150000 	 1.334826 
0.160000 	 1.136287 
0.170000 	 0.745811 
0.180000 	 -0.031598 
0.190000 	 0.226562 
0.200000 	 1.058167 
0.210000 	 0.255700 
0.220000 	 0.130761 
0.230000 	 1.552383 
0.240000 	 0.554502 
0.250000 	 -0.156815 
0.260000 	 0.774801 
0.270000 	 0.707362 
0.280000 	 0.632564 
0.290000 	 0.630104 
0.300000 	 0.542865 
0.310000 	 -0.437329 
0.320000 	 -0.579138 
0.330000 	 0.112555 
0.340000 	 0.251294 
0.350000 	 0.277403 
0.360000 	 -0.057313 
0.370000 	 -0.368889 
0.380000 	 0.318675 
0.390000 	 0.062645 
0.400000 	 0.740675 
0.410000 	 2.215615 
0.420000 	 1.283895 
0.430000 	 -0.304658 
0.440000 	 -1.441675 
0.450000 	 0.876324 
0.460000 	 -0.665746 
0.470000 	 -0.741804 
0.480000 	 -0.554210 
0.490000 	 0.154675 
0.500000 	 -1.330021 
0.510000 	 -1.312368 
0.520000 	 0.845926 
0.530000 	 -0.339183 
0.540000 	 -0.742560 
0.550000 	 -0.832967 
0.560000 	 -1.790444 
0.570000 	 -0.128801 
0.580000 	 0.943247 
0.590000 	 0.839863 
0.600000 	 -1.822785 
0.610000 	 0.209150 
0.620000 	 -0.021365 
0.630000 	 1.151243 
0.640000 	 0.126656 
0.650000 	 -0.480160 
0.660000 	 1.436850 
0.670000 	 1.575057 
0.680000 	 -1.620037 
0.690000 	 -0.394020 
0.700000 	 -1.334963 
0.710000 	 -0.093822 
0.720000 	 -0.162723 
0.730000 	 -0.586723 
0.740000 	 0.635294 
0.750000 	 0.665292 
0.760000 	 0.042655 
0.770000 	 -0.700641 
0.780000 	 0.918568 
0.790000 	 -0.181393 
0.800000 	 -0.502193 
0.810000 	 -0.471960 
0.820000 	 -0.085048 
0.830000 	 -1.216107 
0.840000 	 -0.993994 
0.850000 	 0.094624 
0.860000 	 -1.841277 
0.870000 	 -0.421962 
0.880000 	 0.106949 
0.890000 	 -0.608307 
0.900000 	 -1.102076 
0.910000 	 -0.037973 
0.920000 	 0.351408 
0.930000 	 -1.180699 
0.940000 	 0.268110 
0.950000 	 -0.520877 
0.960000 	 -0.275879 
0.970000 	 -0.782446 
0.980000 	 -0.772853 
0.990000 	 -0.364009 
1.000000 	 0.072823 
1.010000 	 -0.328333 
1.020000 	 -0.834716 
1.030000 	 -0.201484 
1.040000 	 -2.627793 
1.050000 	 -0.311429 
1.060000 	 0.657120 
1.070000 	 -1.442211 
1.080000 	 -0.801737 
1.090000 	 -1.005334 
1.100000 	 -1.442540 
1.110000 	 0.342245 
1.120000 	 0.048771 
1.130000 	 -1.366637 
1.140000 	 -0.638382 
1.150000 	 -2.069718 
1.160000 	 -1.544025 
1.170000 	 -0.908439 
1.180000 	 -0.347186 
1.190000 	 -1.059557 
1.200000 	 0.256939 
1.210000 	 -0.953228 
1.220000 	 -1.108599 
1.230000 	 -2.750752 
1.240000 	 -0.936550 
1.250000 	 -1.496754 
1.260000 	 -0.812084 
1.270000 	 -1.177763 
1.280000 	 -0.715254 
1.290000 	 -1.478963 
1.300000 	 -1.488204 
1.310000 	 -1.700280 
1.320000 	 -0.908006 
1.330000 	 -1.754576 
1.340000 	 -1.625792 
1.350000 	 -0.577936 
1.360000 	 -0.796557 
1.370000 	 -0.212465 
1.380000 	 -1.222001 
1.390000 	 -1.400025 
1.400000 	 -1.866235 
1.410000 	 -1.931459 
1.420000 	 -2.183727 
1.430000 	 -1.576969 
1.440000 	 -1.273514 
1.450000 	 0.087847 
1.460000 	 -1.786040 
1.470000 	 -1.456906 
1.480000 	 -0.561455 
1.490000 	 -1.457184 
1.500000 	 -1.334412 
1.510000 	 -0.929418 
1.520000 	 -0.058489 
1.530000 	 -1.125367 
1.540000 	 -0.484029 
1.550000 	 -1.332329 
1.560000 	 -2.043034 
1.570000 	 -0.642020 
1.580000 	 -1.793739 
1.590000 	 0.255816 
1.600000 	 -1.274456 
1.610000 	 -0.140106 
1.620000 	 -2.244671 
1.630000 	 -1.300671 
1.640000 	 -0.857453 
1.650000 	 -1.705503 
1.660000 	 -1.908346 
1.670000 	 -0.971826 
1.680000 	 -2.607771 
1.690000 	 -1.168717 
1.700000 	 -1.522835 
1.710000 	 -1.772551 
1.720000 	 -1.809527 
1.730000 	 -2.238044 
1.740000 	 -2.095443 
1.750000 	 -0.828142 
1.760000 	 -1.212040 
1.770000 	 -2.202877 
1.780000 	 -2.610260 
1.790000 	 -2.005061 
1.800000 	 -0.226846 
1.810000 	 -2.245868 
1.820000 	 -1.513938 
1.830000 	 -2.361568 
1.840000 	 -0.911025 
1.850000 	 -1.849885 
1.860000 	 -2.038823 
1.870000 	 0.127349 
1.880000 	 -1.189391 
1.890000 	 -1.745039 
1.900000 	 -0.733040 
1.910000 	 -1.054472 
1.920000 	 -2.314895 
1.930000 	 -1.668746 
1.940000 	 -2.344931 
1.950000 	 -1.048571 
1.960000 	 -1.584307 
1.970000 	 -2.144200 
1.980000 	 -3.152929 
1.990000 	 -2.128308 
2.000000 	 -0.733354 
2.010000 	 -2.867481 
2.020000 	 -1.305008 
2.030000 	 -2.739417 
2.040000 	 -1.812933 
2.050000 	 -1.157446 
2.060000 	 -1.796320 
2.070000 	 -2.238728 
2.080000 	 -0.735759 
2.090000 	 -1.601014 
2.100000 	 -1.998340 
2.110000 	 -1.544703 
2.120000 	 -2.512401 
2.130000 	 -2.257884 
2.140000 	 -2.401423 
2.150000 	 -1.829966 
2.160000 	 -1.989417 
2.170000 	 -3.220999 
2.180000 	 -0.482394 
2.190000 	 -0.747147 
2.200000 	 -0.495573 
2.210000 	 -2.135896 
2.220000 	 -2.150041 
2.230000 	 -2.046640 
2.240000 	 -0.156089 
2.250000 	 -1.811975 
2.260000 	 -3.498910 
2.270000 	 -0.747937 
2.280000 	 -2.633090 
2.290000 	 -2.198037 
2.300000 	 -2.904265 
2.310000 	 -2.766823 
2.320000 	 -2.128171 
2.330000 	 -2.190464 
2.340000 	 -2.715968 
2.350000 	 -1.941993 
2.360000 	 -2.556132 
2.370000 	 -1.979054 
2.380000 	 -2.686266 
2.390000 	 -1.688617 
2.400000 	 -3.468815 
2.410000 	 -1.560414 
2.420000 	 -1.643073 
2.430000 	 -1.469498 
2.440000 	 -2.250610 
2.450000 	 -3.498229 
2.460000 	 -1.627616 
2.470000 	 -3.043378 
2.480000 	 -0.912844 
2.490000 	 -3.650198 
2.500000 	 -1.726740 
2.510000 	 -2.068834 
2.520000 	 -1.946375 
2.530000 	 -3.119385 
2.540000 	 -2.883163 
2.550000 	 -3.190899 
2.560000 	 -2.953491 
2.570000 	 -1.716322 
2.580000 	 -2.747086 
2.590000 	 -2.166422 
2.600000 	 -3.696706 
2.610000 	 -3.332314 
2.620000 	 -1.681972 
2.630000 	 -2.278903 
2.640000 	 -2.507025 
2.650000 	 -3.378960 
2.660000 	 -1.782390 
2.670000 	 -3.377933 
2.680000 	 -3.481376 
2.690000 	 -4.507523 
2.700000 	 -2.632092 
2.710000 	 -3.520557 
2.720000 	 -2.876842 
2.730000 	 -1.954877 
2.740000 	 -3.375616 
2.750000 	 -3.032467 
2.760000 	 -1.973552 
2.770000 	 -2.676295 
2.780000 	 -3.201758 
2.790000 	 -4.196958 
2.800000 	 -2.831762 
2.810000 	 -2.105005 
2.820000 	 -1.674654 
2.830000 	 -2.477504 
2.840000 	 -3.307331 
2.850000 	 -2.859535 
2.860000 	 -1.281910 
2.870000 	 -2.740871 
2.880000 	 -4.100921 
2.890000 	 -2.899565 
2.900000 	 -5.220049 
2.910000 	 -3.513739 
2.920000 	 -0.842500 
2.930000 	 -3.104230 
2.940000 	 -3.488033 
2.950000 	 -2.804571 
2.960000 	 -2.511313 
2.970000 	 -1.916925 
2.980000 	 -2.886017 
2.990000 	 -3.887607 
3.000000 	 -3.395510 
3.010000 	 -3.417573 
3.020000 	 -4.902760 
3.030000 	 -4.461399 
3.040000 	 -2.524466 
3.050000 	 -3.909886 
3.060000 	 -4.656601 
3.070000 	 -2.984446 
3.080000 	 -2.091151 
3.090000 	 -2.649099 
3.100000 	 -4.455750 
3.110000 	 -3.869222 
3.120000 	 -3.331755 
3.130000 	 -3.693285 
3.140000 	 -3.081720 
3.150000 	 -4.421126 
3.160000 	 -3.838540 
3.170000 	 -3.448183 
3.180000 	 -3.435983 
3.190000 	 -5.270321 
3.200000 	 -4.044220 
3.210000 	 -2.346334 
3.220000 	 -2.988849 
3.230000 	 -3.257819 
3.240000 	 -4.086741 
3.250000 	 -3.660863 
3.260000 	 -2.893263 
3.270000 	 -3.464273 
3.280000 	 -3.956351 
3.290000 	 -3.651820 
3.300000 	 -2.519612 
3.310000 	 -2.908023 
3.320000 	 -3.981405 
3.330000 	 -4.297921 
3.340000 	 -2.341187 
3.350000 	 -2.793751 
3.360000 	 -2.153839 
3.370000 	 -3.270134 
3.380000 	 -3.583711 
3.390000 	 -2.649969 
3.400000 	 -3.692974 
3.410000 	 -4.265608 
3.420000 	 -2.869370 
3.430000 	 -2.909508 
3.440000 	 -2.459278 
3.450000 	 -3.702391 
3.460000 	 -4.176644 
3.470000 	 -2.491300 
3.480000 	 -4.502588 
3.490000 	 -4.087634 
3.500000 	 -4.577211 
3.510000 	 -3.536758 
3.520000 	 -4.422319 
3.530000 	 -4.752299 
3.540000 	 -3.285011 
3.550000 	 -3.191656 
3.560000 	 -2.680522 
3.570000 	 -2.547148 
3.580000 	 -2.753983 
3.590000 	 -3.147435 
3.600000 	 -3.868927 
3.610000 	 -2.747350 
3.620000 	 -3.895027 
3.630000 	 -3.250667 
3.640000 	 -3.595962 
3.650000 	 -3.294565 
3.660000 	 -4.170642 
3.670000 	 -3.441454 
3.680000 	 -5.015169 
3.690000 	 -2.700882 
3.700000 	 -3.026311 
3.710000 	 -4.722927 
3.720000 	 -4.759888 
3.730000 	 -3.155667 
3.740000 	 -3.166353 
3.750000 	 -3.070713 
3.760000 	 -4.961810 
3.770000 	 -3.412481 
3.780000 	 -4.589406 
3.790000 	 -4.993252 
3.800000 	 -4.121720 
3.810000 	 -4.219385 
3.820000 	 -5.459026 
3.830000 	 -3.629483 
3.840000 	 -3.548915 
3.850000 	 -4.530763 
3.860000 	 -2.635056 
3.870000 	 -4.013768 
3.880000 	 -4.467042 
3.890000 	 -4.671637 
3.900000 	 -4.263431 
3.910000 	 -4.595597 
3.920000 	 -3.506985 
3.930000 	 -5.228904 
3.940000 	 -3.474620 
3.950000 	 -4.939277 
3.960000 	 -4.244317 
3.970000 	 -3.685938 
3.980000 	 -5.143131 
3.990000 	 -4.547178 
4.000000 	 -4.054444 
4.010000 	 -4.182542 
4.020000 	 -3.932432 
4.030000 	 -3.903199 
4.040000 	 -3.547378 
4.050000 	 -5.066496 
4.060000 	 -5.264500 
4.070000 	 -4.784049 
4.080000 	 -4.676550 
4.090000 	 -5.196561 
4.100000 	 -3.561206 
4.110000 	 -5.506259 
4.120000 	 -5.011265 
4.130000 	 -3.530987 
4.140000 	 -3.977138 
4.150000 	 -3.937001 
4.160000 	 -2.273880 
4.170000 	 -4.649261 
4.180000 	 -3.308939 
4.190000 	 -4.647543 
4.200000 	 -5.112970 
4.210000 	 -5.085465 
4.220000 	 -5.129547 
4.230000 	 -4.316999 
4.240000 	 -3.848723 
4.250000 	 -3.609305 
4.260000 	 -3.870762 
4.270000 	 -5.630845 
4.280000 	 -5.033220 
4.290000 	 -3.772748 
4.300000 	 -4.710427 
4.310000 	 -3.877269 
4.320000 	 -5.310537 
4.330000 	 -6.416301 
4.340000 	 -4.717666 
4.350000 	 -5.031865 
4.360000 	 -5.891853 
4.370000 	 -4.832982 
4.380000 	 -5.605289 
4.390000 	 -5.555040 
4.400000 	 -4.797728 
4.410000 	 -4.938156 
4.420000 	 -4.234059 
4.430000 	 -4.113078 
4.440000 	 -4.326174 
4.450000 	 -6.176216 
4.460000 	 -4.167576 
4.470000 	 -4.930132 
4.480000 	 -4.738510 
4.490000 	 -4.104323 
4.500000 	 -4.178180 
4.510000 	 -4.191229 
4.520000 	 -5.004270 
4.530000 	 -6.139343 
4.540000 	 -3.836244 
4.550000 	 -4.878681 
4.560000 	 -5.134358 
4.570000 	 -5.945855 
4.580000 	 -4.858640 
4.590000 	 -4.911536 
4.600000 	 -5.198717 
4.610000 	 -4.232318 
4.620000 	 -6.280901 
4.630000 	 -5.652373 
4.640000 	 -6.779642 
4.650000 	 -4.425011 
4.660000 	 -4.073319 
4.670000 	 -5.575627 
4.680000 	 -6.730992 
4.690000 	 -3.991755 
4.700000 	 -5.914947 
4.710000 	 -4.702299 
4.720000 	 -6.043651 
4.730000 	 -5.732298 
4.740000 	 -5.101403 
4.750000 	 -4.958868 
4.760000 	 -5.228074 
4.770000 	 -4.875554 
4.780000 	 -3.703059 
4.790000 	 -6.239803 
4.800000 	 -6.124304 
4.810000 	 -4.816890 
4.820000 	 -3.409368 
4.830000 	 -5.823103 
4.840000 	 -5.278892 
4.850000 	 -5.407554 
4.860000 	 -4.362279 
4.870000 	 -4.840493 
4.880000 	 -4.584169 
4.890000 	 -3.677496 
4.900000 	 -5.278238 
4.910000 	 -4.489021 
4.920000 	 -3.734251 
4.930000 	 -5.729975 
4.940000 	 -5.463789 
4.950000 	 -4.972250 
4.960000 	 -6.201712 
4.970000 	 -5.808262 
4.980000 	 -6.175717 
4.990000 	 -5.569318 
5.000000 	 -4.899044 
