0.000000 	 -0.802368 
0.010000 	 1.374720 
0.020000 	 0.776388 
0.030000 	 0.920475 
0.040000 	 0.213888 
0.050000 	 -0.189670 
0.060000 	 -0.536879 
0.070000 	 1.072533 
0.080000 	 0.799834 
0.090000 	 0.395023 
0.100000 	 1.610546 
0.110000 	 1.945847 
0.120000 	 1.815239 
0.130000 	 1.355944 
0.140000 	 0.589253 
0.150000 	 0.410167 
0.160000 	 -0.058690 
0.170000 	 0.217815 
0.180000 	 -0.502088 
0.190000 	 1.215159 
0.200000 	 -0.832996 
0.210000 	 1.243208 
0.220000 	 0.890476 
0.230000 	 0.494336 
0.240000 	 0.030353 
0.250000 	 0.344424 
0.260000 	 -0.019455 
0.270000 	 0.900562 
0.280000 	 0.612414 
0.290000 	 0.288976 
0.300000 	 0.758291 
0.310000 	 -0.204909 
0.320000 	 0.461161 
0.330000 	 0.386921 
0.340000 	 0.921296 
0.350000 	 0.421680 
0.360000 	 0.390722 
0.370000 	 0.726712 
0.380000 	 -0.019245 
0.390000 	 -0.732028 
0.400000 	 0.099231 
0.410000 	 0.318844 
0.420000 	 -0.213832 
0.430000 	 0.494250 
0.440000 	 0.432672 
0.450000 	 0.612360 
0.460000 	 0.492820 
0.470000 	 -1.282738 
0.480000 	 -0.143253 
0.490000 	 1.064166 
0.500000 	 -0.723138 
0.510000 	 0.170063 
0.520000 	 -0.134328 
0.530000 	 0.719257 
0.540000 	 0.296004 
0.550000 	 1.019912 
0.560000 	 0.602371 
0.570000 	 -0.563408 
0.580000 	 -0.588592 
0.590000 	 -0.159649 
0.600000 	 0.533436 
0.610000 	 0.522331 
0.620000 	 -0.280125 
0.630000 	 -0.687236 
0.640000 	 2.497898 
0.650000 	 -0.737869 
0.660000 	 1.428562 
0.670000 	 0.627209 
0.680000 	 0.241164 
0.690000 	 -1.072984 
0.700000 	 0.441944 
0.710000 	 0.733352 
0.720000 	 -1.478792 
0.730000 	 0.287450 
0.740000 	 0.207383 
0.750000 	 0.348462 
0.760000 	 -0.071910 
0.770000 	 -0.583430 
0.780000 	 -0.100687 
0.790000 	 -0.517187 
0.800000 	 -0.894448 
0.810000 	 1.027873 
0.820000 	 -1.956394 
0.830000 	 -2.062470 
0.840000 	 -0.739301 
0.850000 	 -0.674797 
0.860000 	 -0.197676 
0.870000 	 -0.538340 
0.880000 	 -0.777657 
0.890000 	 -1.301971 
0.900000 	 -0.826210 
0.910000 	 -0.461363 
0.920000 	 -1.029038 
0.930000 	 -1.286167 
0.940000 	 -2.005739 
0.950000 	 -0.194031 
0.960000 	 -2.407399 
0.970000 	 0.171282 
0.980000 	 0.193250 
0.990000 	 0.089148 
1.000000 	 0.566080 
1.010000 	 0.459819 
1.020000 	 -0.896146 
1.030000 	 -1.046521 
1.040000 	 -1.722155 
1.050000 	 0.087008 
1.060000 	 -0.426977 
1.070000 	 1.175068 
1.080000 	 -1.161861 
1.090000 	 -1.211715 
1.100000 	 -0.349798 
1.110000 	 0.815336 
1.120000 	 0.175349 
1.130000 	 0.410506 
1.140000 	 -0.362065 
1.150000 	 -1.880194 
1.160000 	 -0.317511 
1.170000 	 0.523109 
1.180000 	 -0.439782 
1.190000 	 -0.130880 
1.200000 	 -1.789636 
1.210000 	 -0.856022 
1.220000 	 -0.888789 
1.230000 	 -0.891092 
1.240000 	 -0.505330 
1.250000 	 -2.619392 
1.260000 	 -0.716567 
1.270000 	 -0.418946 
1.280000 	 -2.290423 
1.290000 	 0.157827 
1.300000 	 -0.430358 
1.310000 	 -2.063918 
1.320000 	 -2.080165 
1.330000 	 -0.421880 
1.340000 	 -1.462252 
1.350000 	 -0.341730 
1.360000 	 -1.654855 
1.370000 	 0.059061 
1.380000 	 -1.240932 
1.390000 	 0.273571 
1.400000 	 -1.858942 
1.410000 	 -0.533857 
1.420000 	 -1.588972 
1.430000 	 -0.955084 
1.440000 	 -0.540598 
1.450000 	 -0.104177 
1.460000 	 -0.104633 
1.470000 	 -0.331495 
1.480000 	 -0.546530 
1.490000 	 -0.893693 
1.500000 	 0.744701 
1.510000 	 0.345125 
1.520000 	 -0.263236 
1.530000 	 -0.847202 
1.540000 	 -0.582439 
1.550000 	 -1.259623 
1.560000 	 -1.337079 
1.570000 	 -0.380947 
1.580000 	 -1.223240 
1.590000 	 -1.798409 
1.600000 	 -1.102906 
1.610000 	 -3.079346 
1.620000 	 -1.135163 
1.630000 	 -0.248229 
1.640000 	 -2.185049 
1.650000 	 -1.107962 
1.660000 	 -0.631138 
1.670000 	 -3.814424 
1.680000 	 -1.909255 
1.690000 	 -1.639611 
1.700000 	 1.305955 
1.710000 	 -0.888065 
1.720000 	 -1.908445 
1.730000 	 -2.665314 
1.740000 	 -2.833098 
1.750000 	 -1.626605 
1.760000 	 -2.134206 
1.770000 	 -1.601389 
1.780000 	 -0.061413 
1.790000 	 -2.212590 
1.800000 	 -0.935576 
1.810000 	 -1.075588 
1.820000 	 -0.846378 
1.830000 	 -0.809126 
1.840000 	 -2.792643 
1.850000 	 -2.315999 
1.860000 	 -1.417883 
1.870000 	 -0.777769 
1.880000 	 -1.868630 
1.890000 	 -1.419096 
1.900000 	 -1.165943 
1.910000 	 -2.269627 
1.920000 	 -0.526018 
1.930000 	 -2.721696 
1.940000 	 -1.730409 
1.950000 	 -2.158289 
1.960000 	 -3.164124 
1.970000 	 -0.592723 
1.980000 	 -0.337486 
1.990000 	 -0.803933 
2.000000 	 -1.965262 
2.010000 	 -1.172827 
2.020000 	 -1.777538 
2.030000 	 -2.510209 
2.040000 	 -1.263229 
2.050000 	 -2.543276 
2.060000 	 -2.021834 
2.070000 	 -0.432072 
2.080000 	 -0.608295 
2.090000 	 -2.862578 
2.100000 	 -1.901179 
2.110000 	 -1.521873 
2.120000 	 -0.645321 
2.130000 	 -1.443084 
2.140000 	 -2.168090 
2.150000 	 -2.247898 
2.160000 	 -1.404370 
2.170000 	 -2.688643 
2.180000 	 -1.403048 
2.190000 	 -2.514647 
2.200000 	 -1.353433 
2.210000 	 -2.221247 
2.220000 	 -2.647056 
2.230000 	 -1.167696 
2.240000 	 -3.311851 
2.250000 	 -1.656627 
2.260000 	 -1.839461 
2.270000 	 -3.289283 
2.280000 	 -1.979166 
2.290000 	 -2.479484 
2.300000 	 -1.059553 
2.310000 	 -2.610408 
2.320000 	 -3.313389 
2.330000 	 -1.452320 
2.340000 	 -1.795645 
2.350000 	 -2.582449 
2.360000 	 -1.610790 
2.370000 	 -2.286375 
2.380000 	 -1.951526 
2.390000 	 -1.676677 
2.400000 	 -3.770486 
2.410000 	 -3.419316 
2.420000 	 -3.776408 
2.430000 	 -2.309573 
2.440000 	 -2.596557 
2.450000 	 -0.519868 
2.460000 	 -4.802903 
2.470000 	 -3.079716 
2.480000 	 -1.525713 
2.490000 	 -2.281949 
2.500000 	 -1.582962 
2.510000 	 -3.694073 
2.520000 	 -2.719820 
2.530000 	 -1.401710 
2.540000 	 -3.187518 
2.550000 	 -2.061870 
2.560000 	 -1.980668 
2.570000 	 -2.353992 
2.580000 	 -4.141449 
2.590000 	 -2.594427 
2.600000 	 -2.392615 
2.610000 	 -2.934226 
2.620000 	 -2.396816 
2.630000 	 -2.567962 
2.640000 	 -2.856933 
2.650000 	 -1.480020 
2.660000 	 -2.496279 
2.670000 	 -3.417580 
2.680000 	 -2.307541 
2.690000 	 -2.903120 
2.700000 	 -3.398152 
2.710000 	 -3.214280 
2.720000 	 -1.098045 
2.730000 	 -2.892222 
2.740000 	 -2.955446 
2.750000 	 -1.161570 
2.760000 	 -3.928206 
2.770000 	 -3.747979 
2.780000 	 -3.258681 
2.790000 	 -4.200508 
2.800000 	 -4.154389 
2.810000 	 -2.636546 
2.820000 	 -0.598847 
2.830000 	 -2.630003 
2.840000 	 -3.499197 
2.850000 	 -2.095403 
2.860000 	 -3.358760 
2.870000 	 -2.702659 
2.880000 	 -3.348099 
2.890000 	 -3.048484 
2.900000 	 -2.616534 
2.910000 	 -2.256037 
2.920000 	 -2.029147 
2.930000 	 -3.744862 
2.940000 	 -4.213957 
2.950000 	 -3.264753 
2.960000 	 -3.544489 
2.970000 	 -3.479151 
2.980000 	 -3.688923 
2.990000 	 -3.661994 
3.000000 	 -3.088534 
3.010000 	 -4.514077 
3.020000 	 -3.179342 
3.030000 	 -4.441273 
3.040000 	 -2.680579 
3.050000 	 -2.854615 
3.060000 	 -2.507224 
3.070000 	 -2.870604 
3.080000 	 -2.565506 
3.090000 	 -2.937125 
3.100000 	 -3.047459 
3.110000 	 -2.836965 
3.120000 	 -3.209227 
3.130000 	 -4.747410 
3.140000 	 -2.275114 
3.150000 	 -4.945790 
3.160000 	 -3.830185 
3.170000 	 -2.862825 
3.180000 	 -2.396230 
3.190000 	 -2.851294 
3.200000 	 -5.043566 
3.210000 	 -3.701856 
3.220000 	 -3.231036 
3.230000 	 -3.305846 
3.240000 	 -3.182869 
3.250000 	 -4.074388 
3.260000 	 -4.237204 
3.270000 	 -2.415220 
3.280000 	 -4.107305 
3.290000 	 -2.424590 
3.300000 	 -3.774367 
3.310000 	 -3.180803 
3.320000 	 -3.428911 
3.330000 	 -2.894000 
3.340000 	 -3.050561 
3.350000 	 -3.947545 
3.360000 	 -2.883939 
3.370000 	 -5.111308 
3.380000 	 -3.077657 
3.390000 	 -3.661859 
3.400000 	 -3.928503 
3.410000 	 -3.475628 
3.420000 	 -3.278922 
3.430000 	 -2.109597 
3.440000 	 -3.914604 
3.450000 	 -3.775890 
3.460000 	 -4.549520 
3.470000 	 -3.279776 
3.480000 	 -3.004008 
3.490000 	 -3.432143 
3.500000 	 -4.075057 
3.510000 	 -3.798205 
3.520000 	 -3.078293 
3.530000 	 -3.323866 
3.540000 	 -3.463641 
3.550000 	 -3.962153 
3.560000 	 -4.126708 
3.570000 	 -3.919593 
3.580000 	 -3.580693 
3.590000 	 -3.167957 
3.600000 	 -2.857112 
3.610000 	 -3.650056 
3.620000 	 -4.937240 
3.630000 	 -3.127164 
3.640000 	 -2.682330 
3.650000 	 -3.021144 
3.660000 	 -4.229838 
3.670000 	 -3.795635 
3.680000 	 -4.309580 
3.690000 	 -4.504330 
3.700000 	 -3.227576 
3.710000 	 -4.647489 
3.720000 	 -5.350195 
3.730000 	 -3.272685 
3.740000 	 -2.822582 
3.750000 	 -3.218253 
3.760000 	 -5.031874 
3.770000 	 -2.836541 
3.780000 	 -3.917713 
3.790000 	 -3.569765 
3.800000 	 -4.250930 
3.810000 	 -3.712010 
3.820000 	 -3.837957 
3.830000 	 -5.586146 
3.840000 	 -4.842156 
3.850000 	 -5.539116 
3.860000 	 -4.170133 
3.870000 	 -3.182773 
3.880000 	 -3.399547 
3.890000 	 -5.391020 
3.900000 	 -3.289724 
3.910000 	 -3.453298 
3.920000 	 -5.260407 
3.930000 	 -6.330557 
3.940000 	 -4.874565 
3.950000 	 -3.432786 
3.960000 	 -4.036343 
3.970000 	 -4.632679 
3.980000 	 -4.855777 
3.990000 	 -2.729534 
4.000000 	 -5.495450 
4.010000 	 -5.265274 
4.020000 	 -4.056660 
4.030000 	 -4.035621 
4.040000 	 -3.792732 
4.050000 	 -3.879604 
4.060000 	 -4.662805 
4.070000 	 -4.507275 
4.080000 	 -6.119518 
4.090000 	 -3.645670 
4.100000 	 -5.085496 
4.110000 	 -3.059435 
4.120000 	 -3.547569 
4.130000 	 -3.253892 
4.140000 	 -4.526202 
4.150000 	 -4.784085 
4.160000 	 -5.421092 
4.170000 	 -5.382981 
4.180000 	 -3.265640 
4.190000 	 -3.278658 
4.200000 	 -5.122915 
4.210000 	 -2.847981 
4.220000 	 -4.962609 
4.230000 	 -3.095072 
4.240000 	 -3.947482 
4.250000 	 -3.618480 
4.260000 	 -4.809041 
4.270000 	 -2.985283 
4.280000 	 -4.416953 
4.290000 	 -4.246837 
4.300000 	 -4.636812 
4.310000 	 -4.173335 
4.320000 	 -3.359022 
4.330000 	 -5.684700 
4.340000 	 -5.316728 
4.350000 	 -4.753317 
4.360000 	 -5.321264 
4.370000 	 -4.313920 
4.380000 	 -5.434661 
4.390000 	 -4.447413 
4.400000 	 -3.712222 
4.410000 	 -4.816909 
4.420000 	 -4.070173 
4.430000 	 -4.261520 
4.440000 	 -5.137331 
4.450000 	 -3.923849 
4.460000 	 -4.547033 
4.470000 	 -5.986072 
4.480000 	 -4.894345 
4.490000 	 -5.093533 
4.500000 	 -4.817279 
4.510000 	 -4.125200 
4.520000 	 -4.270608 
4.530000 	 -5.591982 
4.540000 	 -3.648067 
4.550000 	 -5.536858 
4.560000 	 -6.644926 
4.570000 	 -6.585797 
4.580000 	 -5.013824 
4.590000 	 -5.197443 
4.600000 	 -5.799214 
4.610000 	 -6.291579 
4.620000 	 -5.498699 
4.630000 	 -5.869092 
4.640000 	 -4.647320 
4.650000 	 -6.547955 
4.660000 	 -4.453740 
4.670000 	 -5.600148 
4.680000 	 -6.026246 
4.690000 	 -5.614111 
4.700000 	 -4.750901 
4.710000 	 -6.062901 
4.720000 	 -5.961859 
4.730000 	 -4.941843 
4.740000 	 -4.126325 
4.750000 	 -6.076984 
4.760000 	 -5.281830 
4.770000 	 -4.745222 
4.780000 	 -5.795698 
4.790000 	 -5.987344 
4.800000 	 -5.088019 
4.810000 	 -4.528279 
4.820000 	 -5.404261 
4.830000 	 -4.373649 
4.840000 	 -5.478142 
4.850000 	 -5.753273 
4.860000 	 -5.366810 
4.870000 	 -5.015498 
4.880000 	 -6.400521 
4.890000 	 -6.251589 
4.900000 	 -5.464822 
4.910000 	 -5.446223 
4.920000 	 -6.759116 
4.930000 	 -4.980669 
4.940000 	 -7.104553 
4.950000 	 -6.273657 
4.960000 	 -6.109391 
4.970000 	 -4.203771 
4.980000 	 -5.233818 
4.990000 	 -4.921370 
5.000000 	 -5.636322 
