0.000000 	 1.128169 
0.010000 	 2.765635 
0.020000 	 1.282705 
0.030000 	 -0.076287 
0.040000 	 -0.310543 
0.050000 	 0.776742 
0.060000 	 -1.110111 
0.070000 	 -0.983316 
0.080000 	 0.557512 
0.090000 	 1.001426 
0.100000 	 1.633379 
0.110000 	 1.585758 
0.120000 	 -0.813257 
0.130000 	 0.755761 
0.140000 	 0.940774 
0.150000 	 -0.400440 
0.160000 	 0.024615 
0.170000 	 0.519256 
0.180000 	 0.358345 
0.190000 	 0.039787 
0.200000 	 -0.093220 
0.210000 	 -0.037440 
0.220000 	 -0.941399 
0.230000 	 0.113439 
0.240000 	 2.011339 
0.250000 	 -0.693748 
0.260000 	 0.885128 
0.270000 	 0.969640 
0.280000 	 0.580341 
0.290000 	 0.813221 
0.300000 	 0.146571 
0.310000 	 -0.986324 
0.320000 	 -0.276586 
0.330000 	 -0.195104 
0.340000 	 0.686128 
0.350000 	 0.889419 
0.360000 	 0.087528 
0.370000 	 0.528938 
0.380000 	 -0.105259 
0.390000 	 -0.260514 
0.400000 	 -0.434803 
0.410000 	 0.236262 
0.420000 	 0.021342 
0.430000 	 -0.502012 
0.440000 	 -0.196564 
0.450000 	 -0.013953 
0.460000 	 -1.123879 
0.470000 	 -0.362275 
0.480000 	 -0.474791 
0.490000 	 1.071713 
0.500000 	 -0.833512 
0.510000 	 0.741137 
0.520000 	 1.217224 
0.530000 	 -0.003036 
0.540000 	 -0.136619 
0.550000 	 1.020891 
0.560000 	 -0.539652 
0.570000 	 -0.769698 
0.580000 	 -0.157899 
0.590000 	 2.797255 
0.600000 	 -0.019360 
0.610000 	 -0.877058 
0.620000 	 -1.964449 
0.630000 	 -0.702609 
0.640000 	 -0.464896 
0.650000 	 0.377128 
0.660000 	 -0.744294 
0.670000 	 -0.199610 
0.680000 	 -0.478956 
0.690000 	 0.373497 
0.700000 	 1.163385 
0.710000 	 -0.014221 
0.720000 	 -0.364215 
0.730000 	 -0.107106 
0.740000 	 0.540753 
0.750000 	 0.118835 
0.760000 	 0.673803 
0.770000 	 -1.423723 
0.780000 	 -1.365220 
0.790000 	 0.358632 
0.800000 	 0.087888 
0.810000 	 -0.031656 
0.820000 	 -0.028274 
0.830000 	 -1.413039 
0.840000 	 0.131441 
0.850000 	 -0.716923 
0.860000 	 -0.839179 
0.870000 	 -1.190221 
0.880000 	 -0.030811 
0.890000 	 -1.332348 
0.900000 	 0.343511 
0.910000 	 -0.237477 
0.920000 	 -1.250981 
0.930000 	 -1.038622 
0.940000 	 -0.324111 
0.950000 	 -0.485478 
0.960000 	 -1.279598 
0.970000 	 -1.464906 
0.980000 	 0.606120 
0.990000 	 0.142049 
1.000000 	 0.832157 
1.010000 	 -0.943742 
1.020000 	 -0.179679 
1.030000 	 -0.304666 
1.040000 	 -1.283050 
1.050000 	 -0.354253 
1.060000 	 -0.958007 
1.070000 	 0.178363 
1.080000 	 -0.625382 
1.090000 	 -0.170267 
1.100000 	 -0.807079 
1.110000 	 -2.109391 
1.120000 	 -1.720138 
1.130000 	 -1.281222 
1.140000 	 -0.198553 
1.150000 	 -0.989959 
1.160000 	 -2.472981 
1.170000 	 -1.681938 
1.180000 	 -1.121702 
1.190000 	 -0.728764 
1.200000 	 0.689121 
1.210000 	 -1.151550 
1.220000 	 -1.564208 
1.230000 	 -1.081606 
1.240000 	 -0.333515 
1.250000 	 -0.514154 
1.260000 	 -1.556797 
1.270000 	 -1.761453 
1.280000 	 -1.426411 
1.290000 	 -0.942356 
1.300000 	 -0.378209 
1.310000 	 -2.777557 
1.320000 	 -0.365612 
1.330000 	 -1.124398 
1.340000 	 0.290504 
1.350000 	 -1.138271 
1.360000 	 -0.519020 
1.370000 	 0.008735 
1.380000 	 -0.904928 
1.390000 	 -1.835703 
1.400000 	 -0.815913 
1.410000 	 -0.905520 
1.420000 	 -0.455451 
1.430000 	 -0.238169 
1.440000 	 -1.407572 
1.450000 	 -1.181761 
1.460000 	 -1.107473 
1.470000 	 0.091173 
1.480000 	 -1.404427 
1.490000 	 -0.033029 
1.500000 	 -1.662977 
1.510000 	 -0.622720 
1.520000 	 -1.408290 
1.530000 	 -0.802862 
1.540000 	 -0.634786 
1.550000 	 -1.261426 
1.560000 	 -0.586192 
1.570000 	 -0.670910 
1.580000 	 -0.225587 
1.590000 	 0.414973 
1.600000 	 -4.288156 
1.610000 	 -1.313649 
1.620000 	 -2.010998 
1.630000 	 -1.041131 
1.640000 	 -1.213297 
1.650000 	 -0.643345 
1.660000 	 -2.082399 
1.670000 	 0.251461 
1.680000 	 0.064763 
1.690000 	 -1.261837 
1.700000 	 -1.832300 
1.710000 	 -1.735796 
1.720000 	 -0.034551 
1.730000 	 -1.919091 
1.740000 	 -1.680094 
1.750000 	 -0.840356 
1.760000 	 -2.353011 
1.770000 	 -0.852961 
1.780000 	 -1.610142 
1.790000 	 -1.211088 
1.800000 	 -0.775336 
1.810000 	 -3.484047 
1.820000 	 -2.360436 
1.830000 	 -1.600620 
1.840000 	 -1.330620 
1.850000 	 -1.823519 
1.860000 	 -1.433246 
1.870000 	 -1.757061 
1.880000 	 -0.375648 
1.890000 	 -0.999367 
1.900000 	 -1.398794 
1.910000 	 -0.534668 
1.920000 	 -2.416919 
1.930000 	 -1.602109 
1.940000 	 -0.942189 
1.950000 	 -2.904484 
1.960000 	 -1.848276 
1.970000 	 -1.511532 
1.980000 	 -1.231306 
1.990000 	 -1.503643 
2.000000 	 -3.288744 
2.010000 	 -2.562383 
2.020000 	 -2.546191 
2.030000 	 -2.096092 
2.040000 	 -2.753146 
2.050000 	 -0.130816 
2.060000 	 -0.218166 
2.070000 	 -2.237938 
2.080000 	 -1.738168 
2.090000 	 -1.588388 
2.100000 	 -1.387811 
2.110000 	 -3.025918 
2.120000 	 -1.509904 
2.130000 	 -3.828798 
2.140000 	 -2.394650 
2.150000 	 -2.854738 
2.160000 	 -1.651547 
2.170000 	 -2.875073 
2.180000 	 -2.609780 
2.190000 	 -2.418295 
2.200000 	 -2.250671 
2.210000 	 -2.002928 
2.220000 	 -1.957651 
2.230000 	 -1.055752 
2.240000 	 -1.690569 
2.250000 	 -2.076576 
2.260000 	 -2.736846 
2.270000 	 -1.897657 
2.280000 	 -2.603243 
2.290000 	 -2.043223 
2.300000 	 -3.160666 
2.310000 	 -2.087033 
2.320000 	 -2.568610 
2.330000 	 -2.136889 
2.340000 	 -0.897021 
2.350000 	 -2.299181 
2.360000 	 -2.084868 
2.370000 	 -3.409991 
2.380000 	 -3.192401 
2.390000 	 -2.605029 
2.400000 	 -2.236475 
2.410000 	 -1.768564 
2.420000 	 -1.090224 
2.430000 	 -1.520644 
2.440000 	 -2.822664 
2.450000 	 -2.455558 
2.460000 	 -0.981991 
2.470000 	 -3.163104 
2.480000 	 -1.806918 
2.490000 	 -2.802973 
2.500000 	 -1.564167 
2.510000 	 -1.709442 
2.520000 	 -1.768956 
2.530000 	 -1.746571 
2.540000 	 -3.905179 
2.550000 	 -1.449173 
2.560000 	 -3.851563 
2.570000 	 -2.399577 
2.580000 	 -2.571388 
2.590000 	 -1.755472 
2.600000 	 -2.592987 
2.610000 	 -1.835133 
2.620000 	 -3.271082 
2.630000 	 -1.230213 
2.640000 	 -3.384656 
2.650000 	 -1.438861 
2.660000 	 -0.338468 
2.670000 	 -2.043116 
2.680000 	 -1.943542 
2.690000 	 -2.038824 
2.700000 	 -2.959639 
2.710000 	 -2.837856 
2.720000 	 -3.751279 
2.730000 	 -3.160616 
2.740000 	 -2.748475 
2.750000 	 -3.179063 
2.760000 	 -3.000377 
2.770000 	 -1.034042 
2.780000 	 -2.641564 
2.790000 	 -2.677731 
2.800000 	 -0.648589 
2.810000 	 -2.913479 
2.820000 	 -2.900080 
2.830000 	 -4.021071 
2.840000 	 -2.882491 
2.850000 	 -4.730551 
2.860000 	 -2.378170 
2.870000 	 -2.782257 
2.880000 	 -2.982152 
2.890000 	 -3.279040 
2.900000 	 -3.053882 
2.910000 	 -2.231463 
2.920000 	 -1.373138 
2.930000 	 -3.086776 
2.940000 	 -1.564560 
2.950000 	 -2.422350 
2.960000 	 -3.804902 
2.970000 	 -2.580743 
2.980000 	 -3.024796 
2.990000 	 -4.051539 
3.000000 	 -3.102558 
3.010000 	 -2.453841 
3.020000 	 -3.569120 
3.030000 	 -4.033313 
3.040000 	 -2.791655 
3.050000 	 -3.876655 
3.060000 	 -2.580038 
3.070000 	 -3.131594 
3.080000 	 -3.266471 
3.090000 	 -3.447485 
3.100000 	 -5.031336 
3.110000 	 -3.288132 
3.120000 	 -3.707187 
3.130000 	 -3.312112 
3.140000 	 -4.518501 
3.150000 	 -3.654421 
3.160000 	 -2.282253 
3.170000 	 -2.832393 
3.180000 	 -3.504884 
3.190000 	 -2.488127 
3.200000 	 -4.818092 
3.210000 	 -5.842283 
3.220000 	 -3.107682 
3.230000 	 -3.809185 
3.240000 	 -4.225485 
3.250000 	 -3.820398 
3.260000 	 -4.151591 
3.270000 	 -3.518662 
3.280000 	 -2.720836 
3.290000 	 -3.130726 
3.300000 	 -2.499338 
3.310000 	 -5.346758 
3.320000 	 -2.614955 
3.330000 	 -2.322106 
3.340000 	 -3.895402 
3.350000 	 -2.315158 
3.360000 	 -4.165383 
3.370000 	 -2.924955 
3.380000 	 -4.046344 
3.390000 	 -4.225962 
3.400000 	 -2.321838 
3.410000 	 -3.365257 
3.420000 	 -2.759876 
3.430000 	 -4.170009 
3.440000 	 -3.993682 
3.450000 	 -2.824436 
3.460000 	 -4.144043 
3.470000 	 -2.526888 
3.480000 	 -4.413799 
3.490000 	 -3.484565 
3.500000 	 -5.027288 
3.510000 	 -2.986246 
3.520000 	 -3.366722 
3.530000 	 -3.208607 
3.540000 	 -4.209837 
3.550000 	 -4.774658 
3.560000 	 -2.926232 
3.570000 	 -3.918451 
3.580000 	 -3.487231 
3.590000 	 -5.328744 
3.600000 	 -4.130857 
3.610000 	 -4.254743 
3.620000 	 -3.203423 
3.630000 	 -4.550036 
3.640000 	 -3.751837 
3.650000 	 -3.631666 
3.660000 	 -4.055297 
3.670000 	 -3.206026 
3.680000 	 -4.131421 
3.690000 	 -4.046816 
3.700000 	 -2.969302 
3.710000 	 -4.514946 
3.720000 	 -2.456276 
3.730000 	 -3.991420 
3.740000 	 -2.346526 
3.750000 	 -5.354241 
3.760000 	 -4.153343 
3.770000 	 -4.248992 
3.780000 	 -4.819044 
3.790000 	 -4.779063 
3.800000 	 -4.256787 
3.810000 	 -2.032858 
3.820000 	 -5.011083 
3.830000 	 -3.869222 
3.840000 	 -4.141312 
3.850000 	 -2.335169 
3.860000 	 -3.373362 
3.870000 	 -4.845082 
3.880000 	 -4.690319 
3.890000 	 -4.519090 
3.900000 	 -3.642768 
3.910000 	 -3.543428 
3.920000 	 -5.514524 
3.930000 	 -3.468737 
3.940000 	 -4.637978 
3.950000 	 -4.412679 
3.960000 	 -3.652257 
3.970000 	 -5.057782 
3.980000 	 -4.129733 
3.990000 	 -5.037493 
4.000000 	 -4.575913 
4.010000 	 -5.108617 
4.020000 	 -4.364248 
4.030000 	 -3.740076 
4.040000 	 -2.518148 
4.050000 	 -5.222540 
4.060000 	 -3.912409 
4.070000 	 -3.873509 
4.080000 	 -4.319450 
4.090000 	 -3.531414 
4.100000 	 -6.217921 
4.110000 	 -4.816308 
4.120000 	 -3.895938 
4.130000 	 -6.255338 
4.140000 	 -5.806458 
4.150000 	 -5.009895 
4.160000 	 -4.693732 
4.170000 	 -4.036507 
4.180000 	 -4.887309 
4.190000 	 -6.081841 
4.200000 	 -4.562165 
4.210000 	 -4.763174 
4.220000 	 -4.045599 
4.230000 	 -4.115938 
4.240000 	 -4.475092 
4.250000 	 -5.536425 
4.260000 	 -4.125463 
4.270000 	 -5.410433 
4.280000 	 -6.470679 
4.290000 	 -4.257159 
4.300000 	 -3.843496 
4.310000 	 -5.494429 
4.320000 	 -4.713459 
4.330000 	 -4.867439 
4.340000 	 -4.641661 
4.350000 	 -6.082691 
4.360000 	 -5.373193 
4.370000 	 -4.943242 
4.380000 	 -3.601770 
4.390000 	 -4.886806 
4.400000 	 -2.110716 
4.410000 	 -6.636544 
4.420000 	 -4.868469 
4.430000 	 -3.950920 
4.440000 	 -3.331598 
4.450000 	 -5.320954 
4.460000 	 -4.757658 
4.470000 	 -5.758734 
4.480000 	 -4.552598 
4.490000 	 -4.538455 
4.500000 	 -4.250671 
4.510000 	 -5.343106 
4.520000 	 -4.974795 
4.530000 	 -4.760378 
4.540000 	 -6.095726 
4.550000 	 -5.984907 
4.560000 	 -5.164230 
4.570000 	 -4.738344 
4.580000 	 -4.183966 
4.590000 	 -4.523807 
4.600000 	 -5.790036 
4.610000 	 -5.676346 
4.620000 	 -5.718118 
4.630000 	 -4.799272 
4.640000 	 -3.710440 
4.650000 	 -3.820767 
4.660000 	 -5.254179 
4.670000 	 -5.227254 
4.680000 	 -6.260831 
4.690000 	 -6.447527 
4.700000 	 -4.624964 
4.710000 	 -4.192525 
4.720000 	 -5.816587 
4.730000 	 -5.768991 
4.740000 	 -4.844166 
4.750000 	 -5.306636 
4.760000 	 -5.702577 
4.770000 	 -4.006555 
4.780000 	 -4.487035 
4.790000 	 -4.146311 
4.800000 	 -5.678527 
4.810000 	 -5.221326 
4.820000 	 -5.137736 
4.830000 	 -5.856755 
4.840000 	 -4.950659 
4.850000 	 -4.947439 
4.860000 	 -5.074717 
4.870000 	 -4.912146 
4.880000 	 -4.214371 
4.890000 	 -4.602267 
4.900000 	 -5.384526 
4.910000 	 -4.481793 
4.920000 	 -4.963820 
4.930000 	 -5.218505 
4.940000 	 -6.246861 
4.950000 	 -5.792388 
4.960000 	 -6.098814 
4.970000 	 -5.584037 
4.980000 	 -5.051772 
4.990000 	 -5.654021 
5.000000 	 -4.247621 
