0.000000 	 0.036990 
0.010000 	 1.317590 
0.020000 	 0.165730 
0.030000 	 -0.507687 
0.040000 	 0.241801 
0.050000 	 0.231470 
0.060000 	 0.248133 
0.070000 	 1.266462 
0.080000 	 1.050017 
0.090000 	 1.236864 
0.100000 	 -0.719563 
0.110000 	 -0.699301 
0.120000 	 0.622924 
0.130000 	 -0.085113 
0.140000 	 0.981402 
0.150000 	 0.401601 
0.160000 	 -0.232777 
0.170000 	 -0.079209 
0.180000 	 1.166920 
0.190000 	 -0.479690 
0.200000 	 0.280346 
0.210000 	 -0.052122 
0.220000 	 -0.768163 
0.230000 	 -1.303313 
0.240000 	 -0.047656 
0.250000 	 -0.144029 
0.260000 	 -0.258049 
0.270000 	 0.575092 
0.280000 	 0.298593 
0.290000 	 0.903990 
0.300000 	 0.046129 
0.310000 	 0.322705 
0.320000 	 0.345940 
0.330000 	 -1.475352 
0.340000 	 -0.004492 
0.350000 	 0.405163 
0.360000 	 1.017517 
0.370000 	 -0.081526 
0.380000 	 0.432126 
0.390000 	 0.057203 
0.400000 	 0.228882 
0.410000 	 0.924085 
0.420000 	 -0.071252 
0.430000 	 -1.301031 
0.440000 	 -0.258241 
0.450000 	 0.827249 
0.460000 	 -0.216951 
0.470000 	 0.220846 
0.480000 	 0.279892 
0.490000 	 0.020804 
0.500000 	 0.730432 
0.510000 	 -0.843419 
0.520000 	 -0.289135 
0.530000 	 1.143386 
0.540000 	 1.816231 
0.550000 	 0.500757 
0.560000 	 0.295235 
0.570000 	 -1.041360 
0.580000 	 -0.338591 
0.590000 	 0.547901 
0.600000 	 0.650970 
0.610000 	 -1.429683 
0.620000 	 -1.393955 
0.630000 	 -0.047415 
0.640000 	 1.632852 
0.650000 	 1.516211 
0.660000 	 1.184421 
0.670000 	 1.039280 
0.680000 	 -0.623099 
0.690000 	 -0.214817 
0.700000 	 -0.118490 
0.710000 	 -0.622098 
0.720000 	 -0.234720 
0.730000 	 -1.370832 
0.740000 	 -0.629730 
0.750000 	 -0.108318 
0.760000 	 0.064073 
0.770000 	 0.047627 
0.780000 	 -0.390029 
0.790000 	 -0.422514 
0.800000 	 -1.149504 
0.810000 	 0.918793 
0.820000 	 0.833000 
0.830000 	 0.341202 
0.840000 	 -1.563482 
0.850000 	 -1.651217 
0.860000 	 0.899381 
0.870000 	 1.027456 
0.880000 	 -0.610351 
0.890000 	 -1.218981 
0.900000 	 -1.157115 
0.910000 	 -0.698003 
0.920000 	 0.942770 
0.930000 	 -0.065281 
0.940000 	 1.019369 
0.950000 	 -1.375313 
0.960000 	 0.682921 
0.970000 	 -0.578079 
0.980000 	 -0.509326 
0.990000 	 -0.726191 
1.000000 	 -1.581595 
1.010000 	 0.199083 
1.020000 	 -0.125841 
1.030000 	 -0.439658 
1.040000 	 0.046639 
1.050000 	 -0.192604 
1.060000 	 -0.520599 
1.070000 	 -0.789588 
1.080000 	 0.096938 
1.090000 	 0.513763 
1.100000 	 -0.687521 
1.110000 	 -1.168989 
1.120000 	 -0.156409 
1.130000 	 0.007870 
1.140000 	 -0.588325 
1.150000 	 -1.882165 
1.160000 	 0.249692 
1.170000 	 -1.077522 
1.180000 	 -1.303689 
1.190000 	 -0.293804 
1.200000 	 -1.047571 
1.210000 	 0.225257 
1.220000 	 -0.150391 
1.230000 	 0.048255 
1.240000 	 -1.126782 
1.250000 	 -1.960452 
1.260000 	 -2.530057 
1.270000 	 -1.944772 
1.280000 	 -0.490723 
1.290000 	 -0.374449 
1.300000 	 -1.386124 
1.310000 	 -1.499865 
1.320000 	 -1.285681 
1.330000 	 -0.975394 
1.340000 	 -0.845475 
1.350000 	 0.327307 
1.360000 	 -0.374802 
1.370000 	 -1.550883 
1.380000 	 0.506643 
1.390000 	 -2.028761 
1.400000 	 -1.528998 
1.410000 	 -2.014202 
1.420000 	 -2.001637 
1.430000 	 -1.359842 
1.440000 	 -2.093057 
1.450000 	 -0.228259 
1.460000 	 -1.508957 
1.470000 	 -1.271999 
1.480000 	 -2.153729 
1.490000 	 -1.717072 
1.500000 	 -1.420833 
1.510000 	 -2.920867 
1.520000 	 -1.326991 
1.530000 	 -1.337786 
1.540000 	 -1.422804 
1.550000 	 -1.510958 
1.560000 	 -1.245630 
1.570000 	 -2.337396 
1.580000 	 -2.099093 
1.590000 	 -2.623612 
1.600000 	 0.056093 
1.610000 	 -1.388243 
1.620000 	 -2.428135 
1.630000 	 0.112830 
1.640000 	 -1.252656 
1.650000 	 -1.547038 
1.660000 	 -1.577536 
1.670000 	 -1.730553 
1.680000 	 -1.473198 
1.690000 	 -1.774394 
1.700000 	 -0.964614 
1.710000 	 -1.456484 
1.720000 	 -1.400815 
1.730000 	 -2.120190 
1.740000 	 -1.622572 
1.750000 	 -1.336592 
1.760000 	 -1.020664 
1.770000 	 -2.238543 
1.780000 	 -1.294958 
1.790000 	 -0.804295 
1.800000 	 -3.122676 
1.810000 	 -1.192279 
1.820000 	 -1.150847 
1.830000 	 -1.710092 
1.840000 	 -1.570513 
1.850000 	 -1.590806 
1.860000 	 -3.265617 
1.870000 	 -2.398226 
1.880000 	 -1.442479 
1.890000 	 -1.515324 
1.900000 	 -2.148187 
1.910000 	 -1.440965 
1.920000 	 -1.998073 
1.930000 	 -0.808208 
1.940000 	 -2.203168 
1.950000 	 -1.871123 
1.960000 	 -2.119486 
1.970000 	 -1.733059 
1.980000 	 -2.187958 
1.990000 	 -1.820013 
2.000000 	 -2.156512 
2.010000 	 -2.197102 
2.020000 	 -3.118630 
2.030000 	 -2.958318 
2.040000 	 -1.112212 
2.050000 	 -1.211570 
2.060000 	 -1.753913 
2.070000 	 -2.174572 
2.080000 	 -0.792592 
2.090000 	 -2.696635 
2.100000 	 -2.788062 
2.110000 	 -0.526585 
2.120000 	 -1.382519 
2.130000 	 -0.589271 
2.140000 	 -1.012567 
2.150000 	 -1.585814 
2.160000 	 -1.256186 
2.170000 	 -1.300819 
2.180000 	 -3.888688 
2.190000 	 -2.700493 
2.200000 	 -0.954999 
2.210000 	 -3.325205 
2.220000 	 -2.109059 
2.230000 	 -1.227995 
2.240000 	 -1.838800 
2.250000 	 -1.287418 
2.260000 	 -2.819877 
2.270000 	 -2.114629 
2.280000 	 -1.813596 
2.290000 	 -1.892684 
2.300000 	 -1.312889 
2.310000 	 -3.366012 
2.320000 	 -1.772462 
2.330000 	 -3.515520 
2.340000 	 -2.049433 
2.350000 	 -2.720184 
2.360000 	 -3.268033 
2.370000 	 -3.963502 
2.380000 	 -1.916303 
2.390000 	 -1.389555 
2.400000 	 -1.691980 
2.410000 	 -0.845716 
2.420000 	 -2.200913 
2.430000 	 -1.510404 
2.440000 	 -2.959836 
2.450000 	 -1.335050 
2.460000 	 -2.423385 
2.470000 	 -1.688887 
2.480000 	 -2.735083 
2.490000 	 -2.292524 
2.500000 	 -2.765733 
2.510000 	 -3.283828 
2.520000 	 -2.225011 
2.530000 	 -2.568969 
2.540000 	 -2.070199 
2.550000 	 -2.045373 
2.560000 	 -2.822270 
2.570000 	 -1.453678 
2.580000 	 -3.311804 
2.590000 	 -1.985799 
2.600000 	 -2.804346 
2.610000 	 -2.894669 
2.620000 	 -2.061513 
2.630000 	 -2.636193 
2.640000 	 -1.516356 
2.650000 	 -1.757456 
2.660000 	 -2.777046 
2.670000 	 -3.217570 
2.680000 	 -2.747099 
2.690000 	 -2.040666 
2.700000 	 -1.734902 
2.710000 	 -1.739005 
2.720000 	 -2.172353 
2.730000 	 -3.276363 
2.740000 	 -3.102144 
2.750000 	 -4.065559 
2.760000 	 -3.058113 
2.770000 	 -1.411225 
2.780000 	 -2.080561 
2.790000 	 -2.935634 
2.800000 	 -3.295199 
2.810000 	 -2.070203 
2.820000 	 -2.337193 
2.830000 	 -1.300292 
2.840000 	 -2.493871 
2.850000 	 -2.616462 
2.860000 	 -2.064432 
2.870000 	 -2.891752 
2.880000 	 -2.175791 
2.890000 	 -2.648346 
2.900000 	 -3.576698 
2.910000 	 -3.626628 
2.920000 	 -2.574399 
2.930000 	 -3.032986 
2.940000 	 -3.802769 
2.950000 	 -3.060306 
2.960000 	 -2.754862 
2.970000 	 -3.741526 
2.980000 	 -3.515272 
2.990000 	 -3.729424 
3.000000 	 -3.124759 
3.010000 	 -1.367563 
3.020000 	 -1.650890 
3.030000 	 -3.370518 
3.040000 	 -1.019737 
3.050000 	 -3.293728 
3.060000 	 -3.656467 
3.070000 	 -2.359553 
3.080000 	 -2.752425 
3.090000 	 -2.213319 
3.100000 	 -4.034947 
3.110000 	 -3.630059 
3.120000 	 -1.974422 
3.130000 	 -2.068869 
3.140000 	 -2.891835 
3.150000 	 -3.162902 
3.160000 	 -1.716646 
3.170000 	 -4.580493 
3.180000 	 -3.779755 
3.190000 	 -4.172543 
3.200000 	 -2.593823 
3.210000 	 -2.549647 
3.220000 	 -3.304592 
3.230000 	 -2.882266 
3.240000 	 -3.522929 
3.250000 	 -4.500103 
3.260000 	 -3.932603 
3.270000 	 -4.210768 
3.280000 	 -4.870825 
3.290000 	 -3.398739 
3.300000 	 -3.679827 
3.310000 	 -2.862426 
3.320000 	 -4.480294 
3.330000 	 -2.613583 
3.340000 	 -3.285689 
3.350000 	 -3.066222 
3.360000 	 -2.140076 
3.370000 	 -3.844157 
3.380000 	 -4.288786 
3.390000 	 -4.599825 
3.400000 	 -2.191920 
3.410000 	 -3.633724 
3.420000 	 -2.966983 
3.430000 	 -2.255121 
3.440000 	 -2.928786 
3.450000 	 -4.121418 
3.460000 	 -2.946268 
3.470000 	 -4.938258 
3.480000 	 -3.744905 
3.490000 	 -2.490622 
3.500000 	 -3.584013 
3.510000 	 -5.581432 
3.520000 	 -4.032784 
3.530000 	 -4.241676 
3.540000 	 -3.872474 
3.550000 	 -4.648102 
3.560000 	 -2.955920 
3.570000 	 -2.458384 
3.580000 	 -1.702075 
3.590000 	 -4.325642 
3.600000 	 -1.394064 
3.610000 	 -5.313583 
3.620000 	 -3.679034 
3.630000 	 -3.894673 
3.640000 	 -4.213303 
3.650000 	 -3.502584 
3.660000 	 -3.936512 
3.670000 	 -3.179378 
3.680000 	 -4.029942 
3.690000 	 -3.995981 
3.700000 	 -4.441361 
3.710000 	 -4.377801 
3.720000 	 -6.013011 
3.730000 	 -3.486484 
3.740000 	 -3.422743 
3.750000 	 -4.579925 
3.760000 	 -4.418828 
3.770000 	 -3.832665 
3.780000 	 -2.874330 
3.790000 	 -4.117082 
3.800000 	 -3.469606 
3.810000 	 -4.176420 
3.820000 	 -4.627231 
3.830000 	 -5.135805 
3.840000 	 -3.496057 
3.850000 	 -3.682022 
3.860000 	 -4.660078 
3.870000 	 -4.612438 
3.880000 	 -3.762086 
3.890000 	 -3.905798 
3.900000 	 -4.439280 
3.910000 	 -6.311197 
3.920000 	 -4.370504 
3.930000 	 -5.869724 
3.940000 	 -3.603356 
3.950000 	 -3.997415 
3.960000 	 -6.734611 
3.970000 	 -4.458492 
3.980000 	 -4.540529 
3.990000 	 -4.926152 
4.000000 	 -3.633842 
4.010000 	 -4.482112 
4.020000 	 -3.762134 
4.030000 	 -4.371290 
4.040000 	 -6.215989 
4.050000 	 -2.880593 
4.060000 	 -6.056169 
4.070000 	 -4.208100 
4.080000 	 -3.587512 
4.090000 	 -3.904678 
4.100000 	 -4.875837 
4.110000 	 -4.188609 
4.120000 	 -3.777580 
4.130000 	 -5.625592 
4.140000 	 -5.806820 
4.150000 	 -3.743661 
4.160000 	 -4.921010 
4.170000 	 -5.678409 
4.180000 	 -4.243851 
4.190000 	 -4.281577 
4.200000 	 -3.908630 
4.210000 	 -3.745080 
4.220000 	 -5.861213 
4.230000 	 -4.097011 
4.240000 	 -6.485566 
4.250000 	 -4.416594 
4.260000 	 -3.512438 
4.270000 	 -5.284397 
4.280000 	 -4.472047 
4.290000 	 -5.772534 
4.300000 	 -5.098553 
4.310000 	 -5.989634 
4.320000 	 -5.474226 
4.330000 	 -5.395127 
4.340000 	 -3.346276 
4.350000 	 -4.477269 
4.360000 	 -4.444317 
4.370000 	 -4.804698 
4.380000 	 -5.501658 
4.390000 	 -4.725459 
4.400000 	 -5.004802 
4.410000 	 -5.289369 
4.420000 	 -2.756777 
4.430000 	 -4.404348 
4.440000 	 -5.307122 
4.450000 	 -4.454877 
4.460000 	 -4.860044 
4.470000 	 -5.041403 
4.480000 	 -4.433463 
4.490000 	 -4.414369 
4.500000 	 -4.414492 
4.510000 	 -4.775790 
4.520000 	 -5.074224 
4.530000 	 -4.281944 
4.540000 	 -3.837844 
4.550000 	 -6.507350 
4.560000 	 -4.420074 
4.570000 	 -5.166650 
4.580000 	 -4.674789 
4.590000 	 -5.099740 
4.600000 	 -3.768318 
4.610000 	 -5.133271 
4.620000 	 -5.782094 
4.630000 	 -4.023782 
4.640000 	 -6.651705 
4.650000 	 -5.799501 
4.660000 	 -4.078283 
4.670000 	 -6.059778 
4.680000 	 -4.699684 
4.690000 	 -5.664172 
4.700000 	 -5.814436 
4.710000 	 -4.725454 
4.720000 	 -5.080685 
4.730000 	 -4.075296 
4.740000 	 -3.415698 
4.750000 	 -5.435100 
4.760000 	 -5.526052 
4.770000 	 -4.421429 
4.780000 	 -4.978470 
4.790000 	 -5.922510 
4.800000 	 -5.347252 
4.810000 	 -6.138577 
4.820000 	 -3.724122 
4.830000 	 -5.672982 
4.840000 	 -5.462051 
4.850000 	 -5.070586 
4.860000 	 -4.713212 
4.870000 	 -6.003066 
4.880000 	 -5.409872 
4.890000 	 -6.044306 
4.900000 	 -4.569337 
4.910000 	 -6.504515 
4.920000 	 -5.855219 
4.930000 	 -5.565146 
4.940000 	 -4.988985 
4.950000 	 -5.628828 
4.960000 	 -5.686184 
4.970000 	 -5.922604 
4.980000 	 -5.291297 
4.990000 	 -5.762252 
5.000000 	 -5.277828 
