0.000000 	 0.070442 
0.010000 	 0.522247 
0.020000 	 1.093146 
0.030000 	 3.187184 
0.040000 	 1.112737 
0.050000 	 0.816679 
0.060000 	 0.846602 
0.070000 	 -0.002074 
0.080000 	 0.220579 
0.090000 	 0.309123 
0.100000 	 0.266840 
0.110000 	 -0.194927 
0.120000 	 0.971303 
0.130000 	 1.203788 
0.140000 	 -0.036748 
0.150000 	 -0.393537 
0.160000 	 -0.959195 
0.170000 	 0.182695 
0.180000 	 -0.765926 
0.190000 	 0.324611 
0.200000 	 0.658652 
0.210000 	 0.932040 
0.220000 	 -1.193029 
0.230000 	 -0.411248 
0.240000 	 0.537271 
0.250000 	 -0.593838 
0.260000 	 1.024134 
0.270000 	 1.897810 
0.280000 	 0.839759 
0.290000 	 0.728659 
0.300000 	 -0.180857 
0.310000 	 1.150508 
0.320000 	 1.216587 
0.330000 	 -1.039040 
0.340000 	 0.365105 
0.350000 	 0.201177 
0.360000 	 1.098346 
0.370000 	 0.357215 
0.380000 	 0.130527 
0.390000 	 0.640437 
0.400000 	 -0.241256 
0.410000 	 -0.781419 
0.420000 	 0.659415 
0.430000 	 -0.558188 
0.440000 	 0.808858 
0.450000 	 0.048784 
0.460000 	 -0.032353 
0.470000 	 0.475494 
0.480000 	 -0.252022 
0.490000 	 -0.648751 
0.500000 	 0.129521 
0.510000 	 -0.216449 
0.520000 	 -0.219031 
0.530000 	 0.289989 
0.540000 	 -0.189720 
0.550000 	 0.375525 
0.560000 	 0.673563 
0.570000 	 -1.800732 
0.580000 	 -2.254046 
0.590000 	 1.017688 
0.600000 	 0.203007 
0.610000 	 -0.394951 
0.620000 	 -0.592936 
0.630000 	 3.198752 
0.640000 	 1.273256 
0.650000 	 -0.539046 
0.660000 	 -0.158827 
0.670000 	 -1.193250 
0.680000 	 0.631309 
0.690000 	 -0.592738 
0.700000 	 -1.357945 
0.710000 	 -0.216363 
0.720000 	 0.133649 
0.730000 	 -0.845871 
0.740000 	 0.027977 
0.750000 	 -0.425442 
0.760000 	 0.405587 
0.770000 	 -0.014323 
0.780000 	 -0.543942 
0.790000 	 0.403069 
0.800000 	 0.700969 
0.810000 	 -0.255604 
0.820000 	 -0.919767 
0.830000 	 -0.702841 
0.840000 	 -0.608206 
0.850000 	 0.074185 
0.860000 	 -1.049319 
0.870000 	 -0.192181 
0.880000 	 -1.519962 
0.890000 	 -1.334400 
0.900000 	 -0.772370 
0.910000 	 0.490580 
0.920000 	 -0.102073 
0.930000 	 -1.405566 
0.940000 	 0.241606 
0.950000 	 -0.669156 
0.960000 	 -0.297018 
0.970000 	 -0.466574 
0.980000 	 0.093493 
0.990000 	 -1.119603 
1.000000 	 0.212864 
1.010000 	 -0.260083 
1.020000 	 -2.077748 
1.030000 	 -0.564017 
1.040000 	 0.016889 
1.050000 	 -0.730164 
1.060000 	 -1.852808 
1.070000 	 -0.706545 
1.080000 	 -0.974221 
1.090000 	 -1.066614 
1.100000 	 -1.056026 
1.110000 	 -0.561861 
1.120000 	 -1.703416 
1.130000 	 -0.126787 
1.140000 	 -0.293188 
1.150000 	 -1.087586 
1.160000 	 -1.649147 
1.170000 	 -0.407301 
1.180000 	 -0.611805 
1.190000 	 0.401557 
1.200000 	 0.749151 
1.210000 	 -0.598950 
1.220000 	 -0.171080 
1.230000 	 -0.604833 
1.240000 	 -0.310785 
1.250000 	 -1.359413 
1.260000 	 -2.637063 
1.270000 	 -1.029938 
1.280000 	 -0.260196 
1.290000 	 1.421406 
1.300000 	 -0.991444 
1.310000 	 -1.130278 
1.320000 	 -1.470167 
1.330000 	 -1.180692 
1.340000 	 0.183911 
1.350000 	 -0.776312 
1.360000 	 0.519604 
1.370000 	 -0.271856 
1.380000 	 -0.535344 
1.390000 	 -0.006215 
1.400000 	 -1.193792 
1.410000 	 -0.698955 
1.420000 	 -1.899464 
1.430000 	 -0.315550 
1.440000 	 -2.325901 
1.450000 	 1.075076 
1.460000 	 -2.498437 
1.470000 	 -1.960697 
1.480000 	 -0.239527 
1.490000 	 -1.675257 
1.500000 	 -0.607925 
1.510000 	 -0.297815 
1.520000 	 -1.042694 
1.530000 	 -1.601021 
1.540000 	 -1.455263 
1.550000 	 -0.942919 
1.560000 	 0.011259 
1.570000 	 -1.705919 
1.580000 	 -0.817431 
1.590000 	 -0.559433 
1.600000 	 -1.499853 
1.610000 	 -0.459647 
1.620000 	 -2.128561 
1.630000 	 -2.649872 
1.640000 	 -0.945915 
1.650000 	 -0.966206 
1.660000 	 -1.108474 
1.670000 	 -0.663116 
1.680000 	 -0.597605 
1.690000 	 -1.729166 
1.700000 	 -0.706391 
1.710000 	 -1.055073 
1.720000 	 -2.237133 
1.730000 	 -2.228910 
1.740000 	 -0.018941 
1.750000 	 -1.697457 
1.760000 	 -1.191351 
1.770000 	 -1.461268 
1.780000 	 -1.517000 
1.790000 	 -2.130636 
1.800000 	 -1.746806 
1.810000 	 -2.540725 
1.820000 	 -1.575425 
1.830000 	 -1.948493 
1.840000 	 -2.622836 
1.850000 	 -2.014286 
1.860000 	 -1.424988 
1.870000 	 -1.870679 
1.880000 	 -2.404339 
1.890000 	 -1.270209 
1.900000 	 -1.727103 
1.910000 	 -2.237559 
1.920000 	 -1.420554 
1.930000 	 -0.929002 
1.940000 	 -1.069667 
1.950000 	 -0.555779 
1.960000 	 -2.696599 
1.970000 	 -2.094991 
1.980000 	 -1.873587 
1.990000 	 -2.705127 
2.000000 	 -3.072069 
2.010000 	 -2.774512 
2.020000 	 -2.639619 
2.030000 	 -1.434351 
2.040000 	 -1.561241 
2.050000 	 -1.594702 
2.060000 	 -1.683280 
2.070000 	 -1.359639 
2.080000 	 -3.282027 
2.090000 	 -2.501988 
2.100000 	 -1.911946 
2.110000 	 -2.176782 
2.120000 	 -1.389704 
2.130000 	 -2.174532 
2.140000 	 -1.334174 
2.150000 	 -2.036545 
2.160000 	 -2.002902 
2.170000 	 -4.362211 
2.180000 	 -1.903771 
2.190000 	 -1.973131 
2.200000 	 -1.907401 
2.210000 	 -0.087491 
2.220000 	 -1.875625 
2.230000 	 -0.999233 
2.240000 	 -3.322695 
2.250000 	 -3.726879 
2.260000 	 -0.452050 
2.270000 	 -2.386709 
2.280000 	 -2.122675 
2.290000 	 -2.784089 
2.300000 	 -3.096779 
2.310000 	 -2.636105 
2.320000 	 -3.076394 
2.330000 	 -1.277843 
2.340000 	 -1.626834 
2.350000 	 -2.477867 
2.360000 	 -2.573858 
2.370000 	 -2.138619 
2.380000 	 -2.778968 
2.390000 	 -1.714629 
2.400000 	 -2.796244 
2.410000 	 -1.980781 
2.420000 	 -2.504321 
2.430000 	 -0.437285 
2.440000 	 -1.997926 
2.450000 	 -2.699821 
2.460000 	 -2.490843 
2.470000 	 -1.537648 
2.480000 	 -1.541974 
2.490000 	 -1.200438 
2.500000 	 -1.927850 
2.510000 	 -1.958906 
2.520000 	 -1.650540 
2.530000 	 -1.978854 
2.540000 	 -2.514675 
2.550000 	 -1.414972 
2.560000 	 -2.825047 
2.570000 	 -2.821634 
2.580000 	 -2.925917 
2.590000 	 -2.926543 
2.600000 	 -3.065981 
2.610000 	 -1.609242 
2.620000 	 -3.571764 
2.630000 	 -2.790117 
2.640000 	 -2.245020 
2.650000 	 -2.902001 
2.660000 	 -3.606081 
2.670000 	 -2.470936 
2.680000 	 -3.090607 
2.690000 	 -2.965644 
2.700000 	 -3.098881 
2.710000 	 -3.112995 
2.720000 	 -2.964365 
2.730000 	 -3.403330 
2.740000 	 -1.470147 
2.750000 	 -2.434155 
2.760000 	 -2.866401 
2.770000 	 -2.670350 
2.780000 	 -1.537135 
2.790000 	 -2.125081 
2.800000 	 -1.812476 
2.810000 	 -3.278871 
2.820000 	 -1.583943 
2.830000 	 -2.964449 
2.840000 	 -2.171591 
2.850000 	 -2.214622 
2.860000 	 -1.503375 
2.870000 	 -1.771581 
2.880000 	 -4.021429 
2.890000 	 -3.269086 
2.900000 	 -1.156137 
2.910000 	 -2.488748 
2.920000 	 -3.596088 
2.930000 	 -1.277399 
2.940000 	 -2.571459 
2.950000 	 -3.747902 
2.960000 	 -3.349795 
2.970000 	 -2.140142 
2.980000 	 -3.268632 
2.990000 	 -4.171313 
3.000000 	 -4.462525 
3.010000 	 -3.933419 
3.020000 	 -2.905629 
3.030000 	 -1.403048 
3.040000 	 -3.549828 
3.050000 	 -1.601685 
3.060000 	 -2.343133 
3.070000 	 -4.156422 
3.080000 	 -3.739027 
3.090000 	 -1.865657 
3.100000 	 -3.573794 
3.110000 	 -4.015122 
3.120000 	 -3.655450 
3.130000 	 -3.907751 
3.140000 	 -4.070239 
3.150000 	 -2.368126 
3.160000 	 -2.783523 
3.170000 	 -3.489858 
3.180000 	 -2.065302 
3.190000 	 -2.472964 
3.200000 	 -4.334351 
3.210000 	 -3.310616 
3.220000 	 -3.107766 
3.230000 	 -3.545045 
3.240000 	 -4.378619 
3.250000 	 -3.967931 
3.260000 	 -3.005574 
3.270000 	 -3.187490 
3.280000 	 -1.487538 
3.290000 	 -4.004434 
3.300000 	 -4.011900 
3.310000 	 -4.351150 
3.320000 	 -3.347942 
3.330000 	 -3.562370 
3.340000 	 -3.408128 
3.350000 	 -5.532118 
3.360000 	 -3.084122 
3.370000 	 -3.213934 
3.380000 	 -3.097404 
3.390000 	 -3.809449 
3.400000 	 -2.579450 
3.410000 	 -4.427856 
3.420000 	 -4.452502 
3.430000 	 -3.420786 
3.440000 	 -4.103636 
3.450000 	 -4.154794 
3.460000 	 -3.409538 
3.470000 	 -5.092016 
3.480000 	 -5.178491 
3.490000 	 -3.792573 
3.500000 	 -2.993538 
3.510000 	 -3.180815 
3.520000 	 -3.325663 
3.530000 	 -2.715249 
3.540000 	 -4.366768 
3.550000 	 -3.999397 
3.560000 	 -3.505902 
3.570000 	 -3.630754 
3.580000 	 -3.275490 
3.590000 	 -3.635013 
3.600000 	 -4.088329 
3.610000 	 -3.726248 
3.620000 	 -2.313857 
3.630000 	 -4.139106 
3.640000 	 -4.884293 
3.650000 	 -4.523413 
3.660000 	 -3.629298 
3.670000 	 -4.070377 
3.680000 	 -3.317663 
3.690000 	 -2.932304 
3.700000 	 -4.746816 
3.710000 	 -3.042487 
3.720000 	 -5.162207 
3.730000 	 -4.508869 
3.740000 	 -3.093389 
3.750000 	 -4.876829 
3.760000 	 -5.119999 
3.770000 	 -3.455293 
3.780000 	 -3.936139 
3.790000 	 -3.824664 
3.800000 	 -2.591963 
3.810000 	 -5.206603 
3.820000 	 -3.590075 
3.830000 	 -3.910507 
3.840000 	 -4.255055 
3.850000 	 -4.140102 
3.860000 	 -4.029966 
3.870000 	 -5.048088 
3.880000 	 -3.390254 
3.890000 	 -3.837806 
3.900000 	 -3.846853 
3.910000 	 -3.002152 
3.920000 	 -4.318967 
3.930000 	 -4.032503 
3.940000 	 -5.200440 
3.950000 	 -4.026387 
3.960000 	 -4.319556 
3.970000 	 -4.525896 
3.980000 	 -5.186221 
3.990000 	 -3.210273 
4.000000 	 -4.948084 
4.010000 	 -3.670563 
4.020000 	 -4.953507 
4.030000 	 -4.895808 
4.040000 	 -3.198680 
4.050000 	 -5.737056 
4.060000 	 -5.561399 
4.070000 	 -4.554638 
4.080000 	 -2.370038 
4.090000 	 -2.874074 
4.100000 	 -4.582473 
4.110000 	 -3.830680 
4.120000 	 -4.972043 
4.130000 	 -4.922763 
4.140000 	 -4.958736 
4.150000 	 -4.685585 
4.160000 	 -5.076004 
4.170000 	 -3.025369 
4.180000 	 -5.230016 
4.190000 	 -5.083312 
4.200000 	 -5.443368 
4.210000 	 -4.650637 
4.220000 	 -4.359665 
4.230000 	 -4.176128 
4.240000 	 -5.182483 
4.250000 	 -4.007046 
4.260000 	 -4.768327 
4.270000 	 -4.778496 
4.280000 	 -5.294041 
4.290000 	 -3.458793 
4.300000 	 -5.691938 
4.310000 	 -3.721760 
4.320000 	 -5.702703 
4.330000 	 -5.047539 
4.340000 	 -4.552966 
4.350000 	 -4.314891 
4.360000 	 -5.332557 
4.370000 	 -5.490302 
4.380000 	 -5.154505 
4.390000 	 -6.332385 
4.400000 	 -4.300667 
4.410000 	 -6.042078 
4.420000 	 -3.596464 
4.430000 	 -3.804248 
4.440000 	 -5.334975 
4.450000 	 -5.570497 
4.460000 	 -4.391767 
4.470000 	 -5.043410 
4.480000 	 -5.478317 
4.490000 	 -4.471002 
4.500000 	 -5.434963 
4.510000 	 -3.821416 
4.520000 	 -5.253580 
4.530000 	 -4.063426 
4.540000 	 -5.571997 
4.550000 	 -5.516178 
4.560000 	 -4.957814 
4.570000 	 -4.834087 
4.580000 	 -4.553784 
4.590000 	 -3.262850 
4.600000 	 -3.883194 
4.610000 	 -5.127351 
4.620000 	 -5.130111 
4.630000 	 -6.334471 
4.640000 	 -6.019672 
4.650000 	 -5.834256 
4.660000 	 -5.556083 
4.670000 	 -5.435818 
4.680000 	 -5.727628 
4.690000 	 -4.909117 
4.700000 	 -5.196467 
4.710000 	 -5.776668 
4.720000 	 -5.376571 
4.730000 	 -4.066777 
4.740000 	 -5.690725 
4.750000 	 -5.238977 
4.760000 	 -4.887512 
4.770000 	 -5.033331 
4.780000 	 -4.488742 
4.790000 	 -6.232561 
4.800000 	 -5.799580 
4.810000 	 -4.872596 
4.820000 	 -4.985814 
4.830000 	 -5.157105 
4.840000 	 -6.433906 
4.850000 	 -6.162265 
4.860000 	 -5.320108 
4.870000 	 -5.085482 
4.880000 	 -4.645841 
4.890000 	 -6.384652 
4.900000 	 -4.633122 
4.910000 	 -5.461542 
4.920000 	 -4.221776 
4.930000 	 -4.288328 
4.940000 	 -4.950404 
4.950000 	 -6.711300 
4.960000 	 -5.363262 
4.970000 	 -6.019557 
4.980000 	 -5.750561 
4.990000 	 -5.628365 
5.000000 	 -6.102213 
