0.000000 	 1.045127 
0.010000 	 -0.220323 
0.020000 	 -0.056774 
0.030000 	 0.021254 
0.040000 	 0.764902 
0.050000 	 -0.475627 
0.060000 	 -0.379564 
0.070000 	 1.680183 
0.080000 	 0.014062 
0.090000 	 0.754001 
0.100000 	 0.641493 
0.110000 	 -1.145433 
0.120000 	 0.483543 
0.130000 	 0.182951 
0.140000 	 -0.601633 
0.150000 	 1.927472 
0.160000 	 0.649598 
0.170000 	 -0.325267 
0.180000 	 -0.185933 
0.190000 	 1.168521 
0.200000 	 0.638250 
0.210000 	 1.093798 
0.220000 	 0.912711 
0.230000 	 0.448957 
0.240000 	 0.318190 
0.250000 	 0.200074 
0.260000 	 1.010541 
0.270000 	 2.946211 
0.280000 	 -1.142133 
0.290000 	 -1.038071 
0.300000 	 -0.445733 
0.310000 	 1.579839 
0.320000 	 1.681163 
0.330000 	 0.600195 
0.340000 	 1.670545 
0.350000 	 0.704289 
0.360000 	 0.432590 
0.370000 	 1.097686 
0.380000 	 -0.479368 
0.390000 	 -0.711264 
0.400000 	 0.198698 
0.410000 	 -0.474638 
0.420000 	 -0.492082 
0.430000 	 1.574843 
0.440000 	 -0.429306 
0.450000 	 -0.707597 
0.460000 	 0.165367 
0.470000 	 0.556435 
0.480000 	 -1.020546 
0.490000 	 -0.372134 
0.500000 	 1.208175 
0.510000 	 0.617849 
0.520000 	 -0.055947 
0.530000 	 1.563401 
0.540000 	 0.935848 
0.550000 	 0.723795 
0.560000 	 0.746386 
0.570000 	 -0.294043 
0.580000 	 0.174705 
0.590000 	 -1.157877 
0.600000 	 -0.342357 
0.610000 	 1.466125 
0.620000 	 -0.938744 
0.630000 	 -0.865864 
0.640000 	 -1.173278 
0.650000 	 0.658822 
0.660000 	 0.508812 
0.670000 	 -0.443773 
0.680000 	 -0.263376 
0.690000 	 -0.215060 
0.700000 	 -0.720639 
0.710000 	 0.389415 
0.720000 	 0.284319 
0.730000 	 1.109231 
0.740000 	 -1.081738 
0.750000 	 -1.334662 
0.760000 	 -1.331493 
0.770000 	 -0.887056 
0.780000 	 -1.708248 
0.790000 	 -0.514825 
0.800000 	 -0.527792 
0.810000 	 0.666580 
0.820000 	 -1.383040 
0.830000 	 -0.326104 
0.840000 	 -0.279277 
0.850000 	 -0.337541 
0.860000 	 -0.682427 
0.870000 	 -0.354950 
0.880000 	 -0.126052 
0.890000 	 0.132811 
0.900000 	 -0.463087 
0.910000 	 -0.103642 
0.920000 	 0.277736 
0.930000 	 -1.702145 
0.940000 	 -3.249923 
0.950000 	 -0.610143 
0.960000 	 -1.016316 
0.970000 	 1.629025 
0.980000 	 0.308276 
0.990000 	 -1.780121 
1.000000 	 -0.015111 
1.010000 	 -0.914823 
1.020000 	 -0.412638 
1.030000 	 -0.795692 
1.040000 	 -0.540202 
1.050000 	 -0.599027 
1.060000 	 -2.360249 
1.070000 	 0.043034 
1.080000 	 -0.256839 
1.090000 	 -1.277666 
1.100000 	 -0.660420 
1.110000 	 -0.434181 
1.120000 	 -0.615953 
1.130000 	 -1.911695 
1.140000 	 -0.511231 
1.150000 	 -0.775265 
1.160000 	 -1.621756 
1.170000 	 0.449526 
1.180000 	 0.461285 
1.190000 	 -1.434558 
1.200000 	 0.271334 
1.210000 	 -1.123508 
1.220000 	 -1.493981 
1.230000 	 -0.338846 
1.240000 	 -1.121587 
1.250000 	 -0.497204 
1.260000 	 -1.380671 
1.270000 	 -1.352732 
1.280000 	 -0.164209 
1.290000 	 -1.317460 
1.300000 	 -1.081212 
1.310000 	 -1.355924 
1.320000 	 -0.640857 
1.330000 	 -1.102278 
1.340000 	 -1.118394 
1.350000 	 -2.149786 
1.360000 	 -1.238099 
1.370000 	 -2.877422 
1.380000 	 -0.672444 
1.390000 	 -0.433032 
1.400000 	 -1.656685 
1.410000 	 -0.803337 
1.420000 	 -1.230628 
1.430000 	 -2.030744 
1.440000 	 0.479489 
1.450000 	 -0.242433 
1.460000 	 -3.647936 
1.470000 	 0.062630 
1.480000 	 -0.667516 
1.490000 	 -2.025172 
1.500000 	 -0.611057 
1.510000 	 -0.400534 
1.520000 	 -1.351581 
1.530000 	 -1.482065 
1.540000 	 -1.368994 
1.550000 	 -2.669057 
1.560000 	 0.475560 
1.570000 	 -1.824779 
1.580000 	 -0.228189 
1.590000 	 -0.108728 
1.600000 	 -1.679794 
1.610000 	 -0.867944 
1.620000 	 -1.363218 
1.630000 	 -2.204772 
1.640000 	 -1.088667 
1.650000 	 -0.886152 
1.660000 	 -1.337971 
1.670000 	 -1.984169 
1.680000 	 -1.223782 
1.690000 	 -2.559210 
1.700000 	 -0.851239 
1.710000 	 -0.390507 
1.720000 	 -0.846967 
1.730000 	 -1.340574 
1.740000 	 -2.010320 
1.750000 	 -1.154702 
1.760000 	 -1.908795 
1.770000 	 -1.990673 
1.780000 	 -2.206213 
1.790000 	 -0.168228 
1.800000 	 -0.086464 
1.810000 	 -1.797069 
1.820000 	 -0.092626 
1.830000 	 -0.870299 
1.840000 	 -1.169599 
1.850000 	 0.075822 
1.860000 	 -0.795202 
1.870000 	 -1.352919 
1.880000 	 -2.891040 
1.890000 	 -2.051309 
1.900000 	 -3.199477 
1.910000 	 -1.570610 
1.920000 	 -2.149121 
1.930000 	 -1.540189 
1.940000 	 -2.322740 
1.950000 	 -1.111897 
1.960000 	 -2.921707 
1.970000 	 -2.049805 
1.980000 	 -2.826727 
1.990000 	 -2.178549 
2.000000 	 -1.303307 
2.010000 	 -1.938755 
2.020000 	 -1.730839 
2.030000 	 -3.352769 
2.040000 	 -2.091566 
2.050000 	 -2.114081 
2.060000 	 -2.193898 
2.070000 	 -3.309270 
2.080000 	 -2.804569 
2.090000 	 -1.307172 
2.100000 	 -1.993405 
2.110000 	 -1.848656 
2.120000 	 -3.241546 
2.130000 	 -1.931296 
2.140000 	 -2.108987 
2.150000 	 -2.702510 
2.160000 	 -2.025994 
2.170000 	 -1.588112 
2.180000 	 -2.627997 
2.190000 	 -2.129112 
2.200000 	 0.044204 
2.210000 	 -1.405055 
2.220000 	 -1.444551 
2.230000 	 -2.477644 
2.240000 	 -2.560694 
2.250000 	 -1.956787 
2.260000 	 -2.181936 
2.270000 	 -1.477325 
2.280000 	 -1.964168 
2.290000 	 -1.644412 
2.300000 	 -1.824476 
2.310000 	 -2.396345 
2.320000 	 -3.647240 
2.330000 	 -3.015831 
2.340000 	 -1.351821 
2.350000 	 -2.043270 
2.360000 	 -2.101020 
2.370000 	 -3.104986 
2.380000 	 -3.513084 
2.390000 	 -2.006480 
2.400000 	 -2.556856 
2.410000 	 -3.009875 
2.420000 	 -3.107877 
2.430000 	 -1.371567 
2.440000 	 -2.195653 
2.450000 	 -3.614121 
2.460000 	 -3.130059 
2.470000 	 -2.048254 
2.480000 	 -3.707266 
2.490000 	 -2.388308 
2.500000 	 -3.330883 
2.510000 	 -3.257195 
2.520000 	 -2.728585 
2.530000 	 -3.337761 
2.540000 	 -3.384900 
2.550000 	 -2.153726 
2.560000 	 -2.913757 
2.570000 	 -3.032645 
2.580000 	 -2.629505 
2.590000 	 -2.882105 
2.600000 	 -2.779950 
2.610000 	 -0.876710 
2.620000 	 -1.750510 
2.630000 	 -1.816059 
2.640000 	 -3.478975 
2.650000 	 -2.137870 
2.660000 	 -3.063743 
2.670000 	 -4.270384 
2.680000 	 -2.206576 
2.690000 	 -2.903739 
2.700000 	 -1.287766 
2.710000 	 -2.883591 
2.720000 	 -4.046667 
2.730000 	 -3.160007 
2.740000 	 -5.492853 
2.750000 	 -1.914168 
2.760000 	 -2.635341 
2.770000 	 -3.476624 
2.780000 	 -1.676517 
2.790000 	 -3.037657 
2.800000 	 -1.120446 
2.810000 	 -1.968026 
2.820000 	 -1.259989 
2.830000 	 -3.187148 
2.840000 	 -3.225293 
2.850000 	 -3.884528 
2.860000 	 -2.066849 
2.870000 	 -2.354626 
2.880000 	 -3.030038 
2.890000 	 -1.485454 
2.900000 	 -3.150127 
2.910000 	 -2.711185 
2.920000 	 -3.287727 
2.930000 	 -3.142517 
2.940000 	 -3.188020 
2.950000 	 -3.860008 
2.960000 	 -2.873430 
2.970000 	 -3.488595 
2.980000 	 -4.964649 
2.990000 	 -2.927017 
3.000000 	 -2.882865 
3.010000 	 -2.754326 
3.020000 	 -1.843104 
3.030000 	 -2.813098 
3.040000 	 -3.798055 
3.050000 	 -2.682757 
3.060000 	 -3.473177 
3.070000 	 -3.681455 
3.080000 	 -4.121554 
3.090000 	 -3.725284 
3.100000 	 -3.169014 
3.110000 	 -3.992094 
3.120000 	 -3.342937 
3.130000 	 -1.766427 
3.140000 	 -3.326320 
3.150000 	 -2.146501 
3.160000 	 -2.144851 
3.170000 	 -3.497562 
3.180000 	 -3.334889 
3.190000 	 -3.209379 
3.200000 	 -2.308051 
3.210000 	 -1.722096 
3.220000 	 -2.745632 
3.230000 	 -3.644684 
3.240000 	 -2.765370 
3.250000 	 -4.425675 
3.260000 	 -2.340602 
3.270000 	 -3.953939 
3.280000 	 -3.529855 
3.290000 	 -3.880316 
3.300000 	 -3.150681 
3.310000 	 -2.778189 
3.320000 	 -4.363786 
3.330000 	 -4.166781 
3.340000 	 -2.760689 
3.350000 	 -3.073500 
3.360000 	 -2.303783 
3.370000 	 -4.447674 
3.380000 	 -3.734953 
3.390000 	 -4.264600 
3.400000 	 -2.125190 
3.410000 	 -3.954619 
3.420000 	 -1.574636 
3.430000 	 -2.946312 
3.440000 	 -2.762854 
3.450000 	 -3.406424 
3.460000 	 -4.317873 
3.470000 	 -3.518356 
3.480000 	 -2.724030 
3.490000 	 -4.135183 
3.500000 	 -5.324877 
3.510000 	 -4.910383 
3.520000 	 -4.577104 
3.530000 	 -3.253813 
3.540000 	 -2.950977 
3.550000 	 -4.030138 
3.560000 	 -5.057691 
3.570000 	 -4.271154 
3.580000 	 -4.322164 
3.590000 	 -3.246443 
3.600000 	 -3.436928 
3.610000 	 -3.782623 
3.620000 	 -3.592718 
3.630000 	 -2.248900 
3.640000 	 -3.156621 
3.650000 	 -2.531981 
3.660000 	 -4.411477 
3.670000 	 -3.356157 
3.680000 	 -4.455735 
3.690000 	 -4.194588 
3.700000 	 -2.840864 
3.710000 	 -4.342003 
3.720000 	 -3.926667 
3.730000 	 -3.601354 
3.740000 	 -3.510628 
3.750000 	 -5.097091 
3.760000 	 -4.040992 
3.770000 	 -3.349219 
3.780000 	 -3.858064 
3.790000 	 -2.658432 
3.800000 	 -6.652652 
3.810000 	 -2.998860 
3.820000 	 -5.249831 
3.830000 	 -5.660432 
3.840000 	 -5.174705 
3.850000 	 -4.450104 
3.860000 	 -4.910788 
3.870000 	 -4.347796 
3.880000 	 -4.885089 
3.890000 	 -5.015801 
3.900000 	 -4.577401 
3.910000 	 -3.008912 
3.920000 	 -4.698264 
3.930000 	 -5.531360 
3.940000 	 -4.024374 
3.950000 	 -3.969418 
3.960000 	 -3.442164 
3.970000 	 -4.989557 
3.980000 	 -3.197859 
3.990000 	 -3.435865 
4.000000 	 -4.170457 
4.010000 	 -3.724837 
4.020000 	 -3.779478 
4.030000 	 -4.860649 
4.040000 	 -2.933991 
4.050000 	 -2.292894 
4.060000 	 -4.438137 
4.070000 	 -4.798007 
4.080000 	 -5.515242 
4.090000 	 -4.076400 
4.100000 	 -3.442181 
4.110000 	 -4.743465 
4.120000 	 -4.728958 
4.130000 	 -4.581713 
4.140000 	 -4.035299 
4.150000 	 -4.197675 
4.160000 	 -5.266052 
4.170000 	 -4.671407 
4.180000 	 -4.341574 
4.190000 	 -5.441771 
4.200000 	 -5.105744 
4.210000 	 -3.412580 
4.220000 	 -2.829533 
4.230000 	 -3.454842 
4.240000 	 -4.702339 
4.250000 	 -4.317490 
4.260000 	 -4.806001 
4.270000 	 -4.728977 
4.280000 	 -4.740768 
4.290000 	 -5.472777 
4.300000 	 -4.839033 
4.310000 	 -4.277164 
4.320000 	 -4.037341 
4.330000 	 -5.333414 
4.340000 	 -4.044884 
4.350000 	 -5.402520 
4.360000 	 -4.534891 
4.370000 	 -3.998333 
4.380000 	 -6.329728 
4.390000 	 -3.989985 
4.400000 	 -5.697462 
4.410000 	 -4.376000 
4.420000 	 -4.293945 
4.430000 	 -4.565158 
4.440000 	 -4.512590 
4.450000 	 -5.119239 
4.460000 	 -5.023600 
4.470000 	 -5.320733 
4.480000 	 -4.740657 
4.490000 	 -5.831622 
4.500000 	 -2.792455 
4.510000 	 -4.610225 
4.520000 	 -5.427167 
4.530000 	 -5.271058 
4.540000 	 -4.904990 
4.550000 	 -4.928861 
4.560000 	 -5.810671 
4.570000 	 -5.596373 
4.580000 	 -6.809316 
4.590000 	 -5.170398 
4.600000 	 -5.818268 
4.610000 	 -4.763661 
4.620000 	 -5.881407 
4.630000 	 -6.146019 
4.640000 	 -5.529242 
4.650000 	 -4.935791 
4.660000 	 -4.712005 
4.670000 	 -5.167455 
4.680000 	 -5.324972 
4.690000 	 -6.020082 
4.700000 	 -4.501074 
4.710000 	 -4.525616 
4.720000 	 -5.281501 
4.730000 	 -4.816339 
4.740000 	 -5.666112 
4.750000 	 -4.895625 
4.760000 	 -5.418663 
4.770000 	 -5.880197 
4.780000 	 -6.236146 
4.790000 	 -5.348927 
4.800000 	 -5.247828 
4.810000 	 -4.584663 
4.820000 	 -6.202063 
4.830000 	 -4.971933 
4.840000 	 -4.906607 
4.850000 	 -5.182142 
4.860000 	 -6.087878 
4.870000 	 -3.783568 
4.880000 	 -4.423429 
4.890000 	 -6.513914 
4.900000 	 -4.498159 
4.910000 	 -4.689048 
4.920000 	 -4.125449 
4.930000 	 -6.092793 
4.940000 	 -4.911689 
4.950000 	 -5.614810 
4.960000 	 -5.948015 
4.970000 	 -6.643391 
4.980000 	 -5.796752 
4.990000 	 -5.304191 
5.000000 	 -5.340794 
