0.000000 	 -0.824744 
0.010000 	 0.795128 
0.020000 	 0.045953 
0.030000 	 -0.251332 
0.040000 	 0.709674 
0.050000 	 -0.706509 
0.060000 	 0.414240 
0.070000 	 1.284969 
0.080000 	 0.164329 
0.090000 	 1.131768 
0.100000 	 2.789734 
0.110000 	 1.541161 
0.120000 	 -0.091817 
0.130000 	 1.844675 
0.140000 	 1.776926 
0.150000 	 1.020759 
0.160000 	 0.277779 
0.170000 	 0.605183 
0.180000 	 -0.167943 
0.190000 	 0.484846 
0.200000 	 0.424847 
0.210000 	 0.387476 
0.220000 	 -2.253948 
0.230000 	 1.017660 
0.240000 	 -0.586708 
0.250000 	 -0.059111 
0.260000 	 -0.058617 
0.270000 	 -0.979044 
0.280000 	 1.082082 
0.290000 	 -0.072294 
0.300000 	 0.350710 
0.310000 	 -1.431568 
0.320000 	 0.287625 
0.330000 	 0.386302 
0.340000 	 1.653414 
0.350000 	 0.973810 
0.360000 	 0.768284 
0.370000 	 0.109144 
0.380000 	 1.377215 
0.390000 	 -0.224389 
0.400000 	 1.613679 
0.410000 	 0.756822 
0.420000 	 -0.321490 
0.430000 	 0.078710 
0.440000 	 -0.805112 
0.450000 	 0.052574 
0.460000 	 -0.200890 
0.470000 	 -0.142645 
0.480000 	 1.587060 
0.490000 	 -0.415867 
0.500000 	 0.214780 
0.510000 	 -0.852050 
0.520000 	 -0.772289 
0.530000 	 1.415596 
0.540000 	 -0.142450 
0.550000 	 0.487528 
0.560000 	 -0.075218 
0.570000 	 -0.218938 
0.580000 	 0.417933 
0.590000 	 0.491372 
0.600000 	 0.136495 
0.610000 	 -1.025891 
0.620000 	 -0.898675 
0.630000 	 -0.403874 
0.640000 	 -0.887792 
0.650000 	 0.548730 
0.660000 	 -0.245498 
0.670000 	 -0.487788 
0.680000 	 -0.978813 
0.690000 	 0.171494 
0.700000 	 -0.933199 
0.710000 	 -0.916941 
0.720000 	 0.936736 
0.730000 	 0.909918 
0.740000 	 -0.736286 
0.750000 	 -2.075632 
0.760000 	 0.003003 
0.770000 	 1.426881 
0.780000 	 0.036519 
0.790000 	 -1.122603 
0.800000 	 0.204193 
0.810000 	 -0.401251 
0.820000 	 0.916115 
0.830000 	 -0.099543 
0.840000 	 -0.580249 
0.850000 	 -0.396478 
0.860000 	 -1.118964 
0.870000 	 0.592465 
0.880000 	 -1.205569 
0.890000 	 -1.046272 
0.900000 	 2.013993 
0.910000 	 -0.814335 
0.920000 	 0.244253 
0.930000 	 -0.784540 
0.940000 	 -0.565559 
0.950000 	 0.750693 
0.960000 	 -0.006029 
0.970000 	 -0.767580 
0.980000 	 -1.095691 
0.990000 	 -0.540957 
1.000000 	 -0.371117 
1.010000 	 -1.107232 
1.020000 	 0.578550 
1.030000 	 0.635018 
1.040000 	 -0.651516 
1.050000 	 -1.440272 
1.060000 	 -0.286666 
1.070000 	 -0.140857 
1.080000 	 -1.397724 
1.090000 	 0.062966 
1.100000 	 -0.479034 
1.110000 	 -0.447577 
1.120000 	 -0.401486 
1.130000 	 0.373927 
1.140000 	 0.071081 
1.150000 	 -0.871806 
1.160000 	 -1.035721 
1.170000 	 -1.106486 
1.180000 	 -0.668464 
1.190000 	 -0.404034 
1.200000 	 -0.699933 
1.210000 	 -1.345995 
1.220000 	 -0.661165 
1.230000 	 -0.776277 
1.240000 	 -0.708749 
1.250000 	 -0.598454 
1.260000 	 -1.029985 
1.270000 	 -2.123761 
1.280000 	 -0.776784 
1.290000 	 -0.764157 
1.300000 	 -0.650570 
1.310000 	 -1.777981 
1.320000 	 -2.496153 
1.330000 	 -1.953041 
1.340000 	 -0.008749 
1.350000 	 -0.301850 
1.360000 	 0.225359 
1.370000 	 -0.819348 
1.380000 	 0.882610 
1.390000 	 -1.653981 
1.400000 	 -0.918857 
1.410000 	 -1.561175 
1.420000 	 -2.172133 
1.430000 	 -0.612187 
1.440000 	 -1.549034 
1.450000 	 -0.552425 
1.460000 	 -0.521229 
1.470000 	 -2.855391 
1.480000 	 -0.830525 
1.490000 	 -0.659506 
1.500000 	 -1.114115 
1.510000 	 -0.637975 
1.520000 	 -1.603007 
1.530000 	 0.580890 
1.540000 	 -1.388748 
1.550000 	 -1.285681 
1.560000 	 -2.123611 
1.570000 	 -1.621925 
1.580000 	 -0.621249 
1.590000 	 -0.262883 
1.600000 	 -1.516007 
1.610000 	 -1.898555 
1.620000 	 -2.221893 
1.630000 	 -0.103047 
1.640000 	 -1.132124 
1.650000 	 -2.206109 
1.660000 	 -1.005843 
1.670000 	 -2.498573 
1.680000 	 -1.720569 
1.690000 	 -1.287726 
1.700000 	 -0.823413 
1.710000 	 -1.794999 
1.720000 	 -2.780393 
1.730000 	 -1.775810 
1.740000 	 -2.937510 
1.750000 	 -0.441972 
1.760000 	 -0.766239 
1.770000 	 -2.177748 
1.780000 	 0.138805 
1.790000 	 -0.076448 
1.800000 	 0.012505 
1.810000 	 -0.539077 
1.820000 	 -1.017700 
1.830000 	 -0.567692 
1.840000 	 -2.313789 
1.850000 	 -0.752260 
1.860000 	 -2.596307 
1.870000 	 -2.694016 
1.880000 	 -0.856553 
1.890000 	 -2.429144 
1.900000 	 -2.152209 
1.910000 	 -2.329686 
1.920000 	 -2.189857 
1.930000 	 -0.961682 
1.940000 	 -2.947253 
1.950000 	 -1.910895 
1.960000 	 -0.041710 
1.970000 	 -1.505171 
1.980000 	 -1.994978 
1.990000 	 -2.527852 
2.000000 	 -2.441516 
2.010000 	 -2.319659 
2.020000 	 -0.734876 
2.030000 	 -0.152181 
2.040000 	 -1.543639 
2.050000 	 -1.929402 
2.060000 	 -2.444857 
2.070000 	 -2.361752 
2.080000 	 -1.775465 
2.090000 	 -1.738553 
2.100000 	 -2.909171 
2.110000 	 -4.149532 
2.120000 	 -1.823072 
2.130000 	 -1.595383 
2.140000 	 -1.597164 
2.150000 	 -2.234786 
2.160000 	 -1.508487 
2.170000 	 -2.527137 
2.180000 	 -0.855283 
2.190000 	 -2.240368 
2.200000 	 -1.047375 
2.210000 	 -1.488417 
2.220000 	 -2.622028 
2.230000 	 -2.418981 
2.240000 	 -2.306286 
2.250000 	 -2.642244 
2.260000 	 -0.794563 
2.270000 	 -1.761337 
2.280000 	 -2.357327 
2.290000 	 -2.969675 
2.300000 	 -1.328546 
2.310000 	 -2.261619 
2.320000 	 -2.459195 
2.330000 	 -2.522668 
2.340000 	 -0.992456 
2.350000 	 -1.193856 
2.360000 	 -3.173656 
2.370000 	 -1.993338 
2.380000 	 -1.695573 
2.390000 	 -0.563101 
2.400000 	 -1.776635 
2.410000 	 -2.098497 
2.420000 	 -1.849602 
2.430000 	 -2.738429 
2.440000 	 -2.882484 
2.450000 	 -2.290582 
2.460000 	 -2.317150 
2.470000 	 -2.690111 
2.480000 	 -3.243381 
2.490000 	 -1.351813 
2.500000 	 -2.818538 
2.510000 	 -4.334417 
2.520000 	 -4.749669 
2.530000 	 -3.144832 
2.540000 	 -2.741967 
2.550000 	 -2.416143 
2.560000 	 -2.719527 
2.570000 	 -2.117104 
2.580000 	 -1.957130 
2.590000 	 -1.866530 
2.600000 	 -3.568157 
2.610000 	 -3.245943 
2.620000 	 -3.045326 
2.630000 	 -2.854270 
2.640000 	 -3.899761 
2.650000 	 -1.073792 
2.660000 	 -4.196765 
2.670000 	 -2.754321 
2.680000 	 -3.827135 
2.690000 	 -3.299299 
2.700000 	 -1.148382 
2.710000 	 -3.943332 
2.720000 	 -2.947914 
2.730000 	 -3.499785 
2.740000 	 -2.565596 
2.750000 	 -2.740335 
2.760000 	 -2.570687 
2.770000 	 -2.947859 
2.780000 	 -2.871498 
2.790000 	 -1.781645 
2.800000 	 -3.551545 
2.810000 	 -4.526558 
2.820000 	 -3.511517 
2.830000 	 -2.007378 
2.840000 	 -3.446111 
2.850000 	 -3.632124 
2.860000 	 -3.234869 
2.870000 	 -4.227064 
2.880000 	 -1.743412 
2.890000 	 -1.506877 
2.900000 	 -2.502977 
2.910000 	 -3.039141 
2.920000 	 -2.972142 
2.930000 	 -2.727516 
2.940000 	 -1.866709 
2.950000 	 -3.559048 
2.960000 	 -2.993658 
2.970000 	 -2.339540 
2.980000 	 -3.248789 
2.990000 	 -1.319078 
3.000000 	 -2.464729 
3.010000 	 -2.943253 
3.020000 	 -2.622805 
3.030000 	 -2.403505 
3.040000 	 -4.266233 
3.050000 	 -3.534097 
3.060000 	 -2.554319 
3.070000 	 -2.791384 
3.080000 	 -2.679862 
3.090000 	 -3.583639 
3.100000 	 -4.424008 
3.110000 	 -3.791148 
3.120000 	 -2.730823 
3.130000 	 -2.963814 
3.140000 	 -2.037355 
3.150000 	 -5.039540 
3.160000 	 -1.790049 
3.170000 	 -3.498122 
3.180000 	 -2.847809 
3.190000 	 -2.515429 
3.200000 	 -2.951647 
3.210000 	 -2.682051 
3.220000 	 -3.166006 
3.230000 	 -4.087334 
3.240000 	 -3.524693 
3.250000 	 -3.310018 
3.260000 	 -3.655573 
3.270000 	 -3.898669 
3.280000 	 -4.767400 
3.290000 	 -0.969246 
3.300000 	 -3.315958 
3.310000 	 -3.513004 
3.320000 	 -2.019603 
3.330000 	 -3.510067 
3.340000 	 -3.967194 
3.350000 	 -3.825335 
3.360000 	 -2.754219 
3.370000 	 -1.825136 
3.380000 	 -2.013386 
3.390000 	 -2.214716 
3.400000 	 -2.285525 
3.410000 	 -3.270162 
3.420000 	 -3.295379 
3.430000 	 -3.991072 
3.440000 	 -3.770648 
3.450000 	 -3.599961 
3.460000 	 -3.914084 
3.470000 	 -4.186986 
3.480000 	 -4.739431 
3.490000 	 -3.652723 
3.500000 	 -3.935926 
3.510000 	 -4.679425 
3.520000 	 -3.830872 
3.530000 	 -4.785686 
3.540000 	 -3.019570 
3.550000 	 -3.624220 
3.560000 	 -4.231281 
3.570000 	 -3.387301 
3.580000 	 -3.998050 
3.590000 	 -2.012330 
3.600000 	 -2.967041 
3.610000 	 -3.572128 
3.620000 	 -3.014745 
3.630000 	 -3.631602 
3.640000 	 -3.824713 
3.650000 	 -3.816806 
3.660000 	 -3.006312 
3.670000 	 -5.072290 
3.680000 	 -3.928300 
3.690000 	 -4.177668 
3.700000 	 -3.203535 
3.710000 	 -3.586938 
3.720000 	 -5.476281 
3.730000 	 -4.596110 
3.740000 	 -4.708229 
3.750000 	 -4.472478 
3.760000 	 -4.915981 
3.770000 	 -3.650171 
3.780000 	 -4.907317 
3.790000 	 -3.481908 
3.800000 	 -3.383359 
3.810000 	 -3.590204 
3.820000 	 -4.721737 
3.830000 	 -3.553288 
3.840000 	 -5.811506 
3.850000 	 -4.164583 
3.860000 	 -2.751728 
3.870000 	 -4.583251 
3.880000 	 -3.393747 
3.890000 	 -4.759525 
3.900000 	 -3.493363 
3.910000 	 -4.009782 
3.920000 	 -3.580472 
3.930000 	 -4.020265 
3.940000 	 -4.973888 
3.950000 	 -4.184063 
3.960000 	 -3.808505 
3.970000 	 -1.988656 
3.980000 	 -4.489105 
3.990000 	 -4.944451 
4.000000 	 -2.781321 
4.010000 	 -4.471839 
4.020000 	 -2.997027 
4.030000 	 -4.262652 
4.040000 	 -4.740886 
4.050000 	 -4.579332 
4.060000 	 -5.203684 
4.070000 	 -4.757523 
4.080000 	 -3.568306 
4.090000 	 -4.801224 
4.100000 	 -4.747502 
4.110000 	 -5.004259 
4.120000 	 -5.709898 
4.130000 	 -5.554868 
4.140000 	 -5.336699 
4.150000 	 -4.620389 
4.160000 	 -2.606560 
4.170000 	 -3.893453 
4.180000 	 -3.585812 
4.190000 	 -4.116763 
4.200000 	 -5.255310 
4.210000 	 -3.288169 
4.220000 	 -3.662689 
4.230000 	 -3.890258 
4.240000 	 -6.190355 
4.250000 	 -5.406299 
4.260000 	 -4.987445 
4.270000 	 -2.724627 
4.280000 	 -4.989901 
4.290000 	 -4.612882 
4.300000 	 -5.885853 
4.310000 	 -3.890580 
4.320000 	 -5.262754 
4.330000 	 -5.357264 
4.340000 	 -6.026767 
4.350000 	 -4.352796 
4.360000 	 -4.800951 
4.370000 	 -3.990572 
4.380000 	 -5.250454 
4.390000 	 -4.953365 
4.400000 	 -4.683031 
4.410000 	 -4.660412 
4.420000 	 -4.886963 
4.430000 	 -5.408434 
4.440000 	 -3.031720 
4.450000 	 -5.248378 
4.460000 	 -3.666220 
4.470000 	 -5.144342 
4.480000 	 -3.621033 
4.490000 	 -4.397909 
4.500000 	 -5.015491 
4.510000 	 -4.578368 
4.520000 	 -4.877450 
4.530000 	 -4.530068 
4.540000 	 -5.458208 
4.550000 	 -5.460488 
4.560000 	 -5.748883 
4.570000 	 -5.298953 
4.580000 	 -6.295540 
4.590000 	 -5.402608 
4.600000 	 -5.723332 
4.610000 	 -4.890048 
4.620000 	 -4.644051 
4.630000 	 -5.821023 
4.640000 	 -5.846670 
4.650000 	 -5.492651 
4.660000 	 -4.968705 
4.670000 	 -5.993944 
4.680000 	 -5.026308 
4.690000 	 -4.654367 
4.700000 	 -4.687338 
4.710000 	 -5.159216 
4.720000 	 -5.380309 
4.730000 	 -4.493253 
4.740000 	 -5.668408 
4.750000 	 -4.454822 
4.760000 	 -5.167227 
4.770000 	 -5.260121 
4.780000 	 -5.339945 
4.790000 	 -4.611250 
4.800000 	 -5.272012 
4.810000 	 -4.252642 
4.820000 	 -5.684953 
4.830000 	 -3.828388 
4.840000 	 -5.247378 
4.850000 	 -6.053250 
4.860000 	 -5.864413 
4.870000 	 -6.152208 
4.880000 	 -6.541350 
4.890000 	 -4.836272 
4.900000 	 -5.881545 
4.910000 	 -6.502399 
4.920000 	 -4.100576 
4.930000 	 -7.426193 
4.940000 	 -5.185635 
4.950000 	 -6.500583 
4.960000 	 -5.210209 
4.970000 	 -5.596386 
4.980000 	 -5.781305 
4.990000 	 -5.777394 
5.000000 	 -5.785520 
