0.000000 	 2.517100 
0.010000 	 0.914996 
0.020000 	 1.955235 
0.030000 	 0.480666 
0.040000 	 0.853702 
0.050000 	 -1.297176 
0.060000 	 1.685227 
0.070000 	 1.603559 
0.080000 	 1.189998 
0.090000 	 0.839116 
0.100000 	 -0.631460 
0.110000 	 0.867153 
0.120000 	 1.657609 
0.130000 	 -1.076197 
0.140000 	 -1.524270 
0.150000 	 0.305665 
0.160000 	 -0.480616 
0.170000 	 -0.046482 
0.180000 	 0.818606 
0.190000 	 1.918119 
0.200000 	 0.478634 
0.210000 	 -0.117886 
0.220000 	 0.635279 
0.230000 	 0.912969 
0.240000 	 0.385952 
0.250000 	 0.607044 
0.260000 	 -0.544892 
0.270000 	 0.113220 
0.280000 	 0.287876 
0.290000 	 0.406916 
0.300000 	 1.912556 
0.310000 	 1.050591 
0.320000 	 0.939943 
0.330000 	 0.379163 
0.340000 	 -0.708207 
0.350000 	 0.751176 
0.360000 	 1.042767 
0.370000 	 0.326111 
0.380000 	 -0.421464 
0.390000 	 0.247200 
0.400000 	 0.279355 
0.410000 	 0.072328 
0.420000 	 0.361446 
0.430000 	 -0.543261 
0.440000 	 -0.959377 
0.450000 	 -0.512211 
0.460000 	 -0.380892 
0.470000 	 -0.932367 
0.480000 	 1.663553 
0.490000 	 0.487676 
0.500000 	 -0.014887 
0.510000 	 -0.953425 
0.520000 	 0.054880 
0.530000 	 -0.369089 
0.540000 	 1.709733 
0.550000 	 0.325934 
0.560000 	 0.733767 
0.570000 	 1.201863 
0.580000 	 -0.293665 
0.590000 	 -1.002515 
0.600000 	 0.369991 
0.610000 	 -0.823736 
0.620000 	 0.909427 
0.630000 	 -0.155515 
0.640000 	 0.918537 
0.650000 	 0.822879 
0.660000 	 0.471217 
0.670000 	 -1.138059 
0.680000 	 -0.183783 
0.690000 	 -0.091026 
0.700000 	 -0.498354 
0.710000 	 0.349262 
0.720000 	 0.028870 
0.730000 	 -0.831279 
0.740000 	 -0.800944 
0.750000 	 -0.842503 
0.760000 	 0.642841 
0.770000 	 -0.109288 
0.780000 	 -0.439760 
0.790000 	 0.127597 
0.800000 	 -0.199389 
0.810000 	 -0.135794 
0.820000 	 0.372355 
0.830000 	 -0.586131 
0.840000 	 -0.310500 
0.850000 	 0.131380 
0.860000 	 0.755931 
0.870000 	 0.787428 
0.880000 	 1.073594 
0.890000 	 -0.117148 
0.900000 	 -0.824182 
0.910000 	 -1.125616 
0.920000 	 -0.264284 
0.930000 	 -1.124018 
0.940000 	 0.068669 
0.950000 	 0.518624 
0.960000 	 -0.391774 
0.970000 	 -1.039814 
0.980000 	 -0.430776 
0.990000 	 0.661955 
1.000000 	 -0.812761 
1.010000 	 -0.206445 
1.020000 	 0.388541 
1.030000 	 -1.305898 
1.040000 	 -0.108226 
1.050000 	 -1.066712 
1.060000 	 -1.237571 
1.070000 	 -2.038174 
1.080000 	 -0.425269 
1.090000 	 -0.972669 
1.100000 	 -0.314728 
1.110000 	 0.847031 
1.120000 	 -0.420665 
1.130000 	 -0.662253 
1.140000 	 -1.240385 
1.150000 	 -1.929667 
1.160000 	 -1.584849 
1.170000 	 -1.322725 
1.180000 	 -1.395623 
1.190000 	 -0.334297 
1.200000 	 -1.091601 
1.210000 	 -0.459373 
1.220000 	 -1.049951 
1.230000 	 0.882307 
1.240000 	 -0.394198 
1.250000 	 -1.584008 
1.260000 	 0.690389 
1.270000 	 -0.846501 
1.280000 	 -0.247769 
1.290000 	 -1.816015 
1.300000 	 -0.001471 
1.310000 	 -1.053955 
1.320000 	 0.420262 
1.330000 	 -0.759950 
1.340000 	 -1.170777 
1.350000 	 -1.179771 
1.360000 	 -1.074057 
1.370000 	 -0.289675 
1.380000 	 -0.451868 
1.390000 	 -0.210005 
1.400000 	 -0.669243 
1.410000 	 -0.062451 
1.420000 	 -1.240184 
1.430000 	 -2.010843 
1.440000 	 -2.400040 
1.450000 	 -0.644309 
1.460000 	 -1.807657 
1.470000 	 -0.523768 
1.480000 	 0.269623 
1.490000 	 -0.779502 
1.500000 	 -1.415522 
1.510000 	 -1.156544 
1.520000 	 -1.177206 
1.530000 	 -1.484315 
1.540000 	 -2.539498 
1.550000 	 -0.624978 
1.560000 	 -1.039772 
1.570000 	 -2.566995 
1.580000 	 -0.490757 
1.590000 	 -1.434465 
1.600000 	 -0.657888 
1.610000 	 -1.231284 
1.620000 	 -1.085351 
1.630000 	 -1.324094 
1.640000 	 -1.623992 
1.650000 	 -0.639077 
1.660000 	 -0.486223 
1.670000 	 -1.332648 
1.680000 	 -2.663349 
1.690000 	 -2.089929 
1.700000 	 -0.899539 
1.710000 	 -1.089240 
1.720000 	 -1.122807 
1.730000 	 0.189701 
1.740000 	 -1.453958 
1.750000 	 -0.338745 
1.760000 	 -2.568759 
1.770000 	 -2.052025 
1.780000 	 -1.391588 
1.790000 	 -1.380648 
1.800000 	 -2.063110 
1.810000 	 -1.346089 
1.820000 	 -1.134210 
1.830000 	 -1.080030 
1.840000 	 -1.364402 
1.850000 	 -0.590493 
1.860000 	 -2.266562 
1.870000 	 -1.944974 
1.880000 	 -0.465174 
1.890000 	 -1.738878 
1.900000 	 -0.455736 
1.910000 	 -0.883519 
1.920000 	 -0.787728 
1.930000 	 -3.058416 
1.940000 	 -2.015461 
1.950000 	 -0.830118 
1.960000 	 -2.897976 
1.970000 	 -1.088043 
1.980000 	 -1.973097 
1.990000 	 -1.777294 
2.000000 	 -2.509747 
2.010000 	 -0.653739 
2.020000 	 -1.684950 
2.030000 	 -1.120192 
2.040000 	 -2.268360 
2.050000 	 -1.923275 
2.060000 	 -2.385707 
2.070000 	 -2.383633 
2.080000 	 -0.989335 
2.090000 	 -1.609605 
2.100000 	 -3.366604 
2.110000 	 -1.776195 
2.120000 	 -2.546459 
2.130000 	 -1.860606 
2.140000 	 -2.116607 
2.150000 	 -0.460766 
2.160000 	 -1.752464 
2.170000 	 -1.185926 
2.180000 	 -2.206455 
2.190000 	 -2.343294 
2.200000 	 -1.313283 
2.210000 	 -2.906096 
2.220000 	 -1.456746 
2.230000 	 -2.817400 
2.240000 	 -2.754502 
2.250000 	 -1.850368 
2.260000 	 -2.055832 
2.270000 	 -3.453929 
2.280000 	 -2.823855 
2.290000 	 -2.608177 
2.300000 	 -0.093997 
2.310000 	 -2.570140 
2.320000 	 -0.889114 
2.330000 	 -1.372121 
2.340000 	 -2.086893 
2.350000 	 -1.975607 
2.360000 	 -2.522683 
2.370000 	 -3.381153 
2.380000 	 -2.664389 
2.390000 	 -2.783088 
2.400000 	 -0.042528 
2.410000 	 -3.534989 
2.420000 	 -1.864133 
2.430000 	 -3.705209 
2.440000 	 -1.417826 
2.450000 	 -2.317597 
2.460000 	 -2.598165 
2.470000 	 -1.575317 
2.480000 	 -2.982896 
2.490000 	 -2.054060 
2.500000 	 -2.352444 
2.510000 	 -3.203665 
2.520000 	 -2.902187 
2.530000 	 -2.285155 
2.540000 	 -4.057377 
2.550000 	 -4.032905 
2.560000 	 -1.813090 
2.570000 	 -3.186225 
2.580000 	 -2.921668 
2.590000 	 -3.116912 
2.600000 	 -4.330429 
2.610000 	 -2.159628 
2.620000 	 -2.439702 
2.630000 	 -2.659781 
2.640000 	 -3.969956 
2.650000 	 -2.563875 
2.660000 	 -2.879854 
2.670000 	 -3.081696 
2.680000 	 -1.569970 
2.690000 	 -2.871631 
2.700000 	 -4.406612 
2.710000 	 -3.097418 
2.720000 	 -2.148582 
2.730000 	 -2.428396 
2.740000 	 -3.445202 
2.750000 	 -2.767022 
2.760000 	 -2.552545 
2.770000 	 -1.910523 
2.780000 	 -1.593049 
2.790000 	 -2.309830 
2.800000 	 -3.164703 
2.810000 	 -2.833211 
2.820000 	 -2.225460 
2.830000 	 -2.778409 
2.840000 	 -3.657488 
2.850000 	 -3.094816 
2.860000 	 -2.824031 
2.870000 	 -3.750775 
2.880000 	 -2.677711 
2.890000 	 -1.819086 
2.900000 	 -1.942426 
2.910000 	 -2.534756 
2.920000 	 -2.543389 
2.930000 	 -3.082210 
2.940000 	 -2.205294 
2.950000 	 -2.805831 
2.960000 	 -3.111091 
2.970000 	 -3.640308 
2.980000 	 -4.099167 
2.990000 	 -3.089289 
3.000000 	 -3.801646 
3.010000 	 -2.591768 
3.020000 	 -2.164240 
3.030000 	 -4.698262 
3.040000 	 -4.661675 
3.050000 	 -1.849398 
3.060000 	 -4.149617 
3.070000 	 -3.041990 
3.080000 	 -3.581243 
3.090000 	 -3.113459 
3.100000 	 -2.692012 
3.110000 	 -3.315205 
3.120000 	 -3.375164 
3.130000 	 -3.510991 
3.140000 	 -2.375235 
3.150000 	 -3.676131 
3.160000 	 -3.970951 
3.170000 	 -3.085193 
3.180000 	 -2.878433 
3.190000 	 -1.879366 
3.200000 	 -1.921211 
3.210000 	 -3.206133 
3.220000 	 -3.026298 
3.230000 	 -2.963807 
3.240000 	 -3.541016 
3.250000 	 -4.364086 
3.260000 	 -3.448495 
3.270000 	 -2.685182 
3.280000 	 -3.237521 
3.290000 	 -3.253071 
3.300000 	 -3.622731 
3.310000 	 -4.326813 
3.320000 	 -4.511976 
3.330000 	 -3.792322 
3.340000 	 -3.265142 
3.350000 	 -4.279018 
3.360000 	 -3.285040 
3.370000 	 -4.329246 
3.380000 	 -2.685412 
3.390000 	 -4.149499 
3.400000 	 -4.660878 
3.410000 	 -3.799157 
3.420000 	 -3.048844 
3.430000 	 -1.921963 
3.440000 	 -3.472484 
3.450000 	 -3.702603 
3.460000 	 -3.974341 
3.470000 	 -2.212041 
3.480000 	 -2.725793 
3.490000 	 -3.242044 
3.500000 	 -2.906127 
3.510000 	 -3.317099 
3.520000 	 -2.638812 
3.530000 	 -3.772096 
3.540000 	 -5.246859 
3.550000 	 -4.013750 
3.560000 	 -4.467623 
3.570000 	 -3.016121 
3.580000 	 -4.782695 
3.590000 	 -2.675698 
3.600000 	 -3.675486 
3.610000 	 -3.296197 
3.620000 	 -4.355417 
3.630000 	 -3.796254 
3.640000 	 -3.282714 
3.650000 	 -4.532734 
3.660000 	 -3.771543 
3.670000 	 -3.009156 
3.680000 	 -5.669940 
3.690000 	 -4.699952 
3.700000 	 -2.847970 
3.710000 	 -3.612080 
3.720000 	 -2.933415 
3.730000 	 -5.786383 
3.740000 	 -4.211882 
3.750000 	 -4.421184 
3.760000 	 -4.287689 
3.770000 	 -4.655689 
3.780000 	 -4.089878 
3.790000 	 -4.563382 
3.800000 	 -4.898812 
3.810000 	 -4.173129 
3.820000 	 -3.191894 
3.830000 	 -4.259151 
3.840000 	 -4.350034 
3.850000 	 -3.265520 
3.860000 	 -4.200810 
3.870000 	 -4.576438 
3.880000 	 -4.881176 
3.890000 	 -4.594146 
3.900000 	 -4.457179 
3.910000 	 -3.691026 
3.920000 	 -5.018626 
3.930000 	 -4.013796 
3.940000 	 -5.094443 
3.950000 	 -4.153141 
3.960000 	 -4.571424 
3.970000 	 -4.310422 
3.980000 	 -4.025940 
3.990000 	 -4.394219 
4.000000 	 -3.473966 
4.010000 	 -5.119159 
4.020000 	 -4.764181 
4.030000 	 -4.198661 
4.040000 	 -2.760171 
4.050000 	 -3.463763 
4.060000 	 -4.625128 
4.070000 	 -4.814321 
4.080000 	 -4.819602 
4.090000 	 -3.317659 
4.100000 	 -4.662337 
4.110000 	 -3.725501 
4.120000 	 -3.822251 
4.130000 	 -3.351754 
4.140000 	 -4.900981 
4.150000 	 -5.292361 
4.160000 	 -4.595297 
4.170000 	 -4.805834 
4.180000 	 -3.593059 
4.190000 	 -4.783493 
4.200000 	 -2.519578 
4.210000 	 -4.942392 
4.220000 	 -6.011151 
4.230000 	 -4.717820 
4.240000 	 -5.135097 
4.250000 	 -2.726852 
4.260000 	 -4.338442 
4.270000 	 -3.320777 
4.280000 	 -3.208151 
4.290000 	 -6.160294 
4.300000 	 -4.742138 
4.310000 	 -3.635516 
4.320000 	 -4.765347 
4.330000 	 -3.670867 
4.340000 	 -3.771592 
4.350000 	 -3.973640 
4.360000 	 -5.608898 
4.370000 	 -5.430613 
4.380000 	 -2.511878 
4.390000 	 -4.126396 
4.400000 	 -5.866408 
4.410000 	 -6.472280 
4.420000 	 -4.349652 
4.430000 	 -5.572468 
4.440000 	 -4.537242 
4.450000 	 -4.838151 
4.460000 	 -5.290827 
4.470000 	 -6.052029 
4.480000 	 -4.486463 
4.490000 	 -4.134926 
4.500000 	 -4.847751 
4.510000 	 -5.693401 
4.520000 	 -4.668431 
4.530000 	 -5.587583 
4.540000 	 -4.674248 
4.550000 	 -6.675657 
4.560000 	 -4.580267 
4.570000 	 -4.430083 
4.580000 	 -5.381413 
4.590000 	 -4.693390 
4.600000 	 -4.517842 
4.610000 	 -5.586006 
4.620000 	 -5.244297 
4.630000 	 -4.201428 
4.640000 	 -6.178056 
4.650000 	 -5.535970 
4.660000 	 -5.031744 
4.670000 	 -5.302446 
4.680000 	 -5.422643 
4.690000 	 -4.843571 
4.700000 	 -5.388781 
4.710000 	 -5.269529 
4.720000 	 -4.277462 
4.730000 	 -4.299945 
4.740000 	 -4.728860 
4.750000 	 -4.751164 
4.760000 	 -5.798744 
4.770000 	 -5.456862 
4.780000 	 -5.508900 
4.790000 	 -4.905084 
4.800000 	 -5.043868 
4.810000 	 -4.210156 
4.820000 	 -4.827288 
4.830000 	 -6.407366 
4.840000 	 -4.976104 
4.850000 	 -4.658258 
4.860000 	 -5.230228 
4.870000 	 -5.460673 
4.880000 	 -4.304719 
4.890000 	 -5.578295 
4.900000 	 -5.842670 
4.910000 	 -5.465228 
4.920000 	 -5.955350 
4.930000 	 -4.536242 
4.940000 	 -6.746216 
4.950000 	 -4.546819 
4.960000 	 -6.867433 
4.970000 	 -6.895246 
4.980000 	 -4.149573 
4.990000 	 -5.850145 
5.000000 	 -5.870244 
