0.000000 	 0.542390 
0.010000 	 1.250404 
0.020000 	 0.635248 
0.030000 	 0.169497 
0.040000 	 1.913698 
0.050000 	 0.938317 
0.060000 	 0.472082 
0.070000 	 0.330523 
0.080000 	 -0.018354 
0.090000 	 0.915994 
0.100000 	 0.309353 
0.110000 	 1.025113 
0.120000 	 0.760512 
0.130000 	 0.831847 
0.140000 	 0.907869 
0.150000 	 -1.137468 
0.160000 	 0.122827 
0.170000 	 0.010520 
0.180000 	 1.303675 
0.190000 	 1.535560 
0.200000 	 -0.733808 
0.210000 	 0.863468 
0.220000 	 1.613025 
0.230000 	 0.917608 
0.240000 	 0.561972 
0.250000 	 0.468541 
0.260000 	 1.499816 
0.270000 	 1.103185 
0.280000 	 0.567897 
0.290000 	 -1.179683 
0.300000 	 0.413859 
0.310000 	 1.703303 
0.320000 	 0.566485 
0.330000 	 0.637069 
0.340000 	 2.772679 
0.350000 	 1.050555 
0.360000 	 -1.441349 
0.370000 	 0.414401 
0.380000 	 0.760315 
0.390000 	 1.449368 
0.400000 	 -0.680683 
0.410000 	 0.327171 
0.420000 	 -1.022264 
0.430000 	 1.187385 
0.440000 	 -0.567352 
0.450000 	 0.802658 
0.460000 	 1.532525 
0.470000 	 -0.498890 
0.480000 	 0.957325 
0.490000 	 -0.435542 
0.500000 	 -0.070084 
0.510000 	 -0.153437 
0.520000 	 1.052946 
0.530000 	 -1.359676 
0.540000 	 0.959515 
0.550000 	 0.046721 
0.560000 	 0.510905 
0.570000 	 -1.051749 
0.580000 	 -0.255422 
0.590000 	 -0.674980 
0.600000 	 -0.493786 
0.610000 	 0.009976 
0.620000 	 -0.052674 
0.630000 	 1.135447 
0.640000 	 0.180677 
0.650000 	 -0.317550 
0.660000 	 0.780394 
0.670000 	 -1.447493 
0.680000 	 0.590940 
0.690000 	 -0.587670 
0.700000 	 1.706141 
0.710000 	 0.987835 
0.720000 	 -0.294000 
0.730000 	 -1.487006 
0.740000 	 1.352281 
0.750000 	 -1.100965 
0.760000 	 -0.057656 
0.770000 	 -0.694659 
0.780000 	 -0.284390 
0.790000 	 -1.534955 
0.800000 	 -0.790996 
0.810000 	 -1.313339 
0.820000 	 0.279547 
0.830000 	 0.695504 
0.840000 	 -1.198415 
0.850000 	 -1.263039 
0.860000 	 -2.175039 
0.870000 	 0.457337 
0.880000 	 -0.273894 
0.890000 	 0.250222 
0.900000 	 -0.172568 
0.910000 	 0.563233 
0.920000 	 0.306616 
0.930000 	 0.412998 
0.940000 	 0.470265 
0.950000 	 0.043000 
0.960000 	 0.955469 
0.970000 	 1.097214 
0.980000 	 -0.811731 
0.990000 	 0.420228 
1.000000 	 -1.936411 
1.010000 	 -1.591365 
1.020000 	 -1.678451 
1.030000 	 -0.036790 
1.040000 	 -0.253240 
1.050000 	 -1.250592 
1.060000 	 0.348368 
1.070000 	 -1.670720 
1.080000 	 -1.293013 
1.090000 	 -1.486457 
1.100000 	 -1.562541 
1.110000 	 -0.649999 
1.120000 	 -0.698347 
1.130000 	 -1.231172 
1.140000 	 -0.557507 
1.150000 	 0.061214 
1.160000 	 -1.556220 
1.170000 	 -0.951277 
1.180000 	 0.974955 
1.190000 	 -0.909102 
1.200000 	 -1.864776 
1.210000 	 0.424985 
1.220000 	 -0.825459 
1.230000 	 -0.715627 
1.240000 	 -0.592220 
1.250000 	 -0.614358 
1.260000 	 -1.855984 
1.270000 	 -0.855490 
1.280000 	 0.041718 
1.290000 	 -0.920984 
1.300000 	 -1.093575 
1.310000 	 -0.356472 
1.320000 	 -1.585526 
1.330000 	 -0.875793 
1.340000 	 -1.520210 
1.350000 	 -1.534552 
1.360000 	 0.214271 
1.370000 	 -0.798682 
1.380000 	 -0.845868 
1.390000 	 -1.295272 
1.400000 	 -1.173086 
1.410000 	 -1.156621 
1.420000 	 -1.218729 
1.430000 	 -1.822018 
1.440000 	 -1.303027 
1.450000 	 -1.535737 
1.460000 	 -2.929745 
1.470000 	 -1.874989 
1.480000 	 -1.822299 
1.490000 	 -0.093025 
1.500000 	 -1.360041 
1.510000 	 -0.914316 
1.520000 	 -1.434385 
1.530000 	 -1.351429 
1.540000 	 -2.439436 
1.550000 	 -1.724437 
1.560000 	 -0.893844 
1.570000 	 -0.443792 
1.580000 	 -2.597059 
1.590000 	 -2.243587 
1.600000 	 -1.943955 
1.610000 	 -0.460319 
1.620000 	 -0.080964 
1.630000 	 -1.412102 
1.640000 	 -0.910308 
1.650000 	 -2.224944 
1.660000 	 -1.774532 
1.670000 	 -1.268030 
1.680000 	 -1.901340 
1.690000 	 -1.492219 
1.700000 	 -2.641366 
1.710000 	 -2.459302 
1.720000 	 0.068722 
1.730000 	 -1.548915 
1.740000 	 -2.550026 
1.750000 	 -0.910626 
1.760000 	 -2.264065 
1.770000 	 -1.498235 
1.780000 	 -0.954002 
1.790000 	 -2.269602 
1.800000 	 -1.944183 
1.810000 	 0.442681 
1.820000 	 -2.184893 
1.830000 	 -1.174321 
1.840000 	 -0.382649 
1.850000 	 -1.301599 
1.860000 	 -0.989153 
1.870000 	 -3.498625 
1.880000 	 -0.442273 
1.890000 	 -1.737033 
1.900000 	 -0.759038 
1.910000 	 -1.302042 
1.920000 	 -2.688553 
1.930000 	 -1.770624 
1.940000 	 -2.893143 
1.950000 	 -2.375451 
1.960000 	 -1.483481 
1.970000 	 -2.178750 
1.980000 	 -2.495915 
1.990000 	 -1.655422 
2.000000 	 -1.958808 
2.010000 	 -1.934754 
2.020000 	 -3.185018 
2.030000 	 -1.097673 
2.040000 	 -2.806720 
2.050000 	 -1.823904 
2.060000 	 -1.811549 
2.070000 	 -1.105262 
2.080000 	 -1.602761 
2.090000 	 -2.840009 
2.100000 	 -1.364614 
2.110000 	 -1.676728 
2.120000 	 -3.452423 
2.130000 	 -0.940027 
2.140000 	 -2.092663 
2.150000 	 -1.293443 
2.160000 	 -1.421562 
2.170000 	 -0.864423 
2.180000 	 -2.846088 
2.190000 	 -1.030789 
2.200000 	 -3.243756 
2.210000 	 -2.758974 
2.220000 	 -2.784063 
2.230000 	 -2.403264 
2.240000 	 -1.965741 
2.250000 	 -1.289697 
2.260000 	 -1.004641 
2.270000 	 -2.698418 
2.280000 	 -1.276141 
2.290000 	 -1.284179 
2.300000 	 -1.991288 
2.310000 	 -3.786108 
2.320000 	 -2.801752 
2.330000 	 -1.145054 
2.340000 	 -1.945926 
2.350000 	 -1.723205 
2.360000 	 -1.775433 
2.370000 	 -2.324276 
2.380000 	 -1.737960 
2.390000 	 -3.374026 
2.400000 	 -1.826485 
2.410000 	 -2.651857 
2.420000 	 -1.922474 
2.430000 	 -2.704889 
2.440000 	 -2.117436 
2.450000 	 -2.440511 
2.460000 	 -1.871862 
2.470000 	 -2.579657 
2.480000 	 -2.235328 
2.490000 	 -1.366506 
2.500000 	 -1.932651 
2.510000 	 -1.924383 
2.520000 	 -2.873819 
2.530000 	 0.028165 
2.540000 	 -2.223893 
2.550000 	 -2.893301 
2.560000 	 -3.670187 
2.570000 	 -1.497177 
2.580000 	 -1.835010 
2.590000 	 -2.025969 
2.600000 	 -2.487914 
2.610000 	 -2.875347 
2.620000 	 -2.388818 
2.630000 	 -3.759244 
2.640000 	 -1.962251 
2.650000 	 -1.804881 
2.660000 	 -1.841270 
2.670000 	 -3.731305 
2.680000 	 -2.685417 
2.690000 	 -1.832988 
2.700000 	 -3.182726 
2.710000 	 -2.099903 
2.720000 	 -1.821862 
2.730000 	 -3.328449 
2.740000 	 -1.808045 
2.750000 	 -2.622444 
2.760000 	 -2.591835 
2.770000 	 -3.660532 
2.780000 	 -2.611937 
2.790000 	 -2.050991 
2.800000 	 -3.336336 
2.810000 	 -2.939491 
2.820000 	 -2.699610 
2.830000 	 -3.775406 
2.840000 	 -3.644512 
2.850000 	 -1.553999 
2.860000 	 -2.727782 
2.870000 	 -2.558877 
2.880000 	 -3.081423 
2.890000 	 -2.986085 
2.900000 	 -2.696385 
2.910000 	 -2.288496 
2.920000 	 -3.447397 
2.930000 	 -4.010722 
2.940000 	 -3.661692 
2.950000 	 -3.207016 
2.960000 	 -3.624422 
2.970000 	 -4.507123 
2.980000 	 -2.598403 
2.990000 	 -2.951733 
3.000000 	 -2.900838 
3.010000 	 -2.311174 
3.020000 	 -3.172690 
3.030000 	 -2.630396 
3.040000 	 -2.605415 
3.050000 	 -3.434162 
3.060000 	 -4.105797 
3.070000 	 -3.747880 
3.080000 	 -2.760442 
3.090000 	 -3.909761 
3.100000 	 -4.774194 
3.110000 	 -4.166443 
3.120000 	 -3.199505 
3.130000 	 -3.640996 
3.140000 	 -3.780485 
3.150000 	 -3.209919 
3.160000 	 -3.904819 
3.170000 	 -1.408580 
3.180000 	 -3.446564 
3.190000 	 -4.964750 
3.200000 	 -2.884872 
3.210000 	 -3.204496 
3.220000 	 -3.055326 
3.230000 	 -3.784101 
3.240000 	 -3.958600 
3.250000 	 -3.795883 
3.260000 	 -4.004470 
3.270000 	 -3.477764 
3.280000 	 -3.502185 
3.290000 	 -4.153951 
3.300000 	 -3.345248 
3.310000 	 -2.043860 
3.320000 	 -3.204276 
3.330000 	 -3.563737 
3.340000 	 -4.195587 
3.350000 	 -3.748376 
3.360000 	 -3.084853 
3.370000 	 -4.013850 
3.380000 	 -2.364138 
3.390000 	 -4.574950 
3.400000 	 -3.979047 
3.410000 	 -3.907898 
3.420000 	 -2.161999 
3.430000 	 -3.298870 
3.440000 	 -4.210305 
3.450000 	 -4.297878 
3.460000 	 -2.339309 
3.470000 	 -2.550853 
3.480000 	 -3.953892 
3.490000 	 -4.251937 
3.500000 	 -3.232849 
3.510000 	 -4.638361 
3.520000 	 -4.450295 
3.530000 	 -3.534100 
3.540000 	 -4.133728 
3.550000 	 -3.753567 
3.560000 	 -3.370379 
3.570000 	 -4.509027 
3.580000 	 -4.075584 
3.590000 	 -4.118218 
3.600000 	 -3.581924 
3.610000 	 -5.388078 
3.620000 	 -4.846017 
3.630000 	 -3.180349 
3.640000 	 -5.213945 
3.650000 	 -2.346707 
3.660000 	 -3.288276 
3.670000 	 -3.875322 
3.680000 	 -3.807315 
3.690000 	 -4.521010 
3.700000 	 -3.902381 
3.710000 	 -3.762661 
3.720000 	 -3.972884 
3.730000 	 -3.203046 
3.740000 	 -1.714067 
3.750000 	 -4.092432 
3.760000 	 -3.599378 
3.770000 	 -3.663724 
3.780000 	 -4.009923 
3.790000 	 -2.624491 
3.800000 	 -3.209725 
3.810000 	 -4.357976 
3.820000 	 -4.555223 
3.830000 	 -4.894458 
3.840000 	 -3.626045 
3.850000 	 -2.518141 
3.860000 	 -3.394592 
3.870000 	 -5.474383 
3.880000 	 -3.759362 
3.890000 	 -3.239826 
3.900000 	 -3.516676 
3.910000 	 -5.062586 
3.920000 	 -3.923395 
3.930000 	 -4.155581 
3.940000 	 -4.923834 
3.950000 	 -4.522150 
3.960000 	 -3.677955 
3.970000 	 -4.058164 
3.980000 	 -3.959510 
3.990000 	 -4.850308 
4.000000 	 -5.166678 
4.010000 	 -4.119644 
4.020000 	 -4.156400 
4.030000 	 -4.195844 
4.040000 	 -4.858361 
4.050000 	 -4.626112 
4.060000 	 -4.026981 
4.070000 	 -3.739313 
4.080000 	 -3.969500 
4.090000 	 -3.531794 
4.100000 	 -4.187239 
4.110000 	 -3.334951 
4.120000 	 -4.127439 
4.130000 	 -4.384829 
4.140000 	 -3.761867 
4.150000 	 -4.267849 
4.160000 	 -2.674875 
4.170000 	 -4.224158 
4.180000 	 -4.977740 
4.190000 	 -4.861178 
4.200000 	 -5.584703 
4.210000 	 -4.390559 
4.220000 	 -4.708613 
4.230000 	 -5.290852 
4.240000 	 -5.079962 
4.250000 	 -2.506923 
4.260000 	 -5.133682 
4.270000 	 -6.576017 
4.280000 	 -5.253092 
4.290000 	 -5.928451 
4.300000 	 -4.023538 
4.310000 	 -3.548644 
4.320000 	 -5.386259 
4.330000 	 -5.362689 
4.340000 	 -4.960606 
4.350000 	 -4.846560 
4.360000 	 -5.384298 
4.370000 	 -4.569951 
4.380000 	 -4.049523 
4.390000 	 -5.005618 
4.400000 	 -3.954427 
4.410000 	 -6.362494 
4.420000 	 -4.474376 
4.430000 	 -5.014363 
4.440000 	 -5.896273 
4.450000 	 -5.338347 
4.460000 	 -5.957354 
4.470000 	 -5.515283 
4.480000 	 -5.229509 
4.490000 	 -4.945921 
4.500000 	 -3.604029 
4.510000 	 -4.890966 
4.520000 	 -4.971616 
4.530000 	 -4.961937 
4.540000 	 -3.733171 
4.550000 	 -2.679403 
4.560000 	 -4.633485 
4.570000 	 -6.326134 
4.580000 	 -5.010617 
4.590000 	 -4.433386 
4.600000 	 -5.149851 
4.610000 	 -4.987477 
4.620000 	 -5.259669 
4.630000 	 -5.421286 
4.640000 	 -4.267114 
4.650000 	 -5.891889 
4.660000 	 -4.695625 
4.670000 	 -4.441782 
4.680000 	 -4.466972 
4.690000 	 -3.661094 
4.700000 	 -5.529329 
4.710000 	 -5.058585 
4.720000 	 -5.411613 
4.730000 	 -6.268969 
4.740000 	 -5.755917 
4.750000 	 -4.721204 
4.760000 	 -4.618555 
4.770000 	 -3.982451 
4.780000 	 -5.165349 
4.790000 	 -4.992477 
4.800000 	 -4.916809 
4.810000 	 -6.275931 
4.820000 	 -3.939325 
4.830000 	 -5.495599 
4.840000 	 -5.036433 
4.850000 	 -5.378277 
4.860000 	 -5.155764 
4.870000 	 -7.311833 
4.880000 	 -5.313160 
4.890000 	 -5.727918 
4.900000 	 -5.294914 
4.910000 	 -5.682578 
4.920000 	 -5.315453 
4.930000 	 -5.213698 
4.940000 	 -4.677640 
4.950000 	 -5.242511 
4.960000 	 -6.315217 
4.970000 	 -4.886378 
4.980000 	 -4.721145 
4.990000 	 -5.506794 
5.000000 	 -5.252783 
