0.000000 	 -0.544034 
0.010000 	 -0.316775 
0.020000 	 0.469951 
0.030000 	 -0.185309 
0.040000 	 -0.525391 
0.050000 	 0.519542 
0.060000 	 0.506504 
0.070000 	 -0.352128 
0.080000 	 0.559628 
0.090000 	 1.161593 
0.100000 	 -0.703791 
0.110000 	 0.956778 
0.120000 	 1.617027 
0.130000 	 1.472025 
0.140000 	 0.187092 
0.150000 	 -0.284780 
0.160000 	 1.472055 
0.170000 	 1.061030 
0.180000 	 1.377941 
0.190000 	 0.470927 
0.200000 	 -0.794886 
0.210000 	 1.178712 
0.220000 	 1.165310 
0.230000 	 1.302651 
0.240000 	 -0.434749 
0.250000 	 0.101234 
0.260000 	 0.506039 
0.270000 	 0.478232 
0.280000 	 -0.431085 
0.290000 	 -0.001166 
0.300000 	 2.071539 
0.310000 	 1.985769 
0.320000 	 -0.334585 
0.330000 	 0.900707 
0.340000 	 0.156388 
0.350000 	 0.779374 
0.360000 	 -1.266797 
0.370000 	 0.552292 
0.380000 	 0.783622 
0.390000 	 0.773116 
0.400000 	 0.717656 
0.410000 	 0.092489 
0.420000 	 -0.798887 
0.430000 	 -0.654747 
0.440000 	 -0.436102 
0.450000 	 0.737221 
0.460000 	 0.362174 
0.470000 	 0.108441 
0.480000 	 0.110809 
0.490000 	 -0.058105 
0.500000 	 0.598108 
0.510000 	 -2.202373 
0.520000 	 1.281490 
0.530000 	 -0.815227 
0.540000 	 0.025041 
0.550000 	 0.423917 
0.560000 	 1.207273 
0.570000 	 -0.574018 
0.580000 	 -2.111496 
0.590000 	 0.597653 
0.600000 	 0.230808 
0.610000 	 -0.107608 
0.620000 	 -0.949436 
0.630000 	 -0.510626 
0.640000 	 -0.385068 
0.650000 	 0.650562 
0.660000 	 -0.075084 
0.670000 	 -1.717335 
0.680000 	 0.533586 
0.690000 	 -0.510782 
0.700000 	 -0.021858 
0.710000 	 0.213833 
0.720000 	 1.857094 
0.730000 	 0.936799 
0.740000 	 -1.143931 
0.750000 	 1.045132 
0.760000 	 -0.751771 
0.770000 	 -1.828074 
0.780000 	 -0.412374 
0.790000 	 0.619432 
0.800000 	 0.676950 
0.810000 	 -0.531889 
0.820000 	 -2.140227 
0.830000 	 1.232537 
0.840000 	 0.096231 
0.850000 	 -0.162010 
0.860000 	 -0.592496 
0.870000 	 0.652833 
0.880000 	 -1.949217 
0.890000 	 -0.758219 
0.900000 	 -1.503410 
0.910000 	 0.485756 
0.920000 	 0.560484 
0.930000 	 0.809583 
0.940000 	 -0.929631 
0.950000 	 -0.093280 
0.960000 	 -1.238651 
0.970000 	 -1.687981 
0.980000 	 -0.591569 
0.990000 	 -1.194685 
1.000000 	 -0.469850 
1.010000 	 0.404872 
1.020000 	 -1.060837 
1.030000 	 -1.526177 
1.040000 	 -0.105971 
1.050000 	 -0.282984 
1.060000 	 -2.119020 
1.070000 	 -0.723910 
1.080000 	 -0.117599 
1.090000 	 -0.549348 
1.100000 	 -0.434612 
1.110000 	 -0.097589 
1.120000 	 -1.471352 
1.130000 	 0.146798 
1.140000 	 0.137008 
1.150000 	 -0.654739 
1.160000 	 -0.589578 
1.170000 	 -0.787039 
1.180000 	 -0.765036 
1.190000 	 -0.992723 
1.200000 	 -1.301954 
1.210000 	 -0.084531 
1.220000 	 -0.893046 
1.230000 	 -0.617769 
1.240000 	 -1.729700 
1.250000 	 -1.084186 
1.260000 	 -0.592540 
1.270000 	 -0.660267 
1.280000 	 -1.533833 
1.290000 	 -0.680655 
1.300000 	 -0.888858 
1.310000 	 -1.087005 
1.320000 	 -1.240012 
1.330000 	 -2.063053 
1.340000 	 -0.460319 
1.350000 	 0.383885 
1.360000 	 -1.198320 
1.370000 	 -2.362196 
1.380000 	 -0.020938 
1.390000 	 -0.882657 
1.400000 	 -2.071967 
1.410000 	 -0.577952 
1.420000 	 -1.523358 
1.430000 	 0.028843 
1.440000 	 -2.880756 
1.450000 	 -1.378990 
1.460000 	 -0.322924 
1.470000 	 -1.993595 
1.480000 	 -1.532171 
1.490000 	 -1.974810 
1.500000 	 -1.596540 
1.510000 	 -1.507206 
1.520000 	 -0.717447 
1.530000 	 0.063442 
1.540000 	 -1.837647 
1.550000 	 -0.999339 
1.560000 	 -1.962247 
1.570000 	 -0.357190 
1.580000 	 -2.469384 
1.590000 	 -0.553252 
1.600000 	 -0.672948 
1.610000 	 -0.232701 
1.620000 	 -0.804832 
1.630000 	 -0.594540 
1.640000 	 -2.222143 
1.650000 	 -3.002654 
1.660000 	 -2.348068 
1.670000 	 -2.467099 
1.680000 	 -2.163342 
1.690000 	 -1.717676 
1.700000 	 -2.005192 
1.710000 	 -1.337564 
1.720000 	 -1.258097 
1.730000 	 -1.977680 
1.740000 	 -2.960552 
1.750000 	 -1.025444 
1.760000 	 -1.914884 
1.770000 	 -0.552541 
1.780000 	 -1.867808 
1.790000 	 -1.290720 
1.800000 	 -1.830133 
1.810000 	 -0.301199 
1.820000 	 -2.747015 
1.830000 	 -2.546528 
1.840000 	 -2.064326 
1.850000 	 -1.547678 
1.860000 	 -2.870952 
1.870000 	 -1.771116 
1.880000 	 -2.690020 
1.890000 	 -1.697812 
1.900000 	 -1.728989 
1.910000 	 -1.513746 
1.920000 	 -1.246865 
1.930000 	 -2.345371 
1.940000 	 -1.699356 
1.950000 	 -0.118326 
1.960000 	 -0.616964 
1.970000 	 -1.750568 
1.980000 	 -2.862367 
1.990000 	 -0.483948 
2.000000 	 -2.079919 
2.010000 	 0.417451 
2.020000 	 -3.270163 
2.030000 	 -1.710041 
2.040000 	 -1.914492 
2.050000 	 -0.352315 
2.060000 	 -2.365116 
2.070000 	 -1.125499 
2.080000 	 -1.286012 
2.090000 	 -1.662822 
2.100000 	 -2.209562 
2.110000 	 -2.160965 
2.120000 	 -1.608688 
2.130000 	 -1.327721 
2.140000 	 -0.788476 
2.150000 	 -1.733858 
2.160000 	 -2.828591 
2.170000 	 -2.074604 
2.180000 	 -1.520604 
2.190000 	 -1.256376 
2.200000 	 -2.659967 
2.210000 	 -2.696126 
2.220000 	 -1.488473 
2.230000 	 -3.822769 
2.240000 	 -2.207129 
2.250000 	 -2.055074 
2.260000 	 -1.365083 
2.270000 	 -3.007645 
2.280000 	 -2.292243 
2.290000 	 -1.226052 
2.300000 	 -2.014834 
2.310000 	 -1.618147 
2.320000 	 -1.404037 
2.330000 	 -0.631273 
2.340000 	 -2.919574 
2.350000 	 -2.838193 
2.360000 	 -2.827871 
2.370000 	 -2.628852 
2.380000 	 -2.367225 
2.390000 	 -2.806637 
2.400000 	 -1.873086 
2.410000 	 -3.615239 
2.420000 	 -2.572233 
2.430000 	 -1.948402 
2.440000 	 -1.591987 
2.450000 	 -1.988853 
2.460000 	 -2.782386 
2.470000 	 -1.685396 
2.480000 	 -3.651329 
2.490000 	 -2.974877 
2.500000 	 -2.471695 
2.510000 	 -1.640878 
2.520000 	 -4.529303 
2.530000 	 -2.456224 
2.540000 	 -1.779438 
2.550000 	 -1.891063 
2.560000 	 -2.300050 
2.570000 	 -3.177451 
2.580000 	 -0.769261 
2.590000 	 -2.916360 
2.600000 	 -3.686095 
2.610000 	 -3.125951 
2.620000 	 -2.434622 
2.630000 	 -1.579823 
2.640000 	 -0.928223 
2.650000 	 -1.993106 
2.660000 	 -3.375108 
2.670000 	 -4.104941 
2.680000 	 -5.239121 
2.690000 	 -3.864713 
2.700000 	 -3.042364 
2.710000 	 -3.262805 
2.720000 	 -2.474948 
2.730000 	 -2.985763 
2.740000 	 -2.218496 
2.750000 	 -3.573273 
2.760000 	 -3.435211 
2.770000 	 -1.897725 
2.780000 	 -1.894617 
2.790000 	 -3.051509 
2.800000 	 -2.343977 
2.810000 	 -3.683199 
2.820000 	 -3.572349 
2.830000 	 -1.910245 
2.840000 	 -2.966932 
2.850000 	 -3.131415 
2.860000 	 -2.145327 
2.870000 	 -2.514030 
2.880000 	 -3.557929 
2.890000 	 -2.471493 
2.900000 	 -2.191344 
2.910000 	 -2.995691 
2.920000 	 -2.613535 
2.930000 	 -3.011561 
2.940000 	 -2.630709 
2.950000 	 -1.996190 
2.960000 	 -2.308636 
2.970000 	 -3.638146 
2.980000 	 -3.809374 
2.990000 	 -3.208968 
3.000000 	 -4.476727 
3.010000 	 -2.020723 
3.020000 	 -3.303380 
3.030000 	 -3.982663 
3.040000 	 -2.771498 
3.050000 	 -2.977586 
3.060000 	 -2.417159 
3.070000 	 -3.379204 
3.080000 	 -4.028920 
3.090000 	 -4.287747 
3.100000 	 -2.160015 
3.110000 	 -2.926645 
3.120000 	 -2.827458 
3.130000 	 -2.735089 
3.140000 	 -4.615687 
3.150000 	 -3.429557 
3.160000 	 -3.929107 
3.170000 	 -3.688656 
3.180000 	 -4.851182 
3.190000 	 -3.435550 
3.200000 	 -3.241878 
3.210000 	 -4.545611 
3.220000 	 -3.175559 
3.230000 	 -3.674211 
3.240000 	 -2.234661 
3.250000 	 -3.609231 
3.260000 	 -2.834975 
3.270000 	 -3.060300 
3.280000 	 -3.077910 
3.290000 	 -3.208702 
3.300000 	 -4.111430 
3.310000 	 -2.327746 
3.320000 	 -3.304453 
3.330000 	 -3.643544 
3.340000 	 -4.458765 
3.350000 	 -2.972420 
3.360000 	 -4.412330 
3.370000 	 -2.611901 
3.380000 	 -3.576994 
3.390000 	 -3.530784 
3.400000 	 -2.506144 
3.410000 	 -3.744335 
3.420000 	 -2.839724 
3.430000 	 -4.258164 
3.440000 	 -4.744988 
3.450000 	 -4.876710 
3.460000 	 -3.890467 
3.470000 	 -3.631854 
3.480000 	 -4.002836 
3.490000 	 -3.611212 
3.500000 	 -4.602007 
3.510000 	 -3.074392 
3.520000 	 -3.778948 
3.530000 	 -3.053035 
3.540000 	 -4.251783 
3.550000 	 -2.458745 
3.560000 	 -3.860437 
3.570000 	 -2.649697 
3.580000 	 -4.165672 
3.590000 	 -4.599859 
3.600000 	 -3.435591 
3.610000 	 -4.746087 
3.620000 	 -4.705819 
3.630000 	 -3.631653 
3.640000 	 -4.437674 
3.650000 	 -3.433691 
3.660000 	 -4.981765 
3.670000 	 -4.905515 
3.680000 	 -4.226769 
3.690000 	 -3.793449 
3.700000 	 -5.347112 
3.710000 	 -4.133062 
3.720000 	 -4.352164 
3.730000 	 -3.948548 
3.740000 	 -4.035273 
3.750000 	 -3.722171 
3.760000 	 -3.844884 
3.770000 	 -2.578135 
3.780000 	 -4.628864 
3.790000 	 -3.919150 
3.800000 	 -2.780887 
3.810000 	 -3.137606 
3.820000 	 -4.131754 
3.830000 	 -3.166515 
3.840000 	 -4.071084 
3.850000 	 -4.641075 
3.860000 	 -4.706639 
3.870000 	 -4.761959 
3.880000 	 -3.639301 
3.890000 	 -4.431951 
3.900000 	 -2.229063 
3.910000 	 -4.854116 
3.920000 	 -6.520563 
3.930000 	 -3.688779 
3.940000 	 -4.223589 
3.950000 	 -4.514725 
3.960000 	 -4.203852 
3.970000 	 -2.626899 
3.980000 	 -3.407893 
3.990000 	 -4.654734 
4.000000 	 -4.395170 
4.010000 	 -3.758910 
4.020000 	 -2.825079 
4.030000 	 -3.912627 
4.040000 	 -3.774710 
4.050000 	 -3.605014 
4.060000 	 -3.021160 
4.070000 	 -4.920678 
4.080000 	 -3.732682 
4.090000 	 -3.811525 
4.100000 	 -3.174272 
4.110000 	 -3.883536 
4.120000 	 -4.057770 
4.130000 	 -3.717594 
4.140000 	 -3.405100 
4.150000 	 -4.549612 
4.160000 	 -4.023367 
4.170000 	 -4.699037 
4.180000 	 -3.318529 
4.190000 	 -3.266557 
4.200000 	 -5.492811 
4.210000 	 -4.718182 
4.220000 	 -5.543868 
4.230000 	 -4.149089 
4.240000 	 -5.915866 
4.250000 	 -3.740210 
4.260000 	 -5.323623 
4.270000 	 -5.923454 
4.280000 	 -3.665974 
4.290000 	 -5.482584 
4.300000 	 -4.160339 
4.310000 	 -5.700211 
4.320000 	 -4.716701 
4.330000 	 -3.966332 
4.340000 	 -4.644643 
4.350000 	 -4.991990 
4.360000 	 -5.769524 
4.370000 	 -4.277301 
4.380000 	 -5.565375 
4.390000 	 -4.639485 
4.400000 	 -5.216865 
4.410000 	 -4.370013 
4.420000 	 -5.057655 
4.430000 	 -3.658361 
4.440000 	 -5.039856 
4.450000 	 -4.775209 
4.460000 	 -4.955513 
4.470000 	 -4.580332 
4.480000 	 -4.679013 
4.490000 	 -4.757399 
4.500000 	 -4.943512 
4.510000 	 -5.019085 
4.520000 	 -4.939200 
4.530000 	 -3.513958 
4.540000 	 -5.570743 
4.550000 	 -4.388179 
4.560000 	 -4.300199 
4.570000 	 -5.261976 
4.580000 	 -6.829623 
4.590000 	 -4.415006 
4.600000 	 -5.846948 
4.610000 	 -6.406832 
4.620000 	 -6.075861 
4.630000 	 -3.413903 
4.640000 	 -4.539245 
4.650000 	 -6.388294 
4.660000 	 -5.245463 
4.670000 	 -6.286494 
4.680000 	 -4.686042 
4.690000 	 -4.047563 
4.700000 	 -4.987474 
4.710000 	 -3.135777 
4.720000 	 -6.344296 
4.730000 	 -4.696999 
4.740000 	 -4.184535 
4.750000 	 -5.337760 
4.760000 	 -4.895845 
4.770000 	 -6.122057 
4.780000 	 -6.064118 
4.790000 	 -6.241035 
4.800000 	 -5.759315 
4.810000 	 -5.369533 
4.820000 	 -5.817603 
4.830000 	 -4.666337 
4.840000 	 -5.582847 
4.850000 	 -5.191419 
4.860000 	 -6.142767 
4.870000 	 -5.645716 
4.880000 	 -4.770903 
4.890000 	 -5.666847 
4.900000 	 -6.381220 
4.910000 	 -6.046728 
4.920000 	 -5.935969 
4.930000 	 -5.616881 
4.940000 	 -5.905906 
4.950000 	 -4.603544 
4.960000 	 -4.415567 
4.970000 	 -5.059628 
4.980000 	 -6.534577 
4.990000 	 -5.390365 
5.000000 	 -5.850488 
