0.000000 	 0.576921 
0.010000 	 1.790210 
0.020000 	 1.211076 
0.030000 	 0.668506 
0.040000 	 0.445474 
0.050000 	 1.185151 
0.060000 	 0.222391 
0.070000 	 0.173097 
0.080000 	 -0.399147 
0.090000 	 -0.021392 
0.100000 	 -0.505786 
0.110000 	 0.940082 
0.120000 	 -0.364897 
0.130000 	 0.464396 
0.140000 	 1.726527 
0.150000 	 0.932651 
0.160000 	 1.170638 
0.170000 	 0.058087 
0.180000 	 0.144708 
0.190000 	 -0.933409 
0.200000 	 0.798228 
0.210000 	 0.364146 
0.220000 	 0.542660 
0.230000 	 1.119935 
0.240000 	 0.138049 
0.250000 	 0.715902 
0.260000 	 1.491717 
0.270000 	 -0.201073 
0.280000 	 0.938223 
0.290000 	 0.992735 
0.300000 	 0.183950 
0.310000 	 0.457383 
0.320000 	 1.883774 
0.330000 	 -0.592960 
0.340000 	 0.473068 
0.350000 	 -0.362109 
0.360000 	 -1.086155 
0.370000 	 1.057075 
0.380000 	 0.942816 
0.390000 	 0.785561 
0.400000 	 1.596045 
0.410000 	 1.555818 
0.420000 	 1.694582 
0.430000 	 -0.730364 
0.440000 	 0.511197 
0.450000 	 1.032959 
0.460000 	 -0.873599 
0.470000 	 -1.367188 
0.480000 	 -1.367755 
0.490000 	 -0.847953 
0.500000 	 0.186637 
0.510000 	 -0.145168 
0.520000 	 1.638452 
0.530000 	 -0.880411 
0.540000 	 -0.215402 
0.550000 	 0.083303 
0.560000 	 -0.219118 
0.570000 	 0.018064 
0.580000 	 -1.046592 
0.590000 	 -0.645890 
0.600000 	 -0.438013 
0.610000 	 -0.875536 
0.620000 	 0.047114 
0.630000 	 1.048733 
0.640000 	 -0.079974 
0.650000 	 0.063292 
0.660000 	 0.963634 
0.670000 	 0.194645 
0.680000 	 -0.297965 
0.690000 	 -0.033210 
0.700000 	 0.172438 
0.710000 	 -0.947746 
0.720000 	 0.532493 
0.730000 	 1.959570 
0.740000 	 -0.374165 
0.750000 	 -1.104035 
0.760000 	 0.431063 
0.770000 	 -0.927225 
0.780000 	 -0.258023 
0.790000 	 1.047858 
0.800000 	 -0.771383 
0.810000 	 0.861874 
0.820000 	 0.061977 
0.830000 	 -0.966655 
0.840000 	 -1.322734 
0.850000 	 0.101581 
0.860000 	 1.035102 
0.870000 	 -2.035377 
0.880000 	 -0.251406 
0.890000 	 -0.939463 
0.900000 	 0.263174 
0.910000 	 -0.603866 
0.920000 	 -0.961234 
0.930000 	 -1.595778 
0.940000 	 0.437270 
0.950000 	 -1.243485 
0.960000 	 0.653083 
0.970000 	 -0.392503 
0.980000 	 0.199574 
0.990000 	 0.548898 
1.000000 	 -0.156140 
1.010000 	 -0.134369 
1.020000 	 -1.314342 
1.030000 	 -1.334184 
1.040000 	 -1.442007 
1.050000 	 -1.977989 
1.060000 	 -1.002854 
1.070000 	 0.146072 
1.080000 	 -2.026897 
1.090000 	 -0.482134 
1.100000 	 -1.424227 
1.110000 	 -0.824046 
1.120000 	 0.259616 
1.130000 	 0.066391 
1.140000 	 0.675500 
1.150000 	 0.277690 
1.160000 	 -0.208936 
1.170000 	 -0.782504 
1.180000 	 -0.921549 
1.190000 	 -0.443846 
1.200000 	 -0.896289 
1.210000 	 -1.436669 
1.220000 	 -0.139095 
1.230000 	 -1.364944 
1.240000 	 -0.789629 
1.250000 	 -1.422652 
1.260000 	 -0.845088 
1.270000 	 -0.937522 
1.280000 	 -0.750695 
1.290000 	 -3.035927 
1.300000 	 0.071360 
1.310000 	 -0.609931 
1.320000 	 -1.315760 
1.330000 	 -0.100757 
1.340000 	 -1.961064 
1.350000 	 -1.019930 
1.360000 	 0.854709 
1.370000 	 -1.583728 
1.380000 	 0.109833 
1.390000 	 -0.898494 
1.400000 	 -1.130459 
1.410000 	 -1.157987 
1.420000 	 -1.594919 
1.430000 	 -0.290763 
1.440000 	 -0.900152 
1.450000 	 0.235576 
1.460000 	 -0.486076 
1.470000 	 -0.880219 
1.480000 	 -1.505404 
1.490000 	 -0.468757 
1.500000 	 -1.086617 
1.510000 	 -1.565765 
1.520000 	 -1.569581 
1.530000 	 -2.211462 
1.540000 	 -0.045301 
1.550000 	 -0.466249 
1.560000 	 -1.306122 
1.570000 	 -2.020134 
1.580000 	 -0.482615 
1.590000 	 -0.773184 
1.600000 	 -1.517683 
1.610000 	 -1.842728 
1.620000 	 -2.513992 
1.630000 	 -0.695348 
1.640000 	 -0.567280 
1.650000 	 -0.222873 
1.660000 	 -0.162426 
1.670000 	 -1.384783 
1.680000 	 -2.745320 
1.690000 	 -1.236159 
1.700000 	 -2.161634 
1.710000 	 -0.657705 
1.720000 	 -2.398898 
1.730000 	 -2.186139 
1.740000 	 -2.663659 
1.750000 	 -2.604877 
1.760000 	 -1.285927 
1.770000 	 -1.926615 
1.780000 	 -0.546619 
1.790000 	 -0.796252 
1.800000 	 -1.220618 
1.810000 	 -0.969300 
1.820000 	 -1.328745 
1.830000 	 -2.550878 
1.840000 	 -0.840732 
1.850000 	 -0.938620 
1.860000 	 -1.024357 
1.870000 	 -0.193315 
1.880000 	 -2.476462 
1.890000 	 -1.256337 
1.900000 	 -2.501044 
1.910000 	 -1.133738 
1.920000 	 -1.959400 
1.930000 	 -2.183456 
1.940000 	 -1.202047 
1.950000 	 -1.466828 
1.960000 	 -1.431313 
1.970000 	 -1.351671 
1.980000 	 -2.598784 
1.990000 	 -0.696707 
2.000000 	 -2.157497 
2.010000 	 -1.756874 
2.020000 	 -1.524802 
2.030000 	 -0.857145 
2.040000 	 -2.042477 
2.050000 	 -2.137215 
2.060000 	 -0.426366 
2.070000 	 -1.641425 
2.080000 	 -3.549427 
2.090000 	 -0.152610 
2.100000 	 -1.268696 
2.110000 	 -2.291803 
2.120000 	 -1.404214 
2.130000 	 -1.778414 
2.140000 	 -2.703284 
2.150000 	 -3.369870 
2.160000 	 -1.862821 
2.170000 	 -1.811716 
2.180000 	 -2.301109 
2.190000 	 -0.660976 
2.200000 	 -3.838736 
2.210000 	 -1.755405 
2.220000 	 -1.223360 
2.230000 	 -2.453550 
2.240000 	 -2.312611 
2.250000 	 -1.312687 
2.260000 	 -2.368193 
2.270000 	 -2.343195 
2.280000 	 -1.243160 
2.290000 	 -1.607593 
2.300000 	 -2.458749 
2.310000 	 -1.706197 
2.320000 	 -1.655159 
2.330000 	 -1.121313 
2.340000 	 -1.234137 
2.350000 	 -2.447782 
2.360000 	 -1.925861 
2.370000 	 -1.907679 
2.380000 	 -3.879294 
2.390000 	 -1.762152 
2.400000 	 -1.883322 
2.410000 	 -3.022458 
2.420000 	 -1.653818 
2.430000 	 -1.924087 
2.440000 	 -2.559572 
2.450000 	 -3.668932 
2.460000 	 -3.531971 
2.470000 	 -2.320069 
2.480000 	 -2.934072 
2.490000 	 -2.563025 
2.500000 	 -1.982808 
2.510000 	 -3.925626 
2.520000 	 -2.214872 
2.530000 	 -2.344784 
2.540000 	 -1.651644 
2.550000 	 -1.750233 
2.560000 	 -3.322542 
2.570000 	 -1.527811 
2.580000 	 -2.630029 
2.590000 	 -2.562324 
2.600000 	 -2.397881 
2.610000 	 -2.489419 
2.620000 	 -1.999884 
2.630000 	 -1.954049 
2.640000 	 -2.314788 
2.650000 	 -1.637023 
2.660000 	 -2.435008 
2.670000 	 -2.643332 
2.680000 	 -3.356426 
2.690000 	 -2.429851 
2.700000 	 -3.191204 
2.710000 	 -2.429293 
2.720000 	 -2.294331 
2.730000 	 -2.162073 
2.740000 	 -2.563869 
2.750000 	 -3.373089 
2.760000 	 -3.085910 
2.770000 	 -1.141006 
2.780000 	 -1.872470 
2.790000 	 -2.610945 
2.800000 	 -3.915951 
2.810000 	 -1.928377 
2.820000 	 -2.873909 
2.830000 	 -2.845669 
2.840000 	 -4.195418 
2.850000 	 -3.404898 
2.860000 	 -2.500924 
2.870000 	 -2.313712 
2.880000 	 -2.334184 
2.890000 	 -2.320909 
2.900000 	 -3.436450 
2.910000 	 -2.209437 
2.920000 	 -2.320823 
2.930000 	 -2.464743 
2.940000 	 -3.024505 
2.950000 	 -1.934701 
2.960000 	 -3.889005 
2.970000 	 -3.373264 
2.980000 	 -2.536679 
2.990000 	 -3.123689 
3.000000 	 -4.861792 
3.010000 	 -3.737213 
3.020000 	 -3.219646 
3.030000 	 -3.931971 
3.040000 	 -2.093835 
3.050000 	 -3.792730 
3.060000 	 -2.772236 
3.070000 	 -2.322643 
3.080000 	 -4.706481 
3.090000 	 -4.118294 
3.100000 	 -4.487332 
3.110000 	 -2.312375 
3.120000 	 -2.327539 
3.130000 	 -3.502708 
3.140000 	 -4.445968 
3.150000 	 -3.971028 
3.160000 	 -3.990962 
3.170000 	 -3.364360 
3.180000 	 -2.266824 
3.190000 	 -4.379104 
3.200000 	 -2.122215 
3.210000 	 -4.892300 
3.220000 	 -3.655718 
3.230000 	 -2.705054 
3.240000 	 -3.617462 
3.250000 	 -3.657783 
3.260000 	 -2.204918 
3.270000 	 -1.153842 
3.280000 	 -3.442061 
3.290000 	 -4.125341 
3.300000 	 -3.394538 
3.310000 	 -1.309568 
3.320000 	 -3.688547 
3.330000 	 -3.668075 
3.340000 	 -2.034276 
3.350000 	 -1.233599 
3.360000 	 -5.281940 
3.370000 	 -4.424740 
3.380000 	 -4.254907 
3.390000 	 -2.702818 
3.400000 	 -4.604390 
3.410000 	 -4.475818 
3.420000 	 -3.060098 
3.430000 	 -2.763577 
3.440000 	 -4.405920 
3.450000 	 -4.270915 
3.460000 	 -3.512112 
3.470000 	 -4.683963 
3.480000 	 -3.639256 
3.490000 	 -3.880813 
3.500000 	 -3.041383 
3.510000 	 -3.464156 
3.520000 	 -3.903957 
3.530000 	 -4.731310 
3.540000 	 -3.076140 
3.550000 	 -3.904919 
3.560000 	 -3.370126 
3.570000 	 -5.770476 
3.580000 	 -4.363501 
3.590000 	 -4.084532 
3.600000 	 -5.186294 
3.610000 	 -3.392342 
3.620000 	 -3.064090 
3.630000 	 -3.813946 
3.640000 	 -4.404180 
3.650000 	 -4.903425 
3.660000 	 -3.763902 
3.670000 	 -3.813312 
3.680000 	 -3.178024 
3.690000 	 -4.253983 
3.700000 	 -2.784129 
3.710000 	 -4.467201 
3.720000 	 -3.497178 
3.730000 	 -3.349812 
3.740000 	 -4.395294 
3.750000 	 -3.459850 
3.760000 	 -3.793345 
3.770000 	 -3.986715 
3.780000 	 -3.138587 
3.790000 	 -3.229677 
3.800000 	 -4.225815 
3.810000 	 -3.409814 
3.820000 	 -3.945504 
3.830000 	 -5.244377 
3.840000 	 -5.767506 
3.850000 	 -5.085541 
3.860000 	 -4.085730 
3.870000 	 -3.656554 
3.880000 	 -5.208726 
3.890000 	 -5.471655 
3.900000 	 -4.448017 
3.910000 	 -4.403629 
3.920000 	 -3.993003 
3.930000 	 -4.599488 
3.940000 	 -4.569949 
3.950000 	 -5.154869 
3.960000 	 -4.519089 
3.970000 	 -5.284530 
3.980000 	 -3.954060 
3.990000 	 -3.644824 
4.000000 	 -2.602706 
4.010000 	 -3.134569 
4.020000 	 -3.909455 
4.030000 	 -4.206976 
4.040000 	 -4.856443 
4.050000 	 -5.271530 
4.060000 	 -4.627964 
4.070000 	 -2.522660 
4.080000 	 -3.127535 
4.090000 	 -4.544690 
4.100000 	 -5.152643 
4.110000 	 -4.313583 
4.120000 	 -4.523894 
4.130000 	 -5.600542 
4.140000 	 -4.983241 
4.150000 	 -3.736117 
4.160000 	 -3.738263 
4.170000 	 -5.743749 
4.180000 	 -5.560939 
4.190000 	 -5.438575 
4.200000 	 -4.912930 
4.210000 	 -4.083215 
4.220000 	 -3.264887 
4.230000 	 -5.415686 
4.240000 	 -5.319813 
4.250000 	 -3.635307 
4.260000 	 -5.648952 
4.270000 	 -3.539389 
4.280000 	 -3.557861 
4.290000 	 -4.688129 
4.300000 	 -5.919600 
4.310000 	 -4.754836 
4.320000 	 -5.674012 
4.330000 	 -4.901795 
4.340000 	 -4.225177 
4.350000 	 -4.681372 
4.360000 	 -5.392747 
4.370000 	 -6.123506 
4.380000 	 -4.745800 
4.390000 	 -4.886463 
4.400000 	 -4.433107 
4.410000 	 -4.698952 
4.420000 	 -4.419959 
4.430000 	 -4.456105 
4.440000 	 -4.859266 
4.450000 	 -5.195175 
4.460000 	 -5.305953 
4.470000 	 -5.559880 
4.480000 	 -3.738358 
4.490000 	 -5.346433 
4.500000 	 -5.373927 
4.510000 	 -4.292233 
4.520000 	 -4.350819 
4.530000 	 -6.259963 
4.540000 	 -4.930456 
4.550000 	 -5.158034 
4.560000 	 -4.809713 
4.570000 	 -6.382843 
4.580000 	 -4.914651 
4.590000 	 -5.558628 
4.600000 	 -4.767903 
4.610000 	 -3.710777 
4.620000 	 -5.577885 
4.630000 	 -5.450864 
4.640000 	 -3.449974 
4.650000 	 -6.278337 
4.660000 	 -5.249676 
4.670000 	 -4.579982 
4.680000 	 -5.701113 
4.690000 	 -4.751522 
4.700000 	 -5.308471 
4.710000 	 -3.322890 
4.720000 	 -4.813138 
4.730000 	 -5.996330 
4.740000 	 -5.053312 
4.750000 	 -5.732369 
4.760000 	 -4.876868 
4.770000 	 -5.172573 
4.780000 	 -6.187078 
4.790000 	 -5.472151 
4.800000 	 -4.614037 
4.810000 	 -6.107913 
4.820000 	 -5.395780 
4.830000 	 -4.851441 
4.840000 	 -4.276276 
4.850000 	 -5.267035 
4.860000 	 -4.478974 
4.870000 	 -5.721854 
4.880000 	 -4.542317 
4.890000 	 -4.846118 
4.900000 	 -4.924047 
4.910000 	 -5.169065 
4.920000 	 -6.768082 
4.930000 	 -4.592307 
4.940000 	 -6.183913 
4.950000 	 -6.276689 
4.960000 	 -5.718517 
4.970000 	 -6.590647 
4.980000 	 -6.746794 
4.990000 	 -5.772193 
5.000000 	 -5.619110 
