0.000000 	 0.673084 
0.010000 	 0.495774 
0.020000 	 1.843543 
0.030000 	 -0.342182 
0.040000 	 1.538977 
0.050000 	 1.081398 
0.060000 	 0.750706 
0.070000 	 0.537995 
0.080000 	 1.292966 
0.090000 	 0.466256 
0.100000 	 0.923459 
0.110000 	 -0.346399 
0.120000 	 1.307427 
0.130000 	 0.129741 
0.140000 	 2.502612 
0.150000 	 0.397859 
0.160000 	 0.281930 
0.170000 	 0.886407 
0.180000 	 0.425997 
0.190000 	 0.961924 
0.200000 	 0.523299 
0.210000 	 -0.330975 
0.220000 	 -0.034849 
0.230000 	 0.246876 
0.240000 	 -0.227936 
0.250000 	 -0.407459 
0.260000 	 0.478205 
0.270000 	 0.114998 
0.280000 	 0.254833 
0.290000 	 0.897884 
0.300000 	 1.335575 
0.310000 	 -0.309421 
0.320000 	 -0.424396 
0.330000 	 -0.367570 
0.340000 	 0.199776 
0.350000 	 0.417775 
0.360000 	 -0.257154 
0.370000 	 0.491414 
0.380000 	 0.415639 
0.390000 	 0.952597 
0.400000 	 0.272106 
0.410000 	 1.431950 
0.420000 	 -1.467326 
0.430000 	 0.103511 
0.440000 	 -0.022861 
0.450000 	 -1.549670 
0.460000 	 -0.311595 
0.470000 	 0.142317 
0.480000 	 -0.366528 
0.490000 	 0.019490 
0.500000 	 0.830544 
0.510000 	 1.300934 
0.520000 	 0.445194 
0.530000 	 2.277445 
0.540000 	 -0.279797 
0.550000 	 0.748376 
0.560000 	 -0.269437 
0.570000 	 -0.609674 
0.580000 	 1.048631 
0.590000 	 -0.209604 
0.600000 	 0.452804 
0.610000 	 -1.861279 
0.620000 	 0.753570 
0.630000 	 -1.833995 
0.640000 	 0.540364 
0.650000 	 -0.291036 
0.660000 	 -1.160091 
0.670000 	 1.814062 
0.680000 	 0.279715 
0.690000 	 -0.801495 
0.700000 	 1.560706 
0.710000 	 -0.039680 
0.720000 	 -0.866535 
0.730000 	 1.022850 
0.740000 	 -0.469593 
0.750000 	 -0.312273 
0.760000 	 -0.368495 
0.770000 	 -1.418287 
0.780000 	 -0.294001 
0.790000 	 -0.094522 
0.800000 	 -0.445194 
0.810000 	 0.643172 
0.820000 	 -0.165588 
0.830000 	 -0.692666 
0.840000 	 -0.272343 
0.850000 	 0.178768 
0.860000 	 0.039545 
0.870000 	 -1.426166 
0.880000 	 -1.849570 
0.890000 	 -0.951997 
0.900000 	 -0.770712 
0.910000 	 -0.730752 
0.920000 	 0.376853 
0.930000 	 -0.754164 
0.940000 	 -1.340799 
0.950000 	 -0.708524 
0.960000 	 -0.034591 
0.970000 	 -0.652490 
0.980000 	 -0.507387 
0.990000 	 -2.048588 
1.000000 	 -0.010891 
1.010000 	 -0.202090 
1.020000 	 -0.869890 
1.030000 	 -0.284166 
1.040000 	 -0.417839 
1.050000 	 -0.873875 
1.060000 	 -0.183688 
1.070000 	 -0.969018 
1.080000 	 0.490541 
1.090000 	 0.180410 
1.100000 	 -1.973206 
1.110000 	 -2.309628 
1.120000 	 -0.325885 
1.130000 	 -0.347399 
1.140000 	 -0.580831 
1.150000 	 -1.536438 
1.160000 	 0.121463 
1.170000 	 -0.031159 
1.180000 	 1.046529 
1.190000 	 -0.519007 
1.200000 	 -1.994972 
1.210000 	 -0.915054 
1.220000 	 -0.233322 
1.230000 	 0.202877 
1.240000 	 -0.575382 
1.250000 	 -0.489411 
1.260000 	 -0.189531 
1.270000 	 -0.376006 
1.280000 	 -1.283182 
1.290000 	 -1.177368 
1.300000 	 -0.327308 
1.310000 	 -0.957163 
1.320000 	 -1.112197 
1.330000 	 -0.075996 
1.340000 	 0.001494 
1.350000 	 -1.267933 
1.360000 	 -2.414640 
1.370000 	 -2.411201 
1.380000 	 -1.812407 
1.390000 	 -1.681266 
1.400000 	 -0.675432 
1.410000 	 -0.715019 
1.420000 	 -0.998253 
1.430000 	 -1.132249 
1.440000 	 -0.992162 
1.450000 	 -1.336938 
1.460000 	 -1.728629 
1.470000 	 -0.360317 
1.480000 	 -2.125216 
1.490000 	 -1.426053 
1.500000 	 -1.482037 
1.510000 	 -0.985422 
1.520000 	 -0.904905 
1.530000 	 -1.360410 
1.540000 	 -0.806461 
1.550000 	 -0.573021 
1.560000 	 0.444049 
1.570000 	 -1.644391 
1.580000 	 -1.302811 
1.590000 	 -1.680402 
1.600000 	 0.686497 
1.610000 	 -0.678383 
1.620000 	 -0.447384 
1.630000 	 -0.672836 
1.640000 	 -1.943742 
1.650000 	 -2.002565 
1.660000 	 -1.630298 
1.670000 	 -1.976715 
1.680000 	 -1.660566 
1.690000 	 -1.328406 
1.700000 	 -1.831034 
1.710000 	 -1.487267 
1.720000 	 -0.738651 
1.730000 	 -1.753488 
1.740000 	 -1.764679 
1.750000 	 -1.346513 
1.760000 	 -0.712373 
1.770000 	 -2.306345 
1.780000 	 -0.859143 
1.790000 	 -1.160408 
1.800000 	 -0.335820 
1.810000 	 -0.477333 
1.820000 	 -1.253840 
1.830000 	 -1.591883 
1.840000 	 -1.562321 
1.850000 	 -2.298541 
1.860000 	 -1.135260 
1.870000 	 -0.604008 
1.880000 	 -0.757261 
1.890000 	 -1.836100 
1.900000 	 -0.438143 
1.910000 	 -1.513395 
1.920000 	 -0.905786 
1.930000 	 -0.368311 
1.940000 	 -0.436536 
1.950000 	 -1.549165 
1.960000 	 -2.184372 
1.970000 	 -0.539556 
1.980000 	 -0.699772 
1.990000 	 -0.306531 
2.000000 	 -1.655148 
2.010000 	 -2.388112 
2.020000 	 -2.128898 
2.030000 	 -2.511315 
2.040000 	 -1.727873 
2.050000 	 -2.012323 
2.060000 	 -1.479617 
2.070000 	 -2.430749 
2.080000 	 -1.878558 
2.090000 	 -0.641237 
2.100000 	 -2.431148 
2.110000 	 -0.556561 
2.120000 	 -1.979201 
2.130000 	 -2.250067 
2.140000 	 -1.975089 
2.150000 	 -2.743727 
2.160000 	 -2.461820 
2.170000 	 -2.227246 
2.180000 	 -2.683540 
2.190000 	 -1.027937 
2.200000 	 -2.952847 
2.210000 	 -0.985739 
2.220000 	 -3.572739 
2.230000 	 -2.624167 
2.240000 	 -2.578349 
2.250000 	 -2.071387 
2.260000 	 -2.467497 
2.270000 	 -2.171064 
2.280000 	 -2.788019 
2.290000 	 -3.341034 
2.300000 	 -2.457250 
2.310000 	 -1.960529 
2.320000 	 -3.055913 
2.330000 	 -1.651142 
2.340000 	 -3.165273 
2.350000 	 -2.121667 
2.360000 	 -2.919281 
2.370000 	 -1.374451 
2.380000 	 -2.670179 
2.390000 	 -3.530923 
2.400000 	 -2.959586 
2.410000 	 -1.735723 
2.420000 	 -1.112603 
2.430000 	 -2.267445 
2.440000 	 -2.372876 
2.450000 	 -2.097074 
2.460000 	 -1.120320 
2.470000 	 -3.321058 
2.480000 	 -3.481029 
2.490000 	 -2.027952 
2.500000 	 -2.439065 
2.510000 	 -2.362173 
2.520000 	 -3.045400 
2.530000 	 -2.168850 
2.540000 	 -2.305351 
2.550000 	 -2.332020 
2.560000 	 -0.725226 
2.570000 	 -3.347459 
2.580000 	 -2.396570 
2.590000 	 -2.322416 
2.600000 	 -3.497323 
2.610000 	 -2.335780 
2.620000 	 -2.005252 
2.630000 	 -2.044393 
2.640000 	 -3.500754 
2.650000 	 -1.134307 
2.660000 	 -1.145171 
2.670000 	 -5.018057 
2.680000 	 -3.251713 
2.690000 	 -3.542934 
2.700000 	 -2.950194 
2.710000 	 -1.898975 
2.720000 	 -1.807084 
2.730000 	 -3.454480 
2.740000 	 -2.722265 
2.750000 	 -1.398611 
2.760000 	 -1.442502 
2.770000 	 -1.749959 
2.780000 	 -2.540636 
2.790000 	 -2.293559 
2.800000 	 -2.731840 
2.810000 	 -2.256382 
2.820000 	 -3.492207 
2.830000 	 -2.794742 
2.840000 	 -2.083638 
2.850000 	 -2.922646 
2.860000 	 -2.613388 
2.870000 	 -2.051551 
2.880000 	 -3.394410 
2.890000 	 -2.787528 
2.900000 	 -2.947599 
2.910000 	 -3.878059 
2.920000 	 -0.659082 
2.930000 	 -3.225315 
2.940000 	 -4.046278 
2.950000 	 -3.378504 
2.960000 	 -4.192381 
2.970000 	 -3.023313 
2.980000 	 -2.678270 
2.990000 	 -3.731975 
3.000000 	 -3.519432 
3.010000 	 -1.593176 
3.020000 	 -3.867848 
3.030000 	 -3.385759 
3.040000 	 -3.208833 
3.050000 	 -3.108996 
3.060000 	 -2.418267 
3.070000 	 -4.299872 
3.080000 	 -3.181796 
3.090000 	 -2.787255 
3.100000 	 -3.862720 
3.110000 	 -3.353038 
3.120000 	 -2.934330 
3.130000 	 -3.131175 
3.140000 	 -1.685741 
3.150000 	 -2.548601 
3.160000 	 -2.879270 
3.170000 	 -2.533897 
3.180000 	 -3.841475 
3.190000 	 -4.371668 
3.200000 	 -2.970750 
3.210000 	 -2.963223 
3.220000 	 -3.012504 
3.230000 	 -3.362293 
3.240000 	 -1.937034 
3.250000 	 -3.198180 
3.260000 	 -4.240058 
3.270000 	 -3.061018 
3.280000 	 -4.729078 
3.290000 	 -2.951602 
3.300000 	 -1.604670 
3.310000 	 -4.481103 
3.320000 	 -3.699052 
3.330000 	 -1.666067 
3.340000 	 -3.294993 
3.350000 	 -3.248404 
3.360000 	 -2.205057 
3.370000 	 -2.476291 
3.380000 	 -3.138890 
3.390000 	 -2.372150 
3.400000 	 -3.807780 
3.410000 	 -4.002865 
3.420000 	 -3.539187 
3.430000 	 -3.734730 
3.440000 	 -5.038116 
3.450000 	 -3.126094 
3.460000 	 -4.591422 
3.470000 	 -4.598318 
3.480000 	 -2.104830 
3.490000 	 -4.357975 
3.500000 	 -5.339818 
3.510000 	 -4.425058 
3.520000 	 -3.782100 
3.530000 	 -4.363024 
3.540000 	 -4.020165 
3.550000 	 -4.049510 
3.560000 	 -3.645930 
3.570000 	 -5.226862 
3.580000 	 -4.669548 
3.590000 	 -4.409600 
3.600000 	 -4.617560 
3.610000 	 -3.717419 
3.620000 	 -3.564149 
3.630000 	 -4.692160 
3.640000 	 -4.982708 
3.650000 	 -5.611747 
3.660000 	 -3.566443 
3.670000 	 -4.905747 
3.680000 	 -3.491610 
3.690000 	 -3.561951 
3.700000 	 -3.584636 
3.710000 	 -4.544076 
3.720000 	 -3.325019 
3.730000 	 -4.277158 
3.740000 	 -4.237254 
3.750000 	 -4.523349 
3.760000 	 -4.141613 
3.770000 	 -4.718500 
3.780000 	 -3.750321 
3.790000 	 -3.846298 
3.800000 	 -3.959436 
3.810000 	 -3.766892 
3.820000 	 -5.080173 
3.830000 	 -4.890647 
3.840000 	 -2.946550 
3.850000 	 -3.617431 
3.860000 	 -3.951941 
3.870000 	 -4.271728 
3.880000 	 -4.628028 
3.890000 	 -4.672266 
3.900000 	 -4.405114 
3.910000 	 -5.360329 
3.920000 	 -4.464604 
3.930000 	 -3.871517 
3.940000 	 -3.911054 
3.950000 	 -4.666169 
3.960000 	 -3.270754 
3.970000 	 -4.982109 
3.980000 	 -4.452714 
3.990000 	 -4.440710 
4.000000 	 -4.559684 
4.010000 	 -5.116856 
4.020000 	 -6.018995 
4.030000 	 -2.745602 
4.040000 	 -4.795699 
4.050000 	 -3.447727 
4.060000 	 -4.954804 
4.070000 	 -4.570992 
4.080000 	 -4.308300 
4.090000 	 -4.826828 
4.100000 	 -4.115161 
4.110000 	 -4.531663 
4.120000 	 -4.967195 
4.130000 	 -5.010600 
4.140000 	 -4.322078 
4.150000 	 -5.644844 
4.160000 	 -5.412167 
4.170000 	 -4.448595 
4.180000 	 -4.321251 
4.190000 	 -4.852584 
4.200000 	 -3.595198 
4.210000 	 -4.337717 
4.220000 	 -4.391812 
4.230000 	 -5.089401 
4.240000 	 -5.083031 
4.250000 	 -3.516250 
4.260000 	 -4.286399 
4.270000 	 -4.713049 
4.280000 	 -5.912308 
4.290000 	 -5.378213 
4.300000 	 -4.493957 
4.310000 	 -6.087649 
4.320000 	 -4.073275 
4.330000 	 -5.300932 
4.340000 	 -4.501815 
4.350000 	 -5.146407 
4.360000 	 -4.425766 
4.370000 	 -4.759413 
4.380000 	 -5.427093 
4.390000 	 -5.455196 
4.400000 	 -4.773017 
4.410000 	 -5.864703 
4.420000 	 -5.054690 
4.430000 	 -4.183325 
4.440000 	 -5.701341 
4.450000 	 -3.004482 
4.460000 	 -5.267280 
4.470000 	 -6.899940 
4.480000 	 -5.464174 
4.490000 	 -4.376450 
4.500000 	 -5.828552 
4.510000 	 -4.667294 
4.520000 	 -4.538471 
4.530000 	 -5.000718 
4.540000 	 -5.485029 
4.550000 	 -4.366320 
4.560000 	 -4.779588 
4.570000 	 -4.887690 
4.580000 	 -5.840026 
4.590000 	 -3.542474 
4.600000 	 -4.589782 
4.610000 	 -5.910471 
4.620000 	 -4.949495 
4.630000 	 -4.919221 
4.640000 	 -4.515675 
4.650000 	 -5.369274 
4.660000 	 -6.898821 
4.670000 	 -5.240448 
4.680000 	 -4.314746 
4.690000 	 -3.256081 
4.700000 	 -5.858598 
4.710000 	 -4.728713 
4.720000 	 -6.775554 
4.730000 	 -3.261455 
4.740000 	 -5.522486 
4.750000 	 -4.631465 
4.760000 	 -4.474756 
4.770000 	 -5.004702 
4.780000 	 -6.360716 
4.790000 	 -5.537186 
4.800000 	 -4.855229 
4.810000 	 -4.793344 
4.820000 	 -5.909670 
4.830000 	 -4.598391 
4.840000 	 -4.971086 
4.850000 	 -5.789877 
4.860000 	 -5.881461 
4.870000 	 -4.204799 
4.880000 	 -5.472121 
4.890000 	 -4.400366 
4.900000 	 -5.151778 
4.910000 	 -5.729880 
4.920000 	 -6.824097 
4.930000 	 -5.319452 
4.940000 	 -4.772000 
4.950000 	 -4.628750 
4.960000 	 -5.387960 
4.970000 	 -5.441713 
4.980000 	 -5.777173 
4.990000 	 -5.049915 
5.000000 	 -5.959937 
