0.000000 	 1.259080 
0.010000 	 1.539876 
0.020000 	 0.364985 
0.030000 	 0.942659 
0.040000 	 -0.087088 
0.050000 	 1.055010 
0.060000 	 0.842107 
0.070000 	 -0.561995 
0.080000 	 0.457942 
0.090000 	 -0.867335 
0.100000 	 0.749973 
0.110000 	 1.087883 
0.120000 	 0.262525 
0.130000 	 0.801886 
0.140000 	 1.309112 
0.150000 	 0.826165 
0.160000 	 -0.634451 
0.170000 	 0.310825 
0.180000 	 1.881183 
0.190000 	 -0.156953 
0.200000 	 0.522694 
0.210000 	 -0.053465 
0.220000 	 -1.019579 
0.230000 	 0.551344 
0.240000 	 0.097239 
0.250000 	 -1.275207 
0.260000 	 -0.189358 
0.270000 	 0.059955 
0.280000 	 0.375197 
0.290000 	 0.723426 
0.300000 	 -0.136139 
0.310000 	 0.817080 
0.320000 	 0.473127 
0.330000 	 0.145977 
0.340000 	 -0.407214 
0.350000 	 -0.011134 
0.360000 	 0.925797 
0.370000 	 -0.278337 
0.380000 	 -1.635107 
0.390000 	 0.504164 
0.400000 	 -0.907542 
0.410000 	 0.068683 
0.420000 	 0.592917 
0.430000 	 0.095284 
0.440000 	 -0.703004 
0.450000 	 1.695020 
0.460000 	 1.013399 
0.470000 	 -0.910536 
0.480000 	 1.200855 
0.490000 	 0.014837 
0.500000 	 0.440413 
0.510000 	 -0.334972 
0.520000 	 -1.212646 
0.530000 	 0.905100 
0.540000 	 0.226900 
0.550000 	 1.304625 
0.560000 	 -0.305387 
0.570000 	 -0.567573 
0.580000 	 0.707387 
0.590000 	 0.726222 
0.600000 	 0.472328 
0.610000 	 -0.775245 
0.620000 	 -0.014392 
0.630000 	 -0.194094 
0.640000 	 0.215070 
0.650000 	 -0.552567 
0.660000 	 -0.792367 
0.670000 	 0.588784 
0.680000 	 -1.244557 
0.690000 	 0.174019 
0.700000 	 0.326561 
0.710000 	 -0.677470 
0.720000 	 -0.860034 
0.730000 	 0.456791 
0.740000 	 -1.603483 
0.750000 	 0.439229 
0.760000 	 0.840113 
0.770000 	 -1.001998 
0.780000 	 0.499568 
0.790000 	 0.952843 
0.800000 	 0.550725 
0.810000 	 -0.179614 
0.820000 	 -0.270913 
0.830000 	 -1.222101 
0.840000 	 0.678991 
0.850000 	 -1.459754 
0.860000 	 0.261365 
0.870000 	 0.953630 
0.880000 	 0.082358 
0.890000 	 1.385410 
0.900000 	 -0.517188 
0.910000 	 -0.593851 
0.920000 	 -0.238660 
0.930000 	 -1.908679 
0.940000 	 -0.675800 
0.950000 	 -0.880374 
0.960000 	 0.497986 
0.970000 	 0.417855 
0.980000 	 0.759535 
0.990000 	 -0.899915 
1.000000 	 -1.036063 
1.010000 	 1.089711 
1.020000 	 -1.458175 
1.030000 	 -0.100531 
1.040000 	 -0.077982 
1.050000 	 -0.610154 
1.060000 	 -0.665530 
1.070000 	 -1.781939 
1.080000 	 0.379240 
1.090000 	 1.090987 
1.100000 	 -0.537888 
1.110000 	 -0.382546 
1.120000 	 0.127021 
1.130000 	 -1.110422 
1.140000 	 -0.354342 
1.150000 	 0.716549 
1.160000 	 -0.803938 
1.170000 	 -0.563613 
1.180000 	 -0.462364 
1.190000 	 0.248752 
1.200000 	 -0.242869 
1.210000 	 -1.001365 
1.220000 	 -0.478157 
1.230000 	 -0.983791 
1.240000 	 -1.199531 
1.250000 	 -0.860777 
1.260000 	 -1.609988 
1.270000 	 -0.417958 
1.280000 	 -2.215327 
1.290000 	 -1.188017 
1.300000 	 -0.348883 
1.310000 	 -0.680548 
1.320000 	 -0.372325 
1.330000 	 -0.750925 
1.340000 	 -1.510178 
1.350000 	 -0.681382 
1.360000 	 0.072438 
1.370000 	 -1.261720 
1.380000 	 -1.812663 
1.390000 	 -0.959524 
1.400000 	 -0.144552 
1.410000 	 -0.321066 
1.420000 	 -1.286569 
1.430000 	 -1.520477 
1.440000 	 -0.939938 
1.450000 	 -0.894972 
1.460000 	 -2.064885 
1.470000 	 -1.245277 
1.480000 	 -2.664886 
1.490000 	 -0.760712 
1.500000 	 -2.329085 
1.510000 	 -1.547592 
1.520000 	 -1.040781 
1.530000 	 -1.551304 
1.540000 	 -0.625975 
1.550000 	 -0.408491 
1.560000 	 -0.737351 
1.570000 	 -2.491850 
1.580000 	 -1.248864 
1.590000 	 0.709321 
1.600000 	 0.299908 
1.610000 	 -1.170780 
1.620000 	 -1.266144 
1.630000 	 -1.527808 
1.640000 	 -1.167721 
1.650000 	 -1.124760 
1.660000 	 -2.374401 
1.670000 	 -0.470514 
1.680000 	 -2.259600 
1.690000 	 -0.538291 
1.700000 	 -1.296981 
1.710000 	 -1.157978 
1.720000 	 -1.799541 
1.730000 	 -1.286495 
1.740000 	 -1.680937 
1.750000 	 -1.808532 
1.760000 	 -0.389203 
1.770000 	 -1.380534 
1.780000 	 -1.556714 
1.790000 	 -1.824559 
1.800000 	 -0.106083 
1.810000 	 -1.439052 
1.820000 	 -0.880989 
1.830000 	 -2.079525 
1.840000 	 -1.391871 
1.850000 	 -1.603222 
1.860000 	 -0.662930 
1.870000 	 -0.438770 
1.880000 	 -1.413216 
1.890000 	 -2.497993 
1.900000 	 -1.730569 
1.910000 	 -1.411106 
1.920000 	 -2.974428 
1.930000 	 -1.985579 
1.940000 	 -1.495459 
1.950000 	 -1.344622 
1.960000 	 -2.902547 
1.970000 	 -1.487105 
1.980000 	 -2.665091 
1.990000 	 -2.665833 
2.000000 	 -2.587544 
2.010000 	 -4.203184 
2.020000 	 -1.745242 
2.030000 	 -2.344410 
2.040000 	 -2.315240 
2.050000 	 -3.353342 
2.060000 	 -2.010454 
2.070000 	 -2.471469 
2.080000 	 -2.423027 
2.090000 	 -1.503199 
2.100000 	 -1.609148 
2.110000 	 -1.708109 
2.120000 	 -1.587213 
2.130000 	 -2.075115 
2.140000 	 -1.930659 
2.150000 	 -1.288290 
2.160000 	 -1.336380 
2.170000 	 -3.196423 
2.180000 	 -0.863408 
2.190000 	 -2.002101 
2.200000 	 -1.942633 
2.210000 	 -3.456315 
2.220000 	 -3.403134 
2.230000 	 -1.003402 
2.240000 	 -3.924213 
2.250000 	 -2.051530 
2.260000 	 -4.248223 
2.270000 	 -1.670938 
2.280000 	 -0.977852 
2.290000 	 -2.850831 
2.300000 	 -2.982264 
2.310000 	 -2.198107 
2.320000 	 -2.078267 
2.330000 	 -2.618326 
2.340000 	 -2.624847 
2.350000 	 -2.830057 
2.360000 	 -2.061304 
2.370000 	 -2.938678 
2.380000 	 -1.707302 
2.390000 	 -2.533467 
2.400000 	 -1.720587 
2.410000 	 -2.687131 
2.420000 	 -1.710146 
2.430000 	 -0.928664 
2.440000 	 -3.595977 
2.450000 	 -2.505161 
2.460000 	 -3.135776 
2.470000 	 -3.619359 
2.480000 	 -2.074555 
2.490000 	 -2.363280 
2.500000 	 -3.174571 
2.510000 	 -1.611091 
2.520000 	 -2.935071 
2.530000 	 -1.862946 
2.540000 	 -4.344445 
2.550000 	 -2.840962 
2.560000 	 -1.772028 
2.570000 	 -2.792960 
2.580000 	 -3.825791 
2.590000 	 -1.800537 
2.600000 	 -2.335835 
2.610000 	 -2.442290 
2.620000 	 -2.745380 
2.630000 	 -2.690562 
2.640000 	 -1.667937 
2.650000 	 -1.955113 
2.660000 	 -2.783939 
2.670000 	 -3.575248 
2.680000 	 -1.322036 
2.690000 	 -3.829761 
2.700000 	 -2.517413 
2.710000 	 -1.724136 
2.720000 	 -3.081317 
2.730000 	 -1.683628 
2.740000 	 -3.140244 
2.750000 	 -2.342903 
2.760000 	 -2.608474 
2.770000 	 -3.080707 
2.780000 	 -2.607173 
2.790000 	 -3.017143 
2.800000 	 -3.949542 
2.810000 	 -2.369737 
2.820000 	 -4.983130 
2.830000 	 -3.239046 
2.840000 	 -1.051240 
2.850000 	 -2.298687 
2.860000 	 -3.089914 
2.870000 	 -2.062744 
2.880000 	 -2.885012 
2.890000 	 -3.176225 
2.900000 	 -3.236297 
2.910000 	 -3.189952 
2.920000 	 -2.679966 
2.930000 	 -4.605590 
2.940000 	 -3.310829 
2.950000 	 -3.920203 
2.960000 	 -1.296458 
2.970000 	 -2.999248 
2.980000 	 -3.223191 
2.990000 	 -3.858186 
3.000000 	 -2.732918 
3.010000 	 -3.765462 
3.020000 	 -3.399547 
3.030000 	 -2.213307 
3.040000 	 -4.141613 
3.050000 	 -2.611462 
3.060000 	 -3.382844 
3.070000 	 -3.856311 
3.080000 	 -2.401630 
3.090000 	 -2.748716 
3.100000 	 -3.722691 
3.110000 	 -2.263214 
3.120000 	 -3.844833 
3.130000 	 -2.240637 
3.140000 	 -3.484094 
3.150000 	 -3.522215 
3.160000 	 -2.646467 
3.170000 	 -3.987458 
3.180000 	 -3.443035 
3.190000 	 -3.955421 
3.200000 	 -2.531355 
3.210000 	 -2.511986 
3.220000 	 -3.162774 
3.230000 	 -2.326959 
3.240000 	 -3.717448 
3.250000 	 -2.816590 
3.260000 	 -2.791626 
3.270000 	 -4.267353 
3.280000 	 -3.826070 
3.290000 	 -1.615552 
3.300000 	 -3.931248 
3.310000 	 -2.679825 
3.320000 	 -3.330442 
3.330000 	 -2.393698 
3.340000 	 -3.472250 
3.350000 	 -3.757082 
3.360000 	 -4.051082 
3.370000 	 -3.146486 
3.380000 	 -2.641228 
3.390000 	 -2.189859 
3.400000 	 -3.143654 
3.410000 	 -3.378657 
3.420000 	 -3.373650 
3.430000 	 -2.884286 
3.440000 	 -4.170894 
3.450000 	 -3.070507 
3.460000 	 -3.232665 
3.470000 	 -3.149060 
3.480000 	 -3.068223 
3.490000 	 -4.645902 
3.500000 	 -2.120386 
3.510000 	 -4.419192 
3.520000 	 -4.624443 
3.530000 	 -2.891744 
3.540000 	 -4.587889 
3.550000 	 -2.530801 
3.560000 	 -3.210305 
3.570000 	 -3.147075 
3.580000 	 -4.443542 
3.590000 	 -3.568926 
3.600000 	 -3.648936 
3.610000 	 -4.608061 
3.620000 	 -2.899061 
3.630000 	 -3.154740 
3.640000 	 -3.566432 
3.650000 	 -3.587893 
3.660000 	 -4.351356 
3.670000 	 -4.309539 
3.680000 	 -5.541645 
3.690000 	 -2.234503 
3.700000 	 -4.110898 
3.710000 	 -3.719968 
3.720000 	 -3.549058 
3.730000 	 -3.268726 
3.740000 	 -4.223573 
3.750000 	 -4.357825 
3.760000 	 -4.596121 
3.770000 	 -4.481310 
3.780000 	 -3.318255 
3.790000 	 -3.824399 
3.800000 	 -3.805250 
3.810000 	 -4.219581 
3.820000 	 -4.002676 
3.830000 	 -3.083682 
3.840000 	 -3.375333 
3.850000 	 -4.082853 
3.860000 	 -4.275257 
3.870000 	 -4.512585 
3.880000 	 -4.377666 
3.890000 	 -4.649682 
3.900000 	 -2.858844 
3.910000 	 -4.267441 
3.920000 	 -3.349705 
3.930000 	 -2.726561 
3.940000 	 -4.413352 
3.950000 	 -3.456923 
3.960000 	 -4.535879 
3.970000 	 -4.288695 
3.980000 	 -4.756076 
3.990000 	 -5.470790 
4.000000 	 -3.959652 
4.010000 	 -4.611557 
4.020000 	 -4.941660 
4.030000 	 -5.811427 
4.040000 	 -3.475308 
4.050000 	 -5.488402 
4.060000 	 -3.462021 
4.070000 	 -2.251276 
4.080000 	 -5.480800 
4.090000 	 -4.060939 
4.100000 	 -4.460548 
4.110000 	 -4.367110 
4.120000 	 -2.079483 
4.130000 	 -3.870064 
4.140000 	 -5.374868 
4.150000 	 -4.800668 
4.160000 	 -4.550765 
4.170000 	 -3.530474 
4.180000 	 -4.037593 
4.190000 	 -3.334880 
4.200000 	 -5.462469 
4.210000 	 -3.058644 
4.220000 	 -2.255960 
4.230000 	 -4.917078 
4.240000 	 -5.442501 
4.250000 	 -3.844459 
4.260000 	 -2.461909 
4.270000 	 -4.315449 
4.280000 	 -5.165178 
4.290000 	 -5.179663 
4.300000 	 -3.916266 
4.310000 	 -5.271008 
4.320000 	 -5.106090 
4.330000 	 -4.591929 
4.340000 	 -4.081917 
4.350000 	 -5.211703 
4.360000 	 -4.495572 
4.370000 	 -5.939351 
4.380000 	 -5.316397 
4.390000 	 -4.978622 
4.400000 	 -5.354762 
4.410000 	 -5.977498 
4.420000 	 -5.460199 
4.430000 	 -6.100900 
4.440000 	 -3.988827 
4.450000 	 -2.774276 
4.460000 	 -5.013833 
4.470000 	 -5.274732 
4.480000 	 -4.897153 
4.490000 	 -5.577695 
4.500000 	 -5.613626 
4.510000 	 -5.320127 
4.520000 	 -5.682962 
4.530000 	 -5.010666 
4.540000 	 -4.590870 
4.550000 	 -5.200386 
4.560000 	 -3.968600 
4.570000 	 -4.038370 
4.580000 	 -3.748170 
4.590000 	 -5.356220 
4.600000 	 -5.504164 
4.610000 	 -4.555427 
4.620000 	 -3.674675 
4.630000 	 -6.134366 
4.640000 	 -6.215082 
4.650000 	 -3.930137 
4.660000 	 -6.529667 
4.670000 	 -4.958334 
4.680000 	 -5.164056 
4.690000 	 -5.355253 
4.700000 	 -5.526304 
4.710000 	 -5.172039 
4.720000 	 -4.018886 
4.730000 	 -6.488415 
4.740000 	 -5.316557 
4.750000 	 -5.181893 
4.760000 	 -6.057605 
4.770000 	 -5.543909 
4.780000 	 -5.730816 
4.790000 	 -4.783436 
4.800000 	 -6.615964 
4.810000 	 -6.318538 
4.820000 	 -5.645939 
4.830000 	 -5.434760 
4.840000 	 -6.401898 
4.850000 	 -6.025586 
4.860000 	 -5.819691 
4.870000 	 -4.879974 
4.880000 	 -6.374154 
4.890000 	 -5.549312 
4.900000 	 -6.297433 
4.910000 	 -5.668485 
4.920000 	 -4.932719 
4.930000 	 -5.762531 
4.940000 	 -6.746781 
4.950000 	 -6.418075 
4.960000 	 -5.330036 
4.970000 	 -7.097521 
4.980000 	 -4.482457 
4.990000 	 -7.305080 
5.000000 	 -6.154976 
