0.000000 	 0.101977 
0.010000 	 1.520898 
0.020000 	 1.685087 
0.030000 	 1.460493 
0.040000 	 1.814786 
0.050000 	 0.629957 
0.060000 	 0.224087 
0.070000 	 0.704186 
0.080000 	 1.735190 
0.090000 	 2.220497 
0.100000 	 0.451527 
0.110000 	 0.495839 
0.120000 	 0.271670 
0.130000 	 1.013123 
0.140000 	 0.093526 
0.150000 	 0.742903 
0.160000 	 0.900018 
0.170000 	 1.225966 
0.180000 	 0.453107 
0.190000 	 0.056712 
0.200000 	 0.575559 
0.210000 	 0.926326 
0.220000 	 0.080673 
0.230000 	 0.829548 
0.240000 	 0.403317 
0.250000 	 0.583922 
0.260000 	 2.173497 
0.270000 	 1.747857 
0.280000 	 2.264251 
0.290000 	 0.855573 
0.300000 	 2.315970 
0.310000 	 0.222656 
0.320000 	 0.654785 
0.330000 	 0.005475 
0.340000 	 -0.302481 
0.350000 	 0.841132 
0.360000 	 0.403202 
0.370000 	 -0.686219 
0.380000 	 -0.719401 
0.390000 	 0.995211 
0.400000 	 0.497451 
0.410000 	 0.719770 
0.420000 	 -1.296549 
0.430000 	 -0.276868 
0.440000 	 -0.959066 
0.450000 	 0.229311 
0.460000 	 0.544640 
0.470000 	 0.493738 
0.480000 	 0.183040 
0.490000 	 0.347895 
0.500000 	 -0.634324 
0.510000 	 0.071697 
0.520000 	 1.581995 
0.530000 	 -0.438818 
0.540000 	 -0.093701 
0.550000 	 -0.043306 
0.560000 	 -0.618734 
0.570000 	 0.648869 
0.580000 	 0.378191 
0.590000 	 1.656337 
0.600000 	 -0.188722 
0.610000 	 0.213791 
0.620000 	 -1.209508 
0.630000 	 0.421353 
0.640000 	 -0.783107 
0.650000 	 0.362572 
0.660000 	 -0.972657 
0.670000 	 -0.483435 
0.680000 	 -0.923925 
0.690000 	 -0.735139 
0.700000 	 0.559985 
0.710000 	 0.372353 
0.720000 	 -0.830459 
0.730000 	 0.377879 
0.740000 	 0.544282 
0.750000 	 -0.382085 
0.760000 	 -0.592776 
0.770000 	 0.472191 
0.780000 	 -0.953211 
0.790000 	 0.850620 
0.800000 	 -0.152928 
0.810000 	 -1.050039 
0.820000 	 -0.819508 
0.830000 	 0.845906 
0.840000 	 -0.302716 
0.850000 	 0.488992 
0.860000 	 0.964458 
0.870000 	 -0.003698 
0.880000 	 -0.493310 
0.890000 	 0.382427 
0.900000 	 -0.511920 
0.910000 	 -0.922627 
0.920000 	 0.002589 
0.930000 	 -1.363321 
0.940000 	 -0.365430 
0.950000 	 0.423496 
0.960000 	 -1.122484 
0.970000 	 -1.412919 
0.980000 	 -1.283329 
0.990000 	 0.065422 
1.000000 	 -0.276205 
1.010000 	 -0.372415 
1.020000 	 -0.689115 
1.030000 	 -1.395213 
1.040000 	 -0.578934 
1.050000 	 -0.061736 
1.060000 	 -0.210265 
1.070000 	 0.757848 
1.080000 	 -1.441449 
1.090000 	 -0.812101 
1.100000 	 -0.772607 
1.110000 	 1.201724 
1.120000 	 0.670440 
1.130000 	 -1.924962 
1.140000 	 -0.380446 
1.150000 	 -0.669046 
1.160000 	 -0.418879 
1.170000 	 -0.430304 
1.180000 	 -0.784262 
1.190000 	 -1.342321 
1.200000 	 0.118443 
1.210000 	 -0.939347 
1.220000 	 -1.773440 
1.230000 	 -0.691057 
1.240000 	 -1.123772 
1.250000 	 -1.138275 
1.260000 	 0.027199 
1.270000 	 -2.197471 
1.280000 	 -1.457948 
1.290000 	 -0.633522 
1.300000 	 -1.707988 
1.310000 	 0.839437 
1.320000 	 -1.332007 
1.330000 	 -2.439280 
1.340000 	 -0.474158 
1.350000 	 -2.098523 
1.360000 	 -0.975140 
1.370000 	 -0.539147 
1.380000 	 -2.398292 
1.390000 	 -1.694607 
1.400000 	 -0.976784 
1.410000 	 -0.902987 
1.420000 	 -1.696865 
1.430000 	 -1.385784 
1.440000 	 -1.987415 
1.450000 	 -2.078118 
1.460000 	 -0.558087 
1.470000 	 -1.773667 
1.480000 	 -1.805659 
1.490000 	 -0.903860 
1.500000 	 -1.260197 
1.510000 	 -1.470070 
1.520000 	 -1.225767 
1.530000 	 -1.668669 
1.540000 	 -3.626941 
1.550000 	 -0.023704 
1.560000 	 -0.906698 
1.570000 	 -1.132166 
1.580000 	 -1.417219 
1.590000 	 -2.328807 
1.600000 	 -1.506770 
1.610000 	 0.144732 
1.620000 	 -1.631311 
1.630000 	 -1.425946 
1.640000 	 -1.742617 
1.650000 	 -0.700448 
1.660000 	 -1.533458 
1.670000 	 -1.523653 
1.680000 	 -1.663051 
1.690000 	 -0.972506 
1.700000 	 -1.024832 
1.710000 	 -1.595146 
1.720000 	 -0.897784 
1.730000 	 -1.008161 
1.740000 	 -1.338249 
1.750000 	 -2.218704 
1.760000 	 -2.001042 
1.770000 	 -0.136072 
1.780000 	 -0.571949 
1.790000 	 -1.493709 
1.800000 	 -1.143841 
1.810000 	 -1.324157 
1.820000 	 -0.718952 
1.830000 	 -2.408956 
1.840000 	 -2.212768 
1.850000 	 -0.536194 
1.860000 	 -2.048276 
1.870000 	 -1.785265 
1.880000 	 -2.022425 
1.890000 	 -1.631116 
1.900000 	 -2.316026 
1.910000 	 -3.688043 
1.920000 	 -0.781136 
1.930000 	 -2.790138 
1.940000 	 -0.721337 
1.950000 	 -2.283369 
1.960000 	 -1.240408 
1.970000 	 -0.828318 
1.980000 	 -0.639963 
1.990000 	 -1.444922 
2.000000 	 -0.785200 
2.010000 	 -1.557237 
2.020000 	 -1.736304 
2.030000 	 -0.757714 
2.040000 	 -1.721923 
2.050000 	 -3.258241 
2.060000 	 -1.840323 
2.070000 	 -3.101585 
2.080000 	 -1.820447 
2.090000 	 -1.901149 
2.100000 	 -2.257941 
2.110000 	 -0.759079 
2.120000 	 -2.514123 
2.130000 	 -2.566726 
2.140000 	 -2.305097 
2.150000 	 -2.465293 
2.160000 	 -1.874310 
2.170000 	 -2.711505 
2.180000 	 -1.383228 
2.190000 	 -2.768936 
2.200000 	 -2.390823 
2.210000 	 -1.887325 
2.220000 	 -1.034470 
2.230000 	 -2.466059 
2.240000 	 -2.525515 
2.250000 	 -3.605465 
2.260000 	 -1.602842 
2.270000 	 -1.593715 
2.280000 	 -0.972304 
2.290000 	 -2.597241 
2.300000 	 -2.586141 
2.310000 	 -1.807491 
2.320000 	 -2.613069 
2.330000 	 -2.895536 
2.340000 	 -1.751248 
2.350000 	 -2.760533 
2.360000 	 -2.187828 
2.370000 	 -2.593279 
2.380000 	 -2.471646 
2.390000 	 -0.775415 
2.400000 	 -3.205164 
2.410000 	 -1.725762 
2.420000 	 -3.699167 
2.430000 	 -2.707818 
2.440000 	 -3.246922 
2.450000 	 -2.115640 
2.460000 	 -2.475797 
2.470000 	 -2.863011 
2.480000 	 -2.897848 
2.490000 	 -1.490359 
2.500000 	 -1.676499 
2.510000 	 -3.378389 
2.520000 	 -2.725974 
2.530000 	 -2.374263 
2.540000 	 -2.894316 
2.550000 	 -2.259358 
2.560000 	 -3.235742 
2.570000 	 -3.418440 
2.580000 	 -1.951953 
2.590000 	 -2.746536 
2.600000 	 -3.084244 
2.610000 	 -1.775446 
2.620000 	 -2.806722 
2.630000 	 -2.984162 
2.640000 	 -2.115880 
2.650000 	 -1.396624 
2.660000 	 -1.658942 
2.670000 	 -2.915114 
2.680000 	 -3.300191 
2.690000 	 -1.762025 
2.700000 	 -2.845788 
2.710000 	 -1.227395 
2.720000 	 -3.668314 
2.730000 	 -1.438878 
2.740000 	 -1.783619 
2.750000 	 -2.992881 
2.760000 	 -2.368595 
2.770000 	 -2.834756 
2.780000 	 -3.877571 
2.790000 	 -3.389613 
2.800000 	 -1.534664 
2.810000 	 -3.097388 
2.820000 	 -3.784049 
2.830000 	 -2.135137 
2.840000 	 -3.527510 
2.850000 	 -3.818882 
2.860000 	 -3.160595 
2.870000 	 -2.011112 
2.880000 	 -0.752247 
2.890000 	 -2.586594 
2.900000 	 -3.955676 
2.910000 	 -3.101759 
2.920000 	 -2.702486 
2.930000 	 -3.617654 
2.940000 	 -3.211587 
2.950000 	 -2.384954 
2.960000 	 -3.859586 
2.970000 	 -2.591439 
2.980000 	 -2.549922 
2.990000 	 -1.312979 
3.000000 	 -3.104337 
3.010000 	 -3.231166 
3.020000 	 -3.101840 
3.030000 	 -3.141249 
3.040000 	 -3.252552 
3.050000 	 -3.229001 
3.060000 	 -3.240596 
3.070000 	 -2.586343 
3.080000 	 -1.105200 
3.090000 	 -2.331220 
3.100000 	 -3.119443 
3.110000 	 -2.428580 
3.120000 	 -4.740451 
3.130000 	 -5.067567 
3.140000 	 -3.128509 
3.150000 	 -3.288203 
3.160000 	 -3.741706 
3.170000 	 -2.259526 
3.180000 	 -2.553347 
3.190000 	 -3.312821 
3.200000 	 -4.148377 
3.210000 	 -1.761983 
3.220000 	 -3.993932 
3.230000 	 -1.722537 
3.240000 	 -3.631190 
3.250000 	 -3.764736 
3.260000 	 -3.437630 
3.270000 	 -2.323754 
3.280000 	 -3.601036 
3.290000 	 -2.654234 
3.300000 	 -2.253915 
3.310000 	 -3.691512 
3.320000 	 -2.344275 
3.330000 	 -3.802271 
3.340000 	 -3.773550 
3.350000 	 -2.317435 
3.360000 	 -3.752650 
3.370000 	 -3.056262 
3.380000 	 -4.496904 
3.390000 	 -2.444092 
3.400000 	 -4.349424 
3.410000 	 -3.038286 
3.420000 	 -5.213959 
3.430000 	 -3.937154 
3.440000 	 -3.398702 
3.450000 	 -3.431773 
3.460000 	 -1.575563 
3.470000 	 -3.508471 
3.480000 	 -4.101388 
3.490000 	 -2.106435 
3.500000 	 -3.235725 
3.510000 	 -4.996143 
3.520000 	 -4.167938 
3.530000 	 -2.923340 
3.540000 	 -4.323430 
3.550000 	 -5.271186 
3.560000 	 -3.925475 
3.570000 	 -5.409380 
3.580000 	 -3.903124 
3.590000 	 -4.410221 
3.600000 	 -3.578570 
3.610000 	 -3.800285 
3.620000 	 -4.114387 
3.630000 	 -2.836681 
3.640000 	 -3.638596 
3.650000 	 -4.538727 
3.660000 	 -5.605016 
3.670000 	 -3.740649 
3.680000 	 -5.289661 
3.690000 	 -2.553096 
3.700000 	 -3.850275 
3.710000 	 -4.433950 
3.720000 	 -3.877881 
3.730000 	 -4.935650 
3.740000 	 -3.894923 
3.750000 	 -5.139955 
3.760000 	 -3.679770 
3.770000 	 -4.218861 
3.780000 	 -3.031684 
3.790000 	 -4.620645 
3.800000 	 -3.478396 
3.810000 	 -3.420631 
3.820000 	 -4.209992 
3.830000 	 -4.265102 
3.840000 	 -4.088377 
3.850000 	 -3.455718 
3.860000 	 -3.961443 
3.870000 	 -3.014024 
3.880000 	 -4.261445 
3.890000 	 -4.570463 
3.900000 	 -3.218701 
3.910000 	 -2.942316 
3.920000 	 -3.347012 
3.930000 	 -3.557909 
3.940000 	 -4.551053 
3.950000 	 -4.514378 
3.960000 	 -3.726326 
3.970000 	 -4.188461 
3.980000 	 -4.754048 
3.990000 	 -3.016309 
4.000000 	 -4.206266 
4.010000 	 -4.717537 
4.020000 	 -4.933633 
4.030000 	 -2.352433 
4.040000 	 -3.892565 
4.050000 	 -5.263964 
4.060000 	 -6.345372 
4.070000 	 -3.670922 
4.080000 	 -4.635497 
4.090000 	 -4.633964 
4.100000 	 -3.498166 
4.110000 	 -3.062110 
4.120000 	 -3.386310 
4.130000 	 -4.693114 
4.140000 	 -4.822904 
4.150000 	 -4.840740 
4.160000 	 -4.436063 
4.170000 	 -4.795627 
4.180000 	 -4.789179 
4.190000 	 -5.129740 
4.200000 	 -3.918115 
4.210000 	 -5.724724 
4.220000 	 -5.293541 
4.230000 	 -5.672955 
4.240000 	 -3.226434 
4.250000 	 -4.406152 
4.260000 	 -6.774532 
4.270000 	 -4.230778 
4.280000 	 -3.977231 
4.290000 	 -4.236411 
4.300000 	 -3.896508 
4.310000 	 -3.811408 
4.320000 	 -5.074266 
4.330000 	 -6.365651 
4.340000 	 -4.805072 
4.350000 	 -4.776980 
4.360000 	 -4.579297 
4.370000 	 -5.078304 
4.380000 	 -4.620385 
4.390000 	 -4.847441 
4.400000 	 -5.303739 
4.410000 	 -4.685562 
4.420000 	 -4.467231 
4.430000 	 -4.051081 
4.440000 	 -4.931747 
4.450000 	 -4.065488 
4.460000 	 -5.897348 
4.470000 	 -4.365453 
4.480000 	 -4.822822 
4.490000 	 -5.013144 
4.500000 	 -4.691968 
4.510000 	 -4.211535 
4.520000 	 -4.935857 
4.530000 	 -6.174604 
4.540000 	 -4.033428 
4.550000 	 -4.803929 
4.560000 	 -4.939811 
4.570000 	 -5.339574 
4.580000 	 -4.714968 
4.590000 	 -4.586176 
4.600000 	 -5.208954 
4.610000 	 -3.661033 
4.620000 	 -5.455835 
4.630000 	 -4.578715 
4.640000 	 -4.436837 
4.650000 	 -4.534710 
4.660000 	 -5.402508 
4.670000 	 -6.150810 
4.680000 	 -4.510494 
4.690000 	 -5.494740 
4.700000 	 -4.167548 
4.710000 	 -6.270062 
4.720000 	 -5.775636 
4.730000 	 -6.237520 
4.740000 	 -4.967982 
4.750000 	 -5.989130 
4.760000 	 -5.493736 
4.770000 	 -4.956941 
4.780000 	 -5.496547 
4.790000 	 -5.658079 
4.800000 	 -4.987897 
4.810000 	 -4.866825 
4.820000 	 -5.804372 
4.830000 	 -5.361918 
4.840000 	 -5.253876 
4.850000 	 -7.441095 
4.860000 	 -6.196275 
4.870000 	 -4.447610 
4.880000 	 -6.400789 
4.890000 	 -4.967713 
4.900000 	 -5.442322 
4.910000 	 -6.279534 
4.920000 	 -5.953216 
4.930000 	 -4.588490 
4.940000 	 -5.966583 
4.950000 	 -4.801676 
4.960000 	 -6.429310 
4.970000 	 -6.428276 
4.980000 	 -4.824323 
4.990000 	 -6.599407 
5.000000 	 -5.045697 
