0.000000 	 0.775328 
0.010000 	 -0.247279 
0.020000 	 -0.064397 
0.030000 	 0.733368 
0.040000 	 -1.173808 
0.050000 	 0.474255 
0.060000 	 1.890222 
0.070000 	 -0.240940 
0.080000 	 1.347616 
0.090000 	 1.047924 
0.100000 	 0.867889 
0.110000 	 -0.082171 
0.120000 	 0.884346 
0.130000 	 0.923204 
0.140000 	 -0.245613 
0.150000 	 -0.400912 
0.160000 	 -1.327304 
0.170000 	 0.439777 
0.180000 	 -0.598306 
0.190000 	 0.386017 
0.200000 	 1.224966 
0.210000 	 0.625600 
0.220000 	 -0.184921 
0.230000 	 2.960521 
0.240000 	 0.427462 
0.250000 	 0.669259 
0.260000 	 0.327230 
0.270000 	 0.777760 
0.280000 	 1.171108 
0.290000 	 1.113686 
0.300000 	 1.232746 
0.310000 	 0.086702 
0.320000 	 -1.093750 
0.330000 	 0.689357 
0.340000 	 1.520929 
0.350000 	 0.934784 
0.360000 	 -0.090670 
0.370000 	 -0.511464 
0.380000 	 0.264340 
0.390000 	 0.381888 
0.400000 	 0.099563 
0.410000 	 0.274959 
0.420000 	 2.100849 
0.430000 	 0.408623 
0.440000 	 1.109154 
0.450000 	 0.035397 
0.460000 	 -1.287264 
0.470000 	 0.257887 
0.480000 	 0.768037 
0.490000 	 -0.152117 
0.500000 	 -0.001318 
0.510000 	 -0.386071 
0.520000 	 -0.933641 
0.530000 	 -0.157301 
0.540000 	 0.644391 
0.550000 	 -0.702448 
0.560000 	 0.047050 
0.570000 	 -0.045217 
0.580000 	 -0.545005 
0.590000 	 -0.461358 
0.600000 	 -1.238136 
0.610000 	 1.796885 
0.620000 	 0.720112 
0.630000 	 -0.997059 
0.640000 	 1.061110 
0.650000 	 -0.684523 
0.660000 	 -0.820634 
0.670000 	 -0.779687 
0.680000 	 0.321258 
0.690000 	 -1.488233 
0.700000 	 0.602943 
0.710000 	 0.343101 
0.720000 	 -0.734983 
0.730000 	 0.091377 
0.740000 	 -0.011042 
0.750000 	 0.485279 
0.760000 	 0.903680 
0.770000 	 -0.127137 
0.780000 	 0.068962 
0.790000 	 -0.799642 
0.800000 	 -0.405437 
0.810000 	 -0.172736 
0.820000 	 -0.619162 
0.830000 	 -0.582051 
0.840000 	 -0.381860 
0.850000 	 -0.591091 
0.860000 	 0.944046 
0.870000 	 -0.406716 
0.880000 	 0.455566 
0.890000 	 -1.613807 
0.900000 	 0.278896 
0.910000 	 -1.289275 
0.920000 	 -0.498981 
0.930000 	 -0.846554 
0.940000 	 -1.029698 
0.950000 	 -2.059000 
0.960000 	 -0.191997 
0.970000 	 -0.355960 
0.980000 	 -0.472583 
0.990000 	 -0.798552 
1.000000 	 0.170698 
1.010000 	 -0.340385 
1.020000 	 -0.917672 
1.030000 	 -1.487204 
1.040000 	 -0.705237 
1.050000 	 -0.484213 
1.060000 	 -1.928835 
1.070000 	 -0.921012 
1.080000 	 -0.763610 
1.090000 	 0.468423 
1.100000 	 0.226426 
1.110000 	 -0.829650 
1.120000 	 -0.895446 
1.130000 	 -0.472503 
1.140000 	 -0.751934 
1.150000 	 -0.262664 
1.160000 	 0.524246 
1.170000 	 -2.189205 
1.180000 	 -0.827334 
1.190000 	 -1.423426 
1.200000 	 -0.460703 
1.210000 	 -0.700417 
1.220000 	 -1.402520 
1.230000 	 -1.316399 
1.240000 	 -0.110531 
1.250000 	 -0.729077 
1.260000 	 -0.083996 
1.270000 	 -1.277096 
1.280000 	 -1.872565 
1.290000 	 -3.119555 
1.300000 	 -1.819712 
1.310000 	 0.671807 
1.320000 	 0.331894 
1.330000 	 -1.273012 
1.340000 	 -1.063153 
1.350000 	 -1.808438 
1.360000 	 -0.764380 
1.370000 	 -0.575335 
1.380000 	 -1.810185 
1.390000 	 -0.320585 
1.400000 	 -2.965241 
1.410000 	 -1.052718 
1.420000 	 -2.335089 
1.430000 	 -1.528391 
1.440000 	 -0.525448 
1.450000 	 -0.677828 
1.460000 	 -1.884621 
1.470000 	 -2.276777 
1.480000 	 -0.534236 
1.490000 	 -0.266151 
1.500000 	 -1.501338 
1.510000 	 -0.513257 
1.520000 	 -0.169394 
1.530000 	 -2.259746 
1.540000 	 -1.199963 
1.550000 	 -1.569345 
1.560000 	 -0.410238 
1.570000 	 -1.704524 
1.580000 	 -1.093661 
1.590000 	 -1.406388 
1.600000 	 -0.921933 
1.610000 	 -1.012737 
1.620000 	 -0.699775 
1.630000 	 -0.969001 
1.640000 	 -1.903154 
1.650000 	 0.217323 
1.660000 	 -1.129440 
1.670000 	 -0.800396 
1.680000 	 -1.220166 
1.690000 	 -0.771016 
1.700000 	 -1.978660 
1.710000 	 -0.891029 
1.720000 	 -2.248845 
1.730000 	 -0.684887 
1.740000 	 -1.124535 
1.750000 	 -0.728523 
1.760000 	 -0.961631 
1.770000 	 -2.127919 
1.780000 	 -0.601026 
1.790000 	 -2.182209 
1.800000 	 0.241114 
1.810000 	 -1.747300 
1.820000 	 0.332949 
1.830000 	 -1.757979 
1.840000 	 -0.406466 
1.850000 	 -1.418497 
1.860000 	 -1.827531 
1.870000 	 -1.113397 
1.880000 	 -0.750788 
1.890000 	 -1.387985 
1.900000 	 -2.079894 
1.910000 	 -1.297685 
1.920000 	 -0.174756 
1.930000 	 -1.330619 
1.940000 	 -2.272123 
1.950000 	 -1.138890 
1.960000 	 -2.202949 
1.970000 	 -1.250866 
1.980000 	 -2.290662 
1.990000 	 -1.267690 
2.000000 	 -1.348038 
2.010000 	 -1.771998 
2.020000 	 -1.300993 
2.030000 	 -0.792939 
2.040000 	 -2.008533 
2.050000 	 -2.595063 
2.060000 	 -1.042036 
2.070000 	 -2.503739 
2.080000 	 -1.082865 
2.090000 	 -1.766381 
2.100000 	 -2.834846 
2.110000 	 -2.364443 
2.120000 	 -2.286985 
2.130000 	 -2.550378 
2.140000 	 -2.134781 
2.150000 	 -0.362346 
2.160000 	 -2.128256 
2.170000 	 -1.582628 
2.180000 	 -1.808202 
2.190000 	 -1.508001 
2.200000 	 -2.641338 
2.210000 	 -1.270378 
2.220000 	 -1.603787 
2.230000 	 -1.091998 
2.240000 	 -1.456006 
2.250000 	 -0.998891 
2.260000 	 -2.099884 
2.270000 	 -2.915572 
2.280000 	 -1.570476 
2.290000 	 -0.395548 
2.300000 	 -1.908764 
2.310000 	 -1.308996 
2.320000 	 -2.359297 
2.330000 	 -1.130900 
2.340000 	 -4.179379 
2.350000 	 -0.892250 
2.360000 	 -1.775858 
2.370000 	 -1.367237 
2.380000 	 -1.314549 
2.390000 	 -2.402797 
2.400000 	 -1.382571 
2.410000 	 -2.396291 
2.420000 	 -2.744679 
2.430000 	 -4.505162 
2.440000 	 -2.800566 
2.450000 	 -2.545653 
2.460000 	 -4.309646 
2.470000 	 -2.420342 
2.480000 	 -2.405773 
2.490000 	 -3.423984 
2.500000 	 -0.936426 
2.510000 	 -2.217310 
2.520000 	 -2.592366 
2.530000 	 -1.952158 
2.540000 	 -2.389600 
2.550000 	 -2.754369 
2.560000 	 -3.062592 
2.570000 	 -0.920775 
2.580000 	 -1.257418 
2.590000 	 -3.020446 
2.600000 	 -2.620825 
2.610000 	 -2.978318 
2.620000 	 -2.735541 
2.630000 	 -2.953530 
2.640000 	 -3.217122 
2.650000 	 -3.290415 
2.660000 	 -1.945051 
2.670000 	 -4.198608 
2.680000 	 -1.815587 
2.690000 	 -2.891401 
2.700000 	 -3.011376 
2.710000 	 -3.059796 
2.720000 	 -1.819454 
2.730000 	 -3.064147 
2.740000 	 -3.415217 
2.750000 	 -2.761412 
2.760000 	 -2.335851 
2.770000 	 -3.315608 
2.780000 	 -2.900401 
2.790000 	 -3.647772 
2.800000 	 -3.861840 
2.810000 	 -3.184721 
2.820000 	 -3.715894 
2.830000 	 -3.591710 
2.840000 	 -1.621119 
2.850000 	 -2.259740 
2.860000 	 -2.721475 
2.870000 	 -3.681307 
2.880000 	 -3.738583 
2.890000 	 -2.949725 
2.900000 	 -4.487379 
2.910000 	 -3.375044 
2.920000 	 -3.223760 
2.930000 	 -0.631787 
2.940000 	 -3.459374 
2.950000 	 -3.062622 
2.960000 	 -2.389072 
2.970000 	 -4.386350 
2.980000 	 -3.390633 
2.990000 	 -2.667730 
3.000000 	 -2.068463 
3.010000 	 -3.374717 
3.020000 	 -3.863019 
3.030000 	 -3.588500 
3.040000 	 -1.586998 
3.050000 	 -3.478655 
3.060000 	 -3.980430 
3.070000 	 -3.332593 
3.080000 	 -2.617288 
3.090000 	 -3.581933 
3.100000 	 -0.981685 
3.110000 	 -2.613620 
3.120000 	 -2.366487 
3.130000 	 -3.077574 
3.140000 	 -2.424831 
3.150000 	 -2.099832 
3.160000 	 -3.188351 
3.170000 	 -3.547737 
3.180000 	 -2.872945 
3.190000 	 -1.379423 
3.200000 	 -5.325427 
3.210000 	 -1.684416 
3.220000 	 -3.716852 
3.230000 	 -4.209142 
3.240000 	 -5.096750 
3.250000 	 -4.068246 
3.260000 	 -2.389791 
3.270000 	 -3.907817 
3.280000 	 -3.996859 
3.290000 	 -2.996649 
3.300000 	 -4.281930 
3.310000 	 -1.867561 
3.320000 	 -2.643946 
3.330000 	 -3.607519 
3.340000 	 -3.042076 
3.350000 	 -2.968412 
3.360000 	 -3.202703 
3.370000 	 -5.099997 
3.380000 	 -2.515572 
3.390000 	 -2.108717 
3.400000 	 -4.221087 
3.410000 	 -4.573949 
3.420000 	 -2.090349 
3.430000 	 -2.987171 
3.440000 	 -4.024834 
3.450000 	 -4.374312 
3.460000 	 -3.040804 
3.470000 	 -2.283343 
3.480000 	 -2.251951 
3.490000 	 -2.766350 
3.500000 	 -2.426918 
3.510000 	 -4.572067 
3.520000 	 -3.269956 
3.530000 	 -3.396629 
3.540000 	 -4.277774 
3.550000 	 -2.452306 
3.560000 	 -3.158004 
3.570000 	 -5.363642 
3.580000 	 -3.009550 
3.590000 	 -4.269224 
3.600000 	 -4.702019 
3.610000 	 -4.306941 
3.620000 	 -4.840244 
3.630000 	 -3.909601 
3.640000 	 -3.737646 
3.650000 	 -3.941713 
3.660000 	 -3.893918 
3.670000 	 -2.937073 
3.680000 	 -4.028516 
3.690000 	 -4.336330 
3.700000 	 -5.255347 
3.710000 	 -4.517126 
3.720000 	 -3.888511 
3.730000 	 -3.814177 
3.740000 	 -3.727343 
3.750000 	 -4.655482 
3.760000 	 -2.693915 
3.770000 	 -3.161728 
3.780000 	 -2.943085 
3.790000 	 -4.516240 
3.800000 	 -2.721500 
3.810000 	 -3.625864 
3.820000 	 -3.894175 
3.830000 	 -3.912630 
3.840000 	 -4.430112 
3.850000 	 -3.718494 
3.860000 	 -4.359840 
3.870000 	 -3.837568 
3.880000 	 -4.058417 
3.890000 	 -4.613063 
3.900000 	 -4.376144 
3.910000 	 -3.971593 
3.920000 	 -4.502626 
3.930000 	 -5.461094 
3.940000 	 -4.565284 
3.950000 	 -5.021155 
3.960000 	 -4.996946 
3.970000 	 -4.580021 
3.980000 	 -4.285914 
3.990000 	 -3.878162 
4.000000 	 -4.173474 
4.010000 	 -5.409972 
4.020000 	 -4.786066 
4.030000 	 -4.119473 
4.040000 	 -3.270069 
4.050000 	 -5.364616 
4.060000 	 -3.856307 
4.070000 	 -5.760506 
4.080000 	 -4.725791 
4.090000 	 -3.996988 
4.100000 	 -5.097886 
4.110000 	 -5.155263 
4.120000 	 -4.970901 
4.130000 	 -4.813961 
4.140000 	 -5.014201 
4.150000 	 -4.780606 
4.160000 	 -4.288280 
4.170000 	 -5.209932 
4.180000 	 -4.742559 
4.190000 	 -4.988885 
4.200000 	 -5.219952 
4.210000 	 -4.335129 
4.220000 	 -2.261946 
4.230000 	 -4.426198 
4.240000 	 -3.988708 
4.250000 	 -5.900344 
4.260000 	 -4.939930 
4.270000 	 -5.467003 
4.280000 	 -5.747839 
4.290000 	 -4.831351 
4.300000 	 -4.732279 
4.310000 	 -4.009945 
4.320000 	 -5.741056 
4.330000 	 -6.136792 
4.340000 	 -3.854622 
4.350000 	 -5.004724 
4.360000 	 -5.676470 
4.370000 	 -4.284674 
4.380000 	 -6.598661 
4.390000 	 -5.386564 
4.400000 	 -4.504076 
4.410000 	 -5.490781 
4.420000 	 -4.349918 
4.430000 	 -4.542537 
4.440000 	 -5.416343 
4.450000 	 -3.249982 
4.460000 	 -6.117056 
4.470000 	 -4.366172 
4.480000 	 -5.729345 
4.490000 	 -5.625508 
4.500000 	 -4.875232 
4.510000 	 -4.979413 
4.520000 	 -4.505629 
4.530000 	 -5.468035 
4.540000 	 -4.760034 
4.550000 	 -5.084949 
4.560000 	 -6.751042 
4.570000 	 -5.833009 
4.580000 	 -4.590387 
4.590000 	 -4.578005 
4.600000 	 -4.917272 
4.610000 	 -7.361677 
4.620000 	 -5.483449 
4.630000 	 -5.244851 
4.640000 	 -5.189622 
4.650000 	 -4.164582 
4.660000 	 -5.201313 
4.670000 	 -5.797859 
4.680000 	 -4.478798 
4.690000 	 -4.176037 
4.700000 	 -5.064241 
4.710000 	 -6.134723 
4.720000 	 -4.338795 
4.730000 	 -5.050069 
4.740000 	 -4.938571 
4.750000 	 -5.912183 
4.760000 	 -5.362333 
4.770000 	 -4.788592 
4.780000 	 -6.028421 
4.790000 	 -5.035602 
4.800000 	 -4.368121 
4.810000 	 -5.508068 
4.820000 	 -5.532913 
4.830000 	 -3.785006 
4.840000 	 -4.984055 
4.850000 	 -5.594155 
4.860000 	 -4.544250 
4.870000 	 -5.600699 
4.880000 	 -5.778167 
4.890000 	 -4.958809 
4.900000 	 -5.577103 
4.910000 	 -6.519928 
4.920000 	 -4.798556 
4.930000 	 -5.468209 
4.940000 	 -3.642190 
4.950000 	 -5.266555 
4.960000 	 -5.384203 
4.970000 	 -5.364278 
4.980000 	 -5.733255 
4.990000 	 -4.354495 
5.000000 	 -4.685421 
