0.000000 	 1.215336 
0.010000 	 0.130959 
0.020000 	 0.999228 
0.030000 	 -0.146752 
0.040000 	 0.698525 
0.050000 	 1.840730 
0.060000 	 0.409972 
0.070000 	 0.154792 
0.080000 	 1.401884 
0.090000 	 0.504949 
0.100000 	 0.921929 
0.110000 	 1.235103 
0.120000 	 0.233523 
0.130000 	 1.611977 
0.140000 	 1.665642 
0.150000 	 -0.615020 
0.160000 	 -0.208371 
0.170000 	 0.362062 
0.180000 	 -0.435673 
0.190000 	 1.413138 
0.200000 	 0.194645 
0.210000 	 0.034615 
0.220000 	 1.209551 
0.230000 	 -0.252033 
0.240000 	 -0.473758 
0.250000 	 -0.992036 
0.260000 	 1.314937 
0.270000 	 0.183652 
0.280000 	 2.051502 
0.290000 	 0.273416 
0.300000 	 0.375386 
0.310000 	 1.586427 
0.320000 	 -0.834026 
0.330000 	 -0.469749 
0.340000 	 1.097896 
0.350000 	 1.700302 
0.360000 	 0.298371 
0.370000 	 0.017555 
0.380000 	 0.606056 
0.390000 	 0.241701 
0.400000 	 2.018215 
0.410000 	 0.343239 
0.420000 	 0.309375 
0.430000 	 1.222449 
0.440000 	 -0.088024 
0.450000 	 -0.718945 
0.460000 	 -0.692426 
0.470000 	 -0.548942 
0.480000 	 0.403526 
0.490000 	 0.533222 
0.500000 	 -0.324161 
0.510000 	 1.658570 
0.520000 	 0.259588 
0.530000 	 -0.537555 
0.540000 	 -1.057530 
0.550000 	 -0.857240 
0.560000 	 0.107884 
0.570000 	 0.799425 
0.580000 	 -0.445967 
0.590000 	 0.345125 
0.600000 	 0.157703 
0.610000 	 -1.163168 
0.620000 	 -1.005184 
0.630000 	 1.874886 
0.640000 	 0.474187 
0.650000 	 0.638753 
0.660000 	 -0.121191 
0.670000 	 -0.404577 
0.680000 	 -1.266705 
0.690000 	 0.153741 
0.700000 	 0.710354 
0.710000 	 -0.236237 
0.720000 	 0.176828 
0.730000 	 0.880004 
0.740000 	 0.594873 
0.750000 	 -0.395364 
0.760000 	 -0.154596 
0.770000 	 -1.045326 
0.780000 	 -1.604177 
0.790000 	 -0.440113 
0.800000 	 -0.076300 
0.810000 	 -1.020491 
0.820000 	 -1.504626 
0.830000 	 -0.407182 
0.840000 	 0.684794 
0.850000 	 -1.127778 
0.860000 	 1.235525 
0.870000 	 0.905094 
0.880000 	 -0.495961 
0.890000 	 0.541059 
0.900000 	 -0.579290 
0.910000 	 -1.637854 
0.920000 	 -0.920111 
0.930000 	 -1.313384 
0.940000 	 -1.397286 
0.950000 	 1.308754 
0.960000 	 -1.830630 
0.970000 	 -0.752995 
0.980000 	 -0.112394 
0.990000 	 -0.927910 
1.000000 	 -0.071362 
1.010000 	 0.176193 
1.020000 	 -1.955002 
1.030000 	 -0.608233 
1.040000 	 -1.856064 
1.050000 	 -0.873376 
1.060000 	 -0.171940 
1.070000 	 -0.490541 
1.080000 	 -1.138714 
1.090000 	 0.375835 
1.100000 	 -1.207261 
1.110000 	 0.040925 
1.120000 	 0.202479 
1.130000 	 -0.325477 
1.140000 	 0.351169 
1.150000 	 -0.420970 
1.160000 	 -0.983089 
1.170000 	 -0.428676 
1.180000 	 -0.655476 
1.190000 	 -0.463133 
1.200000 	 -2.959688 
1.210000 	 -1.633987 
1.220000 	 -1.249977 
1.230000 	 -0.881753 
1.240000 	 -0.026693 
1.250000 	 -1.687166 
1.260000 	 -1.374128 
1.270000 	 -1.591051 
1.280000 	 -1.319997 
1.290000 	 -1.005913 
1.300000 	 -0.768468 
1.310000 	 -0.733608 
1.320000 	 -2.123454 
1.330000 	 -2.354891 
1.340000 	 -0.806537 
1.350000 	 -2.056724 
1.360000 	 -0.257803 
1.370000 	 -0.619031 
1.380000 	 -0.848262 
1.390000 	 0.029092 
1.400000 	 0.378418 
1.410000 	 0.464269 
1.420000 	 -1.255226 
1.430000 	 -1.079207 
1.440000 	 0.403254 
1.450000 	 -2.251524 
1.460000 	 -1.863454 
1.470000 	 -1.225640 
1.480000 	 -2.059205 
1.490000 	 -1.948491 
1.500000 	 -1.236307 
1.510000 	 -2.211017 
1.520000 	 -0.334726 
1.530000 	 -1.075535 
1.540000 	 0.526143 
1.550000 	 -2.582589 
1.560000 	 -1.703150 
1.570000 	 -0.475919 
1.580000 	 -0.968259 
1.590000 	 -1.428241 
1.600000 	 -0.103654 
1.610000 	 -0.282298 
1.620000 	 -0.758827 
1.630000 	 -1.237804 
1.640000 	 -2.583883 
1.650000 	 -2.301284 
1.660000 	 -0.964457 
1.670000 	 -0.999757 
1.680000 	 0.416481 
1.690000 	 -1.202332 
1.700000 	 -1.881651 
1.710000 	 -0.825956 
1.720000 	 -0.293842 
1.730000 	 -2.648554 
1.740000 	 -1.239802 
1.750000 	 -1.543527 
1.760000 	 -2.126641 
1.770000 	 -2.191799 
1.780000 	 -3.031702 
1.790000 	 -2.511880 
1.800000 	 -1.266427 
1.810000 	 0.011245 
1.820000 	 -1.553743 
1.830000 	 -0.915579 
1.840000 	 -2.898748 
1.850000 	 -2.131247 
1.860000 	 -2.530541 
1.870000 	 -1.373380 
1.880000 	 -0.772776 
1.890000 	 -1.351816 
1.900000 	 -2.106000 
1.910000 	 -0.329364 
1.920000 	 -0.660433 
1.930000 	 -1.796983 
1.940000 	 -2.066219 
1.950000 	 -2.454914 
1.960000 	 -2.461656 
1.970000 	 -2.184842 
1.980000 	 -1.607911 
1.990000 	 -2.061970 
2.000000 	 -1.783536 
2.010000 	 -3.907514 
2.020000 	 -1.920204 
2.030000 	 -2.324579 
2.040000 	 -0.754590 
2.050000 	 -2.107996 
2.060000 	 -2.000346 
2.070000 	 -0.760395 
2.080000 	 -0.983015 
2.090000 	 -2.518445 
2.100000 	 -0.951975 
2.110000 	 -2.013614 
2.120000 	 -1.386958 
2.130000 	 -1.100206 
2.140000 	 -1.719333 
2.150000 	 -2.259778 
2.160000 	 -1.929115 
2.170000 	 -1.877645 
2.180000 	 -1.833320 
2.190000 	 -1.292011 
2.200000 	 -2.138087 
2.210000 	 -2.565672 
2.220000 	 -0.822762 
2.230000 	 -1.633046 
2.240000 	 -3.717097 
2.250000 	 -3.536313 
2.260000 	 -2.118942 
2.270000 	 -1.080614 
2.280000 	 -3.032811 
2.290000 	 -1.723356 
2.300000 	 -1.684217 
2.310000 	 -2.348400 
2.320000 	 -1.456506 
2.330000 	 -2.424477 
2.340000 	 -1.613865 
2.350000 	 -1.179589 
2.360000 	 -3.075534 
2.370000 	 -3.422706 
2.380000 	 -2.307430 
2.390000 	 -1.224071 
2.400000 	 -2.620412 
2.410000 	 -2.850556 
2.420000 	 -1.765674 
2.430000 	 -2.501426 
2.440000 	 -2.242699 
2.450000 	 -2.059011 
2.460000 	 -2.808097 
2.470000 	 -3.285777 
2.480000 	 -1.938746 
2.490000 	 -1.319531 
2.500000 	 -1.418010 
2.510000 	 -2.066803 
2.520000 	 -3.015197 
2.530000 	 -2.018704 
2.540000 	 -0.121622 
2.550000 	 -2.119218 
2.560000 	 -2.368271 
2.570000 	 -3.490508 
2.580000 	 -2.635563 
2.590000 	 -3.738694 
2.600000 	 -3.011550 
2.610000 	 -2.873605 
2.620000 	 -1.740357 
2.630000 	 -2.313481 
2.640000 	 -3.347722 
2.650000 	 -3.222780 
2.660000 	 -2.375441 
2.670000 	 -2.005885 
2.680000 	 -3.204244 
2.690000 	 -2.083295 
2.700000 	 -2.339713 
2.710000 	 -2.105426 
2.720000 	 -3.278154 
2.730000 	 -3.307870 
2.740000 	 -2.427273 
2.750000 	 -3.234828 
2.760000 	 -2.095424 
2.770000 	 -1.652045 
2.780000 	 -2.173325 
2.790000 	 -2.572673 
2.800000 	 -1.224245 
2.810000 	 -2.337263 
2.820000 	 -2.344223 
2.830000 	 -2.742123 
2.840000 	 -3.263300 
2.850000 	 -4.541873 
2.860000 	 -3.007301 
2.870000 	 -2.411303 
2.880000 	 -2.090940 
2.890000 	 -2.694642 
2.900000 	 -3.908223 
2.910000 	 -3.729538 
2.920000 	 -3.716247 
2.930000 	 -2.012624 
2.940000 	 -4.356637 
2.950000 	 -2.382522 
2.960000 	 -3.084419 
2.970000 	 -3.690206 
2.980000 	 -1.259127 
2.990000 	 -3.840340 
3.000000 	 -3.973615 
3.010000 	 -3.306222 
3.020000 	 -3.298255 
3.030000 	 -4.004333 
3.040000 	 -2.439799 
3.050000 	 -4.321485 
3.060000 	 -2.897969 
3.070000 	 -3.065481 
3.080000 	 -3.732919 
3.090000 	 -2.508445 
3.100000 	 -4.238969 
3.110000 	 -4.429789 
3.120000 	 -2.631184 
3.130000 	 -2.729275 
3.140000 	 -2.614767 
3.150000 	 -4.571652 
3.160000 	 -4.089418 
3.170000 	 -3.270578 
3.180000 	 -3.083711 
3.190000 	 -2.860915 
3.200000 	 -2.828094 
3.210000 	 -2.639033 
3.220000 	 -3.289486 
3.230000 	 -1.346204 
3.240000 	 -3.534477 
3.250000 	 -3.617084 
3.260000 	 -2.570658 
3.270000 	 -3.562533 
3.280000 	 -3.697372 
3.290000 	 -4.650490 
3.300000 	 -4.105913 
3.310000 	 -2.323988 
3.320000 	 -4.484854 
3.330000 	 -4.097987 
3.340000 	 -3.478657 
3.350000 	 -2.418051 
3.360000 	 -4.916842 
3.370000 	 -3.768546 
3.380000 	 -2.963635 
3.390000 	 -2.954388 
3.400000 	 -4.817114 
3.410000 	 -4.810713 
3.420000 	 -3.022467 
3.430000 	 -4.787034 
3.440000 	 -4.816794 
3.450000 	 -3.485264 
3.460000 	 -3.681405 
3.470000 	 -3.769525 
3.480000 	 -4.238780 
3.490000 	 -3.842963 
3.500000 	 -2.761581 
3.510000 	 -4.460169 
3.520000 	 -4.104990 
3.530000 	 -4.433753 
3.540000 	 -3.656578 
3.550000 	 -4.309368 
3.560000 	 -2.979423 
3.570000 	 -4.378250 
3.580000 	 -2.968377 
3.590000 	 -3.527959 
3.600000 	 -3.414612 
3.610000 	 -4.701834 
3.620000 	 -4.226032 
3.630000 	 -4.257597 
3.640000 	 -3.197447 
3.650000 	 -3.019042 
3.660000 	 -3.560067 
3.670000 	 -2.558922 
3.680000 	 -2.854203 
3.690000 	 -4.253218 
3.700000 	 -5.652729 
3.710000 	 -3.320552 
3.720000 	 -2.913793 
3.730000 	 -4.108549 
3.740000 	 -4.812926 
3.750000 	 -4.141965 
3.760000 	 -3.111986 
3.770000 	 -2.787041 
3.780000 	 -4.515003 
3.790000 	 -3.870455 
3.800000 	 -4.620031 
3.810000 	 -3.392951 
3.820000 	 -3.181763 
3.830000 	 -3.697522 
3.840000 	 -3.817978 
3.850000 	 -3.638953 
3.860000 	 -3.710050 
3.870000 	 -4.258422 
3.880000 	 -4.718541 
3.890000 	 -4.362054 
3.900000 	 -4.332133 
3.910000 	 -4.254556 
3.920000 	 -4.596109 
3.930000 	 -2.479814 
3.940000 	 -4.857669 
3.950000 	 -3.623844 
3.960000 	 -4.426943 
3.970000 	 -5.009978 
3.980000 	 -4.783446 
3.990000 	 -5.780213 
4.000000 	 -4.742304 
4.010000 	 -3.556269 
4.020000 	 -4.149912 
4.030000 	 -3.924658 
4.040000 	 -3.729797 
4.050000 	 -4.256632 
4.060000 	 -4.310999 
4.070000 	 -3.941083 
4.080000 	 -6.183726 
4.090000 	 -3.983409 
4.100000 	 -4.947717 
4.110000 	 -2.082719 
4.120000 	 -4.854518 
4.130000 	 -4.714961 
4.140000 	 -4.731327 
4.150000 	 -3.199902 
4.160000 	 -5.622516 
4.170000 	 -4.263887 
4.180000 	 -4.810031 
4.190000 	 -4.672943 
4.200000 	 -4.809066 
4.210000 	 -4.173285 
4.220000 	 -4.627087 
4.230000 	 -4.900419 
4.240000 	 -5.005239 
4.250000 	 -5.331096 
4.260000 	 -4.692565 
4.270000 	 -4.548434 
4.280000 	 -4.607344 
4.290000 	 -3.458869 
4.300000 	 -4.584966 
4.310000 	 -4.719819 
4.320000 	 -5.157321 
4.330000 	 -3.977160 
4.340000 	 -4.212823 
4.350000 	 -5.334108 
4.360000 	 -4.696026 
4.370000 	 -5.161867 
4.380000 	 -4.846663 
4.390000 	 -5.035531 
4.400000 	 -4.214555 
4.410000 	 -4.678095 
4.420000 	 -3.808840 
4.430000 	 -4.294196 
4.440000 	 -4.350612 
4.450000 	 -5.155053 
4.460000 	 -6.017735 
4.470000 	 -4.169319 
4.480000 	 -3.342904 
4.490000 	 -6.018081 
4.500000 	 -4.665945 
4.510000 	 -7.512020 
4.520000 	 -5.111518 
4.530000 	 -6.874383 
4.540000 	 -4.683785 
4.550000 	 -4.484595 
4.560000 	 -5.507366 
4.570000 	 -5.205174 
4.580000 	 -5.020464 
4.590000 	 -5.724317 
4.600000 	 -5.719608 
4.610000 	 -4.839976 
4.620000 	 -4.515200 
4.630000 	 -6.822513 
4.640000 	 -5.448180 
4.650000 	 -5.326640 
4.660000 	 -4.329619 
4.670000 	 -5.743283 
4.680000 	 -5.190798 
4.690000 	 -5.064709 
4.700000 	 -4.554459 
4.710000 	 -4.466106 
4.720000 	 -5.501663 
4.730000 	 -4.625533 
4.740000 	 -5.933922 
4.750000 	 -5.767387 
4.760000 	 -4.828308 
4.770000 	 -4.518712 
4.780000 	 -6.142957 
4.790000 	 -4.396151 
4.800000 	 -5.030682 
4.810000 	 -4.373873 
4.820000 	 -5.088698 
4.830000 	 -4.321900 
4.840000 	 -4.474592 
4.850000 	 -5.955094 
4.860000 	 -4.581146 
4.870000 	 -4.953598 
4.880000 	 -5.431410 
4.890000 	 -4.967290 
4.900000 	 -4.875766 
4.910000 	 -6.662492 
4.920000 	 -6.478194 
4.930000 	 -5.178925 
4.940000 	 -5.091203 
4.950000 	 -5.407873 
4.960000 	 -5.772543 
4.970000 	 -4.915815 
4.980000 	 -6.777156 
4.990000 	 -5.145883 
5.000000 	 -5.338335 
