0.000000 	 0.702534 
0.010000 	 0.924979 
0.020000 	 1.784210 
0.030000 	 1.608517 
0.040000 	 1.541901 
0.050000 	 0.069205 
0.060000 	 -0.872733 
0.070000 	 -0.112089 
0.080000 	 -0.287918 
0.090000 	 0.453335 
0.100000 	 0.814145 
0.110000 	 1.470329 
0.120000 	 1.063445 
0.130000 	 0.911457 
0.140000 	 0.276136 
0.150000 	 1.345672 
0.160000 	 0.218984 
0.170000 	 -0.184493 
0.180000 	 0.417771 
0.190000 	 -0.752826 
0.200000 	 0.742768 
0.210000 	 0.849860 
0.220000 	 0.402642 
0.230000 	 0.696654 
0.240000 	 0.481190 
0.250000 	 -0.016700 
0.260000 	 -0.625325 
0.270000 	 0.980098 
0.280000 	 0.991717 
0.290000 	 0.077052 
0.300000 	 0.296234 
0.310000 	 0.955740 
0.320000 	 -1.273659 
0.330000 	 -0.859637 
0.340000 	 -0.761583 
0.350000 	 1.463852 
0.360000 	 -0.451430 
0.370000 	 1.648517 
0.380000 	 -0.001496 
0.390000 	 0.017975 
0.400000 	 -0.205214 
0.410000 	 -1.052043 
0.420000 	 0.771193 
0.430000 	 2.671466 
0.440000 	 -0.029703 
0.450000 	 0.077894 
0.460000 	 1.154202 
0.470000 	 1.353843 
0.480000 	 1.041074 
0.490000 	 0.933885 
0.500000 	 0.808035 
0.510000 	 0.345624 
0.520000 	 1.106491 
0.530000 	 -0.361414 
0.540000 	 -0.291962 
0.550000 	 -0.622455 
0.560000 	 -0.524771 
0.570000 	 -0.164111 
0.580000 	 -1.142870 
0.590000 	 -0.933999 
0.600000 	 -0.021421 
0.610000 	 0.316867 
0.620000 	 -1.227944 
0.630000 	 -0.388042 
0.640000 	 -0.091832 
0.650000 	 0.878860 
0.660000 	 0.425235 
0.670000 	 -0.432698 
0.680000 	 1.003544 
0.690000 	 -0.829841 
0.700000 	 0.330440 
0.710000 	 -0.095589 
0.720000 	 -0.504294 
0.730000 	 -0.216359 
0.740000 	 0.016443 
0.750000 	 -0.911240 
0.760000 	 -0.152658 
0.770000 	 -1.182198 
0.780000 	 1.160530 
0.790000 	 -1.664572 
0.800000 	 -0.002710 
0.810000 	 0.474259 
0.820000 	 -0.674120 
0.830000 	 0.745661 
0.840000 	 -1.226710 
0.850000 	 -1.684511 
0.860000 	 -0.107128 
0.870000 	 -0.656295 
0.880000 	 -0.796900 
0.890000 	 0.108600 
0.900000 	 -0.530295 
0.910000 	 -0.488404 
0.920000 	 -1.060258 
0.930000 	 -1.732090 
0.940000 	 1.475537 
0.950000 	 -0.669663 
0.960000 	 -0.311375 
0.970000 	 -0.631365 
0.980000 	 -0.161183 
0.990000 	 -0.495118 
1.000000 	 -0.468274 
1.010000 	 -0.719833 
1.020000 	 0.055737 
1.030000 	 -0.546203 
1.040000 	 -0.684802 
1.050000 	 -0.614129 
1.060000 	 -1.237271 
1.070000 	 0.094513 
1.080000 	 -1.073056 
1.090000 	 -0.884758 
1.100000 	 -0.847228 
1.110000 	 -1.439507 
1.120000 	 -1.284800 
1.130000 	 -0.891753 
1.140000 	 -0.245978 
1.150000 	 -0.434042 
1.160000 	 -0.866532 
1.170000 	 -0.792411 
1.180000 	 0.260441 
1.190000 	 -0.428030 
1.200000 	 0.053139 
1.210000 	 -1.002897 
1.220000 	 -0.022227 
1.230000 	 -1.825826 
1.240000 	 -0.910791 
1.250000 	 -1.434771 
1.260000 	 0.191923 
1.270000 	 -1.402681 
1.280000 	 -1.149967 
1.290000 	 0.108210 
1.300000 	 -1.927583 
1.310000 	 1.043441 
1.320000 	 -1.008052 
1.330000 	 -1.951266 
1.340000 	 -0.338247 
1.350000 	 0.073253 
1.360000 	 -1.230126 
1.370000 	 -0.781969 
1.380000 	 0.047428 
1.390000 	 -1.289133 
1.400000 	 -1.846580 
1.410000 	 -1.641248 
1.420000 	 -1.337758 
1.430000 	 -1.780733 
1.440000 	 -1.405483 
1.450000 	 -1.051355 
1.460000 	 -0.915797 
1.470000 	 -1.585959 
1.480000 	 -1.649559 
1.490000 	 -0.831121 
1.500000 	 -0.044728 
1.510000 	 -1.547407 
1.520000 	 -1.978776 
1.530000 	 -1.052976 
1.540000 	 -1.656147 
1.550000 	 -1.799876 
1.560000 	 -1.999450 
1.570000 	 -2.075920 
1.580000 	 -1.280929 
1.590000 	 -2.181949 
1.600000 	 -0.850119 
1.610000 	 -0.776732 
1.620000 	 -0.819149 
1.630000 	 -1.082081 
1.640000 	 -1.514921 
1.650000 	 0.393744 
1.660000 	 -0.822065 
1.670000 	 -2.200566 
1.680000 	 -2.645391 
1.690000 	 -1.495056 
1.700000 	 -1.697664 
1.710000 	 -2.935653 
1.720000 	 -1.646100 
1.730000 	 -1.477843 
1.740000 	 -0.808373 
1.750000 	 -1.790170 
1.760000 	 -2.629327 
1.770000 	 -1.470187 
1.780000 	 -0.005116 
1.790000 	 -1.138410 
1.800000 	 -0.809981 
1.810000 	 -0.677574 
1.820000 	 -2.695928 
1.830000 	 -1.186147 
1.840000 	 -0.140558 
1.850000 	 -0.783652 
1.860000 	 -3.294502 
1.870000 	 -1.081465 
1.880000 	 -1.364314 
1.890000 	 -2.168384 
1.900000 	 -2.638230 
1.910000 	 -1.698894 
1.920000 	 -3.214925 
1.930000 	 -1.876532 
1.940000 	 -1.785119 
1.950000 	 -2.189047 
1.960000 	 -0.727034 
1.970000 	 -3.157101 
1.980000 	 -1.703458 
1.990000 	 -0.120865 
2.000000 	 -2.690142 
2.010000 	 -0.981265 
2.020000 	 -2.490704 
2.030000 	 -0.715423 
2.040000 	 -2.191277 
2.050000 	 -1.178297 
2.060000 	 -2.029188 
2.070000 	 -2.445376 
2.080000 	 -3.560327 
2.090000 	 -1.072408 
2.100000 	 -0.581706 
2.110000 	 -2.066532 
2.120000 	 -1.432944 
2.130000 	 -1.114447 
2.140000 	 -1.343362 
2.150000 	 -1.215775 
2.160000 	 -1.954221 
2.170000 	 -3.269006 
2.180000 	 -1.779769 
2.190000 	 -2.288572 
2.200000 	 -1.601737 
2.210000 	 -1.945091 
2.220000 	 -2.255999 
2.230000 	 -1.215228 
2.240000 	 -0.733257 
2.250000 	 -2.768132 
2.260000 	 -3.260138 
2.270000 	 -1.849570 
2.280000 	 -3.454860 
2.290000 	 -1.854598 
2.300000 	 -1.177372 
2.310000 	 -2.745365 
2.320000 	 -1.909536 
2.330000 	 -0.770146 
2.340000 	 -2.308105 
2.350000 	 -3.507886 
2.360000 	 -0.908562 
2.370000 	 -2.034558 
2.380000 	 -2.756078 
2.390000 	 -2.550841 
2.400000 	 -1.612522 
2.410000 	 -2.533965 
2.420000 	 -1.541562 
2.430000 	 -2.356986 
2.440000 	 -2.107509 
2.450000 	 -2.773031 
2.460000 	 -3.575527 
2.470000 	 -2.293338 
2.480000 	 -2.024041 
2.490000 	 -1.517646 
2.500000 	 -1.364374 
2.510000 	 -3.117231 
2.520000 	 -2.688049 
2.530000 	 -2.956536 
2.540000 	 -1.429049 
2.550000 	 -2.527581 
2.560000 	 -2.968785 
2.570000 	 -2.513457 
2.580000 	 -2.284836 
2.590000 	 -1.919681 
2.600000 	 -4.477033 
2.610000 	 -2.496460 
2.620000 	 -2.451681 
2.630000 	 -3.435759 
2.640000 	 -2.900685 
2.650000 	 -1.858558 
2.660000 	 -2.238254 
2.670000 	 -2.827186 
2.680000 	 -1.483512 
2.690000 	 -4.363706 
2.700000 	 -3.562884 
2.710000 	 -4.043552 
2.720000 	 -2.244599 
2.730000 	 -1.590043 
2.740000 	 -4.534716 
2.750000 	 -3.036278 
2.760000 	 -4.255043 
2.770000 	 -2.147245 
2.780000 	 -2.863531 
2.790000 	 -3.033133 
2.800000 	 -4.500547 
2.810000 	 -2.830694 
2.820000 	 -3.107207 
2.830000 	 -1.995761 
2.840000 	 -3.844412 
2.850000 	 -3.220729 
2.860000 	 -2.004156 
2.870000 	 -2.576310 
2.880000 	 -1.999135 
2.890000 	 -4.342126 
2.900000 	 -2.684839 
2.910000 	 -3.599579 
2.920000 	 -3.792866 
2.930000 	 -2.140710 
2.940000 	 -2.576083 
2.950000 	 -3.882006 
2.960000 	 -1.950471 
2.970000 	 -3.786260 
2.980000 	 -3.545603 
2.990000 	 -3.927867 
3.000000 	 -4.257903 
3.010000 	 -3.320953 
3.020000 	 -1.531014 
3.030000 	 -3.417587 
3.040000 	 -2.262297 
3.050000 	 -3.037111 
3.060000 	 -2.600793 
3.070000 	 -1.681959 
3.080000 	 -3.383264 
3.090000 	 -3.018146 
3.100000 	 -2.084690 
3.110000 	 -4.845781 
3.120000 	 -3.643399 
3.130000 	 -3.877292 
3.140000 	 -3.630033 
3.150000 	 -3.143745 
3.160000 	 -4.966142 
3.170000 	 -2.032385 
3.180000 	 -5.121221 
3.190000 	 -4.041854 
3.200000 	 -3.625395 
3.210000 	 -3.462781 
3.220000 	 -2.772991 
3.230000 	 -2.089482 
3.240000 	 -3.683939 
3.250000 	 -3.678628 
3.260000 	 -3.320877 
3.270000 	 -3.641899 
3.280000 	 -4.128754 
3.290000 	 -4.022084 
3.300000 	 -3.242429 
3.310000 	 -3.141102 
3.320000 	 -5.514233 
3.330000 	 -2.704619 
3.340000 	 -4.021510 
3.350000 	 -3.777596 
3.360000 	 -2.953774 
3.370000 	 -4.118466 
3.380000 	 -3.230620 
3.390000 	 -3.589289 
3.400000 	 -2.256480 
3.410000 	 -3.360227 
3.420000 	 -2.799202 
3.430000 	 -3.024308 
3.440000 	 -2.382091 
3.450000 	 -3.160098 
3.460000 	 -3.605428 
3.470000 	 -4.533518 
3.480000 	 -4.123006 
3.490000 	 -4.614342 
3.500000 	 -3.541242 
3.510000 	 -3.840118 
3.520000 	 -3.537569 
3.530000 	 -4.187103 
3.540000 	 -5.641038 
3.550000 	 -3.919487 
3.560000 	 -4.400857 
3.570000 	 -2.655182 
3.580000 	 -3.587130 
3.590000 	 -3.753449 
3.600000 	 -4.442536 
3.610000 	 -2.884195 
3.620000 	 -3.061626 
3.630000 	 -4.596067 
3.640000 	 -3.280979 
3.650000 	 -3.767467 
3.660000 	 -4.166778 
3.670000 	 -4.462835 
3.680000 	 -3.790780 
3.690000 	 -4.540061 
3.700000 	 -4.614675 
3.710000 	 -2.476678 
3.720000 	 -5.229360 
3.730000 	 -3.190308 
3.740000 	 -3.088604 
3.750000 	 -3.275539 
3.760000 	 -3.921373 
3.770000 	 -2.828572 
3.780000 	 -3.667682 
3.790000 	 -3.463369 
3.800000 	 -2.321944 
3.810000 	 -4.002466 
3.820000 	 -3.820892 
3.830000 	 -3.801484 
3.840000 	 -3.239053 
3.850000 	 -4.114442 
3.860000 	 -4.138109 
3.870000 	 -5.937054 
3.880000 	 -4.112830 
3.890000 	 -5.253438 
3.900000 	 -4.848852 
3.910000 	 -3.715607 
3.920000 	 -4.573900 
3.930000 	 -3.669803 
3.940000 	 -3.077390 
3.950000 	 -4.257964 
3.960000 	 -3.451227 
3.970000 	 -4.419607 
3.980000 	 -2.437948 
3.990000 	 -3.780982 
4.000000 	 -5.012950 
4.010000 	 -4.002382 
4.020000 	 -4.584342 
4.030000 	 -4.789586 
4.040000 	 -4.378993 
4.050000 	 -4.656873 
4.060000 	 -4.118801 
4.070000 	 -2.434066 
4.080000 	 -3.712409 
4.090000 	 -3.042519 
4.100000 	 -3.349293 
4.110000 	 -4.836401 
4.120000 	 -4.563939 
4.130000 	 -4.760582 
4.140000 	 -2.954475 
4.150000 	 -4.811540 
4.160000 	 -3.406349 
4.170000 	 -5.628065 
4.180000 	 -3.834314 
4.190000 	 -4.386157 
4.200000 	 -4.603010 
4.210000 	 -4.555599 
4.220000 	 -4.793396 
4.230000 	 -5.684418 
4.240000 	 -5.017286 
4.250000 	 -4.670769 
4.260000 	 -4.962276 
4.270000 	 -4.781582 
4.280000 	 -3.516474 
4.290000 	 -2.831505 
4.300000 	 -6.073627 
4.310000 	 -5.934917 
4.320000 	 -4.538295 
4.330000 	 -3.781198 
4.340000 	 -4.975488 
4.350000 	 -4.319224 
4.360000 	 -4.699420 
4.370000 	 -4.797143 
4.380000 	 -4.071177 
4.390000 	 -4.271484 
4.400000 	 -5.125177 
4.410000 	 -5.456981 
4.420000 	 -4.510023 
4.430000 	 -3.616665 
4.440000 	 -3.408183 
4.450000 	 -4.252775 
4.460000 	 -4.386869 
4.470000 	 -5.625623 
4.480000 	 -5.182457 
4.490000 	 -4.788255 
4.500000 	 -5.804481 
4.510000 	 -4.796514 
4.520000 	 -4.469222 
4.530000 	 -4.818682 
4.540000 	 -4.102785 
4.550000 	 -4.268915 
4.560000 	 -6.522076 
4.570000 	 -4.759147 
4.580000 	 -4.378011 
4.590000 	 -3.458129 
4.600000 	 -5.877245 
4.610000 	 -4.876984 
4.620000 	 -4.617099 
4.630000 	 -6.060176 
4.640000 	 -5.236007 
4.650000 	 -4.570529 
4.660000 	 -4.583414 
4.670000 	 -4.496781 
4.680000 	 -4.939835 
4.690000 	 -5.936256 
4.700000 	 -5.270719 
4.710000 	 -4.034121 
4.720000 	 -5.351983 
4.730000 	 -4.049812 
4.740000 	 -6.097047 
4.750000 	 -5.612815 
4.760000 	 -5.082705 
4.770000 	 -3.933578 
4.780000 	 -3.902677 
4.790000 	 -5.585810 
4.800000 	 -5.474625 
4.810000 	 -6.510741 
4.820000 	 -4.998914 
4.830000 	 -5.608648 
4.840000 	 -5.051034 
4.850000 	 -3.693263 
4.860000 	 -6.252881 
4.870000 	 -5.364586 
4.880000 	 -4.371093 
4.890000 	 -5.292074 
4.900000 	 -6.376491 
4.910000 	 -5.840406 
4.920000 	 -4.908840 
4.930000 	 -5.237019 
4.940000 	 -5.986489 
4.950000 	 -5.550915 
4.960000 	 -7.579611 
4.970000 	 -6.327885 
4.980000 	 -4.281813 
4.990000 	 -5.581196 
5.000000 	 -5.611436 
