0.000000 	 -0.411168 
0.010000 	 1.502010 
0.020000 	 0.814158 
0.030000 	 0.553506 
0.040000 	 1.518765 
0.050000 	 0.415153 
0.060000 	 1.427127 
0.070000 	 1.211163 
0.080000 	 0.549038 
0.090000 	 0.405086 
0.100000 	 -1.236947 
0.110000 	 1.269063 
0.120000 	 0.287995 
0.130000 	 -0.308302 
0.140000 	 2.437703 
0.150000 	 0.158680 
0.160000 	 0.283642 
0.170000 	 0.720496 
0.180000 	 0.068812 
0.190000 	 -0.039813 
0.200000 	 0.694001 
0.210000 	 0.602585 
0.220000 	 0.729145 
0.230000 	 0.303300 
0.240000 	 -0.184774 
0.250000 	 -1.065310 
0.260000 	 1.036219 
0.270000 	 0.201412 
0.280000 	 -0.378352 
0.290000 	 0.944058 
0.300000 	 0.770056 
0.310000 	 0.437935 
0.320000 	 -0.001646 
0.330000 	 0.487157 
0.340000 	 0.151039 
0.350000 	 -0.638605 
0.360000 	 0.527793 
0.370000 	 -0.822378 
0.380000 	 -0.347201 
0.390000 	 1.701221 
0.400000 	 0.621590 
0.410000 	 1.233235 
0.420000 	 0.794024 
0.430000 	 -0.325038 
0.440000 	 0.726869 
0.450000 	 -0.806268 
0.460000 	 0.611321 
0.470000 	 -1.099599 
0.480000 	 0.086996 
0.490000 	 -0.408021 
0.500000 	 -1.219131 
0.510000 	 0.118037 
0.520000 	 -0.824493 
0.530000 	 -1.660379 
0.540000 	 -0.411498 
0.550000 	 0.321848 
0.560000 	 0.406048 
0.570000 	 -0.321317 
0.580000 	 0.074992 
0.590000 	 0.300090 
0.600000 	 0.768910 
0.610000 	 0.940471 
0.620000 	 0.383463 
0.630000 	 0.566044 
0.640000 	 -1.084770 
0.650000 	 -0.222629 
0.660000 	 -0.603104 
0.670000 	 -1.512250 
0.680000 	 -0.713249 
0.690000 	 -0.037328 
0.700000 	 -0.955880 
0.710000 	 0.350767 
0.720000 	 -0.362607 
0.730000 	 0.013134 
0.740000 	 -1.051556 
0.750000 	 0.869839 
0.760000 	 -0.987024 
0.770000 	 0.299352 
0.780000 	 -1.931607 
0.790000 	 -0.445314 
0.800000 	 -0.904690 
0.810000 	 -0.342975 
0.820000 	 0.017405 
0.830000 	 -1.509601 
0.840000 	 0.449905 
0.850000 	 -1.173942 
0.860000 	 0.085263 
0.870000 	 -1.339050 
0.880000 	 -1.705729 
0.890000 	 -0.386405 
0.900000 	 0.199513 
0.910000 	 -1.097194 
0.920000 	 -1.120716 
0.930000 	 -0.271731 
0.940000 	 -0.675795 
0.950000 	 -1.187937 
0.960000 	 -1.642904 
0.970000 	 -0.514691 
0.980000 	 0.161587 
0.990000 	 -0.541980 
1.000000 	 -0.729420 
1.010000 	 -2.351198 
1.020000 	 -0.510099 
1.030000 	 -1.551552 
1.040000 	 -1.657947 
1.050000 	 -0.057030 
1.060000 	 1.744410 
1.070000 	 -1.093608 
1.080000 	 -0.322355 
1.090000 	 -1.406711 
1.100000 	 -1.908785 
1.110000 	 0.160951 
1.120000 	 -0.784351 
1.130000 	 -1.106344 
1.140000 	 0.265429 
1.150000 	 -0.862668 
1.160000 	 -0.401816 
1.170000 	 -0.609453 
1.180000 	 1.450082 
1.190000 	 -0.383632 
1.200000 	 -2.003698 
1.210000 	 -0.593579 
1.220000 	 -1.408229 
1.230000 	 -0.030418 
1.240000 	 -0.710148 
1.250000 	 -1.195417 
1.260000 	 -1.425167 
1.270000 	 -0.864530 
1.280000 	 0.379441 
1.290000 	 -0.633969 
1.300000 	 -0.608978 
1.310000 	 -1.563740 
1.320000 	 -1.347617 
1.330000 	 -0.834378 
1.340000 	 -0.571432 
1.350000 	 -1.367800 
1.360000 	 -2.500454 
1.370000 	 -0.151390 
1.380000 	 -2.879329 
1.390000 	 -0.070335 
1.400000 	 -0.110252 
1.410000 	 -1.343063 
1.420000 	 -0.510976 
1.430000 	 -0.795793 
1.440000 	 -0.767088 
1.450000 	 -1.075760 
1.460000 	 0.768534 
1.470000 	 -2.808247 
1.480000 	 -1.327800 
1.490000 	 -0.665544 
1.500000 	 -1.341520 
1.510000 	 -1.041281 
1.520000 	 -1.717644 
1.530000 	 -0.499748 
1.540000 	 -2.810540 
1.550000 	 -2.471898 
1.560000 	 -1.793144 
1.570000 	 -0.862129 
1.580000 	 -1.289922 
1.590000 	 -2.389755 
1.600000 	 -0.674795 
1.610000 	 -1.212546 
1.620000 	 0.341346 
1.630000 	 -0.111570 
1.640000 	 -2.674875 
1.650000 	 -1.679004 
1.660000 	 -1.297816 
1.670000 	 -3.211435 
1.680000 	 -1.765064 
1.690000 	 -0.812202 
1.700000 	 -0.753549 
1.710000 	 -1.507220 
1.720000 	 -1.295849 
1.730000 	 -1.508896 
1.740000 	 -1.580312 
1.750000 	 -2.701342 
1.760000 	 -2.366228 
1.770000 	 -1.533011 
1.780000 	 0.002972 
1.790000 	 -0.744979 
1.800000 	 -2.186113 
1.810000 	 -2.551479 
1.820000 	 -2.028585 
1.830000 	 -0.937815 
1.840000 	 -1.737385 
1.850000 	 -2.587706 
1.860000 	 -0.605871 
1.870000 	 -0.606364 
1.880000 	 -3.239668 
1.890000 	 -1.530560 
1.900000 	 -1.520495 
1.910000 	 -1.220403 
1.920000 	 -1.776604 
1.930000 	 -2.261861 
1.940000 	 -1.889377 
1.950000 	 -1.314049 
1.960000 	 -2.087572 
1.970000 	 -0.872619 
1.980000 	 -1.355367 
1.990000 	 -2.733483 
2.000000 	 -0.604714 
2.010000 	 -1.117964 
2.020000 	 -2.363721 
2.030000 	 -1.826395 
2.040000 	 -1.899226 
2.050000 	 -1.427682 
2.060000 	 -3.115242 
2.070000 	 -2.350794 
2.080000 	 -2.153102 
2.090000 	 -2.293139 
2.100000 	 -0.829808 
2.110000 	 -1.860000 
2.120000 	 -2.566614 
2.130000 	 -3.100446 
2.140000 	 -3.343070 
2.150000 	 -1.510259 
2.160000 	 -2.807763 
2.170000 	 -2.419546 
2.180000 	 -1.970621 
2.190000 	 -1.798089 
2.200000 	 -0.809164 
2.210000 	 -2.463561 
2.220000 	 -2.142063 
2.230000 	 -2.088933 
2.240000 	 -2.179347 
2.250000 	 -0.971957 
2.260000 	 -1.753408 
2.270000 	 -1.271132 
2.280000 	 -3.534452 
2.290000 	 -2.428039 
2.300000 	 -1.944508 
2.310000 	 -2.602974 
2.320000 	 -1.927580 
2.330000 	 -2.846794 
2.340000 	 -2.121410 
2.350000 	 -2.717780 
2.360000 	 -2.549619 
2.370000 	 -1.342114 
2.380000 	 -2.492701 
2.390000 	 -1.698145 
2.400000 	 -1.897590 
2.410000 	 -2.033592 
2.420000 	 -2.602324 
2.430000 	 -0.982266 
2.440000 	 -2.606430 
2.450000 	 -2.573528 
2.460000 	 -1.504197 
2.470000 	 -1.428798 
2.480000 	 -3.066757 
2.490000 	 -2.095387 
2.500000 	 -2.077613 
2.510000 	 -2.425976 
2.520000 	 -1.353151 
2.530000 	 -2.945020 
2.540000 	 -3.175629 
2.550000 	 -2.033148 
2.560000 	 -2.771667 
2.570000 	 -2.502108 
2.580000 	 -2.291818 
2.590000 	 -3.252705 
2.600000 	 -3.422128 
2.610000 	 -1.100607 
2.620000 	 -2.334637 
2.630000 	 -3.624693 
2.640000 	 -3.961218 
2.650000 	 -4.292300 
2.660000 	 -1.447163 
2.670000 	 -2.366230 
2.680000 	 -2.001409 
2.690000 	 -2.663161 
2.700000 	 -3.343734 
2.710000 	 -1.537850 
2.720000 	 -3.087923 
2.730000 	 -2.844698 
2.740000 	 -3.379640 
2.750000 	 -3.120950 
2.760000 	 -4.090059 
2.770000 	 -3.763379 
2.780000 	 -2.018165 
2.790000 	 -3.498185 
2.800000 	 -2.459656 
2.810000 	 -2.957215 
2.820000 	 -2.538723 
2.830000 	 -1.940366 
2.840000 	 -3.414664 
2.850000 	 -3.825731 
2.860000 	 -3.439597 
2.870000 	 -2.798976 
2.880000 	 -2.494543 
2.890000 	 -3.638089 
2.900000 	 -2.360110 
2.910000 	 -4.110432 
2.920000 	 -3.187287 
2.930000 	 -3.999273 
2.940000 	 -3.626156 
2.950000 	 -2.320597 
2.960000 	 -3.302848 
2.970000 	 -4.397053 
2.980000 	 -2.360076 
2.990000 	 -3.308033 
3.000000 	 -3.054173 
3.010000 	 -3.611221 
3.020000 	 -2.719340 
3.030000 	 -4.752739 
3.040000 	 -3.788705 
3.050000 	 -2.749447 
3.060000 	 -3.630711 
3.070000 	 -2.950106 
3.080000 	 -3.556641 
3.090000 	 -1.850025 
3.100000 	 -3.925538 
3.110000 	 -2.316966 
3.120000 	 -2.429588 
3.130000 	 -3.905548 
3.140000 	 -3.608474 
3.150000 	 -2.956468 
3.160000 	 -2.709848 
3.170000 	 -0.835648 
3.180000 	 -3.186059 
3.190000 	 -4.259119 
3.200000 	 -3.675563 
3.210000 	 -3.598760 
3.220000 	 -4.607232 
3.230000 	 -1.392778 
3.240000 	 -3.843301 
3.250000 	 -5.299033 
3.260000 	 -4.510076 
3.270000 	 -2.483673 
3.280000 	 -3.117159 
3.290000 	 -2.572583 
3.300000 	 -4.879434 
3.310000 	 -2.706573 
3.320000 	 -4.406410 
3.330000 	 -2.835769 
3.340000 	 -3.459526 
3.350000 	 -4.558945 
3.360000 	 -4.039561 
3.370000 	 -2.417819 
3.380000 	 -4.004381 
3.390000 	 -3.296062 
3.400000 	 -2.311513 
3.410000 	 -3.879827 
3.420000 	 -4.120759 
3.430000 	 -3.912722 
3.440000 	 -2.674556 
3.450000 	 -4.099002 
3.460000 	 -3.760199 
3.470000 	 -3.798623 
3.480000 	 -3.157739 
3.490000 	 -4.905759 
3.500000 	 -3.537220 
3.510000 	 -4.302448 
3.520000 	 -2.377331 
3.530000 	 -4.002093 
3.540000 	 -3.926198 
3.550000 	 -4.202513 
3.560000 	 -3.153745 
3.570000 	 -4.089804 
3.580000 	 -3.865938 
3.590000 	 -3.388936 
3.600000 	 -4.006561 
3.610000 	 -3.928825 
3.620000 	 -3.954366 
3.630000 	 -5.900954 
3.640000 	 -3.929276 
3.650000 	 -3.771358 
3.660000 	 -3.984183 
3.670000 	 -3.084920 
3.680000 	 -3.550080 
3.690000 	 -4.557047 
3.700000 	 -5.054553 
3.710000 	 -2.973985 
3.720000 	 -5.703640 
3.730000 	 -4.949884 
3.740000 	 -2.966742 
3.750000 	 -4.258935 
3.760000 	 -3.316694 
3.770000 	 -4.178506 
3.780000 	 -4.859131 
3.790000 	 -4.399225 
3.800000 	 -3.534453 
3.810000 	 -4.214489 
3.820000 	 -3.998891 
3.830000 	 -3.660024 
3.840000 	 -3.420187 
3.850000 	 -3.315289 
3.860000 	 -5.656076 
3.870000 	 -5.040492 
3.880000 	 -4.226231 
3.890000 	 -3.068832 
3.900000 	 -5.632936 
3.910000 	 -4.580249 
3.920000 	 -4.116403 
3.930000 	 -3.516944 
3.940000 	 -4.132312 
3.950000 	 -4.647958 
3.960000 	 -3.364648 
3.970000 	 -5.259179 
3.980000 	 -3.623792 
3.990000 	 -4.485120 
4.000000 	 -2.599079 
4.010000 	 -4.627644 
4.020000 	 -4.727461 
4.030000 	 -2.833218 
4.040000 	 -2.523732 
4.050000 	 -4.809045 
4.060000 	 -4.421444 
4.070000 	 -3.637445 
4.080000 	 -4.314646 
4.090000 	 -4.057647 
4.100000 	 -4.416101 
4.110000 	 -4.953739 
4.120000 	 -5.422336 
4.130000 	 -4.922275 
4.140000 	 -3.765384 
4.150000 	 -4.379137 
4.160000 	 -3.546034 
4.170000 	 -4.534906 
4.180000 	 -3.543167 
4.190000 	 -4.239463 
4.200000 	 -4.395519 
4.210000 	 -4.184612 
4.220000 	 -5.228346 
4.230000 	 -5.445648 
4.240000 	 -3.839546 
4.250000 	 -4.823096 
4.260000 	 -4.201849 
4.270000 	 -4.334728 
4.280000 	 -6.155856 
4.290000 	 -4.172871 
4.300000 	 -3.710503 
4.310000 	 -4.669813 
4.320000 	 -4.843067 
4.330000 	 -3.684761 
4.340000 	 -5.166476 
4.350000 	 -4.491984 
4.360000 	 -5.797539 
4.370000 	 -5.016629 
4.380000 	 -5.282042 
4.390000 	 -4.539054 
4.400000 	 -5.389995 
4.410000 	 -5.803703 
4.420000 	 -5.146366 
4.430000 	 -5.884622 
4.440000 	 -6.164074 
4.450000 	 -5.701890 
4.460000 	 -5.680078 
4.470000 	 -4.286833 
4.480000 	 -4.141491 
4.490000 	 -4.268235 
4.500000 	 -4.795849 
4.510000 	 -5.898541 
4.520000 	 -4.614799 
4.530000 	 -6.293694 
4.540000 	 -4.143542 
4.550000 	 -5.462107 
4.560000 	 -5.573704 
4.570000 	 -5.292841 
4.580000 	 -3.918228 
4.590000 	 -4.026209 
4.600000 	 -4.331230 
4.610000 	 -5.853347 
4.620000 	 -5.108100 
4.630000 	 -5.166839 
4.640000 	 -6.146820 
4.650000 	 -4.359105 
4.660000 	 -4.528355 
4.670000 	 -6.385777 
4.680000 	 -3.900773 
4.690000 	 -5.841690 
4.700000 	 -5.258273 
4.710000 	 -5.821805 
4.720000 	 -5.013296 
4.730000 	 -5.244007 
4.740000 	 -5.454186 
4.750000 	 -4.162086 
4.760000 	 -3.760326 
4.770000 	 -5.531199 
4.780000 	 -5.654625 
4.790000 	 -5.542230 
4.800000 	 -4.502538 
4.810000 	 -5.005837 
4.820000 	 -5.803296 
4.830000 	 -4.692399 
4.840000 	 -5.086897 
4.850000 	 -6.871444 
4.860000 	 -5.642020 
4.870000 	 -5.285958 
4.880000 	 -6.431281 
4.890000 	 -6.251624 
4.900000 	 -5.554771 
4.910000 	 -5.804840 
4.920000 	 -5.986692 
4.930000 	 -6.781781 
4.940000 	 -5.566024 
4.950000 	 -4.381364 
4.960000 	 -4.082966 
4.970000 	 -5.962381 
4.980000 	 -5.867621 
4.990000 	 -6.038661 
5.000000 	 -5.542893 
