0.000000 	 0.236838 
0.010000 	 -0.097207 
0.020000 	 0.903143 
0.030000 	 0.869805 
0.040000 	 0.707653 
0.050000 	 0.059623 
0.060000 	 -0.360399 
0.070000 	 -0.169380 
0.080000 	 0.934186 
0.090000 	 0.601541 
0.100000 	 2.234411 
0.110000 	 0.400959 
0.120000 	 1.179495 
0.130000 	 1.052902 
0.140000 	 1.084181 
0.150000 	 0.259850 
0.160000 	 0.611197 
0.170000 	 1.475297 
0.180000 	 0.606230 
0.190000 	 0.580230 
0.200000 	 -0.353209 
0.210000 	 -1.100902 
0.220000 	 0.005248 
0.230000 	 1.115685 
0.240000 	 1.490423 
0.250000 	 0.187923 
0.260000 	 0.772188 
0.270000 	 -0.710459 
0.280000 	 -0.133224 
0.290000 	 0.076507 
0.300000 	 -0.851161 
0.310000 	 0.239125 
0.320000 	 1.607707 
0.330000 	 -0.461084 
0.340000 	 -1.132410 
0.350000 	 0.488997 
0.360000 	 1.005724 
0.370000 	 -0.399248 
0.380000 	 1.125524 
0.390000 	 0.162614 
0.400000 	 0.482085 
0.410000 	 0.514133 
0.420000 	 0.350898 
0.430000 	 0.128428 
0.440000 	 0.137406 
0.450000 	 -1.279336 
0.460000 	 0.560425 
0.470000 	 -0.057078 
0.480000 	 -0.234527 
0.490000 	 -0.172336 
0.500000 	 0.189751 
0.510000 	 -0.192945 
0.520000 	 1.990988 
0.530000 	 0.358868 
0.540000 	 0.476047 
0.550000 	 1.317702 
0.560000 	 0.730247 
0.570000 	 0.503100 
0.580000 	 -1.040205 
0.590000 	 -0.796837 
0.600000 	 0.239424 
0.610000 	 -1.076233 
0.620000 	 -0.690710 
0.630000 	 -0.604694 
0.640000 	 0.393239 
0.650000 	 0.872244 
0.660000 	 0.341900 
0.670000 	 -0.681607 
0.680000 	 -1.999837 
0.690000 	 -0.733895 
0.700000 	 -1.362629 
0.710000 	 -0.081204 
0.720000 	 -0.219661 
0.730000 	 -0.054359 
0.740000 	 -1.004051 
0.750000 	 -0.552682 
0.760000 	 -0.021354 
0.770000 	 -1.111161 
0.780000 	 0.066269 
0.790000 	 -0.272005 
0.800000 	 -1.702738 
0.810000 	 0.231361 
0.820000 	 -1.295226 
0.830000 	 -0.245404 
0.840000 	 0.107705 
0.850000 	 -0.038663 
0.860000 	 0.092105 
0.870000 	 -0.243516 
0.880000 	 -1.253315 
0.890000 	 -0.350150 
0.900000 	 -0.239927 
0.910000 	 -0.613855 
0.920000 	 -0.885962 
0.930000 	 -0.986766 
0.940000 	 -0.004462 
0.950000 	 -0.651671 
0.960000 	 -0.135022 
0.970000 	 0.666556 
0.980000 	 -0.075494 
0.990000 	 -0.355120 
1.000000 	 0.841137 
1.010000 	 -1.852693 
1.020000 	 -0.800414 
1.030000 	 -1.519154 
1.040000 	 -2.096525 
1.050000 	 -0.628779 
1.060000 	 -0.605001 
1.070000 	 0.470733 
1.080000 	 -0.270585 
1.090000 	 -0.519449 
1.100000 	 -0.388102 
1.110000 	 0.042233 
1.120000 	 -0.396623 
1.130000 	 0.857303 
1.140000 	 0.166647 
1.150000 	 -0.595011 
1.160000 	 -1.531225 
1.170000 	 -0.613013 
1.180000 	 0.430922 
1.190000 	 -0.786393 
1.200000 	 -1.324470 
1.210000 	 -1.233837 
1.220000 	 -0.969696 
1.230000 	 0.108752 
1.240000 	 -1.804326 
1.250000 	 -2.450750 
1.260000 	 -0.622327 
1.270000 	 1.297543 
1.280000 	 -1.239627 
1.290000 	 -1.661382 
1.300000 	 -0.465719 
1.310000 	 -1.422223 
1.320000 	 -0.639734 
1.330000 	 -1.194914 
1.340000 	 -0.204292 
1.350000 	 -0.872706 
1.360000 	 -0.235392 
1.370000 	 -1.473560 
1.380000 	 -2.722215 
1.390000 	 -0.156496 
1.400000 	 -3.445733 
1.410000 	 -1.184741 
1.420000 	 -0.953288 
1.430000 	 -1.209090 
1.440000 	 0.912909 
1.450000 	 -2.299957 
1.460000 	 -0.687050 
1.470000 	 -1.400380 
1.480000 	 -0.989166 
1.490000 	 -0.889948 
1.500000 	 -0.693723 
1.510000 	 -1.139187 
1.520000 	 -2.386477 
1.530000 	 -1.501316 
1.540000 	 0.255902 
1.550000 	 -1.366884 
1.560000 	 -1.673423 
1.570000 	 -0.852724 
1.580000 	 -2.800691 
1.590000 	 0.012292 
1.600000 	 -0.992414 
1.610000 	 -0.824556 
1.620000 	 -3.027406 
1.630000 	 0.151991 
1.640000 	 -0.880521 
1.650000 	 -1.138255 
1.660000 	 -2.011181 
1.670000 	 -2.200328 
1.680000 	 -2.383549 
1.690000 	 -0.570991 
1.700000 	 -1.302607 
1.710000 	 -1.734570 
1.720000 	 -0.272998 
1.730000 	 -0.463371 
1.740000 	 -0.644221 
1.750000 	 -1.629471 
1.760000 	 -0.283703 
1.770000 	 -1.512660 
1.780000 	 -1.904740 
1.790000 	 -0.362936 
1.800000 	 -2.463411 
1.810000 	 -0.488288 
1.820000 	 -1.506766 
1.830000 	 -2.110774 
1.840000 	 -1.780385 
1.850000 	 0.477080 
1.860000 	 -1.565113 
1.870000 	 -2.584883 
1.880000 	 -3.738906 
1.890000 	 -1.796974 
1.900000 	 -2.073553 
1.910000 	 -2.133595 
1.920000 	 -2.274057 
1.930000 	 -1.604663 
1.940000 	 -1.880089 
1.950000 	 -2.001447 
1.960000 	 -1.149825 
1.970000 	 -1.116852 
1.980000 	 -1.694266 
1.990000 	 -1.780517 
2.000000 	 -1.593999 
2.010000 	 -1.191865 
2.020000 	 -3.455880 
2.030000 	 -1.710010 
2.040000 	 -2.323787 
2.050000 	 -2.124629 
2.060000 	 -3.052311 
2.070000 	 -1.498979 
2.080000 	 -0.980300 
2.090000 	 -2.832579 
2.100000 	 -2.145581 
2.110000 	 -1.270420 
2.120000 	 -3.108576 
2.130000 	 -1.654433 
2.140000 	 -3.089702 
2.150000 	 -2.272367 
2.160000 	 -2.010455 
2.170000 	 -1.589555 
2.180000 	 -3.131857 
2.190000 	 -1.722436 
2.200000 	 -2.341019 
2.210000 	 -1.933085 
2.220000 	 -1.356446 
2.230000 	 -1.829202 
2.240000 	 -2.324345 
2.250000 	 -1.780945 
2.260000 	 -2.613629 
2.270000 	 -1.226425 
2.280000 	 -2.460095 
2.290000 	 -2.905243 
2.300000 	 -2.090007 
2.310000 	 -1.893595 
2.320000 	 -2.140318 
2.330000 	 -3.132087 
2.340000 	 -2.200235 
2.350000 	 -2.118199 
2.360000 	 -3.617625 
2.370000 	 -1.591032 
2.380000 	 -2.972010 
2.390000 	 -2.273448 
2.400000 	 -1.702522 
2.410000 	 -1.155916 
2.420000 	 -1.810193 
2.430000 	 -3.376718 
2.440000 	 -2.968087 
2.450000 	 -2.443234 
2.460000 	 -2.410568 
2.470000 	 -2.873835 
2.480000 	 -3.741909 
2.490000 	 -2.843278 
2.500000 	 -1.044419 
2.510000 	 -2.031140 
2.520000 	 -2.885525 
2.530000 	 -1.809784 
2.540000 	 -3.002332 
2.550000 	 -1.919472 
2.560000 	 -2.901597 
2.570000 	 -3.947670 
2.580000 	 -2.614708 
2.590000 	 -2.886966 
2.600000 	 -2.276716 
2.610000 	 -3.176658 
2.620000 	 -2.115958 
2.630000 	 -1.383635 
2.640000 	 -1.877918 
2.650000 	 -3.992770 
2.660000 	 -1.846940 
2.670000 	 -3.882162 
2.680000 	 -2.225224 
2.690000 	 -3.453135 
2.700000 	 -3.035932 
2.710000 	 -3.318574 
2.720000 	 -2.147118 
2.730000 	 -1.269665 
2.740000 	 -1.965815 
2.750000 	 -3.359661 
2.760000 	 -2.640658 
2.770000 	 -4.638242 
2.780000 	 -1.852807 
2.790000 	 -2.422630 
2.800000 	 -2.816293 
2.810000 	 -3.974622 
2.820000 	 -1.813109 
2.830000 	 -1.690635 
2.840000 	 -1.591915 
2.850000 	 -2.459498 
2.860000 	 -1.797017 
2.870000 	 -3.654123 
2.880000 	 -2.181184 
2.890000 	 -4.129449 
2.900000 	 -2.608001 
2.910000 	 -2.801669 
2.920000 	 -1.531349 
2.930000 	 -2.525185 
2.940000 	 -3.556483 
2.950000 	 -2.595546 
2.960000 	 -1.788710 
2.970000 	 -3.208926 
2.980000 	 -3.632071 
2.990000 	 -2.375993 
3.000000 	 -2.025418 
3.010000 	 -2.658827 
3.020000 	 -3.894309 
3.030000 	 -3.562503 
3.040000 	 -2.594888 
3.050000 	 -2.718885 
3.060000 	 -4.332431 
3.070000 	 -3.013387 
3.080000 	 -4.067881 
3.090000 	 -3.169098 
3.100000 	 -1.944853 
3.110000 	 -3.387764 
3.120000 	 -3.176051 
3.130000 	 -2.020502 
3.140000 	 -2.877039 
3.150000 	 -3.664492 
3.160000 	 -2.971418 
3.170000 	 -2.451623 
3.180000 	 -3.401139 
3.190000 	 -4.584219 
3.200000 	 -3.172569 
3.210000 	 -4.245364 
3.220000 	 -3.432456 
3.230000 	 -3.099045 
3.240000 	 -4.863782 
3.250000 	 -4.123940 
3.260000 	 -2.386059 
3.270000 	 -4.503887 
3.280000 	 -3.281923 
3.290000 	 -3.191233 
3.300000 	 -3.121728 
3.310000 	 -3.124257 
3.320000 	 -3.832655 
3.330000 	 -4.010811 
3.340000 	 -4.227684 
3.350000 	 -3.099461 
3.360000 	 -3.567184 
3.370000 	 -3.941038 
3.380000 	 -3.270904 
3.390000 	 -3.408219 
3.400000 	 -3.675482 
3.410000 	 -3.066754 
3.420000 	 -4.481624 
3.430000 	 -3.596640 
3.440000 	 -3.302997 
3.450000 	 -3.764955 
3.460000 	 -4.103889 
3.470000 	 -4.242362 
3.480000 	 -3.400422 
3.490000 	 -5.114704 
3.500000 	 -3.799551 
3.510000 	 -4.300365 
3.520000 	 -2.816850 
3.530000 	 -3.355398 
3.540000 	 -4.049322 
3.550000 	 -5.051748 
3.560000 	 -3.100423 
3.570000 	 -3.909414 
3.580000 	 -4.066308 
3.590000 	 -4.430264 
3.600000 	 -2.901702 
3.610000 	 -4.412119 
3.620000 	 -3.910909 
3.630000 	 -3.282812 
3.640000 	 -3.419057 
3.650000 	 -3.611277 
3.660000 	 -3.746232 
3.670000 	 -2.718135 
3.680000 	 -4.465341 
3.690000 	 -3.862813 
3.700000 	 -4.815493 
3.710000 	 -3.044831 
3.720000 	 -3.848848 
3.730000 	 -4.500954 
3.740000 	 -4.888201 
3.750000 	 -4.339867 
3.760000 	 -4.959816 
3.770000 	 -3.637019 
3.780000 	 -4.213883 
3.790000 	 -3.324679 
3.800000 	 -4.041559 
3.810000 	 -4.293767 
3.820000 	 -4.197820 
3.830000 	 -3.992731 
3.840000 	 -5.026510 
3.850000 	 -4.247906 
3.860000 	 -4.147801 
3.870000 	 -5.741058 
3.880000 	 -3.272642 
3.890000 	 -4.658806 
3.900000 	 -4.374114 
3.910000 	 -5.111242 
3.920000 	 -4.023354 
3.930000 	 -4.169107 
3.940000 	 -5.530278 
3.950000 	 -4.681635 
3.960000 	 -5.528317 
3.970000 	 -4.346113 
3.980000 	 -3.069540 
3.990000 	 -4.937115 
4.000000 	 -4.583352 
4.010000 	 -5.304553 
4.020000 	 -4.070009 
4.030000 	 -4.440432 
4.040000 	 -3.569874 
4.050000 	 -4.673977 
4.060000 	 -4.884623 
4.070000 	 -4.340140 
4.080000 	 -4.982039 
4.090000 	 -5.978461 
4.100000 	 -5.511490 
4.110000 	 -4.940705 
4.120000 	 -2.958030 
4.130000 	 -4.515545 
4.140000 	 -4.527433 
4.150000 	 -4.736014 
4.160000 	 -5.658033 
4.170000 	 -5.554908 
4.180000 	 -3.840662 
4.190000 	 -5.144130 
4.200000 	 -4.830989 
4.210000 	 -4.906583 
4.220000 	 -6.198080 
4.230000 	 -5.049902 
4.240000 	 -5.053249 
4.250000 	 -3.701865 
4.260000 	 -4.555366 
4.270000 	 -5.624373 
4.280000 	 -3.291767 
4.290000 	 -4.402351 
4.300000 	 -6.150894 
4.310000 	 -5.329728 
4.320000 	 -5.615150 
4.330000 	 -5.035304 
4.340000 	 -5.429849 
4.350000 	 -4.743021 
4.360000 	 -3.615419 
4.370000 	 -4.970571 
4.380000 	 -4.246349 
4.390000 	 -5.029927 
4.400000 	 -3.694435 
4.410000 	 -2.930952 
4.420000 	 -4.727753 
4.430000 	 -4.762178 
4.440000 	 -4.488569 
4.450000 	 -4.351164 
4.460000 	 -5.247062 
4.470000 	 -4.562192 
4.480000 	 -5.665737 
4.490000 	 -4.234363 
4.500000 	 -5.178396 
4.510000 	 -4.471360 
4.520000 	 -5.146121 
4.530000 	 -6.820774 
4.540000 	 -4.308947 
4.550000 	 -4.950578 
4.560000 	 -5.066671 
4.570000 	 -4.483479 
4.580000 	 -4.712921 
4.590000 	 -5.395106 
4.600000 	 -5.020276 
4.610000 	 -4.023898 
4.620000 	 -6.753621 
4.630000 	 -4.305653 
4.640000 	 -5.291391 
4.650000 	 -3.175136 
4.660000 	 -3.960606 
4.670000 	 -6.477296 
4.680000 	 -5.595789 
4.690000 	 -4.580775 
4.700000 	 -3.491468 
4.710000 	 -4.644515 
4.720000 	 -5.045267 
4.730000 	 -5.975209 
4.740000 	 -4.584553 
4.750000 	 -4.921198 
4.760000 	 -4.739522 
4.770000 	 -4.823951 
4.780000 	 -5.115673 
4.790000 	 -4.806821 
4.800000 	 -5.075723 
4.810000 	 -5.844271 
4.820000 	 -7.249758 
4.830000 	 -6.090468 
4.840000 	 -5.188311 
4.850000 	 -6.290697 
4.860000 	 -4.328299 
4.870000 	 -4.676134 
4.880000 	 -6.277038 
4.890000 	 -4.457955 
4.900000 	 -4.178102 
4.910000 	 -3.576588 
4.920000 	 -5.099212 
4.930000 	 -6.113847 
4.940000 	 -6.594357 
4.950000 	 -5.724022 
4.960000 	 -4.007835 
4.970000 	 -5.614238 
4.980000 	 -3.836742 
4.990000 	 -5.498475 
5.000000 	 -4.913725 
