0.000000 	 1.554895 
0.010000 	 1.280229 
0.020000 	 0.679592 
0.030000 	 0.742567 
0.040000 	 1.808008 
0.050000 	 0.810273 
0.060000 	 1.727176 
0.070000 	 1.376359 
0.080000 	 -1.052982 
0.090000 	 -1.399909 
0.100000 	 -0.123127 
0.110000 	 -0.788320 
0.120000 	 1.381206 
0.130000 	 1.645097 
0.140000 	 0.377637 
0.150000 	 1.114176 
0.160000 	 -0.669203 
0.170000 	 1.454913 
0.180000 	 0.424143 
0.190000 	 1.164192 
0.200000 	 -0.145789 
0.210000 	 1.336124 
0.220000 	 -0.650887 
0.230000 	 1.256680 
0.240000 	 -0.323332 
0.250000 	 0.361346 
0.260000 	 -0.183784 
0.270000 	 1.149881 
0.280000 	 0.805439 
0.290000 	 0.669744 
0.300000 	 -0.034707 
0.310000 	 -0.419150 
0.320000 	 1.591915 
0.330000 	 0.611221 
0.340000 	 -0.197899 
0.350000 	 0.167245 
0.360000 	 -0.503661 
0.370000 	 -0.114967 
0.380000 	 0.487807 
0.390000 	 -0.075307 
0.400000 	 0.770644 
0.410000 	 0.156535 
0.420000 	 0.909608 
0.430000 	 1.551580 
0.440000 	 1.353257 
0.450000 	 -0.588075 
0.460000 	 -0.107942 
0.470000 	 -0.868447 
0.480000 	 0.635932 
0.490000 	 -0.631828 
0.500000 	 -0.391648 
0.510000 	 -0.946679 
0.520000 	 -0.395482 
0.530000 	 1.361700 
0.540000 	 -1.452203 
0.550000 	 0.070634 
0.560000 	 -0.798979 
0.570000 	 -0.517010 
0.580000 	 -0.898909 
0.590000 	 -1.116380 
0.600000 	 -0.085059 
0.610000 	 0.373555 
0.620000 	 0.225233 
0.630000 	 -0.570794 
0.640000 	 -0.525807 
0.650000 	 0.232426 
0.660000 	 0.439865 
0.670000 	 0.988538 
0.680000 	 -0.253828 
0.690000 	 2.288869 
0.700000 	 0.624738 
0.710000 	 1.290959 
0.720000 	 -0.428223 
0.730000 	 -0.032451 
0.740000 	 -0.404912 
0.750000 	 -1.365329 
0.760000 	 0.929378 
0.770000 	 0.138905 
0.780000 	 -0.522841 
0.790000 	 0.124222 
0.800000 	 -0.921985 
0.810000 	 -0.559706 
0.820000 	 0.549394 
0.830000 	 -0.421634 
0.840000 	 -0.262480 
0.850000 	 -1.227849 
0.860000 	 -0.788615 
0.870000 	 0.575175 
0.880000 	 0.167322 
0.890000 	 1.215369 
0.900000 	 0.443609 
0.910000 	 -1.256681 
0.920000 	 -0.093589 
0.930000 	 0.017924 
0.940000 	 -0.969415 
0.950000 	 -0.012982 
0.960000 	 0.474255 
0.970000 	 0.334410 
0.980000 	 -0.927186 
0.990000 	 -1.360141 
1.000000 	 0.337312 
1.010000 	 0.317230 
1.020000 	 -1.109600 
1.030000 	 0.164779 
1.040000 	 -0.988325 
1.050000 	 -1.211327 
1.060000 	 -0.556895 
1.070000 	 -0.268082 
1.080000 	 -0.953228 
1.090000 	 -0.913169 
1.100000 	 -1.189484 
1.110000 	 -0.286672 
1.120000 	 -0.185562 
1.130000 	 -0.617900 
1.140000 	 -0.556565 
1.150000 	 -1.851701 
1.160000 	 1.094530 
1.170000 	 0.104227 
1.180000 	 -0.598115 
1.190000 	 -1.426320 
1.200000 	 -0.810926 
1.210000 	 -1.397487 
1.220000 	 -1.392242 
1.230000 	 -1.816454 
1.240000 	 -0.103789 
1.250000 	 -2.086617 
1.260000 	 -0.510244 
1.270000 	 -0.931076 
1.280000 	 -1.859061 
1.290000 	 -0.332286 
1.300000 	 -0.788977 
1.310000 	 -1.508503 
1.320000 	 -1.172435 
1.330000 	 -1.803831 
1.340000 	 -1.846693 
1.350000 	 -0.872764 
1.360000 	 -1.806464 
1.370000 	 -1.784255 
1.380000 	 -0.777219 
1.390000 	 -2.785757 
1.400000 	 -1.362695 
1.410000 	 -0.831929 
1.420000 	 -1.756262 
1.430000 	 -2.537264 
1.440000 	 -1.301653 
1.450000 	 -0.820013 
1.460000 	 -1.884083 
1.470000 	 0.387146 
1.480000 	 -0.802944 
1.490000 	 -0.816547 
1.500000 	 -0.832766 
1.510000 	 -0.862378 
1.520000 	 -0.176004 
1.530000 	 -1.472022 
1.540000 	 -2.500169 
1.550000 	 -2.322638 
1.560000 	 -1.114119 
1.570000 	 -1.345481 
1.580000 	 -2.300031 
1.590000 	 -1.743027 
1.600000 	 -1.614586 
1.610000 	 -1.122012 
1.620000 	 -2.165704 
1.630000 	 -1.815795 
1.640000 	 -2.662062 
1.650000 	 -0.797110 
1.660000 	 -1.601362 
1.670000 	 -2.330959 
1.680000 	 -1.069817 
1.690000 	 -1.957293 
1.700000 	 -1.678598 
1.710000 	 -0.722283 
1.720000 	 -0.757686 
1.730000 	 -0.467930 
1.740000 	 -1.777018 
1.750000 	 -2.622755 
1.760000 	 -0.921452 
1.770000 	 -0.285901 
1.780000 	 -1.091514 
1.790000 	 -1.724579 
1.800000 	 -0.742269 
1.810000 	 -2.003251 
1.820000 	 -2.025616 
1.830000 	 -1.932636 
1.840000 	 -0.935411 
1.850000 	 -1.761030 
1.860000 	 -1.512987 
1.870000 	 -2.319228 
1.880000 	 -0.487795 
1.890000 	 -2.235463 
1.900000 	 -0.570653 
1.910000 	 -1.830078 
1.920000 	 -2.243015 
1.930000 	 -1.900918 
1.940000 	 -1.260705 
1.950000 	 -1.926700 
1.960000 	 -0.404230 
1.970000 	 -0.944955 
1.980000 	 -2.100686 
1.990000 	 -2.967850 
2.000000 	 -1.440823 
2.010000 	 -1.191420 
2.020000 	 -2.331817 
2.030000 	 -2.534357 
2.040000 	 -2.029079 
2.050000 	 -1.173585 
2.060000 	 -2.130306 
2.070000 	 -0.433641 
2.080000 	 -2.013599 
2.090000 	 -0.853203 
2.100000 	 0.112397 
2.110000 	 -2.811889 
2.120000 	 -1.090221 
2.130000 	 -2.070776 
2.140000 	 -2.507932 
2.150000 	 -1.441811 
2.160000 	 -1.550058 
2.170000 	 -2.565456 
2.180000 	 -1.222092 
2.190000 	 -1.400411 
2.200000 	 -1.786520 
2.210000 	 -1.921921 
2.220000 	 -2.933533 
2.230000 	 -1.903288 
2.240000 	 -2.058745 
2.250000 	 -2.579890 
2.260000 	 -2.234112 
2.270000 	 -2.701849 
2.280000 	 -3.081801 
2.290000 	 -0.394087 
2.300000 	 -1.124661 
2.310000 	 -1.685659 
2.320000 	 -2.668409 
2.330000 	 -2.068237 
2.340000 	 -3.353812 
2.350000 	 -2.393144 
2.360000 	 -1.582641 
2.370000 	 -1.559848 
2.380000 	 -1.758436 
2.390000 	 -1.403717 
2.400000 	 -1.623931 
2.410000 	 -0.732050 
2.420000 	 -1.675119 
2.430000 	 -2.320022 
2.440000 	 -1.781233 
2.450000 	 -2.626343 
2.460000 	 -3.636887 
2.470000 	 -3.009573 
2.480000 	 -3.484102 
2.490000 	 -2.519552 
2.500000 	 -3.340439 
2.510000 	 -1.396028 
2.520000 	 -4.064168 
2.530000 	 -2.907393 
2.540000 	 -1.334141 
2.550000 	 -2.976857 
2.560000 	 -2.725210 
2.570000 	 -2.902119 
2.580000 	 -1.249303 
2.590000 	 -2.496482 
2.600000 	 -1.987169 
2.610000 	 -2.005797 
2.620000 	 -2.483649 
2.630000 	 -2.711423 
2.640000 	 -3.581821 
2.650000 	 -2.568794 
2.660000 	 -2.974509 
2.670000 	 -2.770367 
2.680000 	 -3.069814 
2.690000 	 -2.926351 
2.700000 	 -4.015173 
2.710000 	 -1.374098 
2.720000 	 -3.060137 
2.730000 	 -1.621050 
2.740000 	 -1.780703 
2.750000 	 -3.214776 
2.760000 	 -2.300058 
2.770000 	 -3.825622 
2.780000 	 -2.617334 
2.790000 	 -3.355819 
2.800000 	 -3.398261 
2.810000 	 -1.085358 
2.820000 	 -1.665842 
2.830000 	 -0.803274 
2.840000 	 -2.224979 
2.850000 	 -1.982238 
2.860000 	 -3.908090 
2.870000 	 -3.997220 
2.880000 	 -2.977492 
2.890000 	 -2.951794 
2.900000 	 -2.535306 
2.910000 	 -3.901192 
2.920000 	 -2.840508 
2.930000 	 -2.488733 
2.940000 	 -3.004588 
2.950000 	 -3.084034 
2.960000 	 -3.127650 
2.970000 	 -3.481711 
2.980000 	 -4.389820 
2.990000 	 -3.058465 
3.000000 	 -2.237657 
3.010000 	 -1.639754 
3.020000 	 -2.359670 
3.030000 	 -4.153521 
3.040000 	 -3.377623 
3.050000 	 -2.491579 
3.060000 	 -2.718330 
3.070000 	 -4.464125 
3.080000 	 -2.940018 
3.090000 	 -3.180548 
3.100000 	 -3.489785 
3.110000 	 -3.811811 
3.120000 	 -2.646323 
3.130000 	 -1.362970 
3.140000 	 -3.511681 
3.150000 	 -3.263007 
3.160000 	 -3.554736 
3.170000 	 -3.941142 
3.180000 	 -4.242513 
3.190000 	 -2.810756 
3.200000 	 -3.910072 
3.210000 	 -3.470629 
3.220000 	 -3.951045 
3.230000 	 -3.062590 
3.240000 	 -3.924252 
3.250000 	 -3.116274 
3.260000 	 -2.742100 
3.270000 	 -3.487451 
3.280000 	 -2.803135 
3.290000 	 -3.523840 
3.300000 	 -3.422328 
3.310000 	 -4.901335 
3.320000 	 -3.981860 
3.330000 	 -4.028644 
3.340000 	 -3.419066 
3.350000 	 -3.553909 
3.360000 	 -4.053355 
3.370000 	 -4.265075 
3.380000 	 -2.773178 
3.390000 	 -3.459069 
3.400000 	 -2.175664 
3.410000 	 -2.482160 
3.420000 	 -4.189989 
3.430000 	 -2.778414 
3.440000 	 -3.248751 
3.450000 	 -3.587183 
3.460000 	 -2.694602 
3.470000 	 -4.185875 
3.480000 	 -3.474024 
3.490000 	 -2.618848 
3.500000 	 -2.862924 
3.510000 	 -2.522658 
3.520000 	 -5.234138 
3.530000 	 -3.456823 
3.540000 	 -1.773918 
3.550000 	 -3.506558 
3.560000 	 -2.917033 
3.570000 	 -3.530804 
3.580000 	 -4.885211 
3.590000 	 -3.679056 
3.600000 	 -3.691488 
3.610000 	 -5.060053 
3.620000 	 -4.488743 
3.630000 	 -3.662250 
3.640000 	 -2.773283 
3.650000 	 -3.097345 
3.660000 	 -4.332087 
3.670000 	 -3.352889 
3.680000 	 -3.597206 
3.690000 	 -4.103980 
3.700000 	 -4.021423 
3.710000 	 -3.479652 
3.720000 	 -4.671868 
3.730000 	 -3.046349 
3.740000 	 -4.169226 
3.750000 	 -4.562169 
3.760000 	 -2.683734 
3.770000 	 -2.694492 
3.780000 	 -5.037254 
3.790000 	 -3.617584 
3.800000 	 -4.580283 
3.810000 	 -4.864333 
3.820000 	 -4.653004 
3.830000 	 -4.819811 
3.840000 	 -4.731453 
3.850000 	 -4.452873 
3.860000 	 -3.780356 
3.870000 	 -2.974218 
3.880000 	 -4.163971 
3.890000 	 -5.274606 
3.900000 	 -4.512880 
3.910000 	 -4.147833 
3.920000 	 -3.026948 
3.930000 	 -4.135816 
3.940000 	 -3.949252 
3.950000 	 -4.215561 
3.960000 	 -4.672299 
3.970000 	 -4.807842 
3.980000 	 -4.151849 
3.990000 	 -5.002006 
4.000000 	 -4.317843 
4.010000 	 -4.218085 
4.020000 	 -4.976903 
4.030000 	 -5.197317 
4.040000 	 -5.457213 
4.050000 	 -5.523354 
4.060000 	 -4.431379 
4.070000 	 -4.677912 
4.080000 	 -4.057779 
4.090000 	 -4.762199 
4.100000 	 -4.260964 
4.110000 	 -4.259455 
4.120000 	 -5.223937 
4.130000 	 -4.554693 
4.140000 	 -3.954083 
4.150000 	 -5.357527 
4.160000 	 -3.781110 
4.170000 	 -5.529888 
4.180000 	 -4.854230 
4.190000 	 -3.673762 
4.200000 	 -4.328618 
4.210000 	 -5.688496 
4.220000 	 -4.714108 
4.230000 	 -2.831807 
4.240000 	 -6.028701 
4.250000 	 -3.765961 
4.260000 	 -5.040614 
4.270000 	 -4.230671 
4.280000 	 -4.493910 
4.290000 	 -4.375820 
4.300000 	 -5.851130 
4.310000 	 -3.696602 
4.320000 	 -4.745733 
4.330000 	 -5.256379 
4.340000 	 -2.172296 
4.350000 	 -4.110426 
4.360000 	 -5.518241 
4.370000 	 -5.248953 
4.380000 	 -3.722109 
4.390000 	 -4.850782 
4.400000 	 -4.469140 
4.410000 	 -4.625888 
4.420000 	 -4.667305 
4.430000 	 -4.018474 
4.440000 	 -4.828746 
4.450000 	 -7.194381 
4.460000 	 -5.572964 
4.470000 	 -4.925286 
4.480000 	 -5.847216 
4.490000 	 -5.068739 
4.500000 	 -4.728778 
4.510000 	 -3.292127 
4.520000 	 -5.422493 
4.530000 	 -5.608321 
4.540000 	 -6.881440 
4.550000 	 -4.867833 
4.560000 	 -5.403202 
4.570000 	 -6.644636 
4.580000 	 -3.768793 
4.590000 	 -3.813135 
4.600000 	 -4.432046 
4.610000 	 -3.973692 
4.620000 	 -4.473077 
4.630000 	 -5.879202 
4.640000 	 -4.329606 
4.650000 	 -5.366052 
4.660000 	 -5.417644 
4.670000 	 -3.919179 
4.680000 	 -4.186157 
4.690000 	 -4.850411 
4.700000 	 -6.474603 
4.710000 	 -4.609864 
4.720000 	 -5.579882 
4.730000 	 -5.443095 
4.740000 	 -5.245782 
4.750000 	 -5.106494 
4.760000 	 -5.849945 
4.770000 	 -5.486421 
4.780000 	 -4.306528 
4.790000 	 -6.428885 
4.800000 	 -4.660241 
4.810000 	 -6.427413 
4.820000 	 -4.518410 
4.830000 	 -4.595216 
4.840000 	 -5.436601 
4.850000 	 -6.540070 
4.860000 	 -3.756143 
4.870000 	 -5.507444 
4.880000 	 -5.240145 
4.890000 	 -5.311547 
4.900000 	 -4.560879 
4.910000 	 -4.961812 
4.920000 	 -4.690845 
4.930000 	 -5.245670 
4.940000 	 -5.755643 
4.950000 	 -4.920350 
4.960000 	 -6.387700 
4.970000 	 -4.137699 
4.980000 	 -3.580364 
4.990000 	 -6.097469 
5.000000 	 -6.626261 
