0.000000 	 -1.078047 
0.010000 	 1.198204 
0.020000 	 0.340934 
0.030000 	 1.591478 
0.040000 	 0.508781 
0.050000 	 0.065096 
0.060000 	 0.756931 
0.070000 	 0.533415 
0.080000 	 2.154858 
0.090000 	 1.840426 
0.100000 	 0.741930 
0.110000 	 0.246140 
0.120000 	 0.141030 
0.130000 	 0.074058 
0.140000 	 1.252864 
0.150000 	 1.337660 
0.160000 	 -0.001627 
0.170000 	 1.304467 
0.180000 	 -0.141180 
0.190000 	 -0.604512 
0.200000 	 1.736193 
0.210000 	 0.713713 
0.220000 	 0.230395 
0.230000 	 1.401701 
0.240000 	 -0.171796 
0.250000 	 -0.189863 
0.260000 	 0.339374 
0.270000 	 1.610763 
0.280000 	 -0.229765 
0.290000 	 0.967463 
0.300000 	 0.658241 
0.310000 	 -0.055902 
0.320000 	 1.149541 
0.330000 	 0.151428 
0.340000 	 -0.185522 
0.350000 	 0.021685 
0.360000 	 1.259461 
0.370000 	 -0.535580 
0.380000 	 0.897085 
0.390000 	 0.376758 
0.400000 	 0.015175 
0.410000 	 0.905129 
0.420000 	 -0.302996 
0.430000 	 0.200784 
0.440000 	 -0.545166 
0.450000 	 -0.675515 
0.460000 	 0.722161 
0.470000 	 0.145562 
0.480000 	 0.614883 
0.490000 	 -0.789941 
0.500000 	 -0.094549 
0.510000 	 1.044209 
0.520000 	 0.576063 
0.530000 	 -1.033842 
0.540000 	 0.701311 
0.550000 	 0.716677 
0.560000 	 -1.932925 
0.570000 	 -0.798607 
0.580000 	 0.689633 
0.590000 	 0.854027 
0.600000 	 0.557376 
0.610000 	 -0.472932 
0.620000 	 0.551648 
0.630000 	 -0.070332 
0.640000 	 0.722313 
0.650000 	 -0.302038 
0.660000 	 -0.278533 
0.670000 	 0.654162 
0.680000 	 -1.217339 
0.690000 	 -1.001181 
0.700000 	 -0.733926 
0.710000 	 -0.005304 
0.720000 	 0.603626 
0.730000 	 0.990204 
0.740000 	 -1.909770 
0.750000 	 0.675533 
0.760000 	 0.733882 
0.770000 	 -0.315183 
0.780000 	 -0.050030 
0.790000 	 -0.605696 
0.800000 	 0.261583 
0.810000 	 0.666768 
0.820000 	 -0.060576 
0.830000 	 -1.387123 
0.840000 	 -0.939119 
0.850000 	 -0.435493 
0.860000 	 -1.395056 
0.870000 	 0.806960 
0.880000 	 0.326476 
0.890000 	 -0.873867 
0.900000 	 1.000074 
0.910000 	 -0.648824 
0.920000 	 -0.707862 
0.930000 	 -0.804303 
0.940000 	 0.006009 
0.950000 	 0.671580 
0.960000 	 0.494192 
0.970000 	 -0.693097 
0.980000 	 -1.196462 
0.990000 	 0.057664 
1.000000 	 -1.883453 
1.010000 	 0.618328 
1.020000 	 -0.932515 
1.030000 	 0.681117 
1.040000 	 -0.231462 
1.050000 	 -0.006667 
1.060000 	 -0.607890 
1.070000 	 -0.225009 
1.080000 	 -0.638961 
1.090000 	 -0.735286 
1.100000 	 -0.176213 
1.110000 	 -0.927742 
1.120000 	 0.180615 
1.130000 	 -1.304305 
1.140000 	 -1.792006 
1.150000 	 -2.282644 
1.160000 	 -0.326560 
1.170000 	 0.741991 
1.180000 	 -0.710217 
1.190000 	 -0.362235 
1.200000 	 -0.333441 
1.210000 	 -1.249275 
1.220000 	 -0.117435 
1.230000 	 -1.328750 
1.240000 	 -0.052330 
1.250000 	 -0.403828 
1.260000 	 -2.036565 
1.270000 	 -1.502633 
1.280000 	 -1.101044 
1.290000 	 -1.357154 
1.300000 	 -1.075928 
1.310000 	 -0.187792 
1.320000 	 -1.208324 
1.330000 	 -0.575565 
1.340000 	 0.110019 
1.350000 	 -0.790634 
1.360000 	 -0.155293 
1.370000 	 -0.568372 
1.380000 	 -1.376744 
1.390000 	 -2.609360 
1.400000 	 -0.717103 
1.410000 	 -0.538133 
1.420000 	 -0.754703 
1.430000 	 -1.929729 
1.440000 	 -0.464271 
1.450000 	 -0.382755 
1.460000 	 -1.754267 
1.470000 	 -2.055528 
1.480000 	 -1.311397 
1.490000 	 -1.094524 
1.500000 	 -1.330853 
1.510000 	 -1.336873 
1.520000 	 -2.092639 
1.530000 	 -0.124000 
1.540000 	 0.144447 
1.550000 	 -2.267048 
1.560000 	 -1.036186 
1.570000 	 -0.817965 
1.580000 	 -1.095301 
1.590000 	 -0.133234 
1.600000 	 -1.470689 
1.610000 	 -0.342767 
1.620000 	 -0.527381 
1.630000 	 -1.507977 
1.640000 	 -1.560049 
1.650000 	 0.053368 
1.660000 	 -1.216350 
1.670000 	 -2.830878 
1.680000 	 -1.497607 
1.690000 	 -1.939074 
1.700000 	 -1.395549 
1.710000 	 -0.322623 
1.720000 	 -2.845019 
1.730000 	 -1.427127 
1.740000 	 -0.457907 
1.750000 	 -3.219008 
1.760000 	 -2.200029 
1.770000 	 -2.250725 
1.780000 	 -1.384314 
1.790000 	 -0.970363 
1.800000 	 -1.583106 
1.810000 	 -1.623620 
1.820000 	 -2.684358 
1.830000 	 -1.559656 
1.840000 	 -1.466871 
1.850000 	 -2.962617 
1.860000 	 -1.726711 
1.870000 	 -2.113319 
1.880000 	 -1.709210 
1.890000 	 -1.917370 
1.900000 	 -2.497127 
1.910000 	 -0.797476 
1.920000 	 -2.649325 
1.930000 	 -1.423003 
1.940000 	 -2.085902 
1.950000 	 -1.468089 
1.960000 	 -2.694307 
1.970000 	 -1.120298 
1.980000 	 -0.716007 
1.990000 	 -2.574328 
2.000000 	 -2.115733 
2.010000 	 -2.233152 
2.020000 	 -1.948440 
2.030000 	 -0.683897 
2.040000 	 -2.507561 
2.050000 	 -1.820867 
2.060000 	 -2.194278 
2.070000 	 -2.607544 
2.080000 	 -2.912933 
2.090000 	 -1.866753 
2.100000 	 -1.552746 
2.110000 	 -2.265747 
2.120000 	 -2.955082 
2.130000 	 -2.708983 
2.140000 	 -2.551330 
2.150000 	 -1.689482 
2.160000 	 -2.919193 
2.170000 	 -1.198668 
2.180000 	 -2.330175 
2.190000 	 -1.188120 
2.200000 	 -0.249059 
2.210000 	 -2.350074 
2.220000 	 -2.510990 
2.230000 	 -2.752767 
2.240000 	 -0.863812 
2.250000 	 -2.215450 
2.260000 	 -3.105405 
2.270000 	 -2.022142 
2.280000 	 -2.488974 
2.290000 	 -1.634386 
2.300000 	 -1.657686 
2.310000 	 -2.212215 
2.320000 	 -1.958381 
2.330000 	 -0.835266 
2.340000 	 -2.039774 
2.350000 	 -2.806724 
2.360000 	 -1.459089 
2.370000 	 -3.419598 
2.380000 	 -2.185658 
2.390000 	 -2.299779 
2.400000 	 -2.309028 
2.410000 	 -2.221429 
2.420000 	 -1.217955 
2.430000 	 -3.678615 
2.440000 	 -4.406624 
2.450000 	 -1.730712 
2.460000 	 -2.739296 
2.470000 	 -2.667084 
2.480000 	 -2.904417 
2.490000 	 -2.419050 
2.500000 	 -2.990903 
2.510000 	 -2.362830 
2.520000 	 -1.700150 
2.530000 	 -2.728755 
2.540000 	 -1.994454 
2.550000 	 -3.170669 
2.560000 	 -1.433241 
2.570000 	 -2.996248 
2.580000 	 -3.248757 
2.590000 	 -2.479879 
2.600000 	 -3.362053 
2.610000 	 -2.304085 
2.620000 	 -2.796703 
2.630000 	 -1.624858 
2.640000 	 -1.937294 
2.650000 	 -4.200857 
2.660000 	 -1.911838 
2.670000 	 -3.008615 
2.680000 	 -2.422452 
2.690000 	 -2.670869 
2.700000 	 -3.355973 
2.710000 	 -2.019749 
2.720000 	 -3.518633 
2.730000 	 -2.554324 
2.740000 	 -2.753676 
2.750000 	 -2.558478 
2.760000 	 -3.233231 
2.770000 	 -3.391239 
2.780000 	 -2.769073 
2.790000 	 -3.074824 
2.800000 	 -2.867306 
2.810000 	 -3.362347 
2.820000 	 -3.231631 
2.830000 	 -2.231080 
2.840000 	 -3.512990 
2.850000 	 -1.387293 
2.860000 	 -2.978520 
2.870000 	 -2.836359 
2.880000 	 -1.332368 
2.890000 	 -3.217244 
2.900000 	 -2.969525 
2.910000 	 -3.638808 
2.920000 	 -3.238599 
2.930000 	 -3.418636 
2.940000 	 -3.378870 
2.950000 	 -1.322764 
2.960000 	 -3.629446 
2.970000 	 -4.238109 
2.980000 	 -2.992669 
2.990000 	 -1.751044 
3.000000 	 -1.910705 
3.010000 	 -1.258603 
3.020000 	 -2.817878 
3.030000 	 -3.436783 
3.040000 	 -3.983520 
3.050000 	 -3.989241 
3.060000 	 -2.771296 
3.070000 	 -2.803966 
3.080000 	 -4.770423 
3.090000 	 -3.748166 
3.100000 	 -4.143941 
3.110000 	 -2.830669 
3.120000 	 -3.810562 
3.130000 	 -2.981374 
3.140000 	 -2.262877 
3.150000 	 -2.643673 
3.160000 	 -3.333643 
3.170000 	 -2.536050 
3.180000 	 -3.282575 
3.190000 	 -2.607642 
3.200000 	 -3.457705 
3.210000 	 -3.256698 
3.220000 	 -3.653663 
3.230000 	 -3.255915 
3.240000 	 -3.919443 
3.250000 	 -2.026153 
3.260000 	 -2.771292 
3.270000 	 -4.548738 
3.280000 	 -3.833913 
3.290000 	 -2.172036 
3.300000 	 -3.185357 
3.310000 	 -2.901582 
3.320000 	 -3.417760 
3.330000 	 -3.830502 
3.340000 	 -2.302748 
3.350000 	 -4.108814 
3.360000 	 -3.530954 
3.370000 	 -4.836558 
3.380000 	 -3.682195 
3.390000 	 -1.369902 
3.400000 	 -5.327544 
3.410000 	 -2.600036 
3.420000 	 -3.795610 
3.430000 	 -3.273720 
3.440000 	 -3.939291 
3.450000 	 -2.271621 
3.460000 	 -3.680485 
3.470000 	 -3.597349 
3.480000 	 -3.284138 
3.490000 	 -4.630312 
3.500000 	 -5.127927 
3.510000 	 -2.776376 
3.520000 	 -2.915974 
3.530000 	 -3.234702 
3.540000 	 -3.129270 
3.550000 	 -5.442346 
3.560000 	 -3.509087 
3.570000 	 -3.330424 
3.580000 	 -3.425909 
3.590000 	 -4.684813 
3.600000 	 -3.663571 
3.610000 	 -4.455314 
3.620000 	 -3.460206 
3.630000 	 -3.070054 
3.640000 	 -3.211628 
3.650000 	 -4.332785 
3.660000 	 -4.002357 
3.670000 	 -2.562957 
3.680000 	 -3.241114 
3.690000 	 -4.034719 
3.700000 	 -4.157508 
3.710000 	 -3.768452 
3.720000 	 -3.765782 
3.730000 	 -3.689073 
3.740000 	 -2.579394 
3.750000 	 -3.933238 
3.760000 	 -4.460835 
3.770000 	 -4.535580 
3.780000 	 -2.889815 
3.790000 	 -3.492499 
3.800000 	 -5.710693 
3.810000 	 -2.784929 
3.820000 	 -4.114868 
3.830000 	 -4.927249 
3.840000 	 -4.909320 
3.850000 	 -5.497146 
3.860000 	 -4.704552 
3.870000 	 -2.740282 
3.880000 	 -3.325702 
3.890000 	 -4.901245 
3.900000 	 -3.466734 
3.910000 	 -4.202388 
3.920000 	 -5.079165 
3.930000 	 -5.521284 
3.940000 	 -5.377847 
3.950000 	 -2.961867 
3.960000 	 -4.010500 
3.970000 	 -3.897362 
3.980000 	 -3.633657 
3.990000 	 -3.916724 
4.000000 	 -3.361194 
4.010000 	 -3.951207 
4.020000 	 -6.006438 
4.030000 	 -3.950920 
4.040000 	 -3.251423 
4.050000 	 -4.381857 
4.060000 	 -3.756952 
4.070000 	 -3.991429 
4.080000 	 -4.890371 
4.090000 	 -4.146353 
4.100000 	 -5.530112 
4.110000 	 -3.978627 
4.120000 	 -3.619748 
4.130000 	 -4.136122 
4.140000 	 -5.334761 
4.150000 	 -4.914223 
4.160000 	 -4.136493 
4.170000 	 -4.224300 
4.180000 	 -4.537768 
4.190000 	 -3.560161 
4.200000 	 -4.172055 
4.210000 	 -5.155846 
4.220000 	 -3.714264 
4.230000 	 -5.257127 
4.240000 	 -4.125821 
4.250000 	 -3.537323 
4.260000 	 -5.436009 
4.270000 	 -4.447788 
4.280000 	 -4.867111 
4.290000 	 -5.185641 
4.300000 	 -6.041259 
4.310000 	 -4.573046 
4.320000 	 -5.060745 
4.330000 	 -4.522556 
4.340000 	 -3.885546 
4.350000 	 -4.644580 
4.360000 	 -4.649553 
4.370000 	 -3.947504 
4.380000 	 -5.247603 
4.390000 	 -4.123806 
4.400000 	 -5.672474 
4.410000 	 -4.176328 
4.420000 	 -4.161769 
4.430000 	 -4.201918 
4.440000 	 -5.337125 
4.450000 	 -3.413563 
4.460000 	 -5.457454 
4.470000 	 -5.277203 
4.480000 	 -4.874142 
4.490000 	 -4.576010 
4.500000 	 -4.870452 
4.510000 	 -4.740346 
4.520000 	 -5.594862 
4.530000 	 -4.384844 
4.540000 	 -4.715884 
4.550000 	 -4.789786 
4.560000 	 -5.011365 
4.570000 	 -5.082370 
4.580000 	 -4.875347 
4.590000 	 -4.196728 
4.600000 	 -3.291666 
4.610000 	 -5.467533 
4.620000 	 -3.991310 
4.630000 	 -5.994204 
4.640000 	 -4.750383 
4.650000 	 -6.722290 
4.660000 	 -4.222758 
4.670000 	 -5.979086 
4.680000 	 -5.735117 
4.690000 	 -5.298334 
4.700000 	 -6.134328 
4.710000 	 -4.048042 
4.720000 	 -5.837272 
4.730000 	 -4.793060 
4.740000 	 -5.209297 
4.750000 	 -4.713523 
4.760000 	 -4.632448 
4.770000 	 -7.829789 
4.780000 	 -4.473465 
4.790000 	 -4.950569 
4.800000 	 -5.236436 
4.810000 	 -5.497248 
4.820000 	 -4.993125 
4.830000 	 -5.519067 
4.840000 	 -4.128525 
4.850000 	 -5.763958 
4.860000 	 -5.276577 
4.870000 	 -5.692479 
4.880000 	 -5.869882 
4.890000 	 -4.842365 
4.900000 	 -4.222604 
4.910000 	 -5.213876 
4.920000 	 -5.888656 
4.930000 	 -5.751278 
4.940000 	 -5.070914 
4.950000 	 -4.566778 
4.960000 	 -5.512273 
4.970000 	 -5.798103 
4.980000 	 -5.531772 
4.990000 	 -5.639155 
5.000000 	 -4.476600 
