0.000000 	 0.718584 
0.010000 	 0.711368 
0.020000 	 1.522385 
0.030000 	 0.996262 
0.040000 	 1.576179 
0.050000 	 2.017836 
0.060000 	 0.920080 
0.070000 	 -0.892102 
0.080000 	 0.119080 
0.090000 	 0.929796 
0.100000 	 2.432757 
0.110000 	 1.902418 
0.120000 	 1.262525 
0.130000 	 0.132251 
0.140000 	 0.839327 
0.150000 	 0.013983 
0.160000 	 -0.482152 
0.170000 	 1.422821 
0.180000 	 1.137127 
0.190000 	 0.987823 
0.200000 	 1.231210 
0.210000 	 0.677310 
0.220000 	 0.957420 
0.230000 	 0.765508 
0.240000 	 -1.022440 
0.250000 	 -0.314069 
0.260000 	 2.639739 
0.270000 	 0.601446 
0.280000 	 1.725506 
0.290000 	 -0.981546 
0.300000 	 -0.216587 
0.310000 	 -2.155450 
0.320000 	 -1.087854 
0.330000 	 0.881557 
0.340000 	 2.508835 
0.350000 	 -1.605462 
0.360000 	 0.783037 
0.370000 	 0.049230 
0.380000 	 1.274141 
0.390000 	 -0.072631 
0.400000 	 0.465865 
0.410000 	 -0.391540 
0.420000 	 1.317052 
0.430000 	 0.748826 
0.440000 	 -0.954127 
0.450000 	 0.777304 
0.460000 	 -1.024282 
0.470000 	 1.052856 
0.480000 	 0.669422 
0.490000 	 0.285696 
0.500000 	 0.386619 
0.510000 	 0.274938 
0.520000 	 -0.187544 
0.530000 	 -0.637024 
0.540000 	 0.131281 
0.550000 	 -0.486902 
0.560000 	 0.556157 
0.570000 	 -1.276697 
0.580000 	 -0.459437 
0.590000 	 -0.123609 
0.600000 	 -0.193154 
0.610000 	 -0.295061 
0.620000 	 -0.807039 
0.630000 	 0.418473 
0.640000 	 0.531888 
0.650000 	 0.125721 
0.660000 	 0.625510 
0.670000 	 -0.634526 
0.680000 	 -1.198264 
0.690000 	 1.052853 
0.700000 	 -0.773411 
0.710000 	 -0.584566 
0.720000 	 2.038103 
0.730000 	 0.179876 
0.740000 	 0.136899 
0.750000 	 0.576700 
0.760000 	 -0.907593 
0.770000 	 -0.190301 
0.780000 	 -0.072971 
0.790000 	 0.282363 
0.800000 	 0.090471 
0.810000 	 -0.889083 
0.820000 	 -0.636340 
0.830000 	 -1.551349 
0.840000 	 -1.263427 
0.850000 	 -0.777483 
0.860000 	 -0.483169 
0.870000 	 -1.397773 
0.880000 	 -1.311129 
0.890000 	 -1.773436 
0.900000 	 -0.998970 
0.910000 	 0.963449 
0.920000 	 -1.385971 
0.930000 	 0.793195 
0.940000 	 -0.600182 
0.950000 	 -0.446806 
0.960000 	 1.015197 
0.970000 	 -0.589576 
0.980000 	 -1.433546 
0.990000 	 0.748340 
1.000000 	 0.108095 
1.010000 	 1.058780 
1.020000 	 -0.394738 
1.030000 	 -0.652406 
1.040000 	 0.629323 
1.050000 	 -0.641010 
1.060000 	 -0.373881 
1.070000 	 -0.726679 
1.080000 	 0.322852 
1.090000 	 -1.020257 
1.100000 	 0.164974 
1.110000 	 -0.274075 
1.120000 	 -0.361143 
1.130000 	 -2.019320 
1.140000 	 -0.898278 
1.150000 	 -1.580759 
1.160000 	 -0.189714 
1.170000 	 -0.260585 
1.180000 	 -0.136589 
1.190000 	 -0.933618 
1.200000 	 0.305640 
1.210000 	 -0.889726 
1.220000 	 -0.199853 
1.230000 	 -1.820755 
1.240000 	 0.412687 
1.250000 	 -1.550553 
1.260000 	 -0.385352 
1.270000 	 -0.129014 
1.280000 	 -1.103294 
1.290000 	 -1.149638 
1.300000 	 -0.417210 
1.310000 	 -0.201021 
1.320000 	 -2.331165 
1.330000 	 -1.123447 
1.340000 	 0.479495 
1.350000 	 -1.419450 
1.360000 	 -0.696399 
1.370000 	 -1.669922 
1.380000 	 0.399327 
1.390000 	 -1.475079 
1.400000 	 -0.808101 
1.410000 	 -2.056267 
1.420000 	 -0.868979 
1.430000 	 -1.181815 
1.440000 	 -2.012054 
1.450000 	 -1.802073 
1.460000 	 -0.220104 
1.470000 	 -1.109861 
1.480000 	 -2.648137 
1.490000 	 -1.919834 
1.500000 	 -1.183028 
1.510000 	 -0.852298 
1.520000 	 -1.496313 
1.530000 	 -1.273624 
1.540000 	 -1.415919 
1.550000 	 -0.972966 
1.560000 	 -0.787459 
1.570000 	 -1.013921 
1.580000 	 -1.266438 
1.590000 	 -0.809865 
1.600000 	 -0.956851 
1.610000 	 -1.252991 
1.620000 	 -1.645670 
1.630000 	 -2.901352 
1.640000 	 -1.882269 
1.650000 	 -1.267447 
1.660000 	 -1.978088 
1.670000 	 -1.890547 
1.680000 	 -2.296695 
1.690000 	 -1.988097 
1.700000 	 -1.677563 
1.710000 	 -0.803162 
1.720000 	 -1.832936 
1.730000 	 -2.504880 
1.740000 	 -0.421768 
1.750000 	 0.153963 
1.760000 	 -1.831544 
1.770000 	 -1.480146 
1.780000 	 -1.467812 
1.790000 	 -0.032841 
1.800000 	 -3.134551 
1.810000 	 -1.945007 
1.820000 	 -2.587453 
1.830000 	 -1.053792 
1.840000 	 -1.355764 
1.850000 	 -2.450446 
1.860000 	 -1.554018 
1.870000 	 -1.965849 
1.880000 	 -1.556917 
1.890000 	 -1.534895 
1.900000 	 -1.826618 
1.910000 	 -2.292473 
1.920000 	 -1.577196 
1.930000 	 -1.593787 
1.940000 	 -2.617127 
1.950000 	 -1.386925 
1.960000 	 -1.637520 
1.970000 	 -1.677385 
1.980000 	 -1.457393 
1.990000 	 -2.978605 
2.000000 	 -2.537633 
2.010000 	 -2.102403 
2.020000 	 -2.005170 
2.030000 	 -1.521187 
2.040000 	 -1.160341 
2.050000 	 -2.281726 
2.060000 	 -0.683186 
2.070000 	 -1.696661 
2.080000 	 -2.299501 
2.090000 	 -1.425191 
2.100000 	 -1.676930 
2.110000 	 -2.826552 
2.120000 	 -1.760565 
2.130000 	 -0.979272 
2.140000 	 -3.021589 
2.150000 	 -2.889433 
2.160000 	 -2.015026 
2.170000 	 -3.241998 
2.180000 	 -3.351838 
2.190000 	 -2.900713 
2.200000 	 -2.382273 
2.210000 	 -2.996681 
2.220000 	 -2.058676 
2.230000 	 -2.643662 
2.240000 	 -1.009639 
2.250000 	 -1.746162 
2.260000 	 -1.578030 
2.270000 	 -2.645606 
2.280000 	 -2.752893 
2.290000 	 -2.564418 
2.300000 	 -1.184598 
2.310000 	 -1.900395 
2.320000 	 -2.524545 
2.330000 	 -2.246584 
2.340000 	 -1.667510 
2.350000 	 -1.125169 
2.360000 	 -1.805783 
2.370000 	 -1.140345 
2.380000 	 -1.851994 
2.390000 	 -2.374328 
2.400000 	 -1.627188 
2.410000 	 -1.942921 
2.420000 	 -2.877955 
2.430000 	 -2.822259 
2.440000 	 -2.560736 
2.450000 	 -2.225670 
2.460000 	 -1.798276 
2.470000 	 -1.130009 
2.480000 	 -3.051461 
2.490000 	 -2.801472 
2.500000 	 -2.845902 
2.510000 	 -3.325330 
2.520000 	 -3.553827 
2.530000 	 -2.853356 
2.540000 	 -2.121872 
2.550000 	 -3.344327 
2.560000 	 -2.947803 
2.570000 	 -2.888199 
2.580000 	 -2.303128 
2.590000 	 -1.851088 
2.600000 	 -2.497326 
2.610000 	 -3.354561 
2.620000 	 -2.816884 
2.630000 	 -2.407639 
2.640000 	 -1.985533 
2.650000 	 -1.245335 
2.660000 	 -2.755492 
2.670000 	 -2.298846 
2.680000 	 -2.098969 
2.690000 	 -2.873771 
2.700000 	 -2.560440 
2.710000 	 -3.825233 
2.720000 	 -2.485088 
2.730000 	 -1.887291 
2.740000 	 -3.706995 
2.750000 	 -2.792882 
2.760000 	 -3.123951 
2.770000 	 -1.801513 
2.780000 	 -2.790303 
2.790000 	 -2.544794 
2.800000 	 -3.712531 
2.810000 	 -2.386952 
2.820000 	 -2.888016 
2.830000 	 -3.146625 
2.840000 	 -2.286318 
2.850000 	 -2.971546 
2.860000 	 -3.784834 
2.870000 	 -3.288442 
2.880000 	 -2.870115 
2.890000 	 -2.488612 
2.900000 	 -3.219996 
2.910000 	 -3.364018 
2.920000 	 -3.337193 
2.930000 	 -1.866738 
2.940000 	 -2.862886 
2.950000 	 -2.866613 
2.960000 	 -1.989552 
2.970000 	 -3.156062 
2.980000 	 -2.909409 
2.990000 	 -2.711824 
3.000000 	 -2.084368 
3.010000 	 -2.787835 
3.020000 	 -3.327242 
3.030000 	 -2.283575 
3.040000 	 -3.463341 
3.050000 	 -1.871144 
3.060000 	 -4.370169 
3.070000 	 -3.155166 
3.080000 	 -2.633017 
3.090000 	 -3.118393 
3.100000 	 -3.403280 
3.110000 	 -2.276907 
3.120000 	 -3.344160 
3.130000 	 -3.264882 
3.140000 	 -2.145353 
3.150000 	 -2.371754 
3.160000 	 -2.912194 
3.170000 	 -5.009600 
3.180000 	 -1.887703 
3.190000 	 -3.226872 
3.200000 	 -3.914062 
3.210000 	 -3.918441 
3.220000 	 -2.918325 
3.230000 	 -2.889761 
3.240000 	 -3.051781 
3.250000 	 -4.849864 
3.260000 	 -2.269086 
3.270000 	 -3.560419 
3.280000 	 -3.527810 
3.290000 	 -3.003303 
3.300000 	 -3.511086 
3.310000 	 -1.986907 
3.320000 	 -4.167371 
3.330000 	 -2.528829 
3.340000 	 -3.423495 
3.350000 	 -2.662215 
3.360000 	 -3.815050 
3.370000 	 -2.745591 
3.380000 	 -4.769017 
3.390000 	 -2.370327 
3.400000 	 -3.440801 
3.410000 	 -4.375406 
3.420000 	 -3.676009 
3.430000 	 -3.811411 
3.440000 	 -3.311103 
3.450000 	 -3.622365 
3.460000 	 -3.170135 
3.470000 	 -4.161601 
3.480000 	 -3.324547 
3.490000 	 -2.572420 
3.500000 	 -3.405825 
3.510000 	 -3.148204 
3.520000 	 -4.365050 
3.530000 	 -3.277686 
3.540000 	 -3.693601 
3.550000 	 -2.568706 
3.560000 	 -4.458790 
3.570000 	 -3.233120 
3.580000 	 -4.200440 
3.590000 	 -2.716573 
3.600000 	 -4.171030 
3.610000 	 -4.431497 
3.620000 	 -4.231169 
3.630000 	 -4.248841 
3.640000 	 -3.710380 
3.650000 	 -2.545752 
3.660000 	 -3.668501 
3.670000 	 -4.137144 
3.680000 	 -3.793432 
3.690000 	 -3.854296 
3.700000 	 -3.899229 
3.710000 	 -4.048826 
3.720000 	 -2.642625 
3.730000 	 -4.061082 
3.740000 	 -4.843868 
3.750000 	 -4.377176 
3.760000 	 -2.682554 
3.770000 	 -4.191037 
3.780000 	 -4.878254 
3.790000 	 -4.752760 
3.800000 	 -4.185208 
3.810000 	 -3.959513 
3.820000 	 -4.389354 
3.830000 	 -4.352040 
3.840000 	 -4.774979 
3.850000 	 -3.793262 
3.860000 	 -4.946236 
3.870000 	 -3.326414 
3.880000 	 -5.106802 
3.890000 	 -3.643098 
3.900000 	 -4.346541 
3.910000 	 -4.888548 
3.920000 	 -4.840919 
3.930000 	 -3.857055 
3.940000 	 -4.965880 
3.950000 	 -3.407099 
3.960000 	 -3.195740 
3.970000 	 -3.594247 
3.980000 	 -4.818628 
3.990000 	 -4.354649 
4.000000 	 -7.301976 
4.010000 	 -3.712701 
4.020000 	 -5.381876 
4.030000 	 -4.648321 
4.040000 	 -5.117698 
4.050000 	 -3.626617 
4.060000 	 -3.444260 
4.070000 	 -4.707985 
4.080000 	 -4.133537 
4.090000 	 -4.120373 
4.100000 	 -4.699319 
4.110000 	 -4.600230 
4.120000 	 -4.097800 
4.130000 	 -5.739957 
4.140000 	 -3.095889 
4.150000 	 -4.848204 
4.160000 	 -3.756751 
4.170000 	 -6.392897 
4.180000 	 -3.930084 
4.190000 	 -4.534235 
4.200000 	 -4.449262 
4.210000 	 -4.103640 
4.220000 	 -5.020855 
4.230000 	 -3.975057 
4.240000 	 -3.836326 
4.250000 	 -4.847462 
4.260000 	 -4.027618 
4.270000 	 -3.877348 
4.280000 	 -4.312474 
4.290000 	 -4.395582 
4.300000 	 -5.741830 
4.310000 	 -4.550401 
4.320000 	 -5.248604 
4.330000 	 -5.621427 
4.340000 	 -6.309977 
4.350000 	 -4.057296 
4.360000 	 -5.742439 
4.370000 	 -4.761092 
4.380000 	 -5.034255 
4.390000 	 -3.812048 
4.400000 	 -4.331097 
4.410000 	 -4.832250 
4.420000 	 -4.066980 
4.430000 	 -4.894836 
4.440000 	 -4.008018 
4.450000 	 -5.165564 
4.460000 	 -3.930676 
4.470000 	 -4.308274 
4.480000 	 -3.538687 
4.490000 	 -5.920484 
4.500000 	 -5.025672 
4.510000 	 -4.507400 
4.520000 	 -4.540418 
4.530000 	 -6.195535 
4.540000 	 -6.088907 
4.550000 	 -4.716670 
4.560000 	 -4.956548 
4.570000 	 -5.022233 
4.580000 	 -5.028917 
4.590000 	 -4.990930 
4.600000 	 -5.240333 
4.610000 	 -4.703421 
4.620000 	 -4.474150 
4.630000 	 -6.747825 
4.640000 	 -4.476569 
4.650000 	 -4.543643 
4.660000 	 -4.810008 
4.670000 	 -4.773928 
4.680000 	 -4.912363 
4.690000 	 -5.066588 
4.700000 	 -4.295682 
4.710000 	 -3.471458 
4.720000 	 -4.845672 
4.730000 	 -4.126471 
4.740000 	 -4.551317 
4.750000 	 -4.579328 
4.760000 	 -6.550428 
4.770000 	 -3.549465 
4.780000 	 -5.693412 
4.790000 	 -4.381199 
4.800000 	 -3.898796 
4.810000 	 -4.877868 
4.820000 	 -5.323686 
4.830000 	 -5.468387 
4.840000 	 -6.726000 
4.850000 	 -5.365633 
4.860000 	 -4.750166 
4.870000 	 -6.069929 
4.880000 	 -4.945159 
4.890000 	 -5.325806 
4.900000 	 -5.130559 
4.910000 	 -5.733110 
4.920000 	 -6.489548 
4.930000 	 -5.530413 
4.940000 	 -5.413431 
4.950000 	 -5.911137 
4.960000 	 -6.306192 
4.970000 	 -6.139665 
4.980000 	 -3.704516 
4.990000 	 -5.770448 
5.000000 	 -5.250795 
