0.000000 	 1.344889 
0.010000 	 -0.608957 
0.020000 	 1.585210 
0.030000 	 -0.127594 
0.040000 	 1.576356 
0.050000 	 -0.893842 
0.060000 	 -0.199647 
0.070000 	 -0.636387 
0.080000 	 0.419208 
0.090000 	 0.146145 
0.100000 	 -0.760655 
0.110000 	 0.457510 
0.120000 	 -0.228073 
0.130000 	 0.356430 
0.140000 	 -0.156081 
0.150000 	 1.037014 
0.160000 	 0.395923 
0.170000 	 0.296950 
0.180000 	 -0.656611 
0.190000 	 -0.134570 
0.200000 	 1.817576 
0.210000 	 0.704512 
0.220000 	 0.350796 
0.230000 	 0.715560 
0.240000 	 1.095085 
0.250000 	 -1.842350 
0.260000 	 1.893436 
0.270000 	 0.866525 
0.280000 	 0.814325 
0.290000 	 0.592092 
0.300000 	 0.424409 
0.310000 	 0.989909 
0.320000 	 0.582460 
0.330000 	 0.543021 
0.340000 	 -0.376541 
0.350000 	 -0.253277 
0.360000 	 0.425811 
0.370000 	 0.503913 
0.380000 	 0.965243 
0.390000 	 0.876713 
0.400000 	 2.047251 
0.410000 	 0.161337 
0.420000 	 -0.090452 
0.430000 	 -0.787095 
0.440000 	 -1.195058 
0.450000 	 0.527139 
0.460000 	 -0.293988 
0.470000 	 -0.372234 
0.480000 	 -0.842461 
0.490000 	 -1.012858 
0.500000 	 0.772474 
0.510000 	 -0.889116 
0.520000 	 1.642793 
0.530000 	 0.529652 
0.540000 	 0.319538 
0.550000 	 0.884795 
0.560000 	 -0.210216 
0.570000 	 0.342864 
0.580000 	 0.475008 
0.590000 	 -0.348209 
0.600000 	 0.123792 
0.610000 	 -0.142579 
0.620000 	 -1.545345 
0.630000 	 -0.761197 
0.640000 	 -0.451601 
0.650000 	 -1.598474 
0.660000 	 -1.063535 
0.670000 	 0.463114 
0.680000 	 -0.032299 
0.690000 	 0.981506 
0.700000 	 -0.625199 
0.710000 	 0.869848 
0.720000 	 1.111907 
0.730000 	 -0.127794 
0.740000 	 -0.298475 
0.750000 	 -1.478301 
0.760000 	 -0.045064 
0.770000 	 -0.614371 
0.780000 	 0.214345 
0.790000 	 0.040145 
0.800000 	 -1.459938 
0.810000 	 -1.064671 
0.820000 	 -0.230101 
0.830000 	 0.697780 
0.840000 	 0.055713 
0.850000 	 -1.578094 
0.860000 	 -1.440730 
0.870000 	 -0.889905 
0.880000 	 1.368212 
0.890000 	 -1.034199 
0.900000 	 -1.023760 
0.910000 	 0.631500 
0.920000 	 -0.330539 
0.930000 	 -0.230686 
0.940000 	 0.173485 
0.950000 	 -0.690403 
0.960000 	 0.650680 
0.970000 	 0.218827 
0.980000 	 -0.138294 
0.990000 	 -0.423116 
1.000000 	 -1.123428 
1.010000 	 1.095949 
1.020000 	 -1.403769 
1.030000 	 0.630168 
1.040000 	 -0.563969 
1.050000 	 -0.758066 
1.060000 	 -0.883895 
1.070000 	 0.687921 
1.080000 	 -0.612677 
1.090000 	 -0.320076 
1.100000 	 -1.652814 
1.110000 	 0.008534 
1.120000 	 -0.243615 
1.130000 	 0.261983 
1.140000 	 0.437316 
1.150000 	 -1.887900 
1.160000 	 0.673366 
1.170000 	 -0.816600 
1.180000 	 0.336060 
1.190000 	 -1.756295 
1.200000 	 -1.818688 
1.210000 	 -1.269703 
1.220000 	 -1.475420 
1.230000 	 0.460636 
1.240000 	 0.250451 
1.250000 	 -2.377200 
1.260000 	 -1.160270 
1.270000 	 0.061964 
1.280000 	 -1.198551 
1.290000 	 -2.206786 
1.300000 	 -1.171333 
1.310000 	 -1.288841 
1.320000 	 -0.389403 
1.330000 	 -1.987598 
1.340000 	 0.399067 
1.350000 	 -1.800103 
1.360000 	 -1.003805 
1.370000 	 -0.644183 
1.380000 	 -1.295858 
1.390000 	 -0.570847 
1.400000 	 -0.811534 
1.410000 	 -1.517815 
1.420000 	 -1.455113 
1.430000 	 -0.347601 
1.440000 	 -0.146360 
1.450000 	 -1.368220 
1.460000 	 -1.869315 
1.470000 	 -2.265499 
1.480000 	 -1.025024 
1.490000 	 -1.776857 
1.500000 	 -1.389660 
1.510000 	 -3.242313 
1.520000 	 -2.391012 
1.530000 	 -1.112192 
1.540000 	 -1.716850 
1.550000 	 -0.523798 
1.560000 	 0.235592 
1.570000 	 -0.198241 
1.580000 	 -1.678596 
1.590000 	 -0.406772 
1.600000 	 -1.236664 
1.610000 	 -1.562566 
1.620000 	 -0.859804 
1.630000 	 -0.580423 
1.640000 	 -1.302215 
1.650000 	 -1.626816 
1.660000 	 -0.722474 
1.670000 	 -0.879785 
1.680000 	 -0.872525 
1.690000 	 -1.670836 
1.700000 	 -1.194352 
1.710000 	 -2.348084 
1.720000 	 -1.193160 
1.730000 	 0.118473 
1.740000 	 -1.511279 
1.750000 	 -1.218958 
1.760000 	 -1.230568 
1.770000 	 -1.625144 
1.780000 	 -2.329474 
1.790000 	 -0.759075 
1.800000 	 -1.532865 
1.810000 	 -2.682367 
1.820000 	 -1.552265 
1.830000 	 -0.455957 
1.840000 	 -0.788053 
1.850000 	 -1.042636 
1.860000 	 -0.346171 
1.870000 	 -1.925036 
1.880000 	 -2.936944 
1.890000 	 -1.889063 
1.900000 	 -1.791532 
1.910000 	 -1.866552 
1.920000 	 -1.611910 
1.930000 	 -1.722715 
1.940000 	 -2.206226 
1.950000 	 -0.996575 
1.960000 	 -2.013770 
1.970000 	 -1.512124 
1.980000 	 -0.611614 
1.990000 	 -1.721919 
2.000000 	 -1.514836 
2.010000 	 -3.145070 
2.020000 	 -0.821198 
2.030000 	 -0.832480 
2.040000 	 -2.189691 
2.050000 	 -1.170917 
2.060000 	 -2.524244 
2.070000 	 -3.008351 
2.080000 	 -0.946677 
2.090000 	 -1.784836 
2.100000 	 -2.392377 
2.110000 	 -0.778206 
2.120000 	 -2.119590 
2.130000 	 -1.872914 
2.140000 	 -2.237015 
2.150000 	 -2.337389 
2.160000 	 -0.453267 
2.170000 	 -1.270152 
2.180000 	 -2.002218 
2.190000 	 -2.197322 
2.200000 	 -2.190678 
2.210000 	 -2.296158 
2.220000 	 -2.692983 
2.230000 	 -0.944338 
2.240000 	 -2.249617 
2.250000 	 -0.243302 
2.260000 	 -1.267124 
2.270000 	 -1.770971 
2.280000 	 -2.215654 
2.290000 	 -1.818594 
2.300000 	 -2.568058 
2.310000 	 -3.153057 
2.320000 	 -1.272976 
2.330000 	 -3.450331 
2.340000 	 -2.341225 
2.350000 	 -3.028237 
2.360000 	 -1.555907 
2.370000 	 -1.452177 
2.380000 	 -0.842632 
2.390000 	 -3.398191 
2.400000 	 -1.932448 
2.410000 	 -0.998651 
2.420000 	 -2.661527 
2.430000 	 -2.501649 
2.440000 	 -2.882970 
2.450000 	 -2.666803 
2.460000 	 -0.379858 
2.470000 	 -2.398373 
2.480000 	 -1.697409 
2.490000 	 -2.169770 
2.500000 	 -2.866926 
2.510000 	 -2.187065 
2.520000 	 -2.073501 
2.530000 	 -4.678505 
2.540000 	 -2.196313 
2.550000 	 -2.188025 
2.560000 	 -3.196991 
2.570000 	 -2.586359 
2.580000 	 -1.560886 
2.590000 	 -2.923677 
2.600000 	 -2.248747 
2.610000 	 -1.347311 
2.620000 	 -4.088221 
2.630000 	 -2.795566 
2.640000 	 -2.934805 
2.650000 	 -2.724966 
2.660000 	 -3.432866 
2.670000 	 -2.855173 
2.680000 	 -2.434921 
2.690000 	 -3.789965 
2.700000 	 -3.464841 
2.710000 	 -4.481820 
2.720000 	 -2.876620 
2.730000 	 -2.281148 
2.740000 	 -3.782076 
2.750000 	 -4.174538 
2.760000 	 -3.599940 
2.770000 	 -2.890046 
2.780000 	 -2.635855 
2.790000 	 -1.454269 
2.800000 	 -2.835038 
2.810000 	 -2.365061 
2.820000 	 -3.227894 
2.830000 	 -2.947144 
2.840000 	 -2.938061 
2.850000 	 -2.781424 
2.860000 	 -3.122961 
2.870000 	 -2.600605 
2.880000 	 -2.365054 
2.890000 	 -3.098577 
2.900000 	 -2.720416 
2.910000 	 -3.457405 
2.920000 	 -3.278693 
2.930000 	 -2.957008 
2.940000 	 -3.480748 
2.950000 	 -2.815694 
2.960000 	 -2.461002 
2.970000 	 -3.596072 
2.980000 	 -3.413774 
2.990000 	 -3.543211 
3.000000 	 -3.219484 
3.010000 	 -3.572662 
3.020000 	 -3.547004 
3.030000 	 -3.867569 
3.040000 	 -4.417072 
3.050000 	 -3.338923 
3.060000 	 -2.100367 
3.070000 	 -3.962109 
3.080000 	 -3.993249 
3.090000 	 -1.807395 
3.100000 	 -3.067608 
3.110000 	 -4.071974 
3.120000 	 -2.413907 
3.130000 	 -3.564852 
3.140000 	 -3.100947 
3.150000 	 -3.850945 
3.160000 	 -3.628953 
3.170000 	 -3.002925 
3.180000 	 -3.085927 
3.190000 	 -3.067645 
3.200000 	 -2.231152 
3.210000 	 -3.468550 
3.220000 	 -3.540653 
3.230000 	 -2.704273 
3.240000 	 -3.798877 
3.250000 	 -3.446748 
3.260000 	 -3.009094 
3.270000 	 -3.638310 
3.280000 	 -2.184917 
3.290000 	 -3.073510 
3.300000 	 -3.533317 
3.310000 	 -3.677850 
3.320000 	 -2.495415 
3.330000 	 -3.295929 
3.340000 	 -1.564323 
3.350000 	 -2.573824 
3.360000 	 -3.169706 
3.370000 	 -4.279903 
3.380000 	 -4.474459 
3.390000 	 -3.693625 
3.400000 	 -2.596292 
3.410000 	 -3.518022 
3.420000 	 -3.085234 
3.430000 	 -3.422979 
3.440000 	 -1.801775 
3.450000 	 -3.486854 
3.460000 	 -4.477080 
3.470000 	 -4.201839 
3.480000 	 -4.117514 
3.490000 	 -3.760839 
3.500000 	 -3.422885 
3.510000 	 -3.088980 
3.520000 	 -3.418036 
3.530000 	 -3.536817 
3.540000 	 -2.218961 
3.550000 	 -3.360180 
3.560000 	 -3.744143 
3.570000 	 -2.348581 
3.580000 	 -3.544764 
3.590000 	 -3.168075 
3.600000 	 -3.545784 
3.610000 	 -4.561615 
3.620000 	 -4.038580 
3.630000 	 -3.230707 
3.640000 	 -4.094249 
3.650000 	 -4.391787 
3.660000 	 -5.714761 
3.670000 	 -4.383243 
3.680000 	 -4.223544 
3.690000 	 -4.064729 
3.700000 	 -4.327863 
3.710000 	 -4.008924 
3.720000 	 -4.138429 
3.730000 	 -3.500518 
3.740000 	 -3.879227 
3.750000 	 -3.451375 
3.760000 	 -4.121545 
3.770000 	 -5.151082 
3.780000 	 -3.897070 
3.790000 	 -2.814244 
3.800000 	 -4.802076 
3.810000 	 -3.387577 
3.820000 	 -4.384707 
3.830000 	 -2.718826 
3.840000 	 -4.267266 
3.850000 	 -3.536113 
3.860000 	 -4.055546 
3.870000 	 -4.372668 
3.880000 	 -3.641351 
3.890000 	 -4.941674 
3.900000 	 -4.676351 
3.910000 	 -3.236951 
3.920000 	 -3.866668 
3.930000 	 -4.173312 
3.940000 	 -3.353843 
3.950000 	 -3.239111 
3.960000 	 -3.241996 
3.970000 	 -3.829704 
3.980000 	 -5.865386 
3.990000 	 -5.144352 
4.000000 	 -4.390940 
4.010000 	 -3.131127 
4.020000 	 -3.696899 
4.030000 	 -3.956921 
4.040000 	 -3.589434 
4.050000 	 -3.366565 
4.060000 	 -5.178669 
4.070000 	 -4.258557 
4.080000 	 -4.731773 
4.090000 	 -6.330244 
4.100000 	 -4.603599 
4.110000 	 -5.962941 
4.120000 	 -3.260405 
4.130000 	 -4.474853 
4.140000 	 -4.271869 
4.150000 	 -4.925703 
4.160000 	 -3.530803 
4.170000 	 -5.103440 
4.180000 	 -5.527848 
4.190000 	 -5.118924 
4.200000 	 -4.352090 
4.210000 	 -4.751057 
4.220000 	 -4.450792 
4.230000 	 -5.044192 
4.240000 	 -5.276856 
4.250000 	 -4.793780 
4.260000 	 -5.281732 
4.270000 	 -6.711793 
4.280000 	 -3.753022 
4.290000 	 -3.694785 
4.300000 	 -3.776866 
4.310000 	 -5.007104 
4.320000 	 -5.449402 
4.330000 	 -4.350246 
4.340000 	 -5.125831 
4.350000 	 -5.154387 
4.360000 	 -4.427643 
4.370000 	 -5.379127 
4.380000 	 -3.587203 
4.390000 	 -4.194439 
4.400000 	 -5.380166 
4.410000 	 -6.200542 
4.420000 	 -5.584934 
4.430000 	 -5.524407 
4.440000 	 -3.506258 
4.450000 	 -5.246452 
4.460000 	 -4.873190 
4.470000 	 -4.939038 
4.480000 	 -6.214729 
4.490000 	 -6.957763 
4.500000 	 -4.362579 
4.510000 	 -4.379483 
4.520000 	 -5.436026 
4.530000 	 -4.860442 
4.540000 	 -4.880651 
4.550000 	 -5.291552 
4.560000 	 -4.836694 
4.570000 	 -4.420854 
4.580000 	 -3.853360 
4.590000 	 -4.492530 
4.600000 	 -5.285873 
4.610000 	 -3.514203 
4.620000 	 -4.413422 
4.630000 	 -5.441649 
4.640000 	 -5.331942 
4.650000 	 -4.432889 
4.660000 	 -5.295067 
4.670000 	 -4.458690 
4.680000 	 -4.892277 
4.690000 	 -5.871189 
4.700000 	 -5.098977 
4.710000 	 -5.539524 
4.720000 	 -5.651429 
4.730000 	 -5.345963 
4.740000 	 -5.752304 
4.750000 	 -6.021394 
4.760000 	 -4.833500 
4.770000 	 -5.261670 
4.780000 	 -4.826362 
4.790000 	 -5.725450 
4.800000 	 -5.928236 
4.810000 	 -4.889179 
4.820000 	 -5.036926 
4.830000 	 -5.450656 
4.840000 	 -6.377320 
4.850000 	 -4.845909 
4.860000 	 -5.258255 
4.870000 	 -6.640651 
4.880000 	 -4.781393 
4.890000 	 -6.222885 
4.900000 	 -7.096952 
4.910000 	 -4.507948 
4.920000 	 -5.408897 
4.930000 	 -5.571019 
4.940000 	 -6.145354 
4.950000 	 -6.606634 
4.960000 	 -4.573146 
4.970000 	 -6.285740 
4.980000 	 -5.377491 
4.990000 	 -5.029965 
5.000000 	 -4.300009 
