0.000000 	 0.504746 
0.010000 	 1.537316 
0.020000 	 -0.281674 
0.030000 	 0.296659 
0.040000 	 0.254580 
0.050000 	 -0.906433 
0.060000 	 0.735443 
0.070000 	 -0.477783 
0.080000 	 0.555539 
0.090000 	 2.068264 
0.100000 	 0.896152 
0.110000 	 1.604675 
0.120000 	 -0.166436 
0.130000 	 0.033670 
0.140000 	 0.458967 
0.150000 	 -0.051614 
0.160000 	 -0.340074 
0.170000 	 0.179749 
0.180000 	 0.067547 
0.190000 	 -0.439095 
0.200000 	 -0.027161 
0.210000 	 1.930330 
0.220000 	 1.038563 
0.230000 	 0.719228 
0.240000 	 -1.569008 
0.250000 	 -0.797866 
0.260000 	 0.238701 
0.270000 	 -0.495342 
0.280000 	 0.603995 
0.290000 	 0.750893 
0.300000 	 0.970959 
0.310000 	 1.165401 
0.320000 	 -0.948623 
0.330000 	 -0.115834 
0.340000 	 0.504937 
0.350000 	 0.502245 
0.360000 	 0.289519 
0.370000 	 0.049707 
0.380000 	 0.360168 
0.390000 	 1.205509 
0.400000 	 -0.957743 
0.410000 	 -0.620694 
0.420000 	 -0.164030 
0.430000 	 -0.017150 
0.440000 	 -0.318406 
0.450000 	 -0.424335 
0.460000 	 -0.334724 
0.470000 	 -0.282173 
0.480000 	 0.572423 
0.490000 	 -0.014994 
0.500000 	 -0.808931 
0.510000 	 0.156835 
0.520000 	 -0.742809 
0.530000 	 -1.898712 
0.540000 	 -0.959130 
0.550000 	 -0.297905 
0.560000 	 0.167114 
0.570000 	 -0.716813 
0.580000 	 -1.780853 
0.590000 	 -1.117379 
0.600000 	 0.416650 
0.610000 	 1.689962 
0.620000 	 -0.154686 
0.630000 	 -0.214049 
0.640000 	 0.822446 
0.650000 	 1.505495 
0.660000 	 -0.993125 
0.670000 	 -0.170640 
0.680000 	 -0.647447 
0.690000 	 -2.014247 
0.700000 	 0.012921 
0.710000 	 0.674847 
0.720000 	 -1.066779 
0.730000 	 -0.066506 
0.740000 	 -0.004207 
0.750000 	 -0.634367 
0.760000 	 0.249739 
0.770000 	 -0.130030 
0.780000 	 -0.542839 
0.790000 	 -1.932457 
0.800000 	 0.651976 
0.810000 	 0.722194 
0.820000 	 0.030194 
0.830000 	 -0.624393 
0.840000 	 0.444849 
0.850000 	 -0.132981 
0.860000 	 0.681690 
0.870000 	 -0.799759 
0.880000 	 -0.428788 
0.890000 	 -0.122877 
0.900000 	 -1.827183 
0.910000 	 -0.880506 
0.920000 	 -1.211243 
0.930000 	 -0.028219 
0.940000 	 -0.712297 
0.950000 	 -0.799072 
0.960000 	 -0.961383 
0.970000 	 -0.953111 
0.980000 	 -0.746824 
0.990000 	 0.420518 
1.000000 	 -2.308704 
1.010000 	 -2.036516 
1.020000 	 -1.070000 
1.030000 	 -1.107682 
1.040000 	 -0.492877 
1.050000 	 -1.387044 
1.060000 	 -0.287917 
1.070000 	 0.206024 
1.080000 	 -1.545941 
1.090000 	 -0.800310 
1.100000 	 -0.910514 
1.110000 	 -0.824550 
1.120000 	 -1.673651 
1.130000 	 -0.267311 
1.140000 	 -0.838826 
1.150000 	 -0.092595 
1.160000 	 -0.021844 
1.170000 	 -1.872151 
1.180000 	 -0.469861 
1.190000 	 -0.243026 
1.200000 	 -0.967828 
1.210000 	 -0.568732 
1.220000 	 -0.808166 
1.230000 	 -1.450625 
1.240000 	 0.256353 
1.250000 	 -0.428355 
1.260000 	 -1.063347 
1.270000 	 -1.152505 
1.280000 	 -0.697212 
1.290000 	 -0.498556 
1.300000 	 -2.902589 
1.310000 	 -0.728654 
1.320000 	 -1.156680 
1.330000 	 -0.646847 
1.340000 	 -2.277084 
1.350000 	 -0.984625 
1.360000 	 -1.413931 
1.370000 	 -1.253443 
1.380000 	 -2.171275 
1.390000 	 -2.491840 
1.400000 	 -1.648703 
1.410000 	 -1.263097 
1.420000 	 0.022622 
1.430000 	 -1.335123 
1.440000 	 -0.701636 
1.450000 	 -0.867632 
1.460000 	 -1.346244 
1.470000 	 0.060446 
1.480000 	 -1.248974 
1.490000 	 -0.770579 
1.500000 	 -1.561912 
1.510000 	 -1.574492 
1.520000 	 -2.071158 
1.530000 	 -1.522036 
1.540000 	 -0.615489 
1.550000 	 -0.294962 
1.560000 	 -0.797543 
1.570000 	 -1.196910 
1.580000 	 -0.931483 
1.590000 	 -2.658551 
1.600000 	 -1.960799 
1.610000 	 -0.899421 
1.620000 	 0.035726 
1.630000 	 -0.956576 
1.640000 	 -1.024637 
1.650000 	 -1.235477 
1.660000 	 -2.117419 
1.670000 	 -3.120681 
1.680000 	 -1.919601 
1.690000 	 -1.983954 
1.700000 	 -0.990423 
1.710000 	 -2.537958 
1.720000 	 -0.609941 
1.730000 	 -1.812713 
1.740000 	 -2.059633 
1.750000 	 -1.252261 
1.760000 	 -2.411471 
1.770000 	 -1.345945 
1.780000 	 -2.341606 
1.790000 	 -0.666555 
1.800000 	 -0.331001 
1.810000 	 -0.408097 
1.820000 	 -1.204069 
1.830000 	 -2.343235 
1.840000 	 -2.301585 
1.850000 	 -3.274904 
1.860000 	 -1.819152 
1.870000 	 -0.716180 
1.880000 	 -1.818024 
1.890000 	 -2.092507 
1.900000 	 -0.343025 
1.910000 	 -1.435568 
1.920000 	 -1.259862 
1.930000 	 -1.567985 
1.940000 	 -2.167418 
1.950000 	 -1.457433 
1.960000 	 -1.166755 
1.970000 	 -3.005533 
1.980000 	 -1.310882 
1.990000 	 -1.763164 
2.000000 	 -2.919277 
2.010000 	 -0.631438 
2.020000 	 -1.943761 
2.030000 	 -1.610449 
2.040000 	 -1.868178 
2.050000 	 -1.992855 
2.060000 	 -0.177758 
2.070000 	 -2.947414 
2.080000 	 -1.639104 
2.090000 	 -1.557643 
2.100000 	 -3.913574 
2.110000 	 -2.291992 
2.120000 	 -2.582598 
2.130000 	 -1.599971 
2.140000 	 -1.866254 
2.150000 	 -1.589357 
2.160000 	 -2.859914 
2.170000 	 -1.461514 
2.180000 	 -3.005679 
2.190000 	 -3.091920 
2.200000 	 -2.648905 
2.210000 	 -3.230130 
2.220000 	 -0.427205 
2.230000 	 -0.399427 
2.240000 	 -1.845785 
2.250000 	 -2.719229 
2.260000 	 -3.465247 
2.270000 	 -2.336984 
2.280000 	 -1.356923 
2.290000 	 -2.792979 
2.300000 	 -3.484451 
2.310000 	 -1.427119 
2.320000 	 -3.067960 
2.330000 	 -2.375142 
2.340000 	 -0.668114 
2.350000 	 -1.719262 
2.360000 	 -2.157898 
2.370000 	 -2.259897 
2.380000 	 -3.148735 
2.390000 	 -2.968610 
2.400000 	 -2.198813 
2.410000 	 -1.924677 
2.420000 	 -1.593882 
2.430000 	 -2.817594 
2.440000 	 -1.651757 
2.450000 	 -1.953618 
2.460000 	 -0.623399 
2.470000 	 -2.878297 
2.480000 	 -2.617969 
2.490000 	 -2.601367 
2.500000 	 -1.850658 
2.510000 	 -1.816837 
2.520000 	 -2.305173 
2.530000 	 -1.298326 
2.540000 	 -3.143706 
2.550000 	 -2.927050 
2.560000 	 -3.045406 
2.570000 	 -3.059212 
2.580000 	 -2.713067 
2.590000 	 -0.922572 
2.600000 	 -2.785244 
2.610000 	 -1.365338 
2.620000 	 -1.581071 
2.630000 	 -3.253379 
2.640000 	 -3.270441 
2.650000 	 -2.011425 
2.660000 	 -4.013825 
2.670000 	 -2.066876 
2.680000 	 -3.607774 
2.690000 	 -3.671133 
2.700000 	 -2.787779 
2.710000 	 -1.517436 
2.720000 	 -1.807179 
2.730000 	 -3.190346 
2.740000 	 -2.526319 
2.750000 	 -2.713787 
2.760000 	 -3.732842 
2.770000 	 -2.352571 
2.780000 	 -2.722960 
2.790000 	 -4.451910 
2.800000 	 -2.996516 
2.810000 	 -4.633851 
2.820000 	 -3.314969 
2.830000 	 -2.848630 
2.840000 	 -2.739619 
2.850000 	 -2.620453 
2.860000 	 -3.569674 
2.870000 	 -1.315098 
2.880000 	 -2.787490 
2.890000 	 -1.955859 
2.900000 	 -3.124839 
2.910000 	 -1.942532 
2.920000 	 -2.160746 
2.930000 	 -2.518110 
2.940000 	 -1.846507 
2.950000 	 -1.309678 
2.960000 	 -2.195457 
2.970000 	 -3.104913 
2.980000 	 -3.128346 
2.990000 	 -4.224976 
3.000000 	 -3.451119 
3.010000 	 -2.972470 
3.020000 	 -4.004394 
3.030000 	 -4.220796 
3.040000 	 -1.887667 
3.050000 	 -2.493580 
3.060000 	 -4.107813 
3.070000 	 -4.582999 
3.080000 	 -4.373647 
3.090000 	 -3.079350 
3.100000 	 -1.962342 
3.110000 	 -3.729056 
3.120000 	 -1.539423 
3.130000 	 -3.209175 
3.140000 	 -3.574316 
3.150000 	 -1.672623 
3.160000 	 -3.871625 
3.170000 	 -3.583837 
3.180000 	 -4.259074 
3.190000 	 -2.254015 
3.200000 	 -1.741148 
3.210000 	 -2.587940 
3.220000 	 -3.304552 
3.230000 	 -4.024578 
3.240000 	 -2.975832 
3.250000 	 -3.680231 
3.260000 	 -2.307024 
3.270000 	 -4.692345 
3.280000 	 -4.191805 
3.290000 	 -3.628292 
3.300000 	 -2.671656 
3.310000 	 -4.621913 
3.320000 	 -3.259120 
3.330000 	 -4.469664 
3.340000 	 -4.422297 
3.350000 	 -3.500299 
3.360000 	 -3.717371 
3.370000 	 -3.828241 
3.380000 	 -4.276782 
3.390000 	 -4.001135 
3.400000 	 -3.670577 
3.410000 	 -4.710092 
3.420000 	 -3.881334 
3.430000 	 -3.942617 
3.440000 	 -3.079676 
3.450000 	 -5.253805 
3.460000 	 -4.124496 
3.470000 	 -2.244089 
3.480000 	 -4.305728 
3.490000 	 -3.776320 
3.500000 	 -3.562438 
3.510000 	 -3.737051 
3.520000 	 -4.051395 
3.530000 	 -3.504909 
3.540000 	 -4.709037 
3.550000 	 -2.830626 
3.560000 	 -3.772374 
3.570000 	 -3.450353 
3.580000 	 -3.712156 
3.590000 	 -4.425894 
3.600000 	 -3.208114 
3.610000 	 -3.101980 
3.620000 	 -2.300595 
3.630000 	 -4.669215 
3.640000 	 -3.583960 
3.650000 	 -3.371955 
3.660000 	 -4.209146 
3.670000 	 -4.824722 
3.680000 	 -3.631112 
3.690000 	 -3.823295 
3.700000 	 -2.943512 
3.710000 	 -3.426333 
3.720000 	 -3.524070 
3.730000 	 -4.620509 
3.740000 	 -3.495698 
3.750000 	 -3.824303 
3.760000 	 -4.527637 
3.770000 	 -5.107847 
3.780000 	 -4.009681 
3.790000 	 -3.094343 
3.800000 	 -3.150054 
3.810000 	 -2.582167 
3.820000 	 -3.339560 
3.830000 	 -3.207574 
3.840000 	 -3.825945 
3.850000 	 -4.205999 
3.860000 	 -4.030700 
3.870000 	 -4.355913 
3.880000 	 -4.353028 
3.890000 	 -5.269436 
3.900000 	 -3.859496 
3.910000 	 -5.166842 
3.920000 	 -2.634733 
3.930000 	 -5.058895 
3.940000 	 -4.623429 
3.950000 	 -5.553770 
3.960000 	 -3.654670 
3.970000 	 -3.542122 
3.980000 	 -4.875368 
3.990000 	 -4.228556 
4.000000 	 -3.619271 
4.010000 	 -3.787052 
4.020000 	 -4.273556 
4.030000 	 -5.259744 
4.040000 	 -3.746420 
4.050000 	 -4.583040 
4.060000 	 -4.818633 
4.070000 	 -4.413558 
4.080000 	 -4.421092 
4.090000 	 -3.385159 
4.100000 	 -2.916775 
4.110000 	 -4.029547 
4.120000 	 -4.143463 
4.130000 	 -3.789381 
4.140000 	 -4.758084 
4.150000 	 -3.369658 
4.160000 	 -4.981721 
4.170000 	 -4.322408 
4.180000 	 -3.489713 
4.190000 	 -3.983859 
4.200000 	 -4.283321 
4.210000 	 -4.755213 
4.220000 	 -4.001623 
4.230000 	 -5.308640 
4.240000 	 -2.936364 
4.250000 	 -3.968101 
4.260000 	 -3.836341 
4.270000 	 -5.087209 
4.280000 	 -5.728159 
4.290000 	 -4.918228 
4.300000 	 -5.102758 
4.310000 	 -6.993432 
4.320000 	 -4.321270 
4.330000 	 -4.688587 
4.340000 	 -3.910549 
4.350000 	 -6.268074 
4.360000 	 -5.458872 
4.370000 	 -4.944346 
4.380000 	 -4.347832 
4.390000 	 -5.505677 
4.400000 	 -4.838209 
4.410000 	 -4.007852 
4.420000 	 -4.131907 
4.430000 	 -5.508737 
4.440000 	 -4.787135 
4.450000 	 -5.154928 
4.460000 	 -3.542772 
4.470000 	 -3.861661 
4.480000 	 -7.015485 
4.490000 	 -5.349336 
4.500000 	 -5.148612 
4.510000 	 -5.495214 
4.520000 	 -5.420196 
4.530000 	 -3.671416 
4.540000 	 -4.214268 
4.550000 	 -5.307310 
4.560000 	 -6.414972 
4.570000 	 -4.232402 
4.580000 	 -5.033437 
4.590000 	 -5.216012 
4.600000 	 -4.555105 
4.610000 	 -5.825369 
4.620000 	 -4.610995 
4.630000 	 -5.555059 
4.640000 	 -5.496228 
4.650000 	 -5.757673 
4.660000 	 -4.425823 
4.670000 	 -6.198797 
4.680000 	 -3.724710 
4.690000 	 -4.408284 
4.700000 	 -5.884758 
4.710000 	 -4.847967 
4.720000 	 -5.078434 
4.730000 	 -4.526097 
4.740000 	 -3.570596 
4.750000 	 -5.782872 
4.760000 	 -5.185413 
4.770000 	 -3.565152 
4.780000 	 -5.580508 
4.790000 	 -4.703566 
4.800000 	 -5.318199 
4.810000 	 -5.114516 
4.820000 	 -4.324426 
4.830000 	 -3.941381 
4.840000 	 -4.732707 
4.850000 	 -5.972982 
4.860000 	 -6.468176 
4.870000 	 -5.174223 
4.880000 	 -4.371707 
4.890000 	 -4.170733 
4.900000 	 -6.914316 
4.910000 	 -5.522249 
4.920000 	 -5.032898 
4.930000 	 -5.941452 
4.940000 	 -7.082369 
4.950000 	 -4.635386 
4.960000 	 -5.356696 
4.970000 	 -5.198013 
4.980000 	 -4.992383 
4.990000 	 -5.933093 
5.000000 	 -6.704257 
