0.000000 	 1.334652 
0.010000 	 2.183658 
0.020000 	 -0.055511 
0.030000 	 -0.284129 
0.040000 	 1.845850 
0.050000 	 0.139038 
0.060000 	 0.527918 
0.070000 	 1.887004 
0.080000 	 -0.464320 
0.090000 	 -0.341318 
0.100000 	 -0.019377 
0.110000 	 2.310162 
0.120000 	 -0.604543 
0.130000 	 0.680014 
0.140000 	 -0.478535 
0.150000 	 1.871664 
0.160000 	 -1.100767 
0.170000 	 -0.359516 
0.180000 	 0.177984 
0.190000 	 0.108498 
0.200000 	 0.150967 
0.210000 	 1.446540 
0.220000 	 0.382731 
0.230000 	 -0.083665 
0.240000 	 0.757288 
0.250000 	 1.159034 
0.260000 	 -0.320570 
0.270000 	 0.176188 
0.280000 	 0.123978 
0.290000 	 -0.494432 
0.300000 	 0.524062 
0.310000 	 -0.730347 
0.320000 	 -0.142280 
0.330000 	 -0.697048 
0.340000 	 0.467795 
0.350000 	 1.047380 
0.360000 	 0.679512 
0.370000 	 -0.273044 
0.380000 	 0.637730 
0.390000 	 0.398804 
0.400000 	 -1.119376 
0.410000 	 0.836452 
0.420000 	 -1.448475 
0.430000 	 0.323358 
0.440000 	 1.237658 
0.450000 	 0.960579 
0.460000 	 0.992188 
0.470000 	 0.421051 
0.480000 	 -0.385619 
0.490000 	 0.929244 
0.500000 	 -1.187561 
0.510000 	 -0.519077 
0.520000 	 -0.097465 
0.530000 	 -0.035933 
0.540000 	 0.967210 
0.550000 	 1.158053 
0.560000 	 1.063992 
0.570000 	 -0.309309 
0.580000 	 -0.363198 
0.590000 	 -0.891430 
0.600000 	 0.915531 
0.610000 	 -0.522790 
0.620000 	 -0.364059 
0.630000 	 -0.165947 
0.640000 	 1.475412 
0.650000 	 -0.720845 
0.660000 	 -0.262170 
0.670000 	 0.453848 
0.680000 	 0.227064 
0.690000 	 0.648433 
0.700000 	 -2.014604 
0.710000 	 -0.297014 
0.720000 	 0.622112 
0.730000 	 0.814867 
0.740000 	 -0.115061 
0.750000 	 -0.465657 
0.760000 	 0.045893 
0.770000 	 0.881597 
0.780000 	 -1.299162 
0.790000 	 -0.411169 
0.800000 	 -1.089767 
0.810000 	 0.517339 
0.820000 	 -0.099440 
0.830000 	 -0.638596 
0.840000 	 -0.050393 
0.850000 	 -0.811678 
0.860000 	 -0.554284 
0.870000 	 -1.363925 
0.880000 	 -0.611816 
0.890000 	 -1.040282 
0.900000 	 1.248679 
0.910000 	 0.302374 
0.920000 	 -0.495363 
0.930000 	 -0.239829 
0.940000 	 0.207969 
0.950000 	 -0.799906 
0.960000 	 0.505373 
0.970000 	 -0.564014 
0.980000 	 -0.677803 
0.990000 	 -0.673847 
1.000000 	 -0.451834 
1.010000 	 -0.783041 
1.020000 	 -0.441857 
1.030000 	 -0.972680 
1.040000 	 -0.510271 
1.050000 	 -0.863028 
1.060000 	 -0.434572 
1.070000 	 -0.101941 
1.080000 	 -0.559823 
1.090000 	 -0.049758 
1.100000 	 -0.699105 
1.110000 	 0.945860 
1.120000 	 0.468537 
1.130000 	 -1.662524 
1.140000 	 -1.309235 
1.150000 	 -1.298541 
1.160000 	 -0.456786 
1.170000 	 -0.500201 
1.180000 	 -1.122839 
1.190000 	 -0.299601 
1.200000 	 -0.062271 
1.210000 	 -0.670104 
1.220000 	 0.543406 
1.230000 	 -1.257050 
1.240000 	 -1.673536 
1.250000 	 -0.997447 
1.260000 	 0.633259 
1.270000 	 -1.395603 
1.280000 	 -1.812924 
1.290000 	 -0.856258 
1.300000 	 -2.085857 
1.310000 	 -0.166412 
1.320000 	 -1.934482 
1.330000 	 -0.113598 
1.340000 	 -1.083121 
1.350000 	 -0.610467 
1.360000 	 -1.545932 
1.370000 	 0.992252 
1.380000 	 -0.989915 
1.390000 	 -1.772503 
1.400000 	 -0.808532 
1.410000 	 0.292284 
1.420000 	 -2.403335 
1.430000 	 -1.672486 
1.440000 	 -0.620790 
1.450000 	 0.886274 
1.460000 	 -3.357840 
1.470000 	 -3.032731 
1.480000 	 -1.646974 
1.490000 	 -1.778563 
1.500000 	 -1.319500 
1.510000 	 -0.362307 
1.520000 	 -1.510062 
1.530000 	 -1.242849 
1.540000 	 -0.329161 
1.550000 	 -2.373929 
1.560000 	 -2.247964 
1.570000 	 -2.654750 
1.580000 	 -1.053407 
1.590000 	 -0.528643 
1.600000 	 -1.508186 
1.610000 	 -1.940712 
1.620000 	 -1.372340 
1.630000 	 -1.651232 
1.640000 	 -1.042285 
1.650000 	 -0.418156 
1.660000 	 -1.853879 
1.670000 	 -3.420964 
1.680000 	 -2.107442 
1.690000 	 -2.424291 
1.700000 	 -1.783862 
1.710000 	 -1.191209 
1.720000 	 -0.923770 
1.730000 	 -2.300092 
1.740000 	 -0.747748 
1.750000 	 -0.346877 
1.760000 	 -2.880129 
1.770000 	 -1.197083 
1.780000 	 -1.052495 
1.790000 	 -0.360862 
1.800000 	 -0.330357 
1.810000 	 -2.957293 
1.820000 	 -1.659383 
1.830000 	 -2.261622 
1.840000 	 0.256543 
1.850000 	 -2.210212 
1.860000 	 -2.181231 
1.870000 	 -0.888568 
1.880000 	 -1.577696 
1.890000 	 -0.169608 
1.900000 	 -0.250894 
1.910000 	 -1.877131 
1.920000 	 -1.863718 
1.930000 	 -1.484413 
1.940000 	 -0.398240 
1.950000 	 -2.896502 
1.960000 	 -1.447755 
1.970000 	 -1.781829 
1.980000 	 -3.813765 
1.990000 	 -3.168390 
2.000000 	 -0.831348 
2.010000 	 -1.298025 
2.020000 	 -1.053977 
2.030000 	 -1.326862 
2.040000 	 -1.351656 
2.050000 	 -2.184319 
2.060000 	 -0.489003 
2.070000 	 -1.953621 
2.080000 	 -1.285999 
2.090000 	 -1.939234 
2.100000 	 -0.604090 
2.110000 	 -1.836772 
2.120000 	 -2.472021 
2.130000 	 -2.736670 
2.140000 	 -2.150731 
2.150000 	 -2.780885 
2.160000 	 -2.880846 
2.170000 	 -2.049363 
2.180000 	 -2.320669 
2.190000 	 -2.461870 
2.200000 	 -1.612082 
2.210000 	 -2.763115 
2.220000 	 -3.571356 
2.230000 	 -2.074518 
2.240000 	 -1.127365 
2.250000 	 -1.235215 
2.260000 	 -1.929053 
2.270000 	 -0.363967 
2.280000 	 -1.399235 
2.290000 	 -2.077094 
2.300000 	 -1.624846 
2.310000 	 -2.606613 
2.320000 	 -1.321440 
2.330000 	 -3.294117 
2.340000 	 -2.368972 
2.350000 	 -1.617502 
2.360000 	 -2.709210 
2.370000 	 -2.765268 
2.380000 	 -1.138150 
2.390000 	 -2.457737 
2.400000 	 -0.656869 
2.410000 	 -2.856465 
2.420000 	 -2.973111 
2.430000 	 -2.277936 
2.440000 	 -3.780249 
2.450000 	 -1.453918 
2.460000 	 -2.151839 
2.470000 	 -2.480784 
2.480000 	 -1.863460 
2.490000 	 -3.000248 
2.500000 	 -1.778714 
2.510000 	 -1.648946 
2.520000 	 -1.905554 
2.530000 	 -1.936224 
2.540000 	 -2.774934 
2.550000 	 -2.684592 
2.560000 	 -1.976534 
2.570000 	 -2.925678 
2.580000 	 -2.554751 
2.590000 	 -2.419374 
2.600000 	 -3.386381 
2.610000 	 -1.811594 
2.620000 	 -2.157763 
2.630000 	 -3.630404 
2.640000 	 -2.651966 
2.650000 	 -2.659814 
2.660000 	 -2.602386 
2.670000 	 -1.577722 
2.680000 	 -2.335953 
2.690000 	 -3.713283 
2.700000 	 -3.069891 
2.710000 	 -1.431298 
2.720000 	 -1.892140 
2.730000 	 -1.607145 
2.740000 	 -3.299408 
2.750000 	 -3.095557 
2.760000 	 -2.351964 
2.770000 	 -2.897836 
2.780000 	 -2.874677 
2.790000 	 -3.673830 
2.800000 	 -2.732780 
2.810000 	 -2.145561 
2.820000 	 -2.265841 
2.830000 	 -2.178379 
2.840000 	 -3.848527 
2.850000 	 -2.561236 
2.860000 	 -3.939709 
2.870000 	 -4.443365 
2.880000 	 -3.494080 
2.890000 	 -3.331101 
2.900000 	 -3.228176 
2.910000 	 -3.276227 
2.920000 	 -3.755794 
2.930000 	 -2.249503 
2.940000 	 -2.566035 
2.950000 	 -3.991694 
2.960000 	 -3.243535 
2.970000 	 -3.268583 
2.980000 	 -3.391145 
2.990000 	 -4.345373 
3.000000 	 -3.642525 
3.010000 	 -2.975781 
3.020000 	 -4.394847 
3.030000 	 -4.729489 
3.040000 	 -2.943222 
3.050000 	 -2.856414 
3.060000 	 -4.556653 
3.070000 	 -1.212924 
3.080000 	 -3.345707 
3.090000 	 -4.074465 
3.100000 	 -1.225267 
3.110000 	 -3.143623 
3.120000 	 -4.022250 
3.130000 	 -2.303860 
3.140000 	 -2.527059 
3.150000 	 -4.033356 
3.160000 	 -2.630091 
3.170000 	 -2.437883 
3.180000 	 -2.314227 
3.190000 	 -3.141561 
3.200000 	 -4.729605 
3.210000 	 -3.215551 
3.220000 	 -3.514823 
3.230000 	 -4.068970 
3.240000 	 -2.827281 
3.250000 	 -3.267522 
3.260000 	 -3.776035 
3.270000 	 -2.718870 
3.280000 	 -3.238940 
3.290000 	 -2.392681 
3.300000 	 -3.822489 
3.310000 	 -3.848605 
3.320000 	 -3.832907 
3.330000 	 -3.548518 
3.340000 	 -4.149916 
3.350000 	 -3.093983 
3.360000 	 -3.262474 
3.370000 	 -4.203912 
3.380000 	 -4.048798 
3.390000 	 -3.635749 
3.400000 	 -3.446169 
3.410000 	 -3.535227 
3.420000 	 -3.667195 
3.430000 	 -3.095170 
3.440000 	 -3.117559 
3.450000 	 -4.403528 
3.460000 	 -2.969831 
3.470000 	 -3.166561 
3.480000 	 -3.557057 
3.490000 	 -3.622050 
3.500000 	 -2.787991 
3.510000 	 -3.645841 
3.520000 	 -3.424994 
3.530000 	 -3.979031 
3.540000 	 -4.180943 
3.550000 	 -4.408043 
3.560000 	 -4.074815 
3.570000 	 -3.291065 
3.580000 	 -3.244230 
3.590000 	 -4.021975 
3.600000 	 -3.633429 
3.610000 	 -4.310658 
3.620000 	 -3.118896 
3.630000 	 -3.490304 
3.640000 	 -3.635941 
3.650000 	 -2.963592 
3.660000 	 -2.793958 
3.670000 	 -4.454888 
3.680000 	 -2.437669 
3.690000 	 -4.416214 
3.700000 	 -4.394456 
3.710000 	 -3.843688 
3.720000 	 -4.367686 
3.730000 	 -3.544505 
3.740000 	 -3.458541 
3.750000 	 -4.066199 
3.760000 	 -4.378859 
3.770000 	 -4.524144 
3.780000 	 -3.773387 
3.790000 	 -3.202264 
3.800000 	 -5.190229 
3.810000 	 -1.940855 
3.820000 	 -4.965563 
3.830000 	 -1.950338 
3.840000 	 -5.514489 
3.850000 	 -4.889027 
3.860000 	 -3.999797 
3.870000 	 -5.366066 
3.880000 	 -4.827889 
3.890000 	 -3.922991 
3.900000 	 -3.947126 
3.910000 	 -3.740578 
3.920000 	 -3.729802 
3.930000 	 -4.076388 
3.940000 	 -3.880477 
3.950000 	 -4.843252 
3.960000 	 -4.698822 
3.970000 	 -2.924043 
3.980000 	 -4.575168 
3.990000 	 -3.467646 
4.000000 	 -4.479130 
4.010000 	 -5.100836 
4.020000 	 -4.053870 
4.030000 	 -3.900446 
4.040000 	 -4.261703 
4.050000 	 -4.726144 
4.060000 	 -3.169688 
4.070000 	 -4.147257 
4.080000 	 -4.929680 
4.090000 	 -3.647323 
4.100000 	 -4.949300 
4.110000 	 -4.243737 
4.120000 	 -3.293408 
4.130000 	 -4.657021 
4.140000 	 -3.847489 
4.150000 	 -4.624134 
4.160000 	 -4.193408 
4.170000 	 -2.538506 
4.180000 	 -3.751610 
4.190000 	 -4.225973 
4.200000 	 -5.212704 
4.210000 	 -5.065609 
4.220000 	 -3.487205 
4.230000 	 -4.789027 
4.240000 	 -5.970609 
4.250000 	 -4.403447 
4.260000 	 -5.227344 
4.270000 	 -4.655616 
4.280000 	 -5.003652 
4.290000 	 -4.015189 
4.300000 	 -4.208686 
4.310000 	 -5.823544 
4.320000 	 -4.348114 
4.330000 	 -6.485005 
4.340000 	 -4.693669 
4.350000 	 -4.257503 
4.360000 	 -4.810868 
4.370000 	 -6.107096 
4.380000 	 -4.766199 
4.390000 	 -4.198859 
4.400000 	 -3.898667 
4.410000 	 -5.824114 
4.420000 	 -4.782388 
4.430000 	 -6.316711 
4.440000 	 -6.139906 
4.450000 	 -5.447367 
4.460000 	 -4.113252 
4.470000 	 -4.216324 
4.480000 	 -5.469802 
4.490000 	 -4.579662 
4.500000 	 -4.155160 
4.510000 	 -5.156657 
4.520000 	 -5.467402 
4.530000 	 -5.899193 
4.540000 	 -4.507867 
4.550000 	 -5.741090 
4.560000 	 -3.947088 
4.570000 	 -5.528032 
4.580000 	 -5.559202 
4.590000 	 -4.159576 
4.600000 	 -4.736217 
4.610000 	 -5.160578 
4.620000 	 -4.557009 
4.630000 	 -5.349576 
4.640000 	 -4.614801 
4.650000 	 -4.046869 
4.660000 	 -5.899256 
4.670000 	 -5.424188 
4.680000 	 -5.008812 
4.690000 	 -5.620432 
4.700000 	 -6.337437 
4.710000 	 -4.615549 
4.720000 	 -5.768915 
4.730000 	 -3.235830 
4.740000 	 -3.123442 
4.750000 	 -5.487843 
4.760000 	 -6.291260 
4.770000 	 -4.989942 
4.780000 	 -5.507921 
4.790000 	 -6.017130 
4.800000 	 -6.205951 
4.810000 	 -3.784400 
4.820000 	 -5.210536 
4.830000 	 -5.297243 
4.840000 	 -5.553592 
4.850000 	 -5.264608 
4.860000 	 -5.643087 
4.870000 	 -6.223021 
4.880000 	 -4.617546 
4.890000 	 -5.748120 
4.900000 	 -4.279156 
4.910000 	 -6.249463 
4.920000 	 -4.963001 
4.930000 	 -6.448300 
4.940000 	 -5.692172 
4.950000 	 -5.747210 
4.960000 	 -4.313361 
4.970000 	 -4.607125 
4.980000 	 -5.261412 
4.990000 	 -4.972030 
5.000000 	 -4.698488 
