0.000000 	 0.077987 
0.010000 	 -0.402161 
0.020000 	 0.519028 
0.030000 	 0.486191 
0.040000 	 1.278990 
0.050000 	 1.796720 
0.060000 	 0.380871 
0.070000 	 1.506392 
0.080000 	 -0.025486 
0.090000 	 -0.917804 
0.100000 	 0.895741 
0.110000 	 0.872041 
0.120000 	 2.565557 
0.130000 	 1.724281 
0.140000 	 0.002914 
0.150000 	 0.016524 
0.160000 	 -0.680391 
0.170000 	 2.228180 
0.180000 	 0.192475 
0.190000 	 0.553735 
0.200000 	 0.171480 
0.210000 	 -0.188612 
0.220000 	 -0.430153 
0.230000 	 1.303928 
0.240000 	 1.017421 
0.250000 	 -0.048571 
0.260000 	 -0.066540 
0.270000 	 0.579321 
0.280000 	 1.244189 
0.290000 	 0.966319 
0.300000 	 0.961993 
0.310000 	 0.206278 
0.320000 	 0.070828 
0.330000 	 -0.778479 
0.340000 	 1.013546 
0.350000 	 1.400401 
0.360000 	 -0.352119 
0.370000 	 0.150177 
0.380000 	 0.454344 
0.390000 	 0.299154 
0.400000 	 0.332221 
0.410000 	 0.707441 
0.420000 	 -0.136907 
0.430000 	 1.149799 
0.440000 	 0.014686 
0.450000 	 -0.576127 
0.460000 	 -0.683628 
0.470000 	 0.403181 
0.480000 	 0.909775 
0.490000 	 -0.139167 
0.500000 	 0.433044 
0.510000 	 -1.113936 
0.520000 	 1.413085 
0.530000 	 0.058333 
0.540000 	 -0.274609 
0.550000 	 1.153519 
0.560000 	 -0.633518 
0.570000 	 -0.151661 
0.580000 	 -0.926856 
0.590000 	 0.451494 
0.600000 	 -0.901519 
0.610000 	 2.220598 
0.620000 	 0.563510 
0.630000 	 -0.596283 
0.640000 	 -1.199365 
0.650000 	 1.412067 
0.660000 	 0.525915 
0.670000 	 -0.401179 
0.680000 	 -1.620656 
0.690000 	 0.018260 
0.700000 	 0.696403 
0.710000 	 1.180053 
0.720000 	 -0.173840 
0.730000 	 -0.419304 
0.740000 	 -0.377230 
0.750000 	 0.464462 
0.760000 	 -0.214049 
0.770000 	 0.284061 
0.780000 	 -0.139574 
0.790000 	 -0.642581 
0.800000 	 0.378895 
0.810000 	 -0.933257 
0.820000 	 -1.843831 
0.830000 	 0.095183 
0.840000 	 -1.795822 
0.850000 	 0.106711 
0.860000 	 0.004440 
0.870000 	 0.146044 
0.880000 	 0.111535 
0.890000 	 -0.488732 
0.900000 	 -1.657461 
0.910000 	 -0.153858 
0.920000 	 -0.779256 
0.930000 	 0.181913 
0.940000 	 1.231537 
0.950000 	 -0.004609 
0.960000 	 -0.054730 
0.970000 	 -0.817478 
0.980000 	 0.674161 
0.990000 	 -1.801826 
1.000000 	 -0.482176 
1.010000 	 -0.567511 
1.020000 	 -0.352419 
1.030000 	 -0.829311 
1.040000 	 0.213983 
1.050000 	 -0.444025 
1.060000 	 0.132030 
1.070000 	 0.513742 
1.080000 	 -1.661561 
1.090000 	 -1.635724 
1.100000 	 -0.594212 
1.110000 	 -0.176481 
1.120000 	 -0.814903 
1.130000 	 0.498238 
1.140000 	 -1.260198 
1.150000 	 -0.743843 
1.160000 	 -0.081440 
1.170000 	 0.031320 
1.180000 	 0.162541 
1.190000 	 1.143390 
1.200000 	 0.185386 
1.210000 	 -0.783721 
1.220000 	 -1.393397 
1.230000 	 -0.719596 
1.240000 	 -1.163025 
1.250000 	 -0.460836 
1.260000 	 -1.411901 
1.270000 	 -0.523276 
1.280000 	 -0.288945 
1.290000 	 0.331489 
1.300000 	 -2.781494 
1.310000 	 -0.364290 
1.320000 	 -1.008754 
1.330000 	 -1.818356 
1.340000 	 -0.299870 
1.350000 	 -0.104446 
1.360000 	 -0.676184 
1.370000 	 -1.244576 
1.380000 	 -1.425225 
1.390000 	 -0.787776 
1.400000 	 -0.859616 
1.410000 	 -0.020611 
1.420000 	 -0.846983 
1.430000 	 -1.503903 
1.440000 	 -1.017212 
1.450000 	 -1.694158 
1.460000 	 -1.861151 
1.470000 	 -1.190700 
1.480000 	 0.593228 
1.490000 	 -0.158336 
1.500000 	 -2.482871 
1.510000 	 -1.598409 
1.520000 	 -1.046935 
1.530000 	 -0.858670 
1.540000 	 -1.353210 
1.550000 	 -0.748416 
1.560000 	 -2.297948 
1.570000 	 -0.618991 
1.580000 	 -2.939078 
1.590000 	 -2.374556 
1.600000 	 -1.298018 
1.610000 	 -1.365377 
1.620000 	 -0.146466 
1.630000 	 -1.353728 
1.640000 	 -1.588093 
1.650000 	 -2.222145 
1.660000 	 -1.105319 
1.670000 	 -0.302413 
1.680000 	 -0.695533 
1.690000 	 -1.061099 
1.700000 	 -0.528609 
1.710000 	 -1.307694 
1.720000 	 -1.869979 
1.730000 	 -1.004521 
1.740000 	 -2.002893 
1.750000 	 -2.225147 
1.760000 	 -1.318191 
1.770000 	 -1.546168 
1.780000 	 -0.259401 
1.790000 	 -1.694704 
1.800000 	 -1.958468 
1.810000 	 -1.731165 
1.820000 	 -2.791492 
1.830000 	 -1.390760 
1.840000 	 -2.114194 
1.850000 	 -2.155273 
1.860000 	 -0.982909 
1.870000 	 -2.340608 
1.880000 	 -2.551624 
1.890000 	 -0.922750 
1.900000 	 -0.207436 
1.910000 	 -0.770896 
1.920000 	 -1.599475 
1.930000 	 -1.724122 
1.940000 	 -1.347530 
1.950000 	 -1.620786 
1.960000 	 -1.557743 
1.970000 	 -1.391415 
1.980000 	 -3.072795 
1.990000 	 -2.328529 
2.000000 	 -2.207032 
2.010000 	 -1.621756 
2.020000 	 -1.794485 
2.030000 	 -0.458659 
2.040000 	 -2.035993 
2.050000 	 -1.755655 
2.060000 	 -0.971872 
2.070000 	 -2.099153 
2.080000 	 -0.262982 
2.090000 	 -2.401772 
2.100000 	 -1.006854 
2.110000 	 -1.123482 
2.120000 	 -1.787469 
2.130000 	 -1.955939 
2.140000 	 -0.706936 
2.150000 	 -0.813305 
2.160000 	 -1.645583 
2.170000 	 -2.318466 
2.180000 	 -2.436578 
2.190000 	 -1.178187 
2.200000 	 -2.371602 
2.210000 	 -2.962040 
2.220000 	 -3.392038 
2.230000 	 -1.320187 
2.240000 	 -1.038373 
2.250000 	 -1.600513 
2.260000 	 -2.096670 
2.270000 	 -2.013262 
2.280000 	 -2.857432 
2.290000 	 -1.949493 
2.300000 	 -3.192662 
2.310000 	 -1.625464 
2.320000 	 -3.276434 
2.330000 	 -2.693772 
2.340000 	 -4.279557 
2.350000 	 -1.690017 
2.360000 	 -3.154741 
2.370000 	 -0.549999 
2.380000 	 -2.052504 
2.390000 	 -3.741504 
2.400000 	 -1.594750 
2.410000 	 -1.326920 
2.420000 	 -2.324715 
2.430000 	 -0.303961 
2.440000 	 -1.632858 
2.450000 	 -2.507374 
2.460000 	 -3.100453 
2.470000 	 -2.066607 
2.480000 	 -1.820315 
2.490000 	 -2.720242 
2.500000 	 -1.530420 
2.510000 	 -2.008414 
2.520000 	 -2.745915 
2.530000 	 -1.201137 
2.540000 	 -1.940065 
2.550000 	 -2.908703 
2.560000 	 -3.123512 
2.570000 	 -2.285939 
2.580000 	 -2.825684 
2.590000 	 -3.387035 
2.600000 	 -3.639012 
2.610000 	 -2.358760 
2.620000 	 -2.653483 
2.630000 	 -2.126168 
2.640000 	 -3.654517 
2.650000 	 -2.776055 
2.660000 	 -2.879353 
2.670000 	 -1.764091 
2.680000 	 -2.042293 
2.690000 	 -2.431738 
2.700000 	 -1.901643 
2.710000 	 -2.286423 
2.720000 	 -1.091019 
2.730000 	 -1.408027 
2.740000 	 -2.224312 
2.750000 	 -2.180699 
2.760000 	 -3.365664 
2.770000 	 -2.240875 
2.780000 	 -1.202134 
2.790000 	 -4.058650 
2.800000 	 -1.831031 
2.810000 	 -3.069108 
2.820000 	 -2.930370 
2.830000 	 -3.513550 
2.840000 	 -3.899645 
2.850000 	 -2.160223 
2.860000 	 -2.664573 
2.870000 	 -4.077942 
2.880000 	 -2.841924 
2.890000 	 -2.930933 
2.900000 	 -2.767384 
2.910000 	 -3.447916 
2.920000 	 -3.814001 
2.930000 	 -2.522482 
2.940000 	 -2.478574 
2.950000 	 -4.539870 
2.960000 	 -3.636769 
2.970000 	 -1.119193 
2.980000 	 -2.797146 
2.990000 	 -2.845674 
3.000000 	 -3.186992 
3.010000 	 -3.577144 
3.020000 	 -3.517706 
3.030000 	 -4.469580 
3.040000 	 -2.907340 
3.050000 	 -2.075937 
3.060000 	 -3.604420 
3.070000 	 -3.983476 
3.080000 	 -3.265280 
3.090000 	 -4.941348 
3.100000 	 -2.726037 
3.110000 	 -3.587068 
3.120000 	 -3.314481 
3.130000 	 -3.210622 
3.140000 	 -3.026566 
3.150000 	 -3.336986 
3.160000 	 -4.230108 
3.170000 	 -2.759654 
3.180000 	 -2.534955 
3.190000 	 -1.500655 
3.200000 	 -3.664724 
3.210000 	 -2.631022 
3.220000 	 -3.652988 
3.230000 	 -3.911277 
3.240000 	 -4.052928 
3.250000 	 -2.678884 
3.260000 	 -2.203747 
3.270000 	 -3.208267 
3.280000 	 -1.921251 
3.290000 	 -3.413203 
3.300000 	 -4.769822 
3.310000 	 -4.237131 
3.320000 	 -4.149914 
3.330000 	 -4.496508 
3.340000 	 -4.624533 
3.350000 	 -3.617718 
3.360000 	 -3.955020 
3.370000 	 -4.514601 
3.380000 	 -4.426933 
3.390000 	 -2.964516 
3.400000 	 -4.275370 
3.410000 	 -4.087849 
3.420000 	 -4.000703 
3.430000 	 -3.445547 
3.440000 	 -2.802460 
3.450000 	 -5.308412 
3.460000 	 -3.100781 
3.470000 	 -3.793792 
3.480000 	 -3.816666 
3.490000 	 -3.517241 
3.500000 	 -3.341702 
3.510000 	 -1.901304 
3.520000 	 -4.567891 
3.530000 	 -2.601804 
3.540000 	 -4.238004 
3.550000 	 -4.659691 
3.560000 	 -4.859898 
3.570000 	 -3.103294 
3.580000 	 -3.129992 
3.590000 	 -4.024653 
3.600000 	 -4.605227 
3.610000 	 -3.685774 
3.620000 	 -3.381016 
3.630000 	 -2.323932 
3.640000 	 -4.519386 
3.650000 	 -4.856613 
3.660000 	 -4.569113 
3.670000 	 -3.052950 
3.680000 	 -4.646603 
3.690000 	 -3.718115 
3.700000 	 -2.382385 
3.710000 	 -3.560986 
3.720000 	 -3.758661 
3.730000 	 -2.624171 
3.740000 	 -3.204676 
3.750000 	 -4.803124 
3.760000 	 -4.067547 
3.770000 	 -3.242663 
3.780000 	 -3.569792 
3.790000 	 -3.273508 
3.800000 	 -4.730789 
3.810000 	 -5.148605 
3.820000 	 -4.769213 
3.830000 	 -4.364731 
3.840000 	 -4.522196 
3.850000 	 -4.406006 
3.860000 	 -4.990257 
3.870000 	 -3.835786 
3.880000 	 -3.977209 
3.890000 	 -4.033774 
3.900000 	 -4.452408 
3.910000 	 -4.539465 
3.920000 	 -5.360827 
3.930000 	 -4.788169 
3.940000 	 -5.245583 
3.950000 	 -3.488269 
3.960000 	 -3.829371 
3.970000 	 -3.729781 
3.980000 	 -5.353295 
3.990000 	 -4.726024 
4.000000 	 -5.153951 
4.010000 	 -4.679308 
4.020000 	 -3.027795 
4.030000 	 -3.694546 
4.040000 	 -4.706842 
4.050000 	 -5.414475 
4.060000 	 -5.224242 
4.070000 	 -6.274966 
4.080000 	 -4.472691 
4.090000 	 -4.596851 
4.100000 	 -4.446935 
4.110000 	 -4.743765 
4.120000 	 -4.508902 
4.130000 	 -3.511503 
4.140000 	 -4.060024 
4.150000 	 -4.939123 
4.160000 	 -4.390923 
4.170000 	 -4.878347 
4.180000 	 -3.938910 
4.190000 	 -4.988143 
4.200000 	 -3.523793 
4.210000 	 -4.760339 
4.220000 	 -6.147888 
4.230000 	 -2.906348 
4.240000 	 -5.952819 
4.250000 	 -4.332332 
4.260000 	 -5.198079 
4.270000 	 -4.574177 
4.280000 	 -6.020082 
4.290000 	 -3.828220 
4.300000 	 -5.035371 
4.310000 	 -4.951862 
4.320000 	 -4.804576 
4.330000 	 -5.457835 
4.340000 	 -4.777965 
4.350000 	 -4.512467 
4.360000 	 -5.219638 
4.370000 	 -5.528774 
4.380000 	 -3.926813 
4.390000 	 -4.355083 
4.400000 	 -6.221129 
4.410000 	 -5.053169 
4.420000 	 -5.242361 
4.430000 	 -4.501345 
4.440000 	 -4.937914 
4.450000 	 -5.011210 
4.460000 	 -5.319339 
4.470000 	 -5.282565 
4.480000 	 -3.996658 
4.490000 	 -4.927290 
4.500000 	 -5.416535 
4.510000 	 -4.949242 
4.520000 	 -2.478728 
4.530000 	 -3.595441 
4.540000 	 -5.534117 
4.550000 	 -5.065042 
4.560000 	 -4.739602 
4.570000 	 -3.952742 
4.580000 	 -5.237445 
4.590000 	 -4.397706 
4.600000 	 -5.123326 
4.610000 	 -4.622289 
4.620000 	 -5.270259 
4.630000 	 -4.702835 
4.640000 	 -5.256011 
4.650000 	 -5.207580 
4.660000 	 -5.587858 
4.670000 	 -6.244457 
4.680000 	 -5.706732 
4.690000 	 -5.066880 
4.700000 	 -5.452654 
4.710000 	 -5.344276 
4.720000 	 -4.950839 
4.730000 	 -5.667696 
4.740000 	 -5.494626 
4.750000 	 -4.770953 
4.760000 	 -6.517604 
4.770000 	 -5.681820 
4.780000 	 -6.041393 
4.790000 	 -4.960939 
4.800000 	 -6.321263 
4.810000 	 -5.883865 
4.820000 	 -6.086483 
4.830000 	 -5.520061 
4.840000 	 -4.562510 
4.850000 	 -4.599042 
4.860000 	 -6.198162 
4.870000 	 -6.023857 
4.880000 	 -5.235692 
4.890000 	 -6.275593 
4.900000 	 -5.081887 
4.910000 	 -4.784478 
4.920000 	 -7.330795 
4.930000 	 -3.302194 
4.940000 	 -5.707329 
4.950000 	 -6.214575 
4.960000 	 -5.054172 
4.970000 	 -3.780700 
4.980000 	 -5.820160 
4.990000 	 -4.996437 
5.000000 	 -5.403694 
