0.000000 	 -0.181278 
0.010000 	 -1.115377 
0.020000 	 -0.097231 
0.030000 	 1.135821 
0.040000 	 0.635156 
0.050000 	 0.397248 
0.060000 	 1.003842 
0.070000 	 0.893473 
0.080000 	 2.099137 
0.090000 	 1.556382 
0.100000 	 1.274751 
0.110000 	 0.939971 
0.120000 	 0.319850 
0.130000 	 0.220798 
0.140000 	 0.221456 
0.150000 	 1.669907 
0.160000 	 -0.053490 
0.170000 	 0.274628 
0.180000 	 0.234916 
0.190000 	 0.515443 
0.200000 	 0.817586 
0.210000 	 1.833532 
0.220000 	 -0.336487 
0.230000 	 0.330364 
0.240000 	 2.298206 
0.250000 	 -0.026887 
0.260000 	 0.967830 
0.270000 	 1.248306 
0.280000 	 -0.353018 
0.290000 	 0.458392 
0.300000 	 -0.943684 
0.310000 	 -0.748799 
0.320000 	 0.296066 
0.330000 	 -0.042972 
0.340000 	 -0.684521 
0.350000 	 -0.092102 
0.360000 	 0.539276 
0.370000 	 -0.207200 
0.380000 	 0.258707 
0.390000 	 -0.654749 
0.400000 	 0.315738 
0.410000 	 -0.946101 
0.420000 	 -0.704177 
0.430000 	 -0.892325 
0.440000 	 -0.197996 
0.450000 	 -0.525275 
0.460000 	 -0.293250 
0.470000 	 0.070694 
0.480000 	 0.451269 
0.490000 	 1.333705 
0.500000 	 -0.801455 
0.510000 	 -0.113630 
0.520000 	 -0.714077 
0.530000 	 0.325449 
0.540000 	 0.413447 
0.550000 	 0.248597 
0.560000 	 -0.354695 
0.570000 	 0.108036 
0.580000 	 1.179699 
0.590000 	 -0.414045 
0.600000 	 -0.579100 
0.610000 	 -1.714159 
0.620000 	 -0.997331 
0.630000 	 0.292586 
0.640000 	 -0.574167 
0.650000 	 -1.604686 
0.660000 	 1.460673 
0.670000 	 -1.393113 
0.680000 	 -0.691264 
0.690000 	 0.123616 
0.700000 	 1.284396 
0.710000 	 0.482246 
0.720000 	 -1.375858 
0.730000 	 -0.177190 
0.740000 	 -0.580600 
0.750000 	 -0.661385 
0.760000 	 -0.027163 
0.770000 	 0.987150 
0.780000 	 -0.021509 
0.790000 	 -1.640694 
0.800000 	 -0.608960 
0.810000 	 0.620311 
0.820000 	 0.980153 
0.830000 	 -0.441593 
0.840000 	 -0.337077 
0.850000 	 0.434292 
0.860000 	 -0.641026 
0.870000 	 0.336903 
0.880000 	 -0.588040 
0.890000 	 0.414209 
0.900000 	 -0.736743 
0.910000 	 -0.873101 
0.920000 	 -0.430403 
0.930000 	 -0.987841 
0.940000 	 -0.391210 
0.950000 	 -0.005827 
0.960000 	 0.022487 
0.970000 	 -0.515892 
0.980000 	 0.274052 
0.990000 	 -1.274365 
1.000000 	 -0.915251 
1.010000 	 -0.624013 
1.020000 	 -1.575500 
1.030000 	 -1.631585 
1.040000 	 1.124510 
1.050000 	 -1.442844 
1.060000 	 -1.083382 
1.070000 	 0.968278 
1.080000 	 -0.627603 
1.090000 	 -1.162749 
1.100000 	 0.140003 
1.110000 	 -0.631216 
1.120000 	 -1.943275 
1.130000 	 -1.361975 
1.140000 	 -0.177846 
1.150000 	 -1.095957 
1.160000 	 0.642082 
1.170000 	 0.379440 
1.180000 	 -0.164657 
1.190000 	 -1.053238 
1.200000 	 -1.739378 
1.210000 	 -2.407553 
1.220000 	 -0.037331 
1.230000 	 -1.478251 
1.240000 	 0.275834 
1.250000 	 0.658353 
1.260000 	 -0.400958 
1.270000 	 -0.662751 
1.280000 	 -2.448833 
1.290000 	 -0.945503 
1.300000 	 -0.961674 
1.310000 	 -1.121663 
1.320000 	 -0.117544 
1.330000 	 -1.063046 
1.340000 	 0.383021 
1.350000 	 -1.552814 
1.360000 	 -1.016350 
1.370000 	 -0.254204 
1.380000 	 -1.242681 
1.390000 	 -2.266418 
1.400000 	 -1.882422 
1.410000 	 -0.808914 
1.420000 	 -0.138401 
1.430000 	 0.559161 
1.440000 	 -0.636747 
1.450000 	 -0.133803 
1.460000 	 -1.157428 
1.470000 	 -0.501968 
1.480000 	 -1.373043 
1.490000 	 -1.418119 
1.500000 	 -0.506174 
1.510000 	 0.332040 
1.520000 	 -1.463938 
1.530000 	 -2.494119 
1.540000 	 -2.213137 
1.550000 	 -1.815599 
1.560000 	 -2.307101 
1.570000 	 -1.566687 
1.580000 	 0.060169 
1.590000 	 -1.470512 
1.600000 	 -0.585107 
1.610000 	 -1.648039 
1.620000 	 -0.536632 
1.630000 	 -0.754819 
1.640000 	 -0.583357 
1.650000 	 -1.265166 
1.660000 	 -1.461852 
1.670000 	 -0.273365 
1.680000 	 -0.300452 
1.690000 	 -1.391108 
1.700000 	 -2.091669 
1.710000 	 -1.779280 
1.720000 	 -1.793963 
1.730000 	 -1.173062 
1.740000 	 -2.178498 
1.750000 	 -1.426439 
1.760000 	 -1.051285 
1.770000 	 -1.298364 
1.780000 	 -1.054401 
1.790000 	 -1.739656 
1.800000 	 -0.436402 
1.810000 	 -0.308362 
1.820000 	 -1.675554 
1.830000 	 -2.436314 
1.840000 	 -1.364226 
1.850000 	 -1.311960 
1.860000 	 -0.527895 
1.870000 	 -2.939333 
1.880000 	 -0.539863 
1.890000 	 -1.843017 
1.900000 	 -2.436140 
1.910000 	 -2.070651 
1.920000 	 -1.616990 
1.930000 	 -1.900137 
1.940000 	 -2.404847 
1.950000 	 -1.520109 
1.960000 	 -1.444169 
1.970000 	 -0.373275 
1.980000 	 -1.717530 
1.990000 	 -2.134414 
2.000000 	 -2.453450 
2.010000 	 -2.111016 
2.020000 	 -2.385537 
2.030000 	 -2.874996 
2.040000 	 -1.674171 
2.050000 	 -1.901800 
2.060000 	 -0.728532 
2.070000 	 -2.295674 
2.080000 	 -0.643592 
2.090000 	 -1.732420 
2.100000 	 -2.134037 
2.110000 	 -2.132656 
2.120000 	 -3.177429 
2.130000 	 -2.028258 
2.140000 	 -1.460222 
2.150000 	 -2.280067 
2.160000 	 -2.516664 
2.170000 	 -1.620699 
2.180000 	 -2.468037 
2.190000 	 -1.538428 
2.200000 	 -2.404358 
2.210000 	 -0.775061 
2.220000 	 -2.947909 
2.230000 	 -0.478156 
2.240000 	 -2.885276 
2.250000 	 -2.508935 
2.260000 	 -1.571023 
2.270000 	 -2.185742 
2.280000 	 -2.512740 
2.290000 	 -3.269973 
2.300000 	 -2.347132 
2.310000 	 -2.441990 
2.320000 	 -2.350597 
2.330000 	 -3.499863 
2.340000 	 -2.222495 
2.350000 	 -2.362352 
2.360000 	 -2.161303 
2.370000 	 -1.998879 
2.380000 	 -3.076069 
2.390000 	 -1.322318 
2.400000 	 -1.981015 
2.410000 	 -2.078122 
2.420000 	 -2.933023 
2.430000 	 -3.058561 
2.440000 	 -2.529236 
2.450000 	 -2.512157 
2.460000 	 -3.197686 
2.470000 	 -1.918025 
2.480000 	 -2.190566 
2.490000 	 -3.231066 
2.500000 	 -3.449153 
2.510000 	 -3.644341 
2.520000 	 -3.259867 
2.530000 	 -2.099019 
2.540000 	 -2.483749 
2.550000 	 -1.577850 
2.560000 	 -1.596554 
2.570000 	 -2.869241 
2.580000 	 -3.663886 
2.590000 	 -2.095818 
2.600000 	 -1.808067 
2.610000 	 -1.925849 
2.620000 	 -3.356120 
2.630000 	 -3.280399 
2.640000 	 -2.662018 
2.650000 	 -2.635827 
2.660000 	 -3.699440 
2.670000 	 -2.590881 
2.680000 	 -1.795041 
2.690000 	 -2.863392 
2.700000 	 -1.659612 
2.710000 	 -2.575376 
2.720000 	 -2.257954 
2.730000 	 -2.972556 
2.740000 	 -2.874916 
2.750000 	 -1.801332 
2.760000 	 -3.628832 
2.770000 	 -3.174801 
2.780000 	 -1.735679 
2.790000 	 -3.091351 
2.800000 	 -4.264003 
2.810000 	 -1.940243 
2.820000 	 -2.417658 
2.830000 	 -3.032385 
2.840000 	 -3.420006 
2.850000 	 -3.138195 
2.860000 	 -0.984768 
2.870000 	 -1.868136 
2.880000 	 -3.808293 
2.890000 	 -2.329099 
2.900000 	 -2.310492 
2.910000 	 -2.857943 
2.920000 	 -2.407506 
2.930000 	 -4.360771 
2.940000 	 -3.745766 
2.950000 	 -3.265735 
2.960000 	 -1.428948 
2.970000 	 -3.147878 
2.980000 	 -3.766760 
2.990000 	 -2.487743 
3.000000 	 -3.208954 
3.010000 	 -3.337004 
3.020000 	 -3.737534 
3.030000 	 -3.267581 
3.040000 	 -3.311174 
3.050000 	 -2.927309 
3.060000 	 -2.904544 
3.070000 	 -3.624834 
3.080000 	 -4.040958 
3.090000 	 -2.121766 
3.100000 	 -2.519650 
3.110000 	 -2.177780 
3.120000 	 -2.415334 
3.130000 	 -3.073135 
3.140000 	 -4.128934 
3.150000 	 -2.177461 
3.160000 	 -3.200098 
3.170000 	 -3.687039 
3.180000 	 -3.323191 
3.190000 	 -3.454079 
3.200000 	 -4.776448 
3.210000 	 -4.096173 
3.220000 	 -3.657047 
3.230000 	 -2.406869 
3.240000 	 -3.511506 
3.250000 	 -2.583422 
3.260000 	 -3.058622 
3.270000 	 -1.684197 
3.280000 	 -4.279472 
3.290000 	 -3.023994 
3.300000 	 -3.980762 
3.310000 	 -2.827276 
3.320000 	 -3.615140 
3.330000 	 -3.809763 
3.340000 	 -3.393094 
3.350000 	 -3.799411 
3.360000 	 -3.483851 
3.370000 	 -3.490329 
3.380000 	 -4.422676 
3.390000 	 -4.425178 
3.400000 	 -4.228831 
3.410000 	 -2.084707 
3.420000 	 -4.063041 
3.430000 	 -3.666569 
3.440000 	 -3.764328 
3.450000 	 -2.013312 
3.460000 	 -5.554271 
3.470000 	 -2.276812 
3.480000 	 -1.972265 
3.490000 	 -4.341164 
3.500000 	 -3.303621 
3.510000 	 -4.316732 
3.520000 	 -2.334829 
3.530000 	 -5.112953 
3.540000 	 -3.052699 
3.550000 	 -4.433307 
3.560000 	 -5.634652 
3.570000 	 -2.834908 
3.580000 	 -3.985888 
3.590000 	 -4.807149 
3.600000 	 -3.134475 
3.610000 	 -2.077105 
3.620000 	 -3.641680 
3.630000 	 -2.834017 
3.640000 	 -4.282428 
3.650000 	 -3.801983 
3.660000 	 -3.870002 
3.670000 	 -2.296002 
3.680000 	 -1.579736 
3.690000 	 -4.028673 
3.700000 	 -5.156334 
3.710000 	 -4.310472 
3.720000 	 -3.104202 
3.730000 	 -3.926958 
3.740000 	 -4.306114 
3.750000 	 -4.528256 
3.760000 	 -5.325316 
3.770000 	 -4.856853 
3.780000 	 -4.748233 
3.790000 	 -4.742309 
3.800000 	 -3.887130 
3.810000 	 -5.180523 
3.820000 	 -3.412420 
3.830000 	 -5.141341 
3.840000 	 -3.621788 
3.850000 	 -4.004236 
3.860000 	 -2.896079 
3.870000 	 -3.767970 
3.880000 	 -3.027806 
3.890000 	 -4.744920 
3.900000 	 -3.218927 
3.910000 	 -4.284273 
3.920000 	 -5.212572 
3.930000 	 -4.199833 
3.940000 	 -4.439952 
3.950000 	 -3.003728 
3.960000 	 -4.666793 
3.970000 	 -3.957804 
3.980000 	 -5.405253 
3.990000 	 -2.976788 
4.000000 	 -4.548413 
4.010000 	 -3.679472 
4.020000 	 -2.870241 
4.030000 	 -3.885320 
4.040000 	 -3.755525 
4.050000 	 -3.639330 
4.060000 	 -4.796433 
4.070000 	 -5.165588 
4.080000 	 -4.614370 
4.090000 	 -4.575607 
4.100000 	 -5.203562 
4.110000 	 -4.456409 
4.120000 	 -4.739991 
4.130000 	 -3.920732 
4.140000 	 -3.531314 
4.150000 	 -5.905650 
4.160000 	 -4.429373 
4.170000 	 -4.722048 
4.180000 	 -4.324699 
4.190000 	 -4.111234 
4.200000 	 -4.117033 
4.210000 	 -3.888154 
4.220000 	 -4.378769 
4.230000 	 -3.918372 
4.240000 	 -4.423029 
4.250000 	 -4.267667 
4.260000 	 -3.964203 
4.270000 	 -5.554605 
4.280000 	 -5.386669 
4.290000 	 -4.302317 
4.300000 	 -5.049061 
4.310000 	 -3.486415 
4.320000 	 -5.031727 
4.330000 	 -3.760933 
4.340000 	 -4.177546 
4.350000 	 -4.048947 
4.360000 	 -4.711659 
4.370000 	 -4.774234 
4.380000 	 -5.631052 
4.390000 	 -4.205276 
4.400000 	 -5.694811 
4.410000 	 -5.621044 
4.420000 	 -4.284787 
4.430000 	 -3.988466 
4.440000 	 -5.193039 
4.450000 	 -5.119986 
4.460000 	 -5.638964 
4.470000 	 -4.577899 
4.480000 	 -4.043736 
4.490000 	 -4.295651 
4.500000 	 -4.415216 
4.510000 	 -4.382059 
4.520000 	 -5.336442 
4.530000 	 -6.288389 
4.540000 	 -4.014245 
4.550000 	 -4.334904 
4.560000 	 -5.579013 
4.570000 	 -4.778858 
4.580000 	 -4.657381 
4.590000 	 -5.100629 
4.600000 	 -5.786324 
4.610000 	 -4.944854 
4.620000 	 -5.231008 
4.630000 	 -5.338226 
4.640000 	 -4.383539 
4.650000 	 -4.690815 
4.660000 	 -5.781554 
4.670000 	 -4.087757 
4.680000 	 -4.983538 
4.690000 	 -5.133720 
4.700000 	 -5.309680 
4.710000 	 -3.990106 
4.720000 	 -4.451681 
4.730000 	 -4.455188 
4.740000 	 -4.679720 
4.750000 	 -4.739031 
4.760000 	 -5.564215 
4.770000 	 -5.155884 
4.780000 	 -4.037457 
4.790000 	 -5.392029 
4.800000 	 -6.164240 
4.810000 	 -5.033003 
4.820000 	 -5.374682 
4.830000 	 -4.102846 
4.840000 	 -4.721847 
4.850000 	 -5.775265 
4.860000 	 -5.063956 
4.870000 	 -4.924305 
4.880000 	 -5.324581 
4.890000 	 -6.273718 
4.900000 	 -6.473157 
4.910000 	 -5.731864 
4.920000 	 -4.613447 
4.930000 	 -6.227011 
4.940000 	 -4.292575 
4.950000 	 -7.119343 
4.960000 	 -5.832653 
4.970000 	 -4.130386 
4.980000 	 -4.019250 
4.990000 	 -4.424552 
5.000000 	 -5.039955 
