0.000000 	 1.512440 
0.010000 	 -0.447816 
0.020000 	 2.007693 
0.030000 	 -0.070562 
0.040000 	 0.930724 
0.050000 	 0.691841 
0.060000 	 0.414593 
0.070000 	 0.863795 
0.080000 	 -0.261650 
0.090000 	 0.436605 
0.100000 	 1.992019 
0.110000 	 0.438413 
0.120000 	 1.354139 
0.130000 	 -0.154298 
0.140000 	 0.900653 
0.150000 	 0.290347 
0.160000 	 0.694450 
0.170000 	 0.129557 
0.180000 	 0.926849 
0.190000 	 1.134052 
0.200000 	 1.792172 
0.210000 	 0.231077 
0.220000 	 -0.087713 
0.230000 	 1.029205 
0.240000 	 -0.046223 
0.250000 	 1.815880 
0.260000 	 1.112078 
0.270000 	 -0.491595 
0.280000 	 -1.824245 
0.290000 	 -0.579665 
0.300000 	 0.053434 
0.310000 	 0.511344 
0.320000 	 -0.290475 
0.330000 	 -0.725471 
0.340000 	 -0.300106 
0.350000 	 0.318128 
0.360000 	 -0.359188 
0.370000 	 -0.623525 
0.380000 	 0.344526 
0.390000 	 0.993692 
0.400000 	 0.669821 
0.410000 	 1.555773 
0.420000 	 0.270735 
0.430000 	 1.281952 
0.440000 	 0.027140 
0.450000 	 1.108948 
0.460000 	 -1.010827 
0.470000 	 1.281689 
0.480000 	 0.583010 
0.490000 	 -0.120688 
0.500000 	 0.496659 
0.510000 	 -1.600806 
0.520000 	 2.186722 
0.530000 	 -0.644439 
0.540000 	 0.617554 
0.550000 	 1.131150 
0.560000 	 0.053739 
0.570000 	 0.554320 
0.580000 	 -0.551926 
0.590000 	 1.402118 
0.600000 	 -1.052857 
0.610000 	 -0.351231 
0.620000 	 0.587420 
0.630000 	 -0.525885 
0.640000 	 -1.555818 
0.650000 	 0.384054 
0.660000 	 0.090892 
0.670000 	 -0.541013 
0.680000 	 -0.667433 
0.690000 	 0.361014 
0.700000 	 0.737886 
0.710000 	 0.010863 
0.720000 	 -1.976547 
0.730000 	 -0.807534 
0.740000 	 -1.481214 
0.750000 	 -0.029759 
0.760000 	 -0.114090 
0.770000 	 -0.253619 
0.780000 	 0.184023 
0.790000 	 -0.394030 
0.800000 	 -0.147707 
0.810000 	 -0.055587 
0.820000 	 0.203277 
0.830000 	 -1.185422 
0.840000 	 -0.255360 
0.850000 	 0.597264 
0.860000 	 -0.258928 
0.870000 	 1.090272 
0.880000 	 0.239173 
0.890000 	 0.312293 
0.900000 	 -0.933943 
0.910000 	 -0.394268 
0.920000 	 -0.989204 
0.930000 	 -0.839596 
0.940000 	 -0.353381 
0.950000 	 -0.278187 
0.960000 	 -0.628943 
0.970000 	 -1.013036 
0.980000 	 -0.149345 
0.990000 	 -1.004036 
1.000000 	 -0.915682 
1.010000 	 0.403668 
1.020000 	 -0.687283 
1.030000 	 0.440935 
1.040000 	 0.220436 
1.050000 	 0.789150 
1.060000 	 -0.026976 
1.070000 	 -0.238160 
1.080000 	 -1.779109 
1.090000 	 -0.517975 
1.100000 	 -1.038190 
1.110000 	 -0.365270 
1.120000 	 -0.626636 
1.130000 	 0.434300 
1.140000 	 -0.555467 
1.150000 	 0.110654 
1.160000 	 -0.633549 
1.170000 	 0.395822 
1.180000 	 -1.790418 
1.190000 	 -0.492323 
1.200000 	 0.025274 
1.210000 	 -0.611729 
1.220000 	 0.054308 
1.230000 	 -1.256153 
1.240000 	 -1.273210 
1.250000 	 -2.272432 
1.260000 	 -1.031242 
1.270000 	 0.019771 
1.280000 	 -0.608124 
1.290000 	 -2.776315 
1.300000 	 0.067641 
1.310000 	 -1.315875 
1.320000 	 -0.805086 
1.330000 	 -1.451428 
1.340000 	 -0.139805 
1.350000 	 -1.153754 
1.360000 	 -1.227985 
1.370000 	 -1.626279 
1.380000 	 -0.841542 
1.390000 	 -0.603950 
1.400000 	 0.187287 
1.410000 	 -1.590170 
1.420000 	 -1.038726 
1.430000 	 -0.913096 
1.440000 	 -0.479911 
1.450000 	 -1.160341 
1.460000 	 -0.632950 
1.470000 	 -2.505857 
1.480000 	 -0.921671 
1.490000 	 -0.465544 
1.500000 	 -1.901327 
1.510000 	 -1.203075 
1.520000 	 -0.647592 
1.530000 	 -1.357553 
1.540000 	 0.208038 
1.550000 	 -1.632224 
1.560000 	 -0.180688 
1.570000 	 -1.428431 
1.580000 	 -1.368822 
1.590000 	 -1.654452 
1.600000 	 -1.335516 
1.610000 	 -2.587603 
1.620000 	 -0.035549 
1.630000 	 -0.480656 
1.640000 	 -0.562535 
1.650000 	 -1.538327 
1.660000 	 0.125882 
1.670000 	 -2.878604 
1.680000 	 -1.059550 
1.690000 	 -0.424413 
1.700000 	 -2.306499 
1.710000 	 -2.026906 
1.720000 	 -2.017311 
1.730000 	 -0.325889 
1.740000 	 -2.109060 
1.750000 	 -1.318260 
1.760000 	 -1.318440 
1.770000 	 -1.126162 
1.780000 	 -1.748421 
1.790000 	 -2.224383 
1.800000 	 -1.695667 
1.810000 	 -2.053179 
1.820000 	 -0.626409 
1.830000 	 -2.583526 
1.840000 	 -0.809544 
1.850000 	 -1.849081 
1.860000 	 -2.232891 
1.870000 	 -1.107662 
1.880000 	 -1.793223 
1.890000 	 -2.138740 
1.900000 	 -1.471694 
1.910000 	 -2.663700 
1.920000 	 -0.811505 
1.930000 	 -0.613250 
1.940000 	 -2.842667 
1.950000 	 -0.820480 
1.960000 	 0.425634 
1.970000 	 -0.553103 
1.980000 	 -0.171216 
1.990000 	 -3.379749 
2.000000 	 -2.371928 
2.010000 	 0.210768 
2.020000 	 -2.253588 
2.030000 	 -1.483031 
2.040000 	 -2.108234 
2.050000 	 -2.863595 
2.060000 	 -1.786134 
2.070000 	 -1.445742 
2.080000 	 -2.687342 
2.090000 	 -2.411151 
2.100000 	 -2.889835 
2.110000 	 -1.572160 
2.120000 	 -1.415748 
2.130000 	 -1.338107 
2.140000 	 -1.905992 
2.150000 	 -2.684352 
2.160000 	 -1.525405 
2.170000 	 -1.985194 
2.180000 	 -1.167975 
2.190000 	 -3.162025 
2.200000 	 -1.943064 
2.210000 	 -0.419242 
2.220000 	 -3.374801 
2.230000 	 -1.508500 
2.240000 	 -2.070744 
2.250000 	 -0.825445 
2.260000 	 -1.352115 
2.270000 	 -0.983298 
2.280000 	 -1.874415 
2.290000 	 -3.136015 
2.300000 	 -1.953858 
2.310000 	 -2.821162 
2.320000 	 -2.458807 
2.330000 	 -1.030739 
2.340000 	 -2.340429 
2.350000 	 -2.828446 
2.360000 	 -2.908734 
2.370000 	 -3.968368 
2.380000 	 -1.997248 
2.390000 	 -2.109860 
2.400000 	 -1.360272 
2.410000 	 -2.461316 
2.420000 	 -2.974817 
2.430000 	 -3.011538 
2.440000 	 -2.388500 
2.450000 	 -2.457194 
2.460000 	 -2.489984 
2.470000 	 -3.555049 
2.480000 	 -3.076947 
2.490000 	 -3.459114 
2.500000 	 -2.626759 
2.510000 	 -2.248991 
2.520000 	 -2.974246 
2.530000 	 -1.661373 
2.540000 	 -3.516992 
2.550000 	 -1.823584 
2.560000 	 -1.577510 
2.570000 	 -2.767354 
2.580000 	 -2.347278 
2.590000 	 -3.058619 
2.600000 	 -1.953473 
2.610000 	 -1.647307 
2.620000 	 -2.275362 
2.630000 	 -1.854456 
2.640000 	 -2.775236 
2.650000 	 -2.725025 
2.660000 	 -3.301960 
2.670000 	 -2.608348 
2.680000 	 -2.339708 
2.690000 	 -2.895656 
2.700000 	 -1.593763 
2.710000 	 -2.570726 
2.720000 	 -3.785916 
2.730000 	 -2.867949 
2.740000 	 -1.283329 
2.750000 	 -3.540622 
2.760000 	 -2.879426 
2.770000 	 -4.892460 
2.780000 	 -1.301774 
2.790000 	 -2.284895 
2.800000 	 -2.551841 
2.810000 	 -2.542068 
2.820000 	 -2.945211 
2.830000 	 -2.800254 
2.840000 	 -2.935186 
2.850000 	 -3.383704 
2.860000 	 -3.878873 
2.870000 	 -3.831665 
2.880000 	 -2.927791 
2.890000 	 -2.554799 
2.900000 	 -1.333463 
2.910000 	 -2.638871 
2.920000 	 -2.251447 
2.930000 	 -2.203035 
2.940000 	 -3.114040 
2.950000 	 -2.527788 
2.960000 	 -2.992329 
2.970000 	 -3.655884 
2.980000 	 -3.598064 
2.990000 	 -4.179927 
3.000000 	 -3.636847 
3.010000 	 -2.115234 
3.020000 	 -4.382687 
3.030000 	 -3.740862 
3.040000 	 -1.687206 
3.050000 	 -2.399954 
3.060000 	 -4.529961 
3.070000 	 -2.828827 
3.080000 	 -2.333040 
3.090000 	 -2.729492 
3.100000 	 -2.952722 
3.110000 	 -2.814241 
3.120000 	 -2.780460 
3.130000 	 -3.290137 
3.140000 	 -3.624839 
3.150000 	 -2.412822 
3.160000 	 -3.122605 
3.170000 	 -2.874754 
3.180000 	 -1.669279 
3.190000 	 -4.250641 
3.200000 	 -3.228366 
3.210000 	 -4.146772 
3.220000 	 -5.102859 
3.230000 	 -3.762327 
3.240000 	 -2.452084 
3.250000 	 -3.303509 
3.260000 	 -2.937031 
3.270000 	 -4.010863 
3.280000 	 -1.536522 
3.290000 	 -2.244974 
3.300000 	 -2.945156 
3.310000 	 -4.290081 
3.320000 	 -3.368416 
3.330000 	 -2.967392 
3.340000 	 -2.738771 
3.350000 	 -2.514705 
3.360000 	 -2.890439 
3.370000 	 -3.228688 
3.380000 	 -3.419161 
3.390000 	 -3.717094 
3.400000 	 -3.240666 
3.410000 	 -5.055529 
3.420000 	 -2.805508 
3.430000 	 -2.475900 
3.440000 	 -3.408824 
3.450000 	 -3.633325 
3.460000 	 -3.967041 
3.470000 	 -3.273322 
3.480000 	 -3.757672 
3.490000 	 -3.187635 
3.500000 	 -5.297919 
3.510000 	 -1.884035 
3.520000 	 -3.708853 
3.530000 	 -2.917551 
3.540000 	 -3.860796 
3.550000 	 -2.908213 
3.560000 	 -3.602562 
3.570000 	 -3.020819 
3.580000 	 -3.578887 
3.590000 	 -4.604737 
3.600000 	 -3.781256 
3.610000 	 -4.505269 
3.620000 	 -3.472437 
3.630000 	 -4.082621 
3.640000 	 -1.953514 
3.650000 	 -3.858041 
3.660000 	 -3.686201 
3.670000 	 -4.882482 
3.680000 	 -3.963392 
3.690000 	 -6.343120 
3.700000 	 -4.385272 
3.710000 	 -3.650979 
3.720000 	 -3.657085 
3.730000 	 -4.097945 
3.740000 	 -2.963320 
3.750000 	 -4.258839 
3.760000 	 -4.411113 
3.770000 	 -4.449608 
3.780000 	 -5.228638 
3.790000 	 -4.264219 
3.800000 	 -4.639168 
3.810000 	 -5.223300 
3.820000 	 -3.119842 
3.830000 	 -3.387382 
3.840000 	 -5.523557 
3.850000 	 -3.481809 
3.860000 	 -4.340533 
3.870000 	 -4.683724 
3.880000 	 -3.683407 
3.890000 	 -4.465523 
3.900000 	 -3.649689 
3.910000 	 -3.663738 
3.920000 	 -4.464788 
3.930000 	 -6.638570 
3.940000 	 -3.922965 
3.950000 	 -4.024446 
3.960000 	 -4.751328 
3.970000 	 -4.555759 
3.980000 	 -5.364965 
3.990000 	 -3.429000 
4.000000 	 -4.009278 
4.010000 	 -3.990568 
4.020000 	 -3.305328 
4.030000 	 -3.942959 
4.040000 	 -4.612453 
4.050000 	 -4.328994 
4.060000 	 -3.623515 
4.070000 	 -3.428751 
4.080000 	 -3.871266 
4.090000 	 -3.240639 
4.100000 	 -4.462762 
4.110000 	 -4.372812 
4.120000 	 -5.112360 
4.130000 	 -4.943259 
4.140000 	 -2.781569 
4.150000 	 -3.206590 
4.160000 	 -4.549162 
4.170000 	 -5.322544 
4.180000 	 -4.210336 
4.190000 	 -6.243169 
4.200000 	 -4.270272 
4.210000 	 -4.463279 
4.220000 	 -4.878056 
4.230000 	 -5.101997 
4.240000 	 -4.654077 
4.250000 	 -5.063221 
4.260000 	 -4.531573 
4.270000 	 -5.358504 
4.280000 	 -4.765423 
4.290000 	 -4.148723 
4.300000 	 -4.902308 
4.310000 	 -4.740975 
4.320000 	 -3.953004 
4.330000 	 -4.548214 
4.340000 	 -4.933259 
4.350000 	 -5.073602 
4.360000 	 -4.473001 
4.370000 	 -4.492105 
4.380000 	 -3.349071 
4.390000 	 -6.537513 
4.400000 	 -4.573203 
4.410000 	 -5.111354 
4.420000 	 -4.733420 
4.430000 	 -5.529599 
4.440000 	 -4.921974 
4.450000 	 -5.037798 
4.460000 	 -4.511751 
4.470000 	 -5.148542 
4.480000 	 -6.973018 
4.490000 	 -5.211178 
4.500000 	 -5.086533 
4.510000 	 -5.249245 
4.520000 	 -5.431372 
4.530000 	 -4.872933 
4.540000 	 -3.994129 
4.550000 	 -6.528435 
4.560000 	 -3.605255 
4.570000 	 -6.543834 
4.580000 	 -5.161428 
4.590000 	 -6.014315 
4.600000 	 -4.406022 
4.610000 	 -6.504840 
4.620000 	 -6.337795 
4.630000 	 -3.682483 
4.640000 	 -4.885561 
4.650000 	 -5.367577 
4.660000 	 -4.478578 
4.670000 	 -4.765672 
4.680000 	 -5.374911 
4.690000 	 -4.364379 
4.700000 	 -5.111457 
4.710000 	 -5.490015 
4.720000 	 -4.338278 
4.730000 	 -5.641638 
4.740000 	 -5.593705 
4.750000 	 -4.608558 
4.760000 	 -5.847734 
4.770000 	 -4.691699 
4.780000 	 -4.475496 
4.790000 	 -5.492538 
4.800000 	 -5.325949 
4.810000 	 -4.946010 
4.820000 	 -3.850626 
4.830000 	 -5.259988 
4.840000 	 -4.279728 
4.850000 	 -6.765462 
4.860000 	 -5.476432 
4.870000 	 -6.191910 
4.880000 	 -5.744576 
4.890000 	 -5.414656 
4.900000 	 -5.957679 
4.910000 	 -5.390508 
4.920000 	 -6.880773 
4.930000 	 -4.996710 
4.940000 	 -6.754708 
4.950000 	 -6.308530 
4.960000 	 -6.085211 
4.970000 	 -4.094299 
4.980000 	 -5.656217 
4.990000 	 -5.812828 
5.000000 	 -6.404139 
