0.000000 	 0.372782 
0.010000 	 2.042136 
0.020000 	 1.382531 
0.030000 	 -0.481624 
0.040000 	 0.044218 
0.050000 	 0.820153 
0.060000 	 0.009580 
0.070000 	 1.501708 
0.080000 	 0.646859 
0.090000 	 1.133855 
0.100000 	 -0.191754 
0.110000 	 -0.014971 
0.120000 	 0.208214 
0.130000 	 0.987962 
0.140000 	 1.146254 
0.150000 	 3.068272 
0.160000 	 0.906950 
0.170000 	 -0.327153 
0.180000 	 0.208851 
0.190000 	 -0.259190 
0.200000 	 0.566380 
0.210000 	 0.802578 
0.220000 	 0.090494 
0.230000 	 0.873686 
0.240000 	 -0.180799 
0.250000 	 -1.321369 
0.260000 	 0.187835 
0.270000 	 0.323730 
0.280000 	 -0.578191 
0.290000 	 0.023652 
0.300000 	 -0.272828 
0.310000 	 1.505258 
0.320000 	 0.085324 
0.330000 	 0.114464 
0.340000 	 0.382353 
0.350000 	 0.143321 
0.360000 	 -0.407677 
0.370000 	 -0.819136 
0.380000 	 -0.671052 
0.390000 	 -0.173185 
0.400000 	 0.496160 
0.410000 	 0.380299 
0.420000 	 0.356561 
0.430000 	 0.271287 
0.440000 	 0.059362 
0.450000 	 0.186631 
0.460000 	 0.809708 
0.470000 	 -0.181202 
0.480000 	 1.297583 
0.490000 	 0.254963 
0.500000 	 1.804061 
0.510000 	 0.222212 
0.520000 	 0.371073 
0.530000 	 -1.208926 
0.540000 	 0.769403 
0.550000 	 0.427652 
0.560000 	 -0.708382 
0.570000 	 1.830231 
0.580000 	 -1.408608 
0.590000 	 0.004553 
0.600000 	 -0.011700 
0.610000 	 0.287353 
0.620000 	 0.047714 
0.630000 	 0.069246 
0.640000 	 -0.643843 
0.650000 	 0.651044 
0.660000 	 -0.193872 
0.670000 	 -0.760242 
0.680000 	 0.040835 
0.690000 	 0.871324 
0.700000 	 -0.769428 
0.710000 	 -0.982490 
0.720000 	 0.138934 
0.730000 	 -0.701338 
0.740000 	 -0.152765 
0.750000 	 0.870130 
0.760000 	 -0.928728 
0.770000 	 -0.565713 
0.780000 	 -0.095802 
0.790000 	 -0.943183 
0.800000 	 -0.261260 
0.810000 	 -1.089868 
0.820000 	 -1.817638 
0.830000 	 -0.025725 
0.840000 	 -0.523135 
0.850000 	 0.121441 
0.860000 	 1.342623 
0.870000 	 -1.384856 
0.880000 	 -1.347619 
0.890000 	 -1.586689 
0.900000 	 0.479107 
0.910000 	 -0.067402 
0.920000 	 -2.756322 
0.930000 	 0.110116 
0.940000 	 -1.050744 
0.950000 	 0.450826 
0.960000 	 -1.021235 
0.970000 	 -0.732168 
0.980000 	 -0.794972 
0.990000 	 -2.657986 
1.000000 	 -0.319316 
1.010000 	 -0.720983 
1.020000 	 0.020021 
1.030000 	 1.136414 
1.040000 	 -0.555564 
1.050000 	 -0.864327 
1.060000 	 -0.351128 
1.070000 	 0.389596 
1.080000 	 0.095567 
1.090000 	 -0.455417 
1.100000 	 -0.778128 
1.110000 	 -1.328758 
1.120000 	 -1.295500 
1.130000 	 -0.786039 
1.140000 	 0.187987 
1.150000 	 -0.010627 
1.160000 	 -1.905348 
1.170000 	 -0.775176 
1.180000 	 -1.034225 
1.190000 	 -0.833436 
1.200000 	 -0.802122 
1.210000 	 -1.346861 
1.220000 	 -1.685170 
1.230000 	 -1.249146 
1.240000 	 -1.712943 
1.250000 	 1.316612 
1.260000 	 -0.484704 
1.270000 	 1.431361 
1.280000 	 0.024673 
1.290000 	 -1.439059 
1.300000 	 0.105938 
1.310000 	 0.500821 
1.320000 	 0.673807 
1.330000 	 -1.327628 
1.340000 	 -1.431594 
1.350000 	 0.347479 
1.360000 	 -1.463611 
1.370000 	 -0.867427 
1.380000 	 -1.276258 
1.390000 	 -1.573137 
1.400000 	 -0.978181 
1.410000 	 -2.671146 
1.420000 	 -2.461613 
1.430000 	 -1.512214 
1.440000 	 -1.182000 
1.450000 	 0.622858 
1.460000 	 -1.020648 
1.470000 	 -1.654721 
1.480000 	 -0.937663 
1.490000 	 -1.000789 
1.500000 	 -1.318487 
1.510000 	 -0.848255 
1.520000 	 -1.897491 
1.530000 	 -2.213870 
1.540000 	 -1.310954 
1.550000 	 -3.560372 
1.560000 	 0.045503 
1.570000 	 -1.940064 
1.580000 	 -0.568309 
1.590000 	 -1.098659 
1.600000 	 -1.913311 
1.610000 	 -0.672404 
1.620000 	 -2.878429 
1.630000 	 -2.158610 
1.640000 	 -1.109893 
1.650000 	 -1.054635 
1.660000 	 -2.202826 
1.670000 	 -1.605019 
1.680000 	 -2.530251 
1.690000 	 -0.818811 
1.700000 	 -1.824876 
1.710000 	 -1.299228 
1.720000 	 -0.803376 
1.730000 	 -1.051734 
1.740000 	 -2.522029 
1.750000 	 -0.434701 
1.760000 	 -1.707763 
1.770000 	 -1.863821 
1.780000 	 -1.063035 
1.790000 	 -1.999935 
1.800000 	 -1.175792 
1.810000 	 -0.099414 
1.820000 	 -2.170997 
1.830000 	 0.353438 
1.840000 	 -2.135788 
1.850000 	 -0.110095 
1.860000 	 -0.623998 
1.870000 	 -1.250256 
1.880000 	 -2.175618 
1.890000 	 -1.773310 
1.900000 	 -2.305644 
1.910000 	 -1.389242 
1.920000 	 -1.683290 
1.930000 	 -0.273573 
1.940000 	 -0.530666 
1.950000 	 -2.331180 
1.960000 	 -2.779597 
1.970000 	 -3.210791 
1.980000 	 -1.699272 
1.990000 	 -1.736753 
2.000000 	 -2.147606 
2.010000 	 -1.667602 
2.020000 	 -1.411144 
2.030000 	 -1.464518 
2.040000 	 -1.873010 
2.050000 	 -1.634460 
2.060000 	 -2.592875 
2.070000 	 -3.129660 
2.080000 	 -0.709521 
2.090000 	 -1.994528 
2.100000 	 -1.191384 
2.110000 	 -2.040887 
2.120000 	 -0.558199 
2.130000 	 -1.379352 
2.140000 	 -2.114984 
2.150000 	 -1.450282 
2.160000 	 -1.524863 
2.170000 	 -5.147630 
2.180000 	 -2.611917 
2.190000 	 -2.483441 
2.200000 	 -1.977422 
2.210000 	 -2.981064 
2.220000 	 -0.992702 
2.230000 	 -1.690139 
2.240000 	 -2.026091 
2.250000 	 -2.446119 
2.260000 	 -1.971354 
2.270000 	 -1.593297 
2.280000 	 -2.932411 
2.290000 	 -0.652390 
2.300000 	 -1.699409 
2.310000 	 -2.676003 
2.320000 	 -3.150947 
2.330000 	 -3.328388 
2.340000 	 -0.864673 
2.350000 	 -2.836176 
2.360000 	 -1.790331 
2.370000 	 -1.944120 
2.380000 	 -3.461731 
2.390000 	 -2.294299 
2.400000 	 -2.252784 
2.410000 	 -2.785143 
2.420000 	 -1.512020 
2.430000 	 -2.040962 
2.440000 	 -1.976813 
2.450000 	 -1.281153 
2.460000 	 -2.351626 
2.470000 	 -2.452581 
2.480000 	 -1.628568 
2.490000 	 -1.225558 
2.500000 	 -3.438258 
2.510000 	 -1.429077 
2.520000 	 -2.229610 
2.530000 	 -1.533386 
2.540000 	 -2.578039 
2.550000 	 -2.952054 
2.560000 	 -1.570125 
2.570000 	 -2.565320 
2.580000 	 -2.635679 
2.590000 	 -3.928481 
2.600000 	 -1.241434 
2.610000 	 -1.622913 
2.620000 	 -1.757930 
2.630000 	 -2.604407 
2.640000 	 -3.673478 
2.650000 	 -2.136995 
2.660000 	 -3.779416 
2.670000 	 -2.784212 
2.680000 	 -0.874449 
2.690000 	 -2.947968 
2.700000 	 -2.068806 
2.710000 	 -1.848811 
2.720000 	 -3.310628 
2.730000 	 -1.938984 
2.740000 	 -2.996425 
2.750000 	 -2.554828 
2.760000 	 -2.457535 
2.770000 	 -2.685288 
2.780000 	 -3.446136 
2.790000 	 -2.022738 
2.800000 	 -3.008987 
2.810000 	 -2.419330 
2.820000 	 -2.862896 
2.830000 	 -2.912738 
2.840000 	 -2.192765 
2.850000 	 -3.757404 
2.860000 	 -1.728707 
2.870000 	 -2.321174 
2.880000 	 -1.251173 
2.890000 	 -1.781606 
2.900000 	 -4.673902 
2.910000 	 -4.876946 
2.920000 	 -3.233822 
2.930000 	 -2.583683 
2.940000 	 -4.418639 
2.950000 	 -3.076943 
2.960000 	 -3.458096 
2.970000 	 -1.465323 
2.980000 	 -4.057583 
2.990000 	 -3.192814 
3.000000 	 -4.113166 
3.010000 	 -2.176555 
3.020000 	 -3.042179 
3.030000 	 -3.674045 
3.040000 	 -3.011334 
3.050000 	 -3.407972 
3.060000 	 -2.759868 
3.070000 	 -3.282326 
3.080000 	 -3.063293 
3.090000 	 -2.983539 
3.100000 	 -1.912394 
3.110000 	 -3.186762 
3.120000 	 -3.891542 
3.130000 	 -3.763061 
3.140000 	 -4.551273 
3.150000 	 -3.112943 
3.160000 	 -4.080289 
3.170000 	 -2.778767 
3.180000 	 -4.140372 
3.190000 	 -1.952871 
3.200000 	 -3.784305 
3.210000 	 -4.234452 
3.220000 	 -3.156012 
3.230000 	 -3.783062 
3.240000 	 -1.339398 
3.250000 	 -3.190912 
3.260000 	 -2.882443 
3.270000 	 -4.873062 
3.280000 	 -3.962993 
3.290000 	 -3.762829 
3.300000 	 -3.753669 
3.310000 	 -2.820516 
3.320000 	 -3.172817 
3.330000 	 -2.296858 
3.340000 	 -5.779693 
3.350000 	 -3.165948 
3.360000 	 -3.729949 
3.370000 	 -4.008163 
3.380000 	 -4.303289 
3.390000 	 -3.395529 
3.400000 	 -4.889449 
3.410000 	 -2.625608 
3.420000 	 -2.698954 
3.430000 	 -3.050590 
3.440000 	 -3.210002 
3.450000 	 -4.539816 
3.460000 	 -5.153428 
3.470000 	 -3.236472 
3.480000 	 -3.050123 
3.490000 	 -2.599870 
3.500000 	 -4.959187 
3.510000 	 -3.359726 
3.520000 	 -4.618861 
3.530000 	 -4.936824 
3.540000 	 -5.832820 
3.550000 	 -4.271575 
3.560000 	 -3.618210 
3.570000 	 -3.477016 
3.580000 	 -3.842582 
3.590000 	 -3.481495 
3.600000 	 -2.318159 
3.610000 	 -4.216932 
3.620000 	 -1.893821 
3.630000 	 -4.745497 
3.640000 	 -4.413161 
3.650000 	 -3.718086 
3.660000 	 -4.996727 
3.670000 	 -2.848589 
3.680000 	 -3.010543 
3.690000 	 -5.116800 
3.700000 	 -2.943284 
3.710000 	 -3.139374 
3.720000 	 -3.576255 
3.730000 	 -4.289284 
3.740000 	 -5.445933 
3.750000 	 -3.320016 
3.760000 	 -3.859836 
3.770000 	 -4.208032 
3.780000 	 -4.427053 
3.790000 	 -5.393492 
3.800000 	 -4.344600 
3.810000 	 -2.241660 
3.820000 	 -4.674353 
3.830000 	 -3.948597 
3.840000 	 -4.423015 
3.850000 	 -6.666596 
3.860000 	 -5.141872 
3.870000 	 -3.007275 
3.880000 	 -2.879826 
3.890000 	 -4.111318 
3.900000 	 -4.492562 
3.910000 	 -3.720613 
3.920000 	 -2.743734 
3.930000 	 -3.619850 
3.940000 	 -5.019913 
3.950000 	 -4.427965 
3.960000 	 -3.784939 
3.970000 	 -5.091475 
3.980000 	 -4.428097 
3.990000 	 -5.411780 
4.000000 	 -4.469084 
4.010000 	 -4.412284 
4.020000 	 -4.112990 
4.030000 	 -3.638022 
4.040000 	 -3.654298 
4.050000 	 -3.508904 
4.060000 	 -4.132137 
4.070000 	 -4.853356 
4.080000 	 -4.925221 
4.090000 	 -3.536196 
4.100000 	 -4.153722 
4.110000 	 -4.817858 
4.120000 	 -4.151696 
4.130000 	 -4.180536 
4.140000 	 -4.037066 
4.150000 	 -6.430099 
4.160000 	 -3.153737 
4.170000 	 -4.361266 
4.180000 	 -4.724948 
4.190000 	 -4.507396 
4.200000 	 -5.443237 
4.210000 	 -4.967481 
4.220000 	 -3.492999 
4.230000 	 -4.548920 
4.240000 	 -4.254185 
4.250000 	 -4.423343 
4.260000 	 -5.291950 
4.270000 	 -4.495608 
4.280000 	 -4.516356 
4.290000 	 -4.838462 
4.300000 	 -4.478497 
4.310000 	 -4.361212 
4.320000 	 -3.033927 
4.330000 	 -4.569690 
4.340000 	 -5.713742 
4.350000 	 -6.533491 
4.360000 	 -3.262005 
4.370000 	 -5.204527 
4.380000 	 -5.088562 
4.390000 	 -4.173326 
4.400000 	 -4.424949 
4.410000 	 -5.572628 
4.420000 	 -5.757112 
4.430000 	 -6.506103 
4.440000 	 -5.456033 
4.450000 	 -5.005846 
4.460000 	 -5.679417 
4.470000 	 -4.369413 
4.480000 	 -4.995524 
4.490000 	 -2.909530 
4.500000 	 -4.970991 
4.510000 	 -5.326864 
4.520000 	 -4.828153 
4.530000 	 -3.091792 
4.540000 	 -4.253211 
4.550000 	 -4.936943 
4.560000 	 -3.992168 
4.570000 	 -5.065684 
4.580000 	 -6.495560 
4.590000 	 -3.825962 
4.600000 	 -5.100220 
4.610000 	 -4.776808 
4.620000 	 -5.711494 
4.630000 	 -5.424765 
4.640000 	 -5.633631 
4.650000 	 -3.728204 
4.660000 	 -4.839259 
4.670000 	 -4.371508 
4.680000 	 -5.692429 
4.690000 	 -5.729476 
4.700000 	 -3.848842 
4.710000 	 -5.462943 
4.720000 	 -6.063058 
4.730000 	 -4.149997 
4.740000 	 -5.948282 
4.750000 	 -5.431183 
4.760000 	 -4.987072 
4.770000 	 -4.361849 
4.780000 	 -6.008690 
4.790000 	 -5.024971 
4.800000 	 -4.294935 
4.810000 	 -5.945796 
4.820000 	 -5.188869 
4.830000 	 -4.234503 
4.840000 	 -5.680170 
4.850000 	 -5.467886 
4.860000 	 -6.595502 
4.870000 	 -6.970107 
4.880000 	 -5.047668 
4.890000 	 -4.755067 
4.900000 	 -5.907617 
4.910000 	 -5.551164 
4.920000 	 -5.471188 
4.930000 	 -2.975738 
4.940000 	 -5.374754 
4.950000 	 -5.207771 
4.960000 	 -5.183253 
4.970000 	 -3.494991 
4.980000 	 -6.021526 
4.990000 	 -6.436122 
5.000000 	 -7.740092 
