0.000000 	 0.877585 
0.010000 	 0.355273 
0.020000 	 1.344984 
0.030000 	 -0.457488 
0.040000 	 0.524093 
0.050000 	 1.013979 
0.060000 	 1.282926 
0.070000 	 1.520031 
0.080000 	 -0.946637 
0.090000 	 0.073318 
0.100000 	 -0.370861 
0.110000 	 -0.390411 
0.120000 	 0.905648 
0.130000 	 0.172182 
0.140000 	 1.073065 
0.150000 	 1.093265 
0.160000 	 -0.575791 
0.170000 	 -0.654907 
0.180000 	 -0.875218 
0.190000 	 0.644934 
0.200000 	 -0.151576 
0.210000 	 1.523910 
0.220000 	 -0.054046 
0.230000 	 -0.991549 
0.240000 	 0.356099 
0.250000 	 0.123715 
0.260000 	 0.994582 
0.270000 	 0.374989 
0.280000 	 -0.072792 
0.290000 	 -0.234704 
0.300000 	 0.269249 
0.310000 	 -0.187623 
0.320000 	 1.954246 
0.330000 	 0.700426 
0.340000 	 0.387595 
0.350000 	 -0.534699 
0.360000 	 -0.295903 
0.370000 	 -1.426492 
0.380000 	 -1.023588 
0.390000 	 0.049091 
0.400000 	 -2.009268 
0.410000 	 -1.605854 
0.420000 	 -0.130895 
0.430000 	 0.608002 
0.440000 	 0.416601 
0.450000 	 0.323354 
0.460000 	 1.386148 
0.470000 	 0.421507 
0.480000 	 0.353965 
0.490000 	 1.341864 
0.500000 	 0.080665 
0.510000 	 -0.134481 
0.520000 	 -2.310015 
0.530000 	 0.232917 
0.540000 	 0.459433 
0.550000 	 -1.165936 
0.560000 	 -0.757922 
0.570000 	 -0.320872 
0.580000 	 0.653535 
0.590000 	 -1.162586 
0.600000 	 -0.345772 
0.610000 	 -0.544237 
0.620000 	 0.358274 
0.630000 	 0.302129 
0.640000 	 -0.750659 
0.650000 	 1.214193 
0.660000 	 -0.086733 
0.670000 	 0.220908 
0.680000 	 0.408653 
0.690000 	 -0.364886 
0.700000 	 -0.311651 
0.710000 	 0.072310 
0.720000 	 -0.830555 
0.730000 	 0.135003 
0.740000 	 -0.556788 
0.750000 	 -0.179155 
0.760000 	 0.199714 
0.770000 	 0.525090 
0.780000 	 0.781397 
0.790000 	 -0.474500 
0.800000 	 -1.414065 
0.810000 	 -0.388547 
0.820000 	 0.928721 
0.830000 	 0.276945 
0.840000 	 0.456187 
0.850000 	 -1.062237 
0.860000 	 -0.730346 
0.870000 	 0.011575 
0.880000 	 0.896498 
0.890000 	 0.870496 
0.900000 	 -0.634562 
0.910000 	 -1.186635 
0.920000 	 -0.449318 
0.930000 	 1.675610 
0.940000 	 -0.190210 
0.950000 	 -1.385933 
0.960000 	 -0.659178 
0.970000 	 -1.650493 
0.980000 	 -0.263468 
0.990000 	 -2.191045 
1.000000 	 -0.565334 
1.010000 	 -0.263172 
1.020000 	 -0.633242 
1.030000 	 -0.154501 
1.040000 	 -0.566725 
1.050000 	 -1.386576 
1.060000 	 -0.899299 
1.070000 	 -0.804854 
1.080000 	 0.779806 
1.090000 	 -1.323497 
1.100000 	 0.584163 
1.110000 	 -0.229549 
1.120000 	 -0.170534 
1.130000 	 -1.060315 
1.140000 	 -1.571325 
1.150000 	 -0.734146 
1.160000 	 -1.050482 
1.170000 	 -3.632484 
1.180000 	 -0.917251 
1.190000 	 0.864370 
1.200000 	 -0.833371 
1.210000 	 -1.706417 
1.220000 	 -1.345597 
1.230000 	 -1.863042 
1.240000 	 -1.337824 
1.250000 	 -1.008532 
1.260000 	 -1.745848 
1.270000 	 0.236195 
1.280000 	 -0.864541 
1.290000 	 -0.657252 
1.300000 	 -0.130226 
1.310000 	 0.373706 
1.320000 	 -1.572855 
1.330000 	 -1.533009 
1.340000 	 -1.802554 
1.350000 	 -0.630399 
1.360000 	 -0.169685 
1.370000 	 -0.664346 
1.380000 	 -0.128697 
1.390000 	 -0.119567 
1.400000 	 -0.507511 
1.410000 	 -1.870235 
1.420000 	 0.139607 
1.430000 	 -1.569404 
1.440000 	 -1.321346 
1.450000 	 -1.476050 
1.460000 	 -1.751747 
1.470000 	 -0.708944 
1.480000 	 -1.621841 
1.490000 	 -1.601765 
1.500000 	 -1.377401 
1.510000 	 -1.253638 
1.520000 	 -0.989786 
1.530000 	 -0.539112 
1.540000 	 -1.276800 
1.550000 	 -1.223443 
1.560000 	 -0.635624 
1.570000 	 0.201877 
1.580000 	 -0.937796 
1.590000 	 -1.757424 
1.600000 	 -1.423345 
1.610000 	 -0.398156 
1.620000 	 -1.961098 
1.630000 	 -1.500271 
1.640000 	 -1.905484 
1.650000 	 -2.590278 
1.660000 	 -1.985878 
1.670000 	 -1.405783 
1.680000 	 -0.321552 
1.690000 	 -1.252077 
1.700000 	 -2.756590 
1.710000 	 -1.151498 
1.720000 	 -1.889031 
1.730000 	 -2.147233 
1.740000 	 -2.264231 
1.750000 	 -1.135431 
1.760000 	 -2.373766 
1.770000 	 -0.149105 
1.780000 	 -1.951011 
1.790000 	 -1.106582 
1.800000 	 -0.741484 
1.810000 	 -1.613272 
1.820000 	 -1.310272 
1.830000 	 -1.850971 
1.840000 	 -1.802651 
1.850000 	 -2.161438 
1.860000 	 -1.097262 
1.870000 	 -2.839803 
1.880000 	 -1.502669 
1.890000 	 -1.688248 
1.900000 	 -2.227716 
1.910000 	 -1.402634 
1.920000 	 -2.417951 
1.930000 	 -1.655356 
1.940000 	 -1.518615 
1.950000 	 -2.343384 
1.960000 	 -1.520303 
1.970000 	 -1.661156 
1.980000 	 -1.517843 
1.990000 	 -2.867405 
2.000000 	 -1.621769 
2.010000 	 -1.432014 
2.020000 	 -0.404664 
2.030000 	 -2.330980 
2.040000 	 -2.155188 
2.050000 	 -1.292950 
2.060000 	 -1.894718 
2.070000 	 0.161643 
2.080000 	 -2.091215 
2.090000 	 -2.141686 
2.100000 	 -0.664053 
2.110000 	 -1.781700 
2.120000 	 -2.096020 
2.130000 	 -0.800426 
2.140000 	 -1.913596 
2.150000 	 -1.932960 
2.160000 	 -0.619961 
2.170000 	 -2.514580 
2.180000 	 -3.228104 
2.190000 	 -3.471288 
2.200000 	 -2.233467 
2.210000 	 -2.699670 
2.220000 	 -2.193554 
2.230000 	 -2.644371 
2.240000 	 -1.019959 
2.250000 	 -0.963654 
2.260000 	 -1.290653 
2.270000 	 -1.543864 
2.280000 	 -2.019737 
2.290000 	 -1.475672 
2.300000 	 -2.252363 
2.310000 	 -1.353413 
2.320000 	 -2.680519 
2.330000 	 -2.901263 
2.340000 	 -2.373643 
2.350000 	 -1.616060 
2.360000 	 -2.535279 
2.370000 	 -2.661499 
2.380000 	 -2.976596 
2.390000 	 -2.068875 
2.400000 	 -1.559794 
2.410000 	 -1.408001 
2.420000 	 -4.286124 
2.430000 	 -1.763924 
2.440000 	 -1.751956 
2.450000 	 -1.637709 
2.460000 	 -2.042981 
2.470000 	 -3.090169 
2.480000 	 -2.260324 
2.490000 	 -2.416369 
2.500000 	 -2.911200 
2.510000 	 -2.510838 
2.520000 	 -3.860915 
2.530000 	 -2.200119 
2.540000 	 -2.180552 
2.550000 	 -0.896839 
2.560000 	 -2.144715 
2.570000 	 -2.881750 
2.580000 	 -2.300079 
2.590000 	 -2.208881 
2.600000 	 -3.503477 
2.610000 	 -1.305603 
2.620000 	 -2.616682 
2.630000 	 -4.558998 
2.640000 	 -3.587290 
2.650000 	 -1.381474 
2.660000 	 -2.485167 
2.670000 	 -0.159055 
2.680000 	 -2.845782 
2.690000 	 -2.434374 
2.700000 	 -1.802130 
2.710000 	 -1.704196 
2.720000 	 -4.015475 
2.730000 	 -2.555234 
2.740000 	 -4.558289 
2.750000 	 -3.600050 
2.760000 	 -1.050401 
2.770000 	 -3.156817 
2.780000 	 -2.650950 
2.790000 	 -1.717044 
2.800000 	 -1.975383 
2.810000 	 -3.056782 
2.820000 	 -2.284652 
2.830000 	 -1.845967 
2.840000 	 -2.468092 
2.850000 	 -2.837051 
2.860000 	 -2.675201 
2.870000 	 -3.942272 
2.880000 	 -2.145773 
2.890000 	 -2.391737 
2.900000 	 -2.192008 
2.910000 	 -3.493121 
2.920000 	 -2.626242 
2.930000 	 -1.719536 
2.940000 	 -2.558633 
2.950000 	 -2.418486 
2.960000 	 -1.429955 
2.970000 	 -2.652086 
2.980000 	 -4.058020 
2.990000 	 -3.323348 
3.000000 	 -4.387568 
3.010000 	 -3.314104 
3.020000 	 -2.480131 
3.030000 	 -3.455593 
3.040000 	 -2.859043 
3.050000 	 -3.469386 
3.060000 	 -2.680378 
3.070000 	 -3.246401 
3.080000 	 -3.135229 
3.090000 	 -2.954731 
3.100000 	 -3.131974 
3.110000 	 -3.402905 
3.120000 	 -3.520645 
3.130000 	 -3.677427 
3.140000 	 -2.666482 
3.150000 	 -3.709835 
3.160000 	 -2.985034 
3.170000 	 -3.566965 
3.180000 	 -1.292930 
3.190000 	 -3.632891 
3.200000 	 -3.703167 
3.210000 	 -5.349882 
3.220000 	 -3.808261 
3.230000 	 -3.997888 
3.240000 	 -1.903073 
3.250000 	 -3.239922 
3.260000 	 -3.515537 
3.270000 	 -4.244051 
3.280000 	 -3.589282 
3.290000 	 -3.537806 
3.300000 	 -3.276902 
3.310000 	 -2.131527 
3.320000 	 -4.296559 
3.330000 	 -3.281467 
3.340000 	 -2.170841 
3.350000 	 -4.276965 
3.360000 	 -4.053224 
3.370000 	 -3.267233 
3.380000 	 -4.252354 
3.390000 	 -4.075567 
3.400000 	 -3.546272 
3.410000 	 -3.756042 
3.420000 	 -1.739004 
3.430000 	 -2.762702 
3.440000 	 -3.293717 
3.450000 	 -3.365040 
3.460000 	 -3.189314 
3.470000 	 -3.315871 
3.480000 	 -3.868109 
3.490000 	 -4.641757 
3.500000 	 -3.166074 
3.510000 	 -4.689272 
3.520000 	 -4.986427 
3.530000 	 -3.918113 
3.540000 	 -4.014170 
3.550000 	 -4.350209 
3.560000 	 -4.236739 
3.570000 	 -4.239180 
3.580000 	 -3.849777 
3.590000 	 -4.417394 
3.600000 	 -3.500577 
3.610000 	 -2.450569 
3.620000 	 -4.321614 
3.630000 	 -3.770528 
3.640000 	 -4.665430 
3.650000 	 -4.674299 
3.660000 	 -4.503292 
3.670000 	 -2.868985 
3.680000 	 -4.811766 
3.690000 	 -3.922123 
3.700000 	 -4.509292 
3.710000 	 -4.629483 
3.720000 	 -2.684332 
3.730000 	 -2.675074 
3.740000 	 -4.294339 
3.750000 	 -4.641378 
3.760000 	 -4.886553 
3.770000 	 -3.612648 
3.780000 	 -4.744731 
3.790000 	 -4.937150 
3.800000 	 -3.637687 
3.810000 	 -2.123534 
3.820000 	 -3.956901 
3.830000 	 -4.752000 
3.840000 	 -3.496534 
3.850000 	 -5.021756 
3.860000 	 -3.927153 
3.870000 	 -4.536003 
3.880000 	 -6.490224 
3.890000 	 -3.548063 
3.900000 	 -4.746526 
3.910000 	 -3.364820 
3.920000 	 -4.260645 
3.930000 	 -4.252370 
3.940000 	 -4.451723 
3.950000 	 -3.720666 
3.960000 	 -4.174837 
3.970000 	 -4.256967 
3.980000 	 -4.570510 
3.990000 	 -4.561669 
4.000000 	 -4.128620 
4.010000 	 -4.612434 
4.020000 	 -2.923922 
4.030000 	 -3.611378 
4.040000 	 -4.473998 
4.050000 	 -5.016297 
4.060000 	 -4.590578 
4.070000 	 -4.586624 
4.080000 	 -3.341296 
4.090000 	 -3.269818 
4.100000 	 -4.680781 
4.110000 	 -4.146312 
4.120000 	 -3.828364 
4.130000 	 -3.715392 
4.140000 	 -4.079711 
4.150000 	 -4.633841 
4.160000 	 -4.484555 
4.170000 	 -3.167039 
4.180000 	 -3.754119 
4.190000 	 -2.899569 
4.200000 	 -4.403637 
4.210000 	 -4.055262 
4.220000 	 -2.429489 
4.230000 	 -4.032868 
4.240000 	 -4.958474 
4.250000 	 -5.529824 
4.260000 	 -4.000491 
4.270000 	 -4.337389 
4.280000 	 -4.646354 
4.290000 	 -3.720986 
4.300000 	 -4.144481 
4.310000 	 -4.732340 
4.320000 	 -4.602777 
4.330000 	 -3.697022 
4.340000 	 -5.811903 
4.350000 	 -5.731604 
4.360000 	 -5.103713 
4.370000 	 -4.890676 
4.380000 	 -3.767432 
4.390000 	 -4.300272 
4.400000 	 -4.394031 
4.410000 	 -4.753189 
4.420000 	 -5.140364 
4.430000 	 -4.711017 
4.440000 	 -2.772799 
4.450000 	 -5.075348 
4.460000 	 -3.552103 
4.470000 	 -4.483795 
4.480000 	 -3.562342 
4.490000 	 -4.267761 
4.500000 	 -4.840561 
4.510000 	 -6.612673 
4.520000 	 -4.476277 
4.530000 	 -3.752209 
4.540000 	 -5.392841 
4.550000 	 -6.163827 
4.560000 	 -5.051036 
4.570000 	 -5.510833 
4.580000 	 -5.847191 
4.590000 	 -5.853396 
4.600000 	 -4.854178 
4.610000 	 -4.005436 
4.620000 	 -5.597514 
4.630000 	 -4.969614 
4.640000 	 -5.010208 
4.650000 	 -4.605304 
4.660000 	 -5.569944 
4.670000 	 -4.500478 
4.680000 	 -4.275145 
4.690000 	 -4.891827 
4.700000 	 -4.262839 
4.710000 	 -4.926286 
4.720000 	 -4.914656 
4.730000 	 -5.562839 
4.740000 	 -6.708727 
4.750000 	 -5.912410 
4.760000 	 -4.471398 
4.770000 	 -5.526211 
4.780000 	 -4.384634 
4.790000 	 -6.012173 
4.800000 	 -4.306219 
4.810000 	 -7.053518 
4.820000 	 -5.954996 
4.830000 	 -4.832879 
4.840000 	 -5.369477 
4.850000 	 -4.005128 
4.860000 	 -5.196002 
4.870000 	 -5.319758 
4.880000 	 -6.038420 
4.890000 	 -4.286474 
4.900000 	 -4.117284 
4.910000 	 -6.209928 
4.920000 	 -6.003287 
4.930000 	 -4.981825 
4.940000 	 -3.940923 
4.950000 	 -5.837420 
4.960000 	 -6.143287 
4.970000 	 -4.982353 
4.980000 	 -4.875956 
4.990000 	 -6.523814 
5.000000 	 -5.107378 
