0.000000 	 0.291755 
0.010000 	 1.462901 
0.020000 	 1.149579 
0.030000 	 0.654330 
0.040000 	 2.112037 
0.050000 	 0.302151 
0.060000 	 1.302938 
0.070000 	 1.725875 
0.080000 	 0.150311 
0.090000 	 0.481985 
0.100000 	 1.357504 
0.110000 	 0.438710 
0.120000 	 1.651206 
0.130000 	 0.741891 
0.140000 	 -1.119424 
0.150000 	 0.648985 
0.160000 	 1.164552 
0.170000 	 0.649331 
0.180000 	 0.667753 
0.190000 	 0.160145 
0.200000 	 0.382263 
0.210000 	 1.212440 
0.220000 	 0.205893 
0.230000 	 1.297547 
0.240000 	 0.126840 
0.250000 	 1.331751 
0.260000 	 1.780157 
0.270000 	 0.553148 
0.280000 	 0.340534 
0.290000 	 1.255119 
0.300000 	 1.724959 
0.310000 	 -0.267876 
0.320000 	 0.410393 
0.330000 	 1.379710 
0.340000 	 1.343172 
0.350000 	 0.323241 
0.360000 	 0.522389 
0.370000 	 1.911724 
0.380000 	 -0.301981 
0.390000 	 -0.626607 
0.400000 	 1.324290 
0.410000 	 0.782064 
0.420000 	 0.081361 
0.430000 	 -0.343723 
0.440000 	 -0.177768 
0.450000 	 0.609275 
0.460000 	 -0.778509 
0.470000 	 -0.794234 
0.480000 	 0.177914 
0.490000 	 0.207415 
0.500000 	 -0.094887 
0.510000 	 -0.582167 
0.520000 	 0.343041 
0.530000 	 -1.518242 
0.540000 	 -0.779685 
0.550000 	 -0.083426 
0.560000 	 -0.084839 
0.570000 	 0.935240 
0.580000 	 -0.352038 
0.590000 	 0.618244 
0.600000 	 -0.989030 
0.610000 	 -0.422198 
0.620000 	 0.939798 
0.630000 	 0.477659 
0.640000 	 0.208231 
0.650000 	 0.523428 
0.660000 	 0.505943 
0.670000 	 -0.023996 
0.680000 	 0.112333 
0.690000 	 0.161749 
0.700000 	 -0.241657 
0.710000 	 -1.359837 
0.720000 	 1.474102 
0.730000 	 0.074575 
0.740000 	 -1.337117 
0.750000 	 0.857799 
0.760000 	 -0.762877 
0.770000 	 0.331648 
0.780000 	 0.722048 
0.790000 	 -0.422118 
0.800000 	 -0.250260 
0.810000 	 -0.050836 
0.820000 	 0.440445 
0.830000 	 -1.678239 
0.840000 	 -2.032737 
0.850000 	 -0.279815 
0.860000 	 -0.456329 
0.870000 	 -0.999414 
0.880000 	 -0.211419 
0.890000 	 -1.214062 
0.900000 	 -0.333975 
0.910000 	 -0.800322 
0.920000 	 -0.488925 
0.930000 	 -0.718675 
0.940000 	 -0.133125 
0.950000 	 -1.107878 
0.960000 	 -0.594527 
0.970000 	 -1.062257 
0.980000 	 -0.639071 
0.990000 	 0.786388 
1.000000 	 -0.358961 
1.010000 	 -0.293262 
1.020000 	 -0.346230 
1.030000 	 -0.435175 
1.040000 	 -0.396426 
1.050000 	 -1.214995 
1.060000 	 -1.013066 
1.070000 	 0.014721 
1.080000 	 -0.493974 
1.090000 	 0.075219 
1.100000 	 0.958769 
1.110000 	 -2.020070 
1.120000 	 -0.250627 
1.130000 	 -2.155764 
1.140000 	 -0.480137 
1.150000 	 -1.475032 
1.160000 	 -0.178492 
1.170000 	 -0.794742 
1.180000 	 -0.905416 
1.190000 	 -0.624758 
1.200000 	 0.187094 
1.210000 	 0.188377 
1.220000 	 -1.414416 
1.230000 	 -1.083260 
1.240000 	 -2.294030 
1.250000 	 -1.260001 
1.260000 	 -0.905680 
1.270000 	 -1.706800 
1.280000 	 -0.357399 
1.290000 	 0.574606 
1.300000 	 -0.517073 
1.310000 	 -1.055288 
1.320000 	 -2.261482 
1.330000 	 -2.469937 
1.340000 	 -0.044145 
1.350000 	 0.170381 
1.360000 	 -2.098600 
1.370000 	 0.107461 
1.380000 	 -2.276414 
1.390000 	 -1.035690 
1.400000 	 -1.277986 
1.410000 	 -1.051600 
1.420000 	 -1.719966 
1.430000 	 -0.029321 
1.440000 	 -1.922445 
1.450000 	 -0.763335 
1.460000 	 -1.833670 
1.470000 	 -1.674634 
1.480000 	 -1.520236 
1.490000 	 0.433281 
1.500000 	 -1.189370 
1.510000 	 -2.888480 
1.520000 	 -1.404156 
1.530000 	 -0.874351 
1.540000 	 -0.825965 
1.550000 	 -0.293384 
1.560000 	 -2.261097 
1.570000 	 -1.215339 
1.580000 	 -0.733413 
1.590000 	 -1.688108 
1.600000 	 -1.872834 
1.610000 	 -0.256139 
1.620000 	 -1.535285 
1.630000 	 -1.797802 
1.640000 	 -2.878163 
1.650000 	 -1.032157 
1.660000 	 -1.208168 
1.670000 	 -2.729953 
1.680000 	 -0.494342 
1.690000 	 -0.743386 
1.700000 	 -1.648166 
1.710000 	 -1.400939 
1.720000 	 -1.264997 
1.730000 	 -1.326664 
1.740000 	 -0.892862 
1.750000 	 -1.802935 
1.760000 	 -1.185308 
1.770000 	 -2.368611 
1.780000 	 -0.212201 
1.790000 	 -0.760895 
1.800000 	 -0.296040 
1.810000 	 -1.410621 
1.820000 	 -2.379277 
1.830000 	 -1.480892 
1.840000 	 -2.378890 
1.850000 	 -0.611768 
1.860000 	 -1.196812 
1.870000 	 -3.443442 
1.880000 	 -3.524200 
1.890000 	 -1.753133 
1.900000 	 -1.558116 
1.910000 	 -3.394067 
1.920000 	 -1.382414 
1.930000 	 -1.366590 
1.940000 	 -1.507843 
1.950000 	 -2.105978 
1.960000 	 -1.531833 
1.970000 	 -1.207645 
1.980000 	 -0.883131 
1.990000 	 -0.400867 
2.000000 	 -2.383242 
2.010000 	 -1.120732 
2.020000 	 -1.538482 
2.030000 	 -1.973862 
2.040000 	 -1.472774 
2.050000 	 -0.988946 
2.060000 	 -2.020905 
2.070000 	 -1.297319 
2.080000 	 -2.254214 
2.090000 	 -3.615224 
2.100000 	 -2.803095 
2.110000 	 -4.197070 
2.120000 	 -2.633991 
2.130000 	 -3.053744 
2.140000 	 -1.938041 
2.150000 	 -2.010417 
2.160000 	 -2.165580 
2.170000 	 -1.929467 
2.180000 	 -1.866732 
2.190000 	 -2.981905 
2.200000 	 -1.633023 
2.210000 	 -3.250945 
2.220000 	 -3.197836 
2.230000 	 -2.871396 
2.240000 	 -2.421079 
2.250000 	 -0.976022 
2.260000 	 -0.665579 
2.270000 	 -1.616542 
2.280000 	 -2.355024 
2.290000 	 -2.231027 
2.300000 	 -2.474448 
2.310000 	 -2.079600 
2.320000 	 -2.983092 
2.330000 	 -1.803682 
2.340000 	 -3.490734 
2.350000 	 -2.868803 
2.360000 	 -1.311295 
2.370000 	 -2.213385 
2.380000 	 -2.227253 
2.390000 	 -2.586298 
2.400000 	 -2.725530 
2.410000 	 -2.961840 
2.420000 	 -2.563909 
2.430000 	 -3.120768 
2.440000 	 -1.171515 
2.450000 	 -1.907521 
2.460000 	 -2.827650 
2.470000 	 -2.366677 
2.480000 	 -2.530986 
2.490000 	 -2.580283 
2.500000 	 -1.992251 
2.510000 	 -1.845668 
2.520000 	 -2.469837 
2.530000 	 -3.085434 
2.540000 	 -1.107591 
2.550000 	 -1.935424 
2.560000 	 -2.419527 
2.570000 	 -2.589637 
2.580000 	 -3.280247 
2.590000 	 -2.610123 
2.600000 	 -1.484211 
2.610000 	 -3.348137 
2.620000 	 -1.936923 
2.630000 	 -1.759881 
2.640000 	 -3.127545 
2.650000 	 -1.950527 
2.660000 	 -2.559540 
2.670000 	 -2.228646 
2.680000 	 -2.620791 
2.690000 	 -2.915795 
2.700000 	 -3.130230 
2.710000 	 -2.448372 
2.720000 	 -3.614540 
2.730000 	 -2.554814 
2.740000 	 -1.730208 
2.750000 	 -3.023466 
2.760000 	 -3.166759 
2.770000 	 -1.630103 
2.780000 	 -1.596489 
2.790000 	 -2.380849 
2.800000 	 -2.672040 
2.810000 	 -4.277505 
2.820000 	 -2.088889 
2.830000 	 -2.300240 
2.840000 	 -2.423398 
2.850000 	 -3.434675 
2.860000 	 -2.997989 
2.870000 	 -3.177601 
2.880000 	 -1.483115 
2.890000 	 -2.656655 
2.900000 	 -2.875601 
2.910000 	 -3.206632 
2.920000 	 -2.281869 
2.930000 	 -2.410459 
2.940000 	 -3.326623 
2.950000 	 -2.707470 
2.960000 	 -3.852555 
2.970000 	 -1.470308 
2.980000 	 -2.868806 
2.990000 	 -2.321357 
3.000000 	 -2.667500 
3.010000 	 -4.164917 
3.020000 	 -4.000562 
3.030000 	 -3.107438 
3.040000 	 -2.318399 
3.050000 	 -3.279783 
3.060000 	 -1.778599 
3.070000 	 -3.801950 
3.080000 	 -1.491200 
3.090000 	 -2.838629 
3.100000 	 -3.220471 
3.110000 	 -2.772108 
3.120000 	 -2.600259 
3.130000 	 -3.166471 
3.140000 	 -2.282042 
3.150000 	 -2.751906 
3.160000 	 -4.159746 
3.170000 	 -3.492700 
3.180000 	 -3.168069 
3.190000 	 -3.078422 
3.200000 	 -3.335567 
3.210000 	 -2.937881 
3.220000 	 -2.580235 
3.230000 	 -4.847962 
3.240000 	 -3.428648 
3.250000 	 -2.329580 
3.260000 	 -3.342799 
3.270000 	 -3.031870 
3.280000 	 -4.468948 
3.290000 	 -4.099287 
3.300000 	 -2.810977 
3.310000 	 -4.985410 
3.320000 	 -4.208740 
3.330000 	 -5.123641 
3.340000 	 -4.236997 
3.350000 	 -3.024532 
3.360000 	 -3.360717 
3.370000 	 -2.860468 
3.380000 	 -3.378366 
3.390000 	 -3.002820 
3.400000 	 -5.680169 
3.410000 	 -2.104818 
3.420000 	 -2.738554 
3.430000 	 -5.089328 
3.440000 	 -3.722813 
3.450000 	 -3.924675 
3.460000 	 -5.022721 
3.470000 	 -3.121043 
3.480000 	 -5.410308 
3.490000 	 -4.135545 
3.500000 	 -3.778487 
3.510000 	 -4.925287 
3.520000 	 -3.614671 
3.530000 	 -3.523804 
3.540000 	 -3.813105 
3.550000 	 -3.654302 
3.560000 	 -3.422005 
3.570000 	 -3.538428 
3.580000 	 -4.009511 
3.590000 	 -4.729503 
3.600000 	 -4.586509 
3.610000 	 -2.742426 
3.620000 	 -4.226972 
3.630000 	 -4.624768 
3.640000 	 -4.110582 
3.650000 	 -4.853807 
3.660000 	 -2.516523 
3.670000 	 -3.383188 
3.680000 	 -3.681764 
3.690000 	 -4.259458 
3.700000 	 -4.396294 
3.710000 	 -4.346507 
3.720000 	 -3.684712 
3.730000 	 -4.588424 
3.740000 	 -4.212712 
3.750000 	 -5.365696 
3.760000 	 -3.872769 
3.770000 	 -3.444407 
3.780000 	 -3.922210 
3.790000 	 -4.391097 
3.800000 	 -4.221310 
3.810000 	 -3.502768 
3.820000 	 -4.182532 
3.830000 	 -4.239958 
3.840000 	 -4.504517 
3.850000 	 -3.309055 
3.860000 	 -4.579003 
3.870000 	 -4.472558 
3.880000 	 -4.823025 
3.890000 	 -2.622148 
3.900000 	 -3.657344 
3.910000 	 -3.665460 
3.920000 	 -3.455902 
3.930000 	 -2.091703 
3.940000 	 -4.095258 
3.950000 	 -4.146214 
3.960000 	 -4.524994 
3.970000 	 -4.441631 
3.980000 	 -4.051561 
3.990000 	 -4.192176 
4.000000 	 -7.332157 
4.010000 	 -4.340515 
4.020000 	 -3.930095 
4.030000 	 -4.416902 
4.040000 	 -3.291611 
4.050000 	 -3.161570 
4.060000 	 -4.293999 
4.070000 	 -4.199296 
4.080000 	 -4.792872 
4.090000 	 -4.030377 
4.100000 	 -5.155258 
4.110000 	 -5.487951 
4.120000 	 -4.586598 
4.130000 	 -2.906232 
4.140000 	 -4.784937 
4.150000 	 -4.917300 
4.160000 	 -5.644433 
4.170000 	 -5.067276 
4.180000 	 -4.130763 
4.190000 	 -4.647568 
4.200000 	 -5.009552 
4.210000 	 -4.573328 
4.220000 	 -4.737145 
4.230000 	 -5.888871 
4.240000 	 -4.170251 
4.250000 	 -4.997485 
4.260000 	 -5.003193 
4.270000 	 -3.439128 
4.280000 	 -5.079380 
4.290000 	 -5.043969 
4.300000 	 -5.502788 
4.310000 	 -3.501236 
4.320000 	 -3.732505 
4.330000 	 -4.893960 
4.340000 	 -5.572248 
4.350000 	 -5.796458 
4.360000 	 -5.657156 
4.370000 	 -6.073828 
4.380000 	 -3.649029 
4.390000 	 -5.803771 
4.400000 	 -5.625617 
4.410000 	 -5.295031 
4.420000 	 -4.135994 
4.430000 	 -4.546446 
4.440000 	 -3.851754 
4.450000 	 -4.475261 
4.460000 	 -5.636795 
4.470000 	 -4.017462 
4.480000 	 -5.098213 
4.490000 	 -4.495229 
4.500000 	 -5.402024 
4.510000 	 -5.297264 
4.520000 	 -4.116125 
4.530000 	 -4.495675 
4.540000 	 -4.285652 
4.550000 	 -4.133045 
4.560000 	 -4.592937 
4.570000 	 -6.277987 
4.580000 	 -6.674924 
4.590000 	 -4.527963 
4.600000 	 -4.888248 
4.610000 	 -4.518050 
4.620000 	 -3.946951 
4.630000 	 -6.157935 
4.640000 	 -5.527245 
4.650000 	 -6.077214 
4.660000 	 -5.186249 
4.670000 	 -5.314675 
4.680000 	 -6.234349 
4.690000 	 -6.271383 
4.700000 	 -5.507479 
4.710000 	 -6.537022 
4.720000 	 -6.716926 
4.730000 	 -7.142630 
4.740000 	 -4.865335 
4.750000 	 -4.504857 
4.760000 	 -5.183697 
4.770000 	 -5.645464 
4.780000 	 -6.469775 
4.790000 	 -5.368888 
4.800000 	 -6.454907 
4.810000 	 -5.717246 
4.820000 	 -5.100589 
4.830000 	 -6.542269 
4.840000 	 -4.751612 
4.850000 	 -5.191603 
4.860000 	 -4.741582 
4.870000 	 -3.749153 
4.880000 	 -4.512377 
4.890000 	 -5.606006 
4.900000 	 -5.888147 
4.910000 	 -5.229296 
4.920000 	 -6.753465 
4.930000 	 -6.286818 
4.940000 	 -5.620459 
4.950000 	 -5.496748 
4.960000 	 -7.014762 
4.970000 	 -5.865687 
4.980000 	 -5.861389 
4.990000 	 -6.449923 
5.000000 	 -6.087484 
