0.000000 	 1.243832 
0.010000 	 -0.963922 
0.020000 	 0.611532 
0.030000 	 1.580243 
0.040000 	 -0.359875 
0.050000 	 1.403744 
0.060000 	 1.998710 
0.070000 	 0.490276 
0.080000 	 1.783647 
0.090000 	 1.528979 
0.100000 	 0.914893 
0.110000 	 0.612508 
0.120000 	 -0.096218 
0.130000 	 1.608526 
0.140000 	 0.254349 
0.150000 	 0.240445 
0.160000 	 0.523274 
0.170000 	 2.581822 
0.180000 	 0.910854 
0.190000 	 0.673305 
0.200000 	 0.168094 
0.210000 	 0.643401 
0.220000 	 -0.065898 
0.230000 	 -0.419846 
0.240000 	 -0.754884 
0.250000 	 -0.735716 
0.260000 	 0.472410 
0.270000 	 1.401322 
0.280000 	 -0.659909 
0.290000 	 -1.486980 
0.300000 	 0.790952 
0.310000 	 -0.288869 
0.320000 	 1.570200 
0.330000 	 -1.064963 
0.340000 	 -0.360718 
0.350000 	 -0.808603 
0.360000 	 -0.740852 
0.370000 	 -1.040083 
0.380000 	 0.841666 
0.390000 	 0.131524 
0.400000 	 0.388341 
0.410000 	 2.278278 
0.420000 	 -0.682797 
0.430000 	 0.621862 
0.440000 	 -0.551373 
0.450000 	 -0.667801 
0.460000 	 -0.289031 
0.470000 	 0.129719 
0.480000 	 0.828814 
0.490000 	 -1.323250 
0.500000 	 0.403196 
0.510000 	 0.958055 
0.520000 	 0.605026 
0.530000 	 0.252980 
0.540000 	 -0.371758 
0.550000 	 0.010329 
0.560000 	 0.041748 
0.570000 	 -0.557522 
0.580000 	 -1.558424 
0.590000 	 0.396698 
0.600000 	 0.095842 
0.610000 	 0.932527 
0.620000 	 0.689037 
0.630000 	 0.388484 
0.640000 	 0.171336 
0.650000 	 -1.411137 
0.660000 	 0.092325 
0.670000 	 -1.327318 
0.680000 	 -0.387437 
0.690000 	 0.064436 
0.700000 	 0.944518 
0.710000 	 -0.887420 
0.720000 	 -0.102459 
0.730000 	 -1.093043 
0.740000 	 0.278165 
0.750000 	 -0.640578 
0.760000 	 -1.339220 
0.770000 	 0.045689 
0.780000 	 -0.419817 
0.790000 	 -0.154802 
0.800000 	 0.113541 
0.810000 	 0.381547 
0.820000 	 -0.982612 
0.830000 	 -0.595927 
0.840000 	 -0.319656 
0.850000 	 -0.745669 
0.860000 	 -1.527783 
0.870000 	 -1.156361 
0.880000 	 -0.334397 
0.890000 	 0.409517 
0.900000 	 -0.316317 
0.910000 	 0.387217 
0.920000 	 -0.600601 
0.930000 	 -0.366339 
0.940000 	 -0.009333 
0.950000 	 -0.111992 
0.960000 	 0.249780 
0.970000 	 -0.148730 
0.980000 	 -0.842461 
0.990000 	 -0.841706 
1.000000 	 0.758159 
1.010000 	 -2.888212 
1.020000 	 -0.583429 
1.030000 	 -1.462240 
1.040000 	 -0.043169 
1.050000 	 -1.407728 
1.060000 	 0.301523 
1.070000 	 -0.174239 
1.080000 	 -2.021278 
1.090000 	 -0.744317 
1.100000 	 -1.713002 
1.110000 	 -0.715140 
1.120000 	 -0.342604 
1.130000 	 -0.772096 
1.140000 	 -0.062582 
1.150000 	 -1.123007 
1.160000 	 -0.195118 
1.170000 	 -0.050475 
1.180000 	 -0.553039 
1.190000 	 -1.604494 
1.200000 	 0.208516 
1.210000 	 -2.719925 
1.220000 	 -1.455420 
1.230000 	 0.654736 
1.240000 	 -1.458609 
1.250000 	 -2.067507 
1.260000 	 -0.327394 
1.270000 	 -1.039742 
1.280000 	 -0.872944 
1.290000 	 -0.800375 
1.300000 	 -1.302604 
1.310000 	 -2.176179 
1.320000 	 -0.855383 
1.330000 	 -0.702268 
1.340000 	 -1.336192 
1.350000 	 -0.979993 
1.360000 	 -2.238718 
1.370000 	 -0.672926 
1.380000 	 -0.411849 
1.390000 	 -1.056733 
1.400000 	 -1.425951 
1.410000 	 -0.161517 
1.420000 	 -0.099165 
1.430000 	 -0.631063 
1.440000 	 -0.605842 
1.450000 	 -0.799425 
1.460000 	 -1.604713 
1.470000 	 -1.085191 
1.480000 	 -1.602786 
1.490000 	 -1.001685 
1.500000 	 0.003005 
1.510000 	 -2.398598 
1.520000 	 -1.804055 
1.530000 	 -1.996176 
1.540000 	 -1.026050 
1.550000 	 -0.792806 
1.560000 	 -1.576390 
1.570000 	 -2.413430 
1.580000 	 -1.138899 
1.590000 	 -1.303520 
1.600000 	 -0.891365 
1.610000 	 0.518465 
1.620000 	 -1.992026 
1.630000 	 -0.661449 
1.640000 	 -1.270062 
1.650000 	 -0.260673 
1.660000 	 -1.925244 
1.670000 	 -0.724320 
1.680000 	 -1.531826 
1.690000 	 -2.282237 
1.700000 	 -1.870965 
1.710000 	 -1.993685 
1.720000 	 -1.763704 
1.730000 	 -2.520055 
1.740000 	 -1.933596 
1.750000 	 -1.991620 
1.760000 	 -2.293919 
1.770000 	 -1.943415 
1.780000 	 -0.737108 
1.790000 	 -1.508228 
1.800000 	 -2.805618 
1.810000 	 -1.864266 
1.820000 	 -2.114373 
1.830000 	 -0.794031 
1.840000 	 -1.461574 
1.850000 	 -2.281857 
1.860000 	 -2.788129 
1.870000 	 -0.467063 
1.880000 	 -2.272037 
1.890000 	 -0.927040 
1.900000 	 -0.857314 
1.910000 	 -2.159944 
1.920000 	 -1.583701 
1.930000 	 -2.483713 
1.940000 	 -3.211067 
1.950000 	 -1.259119 
1.960000 	 -1.697535 
1.970000 	 -1.943814 
1.980000 	 -1.939232 
1.990000 	 -2.214991 
2.000000 	 -2.465058 
2.010000 	 -0.393829 
2.020000 	 -1.068644 
2.030000 	 -0.574591 
2.040000 	 -0.948243 
2.050000 	 -2.053768 
2.060000 	 -2.578512 
2.070000 	 -1.596944 
2.080000 	 -1.325513 
2.090000 	 -1.514914 
2.100000 	 -0.922965 
2.110000 	 -2.424562 
2.120000 	 -1.989568 
2.130000 	 -1.901753 
2.140000 	 -3.279024 
2.150000 	 -0.476573 
2.160000 	 -1.848311 
2.170000 	 -2.383623 
2.180000 	 -2.398736 
2.190000 	 -2.749040 
2.200000 	 -1.044132 
2.210000 	 -2.067228 
2.220000 	 -2.900534 
2.230000 	 -2.819125 
2.240000 	 -1.448085 
2.250000 	 -1.972601 
2.260000 	 -2.176276 
2.270000 	 -1.189643 
2.280000 	 -2.516645 
2.290000 	 -2.964904 
2.300000 	 -0.693932 
2.310000 	 -1.685308 
2.320000 	 -3.918340 
2.330000 	 -2.282573 
2.340000 	 -2.138056 
2.350000 	 -2.714870 
2.360000 	 -2.868847 
2.370000 	 -2.115278 
2.380000 	 -1.438085 
2.390000 	 -0.712085 
2.400000 	 -2.968368 
2.410000 	 -2.073346 
2.420000 	 -3.072695 
2.430000 	 -3.395720 
2.440000 	 -0.696259 
2.450000 	 -1.540976 
2.460000 	 -1.949505 
2.470000 	 -2.505767 
2.480000 	 -2.998957 
2.490000 	 -1.860942 
2.500000 	 -1.210759 
2.510000 	 -2.531554 
2.520000 	 -2.103216 
2.530000 	 -3.633994 
2.540000 	 -1.695719 
2.550000 	 -2.469434 
2.560000 	 -2.831601 
2.570000 	 -3.041300 
2.580000 	 -3.581747 
2.590000 	 -1.870158 
2.600000 	 -3.433237 
2.610000 	 -0.782534 
2.620000 	 -3.969916 
2.630000 	 -4.069305 
2.640000 	 -3.508596 
2.650000 	 -2.968801 
2.660000 	 -2.562448 
2.670000 	 -5.441703 
2.680000 	 -2.980562 
2.690000 	 -1.518546 
2.700000 	 -1.149824 
2.710000 	 -2.083226 
2.720000 	 -3.022581 
2.730000 	 -3.195534 
2.740000 	 -2.263881 
2.750000 	 -3.458512 
2.760000 	 -1.835064 
2.770000 	 -4.638599 
2.780000 	 -1.486312 
2.790000 	 -4.103570 
2.800000 	 -2.889051 
2.810000 	 -3.118074 
2.820000 	 -2.694120 
2.830000 	 -3.549712 
2.840000 	 -2.603190 
2.850000 	 -4.308099 
2.860000 	 -4.075133 
2.870000 	 -3.748189 
2.880000 	 -2.699429 
2.890000 	 -2.948919 
2.900000 	 -2.611326 
2.910000 	 -3.574211 
2.920000 	 -2.687444 
2.930000 	 -2.529439 
2.940000 	 -4.881833 
2.950000 	 -4.092979 
2.960000 	 -3.344045 
2.970000 	 -3.955615 
2.980000 	 -4.127093 
2.990000 	 -1.993981 
3.000000 	 -2.297014 
3.010000 	 -2.903566 
3.020000 	 -2.073673 
3.030000 	 -3.427626 
3.040000 	 -4.215205 
3.050000 	 -2.843748 
3.060000 	 -3.574012 
3.070000 	 -3.705284 
3.080000 	 -3.512603 
3.090000 	 -3.763200 
3.100000 	 -2.936492 
3.110000 	 -3.445380 
3.120000 	 -3.733329 
3.130000 	 -4.568484 
3.140000 	 -4.264311 
3.150000 	 -5.006181 
3.160000 	 -3.255516 
3.170000 	 -3.089965 
3.180000 	 -2.852196 
3.190000 	 -2.859086 
3.200000 	 -2.999887 
3.210000 	 -4.092124 
3.220000 	 -3.168188 
3.230000 	 -3.043954 
3.240000 	 -2.898635 
3.250000 	 -4.483827 
3.260000 	 -2.742554 
3.270000 	 -2.931045 
3.280000 	 -3.575128 
3.290000 	 -2.953298 
3.300000 	 -4.510047 
3.310000 	 -2.413203 
3.320000 	 -1.998447 
3.330000 	 -3.263569 
3.340000 	 -3.442210 
3.350000 	 -3.371597 
3.360000 	 -3.611390 
3.370000 	 -1.994243 
3.380000 	 -4.050868 
3.390000 	 -3.123891 
3.400000 	 -4.231758 
3.410000 	 -4.190737 
3.420000 	 -3.863638 
3.430000 	 -5.989633 
3.440000 	 -5.428347 
3.450000 	 -4.020270 
3.460000 	 -4.674349 
3.470000 	 -2.104794 
3.480000 	 -4.080975 
3.490000 	 -2.901556 
3.500000 	 -4.011444 
3.510000 	 -4.161672 
3.520000 	 -4.048590 
3.530000 	 -4.417457 
3.540000 	 -3.544240 
3.550000 	 -3.528820 
3.560000 	 -3.500299 
3.570000 	 -5.599044 
3.580000 	 -1.942354 
3.590000 	 -4.428127 
3.600000 	 -2.484743 
3.610000 	 -3.560662 
3.620000 	 -5.201944 
3.630000 	 -4.787943 
3.640000 	 -4.422542 
3.650000 	 -4.846862 
3.660000 	 -5.198622 
3.670000 	 -3.124672 
3.680000 	 -5.017934 
3.690000 	 -4.362599 
3.700000 	 -3.607496 
3.710000 	 -3.558849 
3.720000 	 -4.608395 
3.730000 	 -4.315881 
3.740000 	 -4.544642 
3.750000 	 -3.121916 
3.760000 	 -3.795289 
3.770000 	 -4.280336 
3.780000 	 -3.549868 
3.790000 	 -2.218611 
3.800000 	 -4.694746 
3.810000 	 -5.284913 
3.820000 	 -4.510632 
3.830000 	 -4.221310 
3.840000 	 -4.441417 
3.850000 	 -3.240053 
3.860000 	 -4.767096 
3.870000 	 -4.135994 
3.880000 	 -4.797859 
3.890000 	 -3.509746 
3.900000 	 -3.646930 
3.910000 	 -6.030525 
3.920000 	 -3.765438 
3.930000 	 -6.048539 
3.940000 	 -3.294561 
3.950000 	 -3.828199 
3.960000 	 -4.853425 
3.970000 	 -2.005474 
3.980000 	 -4.647065 
3.990000 	 -4.748654 
4.000000 	 -4.001255 
4.010000 	 -5.277392 
4.020000 	 -5.232765 
4.030000 	 -4.930689 
4.040000 	 -6.011659 
4.050000 	 -4.623643 
4.060000 	 -5.321387 
4.070000 	 -5.270073 
4.080000 	 -2.453305 
4.090000 	 -4.035018 
4.100000 	 -5.324082 
4.110000 	 -3.598316 
4.120000 	 -4.106576 
4.130000 	 -2.915472 
4.140000 	 -4.811990 
4.150000 	 -4.653137 
4.160000 	 -3.751840 
4.170000 	 -4.441443 
4.180000 	 -4.758391 
4.190000 	 -4.621611 
4.200000 	 -5.111690 
4.210000 	 -4.299043 
4.220000 	 -4.990655 
4.230000 	 -4.044199 
4.240000 	 -4.705594 
4.250000 	 -4.752853 
4.260000 	 -4.037510 
4.270000 	 -5.441251 
4.280000 	 -4.439052 
4.290000 	 -4.767312 
4.300000 	 -4.850656 
4.310000 	 -4.092288 
4.320000 	 -5.950124 
4.330000 	 -4.677973 
4.340000 	 -3.979619 
4.350000 	 -4.213930 
4.360000 	 -4.225096 
4.370000 	 -4.794557 
4.380000 	 -5.870017 
4.390000 	 -2.936532 
4.400000 	 -5.794123 
4.410000 	 -5.338160 
4.420000 	 -5.892634 
4.430000 	 -4.569273 
4.440000 	 -5.023878 
4.450000 	 -6.175421 
4.460000 	 -5.281883 
4.470000 	 -4.865439 
4.480000 	 -4.345209 
4.490000 	 -4.846784 
4.500000 	 -5.263903 
4.510000 	 -4.851316 
4.520000 	 -3.689033 
4.530000 	 -5.279348 
4.540000 	 -5.636454 
4.550000 	 -4.656224 
4.560000 	 -5.350305 
4.570000 	 -4.550459 
4.580000 	 -5.859418 
4.590000 	 -5.597085 
4.600000 	 -5.109461 
4.610000 	 -3.884514 
4.620000 	 -4.380243 
4.630000 	 -3.386522 
4.640000 	 -5.985231 
4.650000 	 -5.066183 
4.660000 	 -3.844166 
4.670000 	 -6.202878 
4.680000 	 -4.214134 
4.690000 	 -5.036885 
4.700000 	 -5.700081 
4.710000 	 -5.301672 
4.720000 	 -5.836129 
4.730000 	 -5.230043 
4.740000 	 -4.521159 
4.750000 	 -4.117911 
4.760000 	 -6.910887 
4.770000 	 -6.026132 
4.780000 	 -4.876221 
4.790000 	 -5.073998 
4.800000 	 -6.915046 
4.810000 	 -6.660071 
4.820000 	 -6.711644 
4.830000 	 -4.162947 
4.840000 	 -6.205396 
4.850000 	 -5.944638 
4.860000 	 -5.410366 
4.870000 	 -5.057321 
4.880000 	 -6.116125 
4.890000 	 -5.826866 
4.900000 	 -4.834394 
4.910000 	 -4.858962 
4.920000 	 -6.658631 
4.930000 	 -5.201953 
4.940000 	 -6.771723 
4.950000 	 -4.686302 
4.960000 	 -4.317603 
4.970000 	 -6.888639 
4.980000 	 -5.875155 
4.990000 	 -4.975935 
5.000000 	 -6.091408 
