0.000000 	 1.626698 
0.010000 	 1.419616 
0.020000 	 -0.997393 
0.030000 	 1.131327 
0.040000 	 2.370899 
0.050000 	 0.677314 
0.060000 	 0.871860 
0.070000 	 -0.670949 
0.080000 	 1.322577 
0.090000 	 -0.062272 
0.100000 	 2.090853 
0.110000 	 -0.905880 
0.120000 	 1.431913 
0.130000 	 1.656295 
0.140000 	 0.355810 
0.150000 	 0.356075 
0.160000 	 0.144799 
0.170000 	 1.912477 
0.180000 	 0.421607 
0.190000 	 -0.061191 
0.200000 	 1.193738 
0.210000 	 0.731114 
0.220000 	 2.326868 
0.230000 	 0.974305 
0.240000 	 1.460054 
0.250000 	 1.409413 
0.260000 	 0.761481 
0.270000 	 0.614968 
0.280000 	 0.229622 
0.290000 	 0.205492 
0.300000 	 -0.389539 
0.310000 	 0.433703 
0.320000 	 0.314071 
0.330000 	 0.110809 
0.340000 	 -1.327975 
0.350000 	 1.263388 
0.360000 	 -0.665715 
0.370000 	 -0.132174 
0.380000 	 -0.661084 
0.390000 	 -0.185499 
0.400000 	 -0.128623 
0.410000 	 -1.386173 
0.420000 	 1.116401 
0.430000 	 -0.384534 
0.440000 	 1.250218 
0.450000 	 -0.855925 
0.460000 	 -0.015409 
0.470000 	 -0.984298 
0.480000 	 0.873369 
0.490000 	 0.877007 
0.500000 	 1.152887 
0.510000 	 -1.137725 
0.520000 	 0.214448 
0.530000 	 0.761164 
0.540000 	 0.564780 
0.550000 	 0.381308 
0.560000 	 -0.006763 
0.570000 	 -1.068868 
0.580000 	 -1.477988 
0.590000 	 0.399649 
0.600000 	 -0.811999 
0.610000 	 -1.367797 
0.620000 	 -0.861314 
0.630000 	 -0.378236 
0.640000 	 -2.176304 
0.650000 	 0.481242 
0.660000 	 -0.735006 
0.670000 	 -0.451616 
0.680000 	 1.494329 
0.690000 	 -0.752207 
0.700000 	 -0.783200 
0.710000 	 0.373933 
0.720000 	 -0.396871 
0.730000 	 0.682753 
0.740000 	 -0.787346 
0.750000 	 -0.271406 
0.760000 	 -0.884257 
0.770000 	 -0.302622 
0.780000 	 -0.340370 
0.790000 	 -0.130403 
0.800000 	 0.172867 
0.810000 	 0.263737 
0.820000 	 -0.966518 
0.830000 	 -0.708862 
0.840000 	 0.820710 
0.850000 	 0.634991 
0.860000 	 0.396106 
0.870000 	 0.245587 
0.880000 	 -0.616813 
0.890000 	 0.156609 
0.900000 	 -0.721287 
0.910000 	 -0.369407 
0.920000 	 -0.731862 
0.930000 	 -0.085084 
0.940000 	 0.087913 
0.950000 	 -0.223014 
0.960000 	 0.183092 
0.970000 	 -0.451840 
0.980000 	 -0.237149 
0.990000 	 -1.519159 
1.000000 	 -0.853989 
1.010000 	 -0.527675 
1.020000 	 -1.230291 
1.030000 	 -1.190180 
1.040000 	 -0.574254 
1.050000 	 -0.368565 
1.060000 	 -2.022002 
1.070000 	 -1.278459 
1.080000 	 -1.792981 
1.090000 	 -1.406597 
1.100000 	 -1.201529 
1.110000 	 -1.617736 
1.120000 	 -1.499884 
1.130000 	 -1.970620 
1.140000 	 0.165832 
1.150000 	 0.940312 
1.160000 	 -0.879783 
1.170000 	 -2.233021 
1.180000 	 -0.224441 
1.190000 	 -1.176157 
1.200000 	 -0.874385 
1.210000 	 -1.234218 
1.220000 	 -1.269624 
1.230000 	 -1.719959 
1.240000 	 -0.791374 
1.250000 	 -0.699139 
1.260000 	 -0.892915 
1.270000 	 -0.030856 
1.280000 	 -1.718907 
1.290000 	 0.071251 
1.300000 	 1.157827 
1.310000 	 -2.056467 
1.320000 	 -0.480036 
1.330000 	 -0.272710 
1.340000 	 -1.030202 
1.350000 	 -1.162608 
1.360000 	 -2.081243 
1.370000 	 -0.526877 
1.380000 	 -0.785142 
1.390000 	 -0.385444 
1.400000 	 -1.280808 
1.410000 	 -0.487771 
1.420000 	 -0.867592 
1.430000 	 -0.998000 
1.440000 	 -1.478497 
1.450000 	 0.007676 
1.460000 	 -0.595175 
1.470000 	 -1.454572 
1.480000 	 -0.009663 
1.490000 	 -2.034952 
1.500000 	 -2.525305 
1.510000 	 -0.579091 
1.520000 	 -1.111066 
1.530000 	 -2.339312 
1.540000 	 -0.624953 
1.550000 	 -1.883524 
1.560000 	 -2.819776 
1.570000 	 -0.227797 
1.580000 	 -0.861830 
1.590000 	 -1.975233 
1.600000 	 -1.101310 
1.610000 	 -0.863544 
1.620000 	 -2.023016 
1.630000 	 -1.153715 
1.640000 	 -2.085945 
1.650000 	 -1.899317 
1.660000 	 -1.622816 
1.670000 	 -1.788736 
1.680000 	 -2.268434 
1.690000 	 -0.878080 
1.700000 	 -2.239258 
1.710000 	 -1.221512 
1.720000 	 -0.972245 
1.730000 	 -1.841045 
1.740000 	 -0.230258 
1.750000 	 -1.428083 
1.760000 	 -1.083906 
1.770000 	 -0.171648 
1.780000 	 -2.316745 
1.790000 	 -1.436064 
1.800000 	 -1.895957 
1.810000 	 -1.269277 
1.820000 	 -2.139612 
1.830000 	 -2.122172 
1.840000 	 0.012898 
1.850000 	 -1.627317 
1.860000 	 -1.895724 
1.870000 	 -1.550843 
1.880000 	 -2.310097 
1.890000 	 -1.529439 
1.900000 	 -1.559969 
1.910000 	 -2.790652 
1.920000 	 -1.678090 
1.930000 	 -1.477557 
1.940000 	 -2.353617 
1.950000 	 -0.812796 
1.960000 	 -2.568090 
1.970000 	 -0.809505 
1.980000 	 -1.477000 
1.990000 	 -3.031590 
2.000000 	 -1.949531 
2.010000 	 -0.334172 
2.020000 	 -1.741899 
2.030000 	 -0.572374 
2.040000 	 -2.493124 
2.050000 	 -1.606904 
2.060000 	 -2.219736 
2.070000 	 -1.819685 
2.080000 	 -1.010239 
2.090000 	 -1.106108 
2.100000 	 -2.783271 
2.110000 	 -0.965952 
2.120000 	 -1.844891 
2.130000 	 -3.278640 
2.140000 	 -3.477820 
2.150000 	 -1.759833 
2.160000 	 -1.443555 
2.170000 	 -1.139557 
2.180000 	 -2.110407 
2.190000 	 -2.163003 
2.200000 	 -0.748500 
2.210000 	 -2.460544 
2.220000 	 -1.911408 
2.230000 	 -2.230081 
2.240000 	 -0.827828 
2.250000 	 -2.631098 
2.260000 	 -2.137687 
2.270000 	 -1.716606 
2.280000 	 -1.185226 
2.290000 	 -0.901518 
2.300000 	 -3.014586 
2.310000 	 -4.917132 
2.320000 	 -1.942932 
2.330000 	 -2.193805 
2.340000 	 -3.404222 
2.350000 	 -0.741568 
2.360000 	 -2.098789 
2.370000 	 -0.946619 
2.380000 	 -4.580952 
2.390000 	 -1.762384 
2.400000 	 -2.237473 
2.410000 	 -2.410690 
2.420000 	 -4.050139 
2.430000 	 -1.318214 
2.440000 	 -1.579094 
2.450000 	 -2.302899 
2.460000 	 -3.662289 
2.470000 	 -2.087047 
2.480000 	 -2.708509 
2.490000 	 -2.449131 
2.500000 	 -1.756377 
2.510000 	 -2.838664 
2.520000 	 -3.439102 
2.530000 	 -1.982568 
2.540000 	 -1.801671 
2.550000 	 -1.913137 
2.560000 	 -3.801604 
2.570000 	 -3.286056 
2.580000 	 -3.325037 
2.590000 	 -2.190795 
2.600000 	 -1.720164 
2.610000 	 -2.127233 
2.620000 	 -4.090667 
2.630000 	 -2.975097 
2.640000 	 -2.399584 
2.650000 	 -2.690221 
2.660000 	 -2.345135 
2.670000 	 -3.958143 
2.680000 	 -3.546320 
2.690000 	 -2.296058 
2.700000 	 -4.031417 
2.710000 	 -2.783980 
2.720000 	 -2.148126 
2.730000 	 -3.339798 
2.740000 	 -3.806155 
2.750000 	 -1.526469 
2.760000 	 -1.547791 
2.770000 	 -1.104052 
2.780000 	 -2.133429 
2.790000 	 -2.326284 
2.800000 	 -2.902006 
2.810000 	 -3.460349 
2.820000 	 -2.661480 
2.830000 	 -3.593533 
2.840000 	 -2.571277 
2.850000 	 -3.089847 
2.860000 	 -3.619115 
2.870000 	 -1.394206 
2.880000 	 -3.527438 
2.890000 	 -2.698184 
2.900000 	 -2.686526 
2.910000 	 -3.203669 
2.920000 	 -2.159859 
2.930000 	 -4.682322 
2.940000 	 -3.558434 
2.950000 	 -2.365162 
2.960000 	 -4.193097 
2.970000 	 -2.288949 
2.980000 	 -3.800957 
2.990000 	 -3.386652 
3.000000 	 -3.081652 
3.010000 	 -2.556435 
3.020000 	 -3.230706 
3.030000 	 -4.503465 
3.040000 	 -3.895122 
3.050000 	 -3.650350 
3.060000 	 -3.164180 
3.070000 	 -2.064844 
3.080000 	 -2.509439 
3.090000 	 -4.336920 
3.100000 	 -2.677964 
3.110000 	 -3.343735 
3.120000 	 -3.628550 
3.130000 	 -3.442355 
3.140000 	 -2.580712 
3.150000 	 -4.331835 
3.160000 	 -3.064289 
3.170000 	 -4.824349 
3.180000 	 -2.632713 
3.190000 	 -4.597674 
3.200000 	 -3.880511 
3.210000 	 -4.138591 
3.220000 	 -4.108454 
3.230000 	 -3.226476 
3.240000 	 -3.215303 
3.250000 	 -3.188685 
3.260000 	 -3.321301 
3.270000 	 -1.957124 
3.280000 	 -3.305342 
3.290000 	 -2.936743 
3.300000 	 -3.756154 
3.310000 	 -4.348869 
3.320000 	 -4.992736 
3.330000 	 -3.536948 
3.340000 	 -3.458995 
3.350000 	 -2.341269 
3.360000 	 -2.776195 
3.370000 	 -2.165408 
3.380000 	 -4.094492 
3.390000 	 -3.057777 
3.400000 	 -3.816756 
3.410000 	 -5.035712 
3.420000 	 -2.200749 
3.430000 	 -5.159318 
3.440000 	 -2.674121 
3.450000 	 -3.401724 
3.460000 	 -5.169671 
3.470000 	 -4.953078 
3.480000 	 -4.624435 
3.490000 	 -4.322082 
3.500000 	 -3.710605 
3.510000 	 -2.525267 
3.520000 	 -3.611196 
3.530000 	 -3.340465 
3.540000 	 -3.532093 
3.550000 	 -4.004705 
3.560000 	 -3.694334 
3.570000 	 -3.566321 
3.580000 	 -3.577993 
3.590000 	 -3.571929 
3.600000 	 -2.824335 
3.610000 	 -3.065906 
3.620000 	 -2.387955 
3.630000 	 -3.437424 
3.640000 	 -3.510856 
3.650000 	 -3.435830 
3.660000 	 -2.973701 
3.670000 	 -3.851563 
3.680000 	 -3.827839 
3.690000 	 -3.771760 
3.700000 	 -5.514475 
3.710000 	 -2.952044 
3.720000 	 -3.621754 
3.730000 	 -4.393086 
3.740000 	 -3.595736 
3.750000 	 -2.748465 
3.760000 	 -4.109946 
3.770000 	 -5.414480 
3.780000 	 -2.978946 
3.790000 	 -4.516196 
3.800000 	 -3.483563 
3.810000 	 -4.002583 
3.820000 	 -4.307299 
3.830000 	 -5.970811 
3.840000 	 -4.305468 
3.850000 	 -3.450763 
3.860000 	 -3.536840 
3.870000 	 -4.449258 
3.880000 	 -3.021035 
3.890000 	 -3.853218 
3.900000 	 -3.926589 
3.910000 	 -3.747050 
3.920000 	 -4.086420 
3.930000 	 -5.121253 
3.940000 	 -4.698010 
3.950000 	 -5.280000 
3.960000 	 -6.248271 
3.970000 	 -4.143727 
3.980000 	 -6.024035 
3.990000 	 -3.607531 
4.000000 	 -4.401721 
4.010000 	 -4.645291 
4.020000 	 -4.528157 
4.030000 	 -4.759967 
4.040000 	 -4.748007 
4.050000 	 -5.119840 
4.060000 	 -3.660930 
4.070000 	 -4.610986 
4.080000 	 -3.773065 
4.090000 	 -3.603030 
4.100000 	 -5.719856 
4.110000 	 -4.670082 
4.120000 	 -3.554603 
4.130000 	 -4.784702 
4.140000 	 -3.805894 
4.150000 	 -5.857533 
4.160000 	 -4.789148 
4.170000 	 -4.148270 
4.180000 	 -4.758144 
4.190000 	 -3.895081 
4.200000 	 -3.940006 
4.210000 	 -4.404613 
4.220000 	 -6.314133 
4.230000 	 -5.495544 
4.240000 	 -4.743842 
4.250000 	 -5.080691 
4.260000 	 -4.853932 
4.270000 	 -4.380286 
4.280000 	 -4.203436 
4.290000 	 -5.012219 
4.300000 	 -4.127690 
4.310000 	 -4.103138 
4.320000 	 -4.546670 
4.330000 	 -4.373940 
4.340000 	 -3.791443 
4.350000 	 -3.784813 
4.360000 	 -5.272164 
4.370000 	 -3.779592 
4.380000 	 -5.406705 
4.390000 	 -5.336681 
4.400000 	 -4.866451 
4.410000 	 -5.561000 
4.420000 	 -6.201587 
4.430000 	 -5.912452 
4.440000 	 -5.175596 
4.450000 	 -3.839914 
4.460000 	 -5.103278 
4.470000 	 -5.028135 
4.480000 	 -4.662425 
4.490000 	 -5.015062 
4.500000 	 -4.010481 
4.510000 	 -5.377537 
4.520000 	 -3.921720 
4.530000 	 -6.022340 
4.540000 	 -3.972247 
4.550000 	 -4.505460 
4.560000 	 -5.991655 
4.570000 	 -3.905600 
4.580000 	 -4.270965 
4.590000 	 -3.762263 
4.600000 	 -5.265737 
4.610000 	 -5.480346 
4.620000 	 -4.088960 
4.630000 	 -4.361175 
4.640000 	 -4.032457 
4.650000 	 -5.092493 
4.660000 	 -4.800511 
4.670000 	 -5.263899 
4.680000 	 -3.999555 
4.690000 	 -4.776428 
4.700000 	 -4.190052 
4.710000 	 -5.081109 
4.720000 	 -4.587593 
4.730000 	 -6.040043 
4.740000 	 -4.750541 
4.750000 	 -6.194115 
4.760000 	 -5.925476 
4.770000 	 -3.793574 
4.780000 	 -5.685737 
4.790000 	 -5.702480 
4.800000 	 -7.446136 
4.810000 	 -5.718779 
4.820000 	 -4.583753 
4.830000 	 -4.600255 
4.840000 	 -5.540392 
4.850000 	 -3.585300 
4.860000 	 -5.064122 
4.870000 	 -5.409611 
4.880000 	 -5.650895 
4.890000 	 -4.878526 
4.900000 	 -5.458543 
4.910000 	 -5.786786 
4.920000 	 -6.007110 
4.930000 	 -6.010018 
4.940000 	 -6.605500 
4.950000 	 -7.327298 
4.960000 	 -3.874234 
4.970000 	 -5.834749 
4.980000 	 -6.262856 
4.990000 	 -4.006596 
5.000000 	 -4.739959 
