0.000000 	 2.436450 
0.010000 	 0.188921 
0.020000 	 0.368479 
0.030000 	 0.064581 
0.040000 	 1.023504 
0.050000 	 0.504251 
0.060000 	 1.206898 
0.070000 	 -0.079849 
0.080000 	 0.255297 
0.090000 	 0.740561 
0.100000 	 2.068531 
0.110000 	 0.650248 
0.120000 	 0.569759 
0.130000 	 0.424479 
0.140000 	 2.307651 
0.150000 	 1.659056 
0.160000 	 -0.564761 
0.170000 	 0.910534 
0.180000 	 0.398466 
0.190000 	 -0.387549 
0.200000 	 -1.057966 
0.210000 	 1.270170 
0.220000 	 0.279430 
0.230000 	 0.934634 
0.240000 	 0.318930 
0.250000 	 -0.523014 
0.260000 	 1.816462 
0.270000 	 0.416594 
0.280000 	 0.802467 
0.290000 	 1.003342 
0.300000 	 0.775407 
0.310000 	 0.102750 
0.320000 	 0.913744 
0.330000 	 0.815506 
0.340000 	 -0.445836 
0.350000 	 -0.635134 
0.360000 	 0.351731 
0.370000 	 -0.510754 
0.380000 	 1.334496 
0.390000 	 0.616402 
0.400000 	 0.189121 
0.410000 	 0.462013 
0.420000 	 0.968959 
0.430000 	 -0.817003 
0.440000 	 0.396834 
0.450000 	 1.047911 
0.460000 	 0.442772 
0.470000 	 0.946040 
0.480000 	 1.499772 
0.490000 	 0.306093 
0.500000 	 0.177081 
0.510000 	 -1.467807 
0.520000 	 -0.355932 
0.530000 	 -0.792835 
0.540000 	 0.391991 
0.550000 	 0.205221 
0.560000 	 -0.580939 
0.570000 	 0.785264 
0.580000 	 -0.800708 
0.590000 	 -0.247948 
0.600000 	 -0.406292 
0.610000 	 0.199657 
0.620000 	 0.130961 
0.630000 	 0.033836 
0.640000 	 -0.354360 
0.650000 	 -0.740884 
0.660000 	 0.186289 
0.670000 	 -1.352435 
0.680000 	 -1.200983 
0.690000 	 0.150323 
0.700000 	 -0.005622 
0.710000 	 -1.173330 
0.720000 	 -1.623852 
0.730000 	 -0.928034 
0.740000 	 0.607128 
0.750000 	 -0.091195 
0.760000 	 -0.073039 
0.770000 	 0.406985 
0.780000 	 -0.509162 
0.790000 	 -0.223647 
0.800000 	 0.465014 
0.810000 	 -2.473898 
0.820000 	 -0.790454 
0.830000 	 -0.477323 
0.840000 	 -1.227319 
0.850000 	 -0.167093 
0.860000 	 0.413760 
0.870000 	 -0.900343 
0.880000 	 -0.693916 
0.890000 	 -0.261833 
0.900000 	 -0.336143 
0.910000 	 0.185843 
0.920000 	 -0.845902 
0.930000 	 -1.393892 
0.940000 	 -0.872176 
0.950000 	 -1.370159 
0.960000 	 0.321886 
0.970000 	 -2.494276 
0.980000 	 -0.498609 
0.990000 	 -0.130808 
1.000000 	 0.609242 
1.010000 	 -0.090118 
1.020000 	 0.181608 
1.030000 	 -0.545643 
1.040000 	 0.491481 
1.050000 	 -2.058316 
1.060000 	 -0.259777 
1.070000 	 0.237340 
1.080000 	 0.269883 
1.090000 	 -1.684396 
1.100000 	 0.486538 
1.110000 	 0.595069 
1.120000 	 -0.712301 
1.130000 	 -0.060330 
1.140000 	 -1.712306 
1.150000 	 -0.564285 
1.160000 	 -1.736827 
1.170000 	 -0.373240 
1.180000 	 0.188616 
1.190000 	 -0.825799 
1.200000 	 -0.892451 
1.210000 	 0.941215 
1.220000 	 -1.612972 
1.230000 	 -2.081160 
1.240000 	 -0.243337 
1.250000 	 -0.662731 
1.260000 	 -1.099083 
1.270000 	 -1.301627 
1.280000 	 0.021703 
1.290000 	 -1.655149 
1.300000 	 -0.778950 
1.310000 	 0.344165 
1.320000 	 -0.226007 
1.330000 	 -0.193320 
1.340000 	 -0.782246 
1.350000 	 -1.238235 
1.360000 	 -1.656382 
1.370000 	 -0.197654 
1.380000 	 -1.180900 
1.390000 	 -1.392344 
1.400000 	 -1.597029 
1.410000 	 -1.570653 
1.420000 	 0.229028 
1.430000 	 -0.759255 
1.440000 	 -1.522883 
1.450000 	 1.526255 
1.460000 	 -0.194980 
1.470000 	 -0.530855 
1.480000 	 -1.649372 
1.490000 	 -0.508555 
1.500000 	 -1.379231 
1.510000 	 -1.193734 
1.520000 	 -1.310812 
1.530000 	 -0.230153 
1.540000 	 -2.619030 
1.550000 	 -0.532836 
1.560000 	 -0.764299 
1.570000 	 -1.574305 
1.580000 	 -2.152610 
1.590000 	 -1.859603 
1.600000 	 -1.782600 
1.610000 	 -1.327665 
1.620000 	 -0.387492 
1.630000 	 -0.896008 
1.640000 	 -1.753661 
1.650000 	 -0.916831 
1.660000 	 -0.882207 
1.670000 	 -1.673213 
1.680000 	 -1.561527 
1.690000 	 -0.617831 
1.700000 	 -1.748779 
1.710000 	 -0.383052 
1.720000 	 -1.342637 
1.730000 	 -2.176235 
1.740000 	 -0.722151 
1.750000 	 -2.125994 
1.760000 	 -2.118721 
1.770000 	 -1.253016 
1.780000 	 -2.386606 
1.790000 	 -1.612930 
1.800000 	 -0.715627 
1.810000 	 -0.984163 
1.820000 	 -1.819836 
1.830000 	 -1.331026 
1.840000 	 -1.151714 
1.850000 	 -1.897776 
1.860000 	 -2.568120 
1.870000 	 -2.529462 
1.880000 	 -0.483322 
1.890000 	 -0.887056 
1.900000 	 -2.445854 
1.910000 	 -1.458185 
1.920000 	 -2.893069 
1.930000 	 -0.918793 
1.940000 	 -0.954862 
1.950000 	 -1.686161 
1.960000 	 -2.104709 
1.970000 	 -1.985816 
1.980000 	 -1.677000 
1.990000 	 -2.338657 
2.000000 	 -0.743658 
2.010000 	 -1.204412 
2.020000 	 -1.357852 
2.030000 	 -2.640967 
2.040000 	 -1.424316 
2.050000 	 -1.601499 
2.060000 	 -1.011945 
2.070000 	 -3.152471 
2.080000 	 -2.556505 
2.090000 	 -0.329305 
2.100000 	 -2.255880 
2.110000 	 -1.529247 
2.120000 	 -3.367196 
2.130000 	 -3.651132 
2.140000 	 -2.149606 
2.150000 	 -2.832723 
2.160000 	 -0.953627 
2.170000 	 -1.160265 
2.180000 	 -1.506037 
2.190000 	 -2.473338 
2.200000 	 -2.615601 
2.210000 	 -2.327244 
2.220000 	 -3.378185 
2.230000 	 -2.316307 
2.240000 	 -1.899465 
2.250000 	 -1.121075 
2.260000 	 -1.245887 
2.270000 	 -1.957369 
2.280000 	 -2.156982 
2.290000 	 -1.773456 
2.300000 	 -3.698383 
2.310000 	 -1.302041 
2.320000 	 -3.896774 
2.330000 	 -3.119387 
2.340000 	 -2.372650 
2.350000 	 -1.060644 
2.360000 	 -2.210526 
2.370000 	 -2.623494 
2.380000 	 -3.530596 
2.390000 	 -3.578140 
2.400000 	 -2.973555 
2.410000 	 -2.888937 
2.420000 	 -2.526283 
2.430000 	 -2.710842 
2.440000 	 -1.532715 
2.450000 	 -2.139451 
2.460000 	 -3.844190 
2.470000 	 -1.978280 
2.480000 	 -2.754679 
2.490000 	 -2.308911 
2.500000 	 -3.137451 
2.510000 	 -2.844957 
2.520000 	 -1.496566 
2.530000 	 -2.355618 
2.540000 	 -2.697335 
2.550000 	 -2.032908 
2.560000 	 -1.836143 
2.570000 	 -2.655499 
2.580000 	 -1.276434 
2.590000 	 -1.221542 
2.600000 	 -3.265456 
2.610000 	 -0.916335 
2.620000 	 -3.153039 
2.630000 	 -2.676965 
2.640000 	 -2.877810 
2.650000 	 -2.662773 
2.660000 	 -4.012788 
2.670000 	 -1.208378 
2.680000 	 -4.224797 
2.690000 	 -3.409010 
2.700000 	 -2.407713 
2.710000 	 -2.646933 
2.720000 	 -2.128342 
2.730000 	 -2.526307 
2.740000 	 -2.162646 
2.750000 	 -1.626447 
2.760000 	 -3.213053 
2.770000 	 -2.626910 
2.780000 	 -3.340816 
2.790000 	 -3.672776 
2.800000 	 -3.672142 
2.810000 	 -3.447428 
2.820000 	 -3.379001 
2.830000 	 -1.549329 
2.840000 	 -3.985523 
2.850000 	 -3.382253 
2.860000 	 -3.133498 
2.870000 	 -1.443974 
2.880000 	 -3.234533 
2.890000 	 -2.751181 
2.900000 	 -3.954844 
2.910000 	 -2.659544 
2.920000 	 -3.631276 
2.930000 	 -3.772417 
2.940000 	 -0.917485 
2.950000 	 -3.249694 
2.960000 	 -3.157518 
2.970000 	 -3.544640 
2.980000 	 -2.671968 
2.990000 	 -3.558335 
3.000000 	 -3.140242 
3.010000 	 -0.811888 
3.020000 	 -2.894700 
3.030000 	 -2.329920 
3.040000 	 -4.572381 
3.050000 	 -3.068020 
3.060000 	 -4.064605 
3.070000 	 -3.177911 
3.080000 	 -4.120059 
3.090000 	 -3.544780 
3.100000 	 -3.305572 
3.110000 	 -2.623332 
3.120000 	 -2.831994 
3.130000 	 -3.603251 
3.140000 	 -2.773160 
3.150000 	 -1.419825 
3.160000 	 -3.387019 
3.170000 	 -3.405979 
3.180000 	 -3.909497 
3.190000 	 -2.658790 
3.200000 	 -3.578105 
3.210000 	 -2.927373 
3.220000 	 -3.396403 
3.230000 	 -4.176427 
3.240000 	 -3.930420 
3.250000 	 -3.514047 
3.260000 	 -3.166774 
3.270000 	 -4.897618 
3.280000 	 -4.261204 
3.290000 	 -2.829036 
3.300000 	 -4.840405 
3.310000 	 -2.909977 
3.320000 	 -4.497777 
3.330000 	 -3.750309 
3.340000 	 -3.055796 
3.350000 	 -3.977699 
3.360000 	 -3.952822 
3.370000 	 -3.643880 
3.380000 	 -3.275184 
3.390000 	 -4.381646 
3.400000 	 -3.715495 
3.410000 	 -3.527514 
3.420000 	 -3.817153 
3.430000 	 -3.111271 
3.440000 	 -3.663190 
3.450000 	 -3.444550 
3.460000 	 -3.663451 
3.470000 	 -3.275765 
3.480000 	 -3.694936 
3.490000 	 -3.773210 
3.500000 	 -2.686170 
3.510000 	 -3.789424 
3.520000 	 -3.653794 
3.530000 	 -4.451100 
3.540000 	 -3.377374 
3.550000 	 -2.645314 
3.560000 	 -2.997742 
3.570000 	 -3.589077 
3.580000 	 -4.762113 
3.590000 	 -3.251820 
3.600000 	 -3.113839 
3.610000 	 -2.766852 
3.620000 	 -2.565566 
3.630000 	 -4.043787 
3.640000 	 -3.395614 
3.650000 	 -3.974275 
3.660000 	 -5.451773 
3.670000 	 -3.605382 
3.680000 	 -4.368554 
3.690000 	 -3.340184 
3.700000 	 -5.031435 
3.710000 	 -3.924328 
3.720000 	 -3.036328 
3.730000 	 -4.334374 
3.740000 	 -3.145464 
3.750000 	 -3.773742 
3.760000 	 -5.140740 
3.770000 	 -2.577513 
3.780000 	 -3.513403 
3.790000 	 -3.714663 
3.800000 	 -4.065125 
3.810000 	 -4.016729 
3.820000 	 -4.420563 
3.830000 	 -3.592111 
3.840000 	 -4.402801 
3.850000 	 -2.881579 
3.860000 	 -3.603862 
3.870000 	 -5.119875 
3.880000 	 -5.469990 
3.890000 	 -4.543787 
3.900000 	 -5.475396 
3.910000 	 -3.348317 
3.920000 	 -5.600968 
3.930000 	 -2.114408 
3.940000 	 -4.502056 
3.950000 	 -4.547862 
3.960000 	 -5.280504 
3.970000 	 -5.373911 
3.980000 	 -4.367740 
3.990000 	 -5.035258 
4.000000 	 -5.385535 
4.010000 	 -3.626451 
4.020000 	 -3.880240 
4.030000 	 -4.863973 
4.040000 	 -4.628448 
4.050000 	 -3.584285 
4.060000 	 -3.519038 
4.070000 	 -4.166212 
4.080000 	 -4.174063 
4.090000 	 -4.381894 
4.100000 	 -4.260022 
4.110000 	 -4.652351 
4.120000 	 -5.082898 
4.130000 	 -4.665513 
4.140000 	 -2.597193 
4.150000 	 -5.160607 
4.160000 	 -3.946384 
4.170000 	 -4.961969 
4.180000 	 -5.384796 
4.190000 	 -4.438994 
4.200000 	 -4.996869 
4.210000 	 -4.817378 
4.220000 	 -3.208505 
4.230000 	 -4.348737 
4.240000 	 -4.442891 
4.250000 	 -4.897545 
4.260000 	 -3.512678 
4.270000 	 -5.308484 
4.280000 	 -3.988015 
4.290000 	 -4.378403 
4.300000 	 -5.044314 
4.310000 	 -5.308382 
4.320000 	 -4.880196 
4.330000 	 -2.484091 
4.340000 	 -4.121039 
4.350000 	 -5.291652 
4.360000 	 -4.319273 
4.370000 	 -2.943447 
4.380000 	 -4.081280 
4.390000 	 -4.856882 
4.400000 	 -6.599440 
4.410000 	 -5.646721 
4.420000 	 -5.459344 
4.430000 	 -5.826036 
4.440000 	 -5.189260 
4.450000 	 -5.091963 
4.460000 	 -5.053143 
4.470000 	 -4.922656 
4.480000 	 -3.978380 
4.490000 	 -5.331468 
4.500000 	 -4.296105 
4.510000 	 -5.211125 
4.520000 	 -4.947127 
4.530000 	 -4.095697 
4.540000 	 -3.012499 
4.550000 	 -4.798663 
4.560000 	 -6.095262 
4.570000 	 -5.299218 
4.580000 	 -5.390723 
4.590000 	 -5.508425 
4.600000 	 -5.249905 
4.610000 	 -5.063940 
4.620000 	 -4.543979 
4.630000 	 -5.994493 
4.640000 	 -5.800887 
4.650000 	 -4.438202 
4.660000 	 -5.191826 
4.670000 	 -6.062500 
4.680000 	 -6.540940 
4.690000 	 -5.635837 
4.700000 	 -4.593107 
4.710000 	 -4.631243 
4.720000 	 -2.587262 
4.730000 	 -4.979251 
4.740000 	 -3.867158 
4.750000 	 -5.001798 
4.760000 	 -4.441788 
4.770000 	 -5.325482 
4.780000 	 -4.664635 
4.790000 	 -2.314725 
4.800000 	 -5.816956 
4.810000 	 -5.765212 
4.820000 	 -5.443784 
4.830000 	 -5.062918 
4.840000 	 -5.684561 
4.850000 	 -4.829616 
4.860000 	 -4.917972 
4.870000 	 -5.599279 
4.880000 	 -5.805468 
4.890000 	 -5.622167 
4.900000 	 -5.888001 
4.910000 	 -4.051451 
4.920000 	 -5.661408 
4.930000 	 -5.402808 
4.940000 	 -5.981755 
4.950000 	 -5.627550 
4.960000 	 -6.409812 
4.970000 	 -5.959989 
4.980000 	 -6.165824 
4.990000 	 -6.205051 
5.000000 	 -4.677996 
