0.000000 	 1.050510 
0.010000 	 1.199026 
0.020000 	 1.283423 
0.030000 	 0.975372 
0.040000 	 0.791218 
0.050000 	 0.894769 
0.060000 	 -0.152121 
0.070000 	 1.358220 
0.080000 	 1.348125 
0.090000 	 0.751384 
0.100000 	 0.235992 
0.110000 	 -0.711156 
0.120000 	 -0.255347 
0.130000 	 0.927436 
0.140000 	 0.241643 
0.150000 	 0.599877 
0.160000 	 0.630692 
0.170000 	 1.611034 
0.180000 	 -0.150257 
0.190000 	 0.400620 
0.200000 	 1.658743 
0.210000 	 1.182072 
0.220000 	 -0.445750 
0.230000 	 1.802320 
0.240000 	 0.932381 
0.250000 	 -0.549126 
0.260000 	 1.238469 
0.270000 	 0.114173 
0.280000 	 0.998631 
0.290000 	 0.678152 
0.300000 	 1.143150 
0.310000 	 -0.814985 
0.320000 	 -0.790474 
0.330000 	 0.170444 
0.340000 	 0.797186 
0.350000 	 1.266376 
0.360000 	 0.645827 
0.370000 	 1.486398 
0.380000 	 2.817290 
0.390000 	 0.849539 
0.400000 	 2.029610 
0.410000 	 0.265321 
0.420000 	 0.107854 
0.430000 	 -1.106470 
0.440000 	 0.368125 
0.450000 	 -0.571795 
0.460000 	 0.458971 
0.470000 	 -1.199444 
0.480000 	 -0.219119 
0.490000 	 -0.284340 
0.500000 	 0.522954 
0.510000 	 -0.396811 
0.520000 	 0.958384 
0.530000 	 -0.892721 
0.540000 	 -0.796371 
0.550000 	 0.435358 
0.560000 	 -1.183806 
0.570000 	 -0.074113 
0.580000 	 -0.449045 
0.590000 	 1.192225 
0.600000 	 -0.985056 
0.610000 	 -0.516723 
0.620000 	 -1.380108 
0.630000 	 -0.470036 
0.640000 	 -0.660755 
0.650000 	 0.722791 
0.660000 	 1.067592 
0.670000 	 -0.161249 
0.680000 	 -0.554802 
0.690000 	 0.254675 
0.700000 	 -0.332715 
0.710000 	 0.449279 
0.720000 	 -0.089736 
0.730000 	 -1.013593 
0.740000 	 -1.034534 
0.750000 	 0.221580 
0.760000 	 -0.783831 
0.770000 	 -1.108485 
0.780000 	 -0.570441 
0.790000 	 -0.658144 
0.800000 	 0.137523 
0.810000 	 -1.809177 
0.820000 	 -0.290516 
0.830000 	 0.137444 
0.840000 	 -0.445441 
0.850000 	 1.173710 
0.860000 	 -0.203576 
0.870000 	 0.384220 
0.880000 	 -1.929195 
0.890000 	 -0.560342 
0.900000 	 1.671467 
0.910000 	 -0.205997 
0.920000 	 -1.236112 
0.930000 	 -1.377100 
0.940000 	 -0.542235 
0.950000 	 0.704248 
0.960000 	 -0.416024 
0.970000 	 -0.149957 
0.980000 	 -0.678782 
0.990000 	 -0.607343 
1.000000 	 -0.895654 
1.010000 	 -0.492389 
1.020000 	 0.495119 
1.030000 	 -2.312769 
1.040000 	 0.498739 
1.050000 	 -0.883989 
1.060000 	 -0.265549 
1.070000 	 0.095560 
1.080000 	 -0.721111 
1.090000 	 0.025958 
1.100000 	 -1.680399 
1.110000 	 -2.149940 
1.120000 	 -0.396718 
1.130000 	 -0.694272 
1.140000 	 -1.175527 
1.150000 	 -1.709396 
1.160000 	 0.085194 
1.170000 	 -1.413881 
1.180000 	 -0.761864 
1.190000 	 -0.275774 
1.200000 	 -0.970752 
1.210000 	 0.541157 
1.220000 	 -1.225483 
1.230000 	 0.421826 
1.240000 	 -0.282984 
1.250000 	 0.061429 
1.260000 	 -0.635090 
1.270000 	 -0.675434 
1.280000 	 -1.882849 
1.290000 	 -1.067935 
1.300000 	 0.060593 
1.310000 	 -2.300450 
1.320000 	 -1.709770 
1.330000 	 -0.423150 
1.340000 	 -0.835902 
1.350000 	 -1.250417 
1.360000 	 -2.378551 
1.370000 	 -0.114286 
1.380000 	 0.209020 
1.390000 	 0.036329 
1.400000 	 -1.769204 
1.410000 	 -1.050804 
1.420000 	 0.424570 
1.430000 	 -1.336641 
1.440000 	 -2.343535 
1.450000 	 -1.264467 
1.460000 	 -2.158605 
1.470000 	 -2.224424 
1.480000 	 -2.903352 
1.490000 	 -1.913307 
1.500000 	 0.914618 
1.510000 	 -0.451114 
1.520000 	 -2.288469 
1.530000 	 -1.714165 
1.540000 	 -1.635688 
1.550000 	 -1.242187 
1.560000 	 -0.438429 
1.570000 	 -1.288214 
1.580000 	 -2.958082 
1.590000 	 -0.852594 
1.600000 	 -1.139237 
1.610000 	 -1.789671 
1.620000 	 -1.380008 
1.630000 	 -1.620468 
1.640000 	 -1.437258 
1.650000 	 -0.734108 
1.660000 	 -3.655328 
1.670000 	 -1.775995 
1.680000 	 -2.973533 
1.690000 	 -0.365021 
1.700000 	 -1.791135 
1.710000 	 -2.217741 
1.720000 	 -0.744400 
1.730000 	 -1.427251 
1.740000 	 -2.154933 
1.750000 	 -1.421503 
1.760000 	 0.046342 
1.770000 	 -0.363212 
1.780000 	 -2.374091 
1.790000 	 -2.080855 
1.800000 	 -1.055721 
1.810000 	 -2.295528 
1.820000 	 -0.836194 
1.830000 	 -1.221810 
1.840000 	 -0.468851 
1.850000 	 -2.952092 
1.860000 	 -1.576354 
1.870000 	 -2.211454 
1.880000 	 -0.825351 
1.890000 	 -1.141424 
1.900000 	 -2.790524 
1.910000 	 -2.434892 
1.920000 	 -2.633541 
1.930000 	 -2.976815 
1.940000 	 -2.630466 
1.950000 	 -3.922721 
1.960000 	 -1.361829 
1.970000 	 -1.850183 
1.980000 	 -2.248383 
1.990000 	 -2.435218 
2.000000 	 -1.778802 
2.010000 	 -1.353900 
2.020000 	 -2.198852 
2.030000 	 -1.441837 
2.040000 	 -1.173730 
2.050000 	 -3.016570 
2.060000 	 -0.917777 
2.070000 	 -2.578007 
2.080000 	 -1.818526 
2.090000 	 -3.243609 
2.100000 	 -2.597709 
2.110000 	 -1.688159 
2.120000 	 -3.052303 
2.130000 	 -2.836534 
2.140000 	 -1.711448 
2.150000 	 -1.951942 
2.160000 	 -3.052928 
2.170000 	 -0.908583 
2.180000 	 -1.154234 
2.190000 	 -2.281480 
2.200000 	 -2.906138 
2.210000 	 -1.775791 
2.220000 	 -1.566301 
2.230000 	 -3.526712 
2.240000 	 -2.448918 
2.250000 	 -2.592176 
2.260000 	 -2.713116 
2.270000 	 -2.097295 
2.280000 	 -3.054877 
2.290000 	 -3.350784 
2.300000 	 -2.550753 
2.310000 	 -1.856317 
2.320000 	 -2.798221 
2.330000 	 -0.625781 
2.340000 	 -1.899399 
2.350000 	 -2.019874 
2.360000 	 -3.451091 
2.370000 	 -2.311894 
2.380000 	 -1.502522 
2.390000 	 -3.217112 
2.400000 	 -1.485069 
2.410000 	 -2.784477 
2.420000 	 -2.673876 
2.430000 	 -1.691788 
2.440000 	 -1.483849 
2.450000 	 -0.718836 
2.460000 	 -2.222203 
2.470000 	 -4.133457 
2.480000 	 -3.877386 
2.490000 	 -1.486901 
2.500000 	 -2.621862 
2.510000 	 -3.535375 
2.520000 	 -3.633133 
2.530000 	 -2.808035 
2.540000 	 -2.126134 
2.550000 	 -2.085967 
2.560000 	 -2.027851 
2.570000 	 -1.672152 
2.580000 	 -2.568227 
2.590000 	 -1.456314 
2.600000 	 -2.103746 
2.610000 	 -1.487454 
2.620000 	 -3.113407 
2.630000 	 -3.609191 
2.640000 	 -2.892221 
2.650000 	 -3.624927 
2.660000 	 -3.372159 
2.670000 	 -3.684497 
2.680000 	 -3.162127 
2.690000 	 -2.263048 
2.700000 	 -2.120804 
2.710000 	 -3.378442 
2.720000 	 -3.015140 
2.730000 	 -3.347224 
2.740000 	 -3.475721 
2.750000 	 -2.962518 
2.760000 	 -4.537393 
2.770000 	 -2.439768 
2.780000 	 -3.494934 
2.790000 	 -2.134065 
2.800000 	 -2.961208 
2.810000 	 -3.174613 
2.820000 	 -1.814521 
2.830000 	 -3.099225 
2.840000 	 -1.778595 
2.850000 	 -2.798736 
2.860000 	 -2.499088 
2.870000 	 -2.614316 
2.880000 	 -3.470437 
2.890000 	 -3.473070 
2.900000 	 -3.932948 
2.910000 	 -2.717044 
2.920000 	 -1.912624 
2.930000 	 -1.969221 
2.940000 	 -3.156086 
2.950000 	 -2.633811 
2.960000 	 -2.703047 
2.970000 	 -3.055545 
2.980000 	 -2.227958 
2.990000 	 -3.834145 
3.000000 	 -3.420126 
3.010000 	 -3.183343 
3.020000 	 -3.294643 
3.030000 	 -3.510966 
3.040000 	 -3.639094 
3.050000 	 -3.481640 
3.060000 	 -2.531234 
3.070000 	 -2.339370 
3.080000 	 -2.960653 
3.090000 	 -2.115240 
3.100000 	 -1.857516 
3.110000 	 -1.605572 
3.120000 	 -4.472674 
3.130000 	 -3.497142 
3.140000 	 -4.497365 
3.150000 	 -3.157151 
3.160000 	 -4.846232 
3.170000 	 -2.955357 
3.180000 	 -3.726280 
3.190000 	 -2.295501 
3.200000 	 -4.343314 
3.210000 	 -4.423832 
3.220000 	 -2.721157 
3.230000 	 -3.241935 
3.240000 	 -2.812109 
3.250000 	 -5.070922 
3.260000 	 -4.348329 
3.270000 	 -2.756306 
3.280000 	 -3.892324 
3.290000 	 -3.283578 
3.300000 	 -3.421311 
3.310000 	 -4.063755 
3.320000 	 -3.410047 
3.330000 	 -4.661583 
3.340000 	 -3.831660 
3.350000 	 -2.749636 
3.360000 	 -3.373005 
3.370000 	 -4.348393 
3.380000 	 -2.090575 
3.390000 	 -3.447535 
3.400000 	 -3.267545 
3.410000 	 -4.556817 
3.420000 	 -4.936640 
3.430000 	 -3.605105 
3.440000 	 -4.955045 
3.450000 	 -2.194225 
3.460000 	 -4.112726 
3.470000 	 -2.687836 
3.480000 	 -1.987741 
3.490000 	 -2.821025 
3.500000 	 -4.068649 
3.510000 	 -3.347970 
3.520000 	 -3.232209 
3.530000 	 -4.546878 
3.540000 	 -3.003767 
3.550000 	 -4.043255 
3.560000 	 -5.285400 
3.570000 	 -2.867263 
3.580000 	 -3.787931 
3.590000 	 -4.773931 
3.600000 	 -3.702973 
3.610000 	 -3.035389 
3.620000 	 -3.807747 
3.630000 	 -3.191978 
3.640000 	 -2.762106 
3.650000 	 -3.957253 
3.660000 	 -4.342737 
3.670000 	 -3.398535 
3.680000 	 -3.525393 
3.690000 	 -3.473198 
3.700000 	 -4.425725 
3.710000 	 -3.283232 
3.720000 	 -3.383789 
3.730000 	 -3.245522 
3.740000 	 -2.494552 
3.750000 	 -2.576979 
3.760000 	 -4.342633 
3.770000 	 -4.363433 
3.780000 	 -3.159992 
3.790000 	 -3.735185 
3.800000 	 -4.969459 
3.810000 	 -3.251298 
3.820000 	 -4.232380 
3.830000 	 -6.149266 
3.840000 	 -4.133648 
3.850000 	 -4.390341 
3.860000 	 -5.086379 
3.870000 	 -4.497227 
3.880000 	 -3.838955 
3.890000 	 -5.032574 
3.900000 	 -3.763922 
3.910000 	 -6.556600 
3.920000 	 -4.522558 
3.930000 	 -4.079900 
3.940000 	 -4.394659 
3.950000 	 -4.399817 
3.960000 	 -3.579069 
3.970000 	 -4.211826 
3.980000 	 -3.122664 
3.990000 	 -3.659606 
4.000000 	 -4.094606 
4.010000 	 -4.301579 
4.020000 	 -5.456740 
4.030000 	 -5.267349 
4.040000 	 -4.090123 
4.050000 	 -6.148288 
4.060000 	 -3.948770 
4.070000 	 -4.628030 
4.080000 	 -5.723408 
4.090000 	 -5.243078 
4.100000 	 -4.848208 
4.110000 	 -3.015085 
4.120000 	 -3.786605 
4.130000 	 -4.829484 
4.140000 	 -4.646501 
4.150000 	 -3.940724 
4.160000 	 -4.200582 
4.170000 	 -4.974363 
4.180000 	 -3.068605 
4.190000 	 -3.772287 
4.200000 	 -5.256857 
4.210000 	 -5.326348 
4.220000 	 -5.320089 
4.230000 	 -4.955637 
4.240000 	 -4.363409 
4.250000 	 -5.644217 
4.260000 	 -4.782189 
4.270000 	 -4.801610 
4.280000 	 -4.428537 
4.290000 	 -5.129072 
4.300000 	 -4.026223 
4.310000 	 -4.659667 
4.320000 	 -3.699551 
4.330000 	 -4.135202 
4.340000 	 -5.019441 
4.350000 	 -4.947076 
4.360000 	 -4.432813 
4.370000 	 -4.753209 
4.380000 	 -3.230886 
4.390000 	 -3.981446 
4.400000 	 -4.866758 
4.410000 	 -4.906176 
4.420000 	 -4.368604 
4.430000 	 -4.555970 
4.440000 	 -4.080367 
4.450000 	 -3.338211 
4.460000 	 -4.465543 
4.470000 	 -3.603395 
4.480000 	 -4.471419 
4.490000 	 -5.037020 
4.500000 	 -3.642172 
4.510000 	 -5.553871 
4.520000 	 -5.914942 
4.530000 	 -4.543579 
4.540000 	 -5.877386 
4.550000 	 -5.344253 
4.560000 	 -4.436323 
4.570000 	 -4.702508 
4.580000 	 -7.343688 
4.590000 	 -5.943721 
4.600000 	 -4.722171 
4.610000 	 -4.132104 
4.620000 	 -4.575586 
4.630000 	 -5.932597 
4.640000 	 -6.293919 
4.650000 	 -4.227482 
4.660000 	 -4.056732 
4.670000 	 -4.092545 
4.680000 	 -7.081239 
4.690000 	 -4.545063 
4.700000 	 -4.923741 
4.710000 	 -4.911879 
4.720000 	 -6.173880 
4.730000 	 -4.513091 
4.740000 	 -4.737403 
4.750000 	 -5.264343 
4.760000 	 -5.820437 
4.770000 	 -5.106927 
4.780000 	 -4.887125 
4.790000 	 -4.908088 
4.800000 	 -5.147715 
4.810000 	 -4.513126 
4.820000 	 -4.800649 
4.830000 	 -6.246017 
4.840000 	 -5.506477 
4.850000 	 -5.229599 
4.860000 	 -5.541036 
4.870000 	 -5.368081 
4.880000 	 -4.839653 
4.890000 	 -6.145526 
4.900000 	 -5.521284 
4.910000 	 -5.151019 
4.920000 	 -5.473498 
4.930000 	 -5.826888 
4.940000 	 -6.067538 
4.950000 	 -5.147953 
4.960000 	 -4.469850 
4.970000 	 -4.776656 
4.980000 	 -5.828423 
4.990000 	 -6.687112 
5.000000 	 -5.545703 
