0.000000 	 1.498287 
0.010000 	 -0.020663 
0.020000 	 0.350514 
0.030000 	 0.843895 
0.040000 	 2.556496 
0.050000 	 2.150982 
0.060000 	 0.592730 
0.070000 	 -0.445791 
0.080000 	 0.723930 
0.090000 	 1.864988 
0.100000 	 -1.165446 
0.110000 	 0.849416 
0.120000 	 1.065985 
0.130000 	 0.443579 
0.140000 	 -1.101450 
0.150000 	 0.526362 
0.160000 	 0.788828 
0.170000 	 0.386478 
0.180000 	 2.774177 
0.190000 	 -1.572267 
0.200000 	 0.133100 
0.210000 	 -0.750308 
0.220000 	 1.482449 
0.230000 	 0.606026 
0.240000 	 0.444574 
0.250000 	 1.095728 
0.260000 	 -0.616315 
0.270000 	 0.866179 
0.280000 	 0.634937 
0.290000 	 -0.137594 
0.300000 	 0.054294 
0.310000 	 1.015140 
0.320000 	 0.535089 
0.330000 	 1.091431 
0.340000 	 0.556737 
0.350000 	 0.788219 
0.360000 	 0.523217 
0.370000 	 0.350700 
0.380000 	 -0.244009 
0.390000 	 0.708203 
0.400000 	 1.199700 
0.410000 	 0.399160 
0.420000 	 -0.733931 
0.430000 	 -0.648033 
0.440000 	 2.245878 
0.450000 	 0.037561 
0.460000 	 0.491479 
0.470000 	 -0.171171 
0.480000 	 0.333940 
0.490000 	 0.887264 
0.500000 	 0.269314 
0.510000 	 1.159451 
0.520000 	 -1.080183 
0.530000 	 0.720460 
0.540000 	 -0.396485 
0.550000 	 0.282119 
0.560000 	 0.135293 
0.570000 	 0.619948 
0.580000 	 -0.452681 
0.590000 	 -0.281133 
0.600000 	 0.863197 
0.610000 	 0.096010 
0.620000 	 1.198234 
0.630000 	 -0.245645 
0.640000 	 0.208485 
0.650000 	 1.234493 
0.660000 	 0.607028 
0.670000 	 1.047712 
0.680000 	 0.244165 
0.690000 	 0.135616 
0.700000 	 -0.979929 
0.710000 	 0.693890 
0.720000 	 -0.903988 
0.730000 	 0.188994 
0.740000 	 -0.342656 
0.750000 	 -0.333655 
0.760000 	 0.281424 
0.770000 	 1.440883 
0.780000 	 -0.938979 
0.790000 	 0.060210 
0.800000 	 0.284365 
0.810000 	 -0.090513 
0.820000 	 -1.375144 
0.830000 	 -2.017424 
0.840000 	 -0.019521 
0.850000 	 0.227948 
0.860000 	 1.813787 
0.870000 	 -0.827573 
0.880000 	 -0.233312 
0.890000 	 -1.123619 
0.900000 	 -1.237872 
0.910000 	 0.207996 
0.920000 	 -1.303153 
0.930000 	 -0.311767 
0.940000 	 -0.792913 
0.950000 	 1.050065 
0.960000 	 -0.902781 
0.970000 	 -0.232902 
0.980000 	 -1.853049 
0.990000 	 -0.926620 
1.000000 	 -0.956496 
1.010000 	 -0.636361 
1.020000 	 1.217674 
1.030000 	 -0.269885 
1.040000 	 0.248732 
1.050000 	 -1.060609 
1.060000 	 -0.144220 
1.070000 	 0.291456 
1.080000 	 -0.804497 
1.090000 	 -0.486006 
1.100000 	 -0.231046 
1.110000 	 -1.191665 
1.120000 	 -0.803024 
1.130000 	 0.177939 
1.140000 	 0.835686 
1.150000 	 -0.284658 
1.160000 	 0.423957 
1.170000 	 -1.134758 
1.180000 	 -0.760963 
1.190000 	 -0.582247 
1.200000 	 -0.051915 
1.210000 	 -1.495486 
1.220000 	 -1.281351 
1.230000 	 -0.466643 
1.240000 	 -0.800711 
1.250000 	 -0.778158 
1.260000 	 -0.407455 
1.270000 	 -2.569789 
1.280000 	 -1.135232 
1.290000 	 -0.411706 
1.300000 	 -2.342147 
1.310000 	 -1.442520 
1.320000 	 -1.360790 
1.330000 	 -0.316811 
1.340000 	 -1.794625 
1.350000 	 -0.577034 
1.360000 	 -0.821521 
1.370000 	 -0.937507 
1.380000 	 -0.848719 
1.390000 	 -2.019793 
1.400000 	 -2.236636 
1.410000 	 -1.459994 
1.420000 	 -2.391083 
1.430000 	 0.112227 
1.440000 	 -1.858267 
1.450000 	 -0.530014 
1.460000 	 0.138401 
1.470000 	 -1.848700 
1.480000 	 -1.267439 
1.490000 	 -0.008296 
1.500000 	 -1.668621 
1.510000 	 -0.972131 
1.520000 	 -1.895547 
1.530000 	 -0.498572 
1.540000 	 -1.177986 
1.550000 	 -0.805445 
1.560000 	 -1.236856 
1.570000 	 -2.060572 
1.580000 	 -2.519418 
1.590000 	 0.852110 
1.600000 	 -0.583751 
1.610000 	 -1.480126 
1.620000 	 -1.699668 
1.630000 	 -0.563424 
1.640000 	 -1.199326 
1.650000 	 -1.698434 
1.660000 	 -2.975354 
1.670000 	 -1.691490 
1.680000 	 0.130486 
1.690000 	 -2.000572 
1.700000 	 -0.547942 
1.710000 	 -1.397770 
1.720000 	 -1.693916 
1.730000 	 -1.036155 
1.740000 	 -1.280679 
1.750000 	 -1.327018 
1.760000 	 -1.837208 
1.770000 	 -2.198861 
1.780000 	 -1.822894 
1.790000 	 -1.333443 
1.800000 	 -3.573498 
1.810000 	 -0.279093 
1.820000 	 -2.259453 
1.830000 	 -1.855465 
1.840000 	 -2.163169 
1.850000 	 -2.374453 
1.860000 	 -2.418073 
1.870000 	 -1.537783 
1.880000 	 -2.353222 
1.890000 	 -1.240334 
1.900000 	 -2.295444 
1.910000 	 -1.750557 
1.920000 	 -1.774944 
1.930000 	 1.164082 
1.940000 	 -0.682000 
1.950000 	 -1.907501 
1.960000 	 -2.744702 
1.970000 	 -1.851251 
1.980000 	 -1.877516 
1.990000 	 -3.191341 
2.000000 	 -1.280595 
2.010000 	 -2.853818 
2.020000 	 -1.809329 
2.030000 	 -1.957028 
2.040000 	 -1.818288 
2.050000 	 -0.562701 
2.060000 	 -0.924329 
2.070000 	 -2.041676 
2.080000 	 -1.017586 
2.090000 	 -2.655406 
2.100000 	 -1.910082 
2.110000 	 -2.267450 
2.120000 	 -0.206738 
2.130000 	 -1.348130 
2.140000 	 -2.202770 
2.150000 	 -1.205551 
2.160000 	 -2.458321 
2.170000 	 -1.036477 
2.180000 	 -0.993574 
2.190000 	 -2.714499 
2.200000 	 -2.765089 
2.210000 	 -3.477675 
2.220000 	 -2.194145 
2.230000 	 -3.507188 
2.240000 	 -2.707500 
2.250000 	 -2.684187 
2.260000 	 -3.033217 
2.270000 	 -2.930938 
2.280000 	 -1.415585 
2.290000 	 -1.871171 
2.300000 	 -2.030083 
2.310000 	 -2.752986 
2.320000 	 -1.939412 
2.330000 	 -0.973004 
2.340000 	 -1.211715 
2.350000 	 -2.899949 
2.360000 	 -3.616968 
2.370000 	 -2.091805 
2.380000 	 -3.704039 
2.390000 	 -2.825155 
2.400000 	 -0.731961 
2.410000 	 -2.070920 
2.420000 	 -1.368727 
2.430000 	 -2.195361 
2.440000 	 -1.793112 
2.450000 	 -3.931282 
2.460000 	 -2.336454 
2.470000 	 -1.319548 
2.480000 	 -3.153256 
2.490000 	 -1.491276 
2.500000 	 -3.296159 
2.510000 	 -2.831274 
2.520000 	 -2.399706 
2.530000 	 -2.932208 
2.540000 	 -3.377549 
2.550000 	 -1.895203 
2.560000 	 -2.562956 
2.570000 	 -1.779034 
2.580000 	 -1.078781 
2.590000 	 -2.772251 
2.600000 	 -2.295094 
2.610000 	 -2.794642 
2.620000 	 -1.802330 
2.630000 	 -2.268170 
2.640000 	 -1.875580 
2.650000 	 -2.884206 
2.660000 	 -2.621997 
2.670000 	 -1.910745 
2.680000 	 -2.298225 
2.690000 	 -1.459282 
2.700000 	 -1.967755 
2.710000 	 -3.512548 
2.720000 	 -3.826356 
2.730000 	 -3.162667 
2.740000 	 -2.686677 
2.750000 	 -2.985347 
2.760000 	 -2.763856 
2.770000 	 -3.313619 
2.780000 	 -3.543107 
2.790000 	 -2.506540 
2.800000 	 -2.548254 
2.810000 	 -0.879249 
2.820000 	 -4.868709 
2.830000 	 -3.267224 
2.840000 	 -3.673734 
2.850000 	 -2.142312 
2.860000 	 -2.590779 
2.870000 	 -2.909825 
2.880000 	 -3.737807 
2.890000 	 -2.919624 
2.900000 	 -2.598538 
2.910000 	 -2.923376 
2.920000 	 -2.930670 
2.930000 	 -1.852621 
2.940000 	 -3.426087 
2.950000 	 -3.745900 
2.960000 	 -3.911179 
2.970000 	 -4.189208 
2.980000 	 -2.568451 
2.990000 	 -3.673881 
3.000000 	 -2.199498 
3.010000 	 -2.677527 
3.020000 	 -2.499791 
3.030000 	 -3.640803 
3.040000 	 -4.562996 
3.050000 	 -3.493959 
3.060000 	 -3.295029 
3.070000 	 -3.144998 
3.080000 	 -2.602237 
3.090000 	 -4.248135 
3.100000 	 -2.513510 
3.110000 	 -2.151366 
3.120000 	 -2.492986 
3.130000 	 -2.648484 
3.140000 	 -3.195579 
3.150000 	 -3.725603 
3.160000 	 -4.802461 
3.170000 	 -4.394361 
3.180000 	 -1.982606 
3.190000 	 -2.779504 
3.200000 	 -3.625269 
3.210000 	 -2.256676 
3.220000 	 -3.311611 
3.230000 	 -3.972978 
3.240000 	 -3.421407 
3.250000 	 -3.946118 
3.260000 	 -2.909938 
3.270000 	 -3.638981 
3.280000 	 -2.562367 
3.290000 	 -3.778378 
3.300000 	 -3.721377 
3.310000 	 -3.506102 
3.320000 	 -3.490680 
3.330000 	 -3.327533 
3.340000 	 -4.315611 
3.350000 	 -4.158075 
3.360000 	 -1.519789 
3.370000 	 -3.984239 
3.380000 	 -2.071928 
3.390000 	 -3.777399 
3.400000 	 -3.918971 
3.410000 	 -3.539930 
3.420000 	 -2.557565 
3.430000 	 -3.240696 
3.440000 	 -3.303518 
3.450000 	 -2.486090 
3.460000 	 -3.967874 
3.470000 	 -4.697530 
3.480000 	 -3.795400 
3.490000 	 -3.803388 
3.500000 	 -3.537749 
3.510000 	 -3.577798 
3.520000 	 -3.385067 
3.530000 	 -3.442026 
3.540000 	 -4.197300 
3.550000 	 -3.327000 
3.560000 	 -4.454589 
3.570000 	 -3.843646 
3.580000 	 -4.501359 
3.590000 	 -4.021608 
3.600000 	 -4.409348 
3.610000 	 -5.267921 
3.620000 	 -4.453661 
3.630000 	 -1.692795 
3.640000 	 -4.766951 
3.650000 	 -2.549530 
3.660000 	 -5.217525 
3.670000 	 -4.009057 
3.680000 	 -2.790771 
3.690000 	 -3.825071 
3.700000 	 -4.801200 
3.710000 	 -4.021492 
3.720000 	 -3.922917 
3.730000 	 -3.489551 
3.740000 	 -3.072721 
3.750000 	 -3.089512 
3.760000 	 -3.817619 
3.770000 	 -3.130024 
3.780000 	 -2.853981 
3.790000 	 -4.543495 
3.800000 	 -3.453225 
3.810000 	 -3.722162 
3.820000 	 -4.716542 
3.830000 	 -3.412943 
3.840000 	 -3.378449 
3.850000 	 -2.771018 
3.860000 	 -5.931586 
3.870000 	 -4.484014 
3.880000 	 -4.474876 
3.890000 	 -4.555521 
3.900000 	 -4.284786 
3.910000 	 -4.194971 
3.920000 	 -4.067489 
3.930000 	 -5.119179 
3.940000 	 -4.201049 
3.950000 	 -4.531584 
3.960000 	 -3.200518 
3.970000 	 -4.346746 
3.980000 	 -4.339075 
3.990000 	 -5.398425 
4.000000 	 -3.377267 
4.010000 	 -3.671721 
4.020000 	 -4.670100 
4.030000 	 -4.176687 
4.040000 	 -5.270067 
4.050000 	 -4.949700 
4.060000 	 -2.923425 
4.070000 	 -4.853853 
4.080000 	 -3.622990 
4.090000 	 -4.626293 
4.100000 	 -4.549490 
4.110000 	 -2.882031 
4.120000 	 -4.203021 
4.130000 	 -4.129111 
4.140000 	 -3.247134 
4.150000 	 -5.114288 
4.160000 	 -3.461623 
4.170000 	 -5.205734 
4.180000 	 -3.918020 
4.190000 	 -4.326980 
4.200000 	 -3.214151 
4.210000 	 -2.788105 
4.220000 	 -4.799051 
4.230000 	 -4.649740 
4.240000 	 -4.041441 
4.250000 	 -4.327791 
4.260000 	 -4.316831 
4.270000 	 -4.280836 
4.280000 	 -4.637899 
4.290000 	 -4.969299 
4.300000 	 -4.747757 
4.310000 	 -3.762168 
4.320000 	 -3.816504 
4.330000 	 -3.976026 
4.340000 	 -5.129032 
4.350000 	 -4.449407 
4.360000 	 -5.891849 
4.370000 	 -4.666230 
4.380000 	 -5.038682 
4.390000 	 -4.191334 
4.400000 	 -4.545450 
4.410000 	 -4.612649 
4.420000 	 -3.535220 
4.430000 	 -4.159210 
4.440000 	 -4.763290 
4.450000 	 -4.446740 
4.460000 	 -5.460432 
4.470000 	 -5.306674 
4.480000 	 -6.987394 
4.490000 	 -6.117510 
4.500000 	 -3.948023 
4.510000 	 -5.264431 
4.520000 	 -4.806047 
4.530000 	 -5.820540 
4.540000 	 -5.530362 
4.550000 	 -5.869977 
4.560000 	 -6.374379 
4.570000 	 -5.358521 
4.580000 	 -5.693474 
4.590000 	 -5.685990 
4.600000 	 -6.643468 
4.610000 	 -5.040093 
4.620000 	 -4.676995 
4.630000 	 -3.963769 
4.640000 	 -5.509681 
4.650000 	 -5.784745 
4.660000 	 -5.830232 
4.670000 	 -5.075096 
4.680000 	 -4.706163 
4.690000 	 -5.652285 
4.700000 	 -5.953506 
4.710000 	 -5.050507 
4.720000 	 -6.412415 
4.730000 	 -5.401403 
4.740000 	 -3.788683 
4.750000 	 -4.715243 
4.760000 	 -4.739973 
4.770000 	 -7.211588 
4.780000 	 -5.533527 
4.790000 	 -5.616692 
4.800000 	 -5.534983 
4.810000 	 -6.738931 
4.820000 	 -6.323223 
4.830000 	 -4.796816 
4.840000 	 -4.566915 
4.850000 	 -6.429080 
4.860000 	 -4.654500 
4.870000 	 -3.381655 
4.880000 	 -5.973631 
4.890000 	 -5.548381 
4.900000 	 -5.635440 
4.910000 	 -5.652448 
4.920000 	 -5.120909 
4.930000 	 -5.439645 
4.940000 	 -5.822710 
4.950000 	 -4.635713 
4.960000 	 -7.188353 
4.970000 	 -5.600555 
4.980000 	 -6.596168 
4.990000 	 -7.799599 
5.000000 	 -5.459867 
