0.000000 	 0.843369 
0.010000 	 1.602369 
0.020000 	 -0.496365 
0.030000 	 0.108687 
0.040000 	 1.053482 
0.050000 	 0.017472 
0.060000 	 1.997415 
0.070000 	 0.557605 
0.080000 	 0.878405 
0.090000 	 0.830027 
0.100000 	 0.038254 
0.110000 	 2.360563 
0.120000 	 0.834412 
0.130000 	 1.019285 
0.140000 	 0.551951 
0.150000 	 -0.070390 
0.160000 	 0.378954 
0.170000 	 -0.635588 
0.180000 	 -0.501609 
0.190000 	 0.122708 
0.200000 	 0.603628 
0.210000 	 0.331672 
0.220000 	 1.496159 
0.230000 	 2.209713 
0.240000 	 0.067010 
0.250000 	 0.733457 
0.260000 	 1.309798 
0.270000 	 -0.515390 
0.280000 	 0.535145 
0.290000 	 1.167657 
0.300000 	 -0.677971 
0.310000 	 0.668174 
0.320000 	 1.112640 
0.330000 	 0.694960 
0.340000 	 1.191814 
0.350000 	 -0.101613 
0.360000 	 1.899888 
0.370000 	 0.604347 
0.380000 	 0.303186 
0.390000 	 1.567098 
0.400000 	 0.059561 
0.410000 	 0.342380 
0.420000 	 -0.702679 
0.430000 	 0.019203 
0.440000 	 0.207762 
0.450000 	 0.098653 
0.460000 	 0.370141 
0.470000 	 -0.325564 
0.480000 	 -0.297061 
0.490000 	 0.138477 
0.500000 	 0.278048 
0.510000 	 0.946768 
0.520000 	 -0.508133 
0.530000 	 -1.507804 
0.540000 	 -0.935153 
0.550000 	 0.606751 
0.560000 	 0.483322 
0.570000 	 1.465259 
0.580000 	 0.902837 
0.590000 	 -1.530182 
0.600000 	 0.168438 
0.610000 	 0.151753 
0.620000 	 0.269801 
0.630000 	 0.389438 
0.640000 	 0.128580 
0.650000 	 1.356753 
0.660000 	 0.277200 
0.670000 	 1.092655 
0.680000 	 0.882900 
0.690000 	 0.084050 
0.700000 	 1.243030 
0.710000 	 -2.482172 
0.720000 	 -0.549306 
0.730000 	 -0.198158 
0.740000 	 -0.580882 
0.750000 	 -0.720638 
0.760000 	 -1.430505 
0.770000 	 -0.649839 
0.780000 	 -0.045436 
0.790000 	 0.375222 
0.800000 	 1.261408 
0.810000 	 -1.076827 
0.820000 	 0.966856 
0.830000 	 -0.352267 
0.840000 	 0.630068 
0.850000 	 -1.650579 
0.860000 	 -1.301648 
0.870000 	 0.466411 
0.880000 	 -0.824751 
0.890000 	 -0.559890 
0.900000 	 -0.022004 
0.910000 	 -0.988891 
0.920000 	 1.540861 
0.930000 	 1.387574 
0.940000 	 0.611989 
0.950000 	 -0.695503 
0.960000 	 -0.502218 
0.970000 	 -0.572094 
0.980000 	 -1.291328 
0.990000 	 -0.790210 
1.000000 	 -0.706788 
1.010000 	 -1.056587 
1.020000 	 -0.525464 
1.030000 	 -0.541070 
1.040000 	 -1.457849 
1.050000 	 -0.665930 
1.060000 	 -0.572903 
1.070000 	 -0.658267 
1.080000 	 0.073652 
1.090000 	 -1.545471 
1.100000 	 -0.301277 
1.110000 	 0.258225 
1.120000 	 -0.861985 
1.130000 	 -0.293822 
1.140000 	 -1.906085 
1.150000 	 -1.136289 
1.160000 	 -0.653087 
1.170000 	 -0.866539 
1.180000 	 0.110315 
1.190000 	 -1.471834 
1.200000 	 -0.060036 
1.210000 	 -1.243845 
1.220000 	 -0.651139 
1.230000 	 0.320243 
1.240000 	 -0.822465 
1.250000 	 -0.994802 
1.260000 	 -1.470823 
1.270000 	 -0.864164 
1.280000 	 -2.432979 
1.290000 	 -0.625570 
1.300000 	 -0.374938 
1.310000 	 -1.189456 
1.320000 	 -1.628397 
1.330000 	 -0.466590 
1.340000 	 -0.376621 
1.350000 	 -0.830077 
1.360000 	 -1.167127 
1.370000 	 -0.985714 
1.380000 	 -2.586097 
1.390000 	 -1.804620 
1.400000 	 -1.804760 
1.410000 	 -0.890276 
1.420000 	 -1.692658 
1.430000 	 -1.277067 
1.440000 	 -2.404611 
1.450000 	 -0.686904 
1.460000 	 -0.942629 
1.470000 	 -2.314281 
1.480000 	 -1.796823 
1.490000 	 -1.241598 
1.500000 	 -0.543437 
1.510000 	 -0.691020 
1.520000 	 -1.729824 
1.530000 	 -0.618835 
1.540000 	 -0.212873 
1.550000 	 -0.750980 
1.560000 	 -0.585511 
1.570000 	 -0.626978 
1.580000 	 -1.470822 
1.590000 	 -1.233445 
1.600000 	 -0.833713 
1.610000 	 -1.546505 
1.620000 	 -0.655611 
1.630000 	 -2.722103 
1.640000 	 -2.305971 
1.650000 	 -0.528876 
1.660000 	 -2.245350 
1.670000 	 -0.990892 
1.680000 	 -2.967525 
1.690000 	 -0.823641 
1.700000 	 -0.768344 
1.710000 	 -0.824065 
1.720000 	 -1.068270 
1.730000 	 -1.336437 
1.740000 	 -0.601217 
1.750000 	 -2.844290 
1.760000 	 -2.310885 
1.770000 	 -1.149548 
1.780000 	 -3.160316 
1.790000 	 -2.059274 
1.800000 	 -2.126964 
1.810000 	 -2.131703 
1.820000 	 -1.684452 
1.830000 	 -0.072709 
1.840000 	 -1.337084 
1.850000 	 -1.253761 
1.860000 	 -1.655166 
1.870000 	 -1.401424 
1.880000 	 -2.255007 
1.890000 	 -0.405329 
1.900000 	 -1.855100 
1.910000 	 -1.314036 
1.920000 	 -2.926666 
1.930000 	 -0.672563 
1.940000 	 -1.884700 
1.950000 	 -2.979368 
1.960000 	 -1.848506 
1.970000 	 -0.996756 
1.980000 	 -2.407706 
1.990000 	 -0.077700 
2.000000 	 -2.453606 
2.010000 	 -2.854370 
2.020000 	 -2.179454 
2.030000 	 -2.300139 
2.040000 	 -3.704292 
2.050000 	 -2.053560 
2.060000 	 -2.594954 
2.070000 	 -1.385554 
2.080000 	 -2.703406 
2.090000 	 -0.885612 
2.100000 	 -2.080999 
2.110000 	 -1.705088 
2.120000 	 -0.869264 
2.130000 	 -1.662981 
2.140000 	 -2.277560 
2.150000 	 -0.009362 
2.160000 	 -1.217409 
2.170000 	 -0.878308 
2.180000 	 -1.819093 
2.190000 	 -2.825458 
2.200000 	 -2.319250 
2.210000 	 -1.316646 
2.220000 	 -2.715488 
2.230000 	 -2.026224 
2.240000 	 -3.145174 
2.250000 	 -2.534822 
2.260000 	 -2.666820 
2.270000 	 -1.373008 
2.280000 	 -1.649087 
2.290000 	 -2.946391 
2.300000 	 -3.520980 
2.310000 	 -2.477561 
2.320000 	 -1.731742 
2.330000 	 -2.074511 
2.340000 	 -2.172449 
2.350000 	 -1.254775 
2.360000 	 -2.045019 
2.370000 	 -2.219277 
2.380000 	 -1.725653 
2.390000 	 -2.825957 
2.400000 	 -3.135046 
2.410000 	 -2.281231 
2.420000 	 -2.293390 
2.430000 	 -3.331552 
2.440000 	 -0.347876 
2.450000 	 -2.599697 
2.460000 	 -2.215075 
2.470000 	 -2.718874 
2.480000 	 -1.709451 
2.490000 	 -3.098989 
2.500000 	 -2.456991 
2.510000 	 -1.130699 
2.520000 	 -2.473002 
2.530000 	 -4.344334 
2.540000 	 -2.354681 
2.550000 	 -3.560943 
2.560000 	 -2.245022 
2.570000 	 -3.154187 
2.580000 	 -1.072930 
2.590000 	 -2.982034 
2.600000 	 -2.015732 
2.610000 	 -2.594805 
2.620000 	 -3.244151 
2.630000 	 -2.232550 
2.640000 	 -3.555876 
2.650000 	 -3.193304 
2.660000 	 -2.517338 
2.670000 	 -3.730794 
2.680000 	 -3.369929 
2.690000 	 -3.650433 
2.700000 	 -3.182136 
2.710000 	 -2.545756 
2.720000 	 -3.532281 
2.730000 	 -1.333738 
2.740000 	 -3.372553 
2.750000 	 -1.881672 
2.760000 	 -3.806306 
2.770000 	 -2.535209 
2.780000 	 -3.977041 
2.790000 	 -2.571686 
2.800000 	 -3.455253 
2.810000 	 -3.990759 
2.820000 	 -3.467161 
2.830000 	 -2.977742 
2.840000 	 -2.862723 
2.850000 	 -3.932666 
2.860000 	 -2.702751 
2.870000 	 -2.754548 
2.880000 	 -3.723272 
2.890000 	 -2.538847 
2.900000 	 -3.217711 
2.910000 	 -2.055179 
2.920000 	 -2.651405 
2.930000 	 -2.403447 
2.940000 	 -2.627086 
2.950000 	 -2.799886 
2.960000 	 -2.351841 
2.970000 	 -2.711513 
2.980000 	 -3.481034 
2.990000 	 -2.494025 
3.000000 	 -3.218412 
3.010000 	 -3.027951 
3.020000 	 -2.617698 
3.030000 	 -1.455701 
3.040000 	 -4.100865 
3.050000 	 -3.937849 
3.060000 	 -4.761484 
3.070000 	 -3.354999 
3.080000 	 -4.283001 
3.090000 	 -4.198000 
3.100000 	 -3.734158 
3.110000 	 -3.275655 
3.120000 	 -3.187710 
3.130000 	 -4.132298 
3.140000 	 -3.960042 
3.150000 	 -4.480021 
3.160000 	 -2.276904 
3.170000 	 -3.571730 
3.180000 	 -4.016556 
3.190000 	 -2.545791 
3.200000 	 -4.214341 
3.210000 	 -3.096137 
3.220000 	 -4.012952 
3.230000 	 -2.056113 
3.240000 	 -2.415169 
3.250000 	 -3.265860 
3.260000 	 -3.456394 
3.270000 	 -3.367311 
3.280000 	 -3.649423 
3.290000 	 -3.089181 
3.300000 	 -2.796424 
3.310000 	 -3.573746 
3.320000 	 -3.316275 
3.330000 	 -3.506795 
3.340000 	 -2.734505 
3.350000 	 -4.130239 
3.360000 	 -3.815970 
3.370000 	 -2.372646 
3.380000 	 -2.974702 
3.390000 	 -3.301874 
3.400000 	 -3.826906 
3.410000 	 -3.355940 
3.420000 	 -3.308460 
3.430000 	 -2.523234 
3.440000 	 -3.217609 
3.450000 	 -2.431642 
3.460000 	 -4.740753 
3.470000 	 -3.254432 
3.480000 	 -4.472641 
3.490000 	 -3.090670 
3.500000 	 -4.803606 
3.510000 	 -1.966302 
3.520000 	 -5.128066 
3.530000 	 -3.711701 
3.540000 	 -4.127900 
3.550000 	 -3.924550 
3.560000 	 -3.794433 
3.570000 	 -3.750601 
3.580000 	 -2.891605 
3.590000 	 -4.412026 
3.600000 	 -4.058536 
3.610000 	 -4.059655 
3.620000 	 -4.501609 
3.630000 	 -2.921635 
3.640000 	 -3.282838 
3.650000 	 -2.766602 
3.660000 	 -4.179556 
3.670000 	 -3.389426 
3.680000 	 -4.329600 
3.690000 	 -3.865522 
3.700000 	 -3.905204 
3.710000 	 -3.753525 
3.720000 	 -3.755717 
3.730000 	 -4.134521 
3.740000 	 -4.008744 
3.750000 	 -3.042585 
3.760000 	 -4.665862 
3.770000 	 -4.363993 
3.780000 	 -3.730970 
3.790000 	 -4.024131 
3.800000 	 -2.944000 
3.810000 	 -3.467131 
3.820000 	 -3.859701 
3.830000 	 -3.777186 
3.840000 	 -3.308276 
3.850000 	 -2.797548 
3.860000 	 -4.291201 
3.870000 	 -4.761391 
3.880000 	 -4.552986 
3.890000 	 -4.759804 
3.900000 	 -3.969921 
3.910000 	 -4.101765 
3.920000 	 -4.692456 
3.930000 	 -4.297858 
3.940000 	 -3.728498 
3.950000 	 -4.081701 
3.960000 	 -3.725872 
3.970000 	 -3.367673 
3.980000 	 -4.276989 
3.990000 	 -4.200674 
4.000000 	 -3.930724 
4.010000 	 -6.042665 
4.020000 	 -3.175341 
4.030000 	 -4.633999 
4.040000 	 -4.299277 
4.050000 	 -4.137636 
4.060000 	 -5.224330 
4.070000 	 -5.122768 
4.080000 	 -4.733420 
4.090000 	 -4.389822 
4.100000 	 -3.356881 
4.110000 	 -4.866557 
4.120000 	 -4.375880 
4.130000 	 -4.405632 
4.140000 	 -4.049564 
4.150000 	 -4.970475 
4.160000 	 -6.016845 
4.170000 	 -3.262907 
4.180000 	 -2.841897 
4.190000 	 -4.230811 
4.200000 	 -4.737732 
4.210000 	 -4.788821 
4.220000 	 -4.122114 
4.230000 	 -3.921627 
4.240000 	 -4.162994 
4.250000 	 -3.938025 
4.260000 	 -4.403008 
4.270000 	 -4.126623 
4.280000 	 -4.738019 
4.290000 	 -4.209853 
4.300000 	 -5.434994 
4.310000 	 -5.202781 
4.320000 	 -5.374616 
4.330000 	 -4.739641 
4.340000 	 -6.162519 
4.350000 	 -5.046708 
4.360000 	 -4.926281 
4.370000 	 -5.738441 
4.380000 	 -5.659890 
4.390000 	 -4.824213 
4.400000 	 -5.002487 
4.410000 	 -4.450965 
4.420000 	 -4.826674 
4.430000 	 -4.684575 
4.440000 	 -5.367579 
4.450000 	 -4.193828 
4.460000 	 -4.320772 
4.470000 	 -3.500018 
4.480000 	 -5.531905 
4.490000 	 -4.571971 
4.500000 	 -5.309456 
4.510000 	 -3.907593 
4.520000 	 -5.137331 
4.530000 	 -3.954912 
4.540000 	 -6.588447 
4.550000 	 -5.650565 
4.560000 	 -5.426203 
4.570000 	 -5.644368 
4.580000 	 -5.989147 
4.590000 	 -4.547716 
4.600000 	 -5.829173 
4.610000 	 -4.712928 
4.620000 	 -3.770347 
4.630000 	 -4.309092 
4.640000 	 -5.828671 
4.650000 	 -4.736170 
4.660000 	 -3.543206 
4.670000 	 -5.141584 
4.680000 	 -4.161054 
4.690000 	 -5.466048 
4.700000 	 -6.335870 
4.710000 	 -4.265635 
4.720000 	 -5.013723 
4.730000 	 -4.067137 
4.740000 	 -4.566773 
4.750000 	 -4.973505 
4.760000 	 -6.052655 
4.770000 	 -5.669308 
4.780000 	 -3.659057 
4.790000 	 -4.671236 
4.800000 	 -6.838329 
4.810000 	 -4.943094 
4.820000 	 -6.376550 
4.830000 	 -6.589545 
4.840000 	 -5.751740 
4.850000 	 -6.701602 
4.860000 	 -5.367288 
4.870000 	 -4.869214 
4.880000 	 -5.401629 
4.890000 	 -4.739219 
4.900000 	 -5.242896 
4.910000 	 -6.182758 
4.920000 	 -5.538103 
4.930000 	 -5.249940 
4.940000 	 -5.514875 
4.950000 	 -4.865049 
4.960000 	 -6.248066 
4.970000 	 -4.979433 
4.980000 	 -5.593995 
4.990000 	 -4.926978 
5.000000 	 -4.469037 
