0.000000 	 -0.621056 
0.010000 	 -0.412960 
0.020000 	 0.837172 
0.030000 	 0.330044 
0.040000 	 1.317030 
0.050000 	 1.068062 
0.060000 	 0.943624 
0.070000 	 0.263861 
0.080000 	 -0.084396 
0.090000 	 1.897329 
0.100000 	 1.023440 
0.110000 	 1.650909 
0.120000 	 0.266058 
0.130000 	 0.358362 
0.140000 	 0.681408 
0.150000 	 0.673149 
0.160000 	 1.267226 
0.170000 	 -0.913533 
0.180000 	 0.582967 
0.190000 	 0.442442 
0.200000 	 -0.886787 
0.210000 	 -0.282337 
0.220000 	 0.774926 
0.230000 	 1.224095 
0.240000 	 0.233498 
0.250000 	 -1.149363 
0.260000 	 1.493625 
0.270000 	 0.436318 
0.280000 	 1.260060 
0.290000 	 -0.472770 
0.300000 	 0.406296 
0.310000 	 1.017706 
0.320000 	 0.002447 
0.330000 	 0.049148 
0.340000 	 0.696499 
0.350000 	 0.276204 
0.360000 	 0.406236 
0.370000 	 -0.104054 
0.380000 	 1.786189 
0.390000 	 -0.092550 
0.400000 	 -0.369233 
0.410000 	 -0.842356 
0.420000 	 -0.775704 
0.430000 	 0.135734 
0.440000 	 -0.012951 
0.450000 	 -0.392078 
0.460000 	 0.620177 
0.470000 	 1.088735 
0.480000 	 1.107704 
0.490000 	 0.146053 
0.500000 	 0.547338 
0.510000 	 -0.309797 
0.520000 	 0.069850 
0.530000 	 -0.617117 
0.540000 	 1.383021 
0.550000 	 0.838274 
0.560000 	 0.458674 
0.570000 	 0.877334 
0.580000 	 -0.889214 
0.590000 	 -1.517780 
0.600000 	 -1.046116 
0.610000 	 -0.012927 
0.620000 	 0.348027 
0.630000 	 -0.940405 
0.640000 	 1.392458 
0.650000 	 -0.852825 
0.660000 	 0.793975 
0.670000 	 -1.189488 
0.680000 	 0.722133 
0.690000 	 -0.709309 
0.700000 	 0.733623 
0.710000 	 -0.250694 
0.720000 	 0.358739 
0.730000 	 -0.496016 
0.740000 	 -0.110410 
0.750000 	 0.690047 
0.760000 	 -0.714224 
0.770000 	 -0.286528 
0.780000 	 -0.399680 
0.790000 	 -1.406669 
0.800000 	 -1.150821 
0.810000 	 0.776205 
0.820000 	 0.287004 
0.830000 	 -1.406618 
0.840000 	 -1.160268 
0.850000 	 0.273648 
0.860000 	 -0.351802 
0.870000 	 -0.879089 
0.880000 	 -0.656024 
0.890000 	 -0.789987 
0.900000 	 0.569310 
0.910000 	 0.459012 
0.920000 	 -1.216770 
0.930000 	 -0.766857 
0.940000 	 0.098832 
0.950000 	 0.777572 
0.960000 	 -0.793820 
0.970000 	 0.004121 
0.980000 	 -0.225959 
0.990000 	 0.472909 
1.000000 	 -0.581454 
1.010000 	 -0.857938 
1.020000 	 -1.704908 
1.030000 	 0.651650 
1.040000 	 -0.555971 
1.050000 	 -1.861252 
1.060000 	 -0.774762 
1.070000 	 -2.489186 
1.080000 	 -1.178456 
1.090000 	 0.800917 
1.100000 	 -1.624069 
1.110000 	 -0.603148 
1.120000 	 -0.639048 
1.130000 	 -1.558600 
1.140000 	 -0.825345 
1.150000 	 -0.578235 
1.160000 	 -0.357189 
1.170000 	 -1.042971 
1.180000 	 -3.063205 
1.190000 	 -0.873490 
1.200000 	 -0.534418 
1.210000 	 -0.015867 
1.220000 	 -0.114272 
1.230000 	 -1.990631 
1.240000 	 -0.922204 
1.250000 	 -1.767961 
1.260000 	 -2.063090 
1.270000 	 -1.554006 
1.280000 	 -0.599315 
1.290000 	 -1.737542 
1.300000 	 -1.210710 
1.310000 	 -1.178618 
1.320000 	 -0.249828 
1.330000 	 -1.785369 
1.340000 	 -1.504769 
1.350000 	 0.089697 
1.360000 	 -0.058614 
1.370000 	 -1.559002 
1.380000 	 -0.134249 
1.390000 	 -1.275068 
1.400000 	 -1.516615 
1.410000 	 -2.295053 
1.420000 	 -1.326241 
1.430000 	 -2.042599 
1.440000 	 -0.849573 
1.450000 	 -0.482766 
1.460000 	 -1.470838 
1.470000 	 -1.121454 
1.480000 	 -0.641969 
1.490000 	 -1.806507 
1.500000 	 -1.506529 
1.510000 	 -2.862634 
1.520000 	 -1.683474 
1.530000 	 -0.813631 
1.540000 	 -1.716500 
1.550000 	 -0.731393 
1.560000 	 -1.660415 
1.570000 	 -0.560450 
1.580000 	 0.294535 
1.590000 	 -3.061212 
1.600000 	 -1.535821 
1.610000 	 -0.821343 
1.620000 	 -0.532647 
1.630000 	 -1.813018 
1.640000 	 -1.787619 
1.650000 	 -2.955661 
1.660000 	 -2.405408 
1.670000 	 -2.197946 
1.680000 	 -0.752422 
1.690000 	 -1.551456 
1.700000 	 -1.968156 
1.710000 	 -1.314923 
1.720000 	 0.409865 
1.730000 	 -1.805934 
1.740000 	 -2.051573 
1.750000 	 -0.327839 
1.760000 	 -1.121696 
1.770000 	 -0.546838 
1.780000 	 -1.172597 
1.790000 	 -1.232752 
1.800000 	 -1.372314 
1.810000 	 -1.502071 
1.820000 	 -1.959029 
1.830000 	 -2.420290 
1.840000 	 -0.828040 
1.850000 	 -0.707659 
1.860000 	 -1.907507 
1.870000 	 -1.155161 
1.880000 	 -1.304112 
1.890000 	 -1.668960 
1.900000 	 -1.608144 
1.910000 	 -0.347197 
1.920000 	 -2.825189 
1.930000 	 -1.710632 
1.940000 	 -2.258074 
1.950000 	 -1.905082 
1.960000 	 -2.192693 
1.970000 	 -0.457115 
1.980000 	 -1.691400 
1.990000 	 -2.551519 
2.000000 	 -1.904006 
2.010000 	 -3.150124 
2.020000 	 -2.115256 
2.030000 	 -1.781082 
2.040000 	 -1.692713 
2.050000 	 -2.940315 
2.060000 	 -0.263191 
2.070000 	 -2.201947 
2.080000 	 -2.651668 
2.090000 	 -2.047009 
2.100000 	 -2.946186 
2.110000 	 -1.967108 
2.120000 	 -1.465364 
2.130000 	 -2.270201 
2.140000 	 -2.376159 
2.150000 	 -3.225628 
2.160000 	 -2.084750 
2.170000 	 -1.185340 
2.180000 	 -2.044058 
2.190000 	 -1.470151 
2.200000 	 0.107236 
2.210000 	 -0.205280 
2.220000 	 -1.583088 
2.230000 	 -1.746275 
2.240000 	 -1.625489 
2.250000 	 -1.494867 
2.260000 	 -1.890673 
2.270000 	 -1.934450 
2.280000 	 -2.388060 
2.290000 	 -1.898012 
2.300000 	 -1.889976 
2.310000 	 -2.549940 
2.320000 	 -2.650957 
2.330000 	 -1.093570 
2.340000 	 -3.333271 
2.350000 	 -1.514530 
2.360000 	 -2.336555 
2.370000 	 -1.224572 
2.380000 	 -1.281224 
2.390000 	 -2.039647 
2.400000 	 -2.312322 
2.410000 	 -2.258952 
2.420000 	 -2.341477 
2.430000 	 -2.296327 
2.440000 	 -2.200253 
2.450000 	 -1.934016 
2.460000 	 0.537552 
2.470000 	 -2.125318 
2.480000 	 -1.399046 
2.490000 	 -3.234229 
2.500000 	 -1.118373 
2.510000 	 -1.600037 
2.520000 	 -3.336322 
2.530000 	 -2.768705 
2.540000 	 -1.394157 
2.550000 	 -1.907920 
2.560000 	 -0.958605 
2.570000 	 -3.960218 
2.580000 	 -1.726206 
2.590000 	 -1.506381 
2.600000 	 -3.529576 
2.610000 	 -3.557404 
2.620000 	 -3.233067 
2.630000 	 -2.506522 
2.640000 	 -2.478250 
2.650000 	 -2.458064 
2.660000 	 -2.150785 
2.670000 	 -3.333474 
2.680000 	 -2.610961 
2.690000 	 -2.846617 
2.700000 	 -2.607437 
2.710000 	 -2.361220 
2.720000 	 -2.241486 
2.730000 	 -2.865213 
2.740000 	 -2.469750 
2.750000 	 -3.577388 
2.760000 	 -1.497638 
2.770000 	 -2.975824 
2.780000 	 -2.229796 
2.790000 	 -2.452805 
2.800000 	 -3.400223 
2.810000 	 -3.663670 
2.820000 	 -2.596843 
2.830000 	 -2.882116 
2.840000 	 -1.812460 
2.850000 	 -2.561256 
2.860000 	 -2.214133 
2.870000 	 -1.985148 
2.880000 	 -1.958329 
2.890000 	 -3.033501 
2.900000 	 -2.098411 
2.910000 	 -3.504842 
2.920000 	 -4.188152 
2.930000 	 -3.114949 
2.940000 	 -3.018071 
2.950000 	 -4.329716 
2.960000 	 -3.053612 
2.970000 	 -1.926383 
2.980000 	 -1.615936 
2.990000 	 -3.118546 
3.000000 	 -3.173008 
3.010000 	 -2.382562 
3.020000 	 -3.683253 
3.030000 	 -1.419110 
3.040000 	 -3.020287 
3.050000 	 -2.852686 
3.060000 	 -3.742008 
3.070000 	 -2.292379 
3.080000 	 -3.150625 
3.090000 	 -3.634823 
3.100000 	 -4.301358 
3.110000 	 -3.672156 
3.120000 	 -3.509785 
3.130000 	 -3.502549 
3.140000 	 -2.470367 
3.150000 	 -1.843548 
3.160000 	 -4.569547 
3.170000 	 -3.779814 
3.180000 	 -3.117444 
3.190000 	 -2.097792 
3.200000 	 -3.295614 
3.210000 	 -3.511440 
3.220000 	 -2.235345 
3.230000 	 -3.593221 
3.240000 	 -4.519464 
3.250000 	 -3.089950 
3.260000 	 -2.620241 
3.270000 	 -4.124490 
3.280000 	 -3.488339 
3.290000 	 -3.807865 
3.300000 	 -4.247518 
3.310000 	 -2.960688 
3.320000 	 -2.916350 
3.330000 	 -4.503351 
3.340000 	 -3.663355 
3.350000 	 -4.483281 
3.360000 	 -4.000265 
3.370000 	 -3.465016 
3.380000 	 -2.114908 
3.390000 	 -3.146080 
3.400000 	 -4.120274 
3.410000 	 -2.310821 
3.420000 	 -3.749408 
3.430000 	 -3.442500 
3.440000 	 -3.266872 
3.450000 	 -3.997433 
3.460000 	 -3.830879 
3.470000 	 -1.751861 
3.480000 	 -1.976320 
3.490000 	 -2.764788 
3.500000 	 -5.339350 
3.510000 	 -3.548581 
3.520000 	 -3.739816 
3.530000 	 -2.385316 
3.540000 	 -3.729162 
3.550000 	 -2.834851 
3.560000 	 -4.331350 
3.570000 	 -3.128407 
3.580000 	 -3.695034 
3.590000 	 -3.442120 
3.600000 	 -3.847756 
3.610000 	 -3.162963 
3.620000 	 -3.751199 
3.630000 	 -4.280372 
3.640000 	 -4.464381 
3.650000 	 -4.211082 
3.660000 	 -4.490370 
3.670000 	 -4.213297 
3.680000 	 -4.070826 
3.690000 	 -4.850433 
3.700000 	 -4.046307 
3.710000 	 -3.225248 
3.720000 	 -4.132275 
3.730000 	 -3.042197 
3.740000 	 -2.843530 
3.750000 	 -3.598611 
3.760000 	 -3.790828 
3.770000 	 -3.841602 
3.780000 	 -4.467673 
3.790000 	 -2.620598 
3.800000 	 -4.293317 
3.810000 	 -4.717247 
3.820000 	 -4.051548 
3.830000 	 -4.048815 
3.840000 	 -4.600262 
3.850000 	 -4.614054 
3.860000 	 -4.051445 
3.870000 	 -3.357619 
3.880000 	 -3.298378 
3.890000 	 -4.569335 
3.900000 	 -5.559903 
3.910000 	 -5.144920 
3.920000 	 -3.565995 
3.930000 	 -3.446236 
3.940000 	 -4.201390 
3.950000 	 -5.595416 
3.960000 	 -5.069917 
3.970000 	 -5.481650 
3.980000 	 -3.656678 
3.990000 	 -4.183507 
4.000000 	 -5.766233 
4.010000 	 -4.093231 
4.020000 	 -4.043326 
4.030000 	 -5.482146 
4.040000 	 -3.806616 
4.050000 	 -4.733627 
4.060000 	 -5.950350 
4.070000 	 -5.067538 
4.080000 	 -5.712823 
4.090000 	 -4.151071 
4.100000 	 -5.363156 
4.110000 	 -3.687516 
4.120000 	 -3.394066 
4.130000 	 -2.361474 
4.140000 	 -4.767595 
4.150000 	 -5.223730 
4.160000 	 -3.316209 
4.170000 	 -4.568307 
4.180000 	 -3.824254 
4.190000 	 -4.694803 
4.200000 	 -4.842901 
4.210000 	 -4.187544 
4.220000 	 -3.477319 
4.230000 	 -5.531460 
4.240000 	 -4.691853 
4.250000 	 -6.073022 
4.260000 	 -3.789015 
4.270000 	 -4.395572 
4.280000 	 -3.284435 
4.290000 	 -3.707654 
4.300000 	 -4.606384 
4.310000 	 -6.273803 
4.320000 	 -5.593435 
4.330000 	 -5.304017 
4.340000 	 -4.537840 
4.350000 	 -5.857254 
4.360000 	 -4.758122 
4.370000 	 -5.341767 
4.380000 	 -6.894724 
4.390000 	 -5.952977 
4.400000 	 -2.849502 
4.410000 	 -5.146120 
4.420000 	 -3.447096 
4.430000 	 -5.260861 
4.440000 	 -5.886290 
4.450000 	 -4.976000 
4.460000 	 -5.297773 
4.470000 	 -4.528823 
4.480000 	 -5.845665 
4.490000 	 -4.365444 
4.500000 	 -5.508384 
4.510000 	 -5.014517 
4.520000 	 -5.138313 
4.530000 	 -5.143239 
4.540000 	 -4.364646 
4.550000 	 -5.097766 
4.560000 	 -4.950348 
4.570000 	 -4.797663 
4.580000 	 -4.276532 
4.590000 	 -4.589563 
4.600000 	 -5.356049 
4.610000 	 -4.393411 
4.620000 	 -6.132441 
4.630000 	 -4.989220 
4.640000 	 -5.811767 
4.650000 	 -5.642797 
4.660000 	 -6.735504 
4.670000 	 -6.150046 
4.680000 	 -5.184205 
4.690000 	 -7.293209 
4.700000 	 -5.658474 
4.710000 	 -4.139550 
4.720000 	 -4.766739 
4.730000 	 -5.099068 
4.740000 	 -4.196323 
4.750000 	 -6.159376 
4.760000 	 -5.964104 
4.770000 	 -6.126508 
4.780000 	 -6.223604 
4.790000 	 -5.863795 
4.800000 	 -5.153066 
4.810000 	 -5.041965 
4.820000 	 -4.948137 
4.830000 	 -6.361414 
4.840000 	 -5.153251 
4.850000 	 -6.995484 
4.860000 	 -5.538952 
4.870000 	 -6.174233 
4.880000 	 -6.137546 
4.890000 	 -5.671736 
4.900000 	 -5.164112 
4.910000 	 -5.707213 
4.920000 	 -3.870094 
4.930000 	 -5.268319 
4.940000 	 -6.419228 
4.950000 	 -5.851024 
4.960000 	 -5.829675 
4.970000 	 -6.264583 
4.980000 	 -4.969713 
4.990000 	 -5.722619 
5.000000 	 -5.885990 
