0.000000 	 1.823216 
0.010000 	 0.296476 
0.020000 	 0.539463 
0.030000 	 0.879281 
0.040000 	 1.142110 
0.050000 	 1.173021 
0.060000 	 1.194647 
0.070000 	 0.248963 
0.080000 	 0.392601 
0.090000 	 -1.024160 
0.100000 	 1.101833 
0.110000 	 -0.384408 
0.120000 	 0.532817 
0.130000 	 0.939017 
0.140000 	 -1.398003 
0.150000 	 -0.123173 
0.160000 	 1.201011 
0.170000 	 1.544969 
0.180000 	 1.383084 
0.190000 	 0.141523 
0.200000 	 1.784392 
0.210000 	 -0.401515 
0.220000 	 0.501545 
0.230000 	 -0.190101 
0.240000 	 1.138995 
0.250000 	 0.265415 
0.260000 	 1.052953 
0.270000 	 1.151189 
0.280000 	 -0.519692 
0.290000 	 0.242218 
0.300000 	 1.421206 
0.310000 	 -0.368374 
0.320000 	 0.341859 
0.330000 	 -0.386704 
0.340000 	 -1.274338 
0.350000 	 1.935236 
0.360000 	 0.104837 
0.370000 	 0.709589 
0.380000 	 -0.321665 
0.390000 	 0.059702 
0.400000 	 0.582633 
0.410000 	 1.137890 
0.420000 	 0.361103 
0.430000 	 0.697853 
0.440000 	 -0.264946 
0.450000 	 -0.192100 
0.460000 	 0.331926 
0.470000 	 -0.314969 
0.480000 	 1.176465 
0.490000 	 0.105320 
0.500000 	 0.644752 
0.510000 	 0.410936 
0.520000 	 -0.274735 
0.530000 	 0.745534 
0.540000 	 -0.005998 
0.550000 	 1.168257 
0.560000 	 -0.346351 
0.570000 	 1.416698 
0.580000 	 -0.422955 
0.590000 	 0.683017 
0.600000 	 1.112629 
0.610000 	 -0.272073 
0.620000 	 -0.185443 
0.630000 	 -0.104036 
0.640000 	 -0.579838 
0.650000 	 1.196884 
0.660000 	 -0.650618 
0.670000 	 -0.314173 
0.680000 	 -1.391914 
0.690000 	 0.092799 
0.700000 	 -0.723723 
0.710000 	 -1.479718 
0.720000 	 -0.481411 
0.730000 	 -0.606477 
0.740000 	 -0.749283 
0.750000 	 -0.571469 
0.760000 	 -0.890342 
0.770000 	 -0.552695 
0.780000 	 0.930987 
0.790000 	 0.103341 
0.800000 	 1.154435 
0.810000 	 0.907873 
0.820000 	 0.828521 
0.830000 	 -0.775915 
0.840000 	 -1.076904 
0.850000 	 -1.045573 
0.860000 	 -0.359338 
0.870000 	 0.071832 
0.880000 	 0.409334 
0.890000 	 -1.919718 
0.900000 	 0.372430 
0.910000 	 -0.454126 
0.920000 	 0.379847 
0.930000 	 -0.673180 
0.940000 	 -0.390254 
0.950000 	 -1.283606 
0.960000 	 -0.993175 
0.970000 	 -1.192901 
0.980000 	 1.357788 
0.990000 	 -1.366005 
1.000000 	 -0.817435 
1.010000 	 -2.152227 
1.020000 	 -1.517230 
1.030000 	 -1.283095 
1.040000 	 -1.489125 
1.050000 	 -0.556293 
1.060000 	 -0.266629 
1.070000 	 -1.631994 
1.080000 	 0.272251 
1.090000 	 -1.981667 
1.100000 	 -0.427218 
1.110000 	 -2.507663 
1.120000 	 -1.837585 
1.130000 	 -0.686926 
1.140000 	 -1.449014 
1.150000 	 0.394434 
1.160000 	 -0.812450 
1.170000 	 -0.364235 
1.180000 	 -0.063987 
1.190000 	 -0.890156 
1.200000 	 1.566230 
1.210000 	 0.593948 
1.220000 	 -1.388169 
1.230000 	 -0.835230 
1.240000 	 -0.910597 
1.250000 	 -1.927881 
1.260000 	 -1.565314 
1.270000 	 -1.481172 
1.280000 	 -1.655539 
1.290000 	 -2.558444 
1.300000 	 -0.993307 
1.310000 	 -0.614950 
1.320000 	 -0.870359 
1.330000 	 -0.120816 
1.340000 	 -0.571672 
1.350000 	 -0.798854 
1.360000 	 -1.034955 
1.370000 	 -0.716524 
1.380000 	 -0.258143 
1.390000 	 -1.841853 
1.400000 	 -0.149367 
1.410000 	 -0.821977 
1.420000 	 -1.535213 
1.430000 	 -2.562613 
1.440000 	 -2.462746 
1.450000 	 -0.746765 
1.460000 	 -0.282301 
1.470000 	 -1.558854 
1.480000 	 -1.495943 
1.490000 	 -1.562301 
1.500000 	 -1.501677 
1.510000 	 -1.166831 
1.520000 	 -2.055745 
1.530000 	 -1.042523 
1.540000 	 -1.704209 
1.550000 	 -0.632401 
1.560000 	 -2.681884 
1.570000 	 -0.598948 
1.580000 	 -0.545774 
1.590000 	 0.446076 
1.600000 	 -2.151277 
1.610000 	 -2.511880 
1.620000 	 -2.596704 
1.630000 	 -0.077493 
1.640000 	 -2.282696 
1.650000 	 -1.139794 
1.660000 	 -2.857417 
1.670000 	 -3.038394 
1.680000 	 -2.341481 
1.690000 	 -0.987377 
1.700000 	 -0.918934 
1.710000 	 -0.574279 
1.720000 	 -1.351209 
1.730000 	 -1.241097 
1.740000 	 -1.128140 
1.750000 	 -1.672692 
1.760000 	 -0.294970 
1.770000 	 -0.707362 
1.780000 	 -0.568743 
1.790000 	 -0.848548 
1.800000 	 -1.290382 
1.810000 	 -1.883931 
1.820000 	 -0.971027 
1.830000 	 -1.734598 
1.840000 	 -1.755140 
1.850000 	 -1.816153 
1.860000 	 -2.312583 
1.870000 	 -2.950348 
1.880000 	 -1.257379 
1.890000 	 -0.201915 
1.900000 	 -1.843160 
1.910000 	 -1.690859 
1.920000 	 -0.294151 
1.930000 	 -2.196132 
1.940000 	 -3.070002 
1.950000 	 -0.426680 
1.960000 	 -1.836739 
1.970000 	 -2.835278 
1.980000 	 -1.679534 
1.990000 	 -1.505252 
2.000000 	 -1.580305 
2.010000 	 -2.304011 
2.020000 	 -2.103486 
2.030000 	 -1.737381 
2.040000 	 -2.719188 
2.050000 	 -1.540830 
2.060000 	 -0.676556 
2.070000 	 -3.571591 
2.080000 	 -0.367305 
2.090000 	 -1.383151 
2.100000 	 -1.322457 
2.110000 	 -1.890517 
2.120000 	 -0.496037 
2.130000 	 -2.689521 
2.140000 	 -1.741662 
2.150000 	 -2.507274 
2.160000 	 -1.633618 
2.170000 	 -1.974930 
2.180000 	 -1.755241 
2.190000 	 -1.568682 
2.200000 	 -1.020968 
2.210000 	 -3.521191 
2.220000 	 -2.464551 
2.230000 	 -2.715630 
2.240000 	 -2.018316 
2.250000 	 -1.935218 
2.260000 	 -2.146673 
2.270000 	 -3.366468 
2.280000 	 -3.570335 
2.290000 	 -1.655596 
2.300000 	 -0.732020 
2.310000 	 -3.668216 
2.320000 	 -3.101563 
2.330000 	 -3.531026 
2.340000 	 -2.892193 
2.350000 	 -1.927446 
2.360000 	 -2.731794 
2.370000 	 -1.820953 
2.380000 	 -3.077723 
2.390000 	 -1.896443 
2.400000 	 -2.596848 
2.410000 	 -3.302459 
2.420000 	 -2.165232 
2.430000 	 -4.149694 
2.440000 	 -3.571981 
2.450000 	 -2.739024 
2.460000 	 -3.203248 
2.470000 	 -1.950075 
2.480000 	 -3.703546 
2.490000 	 -1.358219 
2.500000 	 -0.818083 
2.510000 	 -1.980231 
2.520000 	 -3.566805 
2.530000 	 -2.144949 
2.540000 	 -1.786134 
2.550000 	 -2.439285 
2.560000 	 -2.145493 
2.570000 	 -3.047297 
2.580000 	 -3.197710 
2.590000 	 -0.731414 
2.600000 	 -3.361609 
2.610000 	 -1.671679 
2.620000 	 -2.979710 
2.630000 	 -3.004670 
2.640000 	 -2.070832 
2.650000 	 -2.370129 
2.660000 	 -2.752989 
2.670000 	 -2.414960 
2.680000 	 -3.745378 
2.690000 	 -3.419684 
2.700000 	 -2.256726 
2.710000 	 -4.537799 
2.720000 	 -2.144468 
2.730000 	 -2.859050 
2.740000 	 -4.305897 
2.750000 	 -1.379894 
2.760000 	 -2.430257 
2.770000 	 -3.133103 
2.780000 	 -2.968385 
2.790000 	 -3.344718 
2.800000 	 -2.119798 
2.810000 	 -3.184953 
2.820000 	 -1.359086 
2.830000 	 -2.800842 
2.840000 	 -3.887756 
2.850000 	 -2.792626 
2.860000 	 -2.817400 
2.870000 	 -3.296937 
2.880000 	 -3.522524 
2.890000 	 -4.729878 
2.900000 	 -2.899532 
2.910000 	 -2.505120 
2.920000 	 -4.500132 
2.930000 	 -2.924800 
2.940000 	 -1.221828 
2.950000 	 -1.681065 
2.960000 	 -3.605927 
2.970000 	 -4.487516 
2.980000 	 -4.664986 
2.990000 	 -2.427594 
3.000000 	 -4.053899 
3.010000 	 -2.367758 
3.020000 	 -3.186287 
3.030000 	 -3.491044 
3.040000 	 -2.987155 
3.050000 	 -3.339044 
3.060000 	 -2.318057 
3.070000 	 -3.368746 
3.080000 	 -4.423765 
3.090000 	 -4.972370 
3.100000 	 -4.277610 
3.110000 	 -1.646596 
3.120000 	 -3.271359 
3.130000 	 -2.945055 
3.140000 	 -2.841297 
3.150000 	 -3.531708 
3.160000 	 -2.069198 
3.170000 	 -4.307435 
3.180000 	 -2.979762 
3.190000 	 -3.333432 
3.200000 	 -3.311211 
3.210000 	 -3.000816 
3.220000 	 -3.755898 
3.230000 	 -4.108445 
3.240000 	 -2.614157 
3.250000 	 -3.301786 
3.260000 	 -2.941238 
3.270000 	 -3.042369 
3.280000 	 -2.896534 
3.290000 	 -3.492141 
3.300000 	 -4.389566 
3.310000 	 -3.388224 
3.320000 	 -3.372533 
3.330000 	 -3.937510 
3.340000 	 -3.776685 
3.350000 	 -2.117752 
3.360000 	 -3.823083 
3.370000 	 -2.531757 
3.380000 	 -3.367064 
3.390000 	 -2.959201 
3.400000 	 -2.926598 
3.410000 	 -4.186384 
3.420000 	 -4.256887 
3.430000 	 -4.440610 
3.440000 	 -4.024069 
3.450000 	 -3.524781 
3.460000 	 -4.749045 
3.470000 	 -2.440238 
3.480000 	 -3.397535 
3.490000 	 -3.417898 
3.500000 	 -4.140814 
3.510000 	 -5.498352 
3.520000 	 -4.158908 
3.530000 	 -4.344667 
3.540000 	 -4.126602 
3.550000 	 -3.629775 
3.560000 	 -3.600542 
3.570000 	 -3.714584 
3.580000 	 -3.263873 
3.590000 	 -3.329094 
3.600000 	 -3.933710 
3.610000 	 -3.344476 
3.620000 	 -3.261915 
3.630000 	 -2.854047 
3.640000 	 -3.947291 
3.650000 	 -3.247525 
3.660000 	 -3.014353 
3.670000 	 -3.953282 
3.680000 	 -3.210986 
3.690000 	 -4.350813 
3.700000 	 -3.170945 
3.710000 	 -4.039942 
3.720000 	 -4.141236 
3.730000 	 -2.870335 
3.740000 	 -4.226289 
3.750000 	 -4.772638 
3.760000 	 -3.404390 
3.770000 	 -4.053595 
3.780000 	 -4.450293 
3.790000 	 -3.010771 
3.800000 	 -3.912732 
3.810000 	 -4.894749 
3.820000 	 -3.281752 
3.830000 	 -4.999101 
3.840000 	 -3.511689 
3.850000 	 -3.940645 
3.860000 	 -5.979268 
3.870000 	 -5.138524 
3.880000 	 -4.968958 
3.890000 	 -5.500294 
3.900000 	 -3.147553 
3.910000 	 -4.318303 
3.920000 	 -3.124699 
3.930000 	 -4.512005 
3.940000 	 -2.941059 
3.950000 	 -4.041959 
3.960000 	 -3.646506 
3.970000 	 -4.608351 
3.980000 	 -5.095062 
3.990000 	 -5.279862 
4.000000 	 -4.585861 
4.010000 	 -4.886757 
4.020000 	 -3.379624 
4.030000 	 -2.900098 
4.040000 	 -3.877621 
4.050000 	 -4.325477 
4.060000 	 -4.448914 
4.070000 	 -2.542345 
4.080000 	 -4.722222 
4.090000 	 -4.901384 
4.100000 	 -4.353779 
4.110000 	 -2.592076 
4.120000 	 -4.212838 
4.130000 	 -5.490552 
4.140000 	 -6.181715 
4.150000 	 -3.872986 
4.160000 	 -4.879121 
4.170000 	 -5.307636 
4.180000 	 -5.091421 
4.190000 	 -5.903814 
4.200000 	 -4.860954 
4.210000 	 -5.939350 
4.220000 	 -3.967856 
4.230000 	 -5.522494 
4.240000 	 -4.154938 
4.250000 	 -3.930242 
4.260000 	 -4.695021 
4.270000 	 -4.928592 
4.280000 	 -3.708452 
4.290000 	 -3.724015 
4.300000 	 -4.688836 
4.310000 	 -3.887384 
4.320000 	 -4.179431 
4.330000 	 -5.800680 
4.340000 	 -3.658967 
4.350000 	 -5.337897 
4.360000 	 -4.820395 
4.370000 	 -5.705873 
4.380000 	 -4.027565 
4.390000 	 -3.982964 
4.400000 	 -4.071650 
4.410000 	 -4.805205 
4.420000 	 -5.673372 
4.430000 	 -5.243395 
4.440000 	 -3.824790 
4.450000 	 -5.100878 
4.460000 	 -5.361532 
4.470000 	 -3.814610 
4.480000 	 -4.155322 
4.490000 	 -3.682475 
4.500000 	 -5.455150 
4.510000 	 -5.218208 
4.520000 	 -4.903675 
4.530000 	 -4.080736 
4.540000 	 -5.127732 
4.550000 	 -5.567257 
4.560000 	 -3.889943 
4.570000 	 -4.889963 
4.580000 	 -4.643358 
4.590000 	 -4.875814 
4.600000 	 -6.464501 
4.610000 	 -5.098973 
4.620000 	 -5.814051 
4.630000 	 -4.494914 
4.640000 	 -5.188078 
4.650000 	 -5.541100 
4.660000 	 -6.305991 
4.670000 	 -4.282289 
4.680000 	 -5.519796 
4.690000 	 -4.328356 
4.700000 	 -6.309710 
4.710000 	 -4.754813 
4.720000 	 -4.914116 
4.730000 	 -6.282982 
4.740000 	 -4.877973 
4.750000 	 -6.116999 
4.760000 	 -4.191190 
4.770000 	 -5.279207 
4.780000 	 -4.931553 
4.790000 	 -5.103638 
4.800000 	 -4.871738 
4.810000 	 -5.456169 
4.820000 	 -5.836362 
4.830000 	 -5.148107 
4.840000 	 -5.095805 
4.850000 	 -5.003924 
4.860000 	 -4.846064 
4.870000 	 -5.671110 
4.880000 	 -5.435654 
4.890000 	 -5.210522 
4.900000 	 -6.487525 
4.910000 	 -5.385735 
4.920000 	 -5.813824 
4.930000 	 -5.865220 
4.940000 	 -4.640166 
4.950000 	 -2.177097 
4.960000 	 -6.450153 
4.970000 	 -5.890478 
4.980000 	 -5.654691 
4.990000 	 -5.558524 
5.000000 	 -5.004623 
