0.000000 	 -0.100362 
0.010000 	 0.048263 
0.020000 	 -0.725833 
0.030000 	 0.362839 
0.040000 	 -0.277569 
0.050000 	 -0.412773 
0.060000 	 0.371230 
0.070000 	 1.422460 
0.080000 	 -0.592978 
0.090000 	 0.979074 
0.100000 	 0.129543 
0.110000 	 -0.499586 
0.120000 	 1.135343 
0.130000 	 -1.081037 
0.140000 	 0.932527 
0.150000 	 0.619153 
0.160000 	 1.276502 
0.170000 	 1.136552 
0.180000 	 1.664507 
0.190000 	 0.785789 
0.200000 	 -0.719055 
0.210000 	 1.396391 
0.220000 	 -0.388259 
0.230000 	 0.096222 
0.240000 	 1.946892 
0.250000 	 0.951647 
0.260000 	 -0.282492 
0.270000 	 0.361535 
0.280000 	 1.937284 
0.290000 	 -0.512167 
0.300000 	 0.728757 
0.310000 	 -0.400965 
0.320000 	 -0.710023 
0.330000 	 -1.062412 
0.340000 	 -0.057461 
0.350000 	 0.260706 
0.360000 	 -0.655191 
0.370000 	 0.948807 
0.380000 	 -0.130720 
0.390000 	 -0.060970 
0.400000 	 -0.194176 
0.410000 	 -1.018220 
0.420000 	 1.054407 
0.430000 	 -0.380082 
0.440000 	 0.022838 
0.450000 	 0.622593 
0.460000 	 -1.457382 
0.470000 	 0.315072 
0.480000 	 -0.002746 
0.490000 	 0.567907 
0.500000 	 -0.678829 
0.510000 	 0.032934 
0.520000 	 0.472795 
0.530000 	 -0.180559 
0.540000 	 -0.792102 
0.550000 	 1.151277 
0.560000 	 -0.046201 
0.570000 	 0.707136 
0.580000 	 -0.069946 
0.590000 	 -0.288308 
0.600000 	 1.157244 
0.610000 	 -0.798597 
0.620000 	 -0.307964 
0.630000 	 1.151999 
0.640000 	 1.729319 
0.650000 	 0.803922 
0.660000 	 -0.118066 
0.670000 	 -0.133286 
0.680000 	 -0.268538 
0.690000 	 0.053345 
0.700000 	 -1.170798 
0.710000 	 0.813028 
0.720000 	 -0.371878 
0.730000 	 -0.463388 
0.740000 	 -0.349703 
0.750000 	 -0.499844 
0.760000 	 -0.229525 
0.770000 	 -0.582597 
0.780000 	 -1.044519 
0.790000 	 -0.625788 
0.800000 	 0.937880 
0.810000 	 0.032414 
0.820000 	 -1.706011 
0.830000 	 -0.778702 
0.840000 	 -1.073284 
0.850000 	 -1.678723 
0.860000 	 -0.567326 
0.870000 	 -1.626023 
0.880000 	 0.058026 
0.890000 	 -1.675674 
0.900000 	 -0.140127 
0.910000 	 0.745882 
0.920000 	 0.947244 
0.930000 	 0.359576 
0.940000 	 -0.359787 
0.950000 	 -1.329721 
0.960000 	 0.417606 
0.970000 	 -1.533318 
0.980000 	 -0.797879 
0.990000 	 -1.627474 
1.000000 	 0.858587 
1.010000 	 -0.136367 
1.020000 	 1.616113 
1.030000 	 -0.615613 
1.040000 	 -0.357030 
1.050000 	 -1.351684 
1.060000 	 -3.042337 
1.070000 	 0.221805 
1.080000 	 0.860776 
1.090000 	 -1.462504 
1.100000 	 -1.535302 
1.110000 	 -0.920223 
1.120000 	 -1.590435 
1.130000 	 -0.227612 
1.140000 	 -0.832846 
1.150000 	 -1.299072 
1.160000 	 -0.701088 
1.170000 	 -0.756595 
1.180000 	 -0.972946 
1.190000 	 -1.974101 
1.200000 	 -0.950745 
1.210000 	 -0.446300 
1.220000 	 -1.140677 
1.230000 	 -2.760276 
1.240000 	 -1.752447 
1.250000 	 0.297658 
1.260000 	 0.187738 
1.270000 	 -0.720887 
1.280000 	 -1.710192 
1.290000 	 1.498651 
1.300000 	 0.366646 
1.310000 	 -1.316569 
1.320000 	 0.127058 
1.330000 	 -1.326435 
1.340000 	 -1.412490 
1.350000 	 -0.867552 
1.360000 	 -1.460241 
1.370000 	 -1.013876 
1.380000 	 -1.173444 
1.390000 	 -0.969888 
1.400000 	 -1.688721 
1.410000 	 -0.547646 
1.420000 	 -1.210673 
1.430000 	 0.635927 
1.440000 	 -2.458989 
1.450000 	 0.533670 
1.460000 	 0.248539 
1.470000 	 -1.866639 
1.480000 	 0.019266 
1.490000 	 -1.136120 
1.500000 	 -2.280901 
1.510000 	 0.025124 
1.520000 	 -1.972717 
1.530000 	 -1.015446 
1.540000 	 -1.461806 
1.550000 	 -0.744834 
1.560000 	 -0.533969 
1.570000 	 -2.661561 
1.580000 	 -0.939872 
1.590000 	 -0.778655 
1.600000 	 -2.246509 
1.610000 	 -1.464234 
1.620000 	 -0.949592 
1.630000 	 0.063091 
1.640000 	 -2.423620 
1.650000 	 -0.793801 
1.660000 	 -2.199953 
1.670000 	 -1.763502 
1.680000 	 -0.180352 
1.690000 	 -2.593778 
1.700000 	 -2.488402 
1.710000 	 -2.905528 
1.720000 	 -1.785895 
1.730000 	 -0.479685 
1.740000 	 -1.948396 
1.750000 	 -1.091729 
1.760000 	 -2.842647 
1.770000 	 1.237890 
1.780000 	 -1.907038 
1.790000 	 -1.262081 
1.800000 	 -0.389558 
1.810000 	 -2.166146 
1.820000 	 -1.651221 
1.830000 	 -0.842899 
1.840000 	 -1.373883 
1.850000 	 -1.788935 
1.860000 	 -2.303046 
1.870000 	 -1.898199 
1.880000 	 -2.036733 
1.890000 	 -1.258987 
1.900000 	 -1.699194 
1.910000 	 -2.376543 
1.920000 	 -1.156685 
1.930000 	 -2.943886 
1.940000 	 -2.955714 
1.950000 	 -2.409054 
1.960000 	 -2.205749 
1.970000 	 -1.449418 
1.980000 	 -3.570048 
1.990000 	 -1.357271 
2.000000 	 -1.491163 
2.010000 	 -0.050589 
2.020000 	 -1.720852 
2.030000 	 -1.528538 
2.040000 	 -1.505829 
2.050000 	 -1.955192 
2.060000 	 -1.988356 
2.070000 	 -1.483549 
2.080000 	 -1.379586 
2.090000 	 -0.926207 
2.100000 	 -0.089560 
2.110000 	 -1.378118 
2.120000 	 -0.731210 
2.130000 	 -2.590753 
2.140000 	 -2.820050 
2.150000 	 -2.454974 
2.160000 	 -2.198366 
2.170000 	 -2.048191 
2.180000 	 -1.569654 
2.190000 	 -3.002096 
2.200000 	 -1.172106 
2.210000 	 -2.244963 
2.220000 	 -1.575371 
2.230000 	 -2.373416 
2.240000 	 -0.162802 
2.250000 	 -2.415666 
2.260000 	 -2.158098 
2.270000 	 -1.158828 
2.280000 	 -2.229964 
2.290000 	 -2.939822 
2.300000 	 -3.648430 
2.310000 	 -2.757920 
2.320000 	 -3.132049 
2.330000 	 -1.751383 
2.340000 	 -3.055984 
2.350000 	 -1.475433 
2.360000 	 -2.760354 
2.370000 	 -1.389270 
2.380000 	 -3.008366 
2.390000 	 -1.235450 
2.400000 	 -1.949767 
2.410000 	 -2.641214 
2.420000 	 -3.605665 
2.430000 	 -2.384298 
2.440000 	 -2.902098 
2.450000 	 -1.581680 
2.460000 	 -1.754167 
2.470000 	 -0.983181 
2.480000 	 -3.648610 
2.490000 	 -2.201149 
2.500000 	 -3.830195 
2.510000 	 -3.994390 
2.520000 	 -3.260301 
2.530000 	 -2.457219 
2.540000 	 -1.746683 
2.550000 	 -2.167538 
2.560000 	 -2.864109 
2.570000 	 -1.609588 
2.580000 	 -1.675070 
2.590000 	 -1.134537 
2.600000 	 -3.894471 
2.610000 	 -1.744153 
2.620000 	 -3.099023 
2.630000 	 -2.104517 
2.640000 	 -2.436885 
2.650000 	 -2.339980 
2.660000 	 -1.724080 
2.670000 	 -2.465096 
2.680000 	 -2.392610 
2.690000 	 -1.452543 
2.700000 	 -3.573421 
2.710000 	 -2.653706 
2.720000 	 -2.885429 
2.730000 	 -2.437272 
2.740000 	 -3.506226 
2.750000 	 -3.419155 
2.760000 	 -3.065750 
2.770000 	 -1.957073 
2.780000 	 -2.820000 
2.790000 	 -2.481230 
2.800000 	 -1.904433 
2.810000 	 -3.408953 
2.820000 	 -2.948549 
2.830000 	 -2.055656 
2.840000 	 -2.017880 
2.850000 	 -1.409573 
2.860000 	 -3.065514 
2.870000 	 -2.448709 
2.880000 	 -2.910986 
2.890000 	 -3.276979 
2.900000 	 -3.499192 
2.910000 	 -4.159434 
2.920000 	 -2.442893 
2.930000 	 -2.676490 
2.940000 	 -3.874078 
2.950000 	 -2.634046 
2.960000 	 -1.855875 
2.970000 	 -4.401809 
2.980000 	 -3.192424 
2.990000 	 -1.929160 
3.000000 	 -3.997801 
3.010000 	 -3.152863 
3.020000 	 -1.083120 
3.030000 	 -2.163259 
3.040000 	 -1.991538 
3.050000 	 -3.373707 
3.060000 	 -2.715819 
3.070000 	 -4.989968 
3.080000 	 -2.493745 
3.090000 	 -4.271875 
3.100000 	 -3.970217 
3.110000 	 -2.915811 
3.120000 	 -2.708006 
3.130000 	 -3.566938 
3.140000 	 -2.351134 
3.150000 	 -2.076150 
3.160000 	 -3.828173 
3.170000 	 -3.335419 
3.180000 	 -3.323710 
3.190000 	 -4.126023 
3.200000 	 -3.005664 
3.210000 	 -4.881948 
3.220000 	 -5.297952 
3.230000 	 -3.514938 
3.240000 	 -3.022828 
3.250000 	 -3.029362 
3.260000 	 -1.760409 
3.270000 	 -1.866771 
3.280000 	 -3.573619 
3.290000 	 -3.379446 
3.300000 	 -2.778993 
3.310000 	 -1.762706 
3.320000 	 -3.403767 
3.330000 	 -2.645109 
3.340000 	 -3.533003 
3.350000 	 -3.191738 
3.360000 	 -3.584135 
3.370000 	 -3.403028 
3.380000 	 -4.876671 
3.390000 	 -4.105017 
3.400000 	 -3.837501 
3.410000 	 -2.605907 
3.420000 	 -4.360964 
3.430000 	 -2.415697 
3.440000 	 -3.266950 
3.450000 	 -4.920863 
3.460000 	 -4.416090 
3.470000 	 -4.525807 
3.480000 	 -3.787177 
3.490000 	 -4.463295 
3.500000 	 -3.516227 
3.510000 	 -4.033182 
3.520000 	 -2.017224 
3.530000 	 -4.657848 
3.540000 	 -3.596616 
3.550000 	 -2.962340 
3.560000 	 -3.171190 
3.570000 	 -4.345593 
3.580000 	 -1.914779 
3.590000 	 -2.678279 
3.600000 	 -4.326692 
3.610000 	 -2.992582 
3.620000 	 -3.997390 
3.630000 	 -3.258780 
3.640000 	 -4.167975 
3.650000 	 -3.578457 
3.660000 	 -3.231177 
3.670000 	 -3.583695 
3.680000 	 -4.749680 
3.690000 	 -3.227879 
3.700000 	 -4.989692 
3.710000 	 -3.407763 
3.720000 	 -4.780684 
3.730000 	 -5.160015 
3.740000 	 -4.019656 
3.750000 	 -3.233730 
3.760000 	 -4.184612 
3.770000 	 -3.119520 
3.780000 	 -3.519355 
3.790000 	 -3.621563 
3.800000 	 -3.823217 
3.810000 	 -4.145026 
3.820000 	 -3.090008 
3.830000 	 -4.810531 
3.840000 	 -2.689603 
3.850000 	 -3.921058 
3.860000 	 -3.989667 
3.870000 	 -2.830382 
3.880000 	 -4.830967 
3.890000 	 -4.229754 
3.900000 	 -3.612418 
3.910000 	 -4.317926 
3.920000 	 -4.264096 
3.930000 	 -4.026405 
3.940000 	 -4.219440 
3.950000 	 -3.975362 
3.960000 	 -4.434403 
3.970000 	 -4.230765 
3.980000 	 -4.543274 
3.990000 	 -5.103176 
4.000000 	 -4.523501 
4.010000 	 -4.621999 
4.020000 	 -4.250488 
4.030000 	 -4.758665 
4.040000 	 -5.844765 
4.050000 	 -3.930474 
4.060000 	 -4.569024 
4.070000 	 -4.003649 
4.080000 	 -2.982678 
4.090000 	 -3.957133 
4.100000 	 -5.268734 
4.110000 	 -4.701659 
4.120000 	 -3.053615 
4.130000 	 -4.138965 
4.140000 	 -4.450559 
4.150000 	 -5.378792 
4.160000 	 -3.963657 
4.170000 	 -5.221862 
4.180000 	 -3.621778 
4.190000 	 -3.570036 
4.200000 	 -5.299484 
4.210000 	 -6.202662 
4.220000 	 -3.100212 
4.230000 	 -5.286747 
4.240000 	 -5.822019 
4.250000 	 -4.666429 
4.260000 	 -3.459538 
4.270000 	 -3.603053 
4.280000 	 -4.963724 
4.290000 	 -6.164177 
4.300000 	 -5.418434 
4.310000 	 -4.704201 
4.320000 	 -4.064336 
4.330000 	 -3.820013 
4.340000 	 -4.164344 
4.350000 	 -3.606783 
4.360000 	 -5.097055 
4.370000 	 -3.072538 
4.380000 	 -4.525933 
4.390000 	 -4.699543 
4.400000 	 -4.890044 
4.410000 	 -4.654086 
4.420000 	 -4.005830 
4.430000 	 -5.575396 
4.440000 	 -5.928464 
4.450000 	 -4.921043 
4.460000 	 -4.375381 
4.470000 	 -4.507459 
4.480000 	 -5.528152 
4.490000 	 -5.587687 
4.500000 	 -5.570434 
4.510000 	 -3.915229 
4.520000 	 -3.509286 
4.530000 	 -4.418153 
4.540000 	 -4.294359 
4.550000 	 -4.753607 
4.560000 	 -5.298171 
4.570000 	 -5.425961 
4.580000 	 -6.681896 
4.590000 	 -4.583633 
4.600000 	 -5.367533 
4.610000 	 -6.177506 
4.620000 	 -4.336462 
4.630000 	 -6.144172 
4.640000 	 -4.624075 
4.650000 	 -5.677716 
4.660000 	 -5.023222 
4.670000 	 -5.558561 
4.680000 	 -6.247694 
4.690000 	 -5.712288 
4.700000 	 -4.701444 
4.710000 	 -5.455749 
4.720000 	 -4.464607 
4.730000 	 -5.787644 
4.740000 	 -5.361427 
4.750000 	 -4.734896 
4.760000 	 -4.462085 
4.770000 	 -5.580226 
4.780000 	 -5.541066 
4.790000 	 -3.412991 
4.800000 	 -5.373494 
4.810000 	 -5.501803 
4.820000 	 -4.547169 
4.830000 	 -6.128844 
4.840000 	 -5.905256 
4.850000 	 -6.084835 
4.860000 	 -5.981370 
4.870000 	 -7.323810 
4.880000 	 -6.602318 
4.890000 	 -5.666400 
4.900000 	 -5.751013 
4.910000 	 -6.705228 
4.920000 	 -4.466060 
4.930000 	 -6.044615 
4.940000 	 -4.991383 
4.950000 	 -5.945614 
4.960000 	 -5.409224 
4.970000 	 -5.761642 
4.980000 	 -6.373097 
4.990000 	 -4.268780 
5.000000 	 -5.198908 
