0.000000 	 -0.402752 
0.010000 	 0.249603 
0.020000 	 -0.391220 
0.030000 	 0.509675 
0.040000 	 -1.211829 
0.050000 	 0.239236 
0.060000 	 -0.883496 
0.070000 	 0.000917 
0.080000 	 1.394874 
0.090000 	 1.847701 
0.100000 	 -0.343747 
0.110000 	 -0.293683 
0.120000 	 0.766878 
0.130000 	 1.906274 
0.140000 	 1.006429 
0.150000 	 0.897651 
0.160000 	 -0.144586 
0.170000 	 1.273903 
0.180000 	 1.421326 
0.190000 	 0.293481 
0.200000 	 1.001742 
0.210000 	 0.825749 
0.220000 	 0.082073 
0.230000 	 1.257861 
0.240000 	 0.472617 
0.250000 	 -0.011227 
0.260000 	 0.134498 
0.270000 	 0.702618 
0.280000 	 0.262172 
0.290000 	 0.143223 
0.300000 	 0.448283 
0.310000 	 0.096558 
0.320000 	 0.476078 
0.330000 	 -0.497859 
0.340000 	 -0.659287 
0.350000 	 -0.795220 
0.360000 	 -0.695144 
0.370000 	 1.098936 
0.380000 	 -0.647672 
0.390000 	 -0.365380 
0.400000 	 0.272588 
0.410000 	 -0.851508 
0.420000 	 -0.019691 
0.430000 	 -0.927811 
0.440000 	 -0.541650 
0.450000 	 0.020607 
0.460000 	 -0.164175 
0.470000 	 0.758664 
0.480000 	 0.202071 
0.490000 	 -0.775756 
0.500000 	 -0.359863 
0.510000 	 -1.983491 
0.520000 	 1.444909 
0.530000 	 -0.671439 
0.540000 	 0.718677 
0.550000 	 1.638656 
0.560000 	 -0.860380 
0.570000 	 -0.788812 
0.580000 	 0.293014 
0.590000 	 -0.206239 
0.600000 	 0.288518 
0.610000 	 -1.516032 
0.620000 	 -0.442849 
0.630000 	 -1.107631 
0.640000 	 0.687646 
0.650000 	 0.782814 
0.660000 	 1.788123 
0.670000 	 -0.408895 
0.680000 	 -0.059285 
0.690000 	 -1.603903 
0.700000 	 -0.758555 
0.710000 	 -0.817336 
0.720000 	 -0.979977 
0.730000 	 0.250918 
0.740000 	 0.092786 
0.750000 	 -1.819859 
0.760000 	 0.586551 
0.770000 	 0.148764 
0.780000 	 -0.371942 
0.790000 	 -1.368819 
0.800000 	 -0.728688 
0.810000 	 -0.468907 
0.820000 	 -0.439526 
0.830000 	 0.170286 
0.840000 	 0.897938 
0.850000 	 -1.906971 
0.860000 	 -0.184062 
0.870000 	 -0.830014 
0.880000 	 -0.096440 
0.890000 	 -0.712590 
0.900000 	 0.530758 
0.910000 	 -1.097704 
0.920000 	 -0.871076 
0.930000 	 -1.240867 
0.940000 	 0.929158 
0.950000 	 -0.665795 
0.960000 	 -0.783607 
0.970000 	 -0.444331 
0.980000 	 -0.056709 
0.990000 	 0.907925 
1.000000 	 -1.588754 
1.010000 	 -0.661450 
1.020000 	 -0.809203 
1.030000 	 1.213952 
1.040000 	 -0.870043 
1.050000 	 -0.947200 
1.060000 	 -0.226497 
1.070000 	 -0.217913 
1.080000 	 0.844448 
1.090000 	 0.187254 
1.100000 	 -1.486065 
1.110000 	 -0.250054 
1.120000 	 -0.543909 
1.130000 	 -0.042938 
1.140000 	 -0.871732 
1.150000 	 -1.062779 
1.160000 	 -1.509962 
1.170000 	 0.125019 
1.180000 	 -1.736066 
1.190000 	 -1.747648 
1.200000 	 -1.542558 
1.210000 	 -0.458068 
1.220000 	 -0.317920 
1.230000 	 -0.234159 
1.240000 	 -1.502403 
1.250000 	 -1.345399 
1.260000 	 -0.673989 
1.270000 	 -0.370443 
1.280000 	 -0.801061 
1.290000 	 0.030849 
1.300000 	 -0.232133 
1.310000 	 -1.456275 
1.320000 	 -0.525337 
1.330000 	 -1.519416 
1.340000 	 -1.115213 
1.350000 	 0.173341 
1.360000 	 -1.263954 
1.370000 	 -1.120885 
1.380000 	 -0.261000 
1.390000 	 0.263389 
1.400000 	 -0.141337 
1.410000 	 -1.359921 
1.420000 	 -2.421107 
1.430000 	 -1.222184 
1.440000 	 -2.379521 
1.450000 	 -0.609786 
1.460000 	 -1.173212 
1.470000 	 -0.206756 
1.480000 	 -1.938832 
1.490000 	 -1.138235 
1.500000 	 -1.769348 
1.510000 	 -1.506258 
1.520000 	 -1.477941 
1.530000 	 -1.893975 
1.540000 	 -2.400880 
1.550000 	 -3.007710 
1.560000 	 -0.264684 
1.570000 	 -2.069682 
1.580000 	 -2.196639 
1.590000 	 -1.984305 
1.600000 	 -0.615726 
1.610000 	 -0.530153 
1.620000 	 -2.251993 
1.630000 	 -2.315406 
1.640000 	 -2.143668 
1.650000 	 -1.043813 
1.660000 	 -1.602197 
1.670000 	 -1.736433 
1.680000 	 -2.396496 
1.690000 	 -0.989305 
1.700000 	 -0.590784 
1.710000 	 -1.889898 
1.720000 	 -0.118465 
1.730000 	 -1.477451 
1.740000 	 -0.434685 
1.750000 	 -2.117229 
1.760000 	 -1.644080 
1.770000 	 -1.680351 
1.780000 	 0.256678 
1.790000 	 -1.690100 
1.800000 	 -1.529431 
1.810000 	 -1.814929 
1.820000 	 -1.222652 
1.830000 	 -1.998367 
1.840000 	 -1.650857 
1.850000 	 -2.583490 
1.860000 	 -1.247999 
1.870000 	 -0.827893 
1.880000 	 -0.922486 
1.890000 	 -2.938494 
1.900000 	 -2.797047 
1.910000 	 -1.148978 
1.920000 	 -2.430716 
1.930000 	 -1.522922 
1.940000 	 -2.562280 
1.950000 	 -0.927057 
1.960000 	 -0.737362 
1.970000 	 -3.122152 
1.980000 	 -1.085506 
1.990000 	 -2.681734 
2.000000 	 -3.177293 
2.010000 	 -3.923324 
2.020000 	 -1.850428 
2.030000 	 -1.820586 
2.040000 	 -1.004647 
2.050000 	 -1.072617 
2.060000 	 -1.751803 
2.070000 	 -2.117421 
2.080000 	 -2.077853 
2.090000 	 -2.395012 
2.100000 	 -1.695248 
2.110000 	 -3.960616 
2.120000 	 -2.992415 
2.130000 	 -1.241141 
2.140000 	 -0.089058 
2.150000 	 -2.566179 
2.160000 	 -1.648962 
2.170000 	 -1.525056 
2.180000 	 -2.152571 
2.190000 	 0.523283 
2.200000 	 -0.357838 
2.210000 	 -1.934513 
2.220000 	 -2.013044 
2.230000 	 -1.397871 
2.240000 	 -1.666357 
2.250000 	 -3.025093 
2.260000 	 -1.621365 
2.270000 	 -2.558119 
2.280000 	 -2.978230 
2.290000 	 -2.732728 
2.300000 	 -1.554464 
2.310000 	 -2.475114 
2.320000 	 -1.886818 
2.330000 	 -1.933982 
2.340000 	 -3.405811 
2.350000 	 -0.779598 
2.360000 	 -2.444044 
2.370000 	 -2.117800 
2.380000 	 -3.182294 
2.390000 	 -0.094153 
2.400000 	 -2.282732 
2.410000 	 -1.778399 
2.420000 	 -2.595227 
2.430000 	 -2.949812 
2.440000 	 -2.467411 
2.450000 	 -2.264401 
2.460000 	 -2.364008 
2.470000 	 -2.799721 
2.480000 	 -2.095645 
2.490000 	 -3.224057 
2.500000 	 -3.475538 
2.510000 	 -2.883403 
2.520000 	 -2.263060 
2.530000 	 -1.366474 
2.540000 	 -3.281914 
2.550000 	 -2.502223 
2.560000 	 -2.172951 
2.570000 	 -2.959558 
2.580000 	 -2.664339 
2.590000 	 -3.055597 
2.600000 	 -1.436391 
2.610000 	 -3.140057 
2.620000 	 -2.310276 
2.630000 	 -2.120258 
2.640000 	 -2.164354 
2.650000 	 -3.973878 
2.660000 	 -3.141882 
2.670000 	 -2.967805 
2.680000 	 -2.496899 
2.690000 	 -2.331875 
2.700000 	 -0.972215 
2.710000 	 -2.939882 
2.720000 	 -2.940697 
2.730000 	 -2.230679 
2.740000 	 -2.859085 
2.750000 	 -2.888325 
2.760000 	 -3.675564 
2.770000 	 -2.208734 
2.780000 	 -2.615354 
2.790000 	 -1.280886 
2.800000 	 -2.159274 
2.810000 	 -3.634938 
2.820000 	 -2.445217 
2.830000 	 -3.371877 
2.840000 	 -3.621969 
2.850000 	 -3.294252 
2.860000 	 -4.412243 
2.870000 	 -2.677425 
2.880000 	 -3.474365 
2.890000 	 -3.596097 
2.900000 	 -2.915250 
2.910000 	 -1.594918 
2.920000 	 -2.267234 
2.930000 	 -2.834265 
2.940000 	 -3.262823 
2.950000 	 -3.185301 
2.960000 	 -3.753208 
2.970000 	 -2.479913 
2.980000 	 -3.552523 
2.990000 	 -3.035789 
3.000000 	 -2.894504 
3.010000 	 -3.950211 
3.020000 	 -4.126775 
3.030000 	 -3.520786 
3.040000 	 -2.662239 
3.050000 	 -3.227263 
3.060000 	 -3.774353 
3.070000 	 -3.244636 
3.080000 	 -3.560322 
3.090000 	 -2.403897 
3.100000 	 -3.515086 
3.110000 	 -3.933406 
3.120000 	 -2.023018 
3.130000 	 -4.073655 
3.140000 	 -2.113002 
3.150000 	 -2.805840 
3.160000 	 -1.863985 
3.170000 	 -2.930949 
3.180000 	 -2.702091 
3.190000 	 -3.161694 
3.200000 	 -1.885091 
3.210000 	 -3.737644 
3.220000 	 -2.636602 
3.230000 	 -3.810698 
3.240000 	 -3.691951 
3.250000 	 -3.313417 
3.260000 	 -2.185164 
3.270000 	 -3.442789 
3.280000 	 -3.273605 
3.290000 	 -3.107158 
3.300000 	 -2.883004 
3.310000 	 -3.054793 
3.320000 	 -4.033346 
3.330000 	 -2.422200 
3.340000 	 -3.185325 
3.350000 	 -3.150152 
3.360000 	 -3.100743 
3.370000 	 -3.756041 
3.380000 	 -4.091839 
3.390000 	 -3.190131 
3.400000 	 -3.526890 
3.410000 	 -4.458510 
3.420000 	 -1.755334 
3.430000 	 -2.328402 
3.440000 	 -4.724374 
3.450000 	 -3.241567 
3.460000 	 -3.076240 
3.470000 	 -4.804797 
3.480000 	 -3.807339 
3.490000 	 -3.172859 
3.500000 	 -3.336340 
3.510000 	 -3.830236 
3.520000 	 -5.187529 
3.530000 	 -4.620732 
3.540000 	 -4.302234 
3.550000 	 -3.292318 
3.560000 	 -4.533368 
3.570000 	 -4.012296 
3.580000 	 -3.252874 
3.590000 	 -4.964630 
3.600000 	 -4.828697 
3.610000 	 -4.351856 
3.620000 	 -5.145425 
3.630000 	 -3.838707 
3.640000 	 -3.775241 
3.650000 	 -5.647885 
3.660000 	 -3.609934 
3.670000 	 -3.347815 
3.680000 	 -3.448534 
3.690000 	 -3.853343 
3.700000 	 -5.088317 
3.710000 	 -4.983569 
3.720000 	 -3.480367 
3.730000 	 -3.204304 
3.740000 	 -4.161131 
3.750000 	 -3.950344 
3.760000 	 -4.081841 
3.770000 	 -3.433192 
3.780000 	 -3.490671 
3.790000 	 -3.863528 
3.800000 	 -4.639494 
3.810000 	 -4.701386 
3.820000 	 -6.068965 
3.830000 	 -4.418469 
3.840000 	 -4.507982 
3.850000 	 -3.236854 
3.860000 	 -3.770523 
3.870000 	 -4.154797 
3.880000 	 -3.789412 
3.890000 	 -5.391938 
3.900000 	 -4.540704 
3.910000 	 -4.950776 
3.920000 	 -3.516330 
3.930000 	 -3.720226 
3.940000 	 -5.481098 
3.950000 	 -4.324197 
3.960000 	 -4.564033 
3.970000 	 -5.368422 
3.980000 	 -3.171594 
3.990000 	 -2.461338 
4.000000 	 -4.535626 
4.010000 	 -4.070195 
4.020000 	 -3.785341 
4.030000 	 -2.799005 
4.040000 	 -5.011101 
4.050000 	 -3.992275 
4.060000 	 -4.706707 
4.070000 	 -2.675075 
4.080000 	 -5.950921 
4.090000 	 -3.662606 
4.100000 	 -4.658019 
4.110000 	 -5.484351 
4.120000 	 -4.168711 
4.130000 	 -4.595350 
4.140000 	 -5.101789 
4.150000 	 -5.597353 
4.160000 	 -5.031506 
4.170000 	 -4.667309 
4.180000 	 -4.964997 
4.190000 	 -6.476730 
4.200000 	 -3.714342 
4.210000 	 -5.807962 
4.220000 	 -4.296207 
4.230000 	 -5.320664 
4.240000 	 -4.435963 
4.250000 	 -5.068536 
4.260000 	 -4.777905 
4.270000 	 -4.406303 
4.280000 	 -3.604041 
4.290000 	 -4.748204 
4.300000 	 -6.419688 
4.310000 	 -4.323620 
4.320000 	 -4.480166 
4.330000 	 -5.375577 
4.340000 	 -5.449234 
4.350000 	 -4.946483 
4.360000 	 -4.915405 
4.370000 	 -5.126648 
4.380000 	 -6.014129 
4.390000 	 -5.243150 
4.400000 	 -5.354257 
4.410000 	 -4.525479 
4.420000 	 -5.131416 
4.430000 	 -5.032080 
4.440000 	 -5.087494 
4.450000 	 -3.740533 
4.460000 	 -5.358432 
4.470000 	 -6.108659 
4.480000 	 -3.185516 
4.490000 	 -5.380249 
4.500000 	 -4.428606 
4.510000 	 -6.058524 
4.520000 	 -4.953368 
4.530000 	 -5.128619 
4.540000 	 -5.437438 
4.550000 	 -4.337006 
4.560000 	 -4.210042 
4.570000 	 -5.058088 
4.580000 	 -4.106220 
4.590000 	 -3.853728 
4.600000 	 -4.844407 
4.610000 	 -4.333633 
4.620000 	 -4.388096 
4.630000 	 -4.032000 
4.640000 	 -6.387061 
4.650000 	 -5.317359 
4.660000 	 -5.471317 
4.670000 	 -6.118810 
4.680000 	 -4.859867 
4.690000 	 -5.282181 
4.700000 	 -5.981415 
4.710000 	 -4.688266 
4.720000 	 -4.899238 
4.730000 	 -4.025247 
4.740000 	 -5.610502 
4.750000 	 -4.898218 
4.760000 	 -4.706475 
4.770000 	 -5.223169 
4.780000 	 -6.302057 
4.790000 	 -4.170766 
4.800000 	 -4.317101 
4.810000 	 -7.393430 
4.820000 	 -6.877052 
4.830000 	 -5.534782 
4.840000 	 -6.842700 
4.850000 	 -5.185497 
4.860000 	 -5.319419 
4.870000 	 -6.443906 
4.880000 	 -6.342253 
4.890000 	 -5.055040 
4.900000 	 -5.039990 
4.910000 	 -4.965820 
4.920000 	 -5.612051 
4.930000 	 -6.406224 
4.940000 	 -5.749171 
4.950000 	 -7.160395 
4.960000 	 -6.028394 
4.970000 	 -4.886147 
4.980000 	 -4.928119 
4.990000 	 -5.187508 
5.000000 	 -5.453231 
