0.000000 	 0.169088 
0.010000 	 0.177012 
0.020000 	 2.369329 
0.030000 	 0.740263 
0.040000 	 0.409770 
0.050000 	 0.715283 
0.060000 	 1.317272 
0.070000 	 0.530101 
0.080000 	 0.509935 
0.090000 	 1.101842 
0.100000 	 -0.111740 
0.110000 	 1.219124 
0.120000 	 1.346721 
0.130000 	 0.815428 
0.140000 	 -0.456146 
0.150000 	 -0.697976 
0.160000 	 0.387684 
0.170000 	 0.341006 
0.180000 	 2.018123 
0.190000 	 0.080279 
0.200000 	 1.548894 
0.210000 	 1.351330 
0.220000 	 0.418365 
0.230000 	 2.170317 
0.240000 	 1.001543 
0.250000 	 0.879736 
0.260000 	 0.071334 
0.270000 	 0.706075 
0.280000 	 0.127825 
0.290000 	 -0.667601 
0.300000 	 0.005503 
0.310000 	 0.575786 
0.320000 	 0.199957 
0.330000 	 -0.459946 
0.340000 	 0.314953 
0.350000 	 1.705736 
0.360000 	 0.063398 
0.370000 	 0.619974 
0.380000 	 0.484708 
0.390000 	 0.627054 
0.400000 	 0.743044 
0.410000 	 -0.024999 
0.420000 	 -0.496930 
0.430000 	 0.389701 
0.440000 	 0.097114 
0.450000 	 -0.049754 
0.460000 	 -0.655374 
0.470000 	 0.293659 
0.480000 	 -0.119908 
0.490000 	 -0.086464 
0.500000 	 -1.565519 
0.510000 	 0.169677 
0.520000 	 -0.591161 
0.530000 	 1.319131 
0.540000 	 -0.765467 
0.550000 	 0.412669 
0.560000 	 0.131877 
0.570000 	 0.314160 
0.580000 	 -0.012817 
0.590000 	 -0.885828 
0.600000 	 0.069080 
0.610000 	 -0.013824 
0.620000 	 0.107380 
0.630000 	 1.810969 
0.640000 	 0.195198 
0.650000 	 -0.518372 
0.660000 	 -0.467564 
0.670000 	 -0.027178 
0.680000 	 0.736812 
0.690000 	 -0.483354 
0.700000 	 -0.114427 
0.710000 	 -0.453231 
0.720000 	 -1.671958 
0.730000 	 -0.717444 
0.740000 	 -0.257500 
0.750000 	 -0.845297 
0.760000 	 -0.112135 
0.770000 	 0.650896 
0.780000 	 -0.391237 
0.790000 	 0.774797 
0.800000 	 -0.718916 
0.810000 	 0.218128 
0.820000 	 -1.338480 
0.830000 	 0.355178 
0.840000 	 0.167745 
0.850000 	 -0.623185 
0.860000 	 -0.192472 
0.870000 	 0.273534 
0.880000 	 -1.256212 
0.890000 	 0.634849 
0.900000 	 0.432589 
0.910000 	 0.107975 
0.920000 	 0.772335 
0.930000 	 -1.447548 
0.940000 	 -0.979727 
0.950000 	 0.570332 
0.960000 	 -0.129423 
0.970000 	 0.581577 
0.980000 	 0.377927 
0.990000 	 -1.220381 
1.000000 	 -0.616680 
1.010000 	 0.768350 
1.020000 	 -0.224971 
1.030000 	 -0.553120 
1.040000 	 -0.470778 
1.050000 	 -0.410888 
1.060000 	 0.249353 
1.070000 	 -1.198044 
1.080000 	 -0.997280 
1.090000 	 -0.107687 
1.100000 	 -0.542737 
1.110000 	 -1.358968 
1.120000 	 -1.609753 
1.130000 	 -1.251553 
1.140000 	 -1.815874 
1.150000 	 -1.953453 
1.160000 	 -1.306895 
1.170000 	 -1.800744 
1.180000 	 0.176770 
1.190000 	 -0.594076 
1.200000 	 0.087187 
1.210000 	 -1.695472 
1.220000 	 -0.056360 
1.230000 	 -0.674649 
1.240000 	 -0.852709 
1.250000 	 0.148997 
1.260000 	 -0.314610 
1.270000 	 0.728538 
1.280000 	 -0.543906 
1.290000 	 -0.003329 
1.300000 	 -1.717879 
1.310000 	 -0.168447 
1.320000 	 -1.552856 
1.330000 	 -1.777414 
1.340000 	 -1.531322 
1.350000 	 -1.851974 
1.360000 	 0.342321 
1.370000 	 0.174846 
1.380000 	 -1.487989 
1.390000 	 -1.101858 
1.400000 	 -1.670176 
1.410000 	 -0.422123 
1.420000 	 -1.690861 
1.430000 	 -0.055555 
1.440000 	 -1.453281 
1.450000 	 -2.033539 
1.460000 	 -0.938793 
1.470000 	 -1.375772 
1.480000 	 -0.105053 
1.490000 	 -2.340228 
1.500000 	 -1.879934 
1.510000 	 -0.221276 
1.520000 	 -0.135548 
1.530000 	 -0.638479 
1.540000 	 -1.173181 
1.550000 	 -1.006418 
1.560000 	 -0.629351 
1.570000 	 -0.177393 
1.580000 	 -2.109699 
1.590000 	 0.020315 
1.600000 	 -0.329345 
1.610000 	 -1.385433 
1.620000 	 -1.780671 
1.630000 	 -1.216574 
1.640000 	 0.392819 
1.650000 	 -0.913883 
1.660000 	 -2.586239 
1.670000 	 -2.411179 
1.680000 	 -1.709506 
1.690000 	 -1.980361 
1.700000 	 -1.909035 
1.710000 	 -2.184082 
1.720000 	 -1.115614 
1.730000 	 -0.052905 
1.740000 	 -3.090798 
1.750000 	 -0.566792 
1.760000 	 -1.889927 
1.770000 	 -3.333063 
1.780000 	 -0.879847 
1.790000 	 -1.344579 
1.800000 	 -1.716165 
1.810000 	 -1.508144 
1.820000 	 -1.208227 
1.830000 	 -2.385292 
1.840000 	 -1.685981 
1.850000 	 -1.911443 
1.860000 	 -1.536668 
1.870000 	 -2.217054 
1.880000 	 -0.599190 
1.890000 	 -1.992692 
1.900000 	 -1.408352 
1.910000 	 -1.801127 
1.920000 	 -1.979736 
1.930000 	 -1.486682 
1.940000 	 -1.651088 
1.950000 	 -1.842472 
1.960000 	 -1.047645 
1.970000 	 -0.569671 
1.980000 	 -2.333805 
1.990000 	 -1.169256 
2.000000 	 -2.570723 
2.010000 	 -1.289742 
2.020000 	 -2.908697 
2.030000 	 -0.676964 
2.040000 	 -0.772007 
2.050000 	 -2.800490 
2.060000 	 -0.705265 
2.070000 	 -3.740369 
2.080000 	 -1.694062 
2.090000 	 -2.596001 
2.100000 	 -0.994930 
2.110000 	 -1.618660 
2.120000 	 -0.958141 
2.130000 	 -1.241932 
2.140000 	 -1.858096 
2.150000 	 -2.134897 
2.160000 	 -2.573691 
2.170000 	 -2.161966 
2.180000 	 -1.699604 
2.190000 	 -0.792349 
2.200000 	 -3.130605 
2.210000 	 -1.752322 
2.220000 	 -0.379446 
2.230000 	 -2.081666 
2.240000 	 -1.430665 
2.250000 	 -2.577532 
2.260000 	 -1.225058 
2.270000 	 -3.105152 
2.280000 	 -2.571828 
2.290000 	 -2.672858 
2.300000 	 -2.659772 
2.310000 	 -2.749718 
2.320000 	 -2.173697 
2.330000 	 -2.553775 
2.340000 	 -1.909074 
2.350000 	 -0.355786 
2.360000 	 -1.388458 
2.370000 	 -2.929174 
2.380000 	 -2.441786 
2.390000 	 -1.700030 
2.400000 	 -2.572204 
2.410000 	 -2.784134 
2.420000 	 -2.258109 
2.430000 	 -1.955022 
2.440000 	 -1.593351 
2.450000 	 -0.567091 
2.460000 	 -3.399359 
2.470000 	 -3.414761 
2.480000 	 -2.177980 
2.490000 	 -1.025672 
2.500000 	 -3.585312 
2.510000 	 -0.959453 
2.520000 	 -2.308102 
2.530000 	 -2.799564 
2.540000 	 -2.406525 
2.550000 	 -3.592947 
2.560000 	 -1.730864 
2.570000 	 -2.625349 
2.580000 	 -2.153393 
2.590000 	 -2.623958 
2.600000 	 -2.266867 
2.610000 	 -3.817422 
2.620000 	 -1.904153 
2.630000 	 -2.311377 
2.640000 	 -4.276279 
2.650000 	 -2.314786 
2.660000 	 -2.484978 
2.670000 	 -3.097485 
2.680000 	 -2.624166 
2.690000 	 -3.570699 
2.700000 	 -3.344081 
2.710000 	 -2.869844 
2.720000 	 -0.816912 
2.730000 	 -3.310834 
2.740000 	 -3.251373 
2.750000 	 -2.726406 
2.760000 	 -2.401528 
2.770000 	 -2.305839 
2.780000 	 -2.771921 
2.790000 	 -3.186923 
2.800000 	 -2.654436 
2.810000 	 -3.564329 
2.820000 	 -1.495473 
2.830000 	 -3.475808 
2.840000 	 -3.548727 
2.850000 	 -2.173051 
2.860000 	 -3.275639 
2.870000 	 -2.662317 
2.880000 	 -5.399363 
2.890000 	 -2.744668 
2.900000 	 -2.308211 
2.910000 	 -3.596158 
2.920000 	 -3.097707 
2.930000 	 -1.870329 
2.940000 	 -1.828463 
2.950000 	 -3.108321 
2.960000 	 -2.954291 
2.970000 	 -2.570774 
2.980000 	 -3.578655 
2.990000 	 -3.789779 
3.000000 	 -3.103135 
3.010000 	 -3.777097 
3.020000 	 -3.490837 
3.030000 	 -3.736626 
3.040000 	 -2.083742 
3.050000 	 -3.137843 
3.060000 	 -2.264348 
3.070000 	 -1.275168 
3.080000 	 -4.710140 
3.090000 	 -0.782530 
3.100000 	 -3.309633 
3.110000 	 -3.351394 
3.120000 	 -3.958403 
3.130000 	 -5.005573 
3.140000 	 -4.299493 
3.150000 	 -2.368884 
3.160000 	 -2.717514 
3.170000 	 -3.853425 
3.180000 	 -3.199895 
3.190000 	 -3.988956 
3.200000 	 -3.144558 
3.210000 	 -1.860418 
3.220000 	 -2.104889 
3.230000 	 -3.406944 
3.240000 	 -3.363143 
3.250000 	 -2.755193 
3.260000 	 -3.691521 
3.270000 	 -2.469908 
3.280000 	 -2.540544 
3.290000 	 -3.694546 
3.300000 	 -2.469377 
3.310000 	 -3.136983 
3.320000 	 -3.057916 
3.330000 	 -2.378244 
3.340000 	 -3.635195 
3.350000 	 -3.973410 
3.360000 	 -4.193881 
3.370000 	 -3.968775 
3.380000 	 -2.847979 
3.390000 	 -3.447258 
3.400000 	 -5.043090 
3.410000 	 -4.433477 
3.420000 	 -3.583027 
3.430000 	 -4.168229 
3.440000 	 -2.895599 
3.450000 	 -3.480484 
3.460000 	 -2.756408 
3.470000 	 -2.086439 
3.480000 	 -4.293573 
3.490000 	 -2.688039 
3.500000 	 -4.781726 
3.510000 	 -3.462774 
3.520000 	 -4.929611 
3.530000 	 -3.961582 
3.540000 	 -4.522683 
3.550000 	 -3.323068 
3.560000 	 -4.684268 
3.570000 	 -4.826962 
3.580000 	 -3.166153 
3.590000 	 -1.988222 
3.600000 	 -4.921012 
3.610000 	 -3.031602 
3.620000 	 -3.408343 
3.630000 	 -3.475837 
3.640000 	 -3.621127 
3.650000 	 -3.854493 
3.660000 	 -4.186079 
3.670000 	 -3.582675 
3.680000 	 -3.237308 
3.690000 	 -5.107849 
3.700000 	 -3.354877 
3.710000 	 -4.847463 
3.720000 	 -4.094298 
3.730000 	 -4.034860 
3.740000 	 -5.833320 
3.750000 	 -5.261253 
3.760000 	 -4.978337 
3.770000 	 -3.591005 
3.780000 	 -4.716830 
3.790000 	 -4.775245 
3.800000 	 -4.122758 
3.810000 	 -6.204878 
3.820000 	 -3.703812 
3.830000 	 -4.060044 
3.840000 	 -6.320338 
3.850000 	 -3.170616 
3.860000 	 -4.918103 
3.870000 	 -4.550913 
3.880000 	 -4.363005 
3.890000 	 -4.484201 
3.900000 	 -4.328287 
3.910000 	 -2.725225 
3.920000 	 -5.625523 
3.930000 	 -4.071283 
3.940000 	 -4.941704 
3.950000 	 -3.094707 
3.960000 	 -5.274891 
3.970000 	 -5.120638 
3.980000 	 -4.509373 
3.990000 	 -5.103975 
4.000000 	 -3.536442 
4.010000 	 -3.737505 
4.020000 	 -4.937546 
4.030000 	 -2.998469 
4.040000 	 -4.696370 
4.050000 	 -4.857462 
4.060000 	 -3.743760 
4.070000 	 -4.178318 
4.080000 	 -4.113174 
4.090000 	 -4.635529 
4.100000 	 -4.248444 
4.110000 	 -3.537882 
4.120000 	 -4.284574 
4.130000 	 -4.426624 
4.140000 	 -3.634339 
4.150000 	 -2.763887 
4.160000 	 -4.776867 
4.170000 	 -3.025694 
4.180000 	 -5.652120 
4.190000 	 -4.467511 
4.200000 	 -4.115365 
4.210000 	 -3.927053 
4.220000 	 -4.917096 
4.230000 	 -4.034300 
4.240000 	 -4.481670 
4.250000 	 -5.386179 
4.260000 	 -4.518594 
4.270000 	 -2.984371 
4.280000 	 -5.015118 
4.290000 	 -3.153592 
4.300000 	 -3.112028 
4.310000 	 -4.584442 
4.320000 	 -5.033611 
4.330000 	 -4.717643 
4.340000 	 -4.586966 
4.350000 	 -5.352626 
4.360000 	 -6.413120 
4.370000 	 -3.659619 
4.380000 	 -4.475569 
4.390000 	 -4.426146 
4.400000 	 -5.450207 
4.410000 	 -4.591318 
4.420000 	 -4.072974 
4.430000 	 -4.575610 
4.440000 	 -4.675144 
4.450000 	 -4.051005 
4.460000 	 -5.879524 
4.470000 	 -5.506802 
4.480000 	 -5.093493 
4.490000 	 -3.940891 
4.500000 	 -3.995817 
4.510000 	 -4.650228 
4.520000 	 -4.961960 
4.530000 	 -3.951704 
4.540000 	 -4.781679 
4.550000 	 -4.525944 
4.560000 	 -4.162474 
4.570000 	 -5.584268 
4.580000 	 -4.892699 
4.590000 	 -5.404632 
4.600000 	 -5.395079 
4.610000 	 -5.317475 
4.620000 	 -6.728741 
4.630000 	 -5.621559 
4.640000 	 -5.811271 
4.650000 	 -5.557962 
4.660000 	 -5.889124 
4.670000 	 -5.221390 
4.680000 	 -4.292348 
4.690000 	 -5.678662 
4.700000 	 -4.747321 
4.710000 	 -5.830849 
4.720000 	 -5.431854 
4.730000 	 -4.596562 
4.740000 	 -6.817075 
4.750000 	 -5.462448 
4.760000 	 -4.310098 
4.770000 	 -5.033956 
4.780000 	 -5.525738 
4.790000 	 -4.861700 
4.800000 	 -3.984331 
4.810000 	 -4.966481 
4.820000 	 -6.475618 
4.830000 	 -6.521653 
4.840000 	 -5.776465 
4.850000 	 -4.849325 
4.860000 	 -4.378710 
4.870000 	 -5.495740 
4.880000 	 -3.752429 
4.890000 	 -5.125764 
4.900000 	 -4.713505 
4.910000 	 -4.789142 
4.920000 	 -5.207950 
4.930000 	 -5.965360 
4.940000 	 -5.721161 
4.950000 	 -5.862859 
4.960000 	 -5.384546 
4.970000 	 -4.920501 
4.980000 	 -5.118946 
4.990000 	 -5.529848 
5.000000 	 -4.452164 
