0.000000 	 0.837183 
0.010000 	 -1.193476 
0.020000 	 1.319016 
0.030000 	 1.055747 
0.040000 	 0.995001 
0.050000 	 -0.746099 
0.060000 	 0.308685 
0.070000 	 0.264222 
0.080000 	 0.725092 
0.090000 	 0.601228 
0.100000 	 1.000644 
0.110000 	 0.338627 
0.120000 	 0.659597 
0.130000 	 0.957390 
0.140000 	 1.600124 
0.150000 	 1.900204 
0.160000 	 0.094981 
0.170000 	 1.824061 
0.180000 	 0.732511 
0.190000 	 0.413754 
0.200000 	 -0.784175 
0.210000 	 0.594901 
0.220000 	 -0.467151 
0.230000 	 1.449535 
0.240000 	 0.136295 
0.250000 	 1.488652 
0.260000 	 -0.359220 
0.270000 	 -0.198457 
0.280000 	 1.116548 
0.290000 	 0.711512 
0.300000 	 0.509414 
0.310000 	 -0.401002 
0.320000 	 0.591970 
0.330000 	 0.603984 
0.340000 	 0.236676 
0.350000 	 0.713767 
0.360000 	 0.354213 
0.370000 	 1.503779 
0.380000 	 1.028041 
0.390000 	 0.447593 
0.400000 	 1.141119 
0.410000 	 1.091988 
0.420000 	 0.860305 
0.430000 	 0.097282 
0.440000 	 1.339415 
0.450000 	 -0.935871 
0.460000 	 -0.648014 
0.470000 	 1.654815 
0.480000 	 0.031850 
0.490000 	 0.685685 
0.500000 	 -0.236920 
0.510000 	 1.066184 
0.520000 	 0.350968 
0.530000 	 -1.178090 
0.540000 	 1.048169 
0.550000 	 -0.374470 
0.560000 	 -0.022912 
0.570000 	 0.649656 
0.580000 	 -0.065647 
0.590000 	 0.062147 
0.600000 	 0.072360 
0.610000 	 -0.002628 
0.620000 	 -0.809401 
0.630000 	 -0.238022 
0.640000 	 0.684682 
0.650000 	 -0.605606 
0.660000 	 -0.794477 
0.670000 	 0.082663 
0.680000 	 -1.368078 
0.690000 	 -2.655480 
0.700000 	 -0.625749 
0.710000 	 0.040276 
0.720000 	 -1.237990 
0.730000 	 -1.738554 
0.740000 	 -0.019024 
0.750000 	 0.447510 
0.760000 	 1.651945 
0.770000 	 0.384479 
0.780000 	 -0.727402 
0.790000 	 -0.814713 
0.800000 	 0.890864 
0.810000 	 -1.047157 
0.820000 	 -0.896214 
0.830000 	 -0.825590 
0.840000 	 -1.351367 
0.850000 	 -2.669399 
0.860000 	 -0.712926 
0.870000 	 -0.587420 
0.880000 	 -1.829344 
0.890000 	 0.856898 
0.900000 	 -0.225910 
0.910000 	 -0.279261 
0.920000 	 -0.352390 
0.930000 	 -0.839211 
0.940000 	 -0.602078 
0.950000 	 -0.850962 
0.960000 	 -0.783143 
0.970000 	 -0.194333 
0.980000 	 -0.407228 
0.990000 	 -1.295110 
1.000000 	 -0.620372 
1.010000 	 0.470151 
1.020000 	 -0.700524 
1.030000 	 -0.942385 
1.040000 	 -1.888252 
1.050000 	 -1.782141 
1.060000 	 0.397799 
1.070000 	 -1.967155 
1.080000 	 -0.811381 
1.090000 	 -0.336927 
1.100000 	 -0.983483 
1.110000 	 -2.257934 
1.120000 	 0.092863 
1.130000 	 -1.291582 
1.140000 	 -1.251442 
1.150000 	 -0.608460 
1.160000 	 -1.490548 
1.170000 	 -0.910079 
1.180000 	 0.631525 
1.190000 	 -0.833912 
1.200000 	 -1.398786 
1.210000 	 -0.152657 
1.220000 	 0.058835 
1.230000 	 -0.231205 
1.240000 	 -0.241969 
1.250000 	 1.628881 
1.260000 	 0.058617 
1.270000 	 0.282349 
1.280000 	 -1.529058 
1.290000 	 -2.016909 
1.300000 	 -1.167875 
1.310000 	 -1.848563 
1.320000 	 -1.243641 
1.330000 	 -1.252660 
1.340000 	 -0.259728 
1.350000 	 -1.368297 
1.360000 	 -1.102428 
1.370000 	 -1.203862 
1.380000 	 -1.303445 
1.390000 	 -1.063615 
1.400000 	 0.607540 
1.410000 	 -0.399304 
1.420000 	 -1.006221 
1.430000 	 -1.301912 
1.440000 	 -0.251448 
1.450000 	 -1.293314 
1.460000 	 -0.920570 
1.470000 	 -0.084142 
1.480000 	 -2.146003 
1.490000 	 -0.007059 
1.500000 	 -1.438950 
1.510000 	 -2.701207 
1.520000 	 -1.199241 
1.530000 	 -0.355031 
1.540000 	 -1.304661 
1.550000 	 -1.100265 
1.560000 	 0.028358 
1.570000 	 -1.929800 
1.580000 	 -1.700553 
1.590000 	 -1.297256 
1.600000 	 -1.086197 
1.610000 	 -0.814731 
1.620000 	 -0.970001 
1.630000 	 -1.610390 
1.640000 	 -1.910875 
1.650000 	 -1.603515 
1.660000 	 0.387159 
1.670000 	 -1.887722 
1.680000 	 -0.753731 
1.690000 	 -1.681188 
1.700000 	 0.005376 
1.710000 	 -0.910379 
1.720000 	 -0.948812 
1.730000 	 -0.474650 
1.740000 	 -1.426291 
1.750000 	 -0.220398 
1.760000 	 -0.573052 
1.770000 	 -1.339231 
1.780000 	 -0.397614 
1.790000 	 -2.357248 
1.800000 	 -2.125024 
1.810000 	 -0.963472 
1.820000 	 -1.336044 
1.830000 	 -1.696172 
1.840000 	 -0.297455 
1.850000 	 -0.197418 
1.860000 	 -1.053199 
1.870000 	 -1.670247 
1.880000 	 -1.883150 
1.890000 	 -0.722664 
1.900000 	 -2.287947 
1.910000 	 -1.688188 
1.920000 	 -1.977896 
1.930000 	 -3.172547 
1.940000 	 0.015889 
1.950000 	 -2.527324 
1.960000 	 -1.532291 
1.970000 	 -2.509365 
1.980000 	 -2.097459 
1.990000 	 -1.942254 
2.000000 	 -1.189402 
2.010000 	 -2.367508 
2.020000 	 -1.647864 
2.030000 	 -1.948947 
2.040000 	 -0.506856 
2.050000 	 -2.482274 
2.060000 	 -1.770428 
2.070000 	 -1.903453 
2.080000 	 -2.453783 
2.090000 	 -1.936889 
2.100000 	 -2.477954 
2.110000 	 -3.053267 
2.120000 	 -2.000839 
2.130000 	 -2.623800 
2.140000 	 -1.679632 
2.150000 	 -2.900407 
2.160000 	 -1.678395 
2.170000 	 -1.838874 
2.180000 	 -2.054260 
2.190000 	 -2.319889 
2.200000 	 -1.765272 
2.210000 	 -1.192352 
2.220000 	 -2.167973 
2.230000 	 -1.203943 
2.240000 	 -3.669668 
2.250000 	 -0.686095 
2.260000 	 -2.383686 
2.270000 	 -1.596143 
2.280000 	 -0.342839 
2.290000 	 -1.795539 
2.300000 	 -2.097691 
2.310000 	 -2.408872 
2.320000 	 -2.303422 
2.330000 	 -2.054601 
2.340000 	 -1.876445 
2.350000 	 -2.254725 
2.360000 	 -2.171551 
2.370000 	 -3.274300 
2.380000 	 -3.141549 
2.390000 	 -2.467804 
2.400000 	 -2.123076 
2.410000 	 -1.825879 
2.420000 	 -1.567699 
2.430000 	 -3.307065 
2.440000 	 -1.948592 
2.450000 	 -2.374251 
2.460000 	 -2.207015 
2.470000 	 -2.999195 
2.480000 	 -1.355412 
2.490000 	 -1.766290 
2.500000 	 -2.134187 
2.510000 	 -0.860667 
2.520000 	 -3.193372 
2.530000 	 -0.826150 
2.540000 	 -1.682551 
2.550000 	 -2.134907 
2.560000 	 -2.584778 
2.570000 	 -0.829758 
2.580000 	 -2.592611 
2.590000 	 -2.121309 
2.600000 	 -2.788358 
2.610000 	 -1.637319 
2.620000 	 -3.494766 
2.630000 	 -3.054727 
2.640000 	 -3.969537 
2.650000 	 -3.045660 
2.660000 	 -2.520306 
2.670000 	 -2.402533 
2.680000 	 -2.513145 
2.690000 	 -2.994488 
2.700000 	 -1.818429 
2.710000 	 -1.570595 
2.720000 	 -2.087373 
2.730000 	 -2.280209 
2.740000 	 -2.742059 
2.750000 	 -1.551723 
2.760000 	 -3.724224 
2.770000 	 -3.367855 
2.780000 	 -4.693375 
2.790000 	 -2.478849 
2.800000 	 -2.230553 
2.810000 	 -3.332327 
2.820000 	 -2.629839 
2.830000 	 -2.967259 
2.840000 	 -3.473120 
2.850000 	 -3.161175 
2.860000 	 -2.192807 
2.870000 	 -3.184666 
2.880000 	 -2.463110 
2.890000 	 -3.834455 
2.900000 	 -3.140705 
2.910000 	 -2.700411 
2.920000 	 -1.411857 
2.930000 	 -1.611859 
2.940000 	 -3.526192 
2.950000 	 -2.522565 
2.960000 	 -2.657061 
2.970000 	 -2.796533 
2.980000 	 -2.724103 
2.990000 	 -4.611599 
3.000000 	 -2.828794 
3.010000 	 -2.952012 
3.020000 	 -3.179663 
3.030000 	 -2.888050 
3.040000 	 -3.347085 
3.050000 	 -3.478908 
3.060000 	 -2.471490 
3.070000 	 -2.535274 
3.080000 	 -3.963480 
3.090000 	 -1.563845 
3.100000 	 -2.134563 
3.110000 	 -2.717634 
3.120000 	 -2.744396 
3.130000 	 -2.732168 
3.140000 	 -2.928176 
3.150000 	 -2.788891 
3.160000 	 -2.821750 
3.170000 	 -3.209598 
3.180000 	 -3.267718 
3.190000 	 -3.472105 
3.200000 	 -2.446206 
3.210000 	 -2.712974 
3.220000 	 -4.078779 
3.230000 	 -3.250668 
3.240000 	 -1.863540 
3.250000 	 -4.077447 
3.260000 	 -4.429615 
3.270000 	 -5.144058 
3.280000 	 -2.227935 
3.290000 	 -3.150973 
3.300000 	 -3.680546 
3.310000 	 -3.847841 
3.320000 	 -2.010156 
3.330000 	 -3.017509 
3.340000 	 -3.235506 
3.350000 	 -4.464658 
3.360000 	 -4.192543 
3.370000 	 -6.005525 
3.380000 	 -3.272323 
3.390000 	 -2.763550 
3.400000 	 -3.279154 
3.410000 	 -3.334867 
3.420000 	 -3.970466 
3.430000 	 -2.795602 
3.440000 	 -2.622257 
3.450000 	 -3.729760 
3.460000 	 -3.275000 
3.470000 	 -3.170886 
3.480000 	 -3.821841 
3.490000 	 -4.798589 
3.500000 	 -3.386091 
3.510000 	 -3.470435 
3.520000 	 -4.027214 
3.530000 	 -4.791149 
3.540000 	 -4.126812 
3.550000 	 -2.539974 
3.560000 	 -3.304676 
3.570000 	 -4.459083 
3.580000 	 -3.869551 
3.590000 	 -4.440393 
3.600000 	 -5.004815 
3.610000 	 -4.244697 
3.620000 	 -5.386455 
3.630000 	 -2.956910 
3.640000 	 -3.239174 
3.650000 	 -4.330359 
3.660000 	 -4.351641 
3.670000 	 -4.583849 
3.680000 	 -3.393527 
3.690000 	 -4.129298 
3.700000 	 -2.137551 
3.710000 	 -3.393113 
3.720000 	 -3.541261 
3.730000 	 -5.143222 
3.740000 	 -3.998932 
3.750000 	 -4.414737 
3.760000 	 -5.130357 
3.770000 	 -4.436710 
3.780000 	 -5.126259 
3.790000 	 -3.823391 
3.800000 	 -3.803592 
3.810000 	 -2.998033 
3.820000 	 -3.470518 
3.830000 	 -4.851704 
3.840000 	 -4.348598 
3.850000 	 -3.744196 
3.860000 	 -4.572358 
3.870000 	 -3.196756 
3.880000 	 -4.511089 
3.890000 	 -3.299255 
3.900000 	 -5.502803 
3.910000 	 -3.216284 
3.920000 	 -4.175537 
3.930000 	 -4.036213 
3.940000 	 -3.941848 
3.950000 	 -4.996003 
3.960000 	 -3.631945 
3.970000 	 -4.781501 
3.980000 	 -4.778747 
3.990000 	 -4.636187 
4.000000 	 -4.417098 
4.010000 	 -5.059768 
4.020000 	 -4.426627 
4.030000 	 -4.139219 
4.040000 	 -3.716632 
4.050000 	 -5.030125 
4.060000 	 -4.153058 
4.070000 	 -4.158491 
4.080000 	 -4.551665 
4.090000 	 -3.976548 
4.100000 	 -4.947790 
4.110000 	 -5.750800 
4.120000 	 -4.667708 
4.130000 	 -5.276422 
4.140000 	 -3.441131 
4.150000 	 -5.333177 
4.160000 	 -5.203074 
4.170000 	 -4.164936 
4.180000 	 -3.161023 
4.190000 	 -4.036173 
4.200000 	 -4.800030 
4.210000 	 -4.883169 
4.220000 	 -3.368120 
4.230000 	 -5.198523 
4.240000 	 -4.294199 
4.250000 	 -3.628335 
4.260000 	 -5.259602 
4.270000 	 -3.938819 
4.280000 	 -4.361737 
4.290000 	 -4.217080 
4.300000 	 -3.850948 
4.310000 	 -5.355186 
4.320000 	 -5.078849 
4.330000 	 -4.078900 
4.340000 	 -3.888308 
4.350000 	 -3.864695 
4.360000 	 -4.695999 
4.370000 	 -5.142528 
4.380000 	 -5.689054 
4.390000 	 -6.010181 
4.400000 	 -6.012864 
4.410000 	 -4.503962 
4.420000 	 -5.076089 
4.430000 	 -5.197662 
4.440000 	 -5.202091 
4.450000 	 -4.225970 
4.460000 	 -4.983685 
4.470000 	 -4.938990 
4.480000 	 -5.029981 
4.490000 	 -5.687723 
4.500000 	 -6.154972 
4.510000 	 -3.346987 
4.520000 	 -4.874654 
4.530000 	 -4.083479 
4.540000 	 -6.038198 
4.550000 	 -6.855420 
4.560000 	 -4.876829 
4.570000 	 -5.208044 
4.580000 	 -4.834080 
4.590000 	 -5.656764 
4.600000 	 -4.167774 
4.610000 	 -4.532698 
4.620000 	 -6.669279 
4.630000 	 -5.152446 
4.640000 	 -3.681543 
4.650000 	 -5.511078 
4.660000 	 -4.881316 
4.670000 	 -4.348200 
4.680000 	 -5.149254 
4.690000 	 -5.207286 
4.700000 	 -5.049389 
4.710000 	 -5.774357 
4.720000 	 -5.637834 
4.730000 	 -4.343040 
4.740000 	 -4.464044 
4.750000 	 -4.772903 
4.760000 	 -4.380706 
4.770000 	 -4.159814 
4.780000 	 -4.120709 
4.790000 	 -5.556805 
4.800000 	 -4.450152 
4.810000 	 -5.407667 
4.820000 	 -6.183936 
4.830000 	 -5.268108 
4.840000 	 -4.747477 
4.850000 	 -6.091264 
4.860000 	 -4.647200 
4.870000 	 -5.987945 
4.880000 	 -5.221501 
4.890000 	 -5.323498 
4.900000 	 -6.977469 
4.910000 	 -5.359085 
4.920000 	 -5.520192 
4.930000 	 -6.360772 
4.940000 	 -5.267443 
4.950000 	 -4.568905 
4.960000 	 -7.596384 
4.970000 	 -6.057678 
4.980000 	 -5.059895 
4.990000 	 -5.507400 
5.000000 	 -4.168500 
