0.000000 	 1.643450 
0.010000 	 1.133529 
0.020000 	 0.549769 
0.030000 	 -0.205751 
0.040000 	 -0.213466 
0.050000 	 -0.830621 
0.060000 	 1.039642 
0.070000 	 0.388879 
0.080000 	 0.854577 
0.090000 	 1.438171 
0.100000 	 0.099522 
0.110000 	 1.225415 
0.120000 	 0.283026 
0.130000 	 1.931581 
0.140000 	 0.343346 
0.150000 	 1.552223 
0.160000 	 0.430281 
0.170000 	 0.628580 
0.180000 	 1.528489 
0.190000 	 -0.124113 
0.200000 	 0.135427 
0.210000 	 0.312757 
0.220000 	 0.834523 
0.230000 	 0.373850 
0.240000 	 0.081710 
0.250000 	 0.535426 
0.260000 	 -0.984939 
0.270000 	 -0.967209 
0.280000 	 -0.665113 
0.290000 	 1.748297 
0.300000 	 0.481121 
0.310000 	 -0.835979 
0.320000 	 1.244470 
0.330000 	 1.141534 
0.340000 	 0.398750 
0.350000 	 -0.224769 
0.360000 	 -1.098388 
0.370000 	 0.154353 
0.380000 	 -0.226891 
0.390000 	 1.242082 
0.400000 	 -0.748197 
0.410000 	 0.499182 
0.420000 	 0.183685 
0.430000 	 -0.332269 
0.440000 	 1.135466 
0.450000 	 0.401607 
0.460000 	 -0.160307 
0.470000 	 0.474744 
0.480000 	 0.007237 
0.490000 	 -0.582968 
0.500000 	 1.132801 
0.510000 	 0.251436 
0.520000 	 0.648572 
0.530000 	 -0.923052 
0.540000 	 -0.461842 
0.550000 	 -0.320746 
0.560000 	 -0.274589 
0.570000 	 -0.988481 
0.580000 	 -0.317448 
0.590000 	 -0.125519 
0.600000 	 -0.334343 
0.610000 	 0.212620 
0.620000 	 -0.203304 
0.630000 	 -1.163682 
0.640000 	 -1.838460 
0.650000 	 0.257592 
0.660000 	 -1.662698 
0.670000 	 0.125835 
0.680000 	 0.417730 
0.690000 	 0.219958 
0.700000 	 -1.832779 
0.710000 	 -0.842774 
0.720000 	 -0.545210 
0.730000 	 0.651813 
0.740000 	 -0.092415 
0.750000 	 -0.558324 
0.760000 	 -0.477964 
0.770000 	 -0.081738 
0.780000 	 1.562336 
0.790000 	 -1.927855 
0.800000 	 0.359434 
0.810000 	 -0.168780 
0.820000 	 -1.032775 
0.830000 	 0.366296 
0.840000 	 -0.385086 
0.850000 	 -0.495637 
0.860000 	 0.167089 
0.870000 	 1.081111 
0.880000 	 -0.366016 
0.890000 	 -0.534594 
0.900000 	 -2.218707 
0.910000 	 -2.028507 
0.920000 	 -0.953513 
0.930000 	 -0.964068 
0.940000 	 -0.916554 
0.950000 	 -1.757735 
0.960000 	 -0.181665 
0.970000 	 -0.346063 
0.980000 	 -0.320879 
0.990000 	 -0.517005 
1.000000 	 -0.789425 
1.010000 	 0.507364 
1.020000 	 -0.190140 
1.030000 	 -0.583920 
1.040000 	 -0.235831 
1.050000 	 -1.256495 
1.060000 	 -1.175663 
1.070000 	 0.416189 
1.080000 	 -0.334895 
1.090000 	 0.105538 
1.100000 	 0.522173 
1.110000 	 -0.005592 
1.120000 	 -2.776773 
1.130000 	 -0.607300 
1.140000 	 1.070801 
1.150000 	 -1.342770 
1.160000 	 -1.213556 
1.170000 	 -2.399318 
1.180000 	 -1.970488 
1.190000 	 0.371323 
1.200000 	 -0.957304 
1.210000 	 0.734663 
1.220000 	 -0.533165 
1.230000 	 -2.353577 
1.240000 	 -1.746719 
1.250000 	 -0.895306 
1.260000 	 -0.873221 
1.270000 	 -1.323593 
1.280000 	 -0.398466 
1.290000 	 -0.230343 
1.300000 	 -1.617875 
1.310000 	 -0.041263 
1.320000 	 -1.151802 
1.330000 	 -0.766976 
1.340000 	 -0.628876 
1.350000 	 -0.530060 
1.360000 	 -1.795343 
1.370000 	 -0.690739 
1.380000 	 -0.353917 
1.390000 	 -1.795254 
1.400000 	 -1.299909 
1.410000 	 -0.483139 
1.420000 	 -1.875133 
1.430000 	 -1.363959 
1.440000 	 -1.772941 
1.450000 	 -1.316836 
1.460000 	 -2.271442 
1.470000 	 -1.534445 
1.480000 	 -1.969253 
1.490000 	 -2.102696 
1.500000 	 -1.569557 
1.510000 	 -0.555415 
1.520000 	 -0.146420 
1.530000 	 -2.143944 
1.540000 	 -1.279027 
1.550000 	 -0.328376 
1.560000 	 -1.219400 
1.570000 	 -1.117218 
1.580000 	 -0.033866 
1.590000 	 -1.244210 
1.600000 	 -1.164499 
1.610000 	 -1.605340 
1.620000 	 -1.034382 
1.630000 	 -0.724348 
1.640000 	 -2.742910 
1.650000 	 -1.314058 
1.660000 	 -1.583712 
1.670000 	 -1.001234 
1.680000 	 -1.456495 
1.690000 	 -0.500858 
1.700000 	 -3.159095 
1.710000 	 -0.429344 
1.720000 	 -1.785497 
1.730000 	 0.256091 
1.740000 	 -2.081508 
1.750000 	 -1.314380 
1.760000 	 -0.677784 
1.770000 	 -1.371950 
1.780000 	 -1.219733 
1.790000 	 -1.284500 
1.800000 	 -1.041231 
1.810000 	 -2.176965 
1.820000 	 -2.683583 
1.830000 	 -1.936827 
1.840000 	 -2.409973 
1.850000 	 -2.469244 
1.860000 	 -0.098173 
1.870000 	 -1.541276 
1.880000 	 -2.044419 
1.890000 	 -0.569631 
1.900000 	 -3.020380 
1.910000 	 -2.648493 
1.920000 	 -0.787523 
1.930000 	 -1.516509 
1.940000 	 -1.310335 
1.950000 	 -2.558624 
1.960000 	 -1.193935 
1.970000 	 -1.310076 
1.980000 	 -0.718804 
1.990000 	 -1.018279 
2.000000 	 -2.216509 
2.010000 	 -1.290675 
2.020000 	 -1.489601 
2.030000 	 -1.431555 
2.040000 	 -1.723345 
2.050000 	 -2.588639 
2.060000 	 -1.568369 
2.070000 	 -0.701241 
2.080000 	 -1.616851 
2.090000 	 -2.742111 
2.100000 	 -1.468628 
2.110000 	 -1.902600 
2.120000 	 -1.345375 
2.130000 	 -2.922606 
2.140000 	 -1.890078 
2.150000 	 -0.405828 
2.160000 	 -1.829432 
2.170000 	 -1.629721 
2.180000 	 -2.180806 
2.190000 	 -1.689185 
2.200000 	 -1.644039 
2.210000 	 -2.461130 
2.220000 	 -0.115690 
2.230000 	 -1.397864 
2.240000 	 -3.221609 
2.250000 	 -1.634533 
2.260000 	 -1.937745 
2.270000 	 -2.599601 
2.280000 	 -1.591502 
2.290000 	 -2.043636 
2.300000 	 -1.579090 
2.310000 	 -3.095859 
2.320000 	 -2.925194 
2.330000 	 -2.370600 
2.340000 	 -2.011480 
2.350000 	 -1.005780 
2.360000 	 -1.890214 
2.370000 	 -3.623358 
2.380000 	 -3.552344 
2.390000 	 -1.152860 
2.400000 	 -2.841522 
2.410000 	 -2.136562 
2.420000 	 -2.200397 
2.430000 	 -1.569638 
2.440000 	 -1.409081 
2.450000 	 -1.923314 
2.460000 	 -1.674890 
2.470000 	 -2.848251 
2.480000 	 -2.421476 
2.490000 	 -1.402788 
2.500000 	 -1.649912 
2.510000 	 -1.844504 
2.520000 	 -2.299366 
2.530000 	 -2.623719 
2.540000 	 -3.265524 
2.550000 	 -3.723105 
2.560000 	 -2.945771 
2.570000 	 -3.067339 
2.580000 	 -3.905473 
2.590000 	 -3.482402 
2.600000 	 -3.326741 
2.610000 	 -3.293420 
2.620000 	 -2.300689 
2.630000 	 -3.413659 
2.640000 	 -4.014679 
2.650000 	 -1.490426 
2.660000 	 -2.765625 
2.670000 	 -2.308129 
2.680000 	 -2.124049 
2.690000 	 -2.619957 
2.700000 	 -3.672174 
2.710000 	 -2.416638 
2.720000 	 -3.950979 
2.730000 	 -3.430317 
2.740000 	 -3.121368 
2.750000 	 -2.270585 
2.760000 	 -1.844989 
2.770000 	 -3.560492 
2.780000 	 -2.326947 
2.790000 	 -3.531212 
2.800000 	 -3.183271 
2.810000 	 -3.121951 
2.820000 	 -3.726574 
2.830000 	 -2.250826 
2.840000 	 -3.506262 
2.850000 	 -3.488302 
2.860000 	 -2.387212 
2.870000 	 -2.520907 
2.880000 	 -2.303607 
2.890000 	 -1.982982 
2.900000 	 -3.494122 
2.910000 	 -3.280027 
2.920000 	 -3.031830 
2.930000 	 -3.170898 
2.940000 	 -1.933455 
2.950000 	 -3.517473 
2.960000 	 -2.285749 
2.970000 	 -1.802025 
2.980000 	 -3.538564 
2.990000 	 -3.975885 
3.000000 	 -1.580624 
3.010000 	 -2.536226 
3.020000 	 -4.569450 
3.030000 	 -3.011845 
3.040000 	 -3.773422 
3.050000 	 -3.006229 
3.060000 	 -4.656870 
3.070000 	 -3.016632 
3.080000 	 -2.635426 
3.090000 	 -3.537062 
3.100000 	 -3.833876 
3.110000 	 -2.481290 
3.120000 	 -3.072616 
3.130000 	 -2.519186 
3.140000 	 -3.005543 
3.150000 	 -2.388488 
3.160000 	 -3.413854 
3.170000 	 -3.987195 
3.180000 	 -3.336465 
3.190000 	 -2.359308 
3.200000 	 -4.594909 
3.210000 	 -3.902109 
3.220000 	 -3.057019 
3.230000 	 -3.917336 
3.240000 	 -2.604045 
3.250000 	 -3.137241 
3.260000 	 -3.969356 
3.270000 	 -4.392497 
3.280000 	 -3.160595 
3.290000 	 -4.094340 
3.300000 	 -3.698457 
3.310000 	 -2.926160 
3.320000 	 -3.166143 
3.330000 	 -5.238232 
3.340000 	 -3.815712 
3.350000 	 -3.191280 
3.360000 	 -3.943479 
3.370000 	 -3.230187 
3.380000 	 -3.644873 
3.390000 	 -5.081819 
3.400000 	 -2.835324 
3.410000 	 -3.180609 
3.420000 	 -3.423470 
3.430000 	 -2.953343 
3.440000 	 -5.260494 
3.450000 	 -4.993826 
3.460000 	 -4.053112 
3.470000 	 -3.443950 
3.480000 	 -2.654755 
3.490000 	 -4.256154 
3.500000 	 -3.566421 
3.510000 	 -4.434384 
3.520000 	 -2.872548 
3.530000 	 -3.582369 
3.540000 	 -5.253184 
3.550000 	 -4.643014 
3.560000 	 -3.259411 
3.570000 	 -4.660678 
3.580000 	 -3.480279 
3.590000 	 -2.196057 
3.600000 	 -4.230216 
3.610000 	 -4.928034 
3.620000 	 -4.178245 
3.630000 	 -4.163060 
3.640000 	 -3.912397 
3.650000 	 -4.495678 
3.660000 	 -2.857035 
3.670000 	 -3.242485 
3.680000 	 -3.465067 
3.690000 	 -2.578849 
3.700000 	 -4.307069 
3.710000 	 -2.849109 
3.720000 	 -3.564992 
3.730000 	 -3.765251 
3.740000 	 -4.451023 
3.750000 	 -4.336076 
3.760000 	 -3.976039 
3.770000 	 -3.636464 
3.780000 	 -4.979434 
3.790000 	 -4.516320 
3.800000 	 -4.578446 
3.810000 	 -3.566464 
3.820000 	 -3.839830 
3.830000 	 -3.927132 
3.840000 	 -4.254941 
3.850000 	 -4.134077 
3.860000 	 -4.569561 
3.870000 	 -4.765654 
3.880000 	 -4.516605 
3.890000 	 -3.194164 
3.900000 	 -4.881197 
3.910000 	 -5.918428 
3.920000 	 -4.033218 
3.930000 	 -4.713147 
3.940000 	 -4.439188 
3.950000 	 -4.178769 
3.960000 	 -3.722466 
3.970000 	 -4.559120 
3.980000 	 -4.224262 
3.990000 	 -2.526196 
4.000000 	 -2.190592 
4.010000 	 -3.693495 
4.020000 	 -6.024069 
4.030000 	 -3.918276 
4.040000 	 -3.680816 
4.050000 	 -3.398768 
4.060000 	 -5.478111 
4.070000 	 -4.659295 
4.080000 	 -4.447102 
4.090000 	 -5.344331 
4.100000 	 -4.524645 
4.110000 	 -4.942828 
4.120000 	 -4.063010 
4.130000 	 -4.529637 
4.140000 	 -6.136996 
4.150000 	 -4.022830 
4.160000 	 -5.765895 
4.170000 	 -5.315652 
4.180000 	 -3.679079 
4.190000 	 -3.332562 
4.200000 	 -4.477370 
4.210000 	 -4.398594 
4.220000 	 -4.741369 
4.230000 	 -5.322450 
4.240000 	 -5.309409 
4.250000 	 -3.219145 
4.260000 	 -4.669063 
4.270000 	 -4.667859 
4.280000 	 -4.013759 
4.290000 	 -5.477672 
4.300000 	 -5.464685 
4.310000 	 -5.333341 
4.320000 	 -4.816435 
4.330000 	 -3.357772 
4.340000 	 -4.818261 
4.350000 	 -5.589907 
4.360000 	 -4.496089 
4.370000 	 -4.340729 
4.380000 	 -4.767666 
4.390000 	 -4.818953 
4.400000 	 -4.497183 
4.410000 	 -4.452737 
4.420000 	 -5.005056 
4.430000 	 -5.215926 
4.440000 	 -5.110427 
4.450000 	 -5.036476 
4.460000 	 -5.955122 
4.470000 	 -5.741343 
4.480000 	 -5.216400 
4.490000 	 -5.345943 
4.500000 	 -4.756467 
4.510000 	 -3.826801 
4.520000 	 -5.329567 
4.530000 	 -4.079871 
4.540000 	 -3.912674 
4.550000 	 -6.984761 
4.560000 	 -5.782541 
4.570000 	 -5.381082 
4.580000 	 -5.456615 
4.590000 	 -4.784739 
4.600000 	 -5.169860 
4.610000 	 -4.816974 
4.620000 	 -4.817601 
4.630000 	 -6.226509 
4.640000 	 -5.183572 
4.650000 	 -5.095513 
4.660000 	 -5.696611 
4.670000 	 -5.231831 
4.680000 	 -6.248508 
4.690000 	 -4.761666 
4.700000 	 -5.227660 
4.710000 	 -3.233516 
4.720000 	 -5.856817 
4.730000 	 -6.150715 
4.740000 	 -4.145329 
4.750000 	 -4.128768 
4.760000 	 -4.451145 
4.770000 	 -5.509725 
4.780000 	 -3.514657 
4.790000 	 -5.679295 
4.800000 	 -4.764465 
4.810000 	 -4.363861 
4.820000 	 -6.236985 
4.830000 	 -4.686492 
4.840000 	 -5.151453 
4.850000 	 -5.584199 
4.860000 	 -5.266741 
4.870000 	 -5.657375 
4.880000 	 -3.947405 
4.890000 	 -5.229633 
4.900000 	 -6.056660 
4.910000 	 -4.308759 
4.920000 	 -6.807898 
4.930000 	 -6.064158 
4.940000 	 -5.972315 
4.950000 	 -4.097773 
4.960000 	 -4.439467 
4.970000 	 -5.674590 
4.980000 	 -4.790918 
4.990000 	 -6.110431 
5.000000 	 -7.476980 
