0.000000 	 0.696230 
0.010000 	 1.012599 
0.020000 	 0.250401 
0.030000 	 1.376850 
0.040000 	 0.433004 
0.050000 	 0.428199 
0.060000 	 1.120471 
0.070000 	 0.246136 
0.080000 	 -0.226665 
0.090000 	 -0.117973 
0.100000 	 -0.213332 
0.110000 	 0.749460 
0.120000 	 0.277209 
0.130000 	 0.723695 
0.140000 	 -0.625105 
0.150000 	 1.023481 
0.160000 	 0.603179 
0.170000 	 1.028020 
0.180000 	 0.269373 
0.190000 	 1.031891 
0.200000 	 -1.156396 
0.210000 	 1.178365 
0.220000 	 0.621938 
0.230000 	 -0.074660 
0.240000 	 0.247945 
0.250000 	 -0.129709 
0.260000 	 1.448463 
0.270000 	 -0.513686 
0.280000 	 1.269301 
0.290000 	 0.388458 
0.300000 	 0.711552 
0.310000 	 0.869478 
0.320000 	 0.021938 
0.330000 	 -0.123783 
0.340000 	 1.484674 
0.350000 	 0.170984 
0.360000 	 0.261078 
0.370000 	 1.150718 
0.380000 	 -0.072726 
0.390000 	 -0.601231 
0.400000 	 -0.009968 
0.410000 	 -0.097929 
0.420000 	 -0.308883 
0.430000 	 -0.662181 
0.440000 	 -0.862585 
0.450000 	 0.265005 
0.460000 	 0.858061 
0.470000 	 0.412207 
0.480000 	 1.716176 
0.490000 	 0.815246 
0.500000 	 1.180273 
0.510000 	 1.582120 
0.520000 	 -1.453622 
0.530000 	 -0.048683 
0.540000 	 0.628598 
0.550000 	 -0.353389 
0.560000 	 -1.702315 
0.570000 	 -0.326879 
0.580000 	 0.521756 
0.590000 	 -0.103694 
0.600000 	 1.377687 
0.610000 	 -0.122715 
0.620000 	 0.557808 
0.630000 	 -1.207865 
0.640000 	 0.975343 
0.650000 	 1.320424 
0.660000 	 0.110086 
0.670000 	 -0.373381 
0.680000 	 0.201869 
0.690000 	 0.239008 
0.700000 	 -0.354333 
0.710000 	 1.825180 
0.720000 	 -1.835677 
0.730000 	 -0.207384 
0.740000 	 -0.485105 
0.750000 	 0.323337 
0.760000 	 -1.636762 
0.770000 	 -0.157968 
0.780000 	 0.143468 
0.790000 	 0.955387 
0.800000 	 -0.368082 
0.810000 	 -1.362071 
0.820000 	 -1.751242 
0.830000 	 -0.330669 
0.840000 	 1.082691 
0.850000 	 -0.908971 
0.860000 	 -1.299422 
0.870000 	 -0.536374 
0.880000 	 0.379662 
0.890000 	 -2.171932 
0.900000 	 -0.836466 
0.910000 	 -1.946624 
0.920000 	 -2.522774 
0.930000 	 -0.365038 
0.940000 	 -0.102650 
0.950000 	 -0.541835 
0.960000 	 -0.374522 
0.970000 	 -0.150801 
0.980000 	 -0.162806 
0.990000 	 -1.368031 
1.000000 	 -0.085713 
1.010000 	 0.140766 
1.020000 	 0.252151 
1.030000 	 -1.964707 
1.040000 	 0.955738 
1.050000 	 -0.950270 
1.060000 	 -1.100666 
1.070000 	 -1.525236 
1.080000 	 0.060359 
1.090000 	 -1.196393 
1.100000 	 -0.380485 
1.110000 	 -0.664937 
1.120000 	 -1.291177 
1.130000 	 -0.258710 
1.140000 	 -0.617673 
1.150000 	 -0.976986 
1.160000 	 0.227962 
1.170000 	 -0.536214 
1.180000 	 -0.550982 
1.190000 	 -0.604414 
1.200000 	 -1.730866 
1.210000 	 -0.829675 
1.220000 	 -0.359543 
1.230000 	 -1.761432 
1.240000 	 -0.750340 
1.250000 	 -1.481826 
1.260000 	 0.763040 
1.270000 	 0.178115 
1.280000 	 -1.055673 
1.290000 	 -0.537841 
1.300000 	 -2.105820 
1.310000 	 0.068653 
1.320000 	 -0.984582 
1.330000 	 -1.891612 
1.340000 	 -0.308757 
1.350000 	 -0.951449 
1.360000 	 -2.229353 
1.370000 	 -0.414358 
1.380000 	 -1.007618 
1.390000 	 -1.370199 
1.400000 	 -0.560447 
1.410000 	 -0.437955 
1.420000 	 -1.783517 
1.430000 	 -2.056508 
1.440000 	 -1.235840 
1.450000 	 -1.709068 
1.460000 	 -0.907784 
1.470000 	 -0.522189 
1.480000 	 -0.784661 
1.490000 	 -1.932509 
1.500000 	 -1.564255 
1.510000 	 -1.447559 
1.520000 	 -0.111968 
1.530000 	 -0.754281 
1.540000 	 -1.552537 
1.550000 	 -0.220194 
1.560000 	 -2.592914 
1.570000 	 -2.390695 
1.580000 	 -3.893336 
1.590000 	 -1.290876 
1.600000 	 -1.242131 
1.610000 	 -0.349057 
1.620000 	 -1.297490 
1.630000 	 -0.640500 
1.640000 	 -0.605434 
1.650000 	 -2.031832 
1.660000 	 -2.401157 
1.670000 	 -0.646391 
1.680000 	 -1.414451 
1.690000 	 -0.605297 
1.700000 	 -3.264777 
1.710000 	 -0.416001 
1.720000 	 -1.368226 
1.730000 	 -0.905704 
1.740000 	 -1.061060 
1.750000 	 -1.390739 
1.760000 	 -3.098875 
1.770000 	 -0.860630 
1.780000 	 -1.892541 
1.790000 	 -1.442009 
1.800000 	 -2.044149 
1.810000 	 -1.108569 
1.820000 	 -1.638723 
1.830000 	 -1.063990 
1.840000 	 -1.291916 
1.850000 	 -0.685161 
1.860000 	 -1.762328 
1.870000 	 -1.465461 
1.880000 	 -1.621246 
1.890000 	 -2.296087 
1.900000 	 -1.211934 
1.910000 	 -2.449491 
1.920000 	 -1.547884 
1.930000 	 -0.767768 
1.940000 	 -1.608386 
1.950000 	 -1.449269 
1.960000 	 -1.526251 
1.970000 	 -1.049948 
1.980000 	 -2.544655 
1.990000 	 -3.233999 
2.000000 	 -1.330495 
2.010000 	 -3.318132 
2.020000 	 -0.720996 
2.030000 	 -0.967936 
2.040000 	 -1.957553 
2.050000 	 -2.031865 
2.060000 	 -1.428606 
2.070000 	 -2.659718 
2.080000 	 -2.159428 
2.090000 	 -3.141447 
2.100000 	 -1.462180 
2.110000 	 -0.165630 
2.120000 	 -2.256268 
2.130000 	 -1.974857 
2.140000 	 -2.307587 
2.150000 	 -1.840264 
2.160000 	 -1.884479 
2.170000 	 -2.981115 
2.180000 	 -1.862646 
2.190000 	 -2.357811 
2.200000 	 -2.121684 
2.210000 	 -0.453705 
2.220000 	 -2.788883 
2.230000 	 -2.835104 
2.240000 	 -1.439970 
2.250000 	 -2.569105 
2.260000 	 -2.254908 
2.270000 	 -1.431916 
2.280000 	 -2.263144 
2.290000 	 -1.763183 
2.300000 	 -2.366751 
2.310000 	 -2.589036 
2.320000 	 -1.197844 
2.330000 	 -2.238351 
2.340000 	 -2.053510 
2.350000 	 -1.705986 
2.360000 	 -2.849573 
2.370000 	 -0.992370 
2.380000 	 -2.528148 
2.390000 	 -3.021593 
2.400000 	 -1.129988 
2.410000 	 -4.265577 
2.420000 	 -2.238702 
2.430000 	 -2.531874 
2.440000 	 -3.246074 
2.450000 	 -1.001311 
2.460000 	 -1.635973 
2.470000 	 -1.943724 
2.480000 	 -1.737965 
2.490000 	 -1.874147 
2.500000 	 -3.471280 
2.510000 	 -4.361131 
2.520000 	 -1.918924 
2.530000 	 -2.163035 
2.540000 	 -1.391970 
2.550000 	 -3.182101 
2.560000 	 -2.921840 
2.570000 	 -1.314630 
2.580000 	 -2.464074 
2.590000 	 -2.138826 
2.600000 	 -2.089067 
2.610000 	 -1.548194 
2.620000 	 -3.072060 
2.630000 	 -3.190147 
2.640000 	 -2.161869 
2.650000 	 -1.978508 
2.660000 	 -3.341871 
2.670000 	 -2.249767 
2.680000 	 -1.641761 
2.690000 	 -2.915362 
2.700000 	 -2.652021 
2.710000 	 -3.828125 
2.720000 	 -2.795617 
2.730000 	 -3.602108 
2.740000 	 -2.116561 
2.750000 	 -3.599918 
2.760000 	 -4.177015 
2.770000 	 -1.885726 
2.780000 	 -3.258136 
2.790000 	 -3.880880 
2.800000 	 -2.607027 
2.810000 	 -2.177762 
2.820000 	 -3.954408 
2.830000 	 -2.065633 
2.840000 	 -3.293850 
2.850000 	 -3.472814 
2.860000 	 -3.995803 
2.870000 	 -2.878143 
2.880000 	 -2.481980 
2.890000 	 -2.876878 
2.900000 	 -2.975223 
2.910000 	 -3.046758 
2.920000 	 -2.543998 
2.930000 	 -2.707989 
2.940000 	 -3.378518 
2.950000 	 -2.028770 
2.960000 	 -2.118015 
2.970000 	 -2.694685 
2.980000 	 -3.501487 
2.990000 	 -3.617262 
3.000000 	 -4.230349 
3.010000 	 -3.554054 
3.020000 	 -3.708699 
3.030000 	 -2.619883 
3.040000 	 -2.912034 
3.050000 	 -3.114366 
3.060000 	 -2.579113 
3.070000 	 -4.042762 
3.080000 	 -3.631990 
3.090000 	 -4.339661 
3.100000 	 -1.764461 
3.110000 	 -4.000731 
3.120000 	 -3.249877 
3.130000 	 -3.399255 
3.140000 	 -2.603377 
3.150000 	 -2.463370 
3.160000 	 -3.012842 
3.170000 	 -3.972480 
3.180000 	 -3.043133 
3.190000 	 -3.923133 
3.200000 	 -2.966675 
3.210000 	 -3.670461 
3.220000 	 -2.674630 
3.230000 	 -4.223477 
3.240000 	 -2.941517 
3.250000 	 -3.188750 
3.260000 	 -4.038392 
3.270000 	 -2.084350 
3.280000 	 -3.627733 
3.290000 	 -3.451068 
3.300000 	 -1.204923 
3.310000 	 -4.341932 
3.320000 	 -4.940316 
3.330000 	 -3.524435 
3.340000 	 -2.649016 
3.350000 	 -2.387636 
3.360000 	 -4.141634 
3.370000 	 -3.472317 
3.380000 	 -3.102833 
3.390000 	 -4.544467 
3.400000 	 -4.107555 
3.410000 	 -3.390847 
3.420000 	 -4.169882 
3.430000 	 -4.052641 
3.440000 	 -4.640013 
3.450000 	 -3.356205 
3.460000 	 -5.058639 
3.470000 	 -4.401577 
3.480000 	 -4.207688 
3.490000 	 -3.064688 
3.500000 	 -2.690895 
3.510000 	 -5.298623 
3.520000 	 -3.048289 
3.530000 	 -3.758483 
3.540000 	 -5.743057 
3.550000 	 -3.245877 
3.560000 	 -4.491818 
3.570000 	 -5.533776 
3.580000 	 -4.288934 
3.590000 	 -5.318699 
3.600000 	 -3.320523 
3.610000 	 -3.142811 
3.620000 	 -3.312357 
3.630000 	 -5.225954 
3.640000 	 -4.551318 
3.650000 	 -4.597174 
3.660000 	 -5.007103 
3.670000 	 -5.125167 
3.680000 	 -3.149332 
3.690000 	 -4.060553 
3.700000 	 -3.937254 
3.710000 	 -3.871192 
3.720000 	 -4.705335 
3.730000 	 -4.224624 
3.740000 	 -3.173440 
3.750000 	 -3.318089 
3.760000 	 -3.493286 
3.770000 	 -4.317436 
3.780000 	 -3.093733 
3.790000 	 -3.483699 
3.800000 	 -3.314796 
3.810000 	 -3.398302 
3.820000 	 -2.356109 
3.830000 	 -5.626719 
3.840000 	 -4.131322 
3.850000 	 -3.344736 
3.860000 	 -3.899738 
3.870000 	 -4.384643 
3.880000 	 -3.016663 
3.890000 	 -3.826658 
3.900000 	 -4.467983 
3.910000 	 -2.811433 
3.920000 	 -3.768661 
3.930000 	 -4.589461 
3.940000 	 -3.688488 
3.950000 	 -3.424206 
3.960000 	 -4.753197 
3.970000 	 -2.928467 
3.980000 	 -5.001306 
3.990000 	 -4.325977 
4.000000 	 -4.579208 
4.010000 	 -3.518251 
4.020000 	 -4.060790 
4.030000 	 -3.446232 
4.040000 	 -4.612302 
4.050000 	 -3.589209 
4.060000 	 -4.529919 
4.070000 	 -4.150835 
4.080000 	 -4.750891 
4.090000 	 -3.700873 
4.100000 	 -5.264615 
4.110000 	 -4.255958 
4.120000 	 -4.241283 
4.130000 	 -3.822878 
4.140000 	 -4.742030 
4.150000 	 -4.131812 
4.160000 	 -5.278108 
4.170000 	 -5.069298 
4.180000 	 -6.074605 
4.190000 	 -5.940848 
4.200000 	 -4.389643 
4.210000 	 -4.425160 
4.220000 	 -4.754302 
4.230000 	 -4.873568 
4.240000 	 -4.794921 
4.250000 	 -5.158125 
4.260000 	 -5.472650 
4.270000 	 -3.516376 
4.280000 	 -5.775781 
4.290000 	 -5.089334 
4.300000 	 -4.536703 
4.310000 	 -4.077320 
4.320000 	 -4.543277 
4.330000 	 -5.448370 
4.340000 	 -3.975519 
4.350000 	 -5.585583 
4.360000 	 -5.099110 
4.370000 	 -5.137513 
4.380000 	 -6.130646 
4.390000 	 -4.937516 
4.400000 	 -3.432251 
4.410000 	 -4.265348 
4.420000 	 -6.116061 
4.430000 	 -4.684011 
4.440000 	 -5.350338 
4.450000 	 -5.181119 
4.460000 	 -4.436333 
4.470000 	 -5.548413 
4.480000 	 -5.816086 
4.490000 	 -3.750476 
4.500000 	 -5.156623 
4.510000 	 -4.570080 
4.520000 	 -4.013684 
4.530000 	 -4.819182 
4.540000 	 -5.163629 
4.550000 	 -6.659661 
4.560000 	 -5.025693 
4.570000 	 -6.190270 
4.580000 	 -4.941341 
4.590000 	 -5.014238 
4.600000 	 -4.271948 
4.610000 	 -4.305295 
4.620000 	 -5.288370 
4.630000 	 -5.646772 
4.640000 	 -4.288026 
4.650000 	 -5.256733 
4.660000 	 -5.431219 
4.670000 	 -5.003979 
4.680000 	 -4.155433 
4.690000 	 -5.623570 
4.700000 	 -4.480229 
4.710000 	 -5.211006 
4.720000 	 -5.147318 
4.730000 	 -4.456799 
4.740000 	 -5.262771 
4.750000 	 -6.739128 
4.760000 	 -4.363216 
4.770000 	 -4.668505 
4.780000 	 -5.580101 
4.790000 	 -5.129711 
4.800000 	 -5.511635 
4.810000 	 -6.143705 
4.820000 	 -4.967008 
4.830000 	 -5.049560 
4.840000 	 -6.425798 
4.850000 	 -3.616879 
4.860000 	 -6.019953 
4.870000 	 -5.862171 
4.880000 	 -5.616623 
4.890000 	 -5.803732 
4.900000 	 -5.468293 
4.910000 	 -6.121225 
4.920000 	 -4.633215 
4.930000 	 -6.347238 
4.940000 	 -5.550103 
4.950000 	 -4.953078 
4.960000 	 -6.075009 
4.970000 	 -5.711546 
4.980000 	 -6.373891 
4.990000 	 -5.348000 
5.000000 	 -5.978049 
