0.000000 	 0.047645 
0.010000 	 -0.390092 
0.020000 	 2.091712 
0.030000 	 1.211520 
0.040000 	 1.437618 
0.050000 	 1.838081 
0.060000 	 1.694853 
0.070000 	 0.378483 
0.080000 	 0.367349 
0.090000 	 0.062381 
0.100000 	 -0.014670 
0.110000 	 -0.237574 
0.120000 	 0.397909 
0.130000 	 0.666082 
0.140000 	 0.300984 
0.150000 	 1.429682 
0.160000 	 0.902243 
0.170000 	 -1.123403 
0.180000 	 -0.508057 
0.190000 	 1.541838 
0.200000 	 1.369389 
0.210000 	 0.179560 
0.220000 	 0.578602 
0.230000 	 0.850661 
0.240000 	 -0.420120 
0.250000 	 1.546909 
0.260000 	 0.983907 
0.270000 	 -0.283356 
0.280000 	 0.726706 
0.290000 	 0.344610 
0.300000 	 0.785539 
0.310000 	 -0.393694 
0.320000 	 1.585649 
0.330000 	 1.150388 
0.340000 	 -0.767577 
0.350000 	 0.801393 
0.360000 	 -0.188891 
0.370000 	 1.485067 
0.380000 	 0.077611 
0.390000 	 0.525973 
0.400000 	 0.519115 
0.410000 	 -2.230708 
0.420000 	 0.696784 
0.430000 	 1.554502 
0.440000 	 0.987310 
0.450000 	 -0.552877 
0.460000 	 0.894705 
0.470000 	 -1.677364 
0.480000 	 -1.162066 
0.490000 	 0.457984 
0.500000 	 -0.968729 
0.510000 	 0.085976 
0.520000 	 -0.423386 
0.530000 	 0.008305 
0.540000 	 -0.030749 
0.550000 	 -1.150081 
0.560000 	 -0.269135 
0.570000 	 1.118043 
0.580000 	 0.502441 
0.590000 	 -0.064331 
0.600000 	 1.100227 
0.610000 	 1.152186 
0.620000 	 -0.474290 
0.630000 	 -0.909122 
0.640000 	 0.554244 
0.650000 	 0.582921 
0.660000 	 0.905374 
0.670000 	 -0.016274 
0.680000 	 -0.195196 
0.690000 	 -0.324861 
0.700000 	 0.069729 
0.710000 	 0.765262 
0.720000 	 0.196134 
0.730000 	 0.738018 
0.740000 	 0.467781 
0.750000 	 -0.552076 
0.760000 	 0.233729 
0.770000 	 0.009178 
0.780000 	 -0.611106 
0.790000 	 -1.150878 
0.800000 	 -0.932001 
0.810000 	 -0.003028 
0.820000 	 -1.322360 
0.830000 	 -0.333641 
0.840000 	 -0.305018 
0.850000 	 -0.037648 
0.860000 	 -1.591654 
0.870000 	 0.292490 
0.880000 	 -0.643453 
0.890000 	 -1.357801 
0.900000 	 -0.515618 
0.910000 	 0.030470 
0.920000 	 -0.771596 
0.930000 	 0.272750 
0.940000 	 -0.617575 
0.950000 	 -0.648971 
0.960000 	 -0.760917 
0.970000 	 -2.132078 
0.980000 	 -0.721584 
0.990000 	 0.454314 
1.000000 	 1.446252 
1.010000 	 -0.337146 
1.020000 	 -0.309714 
1.030000 	 0.534106 
1.040000 	 -1.406596 
1.050000 	 -1.637065 
1.060000 	 -0.362432 
1.070000 	 -0.312219 
1.080000 	 -0.019394 
1.090000 	 -1.228437 
1.100000 	 -1.492425 
1.110000 	 -2.233528 
1.120000 	 -0.860339 
1.130000 	 -0.344773 
1.140000 	 -0.742896 
1.150000 	 -0.640025 
1.160000 	 -2.370860 
1.170000 	 0.174276 
1.180000 	 -1.854167 
1.190000 	 -0.878637 
1.200000 	 -0.547075 
1.210000 	 1.581670 
1.220000 	 -1.951470 
1.230000 	 0.853504 
1.240000 	 -0.859604 
1.250000 	 -1.769432 
1.260000 	 -0.908865 
1.270000 	 0.720330 
1.280000 	 0.419814 
1.290000 	 -1.436824 
1.300000 	 -0.824390 
1.310000 	 -1.339423 
1.320000 	 -2.789477 
1.330000 	 -0.788495 
1.340000 	 -1.540570 
1.350000 	 -2.047323 
1.360000 	 0.320680 
1.370000 	 -0.808992 
1.380000 	 -1.494878 
1.390000 	 -1.259700 
1.400000 	 -0.250598 
1.410000 	 -2.074398 
1.420000 	 0.028088 
1.430000 	 -0.822064 
1.440000 	 -2.052433 
1.450000 	 0.329598 
1.460000 	 0.102099 
1.470000 	 -0.108095 
1.480000 	 -1.372368 
1.490000 	 -1.873340 
1.500000 	 -1.447134 
1.510000 	 -1.236286 
1.520000 	 -0.189666 
1.530000 	 -0.711224 
1.540000 	 -0.622368 
1.550000 	 -1.124065 
1.560000 	 -0.925610 
1.570000 	 -1.478376 
1.580000 	 -1.854728 
1.590000 	 -0.038800 
1.600000 	 -0.730926 
1.610000 	 -3.113850 
1.620000 	 -1.093898 
1.630000 	 -2.026538 
1.640000 	 -0.825728 
1.650000 	 -1.509220 
1.660000 	 -2.034918 
1.670000 	 -0.980919 
1.680000 	 -3.516580 
1.690000 	 -2.099642 
1.700000 	 -1.118047 
1.710000 	 -1.929641 
1.720000 	 -2.207809 
1.730000 	 -2.069442 
1.740000 	 -2.337105 
1.750000 	 -0.338186 
1.760000 	 -2.549494 
1.770000 	 -2.813335 
1.780000 	 -2.015749 
1.790000 	 -2.582061 
1.800000 	 -0.598162 
1.810000 	 -1.581562 
1.820000 	 -2.353334 
1.830000 	 -0.771425 
1.840000 	 -1.513200 
1.850000 	 -1.791785 
1.860000 	 -2.627786 
1.870000 	 -1.389069 
1.880000 	 -2.772427 
1.890000 	 -0.647078 
1.900000 	 -1.293650 
1.910000 	 -2.571487 
1.920000 	 -2.194364 
1.930000 	 -1.341116 
1.940000 	 -0.248154 
1.950000 	 -0.792240 
1.960000 	 -1.648402 
1.970000 	 -2.106700 
1.980000 	 -2.290767 
1.990000 	 -1.093132 
2.000000 	 -0.769759 
2.010000 	 -3.326536 
2.020000 	 -1.979395 
2.030000 	 -1.851101 
2.040000 	 -1.377871 
2.050000 	 -3.062919 
2.060000 	 -0.199110 
2.070000 	 -1.639807 
2.080000 	 -1.130888 
2.090000 	 -1.851385 
2.100000 	 -2.474509 
2.110000 	 -1.228589 
2.120000 	 -1.827174 
2.130000 	 -1.969132 
2.140000 	 -3.864724 
2.150000 	 -1.807029 
2.160000 	 -3.122305 
2.170000 	 -2.946215 
2.180000 	 -1.179598 
2.190000 	 -1.609033 
2.200000 	 -2.685681 
2.210000 	 -2.255581 
2.220000 	 -2.234242 
2.230000 	 -2.457266 
2.240000 	 -2.696957 
2.250000 	 -1.607609 
2.260000 	 -1.975443 
2.270000 	 -1.291178 
2.280000 	 -2.428648 
2.290000 	 -1.068932 
2.300000 	 -3.543433 
2.310000 	 -1.624446 
2.320000 	 -2.375819 
2.330000 	 -3.020183 
2.340000 	 -2.731565 
2.350000 	 -1.873677 
2.360000 	 -1.895531 
2.370000 	 -3.952315 
2.380000 	 -2.648406 
2.390000 	 -3.775872 
2.400000 	 0.189671 
2.410000 	 -2.130686 
2.420000 	 -0.696733 
2.430000 	 -1.606768 
2.440000 	 -1.751195 
2.450000 	 -3.215484 
2.460000 	 -2.430770 
2.470000 	 -1.791212 
2.480000 	 -1.234141 
2.490000 	 -1.719972 
2.500000 	 -2.198285 
2.510000 	 -2.855506 
2.520000 	 -2.172593 
2.530000 	 -2.220201 
2.540000 	 -2.557185 
2.550000 	 -1.829245 
2.560000 	 -1.494604 
2.570000 	 -2.999252 
2.580000 	 -3.410907 
2.590000 	 -2.733772 
2.600000 	 -2.363966 
2.610000 	 -2.475790 
2.620000 	 -2.376809 
2.630000 	 -2.813548 
2.640000 	 -2.385481 
2.650000 	 -3.288878 
2.660000 	 -2.685042 
2.670000 	 -2.613880 
2.680000 	 -3.302435 
2.690000 	 -1.326791 
2.700000 	 -4.087443 
2.710000 	 -2.872172 
2.720000 	 -3.705386 
2.730000 	 -1.550904 
2.740000 	 -2.741919 
2.750000 	 -2.791538 
2.760000 	 -2.339465 
2.770000 	 -2.925096 
2.780000 	 -4.462408 
2.790000 	 -2.588667 
2.800000 	 -3.930552 
2.810000 	 -3.725567 
2.820000 	 -3.308405 
2.830000 	 -2.936677 
2.840000 	 -2.864937 
2.850000 	 -2.580051 
2.860000 	 -3.776503 
2.870000 	 -3.949778 
2.880000 	 -2.647395 
2.890000 	 -1.929020 
2.900000 	 -4.235303 
2.910000 	 -2.855702 
2.920000 	 -3.148548 
2.930000 	 -4.061124 
2.940000 	 -3.302606 
2.950000 	 -1.796412 
2.960000 	 -4.038558 
2.970000 	 -2.488016 
2.980000 	 -4.286384 
2.990000 	 -3.051898 
3.000000 	 -2.886631 
3.010000 	 -3.506756 
3.020000 	 -3.014133 
3.030000 	 -3.167880 
3.040000 	 -4.006487 
3.050000 	 -3.029463 
3.060000 	 -2.765867 
3.070000 	 -4.434252 
3.080000 	 -3.973915 
3.090000 	 -3.672971 
3.100000 	 -3.595496 
3.110000 	 -4.615819 
3.120000 	 -3.831323 
3.130000 	 -3.231942 
3.140000 	 -2.061200 
3.150000 	 -5.856231 
3.160000 	 -4.122985 
3.170000 	 -3.679398 
3.180000 	 -2.991884 
3.190000 	 -4.341581 
3.200000 	 -3.602372 
3.210000 	 -1.990268 
3.220000 	 -2.727815 
3.230000 	 -3.508857 
3.240000 	 -3.446243 
3.250000 	 -3.426859 
3.260000 	 -3.414989 
3.270000 	 -4.207797 
3.280000 	 -3.057213 
3.290000 	 -3.833236 
3.300000 	 -4.708987 
3.310000 	 -2.269847 
3.320000 	 -4.165392 
3.330000 	 -3.135550 
3.340000 	 -3.827389 
3.350000 	 -2.707208 
3.360000 	 -2.760735 
3.370000 	 -3.083512 
3.380000 	 -3.090426 
3.390000 	 -3.097278 
3.400000 	 -2.065711 
3.410000 	 -3.360064 
3.420000 	 -2.065846 
3.430000 	 -3.256349 
3.440000 	 -2.174610 
3.450000 	 -4.359043 
3.460000 	 -2.498951 
3.470000 	 -5.240357 
3.480000 	 -3.260697 
3.490000 	 -3.093483 
3.500000 	 -3.431820 
3.510000 	 -2.532255 
3.520000 	 -4.172383 
3.530000 	 -5.719846 
3.540000 	 -4.130456 
3.550000 	 -3.136483 
3.560000 	 -3.805069 
3.570000 	 -4.443708 
3.580000 	 -3.296494 
3.590000 	 -3.724963 
3.600000 	 -4.688091 
3.610000 	 -3.718518 
3.620000 	 -4.200950 
3.630000 	 -3.199112 
3.640000 	 -3.106319 
3.650000 	 -3.745303 
3.660000 	 -3.894310 
3.670000 	 -3.823974 
3.680000 	 -4.365160 
3.690000 	 -3.614026 
3.700000 	 -5.510928 
3.710000 	 -4.191361 
3.720000 	 -4.081777 
3.730000 	 -4.600757 
3.740000 	 -3.990225 
3.750000 	 -3.719511 
3.760000 	 -3.951735 
3.770000 	 -3.867234 
3.780000 	 -2.431934 
3.790000 	 -3.740200 
3.800000 	 -4.629043 
3.810000 	 -3.110507 
3.820000 	 -3.527149 
3.830000 	 -4.238502 
3.840000 	 -4.906389 
3.850000 	 -3.148938 
3.860000 	 -3.565528 
3.870000 	 -3.948621 
3.880000 	 -3.855586 
3.890000 	 -4.150673 
3.900000 	 -3.383000 
3.910000 	 -4.876600 
3.920000 	 -3.350650 
3.930000 	 -4.789721 
3.940000 	 -3.852729 
3.950000 	 -3.641747 
3.960000 	 -4.787038 
3.970000 	 -3.953704 
3.980000 	 -4.590497 
3.990000 	 -3.458464 
4.000000 	 -4.534229 
4.010000 	 -3.778328 
4.020000 	 -2.438133 
4.030000 	 -3.817206 
4.040000 	 -4.879734 
4.050000 	 -4.092888 
4.060000 	 -3.094086 
4.070000 	 -4.698842 
4.080000 	 -5.043329 
4.090000 	 -3.337962 
4.100000 	 -3.184717 
4.110000 	 -4.840618 
4.120000 	 -5.189862 
4.130000 	 -3.550072 
4.140000 	 -4.245834 
4.150000 	 -2.840575 
4.160000 	 -4.552386 
4.170000 	 -4.467449 
4.180000 	 -3.748025 
4.190000 	 -4.421024 
4.200000 	 -4.998231 
4.210000 	 -3.996831 
4.220000 	 -4.065766 
4.230000 	 -3.581615 
4.240000 	 -3.478689 
4.250000 	 -4.725037 
4.260000 	 -4.191629 
4.270000 	 -4.587226 
4.280000 	 -5.057865 
4.290000 	 -5.009643 
4.300000 	 -4.583567 
4.310000 	 -5.650272 
4.320000 	 -3.754162 
4.330000 	 -3.680266 
4.340000 	 -4.964909 
4.350000 	 -3.762880 
4.360000 	 -5.281700 
4.370000 	 -5.683307 
4.380000 	 -3.493388 
4.390000 	 -5.686376 
4.400000 	 -4.607413 
4.410000 	 -5.245116 
4.420000 	 -5.182456 
4.430000 	 -4.480443 
4.440000 	 -5.457477 
4.450000 	 -4.972347 
4.460000 	 -4.310702 
4.470000 	 -2.640481 
4.480000 	 -4.368765 
4.490000 	 -4.364974 
4.500000 	 -5.852774 
4.510000 	 -5.094966 
4.520000 	 -4.615982 
4.530000 	 -4.397928 
4.540000 	 -4.980866 
4.550000 	 -4.810875 
4.560000 	 -4.480999 
4.570000 	 -4.000934 
4.580000 	 -5.171364 
4.590000 	 -6.062527 
4.600000 	 -6.572507 
4.610000 	 -4.986205 
4.620000 	 -3.981476 
4.630000 	 -5.812954 
4.640000 	 -3.330727 
4.650000 	 -5.054482 
4.660000 	 -5.576930 
4.670000 	 -3.968224 
4.680000 	 -7.321028 
4.690000 	 -4.875050 
4.700000 	 -4.707475 
4.710000 	 -5.075625 
4.720000 	 -6.758135 
4.730000 	 -5.410419 
4.740000 	 -4.908412 
4.750000 	 -5.761115 
4.760000 	 -5.654558 
4.770000 	 -6.086508 
4.780000 	 -4.939190 
4.790000 	 -5.414313 
4.800000 	 -4.927749 
4.810000 	 -5.398505 
4.820000 	 -4.028610 
4.830000 	 -6.973876 
4.840000 	 -3.441951 
4.850000 	 -4.060623 
4.860000 	 -5.843676 
4.870000 	 -5.952575 
4.880000 	 -6.113723 
4.890000 	 -3.804018 
4.900000 	 -5.577887 
4.910000 	 -6.184630 
4.920000 	 -6.721957 
4.930000 	 -6.073451 
4.940000 	 -5.766539 
4.950000 	 -6.708564 
4.960000 	 -4.333087 
4.970000 	 -5.112218 
4.980000 	 -5.642908 
4.990000 	 -4.826345 
5.000000 	 -5.802530 
