0.000000 	 1.515613 
0.010000 	 -0.449513 
0.020000 	 1.543435 
0.030000 	 0.145399 
0.040000 	 0.980875 
0.050000 	 -0.108636 
0.060000 	 -0.356758 
0.070000 	 1.948610 
0.080000 	 1.529708 
0.090000 	 2.218640 
0.100000 	 1.021675 
0.110000 	 0.962065 
0.120000 	 0.632092 
0.130000 	 1.046495 
0.140000 	 0.048203 
0.150000 	 0.802453 
0.160000 	 0.559773 
0.170000 	 0.954831 
0.180000 	 0.797264 
0.190000 	 2.003903 
0.200000 	 -0.074260 
0.210000 	 1.666518 
0.220000 	 0.541751 
0.230000 	 0.586541 
0.240000 	 0.324261 
0.250000 	 -0.607504 
0.260000 	 0.937079 
0.270000 	 -0.793079 
0.280000 	 -1.147209 
0.290000 	 -1.143486 
0.300000 	 -0.268406 
0.310000 	 0.605154 
0.320000 	 -1.026093 
0.330000 	 -0.069347 
0.340000 	 -1.284848 
0.350000 	 0.455472 
0.360000 	 0.953227 
0.370000 	 0.071339 
0.380000 	 1.214206 
0.390000 	 -0.980170 
0.400000 	 0.206702 
0.410000 	 -0.336505 
0.420000 	 -0.333403 
0.430000 	 0.478247 
0.440000 	 0.414242 
0.450000 	 1.826468 
0.460000 	 -0.123071 
0.470000 	 0.397122 
0.480000 	 0.429326 
0.490000 	 0.499820 
0.500000 	 0.563223 
0.510000 	 1.064942 
0.520000 	 -2.611079 
0.530000 	 0.505158 
0.540000 	 0.457915 
0.550000 	 1.281025 
0.560000 	 0.750131 
0.570000 	 -0.526783 
0.580000 	 2.154735 
0.590000 	 0.010003 
0.600000 	 -0.006492 
0.610000 	 1.288362 
0.620000 	 0.581833 
0.630000 	 1.482785 
0.640000 	 -0.412268 
0.650000 	 -1.168100 
0.660000 	 -0.045618 
0.670000 	 -1.025682 
0.680000 	 1.013630 
0.690000 	 -0.470766 
0.700000 	 -0.739715 
0.710000 	 -0.483792 
0.720000 	 -1.289318 
0.730000 	 0.844106 
0.740000 	 -1.794795 
0.750000 	 0.901664 
0.760000 	 -0.546282 
0.770000 	 -0.142689 
0.780000 	 -0.198880 
0.790000 	 -1.493473 
0.800000 	 -0.838099 
0.810000 	 0.404865 
0.820000 	 -0.309795 
0.830000 	 0.669025 
0.840000 	 -0.423074 
0.850000 	 -0.021001 
0.860000 	 -0.016649 
0.870000 	 -0.369395 
0.880000 	 -1.456396 
0.890000 	 1.212260 
0.900000 	 0.379400 
0.910000 	 -0.101115 
0.920000 	 -0.873637 
0.930000 	 -1.104023 
0.940000 	 0.114065 
0.950000 	 -0.440386 
0.960000 	 -2.257589 
0.970000 	 0.591413 
0.980000 	 -0.167233 
0.990000 	 -1.992225 
1.000000 	 -1.120064 
1.010000 	 -1.059935 
1.020000 	 -0.137438 
1.030000 	 -0.269859 
1.040000 	 -0.412117 
1.050000 	 -0.903976 
1.060000 	 -0.221507 
1.070000 	 -0.746209 
1.080000 	 0.455704 
1.090000 	 -1.054742 
1.100000 	 0.068759 
1.110000 	 -0.673518 
1.120000 	 -0.522861 
1.130000 	 -1.833912 
1.140000 	 0.458889 
1.150000 	 -0.553302 
1.160000 	 -0.465243 
1.170000 	 -1.676993 
1.180000 	 -0.380657 
1.190000 	 -1.016535 
1.200000 	 -1.703498 
1.210000 	 -0.655230 
1.220000 	 -0.981937 
1.230000 	 -1.270693 
1.240000 	 -0.233291 
1.250000 	 -0.476366 
1.260000 	 0.745321 
1.270000 	 -0.860979 
1.280000 	 1.068762 
1.290000 	 -1.080328 
1.300000 	 -0.350790 
1.310000 	 -0.063726 
1.320000 	 -2.242190 
1.330000 	 -2.768196 
1.340000 	 -0.721479 
1.350000 	 -0.835876 
1.360000 	 -0.649927 
1.370000 	 0.066634 
1.380000 	 -1.601349 
1.390000 	 -0.967599 
1.400000 	 -0.690466 
1.410000 	 -0.762747 
1.420000 	 -0.538335 
1.430000 	 -0.845858 
1.440000 	 -1.589595 
1.450000 	 -1.797176 
1.460000 	 -0.016945 
1.470000 	 -0.834489 
1.480000 	 -0.999380 
1.490000 	 -1.088542 
1.500000 	 -1.315087 
1.510000 	 -1.344601 
1.520000 	 -1.090144 
1.530000 	 -1.737874 
1.540000 	 -0.751675 
1.550000 	 -2.216738 
1.560000 	 -1.588459 
1.570000 	 -0.359993 
1.580000 	 -1.969359 
1.590000 	 -0.249081 
1.600000 	 -0.845446 
1.610000 	 -1.135505 
1.620000 	 -1.524749 
1.630000 	 -1.390513 
1.640000 	 -1.275628 
1.650000 	 -1.000745 
1.660000 	 -1.351212 
1.670000 	 -2.261213 
1.680000 	 -1.968636 
1.690000 	 -2.057275 
1.700000 	 -0.630335 
1.710000 	 -1.623988 
1.720000 	 -0.445513 
1.730000 	 -1.723928 
1.740000 	 -2.246823 
1.750000 	 -0.869731 
1.760000 	 -1.962907 
1.770000 	 -0.511127 
1.780000 	 -1.367158 
1.790000 	 -2.559879 
1.800000 	 -0.927440 
1.810000 	 -2.592105 
1.820000 	 0.475145 
1.830000 	 -2.377759 
1.840000 	 -1.789061 
1.850000 	 -1.283253 
1.860000 	 -1.312736 
1.870000 	 -1.454818 
1.880000 	 -1.196604 
1.890000 	 -0.226021 
1.900000 	 -1.704014 
1.910000 	 -1.142530 
1.920000 	 -1.909926 
1.930000 	 -1.034322 
1.940000 	 -1.736794 
1.950000 	 -1.299357 
1.960000 	 -0.325923 
1.970000 	 -1.340969 
1.980000 	 -2.781928 
1.990000 	 -2.630691 
2.000000 	 -0.974624 
2.010000 	 -2.512436 
2.020000 	 -1.145625 
2.030000 	 -1.631377 
2.040000 	 -2.098362 
2.050000 	 -1.642296 
2.060000 	 -2.104974 
2.070000 	 -1.775351 
2.080000 	 -1.998654 
2.090000 	 -1.408584 
2.100000 	 -1.540415 
2.110000 	 -1.058695 
2.120000 	 -2.141747 
2.130000 	 -1.639919 
2.140000 	 -2.237170 
2.150000 	 -1.366188 
2.160000 	 -2.777090 
2.170000 	 -3.317167 
2.180000 	 -1.829758 
2.190000 	 -1.734158 
2.200000 	 -1.633302 
2.210000 	 -1.845478 
2.220000 	 -2.198081 
2.230000 	 -3.413484 
2.240000 	 -1.352141 
2.250000 	 -1.896434 
2.260000 	 -1.337000 
2.270000 	 -1.449790 
2.280000 	 -2.846733 
2.290000 	 -1.817927 
2.300000 	 -1.641922 
2.310000 	 -1.461050 
2.320000 	 -1.014491 
2.330000 	 -3.593640 
2.340000 	 -2.559772 
2.350000 	 -2.308897 
2.360000 	 -2.112494 
2.370000 	 -1.016214 
2.380000 	 -2.922764 
2.390000 	 -2.505764 
2.400000 	 -2.074339 
2.410000 	 -1.571718 
2.420000 	 -2.318583 
2.430000 	 -2.080265 
2.440000 	 -2.457537 
2.450000 	 -3.217606 
2.460000 	 -1.387488 
2.470000 	 -0.356639 
2.480000 	 -3.746987 
2.490000 	 -2.057776 
2.500000 	 -2.716648 
2.510000 	 -3.301577 
2.520000 	 -2.115715 
2.530000 	 -2.528130 
2.540000 	 -1.346175 
2.550000 	 -3.473769 
2.560000 	 -3.482557 
2.570000 	 -2.441756 
2.580000 	 -3.507305 
2.590000 	 -3.073939 
2.600000 	 -1.783584 
2.610000 	 -1.853965 
2.620000 	 -2.666547 
2.630000 	 -2.584837 
2.640000 	 -3.616353 
2.650000 	 -2.729006 
2.660000 	 -2.793927 
2.670000 	 -3.251978 
2.680000 	 -2.523471 
2.690000 	 -2.131465 
2.700000 	 -3.028032 
2.710000 	 -2.584558 
2.720000 	 -3.334086 
2.730000 	 -0.911451 
2.740000 	 -2.110898 
2.750000 	 -3.204432 
2.760000 	 -3.809145 
2.770000 	 -2.399216 
2.780000 	 -2.465320 
2.790000 	 -3.257083 
2.800000 	 -2.412113 
2.810000 	 -2.556726 
2.820000 	 -3.469510 
2.830000 	 -2.837423 
2.840000 	 -2.616143 
2.850000 	 -2.947680 
2.860000 	 -2.450195 
2.870000 	 -2.833283 
2.880000 	 -3.604775 
2.890000 	 -3.424870 
2.900000 	 -2.554308 
2.910000 	 -4.198722 
2.920000 	 -2.153516 
2.930000 	 -3.741759 
2.940000 	 -2.351164 
2.950000 	 -3.400963 
2.960000 	 -3.278628 
2.970000 	 -2.588602 
2.980000 	 -3.312248 
2.990000 	 -2.496368 
3.000000 	 -2.152522 
3.010000 	 -3.968923 
3.020000 	 -3.654527 
3.030000 	 -3.200240 
3.040000 	 -3.694113 
3.050000 	 -3.212220 
3.060000 	 -2.608636 
3.070000 	 -2.191848 
3.080000 	 -3.774094 
3.090000 	 -2.508853 
3.100000 	 -3.529212 
3.110000 	 -4.011719 
3.120000 	 -3.128171 
3.130000 	 -3.157100 
3.140000 	 -3.186312 
3.150000 	 -3.777342 
3.160000 	 -3.560050 
3.170000 	 -4.381237 
3.180000 	 -3.091547 
3.190000 	 -4.712775 
3.200000 	 -4.942025 
3.210000 	 -3.979583 
3.220000 	 -3.676916 
3.230000 	 -2.491929 
3.240000 	 -2.522586 
3.250000 	 -3.557975 
3.260000 	 -3.751389 
3.270000 	 -2.483553 
3.280000 	 -4.187970 
3.290000 	 -3.005532 
3.300000 	 -3.647523 
3.310000 	 -3.597135 
3.320000 	 -5.222821 
3.330000 	 -3.381828 
3.340000 	 -3.793332 
3.350000 	 -3.519823 
3.360000 	 -3.427919 
3.370000 	 -2.121388 
3.380000 	 -3.931345 
3.390000 	 -4.427239 
3.400000 	 -5.124927 
3.410000 	 -3.126596 
3.420000 	 -3.178533 
3.430000 	 -4.637120 
3.440000 	 -3.411143 
3.450000 	 -3.409692 
3.460000 	 -3.684000 
3.470000 	 -3.761893 
3.480000 	 -5.383548 
3.490000 	 -2.087771 
3.500000 	 -3.155442 
3.510000 	 -3.646400 
3.520000 	 -3.353868 
3.530000 	 -3.961238 
3.540000 	 -3.128957 
3.550000 	 -5.056745 
3.560000 	 -3.798404 
3.570000 	 -2.957299 
3.580000 	 -3.511552 
3.590000 	 -3.619846 
3.600000 	 -3.709399 
3.610000 	 -3.112236 
3.620000 	 -3.612367 
3.630000 	 -2.716235 
3.640000 	 -2.423435 
3.650000 	 -3.256057 
3.660000 	 -2.672911 
3.670000 	 -4.093356 
3.680000 	 -4.601514 
3.690000 	 -3.230946 
3.700000 	 -3.464415 
3.710000 	 -5.343959 
3.720000 	 -3.379473 
3.730000 	 -3.293492 
3.740000 	 -3.197289 
3.750000 	 -3.097169 
3.760000 	 -3.658345 
3.770000 	 -3.071949 
3.780000 	 -4.394865 
3.790000 	 -3.355311 
3.800000 	 -5.540358 
3.810000 	 -3.703391 
3.820000 	 -3.723416 
3.830000 	 -5.081201 
3.840000 	 -4.069620 
3.850000 	 -2.713197 
3.860000 	 -4.494386 
3.870000 	 -5.062472 
3.880000 	 -4.191131 
3.890000 	 -4.662088 
3.900000 	 -4.823046 
3.910000 	 -4.236415 
3.920000 	 -4.312437 
3.930000 	 -4.488575 
3.940000 	 -4.673566 
3.950000 	 -5.086967 
3.960000 	 -4.588864 
3.970000 	 -3.578512 
3.980000 	 -4.768267 
3.990000 	 -4.707294 
4.000000 	 -3.375656 
4.010000 	 -4.564510 
4.020000 	 -4.621444 
4.030000 	 -4.117080 
4.040000 	 -4.200133 
4.050000 	 -4.985010 
4.060000 	 -5.745342 
4.070000 	 -5.171138 
4.080000 	 -4.968866 
4.090000 	 -2.884397 
4.100000 	 -3.941859 
4.110000 	 -5.540384 
4.120000 	 -5.069687 
4.130000 	 -4.678198 
4.140000 	 -4.405197 
4.150000 	 -3.647806 
4.160000 	 -3.831313 
4.170000 	 -5.777967 
4.180000 	 -4.538607 
4.190000 	 -4.172359 
4.200000 	 -5.154770 
4.210000 	 -5.114218 
4.220000 	 -4.911979 
4.230000 	 -4.627128 
4.240000 	 -5.647539 
4.250000 	 -4.953220 
4.260000 	 -3.852589 
4.270000 	 -5.418966 
4.280000 	 -4.903227 
4.290000 	 -4.319558 
4.300000 	 -4.979732 
4.310000 	 -5.076688 
4.320000 	 -3.983192 
4.330000 	 -3.473718 
4.340000 	 -6.075207 
4.350000 	 -4.228290 
4.360000 	 -4.387847 
4.370000 	 -3.820759 
4.380000 	 -4.131057 
4.390000 	 -3.783655 
4.400000 	 -4.507280 
4.410000 	 -5.971655 
4.420000 	 -4.301737 
4.430000 	 -3.170415 
4.440000 	 -5.978945 
4.450000 	 -6.165483 
4.460000 	 -4.873064 
4.470000 	 -4.675122 
4.480000 	 -5.725112 
4.490000 	 -5.224982 
4.500000 	 -5.077641 
4.510000 	 -4.541918 
4.520000 	 -5.800647 
4.530000 	 -4.146674 
4.540000 	 -5.846549 
4.550000 	 -5.188799 
4.560000 	 -5.136044 
4.570000 	 -5.498277 
4.580000 	 -6.794376 
4.590000 	 -5.955221 
4.600000 	 -7.325348 
4.610000 	 -5.431576 
4.620000 	 -5.949748 
4.630000 	 -3.985610 
4.640000 	 -4.493627 
4.650000 	 -4.420112 
4.660000 	 -3.933445 
4.670000 	 -4.841520 
4.680000 	 -4.583769 
4.690000 	 -5.122728 
4.700000 	 -6.091206 
4.710000 	 -6.401383 
4.720000 	 -3.736196 
4.730000 	 -4.631933 
4.740000 	 -4.748238 
4.750000 	 -4.877248 
4.760000 	 -5.410023 
4.770000 	 -4.217918 
4.780000 	 -5.929193 
4.790000 	 -6.168571 
4.800000 	 -5.361158 
4.810000 	 -4.983900 
4.820000 	 -3.939344 
4.830000 	 -6.838337 
4.840000 	 -5.593140 
4.850000 	 -5.637562 
4.860000 	 -6.340303 
4.870000 	 -5.937807 
4.880000 	 -5.811210 
4.890000 	 -5.064189 
4.900000 	 -4.312417 
4.910000 	 -5.829571 
4.920000 	 -6.673522 
4.930000 	 -6.090956 
4.940000 	 -6.029396 
4.950000 	 -7.093564 
4.960000 	 -5.587678 
4.970000 	 -5.416964 
4.980000 	 -6.448994 
4.990000 	 -5.030607 
5.000000 	 -5.857590 
