-15.000000 	 0.078195 
-14.980000 	 0.111286 
-14.960000 	 0.046099 
-14.940000 	 0.089639 
-14.920000 	 0.131331 
-14.900000 	 0.036331 
-14.880000 	 -0.253266 
-14.860000 	 -0.084746 
-14.840000 	 0.257409 
-14.820000 	 -0.096086 
-14.800000 	 -0.042373 
-14.780000 	 -0.126458 
-14.760000 	 0.094887 
-14.740000 	 -0.055191 
-14.720000 	 0.182125 
-14.700000 	 -0.130335 
-14.680000 	 -0.103965 
-14.660000 	 0.030470 
-14.640000 	 0.062662 
-14.620000 	 -0.177112 
-14.600000 	 -0.049440 
-14.580000 	 -0.109247 
-14.560000 	 0.248125 
-14.540000 	 -0.008855 
-14.520000 	 0.075124 
-14.500000 	 -0.154350 
-14.480000 	 -0.256393 
-14.460000 	 -0.017181 
-14.440000 	 -0.044559 
-14.420000 	 -0.206531 
-14.400000 	 -0.038453 
-14.380000 	 -0.238446 
-14.360000 	 0.132168 
-14.340000 	 0.306578 
-14.320000 	 0.017331 
-14.300000 	 -0.148971 
-14.280000 	 0.068045 
-14.260000 	 0.094532 
-14.240000 	 -0.205440 
-14.220000 	 -0.122588 
-14.200000 	 0.201992 
-14.180000 	 0.037407 
-14.160000 	 0.051230 
-14.140000 	 -0.044906 
-14.120000 	 0.162558 
-14.100000 	 0.081210 
-14.080000 	 -0.034838 
-14.060000 	 -0.120923 
-14.040000 	 -0.035356 
-14.020000 	 -0.009986 
-14.000000 	 -0.276052 
-13.980000 	 -0.062246 
-13.960000 	 -0.158429 
-13.940000 	 0.146265 
-13.920000 	 0.016972 
-13.900000 	 -0.003786 
-13.880000 	 0.041100 
-13.860000 	 0.001832 
-13.840000 	 -0.134108 
-13.820000 	 -0.080438 
-13.800000 	 0.222989 
-13.780000 	 0.080719 
-13.760000 	 -0.051337 
-13.740000 	 0.100063 
-13.720000 	 0.045849 
-13.700000 	 -0.167338 
-13.680000 	 0.104698 
-13.660000 	 0.114581 
-13.640000 	 0.122051 
-13.620000 	 -0.181671 
-13.600000 	 -0.201259 
-13.580000 	 -0.042599 
-13.560000 	 0.031423 
-13.540000 	 -0.029602 
-13.520000 	 0.129956 
-13.500000 	 0.362692 
-13.480000 	 -0.018728 
-13.460000 	 0.006516 
-13.440000 	 -0.000507 
-13.420000 	 -0.026292 
-13.400000 	 0.287982 
-13.380000 	 -0.070374 
-13.360000 	 -0.178318 
-13.340000 	 -0.052908 
-13.320000 	 0.132960 
-13.300000 	 0.212001 
-13.280000 	 0.038157 
-13.260000 	 0.131327 
-13.240000 	 -0.153214 
-13.220000 	 -0.098475 
-13.200000 	 0.120179 
-13.180000 	 0.073948 
-13.160000 	 -0.009244 
-13.140000 	 -0.270295 
-13.120000 	 0.196703 
-13.100000 	 0.032027 
-13.080000 	 -0.030444 
-13.060000 	 0.002807 
-13.040000 	 -0.103031 
-13.020000 	 -0.093219 
-13.000000 	 0.034138 
-12.980000 	 0.010073 
-12.960000 	 -0.027487 
-12.940000 	 0.065360 
-12.920000 	 0.108810 
-12.900000 	 0.019482 
-12.880000 	 -0.134845 
-12.860000 	 0.027539 
-12.840000 	 0.077467 
-12.820000 	 0.021582 
-12.800000 	 -0.058655 
-12.780000 	 0.161805 
-12.760000 	 0.100403 
-12.740000 	 -0.094550 
-12.720000 	 -0.082815 
-12.700000 	 -0.182694 
-12.680000 	 0.132538 
-12.660000 	 0.010563 
-12.640000 	 0.137099 
-12.620000 	 0.114492 
-12.600000 	 -0.038444 
-12.580000 	 0.056121 
-12.560000 	 -0.014032 
-12.540000 	 0.100513 
-12.520000 	 -0.133518 
-12.500000 	 -0.177841 
-12.480000 	 -0.029592 
-12.460000 	 0.225109 
-12.440000 	 -0.051542 
-12.420000 	 -0.196883 
-12.400000 	 -0.144325 
-12.380000 	 0.092432 
-12.360000 	 -0.162250 
-12.340000 	 0.046457 
-12.320000 	 0.127463 
-12.300000 	 0.125618 
-12.280000 	 0.009980 
-12.260000 	 -0.145705 
-12.240000 	 0.047919 
-12.220000 	 0.017770 
-12.200000 	 -0.088011 
-12.180000 	 0.019292 
-12.160000 	 -0.057127 
-12.140000 	 0.052140 
-12.120000 	 -0.157447 
-12.100000 	 -0.026985 
-12.080000 	 -0.007919 
-12.060000 	 0.125851 
-12.040000 	 0.045425 
-12.020000 	 -0.146725 
-12.000000 	 -0.059072 
-11.980000 	 0.016885 
-11.960000 	 -0.380974 
-11.940000 	 -0.029453 
-11.920000 	 -0.053028 
-11.900000 	 0.406659 
-11.880000 	 0.071719 
-11.860000 	 0.171413 
-11.840000 	 0.206101 
-11.820000 	 -0.082652 
-11.800000 	 0.059535 
-11.780000 	 0.052061 
-11.760000 	 -0.330712 
-11.740000 	 0.032335 
-11.720000 	 -0.054826 
-11.700000 	 -0.230860 
-11.680000 	 0.177043 
-11.660000 	 0.127352 
-11.640000 	 0.110355 
-11.620000 	 -0.031077 
-11.600000 	 -0.141564 
-11.580000 	 -0.042215 
-11.560000 	 0.145447 
-11.540000 	 0.077414 
-11.520000 	 0.056935 
-11.500000 	 0.008042 
-11.480000 	 -0.031269 
-11.460000 	 -0.058384 
-11.440000 	 -0.117851 
-11.420000 	 0.126473 
-11.400000 	 0.135639 
-11.380000 	 -0.005258 
-11.360000 	 0.347044 
-11.340000 	 0.308841 
-11.320000 	 0.189432 
-11.300000 	 -0.043960 
-11.280000 	 0.055135 
-11.260000 	 0.175229 
-11.240000 	 0.057269 
-11.220000 	 -0.021344 
-11.200000 	 -0.065638 
-11.180000 	 -0.060106 
-11.160000 	 0.073324 
-11.140000 	 0.241172 
-11.120000 	 0.190133 
-11.100000 	 0.275565 
-11.080000 	 0.187259 
-11.060000 	 -0.033049 
-11.040000 	 -0.077662 
-11.020000 	 -0.326056 
-11.000000 	 0.051269 
-10.980000 	 -0.077991 
-10.960000 	 -0.218355 
-10.940000 	 -0.146745 
-10.920000 	 0.069935 
-10.900000 	 0.005626 
-10.880000 	 0.022997 
-10.860000 	 -0.067789 
-10.840000 	 -0.196826 
-10.820000 	 0.019961 
-10.800000 	 -0.142691 
-10.780000 	 0.017047 
-10.760000 	 0.008362 
-10.740000 	 -0.138613 
-10.720000 	 -0.016910 
-10.700000 	 -0.244720 
-10.680000 	 0.133690 
-10.660000 	 -0.131577 
-10.640000 	 0.362134 
-10.620000 	 0.325447 
-10.600000 	 -0.005505 
-10.580000 	 -0.187073 
-10.560000 	 -0.035625 
-10.540000 	 -0.270771 
-10.520000 	 -0.079624 
-10.500000 	 -0.091883 
-10.480000 	 -0.206179 
-10.460000 	 0.017690 
-10.440000 	 0.204231 
-10.420000 	 0.033977 
-10.400000 	 -0.107394 
-10.380000 	 -0.108890 
-10.360000 	 -0.393052 
-10.340000 	 0.034805 
-10.320000 	 0.064746 
-10.300000 	 0.022363 
-10.280000 	 0.020399 
-10.260000 	 -0.137886 
-10.240000 	 0.019740 
-10.220000 	 0.226996 
-10.200000 	 0.100264 
-10.180000 	 -0.034702 
-10.160000 	 0.128581 
-10.140000 	 -0.070146 
-10.120000 	 0.031970 
-10.100000 	 0.014160 
-10.080000 	 0.024223 
-10.060000 	 0.178403 
-10.040000 	 -0.066533 
-10.020000 	 0.237821 
-10.000000 	 0.388397 
-9.980000 	 0.108357 
-9.960000 	 -0.132045 
-9.940000 	 -0.183865 
-9.920000 	 0.003393 
-9.900000 	 -0.173829 
-9.880000 	 0.209344 
-9.860000 	 0.107962 
-9.840000 	 -0.044675 
-9.820000 	 0.109147 
-9.800000 	 -0.088243 
-9.780000 	 0.160331 
-9.760000 	 0.092445 
-9.740000 	 0.118151 
-9.720000 	 0.030241 
-9.700000 	 0.178789 
-9.680000 	 -0.035847 
-9.660000 	 0.084245 
-9.640000 	 0.119194 
-9.620000 	 -0.083588 
-9.600000 	 0.147302 
-9.580000 	 -0.181263 
-9.560000 	 0.081019 
-9.540000 	 0.192221 
-9.520000 	 -0.148996 
-9.500000 	 -0.089715 
-9.480000 	 -0.123810 
-9.460000 	 -0.059097 
-9.440000 	 -0.156865 
-9.420000 	 0.160043 
-9.400000 	 0.244594 
-9.380000 	 0.173522 
-9.360000 	 0.036684 
-9.340000 	 -0.060093 
-9.320000 	 0.071627 
-9.300000 	 0.276287 
-9.280000 	 0.118868 
-9.260000 	 0.169786 
-9.240000 	 -0.078745 
-9.220000 	 -0.006115 
-9.200000 	 0.196250 
-9.180000 	 -0.082993 
-9.160000 	 -0.026335 
-9.140000 	 -0.153969 
-9.120000 	 0.500000 
-9.100000 	 -0.058703 
-9.080000 	 0.106533 
-9.060000 	 0.086467 
-9.040000 	 -0.054337 
-9.020000 	 0.020729 
-9.000000 	 -0.011390 
-8.980000 	 0.141018 
-8.960000 	 0.161595 
-8.940000 	 -0.076799 
-8.920000 	 -0.010468 
-8.900000 	 -0.297780 
-8.880000 	 0.250882 
-8.860000 	 -0.098728 
-8.840000 	 -0.177552 
-8.820000 	 -0.108585 
-8.800000 	 -0.067915 
-8.780000 	 0.188602 
-8.760000 	 -0.019698 
-8.740000 	 -0.022602 
-8.720000 	 0.145910 
-8.700000 	 -0.007495 
-8.680000 	 -0.158879 
-8.660000 	 -0.122412 
-8.640000 	 -0.170861 
-8.620000 	 -0.225985 
-8.600000 	 -0.112216 
-8.580000 	 0.156195 
-8.560000 	 0.004211 
-8.540000 	 -0.029948 
-8.520000 	 -0.276989 
-8.500000 	 -0.113562 
-8.480000 	 -0.079080 
-8.460000 	 0.140615 
-8.440000 	 0.235394 
-8.420000 	 0.060900 
-8.400000 	 -0.084520 
-8.380000 	 0.123793 
-8.360000 	 0.006199 
-8.340000 	 0.092672 
-8.320000 	 0.225649 
-8.300000 	 0.101628 
-8.280000 	 -0.073297 
-8.260000 	 0.029209 
-8.240000 	 -0.110260 
-8.220000 	 0.014919 
-8.200000 	 0.320245 
-8.180000 	 0.068504 
-8.160000 	 -0.214359 
-8.140000 	 0.207338 
-8.120000 	 -0.312818 
-8.100000 	 0.210559 
-8.080000 	 0.017492 
-8.060000 	 0.125214 
-8.040000 	 -0.027263 
-8.020000 	 0.079154 
-8.000000 	 0.088602 
-7.980000 	 -0.081256 
-7.960000 	 0.035693 
-7.940000 	 -0.017218 
-7.920000 	 0.319885 
-7.900000 	 0.064816 
-7.880000 	 0.034389 
-7.860000 	 0.096007 
-7.840000 	 -0.011884 
-7.820000 	 -0.028333 
-7.800000 	 -0.300000 
-7.780000 	 0.057408 
-7.760000 	 0.063666 
-7.740000 	 0.137698 
-7.720000 	 -0.124792 
-7.700000 	 0.039484 
-7.680000 	 0.062917 
-7.660000 	 0.038656 
-7.640000 	 -0.113605 
-7.620000 	 0.193478 
-7.600000 	 -0.039764 
-7.580000 	 0.003880 
-7.560000 	 -0.111565 
-7.540000 	 0.086440 
-7.520000 	 0.151017 
-7.500000 	 0.050320 
-7.480000 	 -0.119271 
-7.460000 	 -0.079523 
-7.440000 	 -0.186503 
-7.420000 	 -0.230190 
-7.400000 	 0.048828 
-7.380000 	 0.184748 
-7.360000 	 0.084679 
-7.340000 	 0.100488 
-7.320000 	 -0.033895 
-7.300000 	 0.011839 
-7.280000 	 0.033601 
-7.260000 	 0.278900 
-7.240000 	 -0.006877 
-7.220000 	 0.042802 
-7.200000 	 0.105272 
-7.180000 	 0.161174 
-7.160000 	 -0.010410 
-7.140000 	 0.214010 
-7.120000 	 0.194284 
-7.100000 	 0.193309 
-7.080000 	 0.075116 
-7.060000 	 0.085484 
-7.040000 	 0.027740 
-7.020000 	 0.301759 
-7.000000 	 0.142156 
-6.980000 	 -0.066642 
-6.960000 	 0.048984 
-6.940000 	 -0.164965 
-6.920000 	 -0.093789 
-6.900000 	 -0.085564 
-6.880000 	 0.074965 
-6.860000 	 -0.128467 
-6.840000 	 -0.051890 
-6.820000 	 -0.215587 
-6.800000 	 -0.172075 
-6.780000 	 0.215913 
-6.760000 	 0.097578 
-6.740000 	 0.238498 
-6.720000 	 0.199912 
-6.700000 	 0.094055 
-6.680000 	 0.357693 
-6.660000 	 0.072234 
-6.640000 	 0.073465 
-6.620000 	 0.010253 
-6.600000 	 0.026151 
-6.580000 	 0.384523 
-6.560000 	 0.225406 
-6.540000 	 -0.050062 
-6.520000 	 0.244600 
-6.500000 	 0.311417 
-6.480000 	 -0.117471 
-6.460000 	 0.083269 
-6.440000 	 0.240033 
-6.420000 	 0.167135 
-6.400000 	 0.080461 
-6.380000 	 0.291788 
-6.360000 	 0.362209 
-6.340000 	 0.052267 
-6.320000 	 -0.038742 
-6.300000 	 0.273195 
-6.280000 	 0.109899 
-6.260000 	 0.131175 
-6.240000 	 0.089179 
-6.220000 	 0.165613 
-6.200000 	 0.241737 
-6.180000 	 0.146395 
-6.160000 	 0.104495 
-6.140000 	 0.007997 
-6.120000 	 0.125323 
-6.100000 	 0.180975 
-6.080000 	 -0.100353 
-6.060000 	 0.240558 
-6.040000 	 0.273948 
-6.020000 	 0.107217 
-6.000000 	 0.236140 
-5.980000 	 0.310223 
-5.960000 	 0.390880 
-5.940000 	 0.298104 
-5.920000 	 0.225187 
-5.900000 	 -0.003811 
-5.880000 	 0.331555 
-5.860000 	 0.308470 
-5.840000 	 0.337002 
-5.820000 	 0.411647 
-5.800000 	 0.468244 
-5.780000 	 0.299394 
-5.760000 	 0.222233 
-5.740000 	 0.274973 
-5.720000 	 0.235307 
-5.700000 	 0.513631 
-5.680000 	 0.214002 
-5.660000 	 0.335974 
-5.640000 	 0.283488 
-5.620000 	 0.346858 
-5.600000 	 0.344973 
-5.580000 	 0.184028 
-5.560000 	 0.249432 
-5.540000 	 0.343472 
-5.520000 	 0.370680 
-5.500000 	 0.305128 
-5.480000 	 0.268698 
-5.460000 	 0.350597 
-5.440000 	 0.137570 
-5.420000 	 0.274846 
-5.400000 	 0.390452 
-5.380000 	 0.447844 
-5.360000 	 0.643273 
-5.340000 	 0.291134 
-5.320000 	 0.180068 
-5.300000 	 0.240590 
-5.280000 	 0.312872 
-5.260000 	 0.634555 
-5.240000 	 0.379449 
-5.220000 	 0.291504 
-5.200000 	 0.669459 
-5.180000 	 0.190532 
-5.160000 	 0.278550 
-5.140000 	 0.395355 
-5.120000 	 0.146050 
-5.100000 	 0.382285 
-5.080000 	 0.362494 
-5.060000 	 0.155273 
-5.040000 	 0.281624 
-5.020000 	 0.215982 
-5.000000 	 0.292956 
-4.980000 	 0.306465 
-4.960000 	 0.593716 
-4.940000 	 0.728756 
-4.920000 	 0.616124 
-4.900000 	 0.489750 
-4.880000 	 0.246883 
-4.860000 	 0.425437 
-4.840000 	 0.476025 
-4.820000 	 0.636477 
-4.800000 	 0.424535 
-4.780000 	 0.435210 
-4.760000 	 0.297433 
-4.740000 	 0.333479 
-4.720000 	 0.103566 
-4.700000 	 0.800000 
-4.680000 	 0.291312 
-4.660000 	 0.391683 
-4.640000 	 0.666669 
-4.620000 	 0.482172 
-4.600000 	 0.604931 
-4.580000 	 0.291180 
-4.560000 	 0.593841 
-4.540000 	 0.480233 
-4.520000 	 0.435952 
-4.500000 	 0.595889 
-4.480000 	 0.343399 
-4.460000 	 0.479129 
-4.440000 	 0.473505 
-4.420000 	 0.586450 
-4.400000 	 0.190772 
-4.380000 	 0.804936 
-4.360000 	 0.204983 
-4.340000 	 0.300503 
-4.320000 	 0.606407 
-4.300000 	 0.396930 
-4.280000 	 0.441089 
-4.260000 	 0.430531 
-4.240000 	 0.378041 
-4.220000 	 0.323459 
-4.200000 	 0.549529 
-4.180000 	 0.470976 
-4.160000 	 0.577286 
-4.140000 	 0.750401 
-4.120000 	 0.733930 
-4.100000 	 0.547356 
-4.080000 	 0.315969 
-4.060000 	 0.366365 
-4.040000 	 0.639641 
-4.020000 	 0.500562 
-4.000000 	 0.428425 
-3.980000 	 0.707893 
-3.960000 	 0.597497 
-3.940000 	 0.202866 
-3.920000 	 0.249687 
-3.900000 	 0.680627 
-3.880000 	 0.352923 
-3.860000 	 0.438787 
-3.840000 	 0.921386 
-3.820000 	 0.441096 
-3.800000 	 0.825456 
-3.780000 	 0.792666 
-3.760000 	 0.355279 
-3.740000 	 0.568389 
-3.720000 	 0.576791 
-3.700000 	 0.386852 
-3.680000 	 0.295418 
-3.660000 	 0.650144 
-3.640000 	 0.680565 
-3.620000 	 0.488542 
-3.600000 	 0.286520 
-3.580000 	 0.486748 
-3.560000 	 0.641849 
-3.540000 	 0.369640 
-3.520000 	 0.604053 
-3.500000 	 0.530124 
-3.480000 	 0.422912 
-3.460000 	 0.673132 
-3.440000 	 0.388380 
-3.420000 	 0.423393 
-3.400000 	 0.264836 
-3.380000 	 0.473522 
-3.360000 	 0.627886 
-3.340000 	 0.460321 
-3.320000 	 0.650367 
-3.300000 	 0.251765 
-3.280000 	 0.542550 
-3.260000 	 0.364930 
-3.240000 	 0.613498 
-3.220000 	 0.729105 
-3.200000 	 0.460415 
-3.180000 	 0.285271 
-3.160000 	 0.527757 
-3.140000 	 0.699868 
-3.120000 	 0.492053 
-3.100000 	 0.649430 
-3.080000 	 0.420005 
-3.060000 	 0.141752 
-3.040000 	 0.435561 
-3.020000 	 0.358981 
-3.000000 	 0.297184 
-2.980000 	 0.727980 
-2.960000 	 0.522594 
-2.940000 	 0.104741 
-2.920000 	 0.010662 
-2.900000 	 0.651506 
-2.880000 	 0.206780 
-2.860000 	 0.441414 
-2.840000 	 0.318792 
-2.820000 	 0.439617 
-2.800000 	 0.095569 
-2.780000 	 0.509281 
-2.760000 	 0.316065 
-2.740000 	 0.385398 
-2.720000 	 0.264458 
-2.700000 	 0.258254 
-2.680000 	 0.615429 
-2.660000 	 0.164120 
-2.640000 	 0.089648 
-2.620000 	 0.260928 
-2.600000 	 0.424422 
-2.580000 	 0.465247 
-2.560000 	 0.157002 
-2.540000 	 0.143831 
-2.520000 	 0.126586 
-2.500000 	 0.237955 
-2.480000 	 0.339977 
-2.460000 	 0.381734 
-2.440000 	 0.338707 
-2.420000 	 0.318182 
-2.400000 	 0.378012 
-2.380000 	 0.229361 
-2.360000 	 0.107218 
-2.340000 	 0.130471 
-2.320000 	 0.148308 
-2.300000 	 0.372598 
-2.280000 	 0.035566 
-2.260000 	 0.182261 
-2.240000 	 0.395972 
-2.220000 	 0.200936 
-2.200000 	 0.321251 
-2.180000 	 0.371711 
-2.160000 	 0.247336 
-2.140000 	 0.380415 
-2.120000 	 0.194472 
-2.100000 	 0.127029 
-2.080000 	 0.285148 
-2.060000 	 0.177324 
-2.040000 	 -0.094865 
-2.020000 	 0.378300 
-2.000000 	 0.240530 
-1.980000 	 -0.022705 
-1.960000 	 0.138545 
-1.940000 	 0.244357 
-1.920000 	 0.272002 
-1.900000 	 0.284068 
-1.880000 	 0.130078 
-1.860000 	 -0.151197 
-1.840000 	 0.251324 
-1.820000 	 0.347758 
-1.800000 	 0.232315 
-1.780000 	 0.412578 
-1.760000 	 0.302067 
-1.740000 	 0.274992 
-1.720000 	 -0.020890 
-1.700000 	 -0.025682 
-1.680000 	 -0.187860 
-1.660000 	 0.042736 
-1.640000 	 0.198728 
-1.620000 	 0.182596 
-1.600000 	 0.160778 
-1.580000 	 0.162554 
-1.560000 	 0.156384 
-1.540000 	 0.371202 
-1.520000 	 0.356566 
-1.500000 	 0.189600 
-1.480000 	 0.185091 
-1.460000 	 0.325988 
-1.440000 	 0.403507 
-1.420000 	 0.214282 
-1.400000 	 0.209208 
-1.380000 	 0.062457 
-1.360000 	 0.226341 
-1.340000 	 -0.049674 
-1.320000 	 0.090324 
-1.300000 	 0.363790 
-1.280000 	 0.142226 
-1.260000 	 0.199174 
-1.240000 	 0.254940 
-1.220000 	 0.333283 
-1.200000 	 0.202912 
-1.180000 	 0.098274 
-1.160000 	 0.111920 
-1.140000 	 0.101602 
-1.120000 	 -0.135242 
-1.100000 	 0.175982 
-1.080000 	 0.188767 
-1.060000 	 -0.162661 
-1.040000 	 0.049172 
-1.020000 	 0.237340 
-1.000000 	 -0.082139 
-0.980000 	 0.111446 
-0.960000 	 0.052766 
-0.940000 	 0.177574 
-0.920000 	 0.225363 
-0.900000 	 -0.034808 
-0.880000 	 0.135956 
-0.860000 	 0.107443 
-0.840000 	 0.132599 
-0.820000 	 0.267152 
-0.800000 	 0.219771 
-0.780000 	 0.203656 
-0.760000 	 -0.080385 
-0.740000 	 -0.014018 
-0.720000 	 0.059907 
-0.700000 	 0.318215 
-0.680000 	 -0.025897 
-0.660000 	 0.239017 
-0.640000 	 0.180973 
-0.620000 	 0.236379 
-0.600000 	 0.084665 
-0.580000 	 0.190481 
-0.560000 	 0.182450 
-0.540000 	 -0.106316 
-0.520000 	 0.267815 
-0.500000 	 -0.004708 
-0.480000 	 -0.454846 
-0.460000 	 0.261601 
-0.440000 	 -0.079023 
-0.420000 	 0.223224 
-0.400000 	 0.190272 
-0.380000 	 0.294285 
-0.360000 	 0.233036 
-0.340000 	 0.284597 
-0.320000 	 0.328704 
-0.300000 	 0.167168 
-0.280000 	 -0.010218 
-0.260000 	 0.200674 
-0.240000 	 0.128651 
-0.220000 	 0.150276 
-0.200000 	 0.083107 
-0.180000 	 0.343334 
-0.160000 	 0.062881 
-0.140000 	 0.156055 
-0.120000 	 0.237075 
-0.100000 	 0.133591 
-0.080000 	 0.009222 
-0.060000 	 0.374906 
-0.040000 	 0.028982 
-0.020000 	 0.308542 
0.000000 	 0.304626 
0.020000 	 0.172838 
0.040000 	 0.208761 
0.060000 	 0.197677 
0.080000 	 0.390489 
0.100000 	 0.223420 
0.120000 	 0.143330 
0.140000 	 0.069196 
0.160000 	 0.330968 
0.180000 	 0.072229 
0.200000 	 0.151016 
0.220000 	 0.322808 
0.240000 	 0.258766 
0.260000 	 0.351987 
0.280000 	 0.246515 
0.300000 	 -0.028645 
0.320000 	 0.260869 
0.340000 	 0.202835 
0.360000 	 0.127615 
0.380000 	 0.107160 
0.400000 	 0.310638 
0.420000 	 0.091628 
0.440000 	 0.340459 
0.460000 	 0.176552 
0.480000 	 0.642009 
0.500000 	 0.525554 
0.520000 	 0.312999 
0.540000 	 0.672223 
0.560000 	 0.396726 
0.580000 	 0.341511 
0.600000 	 0.387179 
0.620000 	 0.355298 
0.640000 	 0.472634 
0.660000 	 0.243455 
0.680000 	 0.562203 
0.700000 	 0.348733 
0.720000 	 0.202023 
0.740000 	 0.362336 
0.760000 	 0.631696 
0.780000 	 0.477192 
0.800000 	 0.739104 
0.820000 	 0.657329 
0.840000 	 0.414797 
0.860000 	 0.311880 
0.880000 	 0.601638 
0.900000 	 0.611723 
0.920000 	 0.572923 
0.940000 	 0.447735 
0.960000 	 0.402230 
0.980000 	 0.389951 
1.000000 	 0.653106 
1.020000 	 0.561601 
1.040000 	 0.379014 
1.060000 	 0.616428 
1.080000 	 0.541963 
1.100000 	 0.602275 
1.120000 	 0.656925 
1.140000 	 0.484306 
1.160000 	 0.517903 
1.180000 	 0.519976 
1.200000 	 0.688504 
1.220000 	 0.437473 
1.240000 	 0.440788 
1.260000 	 0.413339 
1.280000 	 0.454765 
1.300000 	 0.712515 
1.320000 	 1.085143 
1.340000 	 0.704526 
1.360000 	 0.741871 
1.380000 	 0.458984 
1.400000 	 0.848375 
1.420000 	 0.419071 
1.440000 	 0.733521 
1.460000 	 0.657688 
1.480000 	 0.585964 
1.500000 	 0.730869 
1.520000 	 1.137770 
1.540000 	 0.784828 
1.560000 	 0.781854 
1.580000 	 0.640505 
1.600000 	 0.462314 
1.620000 	 0.967703 
1.640000 	 0.640007 
1.660000 	 0.744436 
1.680000 	 0.714642 
1.700000 	 0.719722 
1.720000 	 1.056623 
1.740000 	 0.857197 
1.760000 	 0.636095 
1.780000 	 0.809916 
1.800000 	 0.953185 
1.820000 	 0.770741 
1.840000 	 0.938179 
1.860000 	 1.020122 
1.880000 	 0.965443 
1.900000 	 1.018004 
1.920000 	 1.067375 
1.940000 	 1.168982 
1.960000 	 1.032599 
1.980000 	 1.090966 
2.000000 	 0.993383 
2.020000 	 1.059218 
2.040000 	 1.331796 
2.060000 	 0.497072 
2.080000 	 1.113619 
2.100000 	 1.234542 
2.120000 	 1.042441 
2.140000 	 1.004838 
2.160000 	 1.116199 
2.180000 	 0.693541 
2.200000 	 1.109878 
2.220000 	 1.229322 
2.240000 	 1.237152 
2.260000 	 0.972931 
2.280000 	 1.006096 
2.300000 	 0.643192 
2.320000 	 1.001526 
2.340000 	 0.872179 
2.360000 	 1.345447 
2.380000 	 0.987538 
2.400000 	 1.297811 
2.420000 	 1.294789 
2.440000 	 1.292456 
2.460000 	 0.976260 
2.480000 	 1.182164 
2.500000 	 1.162320 
2.520000 	 1.293465 
2.540000 	 1.185982 
2.560000 	 1.157862 
2.580000 	 1.271039 
2.600000 	 1.127547 
2.620000 	 1.341444 
2.640000 	 1.282543 
2.660000 	 1.298352 
2.680000 	 1.374969 
2.700000 	 1.212396 
2.720000 	 1.402567 
2.740000 	 1.247795 
2.760000 	 1.206232 
2.780000 	 1.002825 
2.800000 	 1.092971 
2.820000 	 1.457328 
2.840000 	 1.324504 
2.860000 	 1.354256 
2.880000 	 1.514642 
2.900000 	 1.492740 
2.920000 	 1.261474 
2.940000 	 1.458388 
2.960000 	 1.555578 
2.980000 	 1.280509 
3.000000 	 1.455048 
3.020000 	 1.449698 
3.040000 	 1.284397 
3.060000 	 1.497672 
3.080000 	 1.438266 
3.100000 	 1.506227 
3.120000 	 1.425814 
3.140000 	 1.426356 
3.160000 	 1.551092 
3.180000 	 1.627944 
3.200000 	 1.542062 
3.220000 	 1.415581 
3.240000 	 1.589239 
3.260000 	 1.651783 
3.280000 	 1.293795 
3.300000 	 1.485418 
3.320000 	 1.375878 
3.340000 	 1.532573 
3.360000 	 1.486253 
3.380000 	 1.660288 
3.400000 	 1.670188 
3.420000 	 1.638384 
3.440000 	 1.470374 
3.460000 	 1.722204 
3.480000 	 1.564971 
3.500000 	 1.791157 
3.520000 	 1.480757 
3.540000 	 1.874943 
3.560000 	 1.761036 
3.580000 	 1.460818 
3.600000 	 1.758742 
3.620000 	 1.657888 
3.640000 	 1.529327 
3.660000 	 1.480088 
3.680000 	 1.691137 
3.700000 	 1.598656 
3.720000 	 1.627761 
3.740000 	 1.608242 
3.760000 	 1.682577 
3.780000 	 1.246031 
3.800000 	 1.594713 
3.820000 	 1.670979 
3.840000 	 1.606228 
3.860000 	 1.847900 
3.880000 	 1.588121 
3.900000 	 1.465497 
3.920000 	 1.646311 
3.940000 	 1.676997 
3.960000 	 1.616023 
3.980000 	 1.535778 
4.000000 	 1.523564 
4.020000 	 1.781641 
4.040000 	 1.682513 
4.060000 	 1.377805 
4.080000 	 1.875839 
4.100000 	 1.437499 
4.120000 	 1.783547 
4.140000 	 1.566961 
4.160000 	 1.517073 
4.180000 	 1.544143 
4.200000 	 1.622966 
4.220000 	 1.602950 
4.240000 	 1.501101 
4.260000 	 1.566765 
4.280000 	 1.545485 
4.300000 	 1.526253 
4.320000 	 1.688521 
4.340000 	 1.312036 
4.360000 	 1.320205 
4.380000 	 1.590688 
4.400000 	 1.465257 
4.420000 	 1.519964 
4.440000 	 1.535549 
4.460000 	 1.464152 
4.480000 	 1.417457 
4.500000 	 1.611904 
4.520000 	 1.812792 
4.540000 	 1.614436 
4.560000 	 1.652019 
4.580000 	 1.590655 
4.600000 	 1.607121 
4.620000 	 1.447264 
4.640000 	 1.316971 
4.660000 	 1.587585 
4.680000 	 1.397068 
4.700000 	 1.495661 
4.720000 	 1.316292 
4.740000 	 1.385051 
4.760000 	 1.553427 
4.780000 	 1.518757 
4.800000 	 1.441407 
4.820000 	 1.450078 
4.840000 	 1.512713 
4.860000 	 1.509339 
4.880000 	 1.469471 
4.900000 	 1.555803 
4.920000 	 1.324110 
4.940000 	 1.237520 
4.960000 	 1.234724 
4.980000 	 1.586458 
5.000000 	 1.511424 
5.020000 	 1.417664 
5.040000 	 1.470248 
5.060000 	 1.357817 
5.080000 	 1.469835 
5.100000 	 1.171070 
5.120000 	 1.561024 
5.140000 	 1.298738 
5.160000 	 1.350731 
5.180000 	 1.498854 
5.200000 	 1.435891 
5.220000 	 1.370620 
5.240000 	 1.292276 
5.260000 	 1.341755 
5.280000 	 1.401825 
5.300000 	 1.374641 
5.320000 	 1.568379 
5.340000 	 1.345620 
5.360000 	 1.392492 
5.380000 	 1.110628 
5.400000 	 1.199838 
5.420000 	 1.175687 
5.440000 	 1.214296 
5.460000 	 1.341536 
5.480000 	 1.274645 
5.500000 	 1.282053 
5.520000 	 1.372737 
5.540000 	 1.159448 
5.560000 	 1.094952 
5.580000 	 1.418223 
5.600000 	 1.208381 
5.620000 	 1.037381 
5.640000 	 0.965713 
5.660000 	 1.127882 
5.680000 	 1.072817 
5.700000 	 1.278890 
5.720000 	 1.037699 
5.740000 	 1.125875 
5.760000 	 1.067936 
5.780000 	 1.133196 
5.800000 	 1.082379 
5.820000 	 0.814754 
5.840000 	 1.126616 
5.860000 	 1.146709 
5.880000 	 1.164974 
5.900000 	 1.029166 
5.920000 	 0.522914 
5.940000 	 1.059704 
5.960000 	 1.051630 
5.980000 	 1.192114 
6.000000 	 0.830890 
6.020000 	 0.898029 
6.040000 	 0.779483 
6.060000 	 0.875908 
6.080000 	 0.843449 
6.100000 	 1.096676 
6.120000 	 0.801055 
6.140000 	 1.086774 
6.160000 	 1.037389 
6.180000 	 0.857819 
6.200000 	 0.806229 
6.220000 	 0.833701 
6.240000 	 1.083463 
6.260000 	 0.726896 
6.280000 	 1.066592 
6.300000 	 1.061546 
6.320000 	 0.744678 
6.340000 	 0.659776 
6.360000 	 0.589796 
6.380000 	 0.755901 
6.400000 	 0.933679 
6.420000 	 0.924869 
6.440000 	 0.456288 
6.460000 	 0.636989 
6.480000 	 0.645936 
6.500000 	 0.754404 
6.520000 	 0.768932 
6.540000 	 0.583038 
6.560000 	 0.595924 
6.580000 	 0.693401 
6.600000 	 0.542758 
6.620000 	 0.660600 
6.640000 	 0.771186 
6.660000 	 0.483881 
6.680000 	 0.326817 
6.700000 	 0.969347 
6.720000 	 0.766929 
6.740000 	 0.494644 
6.760000 	 0.359750 
6.780000 	 0.795361 
6.800000 	 0.503466 
6.820000 	 0.529151 
6.840000 	 0.600904 
6.860000 	 0.810873 
6.880000 	 0.380315 
6.900000 	 0.666111 
6.920000 	 0.346165 
6.940000 	 0.501694 
6.960000 	 0.438207 
6.980000 	 0.504654 
7.000000 	 0.482292 
7.020000 	 0.397363 
7.040000 	 0.322908 
7.060000 	 0.604780 
7.080000 	 1.000000 
7.100000 	 0.536141 
7.120000 	 0.457959 
7.140000 	 0.517436 
7.160000 	 0.503300 
7.180000 	 0.638672 
7.200000 	 0.286717 
7.220000 	 0.397297 
7.240000 	 0.322488 
7.260000 	 0.360805 
7.280000 	 0.556189 
7.300000 	 0.281017 
7.320000 	 0.240791 
7.340000 	 0.498928 
7.360000 	 0.326285 
7.380000 	 0.232362 
7.400000 	 0.136544 
7.420000 	 0.261519 
7.440000 	 0.350968 
7.460000 	 0.353947 
7.480000 	 0.304438 
7.500000 	 0.541352 
7.520000 	 0.283442 
7.540000 	 0.449174 
7.560000 	 0.456718 
7.580000 	 0.557155 
7.600000 	 0.336928 
7.620000 	 0.170770 
7.640000 	 0.175869 
7.660000 	 0.424544 
7.680000 	 0.315412 
7.700000 	 0.329571 
7.720000 	 0.214897 
7.740000 	 0.364187 
7.760000 	 0.140241 
7.780000 	 0.164306 
7.800000 	 0.241209 
7.820000 	 0.200328 
7.840000 	 0.140592 
7.860000 	 0.118827 
7.880000 	 0.237462 
7.900000 	 0.261578 
7.920000 	 0.172681 
7.940000 	 0.019008 
7.960000 	 0.346864 
7.980000 	 0.161960 
8.000000 	 0.266838 
8.020000 	 0.308192 
8.040000 	 0.287784 
8.060000 	 -0.002150 
8.080000 	 0.312769 
8.100000 	 0.339978 
8.120000 	 -0.022604 
8.140000 	 0.269317 
8.160000 	 0.209518 
8.180000 	 0.384994 
8.200000 	 0.326061 
8.220000 	 0.343683 
8.240000 	 0.301381 
8.260000 	 0.442686 
8.280000 	 0.119911 
8.300000 	 0.451941 
8.320000 	 0.067896 
8.340000 	 0.277953 
8.360000 	 0.082194 
8.380000 	 0.246219 
8.400000 	 0.354978 
8.420000 	 -0.127965 
8.440000 	 0.128649 
8.460000 	 0.224722 
8.480000 	 0.316856 
8.500000 	 0.138074 
8.520000 	 0.130101 
8.540000 	 0.244642 
8.560000 	 0.287909 
8.580000 	 0.398296 
8.600000 	 0.133046 
8.620000 	 0.073294 
8.640000 	 0.300842 
8.660000 	 0.188451 
8.680000 	 -0.007067 
8.700000 	 0.238877 
8.720000 	 0.003729 
8.740000 	 -0.134806 
8.760000 	 0.020279 
8.780000 	 0.221553 
8.800000 	 0.212320 
8.820000 	 -0.018408 
8.840000 	 0.175315 
8.860000 	 0.241067 
8.880000 	 0.136361 
8.900000 	 0.085336 
8.920000 	 0.108442 
8.940000 	 0.148267 
8.960000 	 -0.067648 
8.980000 	 0.207769 
9.000000 	 -0.037896 
9.020000 	 0.211136 
9.040000 	 0.122868 
9.060000 	 0.089066 
9.080000 	 0.144203 
9.100000 	 0.174825 
9.120000 	 -0.129359 
9.140000 	 0.153859 
9.160000 	 0.173048 
9.180000 	 0.262811 
9.200000 	 0.043820 
9.220000 	 0.014866 
9.240000 	 0.301722 
9.260000 	 0.200641 
9.280000 	 -0.107782 
9.300000 	 0.023485 
9.320000 	 0.171201 
9.340000 	 -0.134452 
9.360000 	 0.282686 
9.380000 	 -0.079222 
9.400000 	 -0.024236 
9.420000 	 0.216729 
9.440000 	 0.500000 
9.460000 	 0.023061 
9.480000 	 -0.097349 
9.500000 	 0.236981 
9.520000 	 -0.084784 
9.540000 	 0.148709 
9.560000 	 -0.167199 
9.580000 	 0.073023 
9.600000 	 0.158450 
9.620000 	 0.249803 
9.640000 	 0.064506 
9.660000 	 0.223640 
9.680000 	 0.013589 
9.700000 	 0.167579 
9.720000 	 0.211765 
9.740000 	 -0.049610 
9.760000 	 0.022512 
9.780000 	 0.035143 
9.800000 	 -0.124746 
9.820000 	 -0.152172 
9.840000 	 0.132729 
9.860000 	 -0.036983 
9.880000 	 0.033253 
9.900000 	 0.411494 
9.920000 	 0.097065 
9.940000 	 0.041646 
9.960000 	 -0.130394 
9.980000 	 -0.014880 
10.000000 	 0.145556 
10.020000 	 0.083453 
10.040000 	 0.173241 
10.060000 	 -0.096602 
10.080000 	 0.320793 
10.100000 	 0.107614 
10.120000 	 0.226246 
10.140000 	 0.041444 
10.160000 	 0.032399 
10.180000 	 0.108489 
10.200000 	 0.167139 
10.220000 	 0.109616 
10.240000 	 0.433346 
10.260000 	 -0.058806 
10.280000 	 -0.022422 
10.300000 	 0.001766 
10.320000 	 -0.113701 
10.340000 	 0.207742 
10.360000 	 0.008309 
10.380000 	 -0.050506 
10.400000 	 0.060862 
10.420000 	 -0.112689 
10.440000 	 0.256126 
10.460000 	 -0.023475 
10.480000 	 0.094015 
10.500000 	 -0.194009 
10.520000 	 0.194490 
10.540000 	 0.249386 
10.560000 	 0.041327 
10.580000 	 -0.101310 
10.600000 	 -0.222757 
10.620000 	 0.004287 
10.640000 	 0.070932 
10.660000 	 -0.089200 
10.680000 	 -0.034810 
10.700000 	 -0.050242 
10.720000 	 -0.100714 
10.740000 	 0.175536 
10.760000 	 0.043524 
10.780000 	 0.182334 
10.800000 	 -0.035865 
10.820000 	 -0.109900 
10.840000 	 0.163984 
10.860000 	 -0.115711 
10.880000 	 0.068583 
10.900000 	 -0.154981 
10.920000 	 0.308740 
10.940000 	 0.219131 
10.960000 	 -0.189068 
10.980000 	 0.018855 
11.000000 	 -0.073932 
11.020000 	 0.125967 
11.040000 	 -0.238542 
11.060000 	 -0.095930 
11.080000 	 0.129950 
11.100000 	 0.189423 
11.120000 	 0.049622 
11.140000 	 0.001046 
11.160000 	 -0.062107 
11.180000 	 0.027948 
11.200000 	 0.218305 
11.220000 	 -0.025266 
11.240000 	 -0.038095 
11.260000 	 0.107087 
11.280000 	 0.057592 
11.300000 	 -0.099074 
11.320000 	 -0.204237 
11.340000 	 0.153363 
11.360000 	 -0.155343 
11.380000 	 0.109600 
11.400000 	 -0.184346 
11.420000 	 -0.134231 
11.440000 	 0.231740 
11.460000 	 0.062450 
11.480000 	 0.035488 
11.500000 	 -0.196337 
11.520000 	 -0.057179 
11.540000 	 0.095689 
11.560000 	 0.119412 
11.580000 	 -0.309222 
11.600000 	 -0.046203 
11.620000 	 0.024081 
11.640000 	 -0.137028 
11.660000 	 -0.189769 
11.680000 	 0.070049 
11.700000 	 -0.003720 
11.720000 	 0.156496 
11.740000 	 0.065822 
11.760000 	 0.172174 
11.780000 	 0.041495 
11.800000 	 0.110590 
11.820000 	 -0.140818 
11.840000 	 0.179729 
11.860000 	 -0.042163 
11.880000 	 0.127582 
11.900000 	 -0.182715 
11.920000 	 0.100201 
11.940000 	 0.205311 
11.960000 	 0.219941 
11.980000 	 -0.047763 
12.000000 	 -0.170074 
12.020000 	 0.214181 
12.040000 	 -0.176743 
12.060000 	 -0.163077 
12.080000 	 -0.268933 
12.100000 	 0.120870 
12.120000 	 -0.080681 
12.140000 	 -0.082497 
12.160000 	 -0.090525 
12.180000 	 -0.048153 
12.200000 	 -0.060925 
12.220000 	 -0.072156 
12.240000 	 -0.361007 
12.260000 	 0.225838 
12.280000 	 0.175437 
12.300000 	 -0.046394 
12.320000 	 -0.069318 
12.340000 	 0.065764 
12.360000 	 -0.114635 
12.380000 	 -0.086967 
12.400000 	 0.000595 
12.420000 	 -0.080501 
12.440000 	 0.017659 
12.460000 	 0.266523 
12.480000 	 -0.217471 
12.500000 	 -0.025502 
12.520000 	 -0.316437 
12.540000 	 -0.063623 
12.560000 	 -0.156993 
12.580000 	 0.043206 
12.600000 	 -0.243943 
12.620000 	 0.107902 
12.640000 	 0.035566 
12.660000 	 -0.168218 
12.680000 	 -0.149235 
12.700000 	 -0.251609 
12.720000 	 -0.268677 
12.740000 	 0.012452 
12.760000 	 -0.027901 
12.780000 	 -0.258766 
12.800000 	 0.315580 
12.820000 	 0.223333 
12.840000 	 0.061614 
12.860000 	 -0.107195 
12.880000 	 -0.157064 
12.900000 	 -0.076244 
12.920000 	 -0.141404 
12.940000 	 -0.069830 
12.960000 	 -0.268620 
12.980000 	 -0.122769 
13.000000 	 0.139943 
13.020000 	 -0.085283 
13.040000 	 0.013877 
13.060000 	 0.064626 
13.080000 	 0.059290 
13.100000 	 -0.133942 
13.120000 	 -0.329975 
13.140000 	 0.081598 
13.160000 	 -0.265957 
13.180000 	 0.121367 
13.200000 	 -0.006043 
13.220000 	 0.186553 
13.240000 	 -0.166034 
13.260000 	 0.124807 
13.280000 	 -0.044199 
13.300000 	 0.020561 
13.320000 	 -0.211019 
13.340000 	 0.044688 
13.360000 	 0.014545 
13.380000 	 -0.221089 
13.400000 	 -0.160803 
13.420000 	 -0.092535 
13.440000 	 0.047275 
13.460000 	 0.078568 
13.480000 	 -0.092643 
13.500000 	 -0.041166 
13.520000 	 -0.085924 
13.540000 	 -0.105676 
13.560000 	 0.041801 
13.580000 	 0.117794 
13.600000 	 -0.172752 
13.620000 	 -0.053115 
13.640000 	 -0.307502 
13.660000 	 -0.025219 
13.680000 	 0.105007 
13.700000 	 0.088832 
13.720000 	 0.283194 
13.740000 	 -0.048417 
13.760000 	 0.035339 
13.780000 	 0.023225 
13.800000 	 -0.259619 
13.820000 	 -0.117649 
13.840000 	 0.126441 
13.860000 	 0.294238 
13.880000 	 0.127645 
13.900000 	 -0.033049 
13.920000 	 -0.131153 
13.940000 	 0.222476 
13.960000 	 -0.063959 
13.980000 	 0.257432 
14.000000 	 -0.243764 
14.020000 	 0.109089 
14.040000 	 0.043913 
14.060000 	 0.088978 
14.080000 	 0.116702 
14.100000 	 -0.026470 
14.120000 	 0.077742 
14.140000 	 -0.112313 
14.160000 	 -0.088359 
14.180000 	 -0.023594 
14.200000 	 -0.014232 
14.220000 	 -0.113061 
14.240000 	 -0.034708 
14.260000 	 0.075248 
14.280000 	 0.029987 
14.300000 	 0.257686 
14.320000 	 0.011987 
14.340000 	 -0.062225 
14.360000 	 -0.102632 
14.380000 	 0.145031 
14.400000 	 -0.182019 
14.420000 	 -0.083596 
14.440000 	 0.046349 
14.460000 	 -0.055656 
14.480000 	 -0.270484 
14.500000 	 0.128637 
14.520000 	 0.165362 
14.540000 	 0.004970 
14.560000 	 -0.051980 
14.580000 	 -0.127518 
14.600000 	 -0.113723 
14.620000 	 0.137006 
14.640000 	 -0.166139 
14.660000 	 -0.117781 
14.680000 	 -0.135907 
14.700000 	 -0.009503 
14.720000 	 0.147660 
14.740000 	 0.258323 
14.760000 	 0.009078 
14.780000 	 0.220630 
14.800000 	 -0.114713 
14.820000 	 -0.188154 
14.840000 	 0.081707 
14.860000 	 0.281889 
14.880000 	 0.039101 
14.900000 	 0.053368 
14.920000 	 -0.299344 
14.940000 	 0.053202 
14.960000 	 -0.203620 
14.980000 	 0.170086 
15.000000 	 0.074504 
