-15.000000 	 -0.142852 
-14.980000 	 -0.237079 
-14.960000 	 -0.095266 
-14.940000 	 0.174809 
-14.920000 	 -0.063647 
-14.900000 	 -0.154080 
-14.880000 	 0.121034 
-14.860000 	 -0.059556 
-14.840000 	 0.185088 
-14.820000 	 0.186731 
-14.800000 	 0.008956 
-14.780000 	 0.254558 
-14.760000 	 -0.262361 
-14.740000 	 -0.210434 
-14.720000 	 0.215409 
-14.700000 	 -0.200608 
-14.680000 	 -0.010375 
-14.660000 	 -0.132685 
-14.640000 	 0.005970 
-14.620000 	 0.202084 
-14.600000 	 0.030372 
-14.580000 	 -0.037615 
-14.560000 	 -0.153569 
-14.540000 	 0.027755 
-14.520000 	 0.030472 
-14.500000 	 0.130676 
-14.480000 	 0.278095 
-14.460000 	 0.035944 
-14.440000 	 -0.147850 
-14.420000 	 0.065998 
-14.400000 	 -0.192175 
-14.380000 	 0.131672 
-14.360000 	 0.157877 
-14.340000 	 0.163816 
-14.320000 	 1.000000 
-14.300000 	 0.058140 
-14.280000 	 0.097569 
-14.260000 	 -0.137441 
-14.240000 	 -0.014511 
-14.220000 	 -0.109727 
-14.200000 	 -0.033065 
-14.180000 	 0.343218 
-14.160000 	 0.084942 
-14.140000 	 -0.293913 
-14.120000 	 0.206329 
-14.100000 	 0.123319 
-14.080000 	 -0.217222 
-14.060000 	 -0.017880 
-14.040000 	 -0.086036 
-14.020000 	 0.084703 
-14.000000 	 0.131867 
-13.980000 	 0.096198 
-13.960000 	 0.456916 
-13.940000 	 -0.066044 
-13.920000 	 0.229549 
-13.900000 	 0.007849 
-13.880000 	 0.071202 
-13.860000 	 -0.019657 
-13.840000 	 -0.134153 
-13.820000 	 0.218826 
-13.800000 	 -0.073514 
-13.780000 	 -0.038002 
-13.760000 	 -0.151441 
-13.740000 	 0.016587 
-13.720000 	 0.177084 
-13.700000 	 -0.060573 
-13.680000 	 0.065735 
-13.660000 	 -0.159932 
-13.640000 	 -0.193676 
-13.620000 	 -0.351917 
-13.600000 	 -0.055875 
-13.580000 	 -0.247434 
-13.560000 	 -0.196463 
-13.540000 	 0.153035 
-13.520000 	 -0.107179 
-13.500000 	 -0.100672 
-13.480000 	 0.162823 
-13.460000 	 -0.059106 
-13.440000 	 0.159798 
-13.420000 	 0.036887 
-13.400000 	 -0.018059 
-13.380000 	 -0.105594 
-13.360000 	 0.104454 
-13.340000 	 0.107362 
-13.320000 	 0.107626 
-13.300000 	 -0.312073 
-13.280000 	 -0.117247 
-13.260000 	 -0.170386 
-13.240000 	 -0.079739 
-13.220000 	 0.038935 
-13.200000 	 0.369057 
-13.180000 	 -0.042157 
-13.160000 	 0.243783 
-13.140000 	 0.016911 
-13.120000 	 0.076940 
-13.100000 	 -0.073552 
-13.080000 	 0.294258 
-13.060000 	 -0.281141 
-13.040000 	 0.137280 
-13.020000 	 -0.115301 
-13.000000 	 -0.290615 
-12.980000 	 -0.064797 
-12.960000 	 -0.324829 
-12.940000 	 0.304334 
-12.920000 	 0.136065 
-12.900000 	 -0.040651 
-12.880000 	 -0.018409 
-12.860000 	 -0.005151 
-12.840000 	 0.040877 
-12.820000 	 0.004661 
-12.800000 	 0.026597 
-12.780000 	 -0.126251 
-12.760000 	 -0.091425 
-12.740000 	 -0.026865 
-12.720000 	 -0.144869 
-12.700000 	 -0.235518 
-12.680000 	 -0.021399 
-12.660000 	 -0.034300 
-12.640000 	 0.069896 
-12.620000 	 0.024837 
-12.600000 	 -0.016378 
-12.580000 	 0.037887 
-12.560000 	 0.253306 
-12.540000 	 0.259219 
-12.520000 	 -0.035036 
-12.500000 	 0.195563 
-12.480000 	 -0.000025 
-12.460000 	 0.108555 
-12.440000 	 -0.111793 
-12.420000 	 0.309182 
-12.400000 	 0.150232 
-12.380000 	 0.153034 
-12.360000 	 -0.022877 
-12.340000 	 -0.063684 
-12.320000 	 0.113998 
-12.300000 	 -0.031418 
-12.280000 	 -0.192487 
-12.260000 	 0.068958 
-12.240000 	 0.132565 
-12.220000 	 -0.142230 
-12.200000 	 -0.196912 
-12.180000 	 -0.072822 
-12.160000 	 -0.010382 
-12.140000 	 0.050969 
-12.120000 	 0.085352 
-12.100000 	 0.276134 
-12.080000 	 0.226646 
-12.060000 	 -0.069112 
-12.040000 	 -0.094167 
-12.020000 	 0.027514 
-12.000000 	 -0.130209 
-11.980000 	 0.047463 
-11.960000 	 -0.201381 
-11.940000 	 0.015416 
-11.920000 	 0.062198 
-11.900000 	 -0.144717 
-11.880000 	 -0.087234 
-11.860000 	 0.115649 
-11.840000 	 -0.172162 
-11.820000 	 0.044777 
-11.800000 	 0.220343 
-11.780000 	 0.089367 
-11.760000 	 -0.004391 
-11.740000 	 0.298975 
-11.720000 	 -0.166212 
-11.700000 	 0.357888 
-11.680000 	 -0.062079 
-11.660000 	 -0.021357 
-11.640000 	 -0.051557 
-11.620000 	 -0.052133 
-11.600000 	 0.244395 
-11.580000 	 0.062197 
-11.560000 	 0.099404 
-11.540000 	 -0.059448 
-11.520000 	 -0.164918 
-11.500000 	 -0.151761 
-11.480000 	 0.046274 
-11.460000 	 -0.238686 
-11.440000 	 0.278023 
-11.420000 	 0.076886 
-11.400000 	 -0.201337 
-11.380000 	 0.079145 
-11.360000 	 0.011795 
-11.340000 	 -0.000095 
-11.320000 	 0.218904 
-11.300000 	 0.035500 
-11.280000 	 -0.323998 
-11.260000 	 0.059184 
-11.240000 	 -0.150232 
-11.220000 	 -0.004996 
-11.200000 	 -0.211740 
-11.180000 	 0.083354 
-11.160000 	 -0.029430 
-11.140000 	 -0.151553 
-11.120000 	 -0.202869 
-11.100000 	 0.019314 
-11.080000 	 0.050863 
-11.060000 	 0.144459 
-11.040000 	 0.155212 
-11.020000 	 -0.178587 
-11.000000 	 0.042954 
-10.980000 	 -0.206118 
-10.960000 	 -0.211409 
-10.940000 	 0.169036 
-10.920000 	 -0.124962 
-10.900000 	 0.184692 
-10.880000 	 -0.095435 
-10.860000 	 -0.108662 
-10.840000 	 -0.129742 
-10.820000 	 0.118546 
-10.800000 	 0.137985 
-10.780000 	 0.374899 
-10.760000 	 0.181804 
-10.740000 	 0.074787 
-10.720000 	 -0.037484 
-10.700000 	 -0.021425 
-10.680000 	 0.171751 
-10.660000 	 -0.058114 
-10.640000 	 0.017026 
-10.620000 	 0.060287 
-10.600000 	 0.244389 
-10.580000 	 0.210746 
-10.560000 	 0.063859 
-10.540000 	 0.191780 
-10.520000 	 0.139666 
-10.500000 	 0.097401 
-10.480000 	 0.157903 
-10.460000 	 -0.003134 
-10.440000 	 -0.140753 
-10.420000 	 0.155189 
-10.400000 	 -0.287459 
-10.380000 	 0.024383 
-10.360000 	 -0.072869 
-10.340000 	 0.072816 
-10.320000 	 -0.117159 
-10.300000 	 0.061107 
-10.280000 	 -0.151477 
-10.260000 	 0.320611 
-10.240000 	 0.064067 
-10.220000 	 -0.149326 
-10.200000 	 -0.256549 
-10.180000 	 0.043850 
-10.160000 	 -0.076073 
-10.140000 	 -0.130418 
-10.120000 	 -0.006029 
-10.100000 	 0.101659 
-10.080000 	 -0.096408 
-10.060000 	 -0.012304 
-10.040000 	 -0.150943 
-10.020000 	 -0.124344 
-10.000000 	 -0.119667 
-9.980000 	 0.096228 
-9.960000 	 -0.351598 
-9.940000 	 0.039098 
-9.920000 	 0.413202 
-9.900000 	 -0.022483 
-9.880000 	 0.007612 
-9.860000 	 0.098569 
-9.840000 	 0.073357 
-9.820000 	 -0.386681 
-9.800000 	 -0.037849 
-9.780000 	 -0.074205 
-9.760000 	 -0.330902 
-9.740000 	 0.272619 
-9.720000 	 -0.187348 
-9.700000 	 -0.156026 
-9.680000 	 -0.167421 
-9.660000 	 0.177834 
-9.640000 	 0.206898 
-9.620000 	 -0.037949 
-9.600000 	 -0.033443 
-9.580000 	 0.065796 
-9.560000 	 -0.113420 
-9.540000 	 -0.061111 
-9.520000 	 -0.243916 
-9.500000 	 0.096953 
-9.480000 	 0.026889 
-9.460000 	 0.357120 
-9.440000 	 0.059478 
-9.420000 	 0.268832 
-9.400000 	 -0.027749 
-9.380000 	 -0.042616 
-9.360000 	 -0.338227 
-9.340000 	 -0.155038 
-9.320000 	 0.203804 
-9.300000 	 0.109728 
-9.280000 	 0.180097 
-9.260000 	 -0.207474 
-9.240000 	 0.057243 
-9.220000 	 -0.104916 
-9.200000 	 0.070765 
-9.180000 	 -0.126372 
-9.160000 	 0.175057 
-9.140000 	 0.030656 
-9.120000 	 -0.277653 
-9.100000 	 -0.016043 
-9.080000 	 0.010312 
-9.060000 	 0.080896 
-9.040000 	 -0.069659 
-9.020000 	 -0.027472 
-9.000000 	 -0.191484 
-8.980000 	 0.315980 
-8.960000 	 0.178126 
-8.940000 	 -0.106082 
-8.920000 	 0.396817 
-8.900000 	 0.179371 
-8.880000 	 0.003792 
-8.860000 	 0.066766 
-8.840000 	 0.050309 
-8.820000 	 0.146951 
-8.800000 	 0.061706 
-8.780000 	 0.047676 
-8.760000 	 0.073595 
-8.740000 	 0.157156 
-8.720000 	 0.324073 
-8.700000 	 -0.022100 
-8.680000 	 0.137566 
-8.660000 	 0.108696 
-8.640000 	 0.055499 
-8.620000 	 0.063619 
-8.600000 	 -0.038797 
-8.580000 	 -0.113844 
-8.560000 	 -0.226383 
-8.540000 	 -0.039844 
-8.520000 	 0.153447 
-8.500000 	 0.085141 
-8.480000 	 -0.001089 
-8.460000 	 -0.042182 
-8.440000 	 0.168500 
-8.420000 	 0.216423 
-8.400000 	 0.411144 
-8.380000 	 0.086307 
-8.360000 	 0.106682 
-8.340000 	 -0.072759 
-8.320000 	 -0.048243 
-8.300000 	 -0.069349 
-8.280000 	 0.152615 
-8.260000 	 0.008675 
-8.240000 	 -0.174165 
-8.220000 	 0.122942 
-8.200000 	 -0.337796 
-8.180000 	 -0.079008 
-8.160000 	 -0.191526 
-8.140000 	 -0.040045 
-8.120000 	 0.144852 
-8.100000 	 -0.190746 
-8.080000 	 -0.005960 
-8.060000 	 -0.033239 
-8.040000 	 0.004380 
-8.020000 	 -0.152150 
-8.000000 	 -0.025880 
-7.980000 	 0.424164 
-7.960000 	 -0.011675 
-7.940000 	 -0.085911 
-7.920000 	 -0.035279 
-7.900000 	 -0.068238 
-7.880000 	 -0.194060 
-7.860000 	 -0.122645 
-7.840000 	 -0.021407 
-7.820000 	 0.065745 
-7.800000 	 0.108275 
-7.780000 	 0.184396 
-7.760000 	 0.019610 
-7.740000 	 0.074180 
-7.720000 	 0.057959 
-7.700000 	 0.023325 
-7.680000 	 -0.122154 
-7.660000 	 0.043565 
-7.640000 	 0.044803 
-7.620000 	 -0.136472 
-7.600000 	 0.177013 
-7.580000 	 0.047047 
-7.560000 	 0.200000 
-7.540000 	 0.106087 
-7.520000 	 0.361997 
-7.500000 	 -0.226574 
-7.480000 	 -0.067912 
-7.460000 	 -0.037470 
-7.440000 	 -0.049148 
-7.420000 	 0.059821 
-7.400000 	 0.028665 
-7.380000 	 -0.035352 
-7.360000 	 0.027213 
-7.340000 	 -0.248367 
-7.320000 	 0.278781 
-7.300000 	 0.096352 
-7.280000 	 0.014670 
-7.260000 	 0.384199 
-7.240000 	 0.141066 
-7.220000 	 -0.164489 
-7.200000 	 -0.136532 
-7.180000 	 0.090365 
-7.160000 	 -0.074303 
-7.140000 	 -0.103822 
-7.120000 	 -0.040366 
-7.100000 	 0.031412 
-7.080000 	 -0.235358 
-7.060000 	 0.066936 
-7.040000 	 0.101091 
-7.020000 	 0.006101 
-7.000000 	 0.263091 
-6.980000 	 0.130419 
-6.960000 	 0.188272 
-6.940000 	 0.167872 
-6.920000 	 -0.076784 
-6.900000 	 0.075644 
-6.880000 	 0.113769 
-6.860000 	 0.046167 
-6.840000 	 -0.049979 
-6.820000 	 0.191190 
-6.800000 	 0.070431 
-6.780000 	 0.394683 
-6.760000 	 -0.158005 
-6.740000 	 0.204997 
-6.720000 	 0.160467 
-6.700000 	 -0.011343 
-6.680000 	 0.046523 
-6.660000 	 0.156906 
-6.640000 	 -0.044497 
-6.620000 	 0.043142 
-6.600000 	 -0.016896 
-6.580000 	 -0.076915 
-6.560000 	 -0.169488 
-6.540000 	 0.201829 
-6.520000 	 -0.086668 
-6.500000 	 -0.108840 
-6.480000 	 0.295001 
-6.460000 	 0.039507 
-6.440000 	 0.091631 
-6.420000 	 0.487747 
-6.400000 	 0.294289 
-6.380000 	 0.014417 
-6.360000 	 0.572160 
-6.340000 	 0.007432 
-6.320000 	 0.223673 
-6.300000 	 -0.028339 
-6.280000 	 0.084456 
-6.260000 	 0.196028 
-6.240000 	 0.249967 
-6.220000 	 0.100210 
-6.200000 	 0.328958 
-6.180000 	 -0.168408 
-6.160000 	 0.287833 
-6.140000 	 0.337093 
-6.120000 	 -0.135361 
-6.100000 	 0.213129 
-6.080000 	 0.231761 
-6.060000 	 0.439580 
-6.040000 	 0.139449 
-6.020000 	 0.187425 
-6.000000 	 -0.070572 
-5.980000 	 0.163915 
-5.960000 	 0.344045 
-5.940000 	 0.179780 
-5.920000 	 0.221515 
-5.900000 	 0.167642 
-5.880000 	 0.153537 
-5.860000 	 0.318300 
-5.840000 	 0.467047 
-5.820000 	 0.311168 
-5.800000 	 0.063109 
-5.780000 	 0.321312 
-5.760000 	 0.180182 
-5.740000 	 0.294395 
-5.720000 	 0.407140 
-5.700000 	 0.397273 
-5.680000 	 0.324602 
-5.660000 	 0.518294 
-5.640000 	 0.408857 
-5.620000 	 0.317598 
-5.600000 	 0.337675 
-5.580000 	 0.156051 
-5.560000 	 0.513889 
-5.540000 	 0.081151 
-5.520000 	 -0.021200 
-5.500000 	 0.141270 
-5.480000 	 0.244895 
-5.460000 	 0.209003 
-5.440000 	 0.333361 
-5.420000 	 0.666373 
-5.400000 	 0.412757 
-5.380000 	 0.151666 
-5.360000 	 0.285718 
-5.340000 	 0.093377 
-5.320000 	 0.442827 
-5.300000 	 0.340697 
-5.280000 	 0.216555 
-5.260000 	 0.320453 
-5.240000 	 0.188338 
-5.220000 	 0.161564 
-5.200000 	 0.772254 
-5.180000 	 0.360073 
-5.160000 	 0.367099 
-5.140000 	 0.603378 
-5.120000 	 0.190666 
-5.100000 	 0.373583 
-5.080000 	 0.194674 
-5.060000 	 0.401402 
-5.040000 	 0.160158 
-5.020000 	 0.464586 
-5.000000 	 0.287498 
-4.980000 	 0.400079 
-4.960000 	 0.377494 
-4.940000 	 0.502372 
-4.920000 	 0.489595 
-4.900000 	 0.780593 
-4.880000 	 0.527200 
-4.860000 	 0.492261 
-4.840000 	 0.588341 
-4.820000 	 0.496277 
-4.800000 	 0.596836 
-4.780000 	 0.360854 
-4.760000 	 0.416382 
-4.740000 	 0.586501 
-4.720000 	 0.771017 
-4.700000 	 0.531726 
-4.680000 	 0.411924 
-4.660000 	 0.747722 
-4.640000 	 0.541751 
-4.620000 	 0.503022 
-4.600000 	 0.735427 
-4.580000 	 0.471384 
-4.560000 	 0.758547 
-4.540000 	 0.298757 
-4.520000 	 0.305751 
-4.500000 	 0.798668 
-4.480000 	 0.631552 
-4.460000 	 0.501014 
-4.440000 	 0.566692 
-4.420000 	 0.367479 
-4.400000 	 0.682848 
-4.380000 	 0.786331 
-4.360000 	 0.531260 
-4.340000 	 0.252383 
-4.320000 	 0.734772 
-4.300000 	 0.220208 
-4.280000 	 0.477348 
-4.260000 	 0.520616 
-4.240000 	 0.542476 
-4.220000 	 0.261586 
-4.200000 	 0.486832 
-4.180000 	 0.274811 
-4.160000 	 0.211537 
-4.140000 	 0.543848 
-4.120000 	 0.651954 
-4.100000 	 0.501043 
-4.080000 	 0.687735 
-4.060000 	 0.678153 
-4.040000 	 0.541439 
-4.020000 	 0.411744 
-4.000000 	 0.707128 
-3.980000 	 0.219716 
-3.960000 	 0.466504 
-3.940000 	 0.454169 
-3.920000 	 0.471690 
-3.900000 	 0.210585 
-3.880000 	 0.555198 
-3.860000 	 0.239869 
-3.840000 	 0.778345 
-3.820000 	 0.788785 
-3.800000 	 0.656498 
-3.780000 	 0.316442 
-3.760000 	 0.757293 
-3.740000 	 0.800512 
-3.720000 	 0.868597 
-3.700000 	 0.496691 
-3.680000 	 0.397905 
-3.660000 	 0.194255 
-3.640000 	 0.326839 
-3.620000 	 0.357719 
-3.600000 	 0.515346 
-3.580000 	 0.564920 
-3.560000 	 0.313761 
-3.540000 	 0.621136 
-3.520000 	 0.368332 
-3.500000 	 0.594951 
-3.480000 	 0.647305 
-3.460000 	 0.218803 
-3.440000 	 0.408362 
-3.420000 	 0.429878 
-3.400000 	 0.389052 
-3.380000 	 0.640968 
-3.360000 	 0.361834 
-3.340000 	 0.559078 
-3.320000 	 0.516492 
-3.300000 	 0.460645 
-3.280000 	 0.283057 
-3.260000 	 0.432719 
-3.240000 	 0.686503 
-3.220000 	 0.613290 
-3.200000 	 0.265380 
-3.180000 	 0.183236 
-3.160000 	 0.579961 
-3.140000 	 0.196716 
-3.120000 	 0.412165 
-3.100000 	 0.315821 
-3.080000 	 0.347733 
-3.060000 	 0.376098 
-3.040000 	 0.451560 
-3.020000 	 0.609561 
-3.000000 	 0.579575 
-2.980000 	 0.017624 
-2.960000 	 0.368168 
-2.940000 	 0.385685 
-2.920000 	 0.394656 
-2.900000 	 0.317569 
-2.880000 	 0.171104 
-2.860000 	 0.337877 
-2.840000 	 0.363306 
-2.820000 	 0.235901 
-2.800000 	 0.188233 
-2.780000 	 0.223691 
-2.760000 	 0.340175 
-2.740000 	 0.488965 
-2.720000 	 0.377044 
-2.700000 	 0.340439 
-2.680000 	 0.101187 
-2.660000 	 0.420030 
-2.640000 	 0.530243 
-2.620000 	 0.021936 
-2.600000 	 0.642812 
-2.580000 	 0.472948 
-2.560000 	 0.694464 
-2.540000 	 0.519193 
-2.520000 	 0.378497 
-2.500000 	 0.343431 
-2.480000 	 0.152009 
-2.460000 	 0.143893 
-2.440000 	 0.274719 
-2.420000 	 0.363431 
-2.400000 	 0.279813 
-2.380000 	 0.393070 
-2.360000 	 0.323672 
-2.340000 	 0.496848 
-2.320000 	 0.151097 
-2.300000 	 0.464321 
-2.280000 	 0.472845 
-2.260000 	 0.349248 
-2.240000 	 0.273629 
-2.220000 	 0.259811 
-2.200000 	 0.323980 
-2.180000 	 0.423987 
-2.160000 	 0.132605 
-2.140000 	 0.140430 
-2.120000 	 0.409655 
-2.100000 	 0.442233 
-2.080000 	 0.186891 
-2.060000 	 0.263228 
-2.040000 	 0.179787 
-2.020000 	 0.334936 
-2.000000 	 0.604614 
-1.980000 	 0.134271 
-1.960000 	 0.129344 
-1.940000 	 0.139942 
-1.920000 	 -0.060612 
-1.900000 	 -0.052613 
-1.880000 	 0.382836 
-1.860000 	 -0.127315 
-1.840000 	 0.159095 
-1.820000 	 0.312888 
-1.800000 	 0.188567 
-1.780000 	 0.214075 
-1.760000 	 0.233270 
-1.740000 	 0.298893 
-1.720000 	 0.129717 
-1.700000 	 0.044652 
-1.680000 	 0.084800 
-1.660000 	 0.484759 
-1.640000 	 0.137681 
-1.620000 	 0.041628 
-1.600000 	 0.198794 
-1.580000 	 0.331087 
-1.560000 	 0.106746 
-1.540000 	 0.050359 
-1.520000 	 0.078002 
-1.500000 	 0.279674 
-1.480000 	 0.231766 
-1.460000 	 0.074294 
-1.440000 	 0.385101 
-1.420000 	 -0.066898 
-1.400000 	 0.165931 
-1.380000 	 0.241386 
-1.360000 	 0.267245 
-1.340000 	 0.237993 
-1.320000 	 -0.010262 
-1.300000 	 0.291629 
-1.280000 	 0.000902 
-1.260000 	 0.146487 
-1.240000 	 0.157117 
-1.220000 	 0.018154 
-1.200000 	 0.331542 
-1.180000 	 0.243063 
-1.160000 	 -0.023645 
-1.140000 	 0.343522 
-1.120000 	 0.047166 
-1.100000 	 0.085101 
-1.080000 	 0.091508 
-1.060000 	 0.009345 
-1.040000 	 0.242831 
-1.020000 	 0.450317 
-1.000000 	 -0.031015 
-0.980000 	 -0.038958 
-0.960000 	 0.205762 
-0.940000 	 -0.015802 
-0.920000 	 0.302976 
-0.900000 	 0.062106 
-0.880000 	 0.096116 
-0.860000 	 0.291401 
-0.840000 	 0.270034 
-0.820000 	 0.043782 
-0.800000 	 0.337269 
-0.780000 	 0.093667 
-0.760000 	 0.212453 
-0.740000 	 -0.034968 
-0.720000 	 0.058533 
-0.700000 	 0.127330 
-0.680000 	 0.009168 
-0.660000 	 0.219412 
-0.640000 	 0.256495 
-0.620000 	 0.273308 
-0.600000 	 0.303382 
-0.580000 	 0.285418 
-0.560000 	 0.020063 
-0.540000 	 0.075828 
-0.520000 	 0.261561 
-0.500000 	 0.055017 
-0.480000 	 0.125613 
-0.460000 	 0.278612 
-0.440000 	 0.051197 
-0.420000 	 0.171475 
-0.400000 	 0.309870 
-0.380000 	 0.105459 
-0.360000 	 0.088544 
-0.340000 	 0.110969 
-0.320000 	 0.227103 
-0.300000 	 0.141865 
-0.280000 	 0.074132 
-0.260000 	 0.279119 
-0.240000 	 0.156765 
-0.220000 	 0.207700 
-0.200000 	 0.434143 
-0.180000 	 0.133102 
-0.160000 	 0.164487 
-0.140000 	 0.439189 
-0.120000 	 0.436215 
-0.100000 	 0.040178 
-0.080000 	 0.275985 
-0.060000 	 0.316359 
-0.040000 	 0.385320 
-0.020000 	 0.330507 
0.000000 	 0.226730 
0.020000 	 0.381985 
0.040000 	 0.286144 
0.060000 	 0.207284 
0.080000 	 0.335499 
0.100000 	 0.515574 
0.120000 	 0.387349 
0.140000 	 -0.011542 
0.160000 	 0.300821 
0.180000 	 0.205061 
0.200000 	 0.291732 
0.220000 	 0.343548 
0.240000 	 0.222948 
0.260000 	 0.326724 
0.280000 	 0.301270 
0.300000 	 0.280179 
0.320000 	 0.382912 
0.340000 	 0.099127 
0.360000 	 0.204758 
0.380000 	 0.398253 
0.400000 	 0.414408 
0.420000 	 0.313707 
0.440000 	 -0.023828 
0.460000 	 0.539945 
0.480000 	 0.580330 
0.500000 	 0.337649 
0.520000 	 0.236015 
0.540000 	 0.021860 
0.560000 	 0.513005 
0.580000 	 0.468193 
0.600000 	 0.437641 
0.620000 	 0.221420 
0.640000 	 0.300439 
0.660000 	 0.321675 
0.680000 	 0.365621 
0.700000 	 0.599506 
0.720000 	 0.450759 
0.740000 	 0.324773 
0.760000 	 0.329300 
0.780000 	 0.724181 
0.800000 	 0.612205 
0.820000 	 0.536546 
0.840000 	 0.474241 
0.860000 	 0.429977 
0.880000 	 0.324440 
0.900000 	 0.578007 
0.920000 	 0.256174 
0.940000 	 0.451516 
0.960000 	 0.383818 
0.980000 	 0.431074 
1.000000 	 0.639707 
1.020000 	 0.428667 
1.040000 	 0.675771 
1.060000 	 0.869530 
1.080000 	 0.675744 
1.100000 	 0.454822 
1.120000 	 0.574359 
1.140000 	 0.781801 
1.160000 	 0.590645 
1.180000 	 0.627516 
1.200000 	 0.726647 
1.220000 	 0.738272 
1.240000 	 0.551927 
1.260000 	 0.228994 
1.280000 	 0.788567 
1.300000 	 0.500700 
1.320000 	 0.625829 
1.340000 	 0.720006 
1.360000 	 0.721127 
1.380000 	 0.746748 
1.400000 	 0.661207 
1.420000 	 0.691614 
1.440000 	 0.893704 
1.460000 	 0.872830 
1.480000 	 0.803421 
1.500000 	 0.741918 
1.520000 	 0.703816 
1.540000 	 0.495716 
1.560000 	 1.054694 
1.580000 	 0.848092 
1.600000 	 0.761572 
1.620000 	 0.834749 
1.640000 	 0.938580 
1.660000 	 1.006989 
1.680000 	 0.780390 
1.700000 	 0.945681 
1.720000 	 0.656919 
1.740000 	 1.055407 
1.760000 	 0.813760 
1.780000 	 0.750611 
1.800000 	 0.513923 
1.820000 	 0.884011 
1.840000 	 0.976040 
1.860000 	 0.980127 
1.880000 	 0.628874 
1.900000 	 1.044712 
1.920000 	 1.031923 
1.940000 	 1.084576 
1.960000 	 0.936480 
1.980000 	 1.007960 
2.000000 	 1.093169 
2.020000 	 1.118681 
2.040000 	 1.194163 
2.060000 	 1.181693 
2.080000 	 0.602895 
2.100000 	 1.150388 
2.120000 	 1.130688 
2.140000 	 0.864110 
2.160000 	 1.259206 
2.180000 	 0.934905 
2.200000 	 1.097445 
2.220000 	 1.263209 
2.240000 	 0.905650 
2.260000 	 1.329396 
2.280000 	 1.046784 
2.300000 	 1.277725 
2.320000 	 0.933267 
2.340000 	 0.995322 
2.360000 	 1.260389 
2.380000 	 1.119385 
2.400000 	 1.190709 
2.420000 	 1.118628 
2.440000 	 1.216388 
2.460000 	 0.751537 
2.480000 	 1.551432 
2.500000 	 1.371052 
2.520000 	 1.420193 
2.540000 	 0.996880 
2.560000 	 1.155954 
2.580000 	 1.307869 
2.600000 	 1.187110 
2.620000 	 1.347407 
2.640000 	 1.689734 
2.660000 	 1.570729 
2.680000 	 1.289159 
2.700000 	 1.265843 
2.720000 	 1.219929 
2.740000 	 1.333250 
2.760000 	 1.422685 
2.780000 	 1.519809 
2.800000 	 1.157514 
2.820000 	 1.375323 
2.840000 	 1.898958 
2.860000 	 1.270189 
2.880000 	 1.340963 
2.900000 	 1.406936 
2.920000 	 1.338829 
2.940000 	 1.250616 
2.960000 	 1.312966 
2.980000 	 1.520853 
3.000000 	 1.353460 
3.020000 	 1.429085 
3.040000 	 1.180241 
3.060000 	 1.645590 
3.080000 	 1.492452 
3.100000 	 1.543699 
3.120000 	 1.343392 
3.140000 	 1.410928 
3.160000 	 1.533547 
3.180000 	 1.365469 
3.200000 	 1.591250 
3.220000 	 1.204253 
3.240000 	 1.360209 
3.260000 	 1.391746 
3.280000 	 1.521077 
3.300000 	 1.471472 
3.320000 	 1.232413 
3.340000 	 1.519191 
3.360000 	 1.635342 
3.380000 	 1.598810 
3.400000 	 1.451024 
3.420000 	 1.795257 
3.440000 	 1.587793 
3.460000 	 1.679791 
3.480000 	 1.628165 
3.500000 	 1.758114 
3.520000 	 1.823004 
3.540000 	 1.719605 
3.560000 	 1.322441 
3.580000 	 1.682874 
3.600000 	 1.866232 
3.620000 	 1.783713 
3.640000 	 1.548689 
3.660000 	 1.376283 
3.680000 	 1.767523 
3.700000 	 -0.100000 
3.720000 	 1.626725 
3.740000 	 2.014472 
3.760000 	 1.460057 
3.780000 	 1.467325 
3.800000 	 1.791731 
3.820000 	 1.804929 
3.840000 	 1.722542 
3.860000 	 1.671871 
3.880000 	 1.756499 
3.900000 	 1.726803 
3.920000 	 1.553006 
3.940000 	 1.981685 
3.960000 	 1.586125 
3.980000 	 1.562921 
4.000000 	 1.659228 
4.020000 	 1.603780 
4.040000 	 1.442939 
4.060000 	 1.551323 
4.080000 	 1.739705 
4.100000 	 1.816249 
4.120000 	 1.617644 
4.140000 	 1.573510 
4.160000 	 1.656555 
4.180000 	 1.700535 
4.200000 	 1.462030 
4.220000 	 1.630055 
4.240000 	 1.508153 
4.260000 	 1.633945 
4.280000 	 1.695105 
4.300000 	 1.584529 
4.320000 	 1.448375 
4.340000 	 1.625026 
4.360000 	 1.426308 
4.380000 	 1.296413 
4.400000 	 1.477797 
4.420000 	 1.509328 
4.440000 	 1.470603 
4.460000 	 1.610211 
4.480000 	 1.655632 
4.500000 	 1.593793 
4.520000 	 1.829505 
4.540000 	 1.543849 
4.560000 	 1.601028 
4.580000 	 1.711443 
4.600000 	 1.523549 
4.620000 	 1.556275 
4.640000 	 1.676232 
4.660000 	 1.535759 
4.680000 	 1.581323 
4.700000 	 1.540879 
4.720000 	 1.451462 
4.740000 	 1.714453 
4.760000 	 1.523276 
4.780000 	 1.521658 
4.800000 	 1.486484 
4.820000 	 1.353804 
4.840000 	 1.485585 
4.860000 	 1.226084 
4.880000 	 1.462601 
4.900000 	 1.424768 
4.920000 	 1.511702 
4.940000 	 1.560021 
4.960000 	 1.310481 
4.980000 	 1.410844 
5.000000 	 1.349934 
5.020000 	 1.540534 
5.040000 	 1.762164 
5.060000 	 1.415853 
5.080000 	 1.199481 
5.100000 	 1.695754 
5.120000 	 1.283869 
5.140000 	 1.131963 
5.160000 	 1.481910 
5.180000 	 1.250533 
5.200000 	 0.979619 
5.220000 	 1.177762 
5.240000 	 1.249313 
5.260000 	 1.033439 
5.280000 	 1.115195 
5.300000 	 1.479552 
5.320000 	 1.275699 
5.340000 	 1.350872 
5.360000 	 0.983836 
5.380000 	 1.173065 
5.400000 	 1.411161 
5.420000 	 1.103822 
5.440000 	 1.204870 
5.460000 	 1.290052 
5.480000 	 1.124827 
5.500000 	 1.273500 
5.520000 	 1.104573 
5.540000 	 1.023680 
5.560000 	 1.169409 
5.580000 	 1.114045 
5.600000 	 0.998949 
5.620000 	 1.104061 
5.640000 	 1.227458 
5.660000 	 1.034557 
5.680000 	 1.276483 
5.700000 	 1.060965 
5.720000 	 1.063143 
5.740000 	 1.163917 
5.760000 	 1.078883 
5.780000 	 1.150920 
5.800000 	 1.144130 
5.820000 	 0.815384 
5.840000 	 0.634328 
5.860000 	 0.900000 
5.880000 	 1.008267 
5.900000 	 1.288494 
5.920000 	 1.062526 
5.940000 	 0.989274 
5.960000 	 1.108804 
5.980000 	 0.826200 
6.000000 	 1.140752 
6.020000 	 1.204471 
6.040000 	 0.950442 
6.060000 	 0.878299 
6.080000 	 1.026983 
6.100000 	 1.207018 
6.120000 	 0.986245 
6.140000 	 0.950159 
6.160000 	 0.921138 
6.180000 	 0.549363 
6.200000 	 0.913783 
6.220000 	 1.102891 
6.240000 	 1.021405 
6.260000 	 0.931805 
6.280000 	 0.910043 
6.300000 	 0.491646 
6.320000 	 0.812607 
6.340000 	 1.011041 
6.360000 	 1.061175 
6.380000 	 0.948285 
6.400000 	 0.767894 
6.420000 	 0.780742 
6.440000 	 0.522821 
6.460000 	 0.778571 
6.480000 	 0.943842 
6.500000 	 0.684033 
6.520000 	 0.645002 
6.540000 	 0.561836 
6.560000 	 0.690863 
6.580000 	 0.864525 
6.600000 	 0.559888 
6.620000 	 0.821162 
6.640000 	 0.531323 
6.660000 	 0.291920 
6.680000 	 0.355800 
6.700000 	 0.545531 
6.720000 	 0.751227 
6.740000 	 0.259715 
6.760000 	 0.606051 
6.780000 	 0.697507 
6.800000 	 0.713778 
6.820000 	 0.790966 
6.840000 	 0.555762 
6.860000 	 0.235381 
6.880000 	 0.528652 
6.900000 	 0.539682 
6.920000 	 0.229704 
6.940000 	 0.578581 
6.960000 	 0.442938 
6.980000 	 0.758446 
7.000000 	 0.329551 
7.020000 	 0.155159 
7.040000 	 0.479611 
7.060000 	 0.450724 
7.080000 	 0.653132 
7.100000 	 0.606637 
7.120000 	 0.413020 
7.140000 	 0.611425 
7.160000 	 0.507510 
7.180000 	 0.328738 
7.200000 	 0.911663 
7.220000 	 0.400435 
7.240000 	 0.409129 
7.260000 	 0.401929 
7.280000 	 0.436060 
7.300000 	 0.377192 
7.320000 	 0.339556 
7.340000 	 0.101898 
7.360000 	 0.703547 
7.380000 	 0.343916 
7.400000 	 0.350762 
7.420000 	 0.340798 
7.440000 	 0.179393 
7.460000 	 0.357221 
7.480000 	 0.381278 
7.500000 	 0.274767 
7.520000 	 0.557492 
7.540000 	 0.369436 
7.560000 	 0.160931 
7.580000 	 0.216134 
7.600000 	 0.056994 
7.620000 	 -0.027306 
7.640000 	 0.348840 
7.660000 	 0.350732 
7.680000 	 0.571128 
7.700000 	 -0.002514 
7.720000 	 0.061986 
7.740000 	 0.292933 
7.760000 	 0.381956 
7.780000 	 0.012772 
7.800000 	 0.123723 
7.820000 	 0.278586 
7.840000 	 0.314741 
7.860000 	 0.153130 
7.880000 	 0.170917 
7.900000 	 0.312010 
7.920000 	 0.172293 
7.940000 	 0.193833 
7.960000 	 0.014997 
7.980000 	 0.229872 
8.000000 	 0.073077 
8.020000 	 0.165336 
8.040000 	 0.187360 
8.060000 	 0.065272 
8.080000 	 0.061683 
8.100000 	 0.138393 
8.120000 	 0.002574 
8.140000 	 0.240948 
8.160000 	 0.133106 
8.180000 	 0.235236 
8.200000 	 0.409490 
8.220000 	 0.392850 
8.240000 	 -0.020068 
8.260000 	 0.216891 
8.280000 	 -0.126249 
8.300000 	 0.247879 
8.320000 	 0.062630 
8.340000 	 0.060114 
8.360000 	 0.232626 
8.380000 	 0.146780 
8.400000 	 0.186355 
8.420000 	 0.332728 
8.440000 	 0.371798 
8.460000 	 0.083126 
8.480000 	 0.059913 
8.500000 	 0.318522 
8.520000 	 0.299828 
8.540000 	 -0.016692 
8.560000 	 0.100356 
8.580000 	 0.275095 
8.600000 	 0.114211 
8.620000 	 0.355197 
8.640000 	 -0.053017 
8.660000 	 0.261053 
8.680000 	 -0.200931 
8.700000 	 0.070866 
8.720000 	 -0.084342 
8.740000 	 -0.059008 
8.760000 	 -0.039761 
8.780000 	 -0.050528 
8.800000 	 0.391579 
8.820000 	 0.063810 
8.840000 	 -0.018186 
8.860000 	 -0.126731 
8.880000 	 0.167631 
8.900000 	 0.228751 
8.920000 	 -0.019594 
8.940000 	 0.355800 
8.960000 	 0.100115 
8.980000 	 0.170956 
9.000000 	 0.188939 
9.020000 	 0.022118 
9.040000 	 -0.094639 
9.060000 	 0.004496 
9.080000 	 -0.066393 
9.100000 	 0.058429 
9.120000 	 -0.189601 
9.140000 	 -0.151904 
9.160000 	 -0.212669 
9.180000 	 0.200253 
9.200000 	 0.305718 
9.220000 	 0.169819 
9.240000 	 -0.087103 
9.260000 	 -0.199222 
9.280000 	 -0.024466 
9.300000 	 0.087415 
9.320000 	 0.205800 
9.340000 	 0.157330 
9.360000 	 0.110619 
9.380000 	 -0.064993 
9.400000 	 0.067367 
9.420000 	 -0.026892 
9.440000 	 -0.184388 
9.460000 	 0.211494 
9.480000 	 0.227714 
9.500000 	 0.085559 
9.520000 	 -0.500000 
9.540000 	 -0.153669 
9.560000 	 -0.061881 
9.580000 	 -0.109048 
9.600000 	 0.054684 
9.620000 	 -0.456242 
9.640000 	 0.050138 
9.660000 	 -0.005086 
9.680000 	 0.018165 
9.700000 	 0.255364 
9.720000 	 -0.056370 
9.740000 	 0.035206 
9.760000 	 0.102939 
9.780000 	 -0.043779 
9.800000 	 0.023140 
9.820000 	 0.095865 
9.840000 	 -0.017079 
9.860000 	 0.050681 
9.880000 	 0.167178 
9.900000 	 0.041074 
9.920000 	 0.153061 
9.940000 	 0.219339 
9.960000 	 -0.034432 
9.980000 	 -0.017593 
10.000000 	 0.037121 
10.020000 	 0.107114 
10.040000 	 0.119204 
10.060000 	 0.249145 
10.080000 	 0.004625 
10.100000 	 0.162740 
10.120000 	 0.102193 
10.140000 	 -0.133449 
10.160000 	 0.158839 
10.180000 	 0.031516 
10.200000 	 -0.021079 
10.220000 	 0.003787 
10.240000 	 0.045751 
10.260000 	 -0.070699 
10.280000 	 -0.079770 
10.300000 	 0.097208 
10.320000 	 0.004410 
10.340000 	 -0.148300 
10.360000 	 -0.219102 
10.380000 	 0.025799 
10.400000 	 0.139093 
10.420000 	 -0.203395 
10.440000 	 0.270604 
10.460000 	 0.117900 
10.480000 	 -0.006847 
10.500000 	 0.266718 
10.520000 	 0.198725 
10.540000 	 -0.185273 
10.560000 	 -0.094272 
10.580000 	 -0.106368 
10.600000 	 -0.222736 
10.620000 	 -0.198715 
10.640000 	 0.041133 
10.660000 	 -0.001477 
10.680000 	 0.148906 
10.700000 	 0.002346 
10.720000 	 0.005250 
10.740000 	 0.127223 
10.760000 	 -0.336479 
10.780000 	 -0.298885 
10.800000 	 -0.047672 
10.820000 	 0.249453 
10.840000 	 -0.001222 
10.860000 	 0.019517 
10.880000 	 0.210278 
10.900000 	 -0.026462 
10.920000 	 -0.031366 
10.940000 	 0.184196 
10.960000 	 -0.266990 
10.980000 	 -0.271137 
11.000000 	 0.137050 
11.020000 	 0.373115 
11.040000 	 0.063312 
11.060000 	 0.099351 
11.080000 	 0.043373 
11.100000 	 -0.185951 
11.120000 	 0.060041 
11.140000 	 0.096895 
11.160000 	 0.103239 
11.180000 	 0.214588 
11.200000 	 -0.191973 
11.220000 	 0.000701 
11.240000 	 -0.217854 
11.260000 	 -0.018712 
11.280000 	 -0.046286 
11.300000 	 -0.001395 
11.320000 	 0.254160 
11.340000 	 -0.144512 
11.360000 	 0.071161 
11.380000 	 -0.028653 
11.400000 	 -0.050314 
11.420000 	 -0.098031 
11.440000 	 -0.056937 
11.460000 	 0.055014 
11.480000 	 -0.034709 
11.500000 	 0.007291 
11.520000 	 0.047551 
11.540000 	 0.087777 
11.560000 	 0.120856 
11.580000 	 0.119055 
11.600000 	 -0.010227 
11.620000 	 -0.055846 
11.640000 	 0.109389 
11.660000 	 0.156170 
11.680000 	 -0.182734 
11.700000 	 -0.307096 
11.720000 	 0.165282 
11.740000 	 0.131456 
11.760000 	 0.008161 
11.780000 	 0.138640 
11.800000 	 -0.006522 
11.820000 	 -0.115176 
11.840000 	 0.127909 
11.860000 	 0.181307 
11.880000 	 -0.009947 
11.900000 	 0.165361 
11.920000 	 -0.103421 
11.940000 	 -0.009730 
11.960000 	 0.070927 
11.980000 	 0.018257 
12.000000 	 0.023952 
12.020000 	 0.138183 
12.040000 	 0.050076 
12.060000 	 0.016952 
12.080000 	 -0.114449 
12.100000 	 -0.032367 
12.120000 	 0.082157 
12.140000 	 0.080714 
12.160000 	 0.084046 
12.180000 	 0.254234 
12.200000 	 0.155987 
12.220000 	 -0.048707 
12.240000 	 0.168325 
12.260000 	 0.146598 
12.280000 	 -0.211775 
12.300000 	 0.269169 
12.320000 	 -0.089086 
12.340000 	 0.097572 
12.360000 	 0.147767 
12.380000 	 0.199864 
12.400000 	 0.069223 
12.420000 	 -0.179470 
12.440000 	 0.128597 
12.460000 	 0.122561 
12.480000 	 0.190028 
12.500000 	 -0.124858 
12.520000 	 0.000668 
12.540000 	 -0.181027 
12.560000 	 -0.324269 
12.580000 	 0.455709 
12.600000 	 0.101971 
12.620000 	 -0.219831 
12.640000 	 -0.079598 
12.660000 	 0.071416 
12.680000 	 0.067428 
12.700000 	 -0.021691 
12.720000 	 -0.065458 
12.740000 	 -0.403074 
12.760000 	 -0.149431 
12.780000 	 0.032047 
12.800000 	 -0.328970 
12.820000 	 -0.153480 
12.840000 	 0.259496 
12.860000 	 -0.069128 
12.880000 	 0.011957 
12.900000 	 0.041320 
12.920000 	 -0.145654 
12.940000 	 0.156658 
12.960000 	 0.075674 
12.980000 	 0.217999 
13.000000 	 -0.024802 
13.020000 	 0.101148 
13.040000 	 0.196274 
13.060000 	 0.086585 
13.080000 	 0.094470 
13.100000 	 0.178644 
13.120000 	 0.129949 
13.140000 	 0.018527 
13.160000 	 0.056910 
13.180000 	 0.251114 
13.200000 	 0.142408 
13.220000 	 -0.002465 
13.240000 	 0.017197 
13.260000 	 0.191265 
13.280000 	 0.174628 
13.300000 	 0.254264 
13.320000 	 0.203613 
13.340000 	 -0.092416 
13.360000 	 0.297202 
13.380000 	 0.161544 
13.400000 	 -0.093497 
13.420000 	 -0.155841 
13.440000 	 -0.040404 
13.460000 	 0.075060 
13.480000 	 -0.045840 
13.500000 	 -0.041669 
13.520000 	 -0.197220 
13.540000 	 -0.321288 
13.560000 	 0.271592 
13.580000 	 0.248015 
13.600000 	 0.009522 
13.620000 	 0.006578 
13.640000 	 0.101620 
13.660000 	 -0.014945 
13.680000 	 -0.048308 
13.700000 	 0.042060 
13.720000 	 -0.155743 
13.740000 	 -0.025750 
13.760000 	 -0.042232 
13.780000 	 -0.036588 
13.800000 	 0.117730 
13.820000 	 0.157556 
13.840000 	 0.049261 
13.860000 	 0.148664 
13.880000 	 -0.029329 
13.900000 	 0.023822 
13.920000 	 0.055674 
13.940000 	 0.082602 
13.960000 	 0.074310 
13.980000 	 0.242014 
14.000000 	 0.055344 
14.020000 	 -0.101400 
14.040000 	 0.049971 
14.060000 	 -0.021440 
14.080000 	 -0.134637 
14.100000 	 -0.205269 
14.120000 	 -0.020287 
14.140000 	 -0.020291 
14.160000 	 -0.038963 
14.180000 	 0.070863 
14.200000 	 -0.001105 
14.220000 	 0.126138 
14.240000 	 -0.025070 
14.260000 	 -0.072951 
14.280000 	 -0.081415 
14.300000 	 0.008659 
14.320000 	 -0.093151 
14.340000 	 -0.180408 
14.360000 	 -0.199014 
14.380000 	 0.251328 
14.400000 	 -0.055823 
14.420000 	 0.228616 
14.440000 	 0.132179 
14.460000 	 0.011380 
14.480000 	 -0.035050 
14.500000 	 0.054954 
14.520000 	 -0.142406 
14.540000 	 0.076352 
14.560000 	 0.137206 
14.580000 	 -0.110564 
14.600000 	 0.073173 
14.620000 	 0.203767 
14.640000 	 -0.354333 
14.660000 	 -0.074556 
14.680000 	 -0.134554 
14.700000 	 -0.184152 
14.720000 	 0.149891 
14.740000 	 0.144994 
14.760000 	 0.185028 
14.780000 	 0.018952 
14.800000 	 -0.137398 
14.820000 	 -0.000224 
14.840000 	 -0.128899 
14.860000 	 0.011789 
14.880000 	 -0.030846 
14.900000 	 0.216961 
14.920000 	 -0.048597 
14.940000 	 -0.136100 
14.960000 	 0.113760 
14.980000 	 0.104310 
15.000000 	 -0.128844 
