-15.000000 	 -0.234049 
-14.980000 	 -0.079724 
-14.960000 	 0.052357 
-14.940000 	 -0.160562 
-14.920000 	 -0.111350 
-14.900000 	 -0.032054 
-14.880000 	 0.242011 
-14.860000 	 -0.085408 
-14.840000 	 0.127180 
-14.820000 	 0.099623 
-14.800000 	 0.249707 
-14.780000 	 -0.001275 
-14.760000 	 -0.111791 
-14.740000 	 0.106736 
-14.720000 	 -0.013783 
-14.700000 	 0.137093 
-14.680000 	 -0.132913 
-14.660000 	 -0.078927 
-14.640000 	 0.193873 
-14.620000 	 -0.110229 
-14.600000 	 0.063652 
-14.580000 	 -0.084778 
-14.560000 	 -0.025233 
-14.540000 	 0.082051 
-14.520000 	 -0.000220 
-14.500000 	 -0.013036 
-14.480000 	 0.024711 
-14.460000 	 0.041505 
-14.440000 	 0.028215 
-14.420000 	 0.066340 
-14.400000 	 0.074394 
-14.380000 	 -0.022909 
-14.360000 	 -0.094863 
-14.340000 	 0.093475 
-14.320000 	 0.130008 
-14.300000 	 0.158722 
-14.280000 	 -0.009488 
-14.260000 	 0.010718 
-14.240000 	 -0.121430 
-14.220000 	 0.046987 
-14.200000 	 0.244560 
-14.180000 	 -0.066002 
-14.160000 	 -0.051236 
-14.140000 	 -0.136773 
-14.120000 	 0.403428 
-14.100000 	 -0.217478 
-14.080000 	 -0.190786 
-14.060000 	 -0.139031 
-14.040000 	 -0.138448 
-14.020000 	 -0.136778 
-14.000000 	 -0.246707 
-13.980000 	 -0.018435 
-13.960000 	 -0.161816 
-13.940000 	 0.313278 
-13.920000 	 0.008228 
-13.900000 	 0.023985 
-13.880000 	 -0.309987 
-13.860000 	 -0.300324 
-13.840000 	 0.063978 
-13.820000 	 -0.104602 
-13.800000 	 -0.300951 
-13.780000 	 -0.075864 
-13.760000 	 -0.064486 
-13.740000 	 -0.350391 
-13.720000 	 -0.233949 
-13.700000 	 -0.136724 
-13.680000 	 0.048963 
-13.660000 	 -0.083020 
-13.640000 	 0.197304 
-13.620000 	 0.053443 
-13.600000 	 -0.046697 
-13.580000 	 0.278170 
-13.560000 	 0.064740 
-13.540000 	 -0.158121 
-13.520000 	 -0.202694 
-13.500000 	 0.126386 
-13.480000 	 -0.011520 
-13.460000 	 0.101562 
-13.440000 	 -0.046459 
-13.420000 	 0.131806 
-13.400000 	 0.280467 
-13.380000 	 0.184531 
-13.360000 	 -0.034883 
-13.340000 	 0.158693 
-13.320000 	 0.020272 
-13.300000 	 0.057312 
-13.280000 	 0.060720 
-13.260000 	 0.116744 
-13.240000 	 0.022482 
-13.220000 	 -0.053227 
-13.200000 	 -0.008542 
-13.180000 	 -0.236797 
-13.160000 	 0.062373 
-13.140000 	 0.065098 
-13.120000 	 0.222831 
-13.100000 	 -0.137825 
-13.080000 	 -0.096904 
-13.060000 	 0.189608 
-13.040000 	 0.025727 
-13.020000 	 -0.100964 
-13.000000 	 0.338698 
-12.980000 	 -0.016891 
-12.960000 	 0.195744 
-12.940000 	 0.211024 
-12.920000 	 -0.115441 
-12.900000 	 -0.217014 
-12.880000 	 0.077506 
-12.860000 	 -0.029781 
-12.840000 	 0.032532 
-12.820000 	 -0.071427 
-12.800000 	 -0.018881 
-12.780000 	 0.205194 
-12.760000 	 0.008543 
-12.740000 	 0.119830 
-12.720000 	 -0.182348 
-12.700000 	 -0.359494 
-12.680000 	 -0.073628 
-12.660000 	 -0.007708 
-12.640000 	 -0.001724 
-12.620000 	 0.216440 
-12.600000 	 -0.054389 
-12.580000 	 -0.059938 
-12.560000 	 0.152338 
-12.540000 	 -0.075164 
-12.520000 	 0.003359 
-12.500000 	 0.004558 
-12.480000 	 -0.099182 
-12.460000 	 0.172416 
-12.440000 	 0.368081 
-12.420000 	 -0.073601 
-12.400000 	 0.017993 
-12.380000 	 0.328554 
-12.360000 	 0.041420 
-12.340000 	 -0.170858 
-12.320000 	 0.049574 
-12.300000 	 -0.000003 
-12.280000 	 -0.272452 
-12.260000 	 -0.084243 
-12.240000 	 -0.033248 
-12.220000 	 0.243929 
-12.200000 	 -0.048725 
-12.180000 	 0.179740 
-12.160000 	 0.071356 
-12.140000 	 -0.105172 
-12.120000 	 -0.149671 
-12.100000 	 -0.403468 
-12.080000 	 0.116778 
-12.060000 	 -0.144408 
-12.040000 	 -0.276163 
-12.020000 	 -0.118566 
-12.000000 	 -0.089212 
-11.980000 	 0.024127 
-11.960000 	 -0.016541 
-11.940000 	 0.142536 
-11.920000 	 0.094005 
-11.900000 	 0.038114 
-11.880000 	 0.097479 
-11.860000 	 -0.163984 
-11.840000 	 0.153402 
-11.820000 	 -0.062124 
-11.800000 	 0.302468 
-11.780000 	 0.020403 
-11.760000 	 -0.132523 
-11.740000 	 0.166696 
-11.720000 	 0.283635 
-11.700000 	 -0.008966 
-11.680000 	 -0.032861 
-11.660000 	 0.190260 
-11.640000 	 0.171646 
-11.620000 	 -0.001931 
-11.600000 	 -0.177736 
-11.580000 	 -0.243519 
-11.560000 	 -0.029484 
-11.540000 	 -0.378081 
-11.520000 	 0.325193 
-11.500000 	 0.087205 
-11.480000 	 -0.103036 
-11.460000 	 0.000869 
-11.440000 	 0.026360 
-11.420000 	 -0.172147 
-11.400000 	 0.068365 
-11.380000 	 0.093135 
-11.360000 	 0.166160 
-11.340000 	 0.027718 
-11.320000 	 -0.000650 
-11.300000 	 -0.023879 
-11.280000 	 0.086128 
-11.260000 	 0.141185 
-11.240000 	 -0.087455 
-11.220000 	 0.095906 
-11.200000 	 0.180867 
-11.180000 	 0.291061 
-11.160000 	 -0.008711 
-11.140000 	 0.014821 
-11.120000 	 0.044785 
-11.100000 	 -0.029464 
-11.080000 	 0.222255 
-11.060000 	 -0.107624 
-11.040000 	 -0.043476 
-11.020000 	 -0.100786 
-11.000000 	 -0.026761 
-10.980000 	 0.222548 
-10.960000 	 0.006021 
-10.940000 	 0.147813 
-10.920000 	 0.021990 
-10.900000 	 -0.061082 
-10.880000 	 -0.113349 
-10.860000 	 -0.118431 
-10.840000 	 -0.018753 
-10.820000 	 0.415917 
-10.800000 	 -0.132672 
-10.780000 	 -0.342515 
-10.760000 	 0.018047 
-10.740000 	 0.129666 
-10.720000 	 -0.175040 
-10.700000 	 0.097380 
-10.680000 	 0.101527 
-10.660000 	 0.056533 
-10.640000 	 -0.006123 
-10.620000 	 0.071445 
-10.600000 	 -0.094805 
-10.580000 	 0.172872 
-10.560000 	 0.060891 
-10.540000 	 0.349181 
-10.520000 	 -0.128010 
-10.500000 	 0.104108 
-10.480000 	 -0.392353 
-10.460000 	 -0.150074 
-10.440000 	 -0.130327 
-10.420000 	 0.181678 
-10.400000 	 -0.183158 
-10.380000 	 -0.138825 
-10.360000 	 -0.036471 
-10.340000 	 0.016820 
-10.320000 	 0.006676 
-10.300000 	 -0.075313 
-10.280000 	 -0.224077 
-10.260000 	 0.049531 
-10.240000 	 0.074655 
-10.220000 	 0.133634 
-10.200000 	 0.023999 
-10.180000 	 0.129191 
-10.160000 	 -0.107316 
-10.140000 	 0.267347 
-10.120000 	 -0.005096 
-10.100000 	 0.041070 
-10.080000 	 -0.120965 
-10.060000 	 -0.180991 
-10.040000 	 0.001828 
-10.020000 	 0.091438 
-10.000000 	 0.223460 
-9.980000 	 0.046409 
-9.960000 	 -0.232647 
-9.940000 	 -0.022184 
-9.920000 	 0.027703 
-9.900000 	 -0.104128 
-9.880000 	 0.089089 
-9.860000 	 0.120030 
-9.840000 	 -0.119170 
-9.820000 	 0.048116 
-9.800000 	 -0.130444 
-9.780000 	 -0.018010 
-9.760000 	 0.104032 
-9.740000 	 0.272383 
-9.720000 	 0.066516 
-9.700000 	 0.072243 
-9.680000 	 0.226852 
-9.660000 	 -0.081105 
-9.640000 	 0.229685 
-9.620000 	 -0.114463 
-9.600000 	 0.279146 
-9.580000 	 -0.092719 
-9.560000 	 -0.252116 
-9.540000 	 0.049625 
-9.520000 	 0.084774 
-9.500000 	 -0.080552 
-9.480000 	 -0.176308 
-9.460000 	 -0.209376 
-9.440000 	 0.036376 
-9.420000 	 0.063573 
-9.400000 	 0.118645 
-9.380000 	 -0.072327 
-9.360000 	 -0.211413 
-9.340000 	 -0.205168 
-9.320000 	 0.212805 
-9.300000 	 0.119821 
-9.280000 	 0.035207 
-9.260000 	 0.040110 
-9.240000 	 -0.225159 
-9.220000 	 -0.046157 
-9.200000 	 -0.143876 
-9.180000 	 0.054972 
-9.160000 	 -0.040428 
-9.140000 	 -0.262799 
-9.120000 	 0.161571 
-9.100000 	 0.125848 
-9.080000 	 -0.034776 
-9.060000 	 0.116518 
-9.040000 	 -0.076323 
-9.020000 	 0.414055 
-9.000000 	 0.180145 
-8.980000 	 -0.167098 
-8.960000 	 0.108857 
-8.940000 	 -0.008907 
-8.920000 	 -0.226116 
-8.900000 	 0.207213 
-8.880000 	 0.111545 
-8.860000 	 -0.165543 
-8.840000 	 0.064810 
-8.820000 	 0.127144 
-8.800000 	 -0.075839 
-8.780000 	 -0.085363 
-8.760000 	 0.017979 
-8.740000 	 -0.184503 
-8.720000 	 -0.024611 
-8.700000 	 0.125619 
-8.680000 	 0.120737 
-8.660000 	 0.108262 
-8.640000 	 0.220267 
-8.620000 	 -0.022602 
-8.600000 	 -0.049654 
-8.580000 	 0.010230 
-8.560000 	 0.013475 
-8.540000 	 -0.308128 
-8.520000 	 -0.038380 
-8.500000 	 -0.006961 
-8.480000 	 0.153196 
-8.460000 	 0.123859 
-8.440000 	 -0.043171 
-8.420000 	 -0.203360 
-8.400000 	 0.025604 
-8.380000 	 -0.126479 
-8.360000 	 -0.069335 
-8.340000 	 0.120078 
-8.320000 	 -0.149321 
-8.300000 	 0.158416 
-8.280000 	 0.065958 
-8.260000 	 -0.168506 
-8.240000 	 -0.231338 
-8.220000 	 0.122007 
-8.200000 	 0.066854 
-8.180000 	 0.021969 
-8.160000 	 0.043229 
-8.140000 	 0.085351 
-8.120000 	 -0.027260 
-8.100000 	 0.152049 
-8.080000 	 0.004423 
-8.060000 	 0.055151 
-8.040000 	 -0.276894 
-8.020000 	 0.024206 
-8.000000 	 0.030571 
-7.980000 	 0.057078 
-7.960000 	 0.297885 
-7.940000 	 0.070808 
-7.920000 	 0.379717 
-7.900000 	 0.034490 
-7.880000 	 0.155486 
-7.860000 	 0.032613 
-7.840000 	 0.273454 
-7.820000 	 -0.140498 
-7.800000 	 -0.009163 
-7.780000 	 -0.165613 
-7.760000 	 -0.800000 
-7.740000 	 -0.264012 
-7.720000 	 -0.154453 
-7.700000 	 0.005339 
-7.680000 	 0.036997 
-7.660000 	 -0.092379 
-7.640000 	 -0.229129 
-7.620000 	 0.056540 
-7.600000 	 0.467411 
-7.580000 	 0.010385 
-7.560000 	 0.112959 
-7.540000 	 0.124862 
-7.520000 	 0.156586 
-7.500000 	 0.026362 
-7.480000 	 -0.089061 
-7.460000 	 -0.174911 
-7.440000 	 0.008882 
-7.420000 	 0.145419 
-7.400000 	 0.198976 
-7.380000 	 -0.056412 
-7.360000 	 -0.179252 
-7.340000 	 -0.017085 
-7.320000 	 0.273192 
-7.300000 	 0.101780 
-7.280000 	 0.011308 
-7.260000 	 0.044383 
-7.240000 	 0.367085 
-7.220000 	 0.004367 
-7.200000 	 -0.036949 
-7.180000 	 -0.139797 
-7.160000 	 0.127441 
-7.140000 	 0.140494 
-7.120000 	 0.022052 
-7.100000 	 0.099603 
-7.080000 	 -0.015807 
-7.060000 	 0.428711 
-7.040000 	 0.118664 
-7.020000 	 0.068356 
-7.000000 	 0.341660 
-6.980000 	 0.212205 
-6.960000 	 -0.088104 
-6.940000 	 -0.139907 
-6.920000 	 0.117209 
-6.900000 	 -0.145394 
-6.880000 	 0.057756 
-6.860000 	 -0.051683 
-6.840000 	 0.021031 
-6.820000 	 0.224457 
-6.800000 	 -0.009234 
-6.780000 	 0.112346 
-6.760000 	 0.175181 
-6.740000 	 0.062019 
-6.720000 	 0.487656 
-6.700000 	 0.197451 
-6.680000 	 0.284892 
-6.660000 	 0.161174 
-6.640000 	 -0.101609 
-6.620000 	 -0.097011 
-6.600000 	 0.054557 
-6.580000 	 0.212066 
-6.560000 	 0.094327 
-6.540000 	 0.289769 
-6.520000 	 0.164045 
-6.500000 	 0.461063 
-6.480000 	 0.299592 
-6.460000 	 0.166807 
-6.440000 	 0.192666 
-6.420000 	 0.168551 
-6.400000 	 -0.143114 
-6.380000 	 0.314102 
-6.360000 	 0.389769 
-6.340000 	 0.171390 
-6.320000 	 0.227604 
-6.300000 	 0.213324 
-6.280000 	 -0.130960 
-6.260000 	 0.087258 
-6.240000 	 0.048373 
-6.220000 	 0.009137 
-6.200000 	 0.144077 
-6.180000 	 0.145227 
-6.160000 	 0.534325 
-6.140000 	 0.097336 
-6.120000 	 0.022227 
-6.100000 	 0.101481 
-6.080000 	 0.732858 
-6.060000 	 0.181244 
-6.040000 	 0.221213 
-6.020000 	 0.104326 
-6.000000 	 -0.064019 
-5.980000 	 0.435566 
-5.960000 	 0.217619 
-5.940000 	 0.198130 
-5.920000 	 0.407316 
-5.900000 	 0.103119 
-5.880000 	 0.181955 
-5.860000 	 0.463457 
-5.840000 	 0.107973 
-5.820000 	 0.047293 
-5.800000 	 0.200376 
-5.780000 	 0.085693 
-5.760000 	 0.369698 
-5.740000 	 0.054145 
-5.720000 	 0.325479 
-5.700000 	 0.190532 
-5.680000 	 0.319419 
-5.660000 	 0.168640 
-5.640000 	 0.285013 
-5.620000 	 0.290666 
-5.600000 	 0.380930 
-5.580000 	 0.353884 
-5.560000 	 0.342195 
-5.540000 	 0.274008 
-5.520000 	 0.329574 
-5.500000 	 0.246427 
-5.480000 	 0.457637 
-5.460000 	 -0.019002 
-5.440000 	 0.296010 
-5.420000 	 0.095405 
-5.400000 	 0.359342 
-5.380000 	 0.188179 
-5.360000 	 0.327787 
-5.340000 	 0.378113 
-5.320000 	 0.535503 
-5.300000 	 0.558295 
-5.280000 	 0.518416 
-5.260000 	 0.317503 
-5.240000 	 0.127753 
-5.220000 	 0.362333 
-5.200000 	 0.779031 
-5.180000 	 0.213142 
-5.160000 	 0.333856 
-5.140000 	 0.246933 
-5.120000 	 0.480084 
-5.100000 	 0.189776 
-5.080000 	 0.239660 
-5.060000 	 0.423043 
-5.040000 	 0.398012 
-5.020000 	 0.430211 
-5.000000 	 0.589571 
-4.980000 	 0.453070 
-4.960000 	 0.157578 
-4.940000 	 0.405624 
-4.920000 	 0.412395 
-4.900000 	 0.410159 
-4.880000 	 0.608207 
-4.860000 	 0.496201 
-4.840000 	 0.556725 
-4.820000 	 0.453213 
-4.800000 	 0.409255 
-4.780000 	 0.543918 
-4.760000 	 0.448766 
-4.740000 	 0.742568 
-4.720000 	 0.699199 
-4.700000 	 0.584426 
-4.680000 	 0.304678 
-4.660000 	 0.412114 
-4.640000 	 0.563726 
-4.620000 	 0.537213 
-4.600000 	 0.204837 
-4.580000 	 0.478011 
-4.560000 	 0.256172 
-4.540000 	 0.356447 
-4.520000 	 0.698373 
-4.500000 	 0.236842 
-4.480000 	 0.326508 
-4.460000 	 0.369629 
-4.440000 	 0.671929 
-4.420000 	 0.487464 
-4.400000 	 0.485735 
-4.380000 	 0.798457 
-4.360000 	 0.520860 
-4.340000 	 0.762428 
-4.320000 	 0.320347 
-4.300000 	 0.637734 
-4.280000 	 0.490324 
-4.260000 	 0.489354 
-4.240000 	 0.099444 
-4.220000 	 0.710853 
-4.200000 	 0.459468 
-4.180000 	 0.724352 
-4.160000 	 0.340347 
-4.140000 	 0.365294 
-4.120000 	 0.584111 
-4.100000 	 0.669747 
-4.080000 	 0.571691 
-4.060000 	 0.542901 
-4.040000 	 0.706197 
-4.020000 	 0.669936 
-4.000000 	 0.239778 
-3.980000 	 0.448555 
-3.960000 	 0.275527 
-3.940000 	 0.456505 
-3.920000 	 0.482718 
-3.900000 	 0.584181 
-3.880000 	 0.271260 
-3.860000 	 0.428178 
-3.840000 	 0.481237 
-3.820000 	 0.570481 
-3.800000 	 0.723362 
-3.780000 	 0.584439 
-3.760000 	 0.484270 
-3.740000 	 0.411706 
-3.720000 	 0.557827 
-3.700000 	 0.574218 
-3.680000 	 0.368386 
-3.660000 	 0.429201 
-3.640000 	 0.644139 
-3.620000 	 0.398641 
-3.600000 	 0.441509 
-3.580000 	 0.563692 
-3.560000 	 0.518133 
-3.540000 	 0.157840 
-3.520000 	 0.696860 
-3.500000 	 0.296922 
-3.480000 	 0.397656 
-3.460000 	 0.615286 
-3.440000 	 0.684807 
-3.420000 	 0.509292 
-3.400000 	 0.305397 
-3.380000 	 0.377552 
-3.360000 	 0.637432 
-3.340000 	 0.343119 
-3.320000 	 0.299479 
-3.300000 	 0.182760 
-3.280000 	 0.279948 
-3.260000 	 0.502250 
-3.240000 	 0.627140 
-3.220000 	 0.441063 
-3.200000 	 0.308232 
-3.180000 	 0.277142 
-3.160000 	 0.508233 
-3.140000 	 0.728399 
-3.120000 	 0.779557 
-3.100000 	 0.377050 
-3.080000 	 0.631910 
-3.060000 	 0.445109 
-3.040000 	 0.622702 
-3.020000 	 0.360439 
-3.000000 	 0.329798 
-2.980000 	 0.423392 
-2.960000 	 0.258255 
-2.940000 	 0.279363 
-2.920000 	 0.301920 
-2.900000 	 0.546741 
-2.880000 	 0.544647 
-2.860000 	 0.587647 
-2.840000 	 0.279182 
-2.820000 	 0.160067 
-2.800000 	 0.261310 
-2.780000 	 0.177226 
-2.760000 	 0.319784 
-2.740000 	 0.574168 
-2.720000 	 0.408787 
-2.700000 	 0.452538 
-2.680000 	 0.205081 
-2.660000 	 0.210121 
-2.640000 	 0.253771 
-2.620000 	 0.248752 
-2.600000 	 0.276689 
-2.580000 	 0.388102 
-2.560000 	 0.458080 
-2.540000 	 0.611960 
-2.520000 	 0.363995 
-2.500000 	 0.417737 
-2.480000 	 0.155080 
-2.460000 	 0.237582 
-2.440000 	 0.111133 
-2.420000 	 0.108282 
-2.400000 	 0.074654 
-2.380000 	 0.294294 
-2.360000 	 0.412366 
-2.340000 	 0.413757 
-2.320000 	 0.164589 
-2.300000 	 0.295503 
-2.280000 	 0.161663 
-2.260000 	 0.132574 
-2.240000 	 0.334533 
-2.220000 	 0.353926 
-2.200000 	 0.006923 
-2.180000 	 0.051867 
-2.160000 	 0.239503 
-2.140000 	 0.373788 
-2.120000 	 0.085412 
-2.100000 	 0.099204 
-2.080000 	 0.265386 
-2.060000 	 0.272330 
-2.040000 	 0.210475 
-2.020000 	 0.361267 
-2.000000 	 0.174673 
-1.980000 	 0.165801 
-1.960000 	 -0.067962 
-1.940000 	 0.031766 
-1.920000 	 0.177553 
-1.900000 	 0.125496 
-1.880000 	 0.330851 
-1.860000 	 0.188953 
-1.840000 	 0.063033 
-1.820000 	 0.012292 
-1.800000 	 0.040152 
-1.780000 	 0.316424 
-1.760000 	 0.362206 
-1.740000 	 0.222631 
-1.720000 	 0.152968 
-1.700000 	 0.086938 
-1.680000 	 0.364787 
-1.660000 	 0.193192 
-1.640000 	 -0.033920 
-1.620000 	 0.191192 
-1.600000 	 -0.001288 
-1.580000 	 0.459484 
-1.560000 	 0.382196 
-1.540000 	 0.262802 
-1.520000 	 0.017317 
-1.500000 	 -0.081352 
-1.480000 	 0.407497 
-1.460000 	 0.141877 
-1.440000 	 0.012406 
-1.420000 	 0.146004 
-1.400000 	 0.057197 
-1.380000 	 0.257394 
-1.360000 	 0.062613 
-1.340000 	 0.075390 
-1.320000 	 0.096562 
-1.300000 	 0.104757 
-1.280000 	 0.393278 
-1.260000 	 0.299771 
-1.240000 	 0.237338 
-1.220000 	 0.235503 
-1.200000 	 0.241123 
-1.180000 	 0.105661 
-1.160000 	 0.145807 
-1.140000 	 0.466602 
-1.120000 	 0.289141 
-1.100000 	 0.198524 
-1.080000 	 0.193449 
-1.060000 	 0.162469 
-1.040000 	 0.083566 
-1.020000 	 0.189477 
-1.000000 	 0.245840 
-0.980000 	 0.216510 
-0.960000 	 0.103387 
-0.940000 	 0.177328 
-0.920000 	 0.302715 
-0.900000 	 0.095313 
-0.880000 	 0.155296 
-0.860000 	 -0.003293 
-0.840000 	 -0.052078 
-0.820000 	 0.286558 
-0.800000 	 0.066028 
-0.780000 	 -0.018130 
-0.760000 	 0.326494 
-0.740000 	 0.023123 
-0.720000 	 0.159751 
-0.700000 	 -0.017136 
-0.680000 	 -0.184685 
-0.660000 	 0.137274 
-0.640000 	 0.090442 
-0.620000 	 -0.028740 
-0.600000 	 0.045116 
-0.580000 	 -0.026950 
-0.560000 	 0.319119 
-0.540000 	 0.254653 
-0.520000 	 0.137441 
-0.500000 	 0.037164 
-0.480000 	 0.162558 
-0.460000 	 0.162691 
-0.440000 	 0.080321 
-0.420000 	 0.275670 
-0.400000 	 0.417082 
-0.380000 	 0.067060 
-0.360000 	 0.170297 
-0.340000 	 -0.049948 
-0.320000 	 0.144182 
-0.300000 	 0.428530 
-0.280000 	 0.300000 
-0.260000 	 0.288724 
-0.240000 	 0.464773 
-0.220000 	 -0.700000 
-0.200000 	 -0.009980 
-0.180000 	 0.509867 
-0.160000 	 0.084351 
-0.140000 	 0.118603 
-0.120000 	 0.115948 
-0.100000 	 0.360900 
-0.080000 	 0.311723 
-0.060000 	 0.208014 
-0.040000 	 0.215416 
-0.020000 	 0.254015 
0.000000 	 0.251347 
0.020000 	 0.308155 
0.040000 	 0.221972 
0.060000 	 0.063736 
0.080000 	 0.443912 
0.100000 	 0.444829 
0.120000 	 0.353616 
0.140000 	 0.391048 
0.160000 	 0.408243 
0.180000 	 0.322618 
0.200000 	 0.355566 
0.220000 	 0.150086 
0.240000 	 0.183812 
0.260000 	 0.373665 
0.280000 	 0.272576 
0.300000 	 0.045120 
0.320000 	 0.450645 
0.340000 	 0.372411 
0.360000 	 0.037764 
0.380000 	 0.455002 
0.400000 	 0.229298 
0.420000 	 0.290100 
0.440000 	 0.388400 
0.460000 	 0.307883 
0.480000 	 0.403946 
0.500000 	 0.410822 
0.520000 	 0.347704 
0.540000 	 0.649374 
0.560000 	 0.393344 
0.580000 	 0.310497 
0.600000 	 0.150573 
0.620000 	 0.439677 
0.640000 	 0.000000 
0.660000 	 0.693848 
0.680000 	 0.608204 
0.700000 	 0.321615 
0.720000 	 0.153008 
0.740000 	 0.456162 
0.760000 	 0.654235 
0.780000 	 0.714390 
0.800000 	 0.215684 
0.820000 	 0.357959 
0.840000 	 0.253371 
0.860000 	 0.305819 
0.880000 	 0.491985 
0.900000 	 0.425460 
0.920000 	 0.664579 
0.940000 	 0.636150 
0.960000 	 0.587918 
0.980000 	 0.525740 
1.000000 	 0.333831 
1.020000 	 0.680363 
1.040000 	 0.508708 
1.060000 	 0.528138 
1.080000 	 0.557121 
1.100000 	 0.530752 
1.120000 	 0.705823 
1.140000 	 0.618135 
1.160000 	 0.741285 
1.180000 	 0.794308 
1.200000 	 0.605707 
1.220000 	 0.593351 
1.240000 	 0.594626 
1.260000 	 0.946245 
1.280000 	 0.652989 
1.300000 	 0.655908 
1.320000 	 0.761790 
1.340000 	 0.813806 
1.360000 	 0.629974 
1.380000 	 0.916007 
1.400000 	 0.722248 
1.420000 	 0.951663 
1.440000 	 0.675972 
1.460000 	 0.621904 
1.480000 	 0.871131 
1.500000 	 0.793321 
1.520000 	 0.815435 
1.540000 	 0.548423 
1.560000 	 0.474837 
1.580000 	 0.821777 
1.600000 	 0.566141 
1.620000 	 0.751664 
1.640000 	 0.685526 
1.660000 	 0.836133 
1.680000 	 0.929113 
1.700000 	 0.968191 
1.720000 	 0.782530 
1.740000 	 0.878907 
1.760000 	 0.858668 
1.780000 	 0.908935 
1.800000 	 0.862037 
1.820000 	 0.969242 
1.840000 	 0.779982 
1.860000 	 1.145629 
1.880000 	 0.995558 
1.900000 	 0.828847 
1.920000 	 0.902906 
1.940000 	 0.908969 
1.960000 	 1.298013 
1.980000 	 0.962477 
2.000000 	 0.999966 
2.020000 	 0.702152 
2.040000 	 1.363861 
2.060000 	 0.942019 
2.080000 	 1.052418 
2.100000 	 0.924381 
2.120000 	 1.190102 
2.140000 	 1.113561 
2.160000 	 1.015294 
2.180000 	 1.043220 
2.200000 	 1.295819 
2.220000 	 1.153088 
2.240000 	 0.928071 
2.260000 	 1.303615 
2.280000 	 1.106404 
2.300000 	 1.036739 
2.320000 	 1.094368 
2.340000 	 1.178021 
2.360000 	 1.084891 
2.380000 	 1.172925 
2.400000 	 1.272013 
2.420000 	 1.181859 
2.440000 	 0.996968 
2.460000 	 1.357738 
2.480000 	 1.113579 
2.500000 	 1.408633 
2.520000 	 1.025479 
2.540000 	 1.043549 
2.560000 	 1.253404 
2.580000 	 1.132359 
2.600000 	 1.234918 
2.620000 	 1.482848 
2.640000 	 1.080510 
2.660000 	 1.406263 
2.680000 	 1.384049 
2.700000 	 1.117028 
2.720000 	 1.302386 
2.740000 	 1.354112 
2.760000 	 1.147595 
2.780000 	 1.159982 
2.800000 	 1.423391 
2.820000 	 1.371324 
2.840000 	 1.246514 
2.860000 	 1.368283 
2.880000 	 1.142522 
2.900000 	 1.406175 
2.920000 	 1.556818 
2.940000 	 1.271708 
2.960000 	 1.761467 
2.980000 	 1.083297 
3.000000 	 1.517909 
3.020000 	 1.317109 
3.040000 	 1.590049 
3.060000 	 1.632001 
3.080000 	 1.255672 
3.100000 	 1.869747 
3.120000 	 1.473442 
3.140000 	 1.277126 
3.160000 	 1.491843 
3.180000 	 1.716986 
3.200000 	 1.563515 
3.220000 	 1.505262 
3.240000 	 1.360385 
3.260000 	 1.682659 
3.280000 	 1.433998 
3.300000 	 1.597891 
3.320000 	 1.463754 
3.340000 	 1.435251 
3.360000 	 1.427576 
3.380000 	 1.499836 
3.400000 	 1.592425 
3.420000 	 1.415163 
3.440000 	 1.351491 
3.460000 	 1.608683 
3.480000 	 1.544832 
3.500000 	 1.696493 
3.520000 	 1.723751 
3.540000 	 1.693926 
3.560000 	 1.605888 
3.580000 	 1.754509 
3.600000 	 1.543037 
3.620000 	 1.642559 
3.640000 	 1.728617 
3.660000 	 1.655495 
3.680000 	 1.749221 
3.700000 	 1.496397 
3.720000 	 1.814173 
3.740000 	 1.945780 
3.760000 	 1.375927 
3.780000 	 1.427963 
3.800000 	 1.697660 
3.820000 	 1.619321 
3.840000 	 1.698421 
3.860000 	 1.639469 
3.880000 	 1.784497 
3.900000 	 1.627711 
3.920000 	 1.789019 
3.940000 	 1.493885 
3.960000 	 1.610896 
3.980000 	 1.485278 
4.000000 	 1.552115 
4.020000 	 1.821296 
4.040000 	 1.571954 
4.060000 	 1.654613 
4.080000 	 1.720502 
4.100000 	 1.362871 
4.120000 	 1.262230 
4.140000 	 1.691972 
4.160000 	 1.691893 
4.180000 	 1.615408 
4.200000 	 1.655595 
4.220000 	 1.835565 
4.240000 	 1.680928 
4.260000 	 1.674155 
4.280000 	 1.664838 
4.300000 	 1.421383 
4.320000 	 1.716157 
4.340000 	 1.821582 
4.360000 	 1.637701 
4.380000 	 1.557192 
4.400000 	 1.507096 
4.420000 	 1.495994 
4.440000 	 1.690946 
4.460000 	 1.417591 
4.480000 	 1.438119 
4.500000 	 1.540108 
4.520000 	 1.468904 
4.540000 	 1.815094 
4.560000 	 1.684034 
4.580000 	 1.496338 
4.600000 	 1.428654 
4.620000 	 1.473077 
4.640000 	 1.384082 
4.660000 	 1.591643 
4.680000 	 1.748673 
4.700000 	 1.530560 
4.720000 	 1.542116 
4.740000 	 1.372285 
4.760000 	 1.697562 
4.780000 	 1.485317 
4.800000 	 1.225407 
4.820000 	 1.524931 
4.840000 	 1.451292 
4.860000 	 1.621557 
4.880000 	 1.179523 
4.900000 	 1.520245 
4.920000 	 1.464751 
4.940000 	 1.566058 
4.960000 	 1.503300 
4.980000 	 1.608210 
5.000000 	 1.457767 
5.020000 	 1.199704 
5.040000 	 1.353472 
5.060000 	 1.159711 
5.080000 	 1.636985 
5.100000 	 1.118101 
5.120000 	 1.634205 
5.140000 	 1.605957 
5.160000 	 1.463029 
5.180000 	 1.220712 
5.200000 	 1.144090 
5.220000 	 1.423679 
5.240000 	 1.405737 
5.260000 	 1.418834 
5.280000 	 1.467041 
5.300000 	 1.686113 
5.320000 	 1.213121 
5.340000 	 1.447962 
5.360000 	 1.622502 
5.380000 	 1.204390 
5.400000 	 1.173229 
5.420000 	 1.277598 
5.440000 	 1.107721 
5.460000 	 1.322089 
5.480000 	 1.175697 
5.500000 	 1.091286 
5.520000 	 1.361081 
5.540000 	 1.028839 
5.560000 	 1.233214 
5.580000 	 1.327893 
5.600000 	 1.407827 
5.620000 	 1.022372 
5.640000 	 1.241362 
5.660000 	 1.246652 
5.680000 	 0.999974 
5.700000 	 1.099239 
5.720000 	 1.193880 
5.740000 	 1.204138 
5.760000 	 1.012484 
5.780000 	 0.717496 
5.800000 	 1.126753 
5.820000 	 1.227990 
5.840000 	 1.264674 
5.860000 	 1.070797 
5.880000 	 1.021069 
5.900000 	 1.266731 
5.920000 	 1.271282 
5.940000 	 0.932463 
5.960000 	 0.996986 
5.980000 	 0.794699 
6.000000 	 0.790649 
6.020000 	 1.231296 
6.040000 	 1.001817 
6.060000 	 0.939704 
6.080000 	 0.687639 
6.100000 	 0.911837 
6.120000 	 0.815896 
6.140000 	 0.747435 
6.160000 	 0.816775 
6.180000 	 1.142960 
6.200000 	 0.702066 
6.220000 	 1.028147 
6.240000 	 0.789199 
6.260000 	 1.083662 
6.280000 	 0.855599 
6.300000 	 0.646230 
6.320000 	 0.671094 
6.340000 	 0.606072 
6.360000 	 0.620594 
6.380000 	 0.688065 
6.400000 	 0.639412 
6.420000 	 0.845726 
6.440000 	 0.857470 
6.460000 	 0.800233 
6.480000 	 0.734401 
6.500000 	 0.883388 
6.520000 	 0.705958 
6.540000 	 0.685182 
6.560000 	 0.531052 
6.580000 	 0.541761 
6.600000 	 0.861084 
6.620000 	 0.429739 
6.640000 	 0.474674 
6.660000 	 0.781358 
6.680000 	 0.656673 
6.700000 	 0.333595 
6.720000 	 0.688373 
6.740000 	 0.885152 
6.760000 	 0.861783 
6.780000 	 0.768330 
6.800000 	 0.418310 
6.820000 	 0.687919 
6.840000 	 0.445201 
6.860000 	 0.467601 
6.880000 	 0.542495 
6.900000 	 0.642581 
6.920000 	 0.616842 
6.940000 	 0.660563 
6.960000 	 0.371707 
6.980000 	 0.440583 
7.000000 	 0.859216 
7.020000 	 0.309298 
7.040000 	 0.362103 
7.060000 	 0.265907 
7.080000 	 0.388181 
7.100000 	 0.462825 
7.120000 	 0.573769 
7.140000 	 0.585856 
7.160000 	 0.569229 
7.180000 	 0.685994 
7.200000 	 0.276141 
7.220000 	 0.415439 
7.240000 	 0.434928 
7.260000 	 0.471242 
7.280000 	 0.634260 
7.300000 	 0.441854 
7.320000 	 0.337876 
7.340000 	 0.430255 
7.360000 	 0.572904 
7.380000 	 0.412933 
7.400000 	 0.277850 
7.420000 	 0.900000 
7.440000 	 0.321897 
7.460000 	 0.072142 
7.480000 	 0.087178 
7.500000 	 0.565959 
7.520000 	 0.302133 
7.540000 	 0.555193 
7.560000 	 0.186565 
7.580000 	 -0.001908 
7.600000 	 0.455358 
7.620000 	 0.388893 
7.640000 	 0.347658 
7.660000 	 0.171341 
7.680000 	 0.179521 
7.700000 	 0.389645 
7.720000 	 0.491962 
7.740000 	 0.272395 
7.760000 	 0.257732 
7.780000 	 0.292437 
7.800000 	 0.318584 
7.820000 	 0.298395 
7.840000 	 0.198098 
7.860000 	 0.304384 
7.880000 	 0.244601 
7.900000 	 0.214314 
7.920000 	 0.110216 
7.940000 	 -0.115539 
7.960000 	 0.370205 
7.980000 	 0.315162 
8.000000 	 0.295820 
8.020000 	 0.653942 
8.040000 	 0.033104 
8.060000 	 -0.131090 
8.080000 	 0.545123 
8.100000 	 0.270278 
8.120000 	 0.153079 
8.140000 	 0.426259 
8.160000 	 0.153349 
8.180000 	 0.169756 
8.200000 	 -0.015760 
8.220000 	 0.248510 
8.240000 	 0.239241 
8.260000 	 0.120763 
8.280000 	 0.081326 
8.300000 	 0.329350 
8.320000 	 -0.038492 
8.340000 	 0.124978 
8.360000 	 0.206743 
8.380000 	 0.042289 
8.400000 	 0.125694 
8.420000 	 0.301487 
8.440000 	 0.138590 
8.460000 	 0.173463 
8.480000 	 0.224732 
8.500000 	 0.109859 
8.520000 	 -0.097128 
8.540000 	 -0.081063 
8.560000 	 0.156036 
8.580000 	 -0.180599 
8.600000 	 0.257949 
8.620000 	 0.274821 
8.640000 	 0.342907 
8.660000 	 0.181858 
8.680000 	 0.045025 
8.700000 	 -0.000622 
8.720000 	 -0.100806 
8.740000 	 0.064931 
8.760000 	 0.091425 
8.780000 	 -0.233882 
8.800000 	 0.015069 
8.820000 	 0.172817 
8.840000 	 0.036924 
8.860000 	 0.393242 
8.880000 	 -0.076185 
8.900000 	 -0.061282 
8.920000 	 -0.118282 
8.940000 	 -0.107215 
8.960000 	 0.151415 
8.980000 	 -0.163355 
9.000000 	 -0.340840 
9.020000 	 -0.011133 
9.040000 	 0.154777 
9.060000 	 0.022801 
9.080000 	 0.104782 
9.100000 	 0.152384 
9.120000 	 0.085351 
9.140000 	 0.360061 
9.160000 	 0.233869 
9.180000 	 0.170427 
9.200000 	 0.263778 
9.220000 	 -0.011080 
9.240000 	 0.353926 
9.260000 	 -0.007715 
9.280000 	 -0.129660 
9.300000 	 0.026973 
9.320000 	 0.164556 
9.340000 	 0.024125 
9.360000 	 -0.315531 
9.380000 	 0.098466 
9.400000 	 -0.261775 
9.420000 	 0.050138 
9.440000 	 -0.100414 
9.460000 	 -0.096057 
9.480000 	 0.248481 
9.500000 	 0.023800 
9.520000 	 0.294433 
9.540000 	 0.069206 
9.560000 	 0.142184 
9.580000 	 0.058298 
9.600000 	 -0.041072 
9.620000 	 0.018926 
9.640000 	 0.385818 
9.660000 	 -0.072461 
9.680000 	 0.161191 
9.700000 	 -0.012638 
9.720000 	 0.119341 
9.740000 	 0.489841 
9.760000 	 -0.122256 
9.780000 	 -0.067316 
9.800000 	 0.067778 
9.820000 	 -0.264958 
9.840000 	 -0.074568 
9.860000 	 -0.151976 
9.880000 	 0.144403 
9.900000 	 0.069827 
9.920000 	 0.023391 
9.940000 	 -0.034556 
9.960000 	 -0.130265 
9.980000 	 -0.157201 
10.000000 	 -0.303882 
10.020000 	 0.056431 
10.040000 	 -0.576205 
10.060000 	 0.075513 
10.080000 	 0.205831 
10.100000 	 -0.130726 
10.120000 	 0.095932 
10.140000 	 -0.274220 
10.160000 	 0.346525 
10.180000 	 0.184761 
10.200000 	 0.095888 
10.220000 	 -0.097737 
10.240000 	 0.173976 
10.260000 	 0.067714 
10.280000 	 -0.153550 
10.300000 	 0.087520 
10.320000 	 0.044503 
10.340000 	 -0.040938 
10.360000 	 -0.023884 
10.380000 	 0.029980 
10.400000 	 -0.137517 
10.420000 	 -0.049520 
10.440000 	 -0.105156 
10.460000 	 0.029109 
10.480000 	 0.065123 
10.500000 	 0.035723 
10.520000 	 -0.096601 
10.540000 	 -0.138525 
10.560000 	 0.135151 
10.580000 	 0.034112 
10.600000 	 -0.133195 
10.620000 	 0.038201 
10.640000 	 -0.001591 
10.660000 	 -0.163661 
10.680000 	 0.001492 
10.700000 	 -0.093020 
10.720000 	 0.153400 
10.740000 	 -0.203238 
10.760000 	 0.084423 
10.780000 	 -0.047339 
10.800000 	 -0.077871 
10.820000 	 -0.112618 
10.840000 	 0.001908 
10.860000 	 -0.234769 
10.880000 	 -0.079114 
10.900000 	 0.118781 
10.920000 	 0.097614 
10.940000 	 -0.151835 
10.960000 	 -0.061204 
10.980000 	 0.027923 
11.000000 	 0.065118 
11.020000 	 -0.046310 
11.040000 	 -0.046762 
11.060000 	 0.336009 
11.080000 	 0.038145 
11.100000 	 0.098999 
11.120000 	 0.182448 
11.140000 	 -0.088467 
11.160000 	 0.047198 
11.180000 	 0.019914 
11.200000 	 -0.248757 
11.220000 	 0.004036 
11.240000 	 -0.235918 
11.260000 	 0.229199 
11.280000 	 0.022453 
11.300000 	 -0.072019 
11.320000 	 0.011204 
11.340000 	 -0.125995 
11.360000 	 0.045352 
11.380000 	 0.048535 
11.400000 	 0.083986 
11.420000 	 0.103994 
11.440000 	 -0.019692 
11.460000 	 -0.107683 
11.480000 	 0.232099 
11.500000 	 0.077949 
11.520000 	 -0.072340 
11.540000 	 -0.154921 
11.560000 	 0.088414 
11.580000 	 0.097394 
11.600000 	 0.031654 
11.620000 	 -0.016135 
11.640000 	 -0.081558 
11.660000 	 0.057056 
11.680000 	 0.073464 
11.700000 	 -0.035493 
11.720000 	 0.026232 
11.740000 	 0.320949 
11.760000 	 0.198398 
11.780000 	 0.122077 
11.800000 	 0.063683 
11.820000 	 -0.063250 
11.840000 	 -0.074114 
11.860000 	 0.006868 
11.880000 	 -0.252578 
11.900000 	 0.010969 
11.920000 	 -0.099063 
11.940000 	 -0.173558 
11.960000 	 -0.158186 
11.980000 	 -0.100563 
12.000000 	 0.262961 
12.020000 	 -0.086215 
12.040000 	 0.260015 
12.060000 	 -0.033210 
12.080000 	 0.129572 
12.100000 	 -0.082106 
12.120000 	 0.030555 
12.140000 	 0.043893 
12.160000 	 -0.096497 
12.180000 	 -0.093090 
12.200000 	 0.080101 
12.220000 	 -0.253455 
12.240000 	 -0.181853 
12.260000 	 0.069896 
12.280000 	 0.062477 
12.300000 	 -0.036165 
12.320000 	 -0.138876 
12.340000 	 -0.080675 
12.360000 	 -0.172012 
12.380000 	 -0.224182 
12.400000 	 0.156045 
12.420000 	 -0.012795 
12.440000 	 -0.164143 
12.460000 	 -0.000758 
12.480000 	 0.054954 
12.500000 	 0.014775 
12.520000 	 -0.277320 
12.540000 	 0.190660 
12.560000 	 -0.056778 
12.580000 	 -0.056026 
12.600000 	 -0.283328 
12.620000 	 0.048722 
12.640000 	 0.102198 
12.660000 	 -0.066959 
12.680000 	 0.048058 
12.700000 	 0.047820 
12.720000 	 0.059120 
12.740000 	 0.091323 
12.760000 	 -0.156008 
12.780000 	 -0.045316 
12.800000 	 -0.040586 
12.820000 	 -0.052339 
12.840000 	 0.218639 
12.860000 	 0.145578 
12.880000 	 -0.064565 
12.900000 	 -0.054985 
12.920000 	 0.197334 
12.940000 	 0.142003 
12.960000 	 0.061151 
12.980000 	 -0.121288 
13.000000 	 -0.147654 
13.020000 	 -0.004520 
13.040000 	 0.234275 
13.060000 	 -0.099336 
13.080000 	 0.043592 
13.100000 	 0.247048 
13.120000 	 0.241689 
13.140000 	 0.316099 
13.160000 	 0.083681 
13.180000 	 0.215451 
13.200000 	 0.189655 
13.220000 	 0.272767 
13.240000 	 -0.372812 
13.260000 	 -0.044133 
13.280000 	 0.030113 
13.300000 	 -0.008795 
13.320000 	 0.060122 
13.340000 	 0.256558 
13.360000 	 -0.089908 
13.380000 	 -0.053897 
13.400000 	 0.032377 
13.420000 	 0.179748 
13.440000 	 0.057176 
13.460000 	 -0.009926 
13.480000 	 0.025889 
13.500000 	 0.190616 
13.520000 	 0.032455 
13.540000 	 0.521627 
13.560000 	 -0.030169 
13.580000 	 -0.114851 
13.600000 	 -0.001192 
13.620000 	 0.026938 
13.640000 	 0.212113 
13.660000 	 0.038369 
13.680000 	 -0.234991 
13.700000 	 0.056952 
13.720000 	 -0.060851 
13.740000 	 -0.055752 
13.760000 	 -0.104491 
13.780000 	 0.017225 
13.800000 	 -0.160159 
13.820000 	 -0.149035 
13.840000 	 0.098113 
13.860000 	 0.044431 
13.880000 	 -0.048439 
13.900000 	 -0.249700 
13.920000 	 0.212471 
13.940000 	 -0.068369 
13.960000 	 0.113655 
13.980000 	 0.104058 
14.000000 	 0.187518 
14.020000 	 -0.246449 
14.040000 	 -0.100681 
14.060000 	 0.039039 
14.080000 	 -0.215159 
14.100000 	 0.019372 
14.120000 	 -0.216170 
14.140000 	 0.092374 
14.160000 	 -0.060545 
14.180000 	 -0.042862 
14.200000 	 -0.011291 
14.220000 	 -0.176068 
14.240000 	 0.130717 
14.260000 	 0.143771 
14.280000 	 0.343575 
14.300000 	 0.095044 
14.320000 	 -0.039038 
14.340000 	 0.043250 
14.360000 	 0.000286 
14.380000 	 -0.281392 
14.400000 	 0.041408 
14.420000 	 -0.120073 
14.440000 	 0.114750 
14.460000 	 -0.284753 
14.480000 	 0.166821 
14.500000 	 0.254076 
14.520000 	 -0.153184 
14.540000 	 0.205630 
14.560000 	 0.119526 
14.580000 	 0.130828 
14.600000 	 0.110758 
14.620000 	 0.058075 
14.640000 	 0.026198 
14.660000 	 -0.075905 
14.680000 	 -0.007506 
14.700000 	 -0.000842 
14.720000 	 -0.021678 
14.740000 	 0.412000 
14.760000 	 -0.012827 
14.780000 	 0.324678 
14.800000 	 0.193135 
14.820000 	 0.187999 
14.840000 	 -0.112100 
14.860000 	 0.145076 
14.880000 	 -0.036599 
14.900000 	 -0.086927 
14.920000 	 -0.005394 
14.940000 	 0.033559 
14.960000 	 0.031176 
14.980000 	 0.071071 
15.000000 	 -0.130271 
