-15.000000 	 0.127202 
-14.980000 	 -0.105619 
-14.960000 	 0.001976 
-14.940000 	 0.001508 
-14.920000 	 -0.182709 
-14.900000 	 0.297893 
-14.880000 	 0.143037 
-14.860000 	 -0.080225 
-14.840000 	 0.016555 
-14.820000 	 -0.176969 
-14.800000 	 -0.110093 
-14.780000 	 0.461336 
-14.760000 	 -0.317416 
-14.740000 	 0.164990 
-14.720000 	 -0.136923 
-14.700000 	 -0.272326 
-14.680000 	 -0.090926 
-14.660000 	 0.162683 
-14.640000 	 -0.018595 
-14.620000 	 0.144457 
-14.600000 	 0.017591 
-14.580000 	 -0.046027 
-14.560000 	 0.249399 
-14.540000 	 0.199560 
-14.520000 	 0.021574 
-14.500000 	 0.243593 
-14.480000 	 -0.157244 
-14.460000 	 0.082235 
-14.440000 	 0.362699 
-14.420000 	 -0.364299 
-14.400000 	 0.135666 
-14.380000 	 0.150446 
-14.360000 	 0.008289 
-14.340000 	 -0.122716 
-14.320000 	 0.113501 
-14.300000 	 -0.151306 
-14.280000 	 -0.091253 
-14.260000 	 -0.144654 
-14.240000 	 -0.174318 
-14.220000 	 0.165046 
-14.200000 	 -0.006774 
-14.180000 	 0.229513 
-14.160000 	 -0.237433 
-14.140000 	 0.096052 
-14.120000 	 0.151155 
-14.100000 	 0.067599 
-14.080000 	 -0.100192 
-14.060000 	 0.003909 
-14.040000 	 -0.104961 
-14.020000 	 -0.062817 
-14.000000 	 -0.304194 
-13.980000 	 0.128981 
-13.960000 	 0.044852 
-13.940000 	 0.087248 
-13.920000 	 0.188957 
-13.900000 	 0.181906 
-13.880000 	 0.014090 
-13.860000 	 -0.019552 
-13.840000 	 0.218499 
-13.820000 	 -0.011047 
-13.800000 	 0.315398 
-13.780000 	 0.138908 
-13.760000 	 -0.105881 
-13.740000 	 0.006059 
-13.720000 	 0.120631 
-13.700000 	 -0.111440 
-13.680000 	 -0.018290 
-13.660000 	 0.003679 
-13.640000 	 0.137700 
-13.620000 	 -0.154515 
-13.600000 	 0.068922 
-13.580000 	 -0.094211 
-13.560000 	 -0.043137 
-13.540000 	 0.057515 
-13.520000 	 0.134185 
-13.500000 	 -0.046217 
-13.480000 	 0.110969 
-13.460000 	 0.111422 
-13.440000 	 -0.171301 
-13.420000 	 -0.044039 
-13.400000 	 -0.182558 
-13.380000 	 0.068522 
-13.360000 	 -0.144395 
-13.340000 	 0.118581 
-13.320000 	 0.220104 
-13.300000 	 -0.148717 
-13.280000 	 -0.021591 
-13.260000 	 0.150625 
-13.240000 	 0.105271 
-13.220000 	 0.182307 
-13.200000 	 -0.043114 
-13.180000 	 0.204465 
-13.160000 	 -0.104829 
-13.140000 	 0.010337 
-13.120000 	 -0.240095 
-13.100000 	 0.255778 
-13.080000 	 -0.064058 
-13.060000 	 0.129072 
-13.040000 	 -0.070208 
-13.020000 	 -0.200454 
-13.000000 	 -0.126355 
-12.980000 	 0.202007 
-12.960000 	 0.185650 
-12.940000 	 0.051688 
-12.920000 	 -0.045991 
-12.900000 	 0.113318 
-12.880000 	 -0.088778 
-12.860000 	 -0.324593 
-12.840000 	 -0.008695 
-12.820000 	 0.006752 
-12.800000 	 -0.028034 
-12.780000 	 -0.279391 
-12.760000 	 0.047949 
-12.740000 	 0.178345 
-12.720000 	 -0.041604 
-12.700000 	 -0.087727 
-12.680000 	 0.152535 
-12.660000 	 -0.120403 
-12.640000 	 -0.008894 
-12.620000 	 0.001994 
-12.600000 	 0.124881 
-12.580000 	 -0.092425 
-12.560000 	 -0.040777 
-12.540000 	 -0.027682 
-12.520000 	 0.006338 
-12.500000 	 -0.065792 
-12.480000 	 0.243515 
-12.460000 	 0.301024 
-12.440000 	 0.084075 
-12.420000 	 0.032579 
-12.400000 	 0.011644 
-12.380000 	 0.214813 
-12.360000 	 0.018402 
-12.340000 	 0.026299 
-12.320000 	 0.194708 
-12.300000 	 0.028895 
-12.280000 	 -0.313098 
-12.260000 	 -0.120462 
-12.240000 	 0.071523 
-12.220000 	 0.134136 
-12.200000 	 -0.014959 
-12.180000 	 -0.140507 
-12.160000 	 -0.142157 
-12.140000 	 0.031877 
-12.120000 	 -0.182791 
-12.100000 	 -0.190619 
-12.080000 	 0.114524 
-12.060000 	 0.043277 
-12.040000 	 -0.279221 
-12.020000 	 0.081885 
-12.000000 	 0.073154 
-11.980000 	 -0.065476 
-11.960000 	 0.008507 
-11.940000 	 -0.200428 
-11.920000 	 -0.146485 
-11.900000 	 0.006770 
-11.880000 	 -0.175003 
-11.860000 	 0.100000 
-11.840000 	 -0.021220 
-11.820000 	 -0.105171 
-11.800000 	 -0.108998 
-11.780000 	 0.107700 
-11.760000 	 -0.246119 
-11.740000 	 0.019026 
-11.720000 	 0.032581 
-11.700000 	 -0.114446 
-11.680000 	 0.020927 
-11.660000 	 0.122674 
-11.640000 	 -0.017900 
-11.620000 	 -0.021807 
-11.600000 	 0.301655 
-11.580000 	 -0.164276 
-11.560000 	 -0.072065 
-11.540000 	 0.259342 
-11.520000 	 -0.095386 
-11.500000 	 0.055991 
-11.480000 	 -0.152251 
-11.460000 	 -0.010979 
-11.440000 	 0.215096 
-11.420000 	 0.019625 
-11.400000 	 -0.035281 
-11.380000 	 -0.078383 
-11.360000 	 -0.108945 
-11.340000 	 0.072554 
-11.320000 	 -0.075864 
-11.300000 	 -0.079671 
-11.280000 	 0.092939 
-11.260000 	 0.128341 
-11.240000 	 0.287113 
-11.220000 	 -0.068914 
-11.200000 	 0.029538 
-11.180000 	 -0.066417 
-11.160000 	 -0.247616 
-11.140000 	 -0.094360 
-11.120000 	 0.029620 
-11.100000 	 0.073388 
-11.080000 	 0.360970 
-11.060000 	 -0.062910 
-11.040000 	 -0.169737 
-11.020000 	 -0.042528 
-11.000000 	 -0.030156 
-10.980000 	 -0.080411 
-10.960000 	 -0.007872 
-10.940000 	 0.152958 
-10.920000 	 -0.037296 
-10.900000 	 0.141499 
-10.880000 	 -0.068666 
-10.860000 	 -0.178395 
-10.840000 	 -0.142540 
-10.820000 	 0.006309 
-10.800000 	 0.056379 
-10.780000 	 0.067982 
-10.760000 	 0.049292 
-10.740000 	 0.221533 
-10.720000 	 0.315528 
-10.700000 	 0.025100 
-10.680000 	 -0.026314 
-10.660000 	 0.085137 
-10.640000 	 0.063921 
-10.620000 	 0.132951 
-10.600000 	 0.136029 
-10.580000 	 0.049898 
-10.560000 	 0.004517 
-10.540000 	 -0.037290 
-10.520000 	 -0.088733 
-10.500000 	 0.005429 
-10.480000 	 0.063846 
-10.460000 	 -0.006550 
-10.440000 	 0.083992 
-10.420000 	 -0.029365 
-10.400000 	 0.177259 
-10.380000 	 -0.313495 
-10.360000 	 0.257144 
-10.340000 	 -0.207842 
-10.320000 	 0.064519 
-10.300000 	 -0.104956 
-10.280000 	 0.111780 
-10.260000 	 0.054664 
-10.240000 	 0.025283 
-10.220000 	 -0.297481 
-10.200000 	 0.103017 
-10.180000 	 -0.161315 
-10.160000 	 -0.221395 
-10.140000 	 0.149305 
-10.120000 	 -0.288609 
-10.100000 	 0.027390 
-10.080000 	 -0.082122 
-10.060000 	 0.146926 
-10.040000 	 0.049518 
-10.020000 	 0.023134 
-10.000000 	 -0.032920 
-9.980000 	 0.035855 
-9.960000 	 -0.059185 
-9.940000 	 0.107230 
-9.920000 	 -0.093221 
-9.900000 	 0.009349 
-9.880000 	 0.154803 
-9.860000 	 -0.116898 
-9.840000 	 0.336309 
-9.820000 	 -0.043374 
-9.800000 	 -0.175300 
-9.780000 	 0.394009 
-9.760000 	 0.006243 
-9.740000 	 0.086922 
-9.720000 	 -0.090588 
-9.700000 	 -0.194145 
-9.680000 	 -0.229068 
-9.660000 	 -0.137899 
-9.640000 	 0.061862 
-9.620000 	 0.173652 
-9.600000 	 -0.261332 
-9.580000 	 0.244187 
-9.560000 	 0.219378 
-9.540000 	 0.088906 
-9.520000 	 -0.065824 
-9.500000 	 0.023994 
-9.480000 	 -0.091814 
-9.460000 	 0.069644 
-9.440000 	 -0.028904 
-9.420000 	 0.182383 
-9.400000 	 0.077746 
-9.380000 	 -0.219504 
-9.360000 	 0.066604 
-9.340000 	 0.011981 
-9.320000 	 -0.126264 
-9.300000 	 0.037837 
-9.280000 	 -0.195295 
-9.260000 	 0.189021 
-9.240000 	 -0.120279 
-9.220000 	 0.005259 
-9.200000 	 0.112282 
-9.180000 	 0.163809 
-9.160000 	 0.332977 
-9.140000 	 -0.074239 
-9.120000 	 0.118883 
-9.100000 	 -0.025134 
-9.080000 	 0.028254 
-9.060000 	 -0.255591 
-9.040000 	 -0.170532 
-9.020000 	 -0.000967 
-9.000000 	 -0.011868 
-8.980000 	 0.116004 
-8.960000 	 0.077719 
-8.940000 	 0.190467 
-8.920000 	 -0.160809 
-8.900000 	 -0.029559 
-8.880000 	 -0.261142 
-8.860000 	 0.094976 
-8.840000 	 0.085764 
-8.820000 	 -0.018483 
-8.800000 	 -0.037540 
-8.780000 	 -0.028189 
-8.760000 	 0.092902 
-8.740000 	 -0.436016 
-8.720000 	 0.180727 
-8.700000 	 0.008230 
-8.680000 	 0.092222 
-8.660000 	 -0.009515 
-8.640000 	 -0.066663 
-8.620000 	 -0.033781 
-8.600000 	 0.114737 
-8.580000 	 0.077796 
-8.560000 	 -0.152173 
-8.540000 	 0.234188 
-8.520000 	 0.031966 
-8.500000 	 -0.175816 
-8.480000 	 -0.086054 
-8.460000 	 -0.060681 
-8.440000 	 -0.081242 
-8.420000 	 0.041438 
-8.400000 	 0.101478 
-8.380000 	 0.029853 
-8.360000 	 0.055386 
-8.340000 	 -0.195722 
-8.320000 	 0.102950 
-8.300000 	 0.209778 
-8.280000 	 0.064772 
-8.260000 	 0.114045 
-8.240000 	 -0.064340 
-8.220000 	 0.048256 
-8.200000 	 0.247244 
-8.180000 	 0.000901 
-8.160000 	 0.085294 
-8.140000 	 0.298318 
-8.120000 	 0.085112 
-8.100000 	 -0.034419 
-8.080000 	 -0.027168 
-8.060000 	 0.124887 
-8.040000 	 -0.110878 
-8.020000 	 -0.197058 
-8.000000 	 0.024671 
-7.980000 	 0.262104 
-7.960000 	 -0.130055 
-7.940000 	 0.003248 
-7.920000 	 -0.059451 
-7.900000 	 -0.131631 
-7.880000 	 -0.135131 
-7.860000 	 0.142444 
-7.840000 	 0.192122 
-7.820000 	 -0.107357 
-7.800000 	 0.098212 
-7.780000 	 -0.047404 
-7.760000 	 -0.148085 
-7.740000 	 0.152325 
-7.720000 	 0.149635 
-7.700000 	 -0.004212 
-7.680000 	 0.091216 
-7.660000 	 0.072582 
-7.640000 	 0.189585 
-7.620000 	 0.088703 
-7.600000 	 -0.013609 
-7.580000 	 -0.020551 
-7.560000 	 0.123644 
-7.540000 	 0.207443 
-7.520000 	 -0.130346 
-7.500000 	 0.220413 
-7.480000 	 0.055873 
-7.460000 	 0.169342 
-7.440000 	 0.253967 
-7.420000 	 -0.069098 
-7.400000 	 -0.086900 
-7.380000 	 -0.254702 
-7.360000 	 -0.137318 
-7.340000 	 0.330892 
-7.320000 	 0.164801 
-7.300000 	 -0.102069 
-7.280000 	 0.200000 
-7.260000 	 -0.151655 
-7.240000 	 0.019051 
-7.220000 	 0.088978 
-7.200000 	 0.083746 
-7.180000 	 -0.034227 
-7.160000 	 0.054939 
-7.140000 	 0.161484 
-7.120000 	 0.033031 
-7.100000 	 0.270028 
-7.080000 	 0.524072 
-7.060000 	 0.158387 
-7.040000 	 0.035737 
-7.020000 	 0.427317 
-7.000000 	 0.260771 
-6.980000 	 0.101313 
-6.960000 	 0.228663 
-6.940000 	 0.075157 
-6.920000 	 0.054417 
-6.900000 	 0.245248 
-6.880000 	 -0.030652 
-6.860000 	 0.269585 
-6.840000 	 0.539758 
-6.820000 	 0.113397 
-6.800000 	 0.075256 
-6.780000 	 -0.057376 
-6.760000 	 0.264859 
-6.740000 	 -0.200318 
-6.720000 	 -0.074858 
-6.700000 	 -0.010814 
-6.680000 	 0.126850 
-6.660000 	 -0.156794 
-6.640000 	 0.051766 
-6.620000 	 0.084959 
-6.600000 	 0.292189 
-6.580000 	 0.214831 
-6.560000 	 -0.098141 
-6.540000 	 0.218780 
-6.520000 	 0.091918 
-6.500000 	 0.022592 
-6.480000 	 0.122499 
-6.460000 	 0.072880 
-6.440000 	 0.334616 
-6.420000 	 0.177591 
-6.400000 	 0.038777 
-6.380000 	 0.030085 
-6.360000 	 0.091169 
-6.340000 	 0.237465 
-6.320000 	 -0.066824 
-6.300000 	 0.181398 
-6.280000 	 0.120558 
-6.260000 	 0.232402 
-6.240000 	 0.167919 
-6.220000 	 0.034510 
-6.200000 	 0.239257 
-6.180000 	 0.171350 
-6.160000 	 0.082807 
-6.140000 	 -0.028409 
-6.120000 	 0.258142 
-6.100000 	 0.510316 
-6.080000 	 0.196429 
-6.060000 	 0.097892 
-6.040000 	 0.248236 
-6.020000 	 0.088161 
-6.000000 	 0.033188 
-5.980000 	 0.058053 
-5.960000 	 0.072492 
-5.940000 	 0.370295 
-5.920000 	 0.219162 
-5.900000 	 -0.113122 
-5.880000 	 0.251862 
-5.860000 	 -0.107449 
-5.840000 	 0.216801 
-5.820000 	 0.423178 
-5.800000 	 0.272991 
-5.780000 	 0.172111 
-5.760000 	 0.238777 
-5.740000 	 0.085413 
-5.720000 	 0.366866 
-5.700000 	 0.221616 
-5.680000 	 0.334230 
-5.660000 	 0.202656 
-5.640000 	 0.198047 
-5.620000 	 0.184477 
-5.600000 	 0.642087 
-5.580000 	 0.203658 
-5.560000 	 0.451627 
-5.540000 	 0.632875 
-5.520000 	 0.474544 
-5.500000 	 0.333412 
-5.480000 	 0.208892 
-5.460000 	 0.386786 
-5.440000 	 0.232569 
-5.420000 	 0.247625 
-5.400000 	 0.359057 
-5.380000 	 0.325655 
-5.360000 	 0.376581 
-5.340000 	 0.438702 
-5.320000 	 0.128685 
-5.300000 	 0.283845 
-5.280000 	 0.604923 
-5.260000 	 0.205027 
-5.240000 	 0.390367 
-5.220000 	 0.143139 
-5.200000 	 0.602880 
-5.180000 	 0.545726 
-5.160000 	 0.447856 
-5.140000 	 0.469745 
-5.120000 	 0.511396 
-5.100000 	 0.618905 
-5.080000 	 0.167462 
-5.060000 	 0.528799 
-5.040000 	 0.300212 
-5.020000 	 0.427123 
-5.000000 	 0.278380 
-4.980000 	 0.305785 
-4.960000 	 0.313289 
-4.940000 	 0.381435 
-4.920000 	 0.508251 
-4.900000 	 0.140807 
-4.880000 	 0.275959 
-4.860000 	 0.292165 
-4.840000 	 0.363375 
-4.820000 	 0.436215 
-4.800000 	 0.270285 
-4.780000 	 0.607521 
-4.760000 	 0.446618 
-4.740000 	 0.351792 
-4.720000 	 0.363414 
-4.700000 	 0.347612 
-4.680000 	 0.608626 
-4.660000 	 0.411805 
-4.640000 	 0.343606 
-4.620000 	 0.416531 
-4.600000 	 0.333070 
-4.580000 	 0.258721 
-4.560000 	 0.321435 
-4.540000 	 0.442644 
-4.520000 	 0.401314 
-4.500000 	 0.525980 
-4.480000 	 0.448808 
-4.460000 	 0.684828 
-4.440000 	 0.531749 
-4.420000 	 0.441278 
-4.400000 	 0.473827 
-4.380000 	 0.667766 
-4.360000 	 0.331447 
-4.340000 	 0.709326 
-4.320000 	 0.559186 
-4.300000 	 0.523190 
-4.280000 	 0.490853 
-4.260000 	 0.771355 
-4.240000 	 0.235355 
-4.220000 	 0.363210 
-4.200000 	 0.385446 
-4.180000 	 0.638836 
-4.160000 	 0.452054 
-4.140000 	 0.951721 
-4.120000 	 0.500934 
-4.100000 	 0.515596 
-4.080000 	 0.587877 
-4.060000 	 0.251906 
-4.040000 	 0.232686 
-4.020000 	 0.363380 
-4.000000 	 0.377244 
-3.980000 	 0.405613 
-3.960000 	 0.716146 
-3.940000 	 0.507513 
-3.920000 	 0.321895 
-3.900000 	 0.371724 
-3.880000 	 0.446521 
-3.860000 	 0.423778 
-3.840000 	 0.413743 
-3.820000 	 0.321868 
-3.800000 	 0.232148 
-3.780000 	 0.487034 
-3.760000 	 0.289466 
-3.740000 	 0.669496 
-3.720000 	 0.321799 
-3.700000 	 0.402855 
-3.680000 	 0.412874 
-3.660000 	 0.424481 
-3.640000 	 0.493285 
-3.620000 	 0.087867 
-3.600000 	 0.652224 
-3.580000 	 0.339977 
-3.560000 	 0.723495 
-3.540000 	 0.566666 
-3.520000 	 0.542051 
-3.500000 	 0.521894 
-3.480000 	 0.402329 
-3.460000 	 0.363767 
-3.440000 	 0.498725 
-3.420000 	 0.307888 
-3.400000 	 0.531897 
-3.380000 	 0.469888 
-3.360000 	 0.640664 
-3.340000 	 0.367318 
-3.320000 	 0.283426 
-3.300000 	 0.399613 
-3.280000 	 0.608387 
-3.260000 	 0.527291 
-3.240000 	 0.539419 
-3.220000 	 0.316835 
-3.200000 	 0.393712 
-3.180000 	 0.357292 
-3.160000 	 0.505815 
-3.140000 	 0.316114 
-3.120000 	 0.421215 
-3.100000 	 0.639075 
-3.080000 	 0.445186 
-3.060000 	 0.424578 
-3.040000 	 0.316705 
-3.020000 	 0.296664 
-3.000000 	 0.242184 
-2.980000 	 0.455282 
-2.960000 	 0.495423 
-2.940000 	 0.390856 
-2.920000 	 0.190981 
-2.900000 	 0.306702 
-2.880000 	 0.310193 
-2.860000 	 0.430728 
-2.840000 	 0.338978 
-2.820000 	 0.314403 
-2.800000 	 0.460221 
-2.780000 	 0.366671 
-2.760000 	 0.330090 
-2.740000 	 0.250159 
-2.720000 	 0.310222 
-2.700000 	 0.368392 
-2.680000 	 0.359166 
-2.660000 	 0.263727 
-2.640000 	 0.446189 
-2.620000 	 0.161474 
-2.600000 	 0.368878 
-2.580000 	 0.331613 
-2.560000 	 0.217014 
-2.540000 	 0.053421 
-2.520000 	 0.170028 
-2.500000 	 0.423647 
-2.480000 	 0.259944 
-2.460000 	 0.349075 
-2.440000 	 0.320278 
-2.420000 	 0.195772 
-2.400000 	 0.261737 
-2.380000 	 0.382107 
-2.360000 	 0.100912 
-2.340000 	 0.379096 
-2.320000 	 0.244863 
-2.300000 	 0.407490 
-2.280000 	 0.326264 
-2.260000 	 0.243570 
-2.240000 	 0.130455 
-2.220000 	 0.101606 
-2.200000 	 0.211687 
-2.180000 	 0.130398 
-2.160000 	 0.191340 
-2.140000 	 0.125962 
-2.120000 	 0.384526 
-2.100000 	 0.220950 
-2.080000 	 0.374206 
-2.060000 	 0.013461 
-2.040000 	 0.136915 
-2.020000 	 0.356682 
-2.000000 	 0.154954 
-1.980000 	 0.501898 
-1.960000 	 0.122185 
-1.940000 	 0.237694 
-1.920000 	 0.138773 
-1.900000 	 0.338682 
-1.880000 	 0.404977 
-1.860000 	 0.320071 
-1.840000 	 0.104785 
-1.820000 	 0.077404 
-1.800000 	 0.019452 
-1.780000 	 0.310642 
-1.760000 	 0.241735 
-1.740000 	 0.349129 
-1.720000 	 0.055884 
-1.700000 	 0.291967 
-1.680000 	 0.043071 
-1.660000 	 0.399636 
-1.640000 	 0.249822 
-1.620000 	 0.078025 
-1.600000 	 0.217506 
-1.580000 	 0.128223 
-1.560000 	 0.082071 
-1.540000 	 0.331013 
-1.520000 	 0.168054 
-1.500000 	 0.288312 
-1.480000 	 0.185041 
-1.460000 	 0.309706 
-1.440000 	 0.221989 
-1.420000 	 0.082072 
-1.400000 	 0.116498 
-1.380000 	 0.278326 
-1.360000 	 0.309284 
-1.340000 	 -0.043178 
-1.320000 	 0.219846 
-1.300000 	 0.324979 
-1.280000 	 0.393063 
-1.260000 	 0.213372 
-1.240000 	 0.135943 
-1.220000 	 -0.024387 
-1.200000 	 0.225455 
-1.180000 	 0.491594 
-1.160000 	 0.292138 
-1.140000 	 -0.003621 
-1.120000 	 0.434426 
-1.100000 	 0.325778 
-1.080000 	 0.038329 
-1.060000 	 0.323899 
-1.040000 	 0.345933 
-1.020000 	 -0.164327 
-1.000000 	 0.097069 
-0.980000 	 0.051382 
-0.960000 	 0.005431 
-0.940000 	 0.143376 
-0.920000 	 0.236552 
-0.900000 	 0.125769 
-0.880000 	 0.274643 
-0.860000 	 0.070903 
-0.840000 	 0.266024 
-0.820000 	 0.318069 
-0.800000 	 -0.029471 
-0.780000 	 0.168220 
-0.760000 	 0.260133 
-0.740000 	 0.253382 
-0.720000 	 0.174521 
-0.700000 	 0.017376 
-0.680000 	 0.193236 
-0.660000 	 0.220616 
-0.640000 	 0.121492 
-0.620000 	 0.218837 
-0.600000 	 0.145790 
-0.580000 	 0.412354 
-0.560000 	 0.057397 
-0.540000 	 0.197365 
-0.520000 	 0.418229 
-0.500000 	 0.140121 
-0.480000 	 0.230838 
-0.460000 	 0.077723 
-0.440000 	 0.287070 
-0.420000 	 0.042722 
-0.400000 	 0.067785 
-0.380000 	 0.031252 
-0.360000 	 0.216381 
-0.340000 	 0.074727 
-0.320000 	 0.281062 
-0.300000 	 0.061516 
-0.280000 	 0.304059 
-0.260000 	 0.085417 
-0.240000 	 0.165256 
-0.220000 	 0.108469 
-0.200000 	 0.028698 
-0.180000 	 0.227615 
-0.160000 	 0.342329 
-0.140000 	 0.471819 
-0.120000 	 0.294565 
-0.100000 	 0.047887 
-0.080000 	 0.344072 
-0.060000 	 0.274087 
-0.040000 	 0.129404 
-0.020000 	 0.190807 
0.000000 	 -0.052992 
0.020000 	 0.130086 
0.040000 	 0.081344 
0.060000 	 -0.043078 
0.080000 	 0.043430 
0.100000 	 0.110646 
0.120000 	 0.166092 
0.140000 	 0.024169 
0.160000 	 0.500862 
0.180000 	 0.285169 
0.200000 	 0.142106 
0.220000 	 0.258107 
0.240000 	 0.254146 
0.260000 	 0.366428 
0.280000 	 0.135107 
0.300000 	 0.352143 
0.320000 	 0.507876 
0.340000 	 0.230641 
0.360000 	 0.215662 
0.380000 	 0.245093 
0.400000 	 0.360717 
0.420000 	 0.492702 
0.440000 	 0.533600 
0.460000 	 0.180781 
0.480000 	 0.763966 
0.500000 	 0.334082 
0.520000 	 0.277507 
0.540000 	 0.530013 
0.560000 	 0.419432 
0.580000 	 0.183598 
0.600000 	 0.422622 
0.620000 	 0.257550 
0.640000 	 0.375094 
0.660000 	 0.537787 
0.680000 	 0.332602 
0.700000 	 0.477170 
0.720000 	 0.265655 
0.740000 	 0.436076 
0.760000 	 0.316440 
0.780000 	 0.313392 
0.800000 	 0.310563 
0.820000 	 0.335231 
0.840000 	 0.679483 
0.860000 	 0.502561 
0.880000 	 0.610700 
0.900000 	 0.521067 
0.920000 	 0.646726 
0.940000 	 0.816578 
0.960000 	 0.197190 
0.980000 	 0.467327 
1.000000 	 0.691221 
1.020000 	 0.777033 
1.040000 	 0.547989 
1.060000 	 0.482858 
1.080000 	 0.528346 
1.100000 	 0.402402 
1.120000 	 0.621914 
1.140000 	 0.587322 
1.160000 	 0.527428 
1.180000 	 0.625048 
1.200000 	 0.875497 
1.220000 	 0.559958 
1.240000 	 0.672054 
1.260000 	 0.717363 
1.280000 	 0.614655 
1.300000 	 0.659196 
1.320000 	 0.696690 
1.340000 	 0.420167 
1.360000 	 0.523228 
1.380000 	 0.444510 
1.400000 	 0.810027 
1.420000 	 0.779386 
1.440000 	 0.659254 
1.460000 	 0.566928 
1.480000 	 0.639430 
1.500000 	 0.790356 
1.520000 	 0.582457 
1.540000 	 0.732572 
1.560000 	 1.013636 
1.580000 	 0.822598 
1.600000 	 0.707565 
1.620000 	 0.700385 
1.640000 	 0.817347 
1.660000 	 0.968485 
1.680000 	 0.867526 
1.700000 	 1.066883 
1.720000 	 1.003332 
1.740000 	 1.034145 
1.760000 	 0.882751 
1.780000 	 0.878129 
1.800000 	 0.721670 
1.820000 	 0.985470 
1.840000 	 0.871367 
1.860000 	 0.888244 
1.880000 	 0.960227 
1.900000 	 0.828945 
1.920000 	 0.891859 
1.940000 	 0.980982 
1.960000 	 0.879908 
1.980000 	 0.885316 
2.000000 	 1.274330 
2.020000 	 1.115924 
2.040000 	 1.039548 
2.060000 	 1.051415 
2.080000 	 0.669139 
2.100000 	 1.294126 
2.120000 	 1.105910 
2.140000 	 0.998028 
2.160000 	 0.713286 
2.180000 	 0.887928 
2.200000 	 1.162593 
2.220000 	 1.150060 
2.240000 	 0.928379 
2.260000 	 1.350484 
2.280000 	 1.115437 
2.300000 	 1.060672 
2.320000 	 1.183994 
2.340000 	 1.031097 
2.360000 	 1.022752 
2.380000 	 0.300000 
2.400000 	 1.291239 
2.420000 	 0.847238 
2.440000 	 1.060509 
2.460000 	 0.992367 
2.480000 	 1.161124 
2.500000 	 1.168657 
2.520000 	 1.386137 
2.540000 	 1.032164 
2.560000 	 1.259359 
2.580000 	 0.100000 
2.600000 	 1.106922 
2.620000 	 1.249494 
2.640000 	 1.173215 
2.660000 	 1.139376 
2.680000 	 1.460569 
2.700000 	 1.091213 
2.720000 	 1.456616 
2.740000 	 1.408794 
2.760000 	 1.166669 
2.780000 	 1.300875 
2.800000 	 1.386255 
2.820000 	 1.398317 
2.840000 	 1.381470 
2.860000 	 1.288481 
2.880000 	 1.435426 
2.900000 	 1.601569 
2.920000 	 1.497461 
2.940000 	 1.503803 
2.960000 	 1.655221 
2.980000 	 1.404392 
3.000000 	 1.444936 
3.020000 	 1.496068 
3.040000 	 1.460847 
3.060000 	 1.513201 
3.080000 	 1.562220 
3.100000 	 1.557377 
3.120000 	 1.640856 
3.140000 	 1.479208 
3.160000 	 1.359297 
3.180000 	 1.418861 
3.200000 	 1.842740 
3.220000 	 1.335173 
3.240000 	 1.502662 
3.260000 	 1.363351 
3.280000 	 1.737409 
3.300000 	 1.440197 
3.320000 	 1.664445 
3.340000 	 1.643982 
3.360000 	 1.626251 
3.380000 	 1.629024 
3.400000 	 1.646793 
3.420000 	 1.629021 
3.440000 	 1.294457 
3.460000 	 1.538805 
3.480000 	 1.436341 
3.500000 	 1.544329 
3.520000 	 1.466061 
3.540000 	 1.585635 
3.560000 	 1.404693 
3.580000 	 1.518292 
3.600000 	 1.738265 
3.620000 	 1.478783 
3.640000 	 1.871779 
3.660000 	 1.613224 
3.680000 	 1.679349 
3.700000 	 1.440118 
3.720000 	 1.427084 
3.740000 	 1.706073 
3.760000 	 1.646081 
3.780000 	 1.672554 
3.800000 	 1.567890 
3.820000 	 1.603726 
3.840000 	 1.598289 
3.860000 	 1.626376 
3.880000 	 1.462038 
3.900000 	 1.337012 
3.920000 	 1.660709 
3.940000 	 1.679280 
3.960000 	 1.720137 
3.980000 	 1.689563 
4.000000 	 1.459872 
4.020000 	 1.334492 
4.040000 	 1.565635 
4.060000 	 1.615956 
4.080000 	 1.589297 
4.100000 	 1.717723 
4.120000 	 1.502077 
4.140000 	 1.732478 
4.160000 	 1.556951 
4.180000 	 1.389197 
4.200000 	 1.738915 
4.220000 	 1.799571 
4.240000 	 1.339469 
4.260000 	 1.598254 
4.280000 	 1.800060 
4.300000 	 1.837796 
4.320000 	 1.585365 
4.340000 	 1.721330 
4.360000 	 1.705654 
4.380000 	 1.671184 
4.400000 	 1.811099 
4.420000 	 1.623359 
4.440000 	 1.786206 
4.460000 	 1.421111 
4.480000 	 1.558429 
4.500000 	 1.889857 
4.520000 	 1.700216 
4.540000 	 1.490978 
4.560000 	 1.815624 
4.580000 	 1.739253 
4.600000 	 1.762612 
4.620000 	 1.747480 
4.640000 	 1.848763 
4.660000 	 1.327105 
4.680000 	 1.479520 
4.700000 	 1.396646 
4.720000 	 1.586373 
4.740000 	 1.325696 
4.760000 	 1.430755 
4.780000 	 1.471974 
4.800000 	 1.492431 
4.820000 	 1.290103 
4.840000 	 1.362005 
4.860000 	 1.319570 
4.880000 	 1.256729 
4.900000 	 1.706638 
4.920000 	 1.318867 
4.940000 	 1.624001 
4.960000 	 1.430240 
4.980000 	 1.295473 
5.000000 	 1.483647 
5.020000 	 1.300834 
5.040000 	 1.403988 
5.060000 	 1.513132 
5.080000 	 1.377740 
5.100000 	 1.279630 
5.120000 	 1.292266 
5.140000 	 1.521084 
5.160000 	 1.266516 
5.180000 	 1.598615 
5.200000 	 1.078333 
5.220000 	 0.400000 
5.240000 	 1.491850 
5.260000 	 1.385314 
5.280000 	 1.159193 
5.300000 	 1.153553 
5.320000 	 1.079492 
5.340000 	 1.231019 
5.360000 	 1.463473 
5.380000 	 1.137543 
5.400000 	 1.378595 
5.420000 	 1.170331 
5.440000 	 1.184930 
5.460000 	 1.164371 
5.480000 	 1.234466 
5.500000 	 1.463601 
5.520000 	 1.182158 
5.540000 	 1.462850 
5.560000 	 1.235032 
5.580000 	 1.171942 
5.600000 	 1.241015 
5.620000 	 1.284898 
5.640000 	 0.884747 
5.660000 	 1.352236 
5.680000 	 1.252108 
5.700000 	 1.229407 
5.720000 	 1.151235 
5.740000 	 1.008272 
5.760000 	 1.132272 
5.780000 	 1.087177 
5.800000 	 1.067246 
5.820000 	 0.880525 
5.840000 	 1.054412 
5.860000 	 0.988524 
5.880000 	 1.043439 
5.900000 	 0.975176 
5.920000 	 1.127166 
5.940000 	 0.993081 
5.960000 	 0.976403 
5.980000 	 1.026613 
6.000000 	 1.009847 
6.020000 	 0.941528 
6.040000 	 0.612753 
6.060000 	 0.805986 
6.080000 	 0.983097 
6.100000 	 0.903558 
6.120000 	 0.850594 
6.140000 	 1.231928 
6.160000 	 0.925518 
6.180000 	 1.069916 
6.200000 	 0.616015 
6.220000 	 0.797775 
6.240000 	 0.798891 
6.260000 	 0.586911 
6.280000 	 0.771751 
6.300000 	 0.992805 
6.320000 	 0.723619 
6.340000 	 0.666301 
6.360000 	 0.705051 
6.380000 	 0.769005 
6.400000 	 0.631719 
6.420000 	 0.542985 
6.440000 	 0.559959 
6.460000 	 1.094896 
6.480000 	 0.896604 
6.500000 	 0.374849 
6.520000 	 0.685012 
6.540000 	 0.559686 
6.560000 	 0.576431 
6.580000 	 0.756090 
6.600000 	 0.803901 
6.620000 	 0.608622 
6.640000 	 0.571663 
6.660000 	 0.549686 
6.680000 	 0.674895 
6.700000 	 0.497557 
6.720000 	 0.618912 
6.740000 	 0.597181 
6.760000 	 0.869911 
6.780000 	 0.717539 
6.800000 	 0.537358 
6.820000 	 0.648536 
6.840000 	 0.382698 
6.860000 	 0.836203 
6.880000 	 0.591532 
6.900000 	 0.539706 
6.920000 	 0.718913 
6.940000 	 0.421233 
6.960000 	 0.416667 
6.980000 	 0.445434 
7.000000 	 0.556191 
7.020000 	 0.529959 
7.040000 	 0.794256 
7.060000 	 0.524748 
7.080000 	 0.320675 
7.100000 	 0.686100 
7.120000 	 0.559701 
7.140000 	 0.511111 
7.160000 	 0.499625 
7.180000 	 0.385028 
7.200000 	 0.513652 
7.220000 	 0.663839 
7.240000 	 0.396039 
7.260000 	 0.399669 
7.280000 	 0.565159 
7.300000 	 0.533639 
7.320000 	 0.436073 
7.340000 	 0.554796 
7.360000 	 0.392400 
7.380000 	 0.326503 
7.400000 	 0.348849 
7.420000 	 0.613542 
7.440000 	 0.449366 
7.460000 	 0.387463 
7.480000 	 0.078692 
7.500000 	 0.588661 
7.520000 	 0.766787 
7.540000 	 0.130299 
7.560000 	 0.349449 
7.580000 	 0.357571 
7.600000 	 0.569106 
7.620000 	 0.209356 
7.640000 	 0.074075 
7.660000 	 0.263088 
7.680000 	 0.258312 
7.700000 	 0.198881 
7.720000 	 0.079139 
7.740000 	 0.243831 
7.760000 	 0.414709 
7.780000 	 0.318700 
7.800000 	 0.000589 
7.820000 	 0.040912 
7.840000 	 0.271074 
7.860000 	 -0.020712 
7.880000 	 0.263156 
7.900000 	 -0.248838 
7.920000 	 0.028286 
7.940000 	 0.297183 
7.960000 	 0.401496 
7.980000 	 -0.006016 
8.000000 	 0.357181 
8.020000 	 0.250989 
8.040000 	 0.367480 
8.060000 	 0.305511 
8.080000 	 -0.119321 
8.100000 	 0.017798 
8.120000 	 0.264154 
8.140000 	 0.233634 
8.160000 	 0.281085 
8.180000 	 0.052643 
8.200000 	 0.331210 
8.220000 	 0.188675 
8.240000 	 0.218702 
8.260000 	 0.074196 
8.280000 	 0.127118 
8.300000 	 0.086953 
8.320000 	 0.083612 
8.340000 	 -0.020553 
8.360000 	 0.324331 
8.380000 	 0.300769 
8.400000 	 0.322315 
8.420000 	 0.458975 
8.440000 	 0.137194 
8.460000 	 -0.116253 
8.480000 	 0.109890 
8.500000 	 -0.110551 
8.520000 	 -0.219191 
8.540000 	 0.077988 
8.560000 	 0.263035 
8.580000 	 -0.089096 
8.600000 	 0.191857 
8.620000 	 -0.134073 
8.640000 	 0.133128 
8.660000 	 -0.271289 
8.680000 	 0.075234 
8.700000 	 -0.055823 
8.720000 	 0.050354 
8.740000 	 -0.099022 
8.760000 	 0.098202 
8.780000 	 0.020363 
8.800000 	 0.317239 
8.820000 	 -0.011585 
8.840000 	 0.342204 
8.860000 	 0.101393 
8.880000 	 -0.024591 
8.900000 	 0.393411 
8.920000 	 -0.000593 
8.940000 	 -0.222498 
8.960000 	 0.144812 
8.980000 	 0.350991 
9.000000 	 0.079629 
9.020000 	 -0.044562 
9.040000 	 0.089425 
9.060000 	 -0.058839 
9.080000 	 0.159685 
9.100000 	 -0.097461 
9.120000 	 0.081675 
9.140000 	 0.049983 
9.160000 	 0.026748 
9.180000 	 0.144996 
9.200000 	 -0.160079 
9.220000 	 0.161429 
9.240000 	 0.374890 
9.260000 	 0.032977 
9.280000 	 -0.124308 
9.300000 	 -0.148011 
9.320000 	 0.206041 
9.340000 	 0.081462 
9.360000 	 0.361442 
9.380000 	 0.064277 
9.400000 	 0.100286 
9.420000 	 -0.325018 
9.440000 	 0.138680 
9.460000 	 -0.117932 
9.480000 	 0.032332 
9.500000 	 0.225721 
9.520000 	 0.193611 
9.540000 	 -0.024558 
9.560000 	 -0.042935 
9.580000 	 -0.115533 
9.600000 	 0.117180 
9.620000 	 0.112458 
9.640000 	 -0.113089 
9.660000 	 0.029769 
9.680000 	 -0.106857 
9.700000 	 0.167674 
9.720000 	 0.211465 
9.740000 	 -0.108636 
9.760000 	 -0.156009 
9.780000 	 -0.018888 
9.800000 	 0.069164 
9.820000 	 0.155722 
9.840000 	 -0.129985 
9.860000 	 0.001573 
9.880000 	 -0.019619 
9.900000 	 -0.011404 
9.920000 	 0.281782 
9.940000 	 0.177508 
9.960000 	 0.210601 
9.980000 	 0.254175 
10.000000 	 0.002001 
10.020000 	 -0.116216 
10.040000 	 0.000240 
10.060000 	 -0.040698 
10.080000 	 -0.002436 
10.100000 	 0.242821 
10.120000 	 -0.179286 
10.140000 	 0.189547 
10.160000 	 -0.184918 
10.180000 	 -0.029393 
10.200000 	 0.182794 
10.220000 	 0.031274 
10.240000 	 0.023817 
10.260000 	 -0.184359 
10.280000 	 0.176917 
10.300000 	 -0.166594 
10.320000 	 -0.003891 
10.340000 	 -0.021094 
10.360000 	 0.157990 
10.380000 	 0.242801 
10.400000 	 0.056260 
10.420000 	 0.266719 
10.440000 	 0.028357 
10.460000 	 0.081034 
10.480000 	 -0.200440 
10.500000 	 -0.131812 
10.520000 	 -0.306544 
10.540000 	 0.131145 
10.560000 	 0.045388 
10.580000 	 0.020149 
10.600000 	 0.252319 
10.620000 	 0.189416 
10.640000 	 0.046900 
10.660000 	 -0.154119 
10.680000 	 0.099207 
10.700000 	 -0.012435 
10.720000 	 -0.068679 
10.740000 	 0.155794 
10.760000 	 0.077036 
10.780000 	 0.024859 
10.800000 	 0.126317 
10.820000 	 -0.042091 
10.840000 	 -0.057406 
10.860000 	 0.067007 
10.880000 	 0.318727 
10.900000 	 0.078832 
10.920000 	 -0.053618 
10.940000 	 0.272638 
10.960000 	 -0.180707 
10.980000 	 0.095005 
11.000000 	 -0.111428 
11.020000 	 -0.235608 
11.040000 	 0.195957 
11.060000 	 -0.016170 
11.080000 	 0.244543 
11.100000 	 -0.408399 
11.120000 	 -0.032349 
11.140000 	 0.119456 
11.160000 	 0.260857 
11.180000 	 -0.179952 
11.200000 	 -0.106249 
11.220000 	 -0.015077 
11.240000 	 -0.090868 
11.260000 	 -0.142071 
11.280000 	 -0.123018 
11.300000 	 0.128198 
11.320000 	 0.116233 
11.340000 	 0.100230 
11.360000 	 -0.005449 
11.380000 	 -0.342007 
11.400000 	 0.301106 
11.420000 	 0.164171 
11.440000 	 0.038348 
11.460000 	 -0.128819 
11.480000 	 -0.016741 
11.500000 	 -0.031092 
11.520000 	 -0.122996 
11.540000 	 0.005440 
11.560000 	 0.013742 
11.580000 	 0.090612 
11.600000 	 -0.004210 
11.620000 	 0.323779 
11.640000 	 -0.061428 
11.660000 	 -0.084485 
11.680000 	 -0.118173 
11.700000 	 -0.122790 
11.720000 	 0.013962 
11.740000 	 -0.173027 
11.760000 	 0.156000 
11.780000 	 0.031419 
11.800000 	 0.003101 
11.820000 	 0.041081 
11.840000 	 0.049440 
11.860000 	 0.080933 
11.880000 	 -0.075800 
11.900000 	 0.025627 
11.920000 	 0.157048 
11.940000 	 -0.044759 
11.960000 	 0.133787 
11.980000 	 -0.066196 
12.000000 	 -0.111022 
12.020000 	 -0.047979 
12.040000 	 -0.034561 
12.060000 	 -0.347658 
12.080000 	 -0.153390 
12.100000 	 -0.086502 
12.120000 	 0.104040 
12.140000 	 -0.026164 
12.160000 	 0.069953 
12.180000 	 -0.016703 
12.200000 	 0.240710 
12.220000 	 0.113582 
12.240000 	 0.162366 
12.260000 	 -0.030780 
12.280000 	 -0.009866 
12.300000 	 -0.160210 
12.320000 	 0.334021 
12.340000 	 -0.045640 
12.360000 	 0.140505 
12.380000 	 -0.261184 
12.400000 	 0.118873 
12.420000 	 -0.211473 
12.440000 	 0.160785 
12.460000 	 -0.241680 
12.480000 	 0.189264 
12.500000 	 -0.011009 
12.520000 	 0.078899 
12.540000 	 -0.077268 
12.560000 	 -0.022078 
12.580000 	 0.079938 
12.600000 	 0.120103 
12.620000 	 0.131682 
12.640000 	 0.062620 
12.660000 	 -0.194701 
12.680000 	 0.321051 
12.700000 	 -0.076070 
12.720000 	 -0.125790 
12.740000 	 -0.083327 
12.760000 	 0.226863 
12.780000 	 0.106181 
12.800000 	 0.221149 
12.820000 	 -0.047866 
12.840000 	 -0.110745 
12.860000 	 -0.243436 
12.880000 	 -0.022781 
12.900000 	 -0.067579 
12.920000 	 0.183188 
12.940000 	 0.246128 
12.960000 	 0.193245 
12.980000 	 -0.245498 
13.000000 	 0.204482 
13.020000 	 -0.060899 
13.040000 	 -0.201567 
13.060000 	 -0.042028 
13.080000 	 0.074881 
13.100000 	 -0.067813 
13.120000 	 -0.369205 
13.140000 	 0.153383 
13.160000 	 0.014212 
13.180000 	 0.149749 
13.200000 	 -0.265982 
13.220000 	 0.101334 
13.240000 	 0.075560 
13.260000 	 -0.051025 
13.280000 	 0.223132 
13.300000 	 0.090703 
13.320000 	 -0.044737 
13.340000 	 0.047847 
13.360000 	 0.278389 
13.380000 	 0.248977 
13.400000 	 -0.226526 
13.420000 	 0.002697 
13.440000 	 0.012264 
13.460000 	 -0.192603 
13.480000 	 0.102857 
13.500000 	 0.185931 
13.520000 	 0.007324 
13.540000 	 -0.145478 
13.560000 	 -0.231726 
13.580000 	 -0.044022 
13.600000 	 -0.136503 
13.620000 	 0.288546 
13.640000 	 0.223108 
13.660000 	 -0.296910 
13.680000 	 -0.197655 
13.700000 	 0.002932 
13.720000 	 0.117846 
13.740000 	 -0.264970 
13.760000 	 0.036850 
13.780000 	 0.049142 
13.800000 	 -0.054315 
13.820000 	 0.104208 
13.840000 	 -0.030113 
13.860000 	 -0.222511 
13.880000 	 -0.119162 
13.900000 	 -0.317323 
13.920000 	 -0.078094 
13.940000 	 -0.234461 
13.960000 	 0.208429 
13.980000 	 0.076128 
14.000000 	 -0.122249 
14.020000 	 -0.283132 
14.040000 	 -0.224240 
14.060000 	 0.115827 
14.080000 	 -0.102189 
14.100000 	 -0.163464 
14.120000 	 0.248997 
14.140000 	 0.140518 
14.160000 	 -0.163806 
14.180000 	 0.093969 
14.200000 	 -0.283388 
14.220000 	 0.133081 
14.240000 	 -0.188811 
14.260000 	 -0.038043 
14.280000 	 -0.011827 
14.300000 	 0.118604 
14.320000 	 0.088256 
14.340000 	 0.180778 
14.360000 	 0.096193 
14.380000 	 -0.334018 
14.400000 	 -0.077922 
14.420000 	 0.006395 
14.440000 	 -0.349143 
14.460000 	 -0.014132 
14.480000 	 0.148159 
14.500000 	 -0.073477 
14.520000 	 -0.248046 
14.540000 	 0.100755 
14.560000 	 -0.000689 
14.580000 	 0.146255 
14.600000 	 -0.108446 
14.620000 	 0.111548 
14.640000 	 -0.292403 
14.660000 	 -0.121584 
14.680000 	 0.032519 
14.700000 	 0.235453 
14.720000 	 -0.059606 
14.740000 	 0.018634 
14.760000 	 -0.047692 
14.780000 	 -0.019987 
14.800000 	 0.129311 
14.820000 	 0.138542 
14.840000 	 -0.008319 
14.860000 	 -0.120139 
14.880000 	 0.180686 
14.900000 	 -0.175849 
14.920000 	 0.299259 
14.940000 	 -0.109289 
14.960000 	 0.204132 
14.980000 	 0.040220 
15.000000 	 0.006183 
