-15.000000 	 -0.068080 
-14.980000 	 0.060423 
-14.960000 	 0.282035 
-14.940000 	 0.115802 
-14.920000 	 -0.216917 
-14.900000 	 -0.084731 
-14.880000 	 -0.339284 
-14.860000 	 -0.002035 
-14.840000 	 -0.063362 
-14.820000 	 0.136631 
-14.800000 	 0.106495 
-14.780000 	 0.078486 
-14.760000 	 -0.017281 
-14.740000 	 0.289540 
-14.720000 	 0.021379 
-14.700000 	 0.143776 
-14.680000 	 0.096116 
-14.660000 	 0.128812 
-14.640000 	 -0.101651 
-14.620000 	 -0.091889 
-14.600000 	 0.170299 
-14.580000 	 0.137049 
-14.560000 	 0.068839 
-14.540000 	 0.185260 
-14.520000 	 -0.072653 
-14.500000 	 0.033154 
-14.480000 	 0.135867 
-14.460000 	 0.021126 
-14.440000 	 -0.001648 
-14.420000 	 0.202661 
-14.400000 	 0.010148 
-14.380000 	 0.258545 
-14.360000 	 0.151869 
-14.340000 	 -0.019762 
-14.320000 	 0.128179 
-14.300000 	 0.056736 
-14.280000 	 -0.012688 
-14.260000 	 0.153878 
-14.240000 	 0.043691 
-14.220000 	 -0.266741 
-14.200000 	 -0.132873 
-14.180000 	 0.138231 
-14.160000 	 0.071839 
-14.140000 	 0.071532 
-14.120000 	 0.088709 
-14.100000 	 0.005031 
-14.080000 	 -0.118747 
-14.060000 	 0.024804 
-14.040000 	 0.049833 
-14.020000 	 -0.124784 
-14.000000 	 0.005629 
-13.980000 	 0.042850 
-13.960000 	 0.079281 
-13.940000 	 0.059061 
-13.920000 	 -0.060039 
-13.900000 	 -0.075119 
-13.880000 	 -0.311733 
-13.860000 	 -0.126290 
-13.840000 	 0.132554 
-13.820000 	 -0.029452 
-13.800000 	 -0.116880 
-13.780000 	 -0.306466 
-13.760000 	 0.246045 
-13.740000 	 -0.073651 
-13.720000 	 0.260339 
-13.700000 	 0.165917 
-13.680000 	 0.096913 
-13.660000 	 -0.026026 
-13.640000 	 0.075963 
-13.620000 	 -0.143303 
-13.600000 	 0.091590 
-13.580000 	 0.112998 
-13.560000 	 0.047257 
-13.540000 	 0.070632 
-13.520000 	 0.378173 
-13.500000 	 0.214972 
-13.480000 	 0.152912 
-13.460000 	 -0.031644 
-13.440000 	 0.343893 
-13.420000 	 0.096798 
-13.400000 	 -0.152810 
-13.380000 	 -0.034000 
-13.360000 	 -0.280989 
-13.340000 	 0.099488 
-13.320000 	 0.376217 
-13.300000 	 0.074613 
-13.280000 	 0.033222 
-13.260000 	 0.019979 
-13.240000 	 0.054351 
-13.220000 	 -0.028824 
-13.200000 	 -0.185056 
-13.180000 	 0.233092 
-13.160000 	 0.004762 
-13.140000 	 0.014273 
-13.120000 	 0.163627 
-13.100000 	 0.128356 
-13.080000 	 0.047334 
-13.060000 	 0.069684 
-13.040000 	 0.378380 
-13.020000 	 0.166917 
-13.000000 	 0.137990 
-12.980000 	 0.139085 
-12.960000 	 -0.024108 
-12.940000 	 0.276784 
-12.920000 	 0.160245 
-12.900000 	 -0.050750 
-12.880000 	 0.047041 
-12.860000 	 0.098780 
-12.840000 	 -0.195352 
-12.820000 	 0.290042 
-12.800000 	 -0.214487 
-12.780000 	 -0.079703 
-12.760000 	 0.190117 
-12.740000 	 0.048873 
-12.720000 	 0.075515 
-12.700000 	 -0.066854 
-12.680000 	 -0.180512 
-12.660000 	 -0.025386 
-12.640000 	 0.092232 
-12.620000 	 -0.084032 
-12.600000 	 -0.113135 
-12.580000 	 0.081004 
-12.560000 	 0.137488 
-12.540000 	 0.086220 
-12.520000 	 0.190233 
-12.500000 	 -0.109086 
-12.480000 	 0.026290 
-12.460000 	 0.136388 
-12.440000 	 -0.020522 
-12.420000 	 -0.016829 
-12.400000 	 -0.240791 
-12.380000 	 0.018889 
-12.360000 	 -0.210258 
-12.340000 	 -0.137568 
-12.320000 	 0.024707 
-12.300000 	 0.075941 
-12.280000 	 0.047620 
-12.260000 	 -0.343294 
-12.240000 	 0.262840 
-12.220000 	 0.139558 
-12.200000 	 0.131723 
-12.180000 	 -0.071245 
-12.160000 	 -0.128216 
-12.140000 	 0.085704 
-12.120000 	 0.353266 
-12.100000 	 0.022334 
-12.080000 	 -0.081189 
-12.060000 	 0.364580 
-12.040000 	 0.103551 
-12.020000 	 -0.068790 
-12.000000 	 -0.029800 
-11.980000 	 -0.087223 
-11.960000 	 0.057101 
-11.940000 	 -0.088884 
-11.920000 	 0.700000 
-11.900000 	 0.315550 
-11.880000 	 -0.094020 
-11.860000 	 0.013288 
-11.840000 	 0.077257 
-11.820000 	 0.019712 
-11.800000 	 -0.094589 
-11.780000 	 -0.028208 
-11.760000 	 0.050324 
-11.740000 	 -0.054461 
-11.720000 	 0.209510 
-11.700000 	 -0.081507 
-11.680000 	 -0.115410 
-11.660000 	 -0.001849 
-11.640000 	 -0.171629 
-11.620000 	 0.436162 
-11.600000 	 0.249613 
-11.580000 	 0.115662 
-11.560000 	 -0.098061 
-11.540000 	 -0.032198 
-11.520000 	 -0.184898 
-11.500000 	 -0.081042 
-11.480000 	 -0.039739 
-11.460000 	 0.114811 
-11.440000 	 0.303643 
-11.420000 	 0.109787 
-11.400000 	 0.098420 
-11.380000 	 -0.007928 
-11.360000 	 0.089486 
-11.340000 	 0.076801 
-11.320000 	 -0.030862 
-11.300000 	 0.097659 
-11.280000 	 0.102203 
-11.260000 	 -0.310373 
-11.240000 	 0.388799 
-11.220000 	 0.001165 
-11.200000 	 0.067238 
-11.180000 	 0.156096 
-11.160000 	 0.138973 
-11.140000 	 0.095226 
-11.120000 	 -0.057129 
-11.100000 	 0.139187 
-11.080000 	 -0.219416 
-11.060000 	 0.172713 
-11.040000 	 -0.004466 
-11.020000 	 0.039341 
-11.000000 	 -0.271776 
-10.980000 	 -0.180982 
-10.960000 	 -0.046937 
-10.940000 	 0.003613 
-10.920000 	 0.249138 
-10.900000 	 -0.140299 
-10.880000 	 -0.148743 
-10.860000 	 0.212242 
-10.840000 	 0.142886 
-10.820000 	 0.064093 
-10.800000 	 0.002658 
-10.780000 	 0.259699 
-10.760000 	 0.073798 
-10.740000 	 0.142622 
-10.720000 	 0.188412 
-10.700000 	 -0.129374 
-10.680000 	 0.089684 
-10.660000 	 0.221124 
-10.640000 	 0.166333 
-10.620000 	 0.068335 
-10.600000 	 0.134050 
-10.580000 	 -0.189953 
-10.560000 	 -0.000562 
-10.540000 	 -0.041997 
-10.520000 	 -0.115897 
-10.500000 	 0.116675 
-10.480000 	 -0.150868 
-10.460000 	 -0.475400 
-10.440000 	 0.176056 
-10.420000 	 0.031415 
-10.400000 	 0.008379 
-10.380000 	 -0.099315 
-10.360000 	 0.016126 
-10.340000 	 0.190924 
-10.320000 	 -0.079448 
-10.300000 	 -0.058063 
-10.280000 	 -0.052721 
-10.260000 	 -0.090022 
-10.240000 	 -0.007645 
-10.220000 	 0.132797 
-10.200000 	 0.204677 
-10.180000 	 0.096876 
-10.160000 	 -0.133744 
-10.140000 	 0.066360 
-10.120000 	 0.223622 
-10.100000 	 -0.272486 
-10.080000 	 0.091766 
-10.060000 	 -0.226923 
-10.040000 	 -0.027751 
-10.020000 	 -0.082690 
-10.000000 	 0.181086 
-9.980000 	 0.212971 
-9.960000 	 0.293233 
-9.940000 	 -0.139055 
-9.920000 	 -0.066133 
-9.900000 	 -0.303985 
-9.880000 	 0.162660 
-9.860000 	 0.005415 
-9.840000 	 -0.174800 
-9.820000 	 0.194120 
-9.800000 	 0.018422 
-9.780000 	 -0.120686 
-9.760000 	 0.010943 
-9.740000 	 0.016118 
-9.720000 	 -0.028055 
-9.700000 	 0.138510 
-9.680000 	 0.010861 
-9.660000 	 0.254925 
-9.640000 	 0.103777 
-9.620000 	 -0.051414 
-9.600000 	 0.034770 
-9.580000 	 -0.050983 
-9.560000 	 0.044362 
-9.540000 	 -0.281664 
-9.520000 	 -0.075449 
-9.500000 	 0.279277 
-9.480000 	 0.235620 
-9.460000 	 0.192011 
-9.440000 	 -0.088793 
-9.420000 	 0.115675 
-9.400000 	 -0.078265 
-9.380000 	 -0.140098 
-9.360000 	 0.119318 
-9.340000 	 -0.189324 
-9.320000 	 -0.240520 
-9.300000 	 0.050845 
-9.280000 	 0.232199 
-9.260000 	 -0.105879 
-9.240000 	 -0.054248 
-9.220000 	 -0.043154 
-9.200000 	 0.009380 
-9.180000 	 0.108002 
-9.160000 	 0.076626 
-9.140000 	 -0.253119 
-9.120000 	 -0.068241 
-9.100000 	 -0.044216 
-9.080000 	 -0.112507 
-9.060000 	 -0.188454 
-9.040000 	 -0.270370 
-9.020000 	 0.307698 
-9.000000 	 -0.211741 
-8.980000 	 0.031943 
-8.960000 	 0.021486 
-8.940000 	 -0.174924 
-8.920000 	 0.022814 
-8.900000 	 0.141219 
-8.880000 	 -0.126558 
-8.860000 	 0.055795 
-8.840000 	 -0.026733 
-8.820000 	 -0.043336 
-8.800000 	 -0.059914 
-8.780000 	 0.136632 
-8.760000 	 -0.090273 
-8.740000 	 0.006610 
-8.720000 	 -0.074913 
-8.700000 	 0.154004 
-8.680000 	 0.159749 
-8.660000 	 -0.072747 
-8.640000 	 -0.082398 
-8.620000 	 0.121722 
-8.600000 	 -0.097001 
-8.580000 	 0.083749 
-8.560000 	 0.110325 
-8.540000 	 -0.224747 
-8.520000 	 -0.022667 
-8.500000 	 -0.063749 
-8.480000 	 0.107577 
-8.460000 	 0.049791 
-8.440000 	 0.051178 
-8.420000 	 0.041945 
-8.400000 	 0.012413 
-8.380000 	 -0.048341 
-8.360000 	 -0.095565 
-8.340000 	 0.232109 
-8.320000 	 -0.018152 
-8.300000 	 -0.043501 
-8.280000 	 0.141739 
-8.260000 	 -0.021139 
-8.240000 	 -0.244769 
-8.220000 	 -0.181635 
-8.200000 	 -0.118803 
-8.180000 	 0.129853 
-8.160000 	 -0.046492 
-8.140000 	 0.161329 
-8.120000 	 0.258471 
-8.100000 	 -0.090973 
-8.080000 	 -0.182942 
-8.060000 	 0.251020 
-8.040000 	 0.122156 
-8.020000 	 0.063065 
-8.000000 	 -0.199083 
-7.980000 	 0.189184 
-7.960000 	 -0.094574 
-7.940000 	 -0.089182 
-7.920000 	 -0.110506 
-7.900000 	 0.032873 
-7.880000 	 0.137274 
-7.860000 	 -0.110834 
-7.840000 	 0.389648 
-7.820000 	 0.240439 
-7.800000 	 -0.147812 
-7.780000 	 0.118208 
-7.760000 	 0.067165 
-7.740000 	 -0.084118 
-7.720000 	 0.014878 
-7.700000 	 0.242136 
-7.680000 	 -0.034105 
-7.660000 	 -0.032603 
-7.640000 	 0.069816 
-7.620000 	 -0.120916 
-7.600000 	 0.101985 
-7.580000 	 0.148030 
-7.560000 	 0.298803 
-7.540000 	 -0.034834 
-7.520000 	 -0.020322 
-7.500000 	 0.151659 
-7.480000 	 -0.027859 
-7.460000 	 -0.267068 
-7.440000 	 -0.169082 
-7.420000 	 -0.027257 
-7.400000 	 0.276555 
-7.380000 	 0.076830 
-7.360000 	 -0.000222 
-7.340000 	 -0.274759 
-7.320000 	 0.366356 
-7.300000 	 0.334987 
-7.280000 	 0.062392 
-7.260000 	 -0.101469 
-7.240000 	 0.061534 
-7.220000 	 0.357284 
-7.200000 	 -0.095837 
-7.180000 	 0.081430 
-7.160000 	 0.112542 
-7.140000 	 0.099348 
-7.120000 	 0.143442 
-7.100000 	 0.078949 
-7.080000 	 0.035338 
-7.060000 	 0.116179 
-7.040000 	 0.056133 
-7.020000 	 0.186136 
-7.000000 	 0.074184 
-6.980000 	 -0.024997 
-6.960000 	 -0.069136 
-6.940000 	 -0.136385 
-6.920000 	 0.023633 
-6.900000 	 -0.124600 
-6.880000 	 0.076159 
-6.860000 	 0.015125 
-6.840000 	 0.266014 
-6.820000 	 -0.069350 
-6.800000 	 0.287771 
-6.780000 	 0.076004 
-6.760000 	 0.271823 
-6.740000 	 0.014725 
-6.720000 	 0.135393 
-6.700000 	 -0.048297 
-6.680000 	 0.102025 
-6.660000 	 0.062297 
-6.640000 	 0.215629 
-6.620000 	 0.309593 
-6.600000 	 0.312679 
-6.580000 	 0.356400 
-6.560000 	 0.305542 
-6.540000 	 0.114570 
-6.520000 	 0.057785 
-6.500000 	 0.268247 
-6.480000 	 -0.212254 
-6.460000 	 0.281720 
-6.440000 	 0.126971 
-6.420000 	 0.054846 
-6.400000 	 0.019114 
-6.380000 	 0.049586 
-6.360000 	 0.267143 
-6.340000 	 0.122559 
-6.320000 	 0.425825 
-6.300000 	 0.355589 
-6.280000 	 0.219384 
-6.260000 	 0.310856 
-6.240000 	 0.421786 
-6.220000 	 0.181023 
-6.200000 	 0.350770 
-6.180000 	 0.146849 
-6.160000 	 0.393426 
-6.140000 	 0.190105 
-6.120000 	 0.233888 
-6.100000 	 0.056400 
-6.080000 	 0.217923 
-6.060000 	 0.191867 
-6.040000 	 0.028930 
-6.020000 	 0.257526 
-6.000000 	 0.304961 
-5.980000 	 -0.053097 
-5.960000 	 0.215228 
-5.940000 	 -0.074666 
-5.920000 	 0.168098 
-5.900000 	 0.176752 
-5.880000 	 0.149650 
-5.860000 	 -0.009786 
-5.840000 	 0.205128 
-5.820000 	 0.239698 
-5.800000 	 -0.126315 
-5.780000 	 0.220372 
-5.760000 	 0.188878 
-5.740000 	 0.061327 
-5.720000 	 0.215171 
-5.700000 	 0.353451 
-5.680000 	 0.273687 
-5.660000 	 0.463097 
-5.640000 	 0.301211 
-5.620000 	 0.103973 
-5.600000 	 0.374356 
-5.580000 	 0.247568 
-5.560000 	 0.202822 
-5.540000 	 0.420935 
-5.520000 	 0.610591 
-5.500000 	 0.275442 
-5.480000 	 0.159279 
-5.460000 	 0.417237 
-5.440000 	 0.255373 
-5.420000 	 0.273562 
-5.400000 	 0.266640 
-5.380000 	 0.390112 
-5.360000 	 0.235280 
-5.340000 	 0.525007 
-5.320000 	 0.425071 
-5.300000 	 -0.031530 
-5.280000 	 0.445017 
-5.260000 	 0.163969 
-5.240000 	 0.501378 
-5.220000 	 0.125768 
-5.200000 	 0.316987 
-5.180000 	 0.334933 
-5.160000 	 0.349798 
-5.140000 	 0.027303 
-5.120000 	 0.614717 
-5.100000 	 0.233734 
-5.080000 	 0.180925 
-5.060000 	 0.243743 
-5.040000 	 0.116222 
-5.020000 	 0.138651 
-5.000000 	 0.321649 
-4.980000 	 0.640422 
-4.960000 	 0.265636 
-4.940000 	 0.313771 
-4.920000 	 0.182652 
-4.900000 	 0.376861 
-4.880000 	 0.756160 
-4.860000 	 0.507389 
-4.840000 	 0.397633 
-4.820000 	 0.511682 
-4.800000 	 0.458435 
-4.780000 	 0.169050 
-4.760000 	 0.590579 
-4.740000 	 0.355003 
-4.720000 	 0.246623 
-4.700000 	 0.304785 
-4.680000 	 0.562498 
-4.660000 	 0.459862 
-4.640000 	 0.396494 
-4.620000 	 0.511791 
-4.600000 	 0.740531 
-4.580000 	 0.385819 
-4.560000 	 0.504507 
-4.540000 	 0.633031 
-4.520000 	 0.626144 
-4.500000 	 0.289949 
-4.480000 	 0.598628 
-4.460000 	 0.435671 
-4.440000 	 0.615609 
-4.420000 	 0.603638 
-4.400000 	 0.297621 
-4.380000 	 0.371239 
-4.360000 	 0.271209 
-4.340000 	 0.316581 
-4.320000 	 0.300963 
-4.300000 	 0.612542 
-4.280000 	 0.480438 
-4.260000 	 0.566165 
-4.240000 	 0.400750 
-4.220000 	 0.355087 
-4.200000 	 0.203458 
-4.180000 	 0.618746 
-4.160000 	 0.463633 
-4.140000 	 0.304944 
-4.120000 	 0.576809 
-4.100000 	 0.483273 
-4.080000 	 0.525227 
-4.060000 	 0.521502 
-4.040000 	 0.366973 
-4.020000 	 0.667617 
-4.000000 	 0.610716 
-3.980000 	 0.591831 
-3.960000 	 0.611518 
-3.940000 	 0.614962 
-3.920000 	 0.525246 
-3.900000 	 0.636711 
-3.880000 	 0.733735 
-3.860000 	 0.304014 
-3.840000 	 0.690758 
-3.820000 	 0.562649 
-3.800000 	 0.576149 
-3.780000 	 0.374795 
-3.760000 	 0.383411 
-3.740000 	 0.726001 
-3.720000 	 0.542956 
-3.700000 	 0.588560 
-3.680000 	 0.401719 
-3.660000 	 0.469340 
-3.640000 	 0.482553 
-3.620000 	 0.403626 
-3.600000 	 0.759537 
-3.580000 	 0.433393 
-3.560000 	 0.413161 
-3.540000 	 0.298917 
-3.520000 	 0.575198 
-3.500000 	 0.427236 
-3.480000 	 0.517832 
-3.460000 	 0.252993 
-3.440000 	 0.614480 
-3.420000 	 0.625035 
-3.400000 	 0.143033 
-3.380000 	 0.453951 
-3.360000 	 0.298977 
-3.340000 	 0.522261 
-3.320000 	 0.638847 
-3.300000 	 0.556888 
-3.280000 	 0.529241 
-3.260000 	 0.437653 
-3.240000 	 0.182799 
-3.220000 	 0.606133 
-3.200000 	 0.282392 
-3.180000 	 0.613884 
-3.160000 	 0.422740 
-3.140000 	 0.480859 
-3.120000 	 0.425010 
-3.100000 	 0.210171 
-3.080000 	 0.386390 
-3.060000 	 0.186820 
-3.040000 	 0.220743 
-3.020000 	 0.555271 
-3.000000 	 0.333222 
-2.980000 	 0.340208 
-2.960000 	 0.624498 
-2.940000 	 0.607615 
-2.920000 	 0.427014 
-2.900000 	 0.425190 
-2.880000 	 0.477548 
-2.860000 	 0.299813 
-2.840000 	 0.208627 
-2.820000 	 0.335265 
-2.800000 	 0.164064 
-2.780000 	 0.502249 
-2.760000 	 0.409799 
-2.740000 	 0.137763 
-2.720000 	 0.363473 
-2.700000 	 0.316405 
-2.680000 	 0.249933 
-2.660000 	 0.649753 
-2.640000 	 0.592807 
-2.620000 	 0.442301 
-2.600000 	 0.301819 
-2.580000 	 0.437808 
-2.560000 	 0.124876 
-2.540000 	 0.308861 
-2.520000 	 0.094296 
-2.500000 	 0.308876 
-2.480000 	 0.311328 
-2.460000 	 0.320704 
-2.440000 	 0.605380 
-2.420000 	 0.247170 
-2.400000 	 0.286962 
-2.380000 	 0.185190 
-2.360000 	 0.226892 
-2.340000 	 0.320042 
-2.320000 	 0.440472 
-2.300000 	 0.602484 
-2.280000 	 0.325074 
-2.260000 	 0.215079 
-2.240000 	 0.183733 
-2.220000 	 0.259733 
-2.200000 	 0.454060 
-2.180000 	 0.317643 
-2.160000 	 0.171422 
-2.140000 	 0.435879 
-2.120000 	 0.059693 
-2.100000 	 0.048433 
-2.080000 	 0.235413 
-2.060000 	 0.359139 
-2.040000 	 0.318436 
-2.020000 	 0.159743 
-2.000000 	 0.409482 
-1.980000 	 0.297287 
-1.960000 	 0.403342 
-1.940000 	 0.273147 
-1.920000 	 0.458604 
-1.900000 	 0.124372 
-1.880000 	 0.222567 
-1.860000 	 0.560428 
-1.840000 	 0.497588 
-1.820000 	 0.017674 
-1.800000 	 0.249942 
-1.780000 	 0.247028 
-1.760000 	 0.082777 
-1.740000 	 0.296702 
-1.720000 	 0.290088 
-1.700000 	 0.049091 
-1.680000 	 0.241691 
-1.660000 	 0.372172 
-1.640000 	 0.150274 
-1.620000 	 0.238751 
-1.600000 	 0.246122 
-1.580000 	 -0.067746 
-1.560000 	 0.184071 
-1.540000 	 0.379198 
-1.520000 	 0.215076 
-1.500000 	 0.141115 
-1.480000 	 0.217291 
-1.460000 	 0.056400 
-1.440000 	 0.124720 
-1.420000 	 0.210372 
-1.400000 	 0.217027 
-1.380000 	 0.171570 
-1.360000 	 0.207880 
-1.340000 	 0.076744 
-1.320000 	 0.110129 
-1.300000 	 0.087081 
-1.280000 	 0.143859 
-1.260000 	 0.192089 
-1.240000 	 0.268638 
-1.220000 	 0.227201 
-1.200000 	 -0.219725 
-1.180000 	 0.192069 
-1.160000 	 -0.115699 
-1.140000 	 0.119843 
-1.120000 	 0.039621 
-1.100000 	 0.026549 
-1.080000 	 0.163823 
-1.060000 	 0.363329 
-1.040000 	 0.085824 
-1.020000 	 0.280533 
-1.000000 	 0.138730 
-0.980000 	 0.087874 
-0.960000 	 0.043379 
-0.940000 	 0.236456 
-0.920000 	 0.170194 
-0.900000 	 0.326766 
-0.880000 	 0.228642 
-0.860000 	 0.465034 
-0.840000 	 0.189874 
-0.820000 	 0.000332 
-0.800000 	 0.034752 
-0.780000 	 0.452022 
-0.760000 	 0.390770 
-0.740000 	 0.302913 
-0.720000 	 0.221893 
-0.700000 	 0.268582 
-0.680000 	 -0.032285 
-0.660000 	 0.019945 
-0.640000 	 0.316563 
-0.620000 	 -0.032163 
-0.600000 	 0.316098 
-0.580000 	 0.354809 
-0.560000 	 0.050664 
-0.540000 	 0.098831 
-0.520000 	 0.049164 
-0.500000 	 0.110075 
-0.480000 	 -0.090233 
-0.460000 	 0.067211 
-0.440000 	 0.199613 
-0.420000 	 0.081219 
-0.400000 	 0.365001 
-0.380000 	 -0.005205 
-0.360000 	 0.166542 
-0.340000 	 0.290814 
-0.320000 	 -0.178216 
-0.300000 	 0.155791 
-0.280000 	 0.131465 
-0.260000 	 0.142891 
-0.240000 	 0.581249 
-0.220000 	 -0.026326 
-0.200000 	 0.270029 
-0.180000 	 0.123693 
-0.160000 	 0.315640 
-0.140000 	 0.194506 
-0.120000 	 0.096256 
-0.100000 	 0.156500 
-0.080000 	 0.315842 
-0.060000 	 0.326907 
-0.040000 	 0.415042 
-0.020000 	 0.100218 
0.000000 	 0.258605 
0.020000 	 0.219126 
0.040000 	 0.153079 
0.060000 	 0.203402 
0.080000 	 0.435456 
0.100000 	 0.154571 
0.120000 	 0.135223 
0.140000 	 0.221436 
0.160000 	 -0.033709 
0.180000 	 0.511527 
0.200000 	 0.297582 
0.220000 	 0.175397 
0.240000 	 0.210745 
0.260000 	 0.003257 
0.280000 	 0.215594 
0.300000 	 0.355767 
0.320000 	 0.361193 
0.340000 	 0.087522 
0.360000 	 0.460774 
0.380000 	 0.371119 
0.400000 	 0.402253 
0.420000 	 0.567974 
0.440000 	 0.075216 
0.460000 	 0.187287 
0.480000 	 0.322947 
0.500000 	 0.452381 
0.520000 	 0.256583 
0.540000 	 0.415013 
0.560000 	 0.328273 
0.580000 	 0.316356 
0.600000 	 0.378999 
0.620000 	 0.162422 
0.640000 	 0.588923 
0.660000 	 0.161101 
0.680000 	 0.421728 
0.700000 	 0.524805 
0.720000 	 0.371557 
0.740000 	 0.419771 
0.760000 	 0.462224 
0.780000 	 0.528225 
0.800000 	 0.371609 
0.820000 	 0.233710 
0.840000 	 0.340441 
0.860000 	 0.544286 
0.880000 	 0.389842 
0.900000 	 0.603303 
0.920000 	 0.367131 
0.940000 	 0.603014 
0.960000 	 0.609796 
0.980000 	 0.432891 
1.000000 	 0.744914 
1.020000 	 0.574501 
1.040000 	 0.707834 
1.060000 	 0.631762 
1.080000 	 0.169610 
1.100000 	 0.448318 
1.120000 	 0.445096 
1.140000 	 0.584860 
1.160000 	 0.672403 
1.180000 	 0.403624 
1.200000 	 0.740300 
1.220000 	 0.533139 
1.240000 	 0.410008 
1.260000 	 0.878740 
1.280000 	 1.107762 
1.300000 	 0.396517 
1.320000 	 0.687541 
1.340000 	 0.575643 
1.360000 	 0.728434 
1.380000 	 0.693870 
1.400000 	 0.785546 
1.420000 	 0.836175 
1.440000 	 0.611005 
1.460000 	 0.773343 
1.480000 	 0.746902 
1.500000 	 0.754042 
1.520000 	 0.600745 
1.540000 	 0.663563 
1.560000 	 0.904176 
1.580000 	 0.686764 
1.600000 	 0.843455 
1.620000 	 0.890601 
1.640000 	 0.755142 
1.660000 	 0.841168 
1.680000 	 0.946080 
1.700000 	 0.660490 
1.720000 	 0.709974 
1.740000 	 1.022372 
1.760000 	 0.807083 
1.780000 	 0.821021 
1.800000 	 0.774097 
1.820000 	 0.848425 
1.840000 	 0.835765 
1.860000 	 1.149380 
1.880000 	 0.841150 
1.900000 	 0.715138 
1.920000 	 1.071726 
1.940000 	 1.127588 
1.960000 	 0.636259 
1.980000 	 0.991724 
2.000000 	 0.656965 
2.020000 	 0.917471 
2.040000 	 1.243350 
2.060000 	 0.887788 
2.080000 	 0.882597 
2.100000 	 1.065070 
2.120000 	 1.036485 
2.140000 	 1.140745 
2.160000 	 1.091310 
2.180000 	 0.819225 
2.200000 	 1.255139 
2.220000 	 0.916146 
2.240000 	 0.930063 
2.260000 	 1.186383 
2.280000 	 1.197592 
2.300000 	 1.187601 
2.320000 	 0.861098 
2.340000 	 1.077625 
2.360000 	 1.180786 
2.380000 	 1.429982 
2.400000 	 1.201788 
2.420000 	 1.063879 
2.440000 	 1.104608 
2.460000 	 1.422393 
2.480000 	 1.005870 
2.500000 	 1.270914 
2.520000 	 1.359510 
2.540000 	 1.295616 
2.560000 	 1.480023 
2.580000 	 0.926390 
2.600000 	 1.239862 
2.620000 	 1.488823 
2.640000 	 1.343298 
2.660000 	 1.228755 
2.680000 	 1.365748 
2.700000 	 1.273417 
2.720000 	 1.314301 
2.740000 	 1.140379 
2.760000 	 1.174464 
2.780000 	 1.329497 
2.800000 	 -0.100000 
2.820000 	 1.180141 
2.840000 	 1.201670 
2.860000 	 1.256825 
2.880000 	 1.365674 
2.900000 	 1.247820 
2.920000 	 1.637018 
2.940000 	 1.645454 
2.960000 	 1.363316 
2.980000 	 1.485362 
3.000000 	 1.338908 
3.020000 	 1.583111 
3.040000 	 1.342270 
3.060000 	 1.229593 
3.080000 	 1.428868 
3.100000 	 1.340765 
3.120000 	 1.357190 
3.140000 	 1.515306 
3.160000 	 1.399162 
3.180000 	 1.148564 
3.200000 	 1.611613 
3.220000 	 1.281475 
3.240000 	 1.480665 
3.260000 	 1.378780 
3.280000 	 1.645702 
3.300000 	 1.556338 
3.320000 	 1.774971 
3.340000 	 1.434698 
3.360000 	 1.487872 
3.380000 	 1.604105 
3.400000 	 1.505558 
3.420000 	 1.564737 
3.440000 	 1.563659 
3.460000 	 1.732812 
3.480000 	 1.403994 
3.500000 	 1.829752 
3.520000 	 1.536326 
3.540000 	 1.455720 
3.560000 	 1.718369 
3.580000 	 1.296647 
3.600000 	 1.764545 
3.620000 	 1.731160 
3.640000 	 1.573051 
3.660000 	 1.498199 
3.680000 	 1.383349 
3.700000 	 1.771420 
3.720000 	 1.616122 
3.740000 	 1.000000 
3.760000 	 1.569354 
3.780000 	 1.578836 
3.800000 	 1.746944 
3.820000 	 1.488434 
3.840000 	 1.564004 
3.860000 	 1.512558 
3.880000 	 1.572753 
3.900000 	 1.858517 
3.920000 	 1.742921 
3.940000 	 1.407918 
3.960000 	 1.855252 
3.980000 	 1.525689 
4.000000 	 1.571810 
4.020000 	 1.609723 
4.040000 	 1.667599 
4.060000 	 1.697461 
4.080000 	 1.678434 
4.100000 	 1.641291 
4.120000 	 1.589486 
4.140000 	 1.583999 
4.160000 	 1.647670 
4.180000 	 1.709184 
4.200000 	 1.660131 
4.220000 	 1.509430 
4.240000 	 1.411576 
4.260000 	 1.811137 
4.280000 	 1.501957 
4.300000 	 0.500000 
4.320000 	 1.667042 
4.340000 	 1.420065 
4.360000 	 1.581097 
4.380000 	 1.602362 
4.400000 	 1.780029 
4.420000 	 1.467902 
4.440000 	 1.677434 
4.460000 	 1.415103 
4.480000 	 1.523172 
4.500000 	 1.534851 
4.520000 	 1.601414 
4.540000 	 1.649589 
4.560000 	 1.473246 
4.580000 	 1.428507 
4.600000 	 1.853961 
4.620000 	 1.464318 
4.640000 	 1.727879 
4.660000 	 1.425764 
4.680000 	 1.617792 
4.700000 	 1.535361 
4.720000 	 1.434916 
4.740000 	 1.344176 
4.760000 	 1.416350 
4.780000 	 1.368394 
4.800000 	 1.392340 
4.820000 	 1.376702 
4.840000 	 1.459751 
4.860000 	 1.372770 
4.880000 	 1.541183 
4.900000 	 1.462045 
4.920000 	 1.423352 
4.940000 	 1.487582 
4.960000 	 1.441840 
4.980000 	 1.215095 
5.000000 	 1.122506 
5.020000 	 1.608064 
5.040000 	 1.506608 
5.060000 	 1.424210 
5.080000 	 1.362490 
5.100000 	 1.125990 
5.120000 	 1.121535 
5.140000 	 1.514029 
5.160000 	 1.461302 
5.180000 	 1.378409 
5.200000 	 1.372230 
5.220000 	 1.391104 
5.240000 	 1.415135 
5.260000 	 1.318409 
5.280000 	 1.668169 
5.300000 	 1.118032 
5.320000 	 1.135006 
5.340000 	 1.471702 
5.360000 	 1.105877 
5.380000 	 1.154215 
5.400000 	 1.451980 
5.420000 	 1.319557 
5.440000 	 1.059539 
5.460000 	 1.465201 
5.480000 	 1.006560 
5.500000 	 1.214474 
5.520000 	 1.269868 
5.540000 	 1.118350 
5.560000 	 1.130284 
5.580000 	 1.151764 
5.600000 	 1.009567 
5.620000 	 0.969397 
5.640000 	 0.920114 
5.660000 	 1.125175 
5.680000 	 0.803711 
5.700000 	 1.305870 
5.720000 	 1.163371 
5.740000 	 1.021385 
5.760000 	 1.151112 
5.780000 	 1.134387 
5.800000 	 0.988592 
5.820000 	 1.180033 
5.840000 	 0.999044 
5.860000 	 1.085325 
5.880000 	 0.887156 
5.900000 	 0.953148 
5.920000 	 0.908546 
5.940000 	 1.139693 
5.960000 	 1.055865 
5.980000 	 1.186850 
6.000000 	 0.841275 
6.020000 	 1.023191 
6.040000 	 1.005312 
6.060000 	 1.119292 
6.080000 	 0.940574 
6.100000 	 1.258281 
6.120000 	 0.850436 
6.140000 	 0.860207 
6.160000 	 0.907969 
6.180000 	 0.846776 
6.200000 	 0.775600 
6.220000 	 0.922221 
6.240000 	 0.887495 
6.260000 	 0.728339 
6.280000 	 0.856767 
6.300000 	 0.709584 
6.320000 	 0.450630 
6.340000 	 0.532085 
6.360000 	 0.746370 
6.380000 	 0.979353 
6.400000 	 0.722453 
6.420000 	 0.559915 
6.440000 	 0.816913 
6.460000 	 0.713495 
6.480000 	 0.837999 
6.500000 	 0.620157 
6.520000 	 0.570165 
6.540000 	 0.543505 
6.560000 	 0.628403 
6.580000 	 0.757238 
6.600000 	 0.614530 
6.620000 	 0.682134 
6.640000 	 0.823250 
6.660000 	 0.516504 
6.680000 	 0.402314 
6.700000 	 0.487023 
6.720000 	 0.660665 
6.740000 	 0.874262 
6.760000 	 0.520977 
6.780000 	 0.616025 
6.800000 	 0.573116 
6.820000 	 0.652450 
6.840000 	 0.672585 
6.860000 	 0.578149 
6.880000 	 0.555087 
6.900000 	 0.541276 
6.920000 	 0.359126 
6.940000 	 0.556596 
6.960000 	 0.655204 
6.980000 	 0.905755 
7.000000 	 0.435870 
7.020000 	 0.468050 
7.040000 	 0.496688 
7.060000 	 0.685399 
7.080000 	 0.357555 
7.100000 	 0.484442 
7.120000 	 0.627979 
7.140000 	 0.603473 
7.160000 	 0.388263 
7.180000 	 0.359897 
7.200000 	 0.496317 
7.220000 	 0.597043 
7.240000 	 0.497298 
7.260000 	 0.555984 
7.280000 	 0.213539 
7.300000 	 0.301845 
7.320000 	 0.657611 
7.340000 	 0.272705 
7.360000 	 0.356532 
7.380000 	 0.313714 
7.400000 	 0.437972 
7.420000 	 0.177679 
7.440000 	 0.379361 
7.460000 	 0.473323 
7.480000 	 0.084605 
7.500000 	 0.307584 
7.520000 	 0.577960 
7.540000 	 0.380975 
7.560000 	 0.202725 
7.580000 	 0.356834 
7.600000 	 0.185919 
7.620000 	 0.336421 
7.640000 	 0.562635 
7.660000 	 0.157807 
7.680000 	 0.562771 
7.700000 	 0.345267 
7.720000 	 0.147951 
7.740000 	 0.372566 
7.760000 	 0.287575 
7.780000 	 0.401057 
7.800000 	 0.288662 
7.820000 	 0.497948 
7.840000 	 0.261508 
7.860000 	 0.111314 
7.880000 	 0.043577 
7.900000 	 0.292516 
7.920000 	 0.285415 
7.940000 	 -0.007356 
7.960000 	 0.417839 
7.980000 	 0.375004 
8.000000 	 0.342448 
8.020000 	 0.105455 
8.040000 	 0.152691 
8.060000 	 -0.171835 
8.080000 	 0.262745 
8.100000 	 0.273659 
8.120000 	 0.318080 
8.140000 	 0.285431 
8.160000 	 -0.106152 
8.180000 	 0.193443 
8.200000 	 0.125289 
8.220000 	 0.159165 
8.240000 	 0.144893 
8.260000 	 0.017956 
8.280000 	 -0.126921 
8.300000 	 0.046448 
8.320000 	 0.412598 
8.340000 	 -0.248480 
8.360000 	 0.372672 
8.380000 	 0.242267 
8.400000 	 -0.118950 
8.420000 	 0.137407 
8.440000 	 0.317331 
8.460000 	 0.091384 
8.480000 	 0.168168 
8.500000 	 0.057984 
8.520000 	 0.271191 
8.540000 	 0.114401 
8.560000 	 0.138110 
8.580000 	 0.078727 
8.600000 	 -0.032511 
8.620000 	 0.043750 
8.640000 	 0.423320 
8.660000 	 0.262072 
8.680000 	 0.365680 
8.700000 	 0.203076 
8.720000 	 0.041482 
8.740000 	 0.148232 
8.760000 	 -0.001282 
8.780000 	 0.073603 
8.800000 	 0.155343 
8.820000 	 0.079145 
8.840000 	 0.232056 
8.860000 	 0.094379 
8.880000 	 -0.009087 
8.900000 	 0.026300 
8.920000 	 0.049775 
8.940000 	 -0.175973 
8.960000 	 -0.072028 
8.980000 	 0.066493 
9.000000 	 -0.023923 
9.020000 	 0.292826 
9.040000 	 0.035260 
9.060000 	 0.242835 
9.080000 	 0.246719 
9.100000 	 0.170812 
9.120000 	 0.023990 
9.140000 	 0.195009 
9.160000 	 0.155592 
9.180000 	 0.197924 
9.200000 	 0.054186 
9.220000 	 0.099574 
9.240000 	 0.122798 
9.260000 	 0.092883 
9.280000 	 0.097203 
9.300000 	 0.005909 
9.320000 	 0.033484 
9.340000 	 0.122379 
9.360000 	 0.121749 
9.380000 	 -0.276219 
9.400000 	 0.172481 
9.420000 	 0.025805 
9.440000 	 -0.074070 
9.460000 	 0.133047 
9.480000 	 0.161131 
9.500000 	 0.152415 
9.520000 	 -0.009793 
9.540000 	 -0.156195 
9.560000 	 -0.070472 
9.580000 	 0.034166 
9.600000 	 0.012198 
9.620000 	 0.226934 
9.640000 	 -0.001811 
9.660000 	 0.079966 
9.680000 	 -0.037192 
9.700000 	 -0.115270 
9.720000 	 -0.036332 
9.740000 	 0.126815 
9.760000 	 0.076923 
9.780000 	 0.010983 
9.800000 	 -0.064482 
9.820000 	 -0.120285 
9.840000 	 0.264074 
9.860000 	 -0.055694 
9.880000 	 0.266995 
9.900000 	 -0.019416 
9.920000 	 0.152238 
9.940000 	 0.051765 
9.960000 	 -0.074995 
9.980000 	 0.177801 
10.000000 	 0.122938 
10.020000 	 0.239896 
10.040000 	 -0.062089 
10.060000 	 0.234603 
10.080000 	 0.251029 
10.100000 	 -0.144442 
10.120000 	 -0.038794 
10.140000 	 -0.016926 
10.160000 	 -0.089887 
10.180000 	 0.022439 
10.200000 	 -0.081008 
10.220000 	 0.161741 
10.240000 	 -0.112588 
10.260000 	 -0.025233 
10.280000 	 0.135842 
10.300000 	 -0.279794 
10.320000 	 0.175302 
10.340000 	 -0.038188 
10.360000 	 0.044395 
10.380000 	 0.037914 
10.400000 	 0.038896 
10.420000 	 0.278882 
10.440000 	 -0.082180 
10.460000 	 -0.091232 
10.480000 	 -0.090189 
10.500000 	 -0.033190 
10.520000 	 0.277069 
10.540000 	 -0.012515 
10.560000 	 0.092445 
10.580000 	 -0.050697 
10.600000 	 -0.252676 
10.620000 	 -0.041564 
10.640000 	 -0.014455 
10.660000 	 0.219540 
10.680000 	 -0.129486 
10.700000 	 0.181030 
10.720000 	 0.193726 
10.740000 	 -0.233892 
10.760000 	 0.107280 
10.780000 	 0.001325 
10.800000 	 -0.010501 
10.820000 	 -0.141146 
10.840000 	 -0.056809 
10.860000 	 0.051334 
10.880000 	 0.254159 
10.900000 	 -0.020910 
10.920000 	 0.215166 
10.940000 	 -0.009254 
10.960000 	 0.089371 
10.980000 	 -0.304368 
11.000000 	 0.054966 
11.020000 	 0.136618 
11.040000 	 0.002686 
11.060000 	 0.100613 
11.080000 	 -0.115314 
11.100000 	 -0.232888 
11.120000 	 -0.276709 
11.140000 	 0.102668 
11.160000 	 -0.166975 
11.180000 	 -0.064937 
11.200000 	 0.110916 
11.220000 	 -0.327001 
11.240000 	 -0.174328 
11.260000 	 -0.104427 
11.280000 	 0.163598 
11.300000 	 0.027979 
11.320000 	 0.080019 
11.340000 	 -0.070771 
11.360000 	 -0.109050 
11.380000 	 0.083072 
11.400000 	 0.075904 
11.420000 	 -0.019841 
11.440000 	 -0.385711 
11.460000 	 -0.225530 
11.480000 	 -0.184924 
11.500000 	 0.005367 
11.520000 	 -0.066006 
11.540000 	 -0.003528 
11.560000 	 -0.223498 
11.580000 	 0.063503 
11.600000 	 0.020552 
11.620000 	 -0.000233 
11.640000 	 0.208616 
11.660000 	 -0.080888 
11.680000 	 0.290428 
11.700000 	 -0.034926 
11.720000 	 0.273967 
11.740000 	 0.071653 
11.760000 	 0.168359 
11.780000 	 0.114759 
11.800000 	 0.177361 
11.820000 	 0.020556 
11.840000 	 -0.084375 
11.860000 	 0.205554 
11.880000 	 -0.002408 
11.900000 	 0.041875 
11.920000 	 0.227130 
11.940000 	 -0.211331 
11.960000 	 0.111551 
11.980000 	 -0.080572 
12.000000 	 -0.181437 
12.020000 	 -0.102463 
12.040000 	 0.143235 
12.060000 	 -0.240224 
12.080000 	 -0.139986 
12.100000 	 -0.101923 
12.120000 	 -0.336225 
12.140000 	 -0.093931 
12.160000 	 0.214419 
12.180000 	 0.285450 
12.200000 	 -0.022997 
12.220000 	 0.173375 
12.240000 	 -0.264844 
12.260000 	 0.059528 
12.280000 	 -0.021805 
12.300000 	 0.243425 
12.320000 	 0.212111 
12.340000 	 -0.164081 
12.360000 	 0.115208 
12.380000 	 -0.192863 
12.400000 	 0.068274 
12.420000 	 0.143600 
12.440000 	 -0.005051 
12.460000 	 -0.005845 
12.480000 	 0.238736 
12.500000 	 0.068757 
12.520000 	 0.025340 
12.540000 	 0.078817 
12.560000 	 0.000725 
12.580000 	 0.079729 
12.600000 	 -0.091167 
12.620000 	 -0.143240 
12.640000 	 -0.119746 
12.660000 	 0.014636 
12.680000 	 0.082486 
12.700000 	 -0.187500 
12.720000 	 -0.068505 
12.740000 	 0.055081 
12.760000 	 0.190609 
12.780000 	 0.087963 
12.800000 	 0.190533 
12.820000 	 0.064987 
12.840000 	 0.037853 
12.860000 	 -0.067596 
12.880000 	 -0.028674 
12.900000 	 0.218447 
12.920000 	 -0.276284 
12.940000 	 0.136914 
12.960000 	 -0.016967 
12.980000 	 0.091838 
13.000000 	 -0.301117 
13.020000 	 0.023341 
13.040000 	 0.059179 
13.060000 	 0.034981 
13.080000 	 0.042378 
13.100000 	 0.174462 
13.120000 	 0.176398 
13.140000 	 -0.105754 
13.160000 	 0.162191 
13.180000 	 0.061465 
13.200000 	 0.152883 
13.220000 	 -0.025568 
13.240000 	 -0.170563 
13.260000 	 -0.051743 
13.280000 	 -0.032902 
13.300000 	 -0.180698 
13.320000 	 -0.213713 
13.340000 	 -0.022275 
13.360000 	 0.102272 
13.380000 	 -0.007647 
13.400000 	 0.037291 
13.420000 	 0.043682 
13.440000 	 -0.032741 
13.460000 	 0.141358 
13.480000 	 0.150548 
13.500000 	 0.234577 
13.520000 	 0.088465 
13.540000 	 -0.213652 
13.560000 	 0.042340 
13.580000 	 -0.154005 
13.600000 	 0.059058 
13.620000 	 0.152017 
13.640000 	 -0.069621 
13.660000 	 0.049306 
13.680000 	 -0.177609 
13.700000 	 0.190043 
13.720000 	 0.013869 
13.740000 	 -0.062937 
13.760000 	 -0.222613 
13.780000 	 0.104844 
13.800000 	 -0.042130 
13.820000 	 0.064219 
13.840000 	 0.048198 
13.860000 	 0.260229 
13.880000 	 -0.209725 
13.900000 	 0.207320 
13.920000 	 0.091369 
13.940000 	 0.053298 
13.960000 	 0.032372 
13.980000 	 -0.165649 
14.000000 	 0.188864 
14.020000 	 0.090300 
14.040000 	 -0.054810 
14.060000 	 0.223309 
14.080000 	 -0.013551 
14.100000 	 0.193159 
14.120000 	 -0.017405 
14.140000 	 0.106814 
14.160000 	 0.076826 
14.180000 	 0.181959 
14.200000 	 0.066840 
14.220000 	 0.258064 
14.240000 	 -0.003439 
14.260000 	 -0.023135 
14.280000 	 -0.019101 
14.300000 	 -0.088027 
14.320000 	 -0.061198 
14.340000 	 0.195347 
14.360000 	 -0.082824 
14.380000 	 -0.099880 
14.400000 	 0.034824 
14.420000 	 -0.116605 
14.440000 	 0.006964 
14.460000 	 0.214497 
14.480000 	 0.145842 
14.500000 	 -0.016521 
14.520000 	 -0.387556 
14.540000 	 -0.095680 
14.560000 	 0.003046 
14.580000 	 0.317029 
14.600000 	 -0.098171 
14.620000 	 -0.132025 
14.640000 	 -0.045561 
14.660000 	 0.108186 
14.680000 	 0.226707 
14.700000 	 0.068015 
14.720000 	 -0.160483 
14.740000 	 0.182217 
14.760000 	 -0.131305 
14.780000 	 -0.319503 
14.800000 	 -0.308801 
14.820000 	 0.156814 
14.840000 	 -0.203037 
14.860000 	 -0.039771 
14.880000 	 0.107420 
14.900000 	 0.141000 
14.920000 	 -0.072874 
14.940000 	 -0.240168 
14.960000 	 0.000000 
14.980000 	 -0.045916 
15.000000 	 0.126376 
