-15.000000 	 0.014419 
-14.980000 	 0.013719 
-14.960000 	 -0.148498 
-14.940000 	 -0.058076 
-14.920000 	 0.052418 
-14.900000 	 -0.019633 
-14.880000 	 -0.283592 
-14.860000 	 -0.106574 
-14.840000 	 -0.103693 
-14.820000 	 0.070175 
-14.800000 	 -0.153904 
-14.780000 	 0.070271 
-14.760000 	 -0.130293 
-14.740000 	 0.116516 
-14.720000 	 -0.234403 
-14.700000 	 0.069567 
-14.680000 	 -0.087335 
-14.660000 	 0.095232 
-14.640000 	 -0.093944 
-14.620000 	 0.015796 
-14.600000 	 0.173475 
-14.580000 	 -0.100309 
-14.560000 	 -0.164780 
-14.540000 	 -0.095696 
-14.520000 	 0.229407 
-14.500000 	 -0.160020 
-14.480000 	 -0.066465 
-14.460000 	 -0.001654 
-14.440000 	 -0.009090 
-14.420000 	 -0.082738 
-14.400000 	 0.180185 
-14.380000 	 -0.045302 
-14.360000 	 0.086607 
-14.340000 	 0.032169 
-14.320000 	 -0.171487 
-14.300000 	 -0.086840 
-14.280000 	 0.119050 
-14.260000 	 0.039807 
-14.240000 	 -0.185920 
-14.220000 	 -0.106316 
-14.200000 	 -0.012080 
-14.180000 	 -0.194803 
-14.160000 	 0.014597 
-14.140000 	 0.092209 
-14.120000 	 0.151147 
-14.100000 	 -0.015239 
-14.080000 	 -0.237444 
-14.060000 	 0.048594 
-14.040000 	 0.187784 
-14.020000 	 0.134041 
-14.000000 	 -0.109538 
-13.980000 	 -0.155107 
-13.960000 	 0.261177 
-13.940000 	 -0.335093 
-13.920000 	 -0.266902 
-13.900000 	 -0.139409 
-13.880000 	 0.080314 
-13.860000 	 -0.243173 
-13.840000 	 0.012390 
-13.820000 	 0.054525 
-13.800000 	 -0.186156 
-13.780000 	 0.112711 
-13.760000 	 0.175845 
-13.740000 	 0.150761 
-13.720000 	 -0.074215 
-13.700000 	 0.019558 
-13.680000 	 0.159571 
-13.660000 	 0.093265 
-13.640000 	 0.384433 
-13.620000 	 -0.205794 
-13.600000 	 0.085122 
-13.580000 	 -0.162322 
-13.560000 	 0.164546 
-13.540000 	 0.058425 
-13.520000 	 0.018032 
-13.500000 	 -0.064001 
-13.480000 	 0.223235 
-13.460000 	 -0.101116 
-13.440000 	 0.158007 
-13.420000 	 0.186521 
-13.400000 	 0.238725 
-13.380000 	 -0.295530 
-13.360000 	 0.037944 
-13.340000 	 -0.063123 
-13.320000 	 0.001012 
-13.300000 	 0.077458 
-13.280000 	 -0.016617 
-13.260000 	 -0.053138 
-13.240000 	 -0.180432 
-13.220000 	 -0.008984 
-13.200000 	 0.365646 
-13.180000 	 -0.092337 
-13.160000 	 -0.145520 
-13.140000 	 0.285882 
-13.120000 	 -0.139803 
-13.100000 	 -0.098012 
-13.080000 	 0.021724 
-13.060000 	 0.187448 
-13.040000 	 -0.107993 
-13.020000 	 0.051133 
-13.000000 	 -0.077584 
-12.980000 	 0.123093 
-12.960000 	 -0.185817 
-12.940000 	 -0.085464 
-12.920000 	 0.081798 
-12.900000 	 0.197921 
-12.880000 	 0.208486 
-12.860000 	 -0.056231 
-12.840000 	 -0.054659 
-12.820000 	 -0.060577 
-12.800000 	 0.019299 
-12.780000 	 -0.178037 
-12.760000 	 0.003058 
-12.740000 	 -0.038300 
-12.720000 	 -0.152180 
-12.700000 	 -0.048706 
-12.680000 	 0.247135 
-12.660000 	 -0.106644 
-12.640000 	 0.059288 
-12.620000 	 0.047899 
-12.600000 	 0.048820 
-12.580000 	 -0.176569 
-12.560000 	 0.098229 
-12.540000 	 -0.020882 
-12.520000 	 -0.037175 
-12.500000 	 0.008399 
-12.480000 	 0.111756 
-12.460000 	 0.071700 
-12.440000 	 0.030425 
-12.420000 	 0.800000 
-12.400000 	 -0.200467 
-12.380000 	 -0.208140 
-12.360000 	 -0.027368 
-12.340000 	 0.342439 
-12.320000 	 0.182076 
-12.300000 	 -0.220883 
-12.280000 	 -0.149888 
-12.260000 	 0.276912 
-12.240000 	 -0.087668 
-12.220000 	 0.069186 
-12.200000 	 0.010499 
-12.180000 	 -0.170048 
-12.160000 	 0.052814 
-12.140000 	 0.244455 
-12.120000 	 -0.051710 
-12.100000 	 0.125864 
-12.080000 	 -0.024716 
-12.060000 	 -0.074551 
-12.040000 	 0.214946 
-12.020000 	 -0.070073 
-12.000000 	 0.156303 
-11.980000 	 -0.002574 
-11.960000 	 0.022422 
-11.940000 	 0.042880 
-11.920000 	 0.082421 
-11.900000 	 0.269507 
-11.880000 	 0.049163 
-11.860000 	 -0.057284 
-11.840000 	 -0.109720 
-11.820000 	 -0.046515 
-11.800000 	 0.136813 
-11.780000 	 -0.394892 
-11.760000 	 0.039568 
-11.740000 	 0.262403 
-11.720000 	 -0.037806 
-11.700000 	 0.196368 
-11.680000 	 -0.112547 
-11.660000 	 -0.122307 
-11.640000 	 0.040924 
-11.620000 	 -0.131250 
-11.600000 	 0.104172 
-11.580000 	 -0.169134 
-11.560000 	 0.199850 
-11.540000 	 0.193827 
-11.520000 	 0.192603 
-11.500000 	 -0.161916 
-11.480000 	 0.012554 
-11.460000 	 0.253414 
-11.440000 	 -0.009177 
-11.420000 	 -0.049442 
-11.400000 	 0.172522 
-11.380000 	 -0.072859 
-11.360000 	 -0.057016 
-11.340000 	 0.090002 
-11.320000 	 0.299660 
-11.300000 	 -0.077442 
-11.280000 	 0.041027 
-11.260000 	 0.071579 
-11.240000 	 -0.120987 
-11.220000 	 0.230270 
-11.200000 	 0.148215 
-11.180000 	 -0.101452 
-11.160000 	 0.219483 
-11.140000 	 0.126385 
-11.120000 	 0.057675 
-11.100000 	 0.069551 
-11.080000 	 -0.289860 
-11.060000 	 -0.189622 
-11.040000 	 -0.006363 
-11.020000 	 0.186769 
-11.000000 	 -0.097644 
-10.980000 	 -0.028420 
-10.960000 	 0.139513 
-10.940000 	 0.110921 
-10.920000 	 0.041331 
-10.900000 	 -0.187507 
-10.880000 	 -0.108632 
-10.860000 	 -0.054310 
-10.840000 	 -0.148160 
-10.820000 	 0.160195 
-10.800000 	 0.322876 
-10.780000 	 0.186800 
-10.760000 	 -0.082633 
-10.740000 	 -0.169530 
-10.720000 	 0.052884 
-10.700000 	 0.075929 
-10.680000 	 0.024878 
-10.660000 	 -0.053153 
-10.640000 	 0.071317 
-10.620000 	 0.014611 
-10.600000 	 0.177839 
-10.580000 	 -0.253057 
-10.560000 	 0.120017 
-10.540000 	 0.115433 
-10.520000 	 0.044950 
-10.500000 	 -0.109340 
-10.480000 	 0.044767 
-10.460000 	 -0.205838 
-10.440000 	 -0.006819 
-10.420000 	 -0.361889 
-10.400000 	 0.180553 
-10.380000 	 -0.203117 
-10.360000 	 -0.171035 
-10.340000 	 0.127607 
-10.320000 	 -0.127691 
-10.300000 	 0.149628 
-10.280000 	 0.150481 
-10.260000 	 0.270158 
-10.240000 	 -0.007620 
-10.220000 	 -0.020359 
-10.200000 	 -0.130627 
-10.180000 	 0.062680 
-10.160000 	 0.229788 
-10.140000 	 0.154819 
-10.120000 	 0.089619 
-10.100000 	 0.059757 
-10.080000 	 0.179253 
-10.060000 	 0.010226 
-10.040000 	 -0.088438 
-10.020000 	 -0.030176 
-10.000000 	 0.017958 
-9.980000 	 -0.067125 
-9.960000 	 -0.032820 
-9.940000 	 0.135528 
-9.920000 	 0.057870 
-9.900000 	 0.261955 
-9.880000 	 -0.002903 
-9.860000 	 -0.221985 
-9.840000 	 -0.045316 
-9.820000 	 0.029555 
-9.800000 	 0.213048 
-9.780000 	 0.077323 
-9.760000 	 0.030743 
-9.740000 	 -0.136514 
-9.720000 	 -0.022882 
-9.700000 	 -0.065639 
-9.680000 	 -0.147927 
-9.660000 	 0.108183 
-9.640000 	 0.093086 
-9.620000 	 -0.157315 
-9.600000 	 0.007729 
-9.580000 	 -0.049563 
-9.560000 	 -0.061723 
-9.540000 	 -0.012977 
-9.520000 	 0.140839 
-9.500000 	 -0.056018 
-9.480000 	 0.063192 
-9.460000 	 0.010441 
-9.440000 	 0.178543 
-9.420000 	 0.273163 
-9.400000 	 0.119850 
-9.380000 	 -0.052361 
-9.360000 	 0.142387 
-9.340000 	 -0.080110 
-9.320000 	 0.240091 
-9.300000 	 -0.014577 
-9.280000 	 0.152991 
-9.260000 	 0.027097 
-9.240000 	 -0.164267 
-9.220000 	 -0.036531 
-9.200000 	 -0.191942 
-9.180000 	 -0.139276 
-9.160000 	 -0.103745 
-9.140000 	 -0.167259 
-9.120000 	 0.294904 
-9.100000 	 -0.172161 
-9.080000 	 0.078926 
-9.060000 	 0.024026 
-9.040000 	 -0.146820 
-9.020000 	 0.037956 
-9.000000 	 -0.228320 
-8.980000 	 0.039365 
-8.960000 	 0.105277 
-8.940000 	 0.131430 
-8.920000 	 0.086977 
-8.900000 	 -0.228130 
-8.880000 	 -0.141893 
-8.860000 	 0.243611 
-8.840000 	 0.031897 
-8.820000 	 -0.110692 
-8.800000 	 0.106058 
-8.780000 	 -0.127097 
-8.760000 	 0.123172 
-8.740000 	 -0.033992 
-8.720000 	 -0.146852 
-8.700000 	 0.110801 
-8.680000 	 -0.214423 
-8.660000 	 0.216424 
-8.640000 	 0.162549 
-8.620000 	 0.038748 
-8.600000 	 -0.105660 
-8.580000 	 -0.188939 
-8.560000 	 0.001728 
-8.540000 	 -0.014625 
-8.520000 	 -0.144949 
-8.500000 	 -0.049992 
-8.480000 	 0.347250 
-8.460000 	 -0.017622 
-8.440000 	 -0.268998 
-8.420000 	 0.243303 
-8.400000 	 0.023335 
-8.380000 	 0.072937 
-8.360000 	 0.008027 
-8.340000 	 -0.005125 
-8.320000 	 -0.032949 
-8.300000 	 0.332995 
-8.280000 	 -0.106695 
-8.260000 	 -0.008719 
-8.240000 	 -0.035465 
-8.220000 	 0.177006 
-8.200000 	 -0.239184 
-8.180000 	 0.222393 
-8.160000 	 -0.188126 
-8.140000 	 0.234281 
-8.120000 	 0.084257 
-8.100000 	 -0.054660 
-8.080000 	 -0.093197 
-8.060000 	 0.006630 
-8.040000 	 0.352659 
-8.020000 	 -0.007526 
-8.000000 	 -0.293146 
-7.980000 	 0.151660 
-7.960000 	 -0.217736 
-7.940000 	 -0.046446 
-7.920000 	 -0.045576 
-7.900000 	 -0.005932 
-7.880000 	 -0.147960 
-7.860000 	 0.151593 
-7.840000 	 0.065098 
-7.820000 	 0.180004 
-7.800000 	 -0.168314 
-7.780000 	 -0.082377 
-7.760000 	 -0.112541 
-7.740000 	 0.226296 
-7.720000 	 0.350981 
-7.700000 	 0.094007 
-7.680000 	 -0.254279 
-7.660000 	 0.215359 
-7.640000 	 0.063864 
-7.620000 	 0.220249 
-7.600000 	 0.217326 
-7.580000 	 0.053385 
-7.560000 	 0.382771 
-7.540000 	 -0.013691 
-7.520000 	 -0.040394 
-7.500000 	 -0.051087 
-7.480000 	 -0.059830 
-7.460000 	 0.013170 
-7.440000 	 0.171502 
-7.420000 	 0.020313 
-7.400000 	 -0.200396 
-7.380000 	 0.133660 
-7.360000 	 0.314223 
-7.340000 	 0.204226 
-7.320000 	 0.216199 
-7.300000 	 0.032344 
-7.280000 	 0.302469 
-7.260000 	 0.151834 
-7.240000 	 -0.120468 
-7.220000 	 0.211337 
-7.200000 	 0.114842 
-7.180000 	 0.044262 
-7.160000 	 0.010952 
-7.140000 	 -0.011267 
-7.120000 	 0.049439 
-7.100000 	 0.109034 
-7.080000 	 0.211609 
-7.060000 	 -0.056001 
-7.040000 	 -0.098080 
-7.020000 	 -0.086779 
-7.000000 	 -0.003368 
-6.980000 	 0.254516 
-6.960000 	 0.002872 
-6.940000 	 0.041940 
-6.920000 	 0.093077 
-6.900000 	 -0.052140 
-6.880000 	 0.430386 
-6.860000 	 0.096848 
-6.840000 	 0.166961 
-6.820000 	 -0.007141 
-6.800000 	 0.204457 
-6.780000 	 -0.010212 
-6.760000 	 0.206330 
-6.740000 	 0.029289 
-6.720000 	 0.070450 
-6.700000 	 0.179903 
-6.680000 	 0.161207 
-6.660000 	 0.241263 
-6.640000 	 -0.086360 
-6.620000 	 0.197494 
-6.600000 	 0.369576 
-6.580000 	 -0.118887 
-6.560000 	 0.039322 
-6.540000 	 0.340974 
-6.520000 	 0.102104 
-6.500000 	 0.137731 
-6.480000 	 0.097359 
-6.460000 	 0.117156 
-6.440000 	 0.328488 
-6.420000 	 0.134335 
-6.400000 	 0.201747 
-6.380000 	 0.374127 
-6.360000 	 0.230643 
-6.340000 	 0.474243 
-6.320000 	 0.085971 
-6.300000 	 0.077044 
-6.280000 	 0.092295 
-6.260000 	 0.241274 
-6.240000 	 0.281100 
-6.220000 	 0.194625 
-6.200000 	 0.217513 
-6.180000 	 0.304564 
-6.160000 	 0.104399 
-6.140000 	 0.115354 
-6.120000 	 0.087466 
-6.100000 	 0.349500 
-6.080000 	 0.024317 
-6.060000 	 0.213384 
-6.040000 	 -0.042129 
-6.020000 	 0.075215 
-6.000000 	 -0.029289 
-5.980000 	 0.080593 
-5.960000 	 0.216834 
-5.940000 	 0.114032 
-5.920000 	 0.171277 
-5.900000 	 0.370975 
-5.880000 	 0.284331 
-5.860000 	 0.132154 
-5.840000 	 0.089118 
-5.820000 	 0.419216 
-5.800000 	 0.039404 
-5.780000 	 0.141925 
-5.760000 	 0.114303 
-5.740000 	 0.018066 
-5.720000 	 0.071328 
-5.700000 	 0.352434 
-5.680000 	 0.400000 
-5.660000 	 0.524967 
-5.640000 	 -0.008666 
-5.620000 	 0.056603 
-5.600000 	 0.220037 
-5.580000 	 0.395611 
-5.560000 	 0.473763 
-5.540000 	 0.395877 
-5.520000 	 0.292263 
-5.500000 	 0.281055 
-5.480000 	 0.199287 
-5.460000 	 0.502761 
-5.440000 	 0.197844 
-5.420000 	 0.248983 
-5.400000 	 0.328051 
-5.380000 	 0.485002 
-5.360000 	 0.321300 
-5.340000 	 0.322728 
-5.320000 	 0.212411 
-5.300000 	 0.293448 
-5.280000 	 0.417878 
-5.260000 	 0.242219 
-5.240000 	 0.535415 
-5.220000 	 0.444973 
-5.200000 	 0.471258 
-5.180000 	 0.342329 
-5.160000 	 0.354973 
-5.140000 	 0.603394 
-5.120000 	 0.393473 
-5.100000 	 0.705026 
-5.080000 	 0.149854 
-5.060000 	 0.407266 
-5.040000 	 0.527012 
-5.020000 	 0.271537 
-5.000000 	 0.236701 
-4.980000 	 0.486199 
-4.960000 	 0.213371 
-4.940000 	 0.375223 
-4.920000 	 0.268765 
-4.900000 	 0.387203 
-4.880000 	 0.607201 
-4.860000 	 0.368783 
-4.840000 	 0.449138 
-4.820000 	 0.399201 
-4.800000 	 0.502657 
-4.780000 	 0.444691 
-4.760000 	 0.565478 
-4.740000 	 0.276981 
-4.720000 	 0.530268 
-4.700000 	 0.392629 
-4.680000 	 0.510772 
-4.660000 	 0.147029 
-4.640000 	 0.434491 
-4.620000 	 0.625388 
-4.600000 	 0.258016 
-4.580000 	 0.281271 
-4.560000 	 0.722333 
-4.540000 	 0.497413 
-4.520000 	 0.289171 
-4.500000 	 0.606154 
-4.480000 	 0.557743 
-4.460000 	 0.416031 
-4.440000 	 0.538723 
-4.420000 	 0.547769 
-4.400000 	 0.454706 
-4.380000 	 0.541256 
-4.360000 	 0.500416 
-4.340000 	 0.699912 
-4.320000 	 0.597075 
-4.300000 	 0.422974 
-4.280000 	 0.725948 
-4.260000 	 0.288216 
-4.240000 	 0.470792 
-4.220000 	 0.568963 
-4.200000 	 -0.500000 
-4.180000 	 0.604131 
-4.160000 	 0.537563 
-4.140000 	 0.353650 
-4.120000 	 0.375604 
-4.100000 	 0.605099 
-4.080000 	 0.432797 
-4.060000 	 0.781273 
-4.040000 	 0.180435 
-4.020000 	 0.666586 
-4.000000 	 0.525854 
-3.980000 	 0.679298 
-3.960000 	 0.418365 
-3.940000 	 0.647524 
-3.920000 	 0.560120 
-3.900000 	 0.521067 
-3.880000 	 0.502355 
-3.860000 	 0.076479 
-3.840000 	 0.558084 
-3.820000 	 0.275400 
-3.800000 	 0.492626 
-3.780000 	 0.485763 
-3.760000 	 0.805374 
-3.740000 	 0.687486 
-3.720000 	 0.447767 
-3.700000 	 0.464185 
-3.680000 	 0.775739 
-3.660000 	 0.439856 
-3.640000 	 0.590045 
-3.620000 	 0.847900 
-3.600000 	 0.600476 
-3.580000 	 0.504522 
-3.560000 	 0.309105 
-3.540000 	 0.299801 
-3.520000 	 0.534566 
-3.500000 	 0.558366 
-3.480000 	 0.456535 
-3.460000 	 0.295839 
-3.440000 	 0.415354 
-3.420000 	 0.486459 
-3.400000 	 0.437521 
-3.380000 	 0.523287 
-3.360000 	 0.380418 
-3.340000 	 0.527774 
-3.320000 	 0.416108 
-3.300000 	 0.363829 
-3.280000 	 0.441626 
-3.260000 	 0.525000 
-3.240000 	 0.486890 
-3.220000 	 0.555418 
-3.200000 	 0.360455 
-3.180000 	 0.334927 
-3.160000 	 0.742300 
-3.140000 	 0.159051 
-3.120000 	 0.440742 
-3.100000 	 0.094149 
-3.080000 	 0.588973 
-3.060000 	 0.178486 
-3.040000 	 0.443199 
-3.020000 	 0.465166 
-3.000000 	 0.354853 
-2.980000 	 0.329080 
-2.960000 	 0.222852 
-2.940000 	 0.263296 
-2.920000 	 0.407927 
-2.900000 	 0.478830 
-2.880000 	 0.233062 
-2.860000 	 0.174644 
-2.840000 	 0.289669 
-2.820000 	 0.251890 
-2.800000 	 0.407542 
-2.780000 	 0.223913 
-2.760000 	 0.579883 
-2.740000 	 0.339724 
-2.720000 	 0.470848 
-2.700000 	 0.161369 
-2.680000 	 0.240380 
-2.660000 	 0.421526 
-2.640000 	 0.146815 
-2.620000 	 0.353024 
-2.600000 	 0.222887 
-2.580000 	 0.491814 
-2.560000 	 0.483030 
-2.540000 	 0.310876 
-2.520000 	 0.032184 
-2.500000 	 0.595203 
-2.480000 	 0.518960 
-2.460000 	 0.287575 
-2.440000 	 0.348279 
-2.420000 	 0.400012 
-2.400000 	 0.296105 
-2.380000 	 0.118956 
-2.360000 	 0.577236 
-2.340000 	 0.012033 
-2.320000 	 0.168939 
-2.300000 	 0.434072 
-2.280000 	 0.434548 
-2.260000 	 0.176639 
-2.240000 	 0.068255 
-2.220000 	 0.481149 
-2.200000 	 -0.017485 
-2.180000 	 0.042181 
-2.160000 	 0.202778 
-2.140000 	 0.299707 
-2.120000 	 0.265370 
-2.100000 	 0.288765 
-2.080000 	 0.071267 
-2.060000 	 0.472554 
-2.040000 	 0.436582 
-2.020000 	 0.098544 
-2.000000 	 0.223557 
-1.980000 	 0.200167 
-1.960000 	 0.148106 
-1.940000 	 0.067070 
-1.920000 	 0.457717 
-1.900000 	 0.529124 
-1.880000 	 -0.009175 
-1.860000 	 0.127612 
-1.840000 	 0.326797 
-1.820000 	 0.168384 
-1.800000 	 0.598239 
-1.780000 	 0.271861 
-1.760000 	 -0.065652 
-1.740000 	 0.423745 
-1.720000 	 0.120010 
-1.700000 	 -0.095472 
-1.680000 	 0.272724 
-1.660000 	 0.251684 
-1.640000 	 0.263430 
-1.620000 	 0.049749 
-1.600000 	 0.384032 
-1.580000 	 0.256466 
-1.560000 	 0.130131 
-1.540000 	 0.352454 
-1.520000 	 -0.129609 
-1.500000 	 0.482252 
-1.480000 	 -0.019660 
-1.460000 	 0.473888 
-1.440000 	 0.353145 
-1.420000 	 0.359966 
-1.400000 	 0.091845 
-1.380000 	 0.333861 
-1.360000 	 0.134390 
-1.340000 	 0.286214 
-1.320000 	 -0.049021 
-1.300000 	 0.081103 
-1.280000 	 0.087094 
-1.260000 	 0.151645 
-1.240000 	 -0.049755 
-1.220000 	 0.268173 
-1.200000 	 0.005920 
-1.180000 	 0.205613 
-1.160000 	 0.126877 
-1.140000 	 0.162580 
-1.120000 	 0.150065 
-1.100000 	 0.191959 
-1.080000 	 0.048186 
-1.060000 	 -0.411343 
-1.040000 	 0.214408 
-1.020000 	 0.120145 
-1.000000 	 0.349926 
-0.980000 	 0.235482 
-0.960000 	 0.023731 
-0.940000 	 0.035434 
-0.920000 	 0.312265 
-0.900000 	 0.038794 
-0.880000 	 0.191346 
-0.860000 	 0.135288 
-0.840000 	 0.016292 
-0.820000 	 0.066478 
-0.800000 	 0.215183 
-0.780000 	 -0.008795 
-0.760000 	 0.311540 
-0.740000 	 -0.088958 
-0.720000 	 0.221150 
-0.700000 	 0.415577 
-0.680000 	 0.224328 
-0.660000 	 -0.017786 
-0.640000 	 -0.004535 
-0.620000 	 0.172570 
-0.600000 	 0.089467 
-0.580000 	 0.397474 
-0.560000 	 0.180391 
-0.540000 	 0.191478 
-0.520000 	 0.179763 
-0.500000 	 0.036849 
-0.480000 	 0.221109 
-0.460000 	 0.218822 
-0.440000 	 0.263770 
-0.420000 	 -0.009119 
-0.400000 	 0.237617 
-0.380000 	 0.243330 
-0.360000 	 0.235943 
-0.340000 	 0.182524 
-0.320000 	 0.436811 
-0.300000 	 0.225417 
-0.280000 	 0.000239 
-0.260000 	 0.168547 
-0.240000 	 0.345228 
-0.220000 	 0.098357 
-0.200000 	 0.318874 
-0.180000 	 0.309972 
-0.160000 	 0.092041 
-0.140000 	 0.201517 
-0.120000 	 0.170819 
-0.100000 	 0.232254 
-0.080000 	 0.506400 
-0.060000 	 0.265077 
-0.040000 	 0.063068 
-0.020000 	 0.207638 
0.000000 	 0.407377 
0.020000 	 0.117773 
0.040000 	 0.198542 
0.060000 	 0.049883 
0.080000 	 0.171583 
0.100000 	 0.288098 
0.120000 	 0.262946 
0.140000 	 0.438851 
0.160000 	 0.066567 
0.180000 	 0.197945 
0.200000 	 0.331161 
0.220000 	 0.375516 
0.240000 	 -0.012455 
0.260000 	 0.324233 
0.280000 	 0.243008 
0.300000 	 0.255892 
0.320000 	 0.112988 
0.340000 	 0.393704 
0.360000 	 0.293666 
0.380000 	 0.286043 
0.400000 	 0.213803 
0.420000 	 0.327262 
0.440000 	 0.396210 
0.460000 	 0.292464 
0.480000 	 0.596176 
0.500000 	 0.498427 
0.520000 	 0.164146 
0.540000 	 0.567312 
0.560000 	 0.049734 
0.580000 	 0.561566 
0.600000 	 0.312325 
0.620000 	 0.337578 
0.640000 	 0.206083 
0.660000 	 0.533977 
0.680000 	 0.266898 
0.700000 	 0.383104 
0.720000 	 0.507914 
0.740000 	 0.583620 
0.760000 	 0.300432 
0.780000 	 0.278625 
0.800000 	 0.383350 
0.820000 	 0.459029 
0.840000 	 0.381948 
0.860000 	 0.705682 
0.880000 	 0.560546 
0.900000 	 0.548831 
0.920000 	 0.246504 
0.940000 	 0.545277 
0.960000 	 0.761787 
0.980000 	 0.442213 
1.000000 	 0.304038 
1.020000 	 0.559847 
1.040000 	 0.337931 
1.060000 	 0.398642 
1.080000 	 0.557664 
1.100000 	 0.696425 
1.120000 	 0.786713 
1.140000 	 0.626712 
1.160000 	 0.379546 
1.180000 	 0.577065 
1.200000 	 0.681899 
1.220000 	 0.606622 
1.240000 	 0.576974 
1.260000 	 0.542090 
1.280000 	 0.718541 
1.300000 	 0.694047 
1.320000 	 0.950688 
1.340000 	 0.672292 
1.360000 	 0.604746 
1.380000 	 0.573857 
1.400000 	 0.464622 
1.420000 	 0.838329 
1.440000 	 0.819018 
1.460000 	 0.832561 
1.480000 	 0.765686 
1.500000 	 0.849760 
1.520000 	 1.037709 
1.540000 	 0.642343 
1.560000 	 0.541501 
1.580000 	 0.842651 
1.600000 	 0.850862 
1.620000 	 0.769115 
1.640000 	 0.812090 
1.660000 	 0.678276 
1.680000 	 0.579257 
1.700000 	 0.675888 
1.720000 	 0.764674 
1.740000 	 0.927993 
1.760000 	 1.082815 
1.780000 	 0.968963 
1.800000 	 0.824475 
1.820000 	 0.828320 
1.840000 	 0.987589 
1.860000 	 0.891008 
1.880000 	 0.886415 
1.900000 	 0.851658 
1.920000 	 0.943556 
1.940000 	 1.070558 
1.960000 	 0.830102 
1.980000 	 1.006602 
2.000000 	 1.098700 
2.020000 	 0.858360 
2.040000 	 0.963796 
2.060000 	 1.126202 
2.080000 	 0.870743 
2.100000 	 1.167012 
2.120000 	 1.038557 
2.140000 	 0.895842 
2.160000 	 1.359858 
2.180000 	 0.866720 
2.200000 	 0.889112 
2.220000 	 1.218626 
2.240000 	 1.231119 
2.260000 	 1.114572 
2.280000 	 0.935787 
2.300000 	 0.969557 
2.320000 	 1.230920 
2.340000 	 1.092632 
2.360000 	 1.224154 
2.380000 	 1.063961 
2.400000 	 1.166705 
2.420000 	 1.466303 
2.440000 	 1.230096 
2.460000 	 1.210594 
2.480000 	 1.348371 
2.500000 	 1.475456 
2.520000 	 1.095227 
2.540000 	 1.138869 
2.560000 	 1.335842 
2.580000 	 1.498794 
2.600000 	 1.109185 
2.620000 	 0.879491 
2.640000 	 1.280727 
2.660000 	 1.085236 
2.680000 	 1.029926 
2.700000 	 1.063700 
2.720000 	 1.344885 
2.740000 	 1.295150 
2.760000 	 1.106019 
2.780000 	 1.162012 
2.800000 	 1.385361 
2.820000 	 1.151710 
2.840000 	 1.356250 
2.860000 	 1.166804 
2.880000 	 1.391457 
2.900000 	 1.397835 
2.920000 	 1.218013 
2.940000 	 1.695600 
2.960000 	 1.420627 
2.980000 	 1.417067 
3.000000 	 1.642205 
3.020000 	 1.516688 
3.040000 	 1.137898 
3.060000 	 1.387904 
3.080000 	 1.359417 
3.100000 	 1.384579 
3.120000 	 1.564054 
3.140000 	 1.151023 
3.160000 	 1.446694 
3.180000 	 1.516933 
3.200000 	 1.462798 
3.220000 	 1.650165 
3.240000 	 1.700440 
3.260000 	 1.593646 
3.280000 	 1.538867 
3.300000 	 1.156936 
3.320000 	 1.508511 
3.340000 	 1.564648 
3.360000 	 1.589078 
3.380000 	 1.477307 
3.400000 	 1.450377 
3.420000 	 1.703164 
3.440000 	 1.306002 
3.460000 	 1.606902 
3.480000 	 1.766685 
3.500000 	 1.473855 
3.520000 	 1.595897 
3.540000 	 1.683904 
3.560000 	 1.492049 
3.580000 	 1.452816 
3.600000 	 1.717572 
3.620000 	 1.538055 
3.640000 	 1.759513 
3.660000 	 1.617024 
3.680000 	 1.455386 
3.700000 	 1.405822 
3.720000 	 1.329133 
3.740000 	 1.689392 
3.760000 	 1.416323 
3.780000 	 1.854493 
3.800000 	 1.565578 
3.820000 	 1.489966 
3.840000 	 1.532599 
3.860000 	 1.725943 
3.880000 	 1.496755 
3.900000 	 1.316458 
3.920000 	 1.345145 
3.940000 	 1.634295 
3.960000 	 1.265974 
3.980000 	 1.403239 
4.000000 	 1.653683 
4.020000 	 1.774942 
4.040000 	 1.412066 
4.060000 	 1.342171 
4.080000 	 1.646179 
4.100000 	 1.639165 
4.120000 	 1.645412 
4.140000 	 1.703431 
4.160000 	 1.588603 
4.180000 	 1.776183 
4.200000 	 1.661758 
4.220000 	 1.387523 
4.240000 	 1.715193 
4.260000 	 1.459993 
4.280000 	 1.547048 
4.300000 	 1.548110 
4.320000 	 1.626899 
4.340000 	 1.664315 
4.360000 	 1.659469 
4.380000 	 1.678148 
4.400000 	 1.554371 
4.420000 	 1.289041 
4.440000 	 1.722460 
4.460000 	 1.433308 
4.480000 	 1.333866 
4.500000 	 1.285567 
4.520000 	 1.483472 
4.540000 	 1.579421 
4.560000 	 1.446526 
4.580000 	 1.609879 
4.600000 	 1.585420 
4.620000 	 1.165763 
4.640000 	 1.190456 
4.660000 	 1.359118 
4.680000 	 1.550343 
4.700000 	 1.614290 
4.720000 	 1.530366 
4.740000 	 1.529722 
4.760000 	 1.448514 
4.780000 	 1.520204 
4.800000 	 1.517001 
4.820000 	 1.676868 
4.840000 	 1.875656 
4.860000 	 1.517625 
4.880000 	 1.537560 
4.900000 	 1.727607 
4.920000 	 1.581259 
4.940000 	 1.159428 
4.960000 	 1.572496 
4.980000 	 1.309379 
5.000000 	 1.171730 
5.020000 	 1.161731 
5.040000 	 1.775505 
5.060000 	 1.173473 
5.080000 	 1.254276 
5.100000 	 1.486367 
5.120000 	 1.427645 
5.140000 	 1.244164 
5.160000 	 1.385159 
5.180000 	 1.073959 
5.200000 	 1.360294 
5.220000 	 1.632220 
5.240000 	 1.436061 
5.260000 	 1.425618 
5.280000 	 1.339475 
5.300000 	 1.619816 
5.320000 	 1.313021 
5.340000 	 1.517943 
5.360000 	 1.204816 
5.380000 	 1.025566 
5.400000 	 1.450941 
5.420000 	 1.388058 
5.440000 	 1.001475 
5.460000 	 0.910607 
5.480000 	 1.305281 
5.500000 	 1.588050 
5.520000 	 1.294475 
5.540000 	 1.345164 
5.560000 	 1.099418 
5.580000 	 1.377894 
5.600000 	 1.074661 
5.620000 	 1.083598 
5.640000 	 1.158252 
5.660000 	 0.888529 
5.680000 	 0.884372 
5.700000 	 1.147866 
5.720000 	 1.162598 
5.740000 	 0.997159 
5.760000 	 1.209588 
5.780000 	 0.955969 
5.800000 	 1.000031 
5.820000 	 1.014821 
5.840000 	 1.251950 
5.860000 	 1.184449 
5.880000 	 1.111208 
5.900000 	 1.057289 
5.920000 	 1.112028 
5.940000 	 0.977327 
5.960000 	 1.175637 
5.980000 	 1.040572 
6.000000 	 0.999515 
6.020000 	 0.906327 
6.040000 	 1.266369 
6.060000 	 0.993921 
6.080000 	 0.833877 
6.100000 	 0.923592 
6.120000 	 0.986343 
6.140000 	 0.886193 
6.160000 	 1.114640 
6.180000 	 0.999890 
6.200000 	 0.603403 
6.220000 	 0.864911 
6.240000 	 0.741746 
6.260000 	 1.122342 
6.280000 	 0.862012 
6.300000 	 0.477547 
6.320000 	 0.543601 
6.340000 	 0.793043 
6.360000 	 0.777640 
6.380000 	 0.680332 
6.400000 	 0.791391 
6.420000 	 0.612149 
6.440000 	 0.634314 
6.460000 	 0.873663 
6.480000 	 0.735275 
6.500000 	 0.689924 
6.520000 	 0.887259 
6.540000 	 0.771925 
6.560000 	 0.880695 
6.580000 	 0.744693 
6.600000 	 0.701568 
6.620000 	 0.694506 
6.640000 	 0.816996 
6.660000 	 0.448450 
6.680000 	 0.566148 
6.700000 	 0.807098 
6.720000 	 0.780295 
6.740000 	 0.833967 
6.760000 	 0.428363 
6.780000 	 0.732002 
6.800000 	 0.592564 
6.820000 	 0.244742 
6.840000 	 0.298015 
6.860000 	 0.739178 
6.880000 	 0.557589 
6.900000 	 0.630837 
6.920000 	 0.498344 
6.940000 	 0.277933 
6.960000 	 0.379306 
6.980000 	 0.429021 
7.000000 	 0.653214 
7.020000 	 0.520975 
7.040000 	 0.772119 
7.060000 	 0.516244 
7.080000 	 0.623436 
7.100000 	 0.110204 
7.120000 	 0.423412 
7.140000 	 0.487667 
7.160000 	 0.588397 
7.180000 	 0.332341 
7.200000 	 0.573966 
7.220000 	 0.556087 
7.240000 	 0.563943 
7.260000 	 0.773887 
7.280000 	 0.432802 
7.300000 	 0.403461 
7.320000 	 0.430279 
7.340000 	 0.215345 
7.360000 	 0.420081 
7.380000 	 0.391770 
7.400000 	 0.517478 
7.420000 	 0.540845 
7.440000 	 0.571474 
7.460000 	 0.399220 
7.480000 	 0.126738 
7.500000 	 0.334274 
7.520000 	 0.239315 
7.540000 	 0.189695 
7.560000 	 0.036885 
7.580000 	 0.215536 
7.600000 	 0.418228 
7.620000 	 0.390623 
7.640000 	 0.224828 
7.660000 	 0.330054 
7.680000 	 0.278250 
7.700000 	 0.385507 
7.720000 	 0.246372 
7.740000 	 0.189580 
7.760000 	 0.375043 
7.780000 	 0.410596 
7.800000 	 0.002240 
7.820000 	 0.237060 
7.840000 	 0.265103 
7.860000 	 -0.031310 
7.880000 	 0.093007 
7.900000 	 0.316527 
7.920000 	 -0.101426 
7.940000 	 0.066472 
7.960000 	 0.232938 
7.980000 	 0.129481 
8.000000 	 -0.219718 
8.020000 	 0.416612 
8.040000 	 0.274200 
8.060000 	 0.173018 
8.080000 	 0.165964 
8.100000 	 0.267808 
8.120000 	 0.184640 
8.140000 	 0.264470 
8.160000 	 0.233243 
8.180000 	 0.079863 
8.200000 	 0.030765 
8.220000 	 0.280732 
8.240000 	 0.137365 
8.260000 	 0.184619 
8.280000 	 0.141455 
8.300000 	 0.169113 
8.320000 	 0.314360 
8.340000 	 0.238407 
8.360000 	 -0.021211 
8.380000 	 0.000495 
8.400000 	 0.082920 
8.420000 	 -0.041219 
8.440000 	 0.274335 
8.460000 	 0.023931 
8.480000 	 0.079904 
8.500000 	 0.225334 
8.520000 	 -0.233505 
8.540000 	 0.129697 
8.560000 	 0.083466 
8.580000 	 -0.067722 
8.600000 	 0.321284 
8.620000 	 -0.105085 
8.640000 	 0.278568 
8.660000 	 -0.165153 
8.680000 	 -0.031522 
8.700000 	 0.111809 
8.720000 	 0.112029 
8.740000 	 0.070922 
8.760000 	 -0.076053 
8.780000 	 0.095303 
8.800000 	 -0.069221 
8.820000 	 0.099407 
8.840000 	 -0.026888 
8.860000 	 -0.023174 
8.880000 	 0.061189 
8.900000 	 -0.062578 
8.920000 	 -0.014829 
8.940000 	 0.223706 
8.960000 	 0.108832 
8.980000 	 0.227782 
9.000000 	 -0.051492 
9.020000 	 0.055141 
9.040000 	 0.194047 
9.060000 	 -0.154520 
9.080000 	 0.061264 
9.100000 	 0.086270 
9.120000 	 0.221841 
9.140000 	 0.188940 
9.160000 	 0.031938 
9.180000 	 -0.229137 
9.200000 	 -0.265501 
9.220000 	 0.265414 
9.240000 	 0.247029 
9.260000 	 -0.006439 
9.280000 	 0.120257 
9.300000 	 0.006130 
9.320000 	 0.287919 
9.340000 	 0.120057 
9.360000 	 -0.058694 
9.380000 	 -0.029304 
9.400000 	 0.004617 
9.420000 	 -0.007067 
9.440000 	 0.227261 
9.460000 	 0.075621 
9.480000 	 0.032277 
9.500000 	 0.053884 
9.520000 	 0.031487 
9.540000 	 -0.077351 
9.560000 	 0.073215 
9.580000 	 -0.014398 
9.600000 	 -0.105923 
9.620000 	 0.114517 
9.640000 	 0.231784 
9.660000 	 0.056706 
9.680000 	 0.083525 
9.700000 	 0.011826 
9.720000 	 -0.122282 
9.740000 	 0.256719 
9.760000 	 0.123926 
9.780000 	 0.135500 
9.800000 	 -0.208513 
9.820000 	 0.035756 
9.840000 	 0.186281 
9.860000 	 -0.117359 
9.880000 	 -0.032810 
9.900000 	 0.148435 
9.920000 	 -0.189708 
9.940000 	 0.174136 
9.960000 	 0.225499 
9.980000 	 0.042662 
10.000000 	 0.217794 
10.020000 	 -0.076852 
10.040000 	 0.227154 
10.060000 	 -0.357495 
10.080000 	 0.036243 
10.100000 	 0.031181 
10.120000 	 -0.099709 
10.140000 	 0.034788 
10.160000 	 -0.043355 
10.180000 	 -0.035900 
10.200000 	 -0.008082 
10.220000 	 -0.066193 
10.240000 	 0.106682 
10.260000 	 -0.217179 
10.280000 	 0.256349 
10.300000 	 -0.001328 
10.320000 	 -0.242100 
10.340000 	 -0.148579 
10.360000 	 -0.075635 
10.380000 	 -0.263167 
10.400000 	 -0.131732 
10.420000 	 -0.022874 
10.440000 	 0.117823 
10.460000 	 -0.150400 
10.480000 	 -0.027648 
10.500000 	 0.087906 
10.520000 	 -0.008335 
10.540000 	 -0.067361 
10.560000 	 0.095056 
10.580000 	 -0.087468 
10.600000 	 -0.367471 
10.620000 	 0.300039 
10.640000 	 -0.185708 
10.660000 	 0.137049 
10.680000 	 -0.107489 
10.700000 	 0.275126 
10.720000 	 -0.111334 
10.740000 	 -0.000128 
10.760000 	 0.303218 
10.780000 	 0.147013 
10.800000 	 -0.050364 
10.820000 	 -0.031247 
10.840000 	 -0.185903 
10.860000 	 0.022013 
10.880000 	 -0.083861 
10.900000 	 -0.128687 
10.920000 	 0.224760 
10.940000 	 0.313365 
10.960000 	 -0.010029 
10.980000 	 0.136186 
11.000000 	 0.029246 
11.020000 	 0.061144 
11.040000 	 -0.076321 
11.060000 	 -0.173154 
11.080000 	 -0.181407 
11.100000 	 -0.286758 
11.120000 	 0.242069 
11.140000 	 -0.017046 
11.160000 	 0.398365 
11.180000 	 -0.079734 
11.200000 	 -0.407130 
11.220000 	 0.180329 
11.240000 	 0.011379 
11.260000 	 0.183995 
11.280000 	 -0.015434 
11.300000 	 0.244323 
11.320000 	 0.190269 
11.340000 	 0.080956 
11.360000 	 -0.159735 
11.380000 	 0.054633 
11.400000 	 0.024624 
11.420000 	 -0.165065 
11.440000 	 -0.078439 
11.460000 	 -0.014639 
11.480000 	 -0.240622 
11.500000 	 0.028187 
11.520000 	 0.096388 
11.540000 	 -0.146164 
11.560000 	 -0.065651 
11.580000 	 -0.312013 
11.600000 	 -0.204937 
11.620000 	 0.061457 
11.640000 	 -0.029538 
11.660000 	 -0.020823 
11.680000 	 -0.183451 
11.700000 	 -0.081711 
11.720000 	 -0.212794 
11.740000 	 -0.280636 
11.760000 	 -0.203019 
11.780000 	 0.070415 
11.800000 	 0.220346 
11.820000 	 -0.346492 
11.840000 	 -0.106740 
11.860000 	 -0.019601 
11.880000 	 0.090335 
11.900000 	 -0.108139 
11.920000 	 0.084541 
11.940000 	 0.089697 
11.960000 	 -0.130011 
11.980000 	 0.091465 
12.000000 	 0.093381 
12.020000 	 0.018498 
12.040000 	 0.054504 
12.060000 	 -0.031026 
12.080000 	 -0.273536 
12.100000 	 0.281042 
12.120000 	 -0.249532 
12.140000 	 0.205347 
12.160000 	 0.169787 
12.180000 	 0.155538 
12.200000 	 -0.038478 
12.220000 	 0.157406 
12.240000 	 -0.103812 
12.260000 	 0.103828 
12.280000 	 -0.135988 
12.300000 	 0.105060 
12.320000 	 -0.099920 
12.340000 	 0.021081 
12.360000 	 0.043853 
12.380000 	 0.233151 
12.400000 	 0.400000 
12.420000 	 -0.127231 
12.440000 	 -0.148510 
12.460000 	 0.043990 
12.480000 	 0.302663 
12.500000 	 -0.183659 
12.520000 	 -0.058459 
12.540000 	 0.072023 
12.560000 	 -0.053082 
12.580000 	 0.209642 
12.600000 	 -0.092620 
12.620000 	 0.029299 
12.640000 	 0.065161 
12.660000 	 0.103137 
12.680000 	 0.131924 
12.700000 	 0.079206 
12.720000 	 0.142172 
12.740000 	 0.078873 
12.760000 	 0.069305 
12.780000 	 0.063730 
12.800000 	 0.111386 
12.820000 	 0.199245 
12.840000 	 0.197254 
12.860000 	 -0.017269 
12.880000 	 0.106426 
12.900000 	 -0.056129 
12.920000 	 -0.046045 
12.940000 	 -0.089286 
12.960000 	 0.033643 
12.980000 	 0.000647 
13.000000 	 -0.134530 
13.020000 	 -0.038215 
13.040000 	 0.139524 
13.060000 	 -0.036292 
13.080000 	 -0.054546 
13.100000 	 0.211877 
13.120000 	 0.241912 
13.140000 	 0.234643 
13.160000 	 0.051516 
13.180000 	 -0.195451 
13.200000 	 -0.080074 
13.220000 	 -0.094938 
13.240000 	 0.149819 
13.260000 	 0.140553 
13.280000 	 -0.034851 
13.300000 	 0.145632 
13.320000 	 -0.076505 
13.340000 	 0.161091 
13.360000 	 -0.049408 
13.380000 	 -0.031851 
13.400000 	 -0.026282 
13.420000 	 -0.161898 
13.440000 	 0.019419 
13.460000 	 -0.239830 
13.480000 	 0.278576 
13.500000 	 0.426559 
13.520000 	 0.129188 
13.540000 	 0.226401 
13.560000 	 -0.082095 
13.580000 	 -0.210571 
13.600000 	 -0.274376 
13.620000 	 0.054705 
13.640000 	 0.178355 
13.660000 	 -0.056772 
13.680000 	 0.007201 
13.700000 	 -0.040607 
13.720000 	 0.062229 
13.740000 	 0.080819 
13.760000 	 -0.357596 
13.780000 	 0.148807 
13.800000 	 0.209406 
13.820000 	 -0.213641 
13.840000 	 0.094743 
13.860000 	 -0.114646 
13.880000 	 0.172986 
13.900000 	 -0.004298 
13.920000 	 -0.234108 
13.940000 	 -0.170543 
13.960000 	 0.075466 
13.980000 	 -0.116341 
14.000000 	 -0.199969 
14.020000 	 -0.364816 
14.040000 	 0.045008 
14.060000 	 -0.102023 
14.080000 	 -0.194860 
14.100000 	 -0.166973 
14.120000 	 0.058322 
14.140000 	 -0.049218 
14.160000 	 -0.055367 
14.180000 	 -0.171878 
14.200000 	 -0.022131 
14.220000 	 -0.017667 
14.240000 	 -0.026612 
14.260000 	 0.202205 
14.280000 	 -0.249493 
14.300000 	 -0.099099 
14.320000 	 -0.001343 
14.340000 	 -0.111788 
14.360000 	 0.149072 
14.380000 	 0.087087 
14.400000 	 0.138494 
14.420000 	 -0.085669 
14.440000 	 0.119904 
14.460000 	 0.103152 
14.480000 	 0.128234 
14.500000 	 -0.105069 
14.520000 	 0.100956 
14.540000 	 -0.246534 
14.560000 	 -0.041900 
14.580000 	 0.086230 
14.600000 	 -0.265810 
14.620000 	 0.004108 
14.640000 	 -0.022789 
14.660000 	 -0.021415 
14.680000 	 -0.314346 
14.700000 	 0.197598 
14.720000 	 0.349694 
14.740000 	 0.093641 
14.760000 	 0.056617 
14.780000 	 0.001536 
14.800000 	 0.600000 
14.820000 	 0.184130 
14.840000 	 0.181716 
14.860000 	 0.074138 
14.880000 	 0.042489 
14.900000 	 0.216101 
14.920000 	 0.056630 
14.940000 	 0.042113 
14.960000 	 -0.069990 
14.980000 	 -0.247031 
15.000000 	 0.084688 
