-15.000000 	 -0.068409 
-14.980000 	 -0.065530 
-14.960000 	 -0.121837 
-14.940000 	 -0.083761 
-14.920000 	 -0.262529 
-14.900000 	 -0.069990 
-14.880000 	 -0.216925 
-14.860000 	 0.328127 
-14.840000 	 0.086129 
-14.820000 	 -0.167850 
-14.800000 	 -0.115003 
-14.780000 	 0.165558 
-14.760000 	 -0.167363 
-14.740000 	 -0.268774 
-14.720000 	 -0.053516 
-14.700000 	 -0.234405 
-14.680000 	 0.194988 
-14.660000 	 -0.152344 
-14.640000 	 0.071374 
-14.620000 	 0.350529 
-14.600000 	 0.002216 
-14.580000 	 -0.021331 
-14.560000 	 -0.123326 
-14.540000 	 -0.109977 
-14.520000 	 -0.025654 
-14.500000 	 -0.002878 
-14.480000 	 0.002273 
-14.460000 	 -0.080065 
-14.440000 	 -0.200962 
-14.420000 	 0.029075 
-14.400000 	 -0.007585 
-14.380000 	 0.045236 
-14.360000 	 -0.155895 
-14.340000 	 0.225567 
-14.320000 	 0.050734 
-14.300000 	 0.031621 
-14.280000 	 0.014402 
-14.260000 	 -0.022709 
-14.240000 	 -0.073149 
-14.220000 	 -0.027539 
-14.200000 	 0.087896 
-14.180000 	 -0.231639 
-14.160000 	 0.034947 
-14.140000 	 0.082208 
-14.120000 	 0.092376 
-14.100000 	 -0.036347 
-14.080000 	 -0.151502 
-14.060000 	 -0.125442 
-14.040000 	 -0.048942 
-14.020000 	 0.050900 
-14.000000 	 0.048592 
-13.980000 	 -0.067795 
-13.960000 	 -0.086815 
-13.940000 	 0.079924 
-13.920000 	 -0.133397 
-13.900000 	 0.061309 
-13.880000 	 0.148694 
-13.860000 	 -0.210084 
-13.840000 	 -0.096600 
-13.820000 	 0.177860 
-13.800000 	 0.204027 
-13.780000 	 0.071396 
-13.760000 	 0.065652 
-13.740000 	 0.160423 
-13.720000 	 0.072054 
-13.700000 	 0.103085 
-13.680000 	 -0.154091 
-13.660000 	 0.299636 
-13.640000 	 0.064791 
-13.620000 	 -0.014722 
-13.600000 	 0.150499 
-13.580000 	 -0.029059 
-13.560000 	 -0.200351 
-13.540000 	 0.023146 
-13.520000 	 -0.071198 
-13.500000 	 -0.087670 
-13.480000 	 -0.017748 
-13.460000 	 -0.012925 
-13.440000 	 -0.019194 
-13.420000 	 -0.217467 
-13.400000 	 0.198736 
-13.380000 	 0.128623 
-13.360000 	 -0.045684 
-13.340000 	 0.085326 
-13.320000 	 -0.046355 
-13.300000 	 -0.038658 
-13.280000 	 0.056441 
-13.260000 	 0.263577 
-13.240000 	 0.168648 
-13.220000 	 0.165952 
-13.200000 	 0.125295 
-13.180000 	 -0.171181 
-13.160000 	 0.027126 
-13.140000 	 -0.002210 
-13.120000 	 -0.203854 
-13.100000 	 0.005016 
-13.080000 	 0.119391 
-13.060000 	 -0.098054 
-13.040000 	 0.158104 
-13.020000 	 -0.047092 
-13.000000 	 -0.171320 
-12.980000 	 -0.122470 
-12.960000 	 0.052258 
-12.940000 	 0.186008 
-12.920000 	 0.335161 
-12.900000 	 -0.054079 
-12.880000 	 -0.031597 
-12.860000 	 -0.022797 
-12.840000 	 0.147680 
-12.820000 	 -0.089230 
-12.800000 	 -0.016034 
-12.780000 	 0.023883 
-12.760000 	 -0.019456 
-12.740000 	 -0.171789 
-12.720000 	 -0.066799 
-12.700000 	 0.166378 
-12.680000 	 -0.083084 
-12.660000 	 -0.008292 
-12.640000 	 0.223120 
-12.620000 	 -0.108049 
-12.600000 	 0.007868 
-12.580000 	 -0.042263 
-12.560000 	 0.212461 
-12.540000 	 -0.267478 
-12.520000 	 -0.152536 
-12.500000 	 -0.072936 
-12.480000 	 0.200481 
-12.460000 	 0.233457 
-12.440000 	 -0.004911 
-12.420000 	 0.119759 
-12.400000 	 0.112640 
-12.380000 	 0.225031 
-12.360000 	 0.109286 
-12.340000 	 -0.005594 
-12.320000 	 0.118335 
-12.300000 	 -0.377215 
-12.280000 	 -0.022616 
-12.260000 	 0.111100 
-12.240000 	 -0.352541 
-12.220000 	 -0.163596 
-12.200000 	 -0.149591 
-12.180000 	 -0.228833 
-12.160000 	 -0.067999 
-12.140000 	 0.159399 
-12.120000 	 -0.080485 
-12.100000 	 0.034646 
-12.080000 	 0.045679 
-12.060000 	 0.062855 
-12.040000 	 0.142800 
-12.020000 	 -0.001105 
-12.000000 	 -0.191436 
-11.980000 	 -0.044915 
-11.960000 	 -0.129585 
-11.940000 	 -0.050335 
-11.920000 	 0.173810 
-11.900000 	 -0.183469 
-11.880000 	 0.180489 
-11.860000 	 -0.110332 
-11.840000 	 -0.001734 
-11.820000 	 0.079573 
-11.800000 	 0.119346 
-11.780000 	 0.144102 
-11.760000 	 0.007994 
-11.740000 	 -0.098342 
-11.720000 	 0.038035 
-11.700000 	 0.055025 
-11.680000 	 0.198595 
-11.660000 	 0.081930 
-11.640000 	 0.056393 
-11.620000 	 0.121268 
-11.600000 	 0.018226 
-11.580000 	 0.256493 
-11.560000 	 0.211531 
-11.540000 	 -0.180971 
-11.520000 	 0.177502 
-11.500000 	 -0.284624 
-11.480000 	 0.049242 
-11.460000 	 -0.030631 
-11.440000 	 0.084075 
-11.420000 	 -0.004378 
-11.400000 	 -0.158562 
-11.380000 	 -0.042674 
-11.360000 	 0.086683 
-11.340000 	 0.264139 
-11.320000 	 -0.057938 
-11.300000 	 0.109584 
-11.280000 	 -0.053258 
-11.260000 	 0.336327 
-11.240000 	 -0.073280 
-11.220000 	 0.390463 
-11.200000 	 0.017507 
-11.180000 	 0.385595 
-11.160000 	 -0.379368 
-11.140000 	 0.082681 
-11.120000 	 0.900000 
-11.100000 	 0.070771 
-11.080000 	 -0.092210 
-11.060000 	 -0.073932 
-11.040000 	 0.087569 
-11.020000 	 0.255529 
-11.000000 	 0.088107 
-10.980000 	 -0.003310 
-10.960000 	 0.001258 
-10.940000 	 -0.165177 
-10.920000 	 -0.139140 
-10.900000 	 0.228666 
-10.880000 	 0.009778 
-10.860000 	 -0.005441 
-10.840000 	 -0.056057 
-10.820000 	 -0.233063 
-10.800000 	 0.048922 
-10.780000 	 -0.219824 
-10.760000 	 -0.149403 
-10.740000 	 -0.206098 
-10.720000 	 0.082417 
-10.700000 	 -0.263910 
-10.680000 	 0.148123 
-10.660000 	 -0.037241 
-10.640000 	 -0.036870 
-10.620000 	 0.228426 
-10.600000 	 0.045217 
-10.580000 	 0.203124 
-10.560000 	 0.005985 
-10.540000 	 -0.111247 
-10.520000 	 0.160769 
-10.500000 	 0.346173 
-10.480000 	 -0.114154 
-10.460000 	 0.175972 
-10.440000 	 0.087293 
-10.420000 	 0.319078 
-10.400000 	 -0.267309 
-10.380000 	 -0.069313 
-10.360000 	 -0.256021 
-10.340000 	 -0.101245 
-10.320000 	 0.169106 
-10.300000 	 0.142035 
-10.280000 	 -0.094842 
-10.260000 	 -0.230474 
-10.240000 	 0.158694 
-10.220000 	 0.069803 
-10.200000 	 0.096892 
-10.180000 	 0.017961 
-10.160000 	 0.219298 
-10.140000 	 -0.208669 
-10.120000 	 0.166529 
-10.100000 	 0.001101 
-10.080000 	 0.065507 
-10.060000 	 0.014035 
-10.040000 	 0.201046 
-10.020000 	 0.038897 
-10.000000 	 0.008200 
-9.980000 	 -0.298411 
-9.960000 	 -0.012551 
-9.940000 	 0.379624 
-9.920000 	 -0.017811 
-9.900000 	 0.442719 
-9.880000 	 -0.167493 
-9.860000 	 -0.050540 
-9.840000 	 0.118423 
-9.820000 	 -0.138380 
-9.800000 	 0.079920 
-9.780000 	 -0.232580 
-9.760000 	 -0.128467 
-9.740000 	 -0.073302 
-9.720000 	 0.057734 
-9.700000 	 0.227151 
-9.680000 	 0.004336 
-9.660000 	 -0.003228 
-9.640000 	 0.028214 
-9.620000 	 -0.090866 
-9.600000 	 -0.030639 
-9.580000 	 -0.329181 
-9.560000 	 0.168697 
-9.540000 	 0.010758 
-9.520000 	 -0.034761 
-9.500000 	 0.270881 
-9.480000 	 0.015844 
-9.460000 	 -0.004941 
-9.440000 	 -0.308540 
-9.420000 	 -0.145367 
-9.400000 	 -0.034127 
-9.380000 	 0.269760 
-9.360000 	 -0.063636 
-9.340000 	 0.120901 
-9.320000 	 -0.002067 
-9.300000 	 0.142760 
-9.280000 	 0.084308 
-9.260000 	 0.063766 
-9.240000 	 -0.202237 
-9.220000 	 0.133935 
-9.200000 	 -0.212917 
-9.180000 	 0.044741 
-9.160000 	 -0.087352 
-9.140000 	 0.084057 
-9.120000 	 -0.142731 
-9.100000 	 0.166346 
-9.080000 	 0.067959 
-9.060000 	 -0.037104 
-9.040000 	 -0.015119 
-9.020000 	 0.056233 
-9.000000 	 0.055121 
-8.980000 	 0.165507 
-8.960000 	 0.007029 
-8.940000 	 -0.040474 
-8.920000 	 -0.053819 
-8.900000 	 0.086218 
-8.880000 	 -0.200258 
-8.860000 	 0.108098 
-8.840000 	 0.172651 
-8.820000 	 -0.049279 
-8.800000 	 -0.081140 
-8.780000 	 -0.094381 
-8.760000 	 -0.024007 
-8.740000 	 -0.181420 
-8.720000 	 0.043742 
-8.700000 	 -0.241845 
-8.680000 	 0.060919 
-8.660000 	 -0.004000 
-8.640000 	 -0.090987 
-8.620000 	 -0.102787 
-8.600000 	 0.133264 
-8.580000 	 0.101823 
-8.560000 	 -0.016638 
-8.540000 	 -0.171618 
-8.520000 	 0.233438 
-8.500000 	 -0.030081 
-8.480000 	 -0.102320 
-8.460000 	 -0.035324 
-8.440000 	 -0.063455 
-8.420000 	 0.335627 
-8.400000 	 0.003210 
-8.380000 	 -0.120758 
-8.360000 	 -0.025489 
-8.340000 	 -0.291088 
-8.320000 	 -0.070360 
-8.300000 	 0.016433 
-8.280000 	 -0.006495 
-8.260000 	 -0.134571 
-8.240000 	 0.068775 
-8.220000 	 0.151927 
-8.200000 	 0.375316 
-8.180000 	 0.060642 
-8.160000 	 -0.193728 
-8.140000 	 -0.190260 
-8.120000 	 0.071034 
-8.100000 	 -0.137369 
-8.080000 	 0.081625 
-8.060000 	 0.255836 
-8.040000 	 -0.103442 
-8.020000 	 0.132567 
-8.000000 	 -0.187987 
-7.980000 	 0.219227 
-7.960000 	 -0.040050 
-7.940000 	 0.223564 
-7.920000 	 -0.036280 
-7.900000 	 -0.151684 
-7.880000 	 0.350324 
-7.860000 	 -0.115961 
-7.840000 	 0.241717 
-7.820000 	 0.076907 
-7.800000 	 0.153605 
-7.780000 	 0.115397 
-7.760000 	 -0.025152 
-7.740000 	 -0.254014 
-7.720000 	 0.068958 
-7.700000 	 0.222223 
-7.680000 	 -0.085121 
-7.660000 	 0.188318 
-7.640000 	 0.186229 
-7.620000 	 0.372681 
-7.600000 	 0.074262 
-7.580000 	 0.083291 
-7.560000 	 0.028091 
-7.540000 	 0.080271 
-7.520000 	 -0.044834 
-7.500000 	 0.081028 
-7.480000 	 0.257305 
-7.460000 	 -0.076636 
-7.440000 	 0.250562 
-7.420000 	 -0.032178 
-7.400000 	 -0.104235 
-7.380000 	 0.068290 
-7.360000 	 0.245739 
-7.340000 	 0.157859 
-7.320000 	 -0.016644 
-7.300000 	 0.071908 
-7.280000 	 -0.023649 
-7.260000 	 0.084729 
-7.240000 	 -0.060804 
-7.220000 	 0.189931 
-7.200000 	 0.186384 
-7.180000 	 0.179712 
-7.160000 	 -0.233380 
-7.140000 	 0.256266 
-7.120000 	 -0.069463 
-7.100000 	 0.207776 
-7.080000 	 0.099030 
-7.060000 	 -0.022362 
-7.040000 	 -0.047972 
-7.020000 	 0.207625 
-7.000000 	 0.024657 
-6.980000 	 0.323586 
-6.960000 	 0.085531 
-6.940000 	 -0.009013 
-6.920000 	 -0.071643 
-6.900000 	 0.143854 
-6.880000 	 0.088096 
-6.860000 	 0.068722 
-6.840000 	 -0.227405 
-6.820000 	 0.058295 
-6.800000 	 -0.260377 
-6.780000 	 -0.052335 
-6.760000 	 0.081465 
-6.740000 	 0.102825 
-6.720000 	 -0.169605 
-6.700000 	 0.147719 
-6.680000 	 -0.105796 
-6.660000 	 -0.002656 
-6.640000 	 0.074323 
-6.620000 	 0.094826 
-6.600000 	 0.040694 
-6.580000 	 0.210553 
-6.560000 	 -0.054356 
-6.540000 	 0.089887 
-6.520000 	 0.220629 
-6.500000 	 -0.180299 
-6.480000 	 0.124362 
-6.460000 	 0.098386 
-6.440000 	 0.153185 
-6.420000 	 0.176795 
-6.400000 	 0.092110 
-6.380000 	 0.269213 
-6.360000 	 0.107460 
-6.340000 	 0.057504 
-6.320000 	 0.260745 
-6.300000 	 0.177719 
-6.280000 	 0.247449 
-6.260000 	 0.192473 
-6.240000 	 -0.083853 
-6.220000 	 0.250492 
-6.200000 	 0.188244 
-6.180000 	 0.035765 
-6.160000 	 0.016379 
-6.140000 	 0.024357 
-6.120000 	 0.368997 
-6.100000 	 0.191795 
-6.080000 	 1.000000 
-6.060000 	 0.197000 
-6.040000 	 0.035128 
-6.020000 	 0.001206 
-6.000000 	 0.296549 
-5.980000 	 0.231057 
-5.960000 	 0.206418 
-5.940000 	 0.510762 
-5.920000 	 0.334979 
-5.900000 	 0.180126 
-5.880000 	 0.248423 
-5.860000 	 0.182057 
-5.840000 	 0.402517 
-5.820000 	 0.374930 
-5.800000 	 0.322233 
-5.780000 	 0.062289 
-5.760000 	 0.330140 
-5.740000 	 0.142369 
-5.720000 	 0.250383 
-5.700000 	 0.388511 
-5.680000 	 0.265108 
-5.660000 	 0.245626 
-5.640000 	 0.224504 
-5.620000 	 0.150893 
-5.600000 	 0.434021 
-5.580000 	 0.201043 
-5.560000 	 0.361731 
-5.540000 	 0.256371 
-5.520000 	 0.179584 
-5.500000 	 0.266846 
-5.480000 	 0.015278 
-5.460000 	 0.210020 
-5.440000 	 0.219327 
-5.420000 	 0.231002 
-5.400000 	 -0.040912 
-5.380000 	 0.227642 
-5.360000 	 0.344807 
-5.340000 	 0.387075 
-5.320000 	 0.298012 
-5.300000 	 0.496779 
-5.280000 	 0.540789 
-5.260000 	 0.341469 
-5.240000 	 0.616566 
-5.220000 	 0.512607 
-5.200000 	 0.524252 
-5.180000 	 0.624231 
-5.160000 	 0.331490 
-5.140000 	 0.401018 
-5.120000 	 0.508601 
-5.100000 	 0.490752 
-5.080000 	 0.414457 
-5.060000 	 0.460839 
-5.040000 	 0.528783 
-5.020000 	 0.364981 
-5.000000 	 0.510538 
-4.980000 	 0.552283 
-4.960000 	 0.531309 
-4.940000 	 0.326280 
-4.920000 	 0.478249 
-4.900000 	 0.345180 
-4.880000 	 0.728265 
-4.860000 	 0.387584 
-4.840000 	 0.468211 
-4.820000 	 0.479134 
-4.800000 	 0.497503 
-4.780000 	 0.328093 
-4.760000 	 0.181200 
-4.740000 	 0.355603 
-4.720000 	 0.463175 
-4.700000 	 0.458021 
-4.680000 	 0.389422 
-4.660000 	 0.407086 
-4.640000 	 0.521435 
-4.620000 	 0.600215 
-4.600000 	 0.543128 
-4.580000 	 0.400957 
-4.560000 	 0.390447 
-4.540000 	 0.496992 
-4.520000 	 0.585942 
-4.500000 	 0.300217 
-4.480000 	 0.429865 
-4.460000 	 0.405167 
-4.440000 	 0.611588 
-4.420000 	 0.529854 
-4.400000 	 0.511889 
-4.380000 	 0.412544 
-4.360000 	 0.368031 
-4.340000 	 0.418694 
-4.320000 	 0.762168 
-4.300000 	 0.803605 
-4.280000 	 0.455921 
-4.260000 	 0.305605 
-4.240000 	 0.624665 
-4.220000 	 0.462350 
-4.200000 	 0.733444 
-4.180000 	 0.661572 
-4.160000 	 0.483880 
-4.140000 	 0.399540 
-4.120000 	 0.382845 
-4.100000 	 0.814579 
-4.080000 	 0.652058 
-4.060000 	 -0.098182 
-4.040000 	 0.502573 
-4.020000 	 0.530856 
-4.000000 	 0.564283 
-3.980000 	 0.475551 
-3.960000 	 0.489397 
-3.940000 	 0.711000 
-3.920000 	 0.423563 
-3.900000 	 0.754468 
-3.880000 	 0.339091 
-3.860000 	 0.649722 
-3.840000 	 0.250199 
-3.820000 	 0.552858 
-3.800000 	 0.468489 
-3.780000 	 0.522645 
-3.760000 	 0.400006 
-3.740000 	 0.667831 
-3.720000 	 0.679870 
-3.700000 	 0.634769 
-3.680000 	 0.499935 
-3.660000 	 0.172161 
-3.640000 	 0.380363 
-3.620000 	 0.553193 
-3.600000 	 0.360196 
-3.580000 	 0.675306 
-3.560000 	 0.485209 
-3.540000 	 0.428668 
-3.520000 	 0.629191 
-3.500000 	 0.545838 
-3.480000 	 0.358621 
-3.460000 	 0.548993 
-3.440000 	 0.795454 
-3.420000 	 0.357823 
-3.400000 	 0.535838 
-3.380000 	 0.384186 
-3.360000 	 0.237119 
-3.340000 	 0.587377 
-3.320000 	 0.562071 
-3.300000 	 0.328837 
-3.280000 	 0.451626 
-3.260000 	 0.433505 
-3.240000 	 0.446042 
-3.220000 	 0.596710 
-3.200000 	 0.547276 
-3.180000 	 0.325974 
-3.160000 	 0.651665 
-3.140000 	 0.075146 
-3.120000 	 0.393027 
-3.100000 	 0.574576 
-3.080000 	 0.622562 
-3.060000 	 0.589225 
-3.040000 	 0.382077 
-3.020000 	 0.327368 
-3.000000 	 0.401826 
-2.980000 	 0.412641 
-2.960000 	 0.466832 
-2.940000 	 0.467571 
-2.920000 	 0.448897 
-2.900000 	 0.223400 
-2.880000 	 0.075330 
-2.860000 	 0.242201 
-2.840000 	 0.344436 
-2.820000 	 0.445224 
-2.800000 	 0.344043 
-2.780000 	 0.612603 
-2.760000 	 0.286453 
-2.740000 	 0.336520 
-2.720000 	 0.230615 
-2.700000 	 0.254301 
-2.680000 	 0.345377 
-2.660000 	 0.381547 
-2.640000 	 0.318026 
-2.620000 	 0.134737 
-2.600000 	 0.411541 
-2.580000 	 0.406898 
-2.560000 	 0.327484 
-2.540000 	 0.151287 
-2.520000 	 0.119450 
-2.500000 	 0.228084 
-2.480000 	 0.304247 
-2.460000 	 0.164671 
-2.440000 	 0.108435 
-2.420000 	 0.504806 
-2.400000 	 0.267865 
-2.380000 	 0.171224 
-2.360000 	 0.287333 
-2.340000 	 0.330585 
-2.320000 	 0.599545 
-2.300000 	 0.231137 
-2.280000 	 0.316319 
-2.260000 	 0.493141 
-2.240000 	 -0.084903 
-2.220000 	 0.236676 
-2.200000 	 0.124342 
-2.180000 	 0.270996 
-2.160000 	 0.021591 
-2.140000 	 0.437239 
-2.120000 	 0.109197 
-2.100000 	 0.255942 
-2.080000 	 0.704459 
-2.060000 	 0.232318 
-2.040000 	 0.283557 
-2.020000 	 0.524400 
-2.000000 	 0.585912 
-1.980000 	 -0.022200 
-1.960000 	 0.278374 
-1.940000 	 0.080798 
-1.920000 	 0.081914 
-1.900000 	 -0.062305 
-1.880000 	 0.105932 
-1.860000 	 -0.083759 
-1.840000 	 0.240416 
-1.820000 	 0.313103 
-1.800000 	 0.442020 
-1.780000 	 0.205468 
-1.760000 	 0.246282 
-1.740000 	 0.277129 
-1.720000 	 0.188574 
-1.700000 	 0.027517 
-1.680000 	 -0.044288 
-1.660000 	 0.158012 
-1.640000 	 -0.024842 
-1.620000 	 -0.092159 
-1.600000 	 0.300008 
-1.580000 	 0.221471 
-1.560000 	 0.166023 
-1.540000 	 0.348538 
-1.520000 	 0.192548 
-1.500000 	 -0.057751 
-1.480000 	 0.024444 
-1.460000 	 0.244668 
-1.440000 	 0.257732 
-1.420000 	 0.268639 
-1.400000 	 -0.040462 
-1.380000 	 0.079043 
-1.360000 	 0.161550 
-1.340000 	 -0.157264 
-1.320000 	 0.256594 
-1.300000 	 0.204360 
-1.280000 	 0.312997 
-1.260000 	 0.208455 
-1.240000 	 0.210999 
-1.220000 	 0.261218 
-1.200000 	 0.517001 
-1.180000 	 0.653609 
-1.160000 	 0.443750 
-1.140000 	 0.269052 
-1.120000 	 0.027591 
-1.100000 	 0.126261 
-1.080000 	 0.254291 
-1.060000 	 0.094278 
-1.040000 	 -0.173490 
-1.020000 	 0.163357 
-1.000000 	 0.232570 
-0.980000 	 0.082439 
-0.960000 	 0.297979 
-0.940000 	 0.172814 
-0.920000 	 0.211520 
-0.900000 	 0.065337 
-0.880000 	 0.207850 
-0.860000 	 0.298325 
-0.840000 	 0.111273 
-0.820000 	 -0.080062 
-0.800000 	 0.250251 
-0.780000 	 0.314350 
-0.760000 	 0.118636 
-0.740000 	 0.050747 
-0.720000 	 0.057470 
-0.700000 	 0.065004 
-0.680000 	 0.221991 
-0.660000 	 0.306747 
-0.640000 	 0.113353 
-0.620000 	 0.001357 
-0.600000 	 0.161635 
-0.580000 	 0.229742 
-0.560000 	 0.106208 
-0.540000 	 0.016679 
-0.520000 	 0.087316 
-0.500000 	 0.029295 
-0.480000 	 0.315141 
-0.460000 	 0.036296 
-0.440000 	 0.111000 
-0.420000 	 0.078596 
-0.400000 	 0.067323 
-0.380000 	 0.127518 
-0.360000 	 0.186334 
-0.340000 	 0.107541 
-0.320000 	 0.222558 
-0.300000 	 0.243715 
-0.280000 	 0.200061 
-0.260000 	 0.114536 
-0.240000 	 0.424831 
-0.220000 	 0.559959 
-0.200000 	 0.126410 
-0.180000 	 0.193025 
-0.160000 	 0.259047 
-0.140000 	 0.342168 
-0.120000 	 0.158989 
-0.100000 	 0.078250 
-0.080000 	 0.007432 
-0.060000 	 0.307208 
-0.040000 	 0.258755 
-0.020000 	 0.129401 
0.000000 	 0.183656 
0.020000 	 0.268528 
0.040000 	 0.111122 
0.060000 	 0.179216 
0.080000 	 0.422835 
0.100000 	 0.025342 
0.120000 	 0.257253 
0.140000 	 0.206225 
0.160000 	 0.190591 
0.180000 	 0.405445 
0.200000 	 0.291464 
0.220000 	 0.074860 
0.240000 	 0.143879 
0.260000 	 0.292416 
0.280000 	 0.260226 
0.300000 	 0.487128 
0.320000 	 0.405866 
0.340000 	 0.296169 
0.360000 	 0.305361 
0.380000 	 0.196394 
0.400000 	 0.239006 
0.420000 	 0.343737 
0.440000 	 0.445076 
0.460000 	 0.234936 
0.480000 	 0.582093 
0.500000 	 0.215359 
0.520000 	 0.272189 
0.540000 	 0.142447 
0.560000 	 0.186185 
0.580000 	 0.800000 
0.600000 	 0.355362 
0.620000 	 0.444783 
0.640000 	 0.302672 
0.660000 	 0.319933 
0.680000 	 0.434888 
0.700000 	 0.405308 
0.720000 	 0.420146 
0.740000 	 0.350106 
0.760000 	 0.607083 
0.780000 	 0.158475 
0.800000 	 0.251966 
0.820000 	 0.587586 
0.840000 	 0.240606 
0.860000 	 0.567594 
0.880000 	 0.611737 
0.900000 	 0.561928 
0.920000 	 0.548731 
0.940000 	 0.362033 
0.960000 	 0.876317 
0.980000 	 0.528773 
1.000000 	 0.364421 
1.020000 	 0.453465 
1.040000 	 0.532526 
1.060000 	 0.658428 
1.080000 	 0.497071 
1.100000 	 0.622698 
1.120000 	 0.150235 
1.140000 	 0.399495 
1.160000 	 0.562126 
1.180000 	 0.441068 
1.200000 	 0.400634 
1.220000 	 0.519994 
1.240000 	 0.455571 
1.260000 	 0.324683 
1.280000 	 0.571084 
1.300000 	 0.684449 
1.320000 	 0.585283 
1.340000 	 0.499057 
1.360000 	 0.511372 
1.380000 	 0.641721 
1.400000 	 0.773763 
1.420000 	 0.388229 
1.440000 	 0.901024 
1.460000 	 0.687047 
1.480000 	 0.828067 
1.500000 	 0.738950 
1.520000 	 0.920687 
1.540000 	 0.808356 
1.560000 	 0.982146 
1.580000 	 1.115451 
1.600000 	 0.716799 
1.620000 	 0.811250 
1.640000 	 0.776008 
1.660000 	 1.048766 
1.680000 	 0.888810 
1.700000 	 0.718237 
1.720000 	 1.089794 
1.740000 	 0.684730 
1.760000 	 0.651634 
1.780000 	 1.096324 
1.800000 	 1.014329 
1.820000 	 1.055440 
1.840000 	 1.135825 
1.860000 	 1.071538 
1.880000 	 1.070753 
1.900000 	 0.800276 
1.920000 	 0.944910 
1.940000 	 0.875779 
1.960000 	 0.882076 
1.980000 	 0.834282 
2.000000 	 0.989316 
2.020000 	 1.143523 
2.040000 	 1.118893 
2.060000 	 0.856670 
2.080000 	 1.268716 
2.100000 	 1.070285 
2.120000 	 1.030012 
2.140000 	 1.105359 
2.160000 	 0.893990 
2.180000 	 0.673686 
2.200000 	 1.198515 
2.220000 	 1.146567 
2.240000 	 1.167138 
2.260000 	 0.906005 
2.280000 	 1.045921 
2.300000 	 1.121692 
2.320000 	 1.060573 
2.340000 	 1.336211 
2.360000 	 1.229798 
2.380000 	 1.143160 
2.400000 	 1.268822 
2.420000 	 1.132817 
2.440000 	 1.069741 
2.460000 	 1.029408 
2.480000 	 1.393945 
2.500000 	 1.381290 
2.520000 	 1.519970 
2.540000 	 1.372900 
2.560000 	 1.309164 
2.580000 	 1.434815 
2.600000 	 1.431121 
2.620000 	 1.398611 
2.640000 	 1.379843 
2.660000 	 1.304891 
2.680000 	 1.260005 
2.700000 	 1.306893 
2.720000 	 1.291861 
2.740000 	 1.082752 
2.760000 	 1.320850 
2.780000 	 1.247961 
2.800000 	 1.470060 
2.820000 	 1.486123 
2.840000 	 1.340851 
2.860000 	 1.603087 
2.880000 	 1.316372 
2.900000 	 1.343894 
2.920000 	 1.368438 
2.940000 	 1.236809 
2.960000 	 1.141106 
2.980000 	 1.503151 
3.000000 	 1.696305 
3.020000 	 1.254821 
3.040000 	 1.184954 
3.060000 	 1.741799 
3.080000 	 1.669704 
3.100000 	 1.421182 
3.120000 	 1.647641 
3.140000 	 1.623881 
3.160000 	 1.450484 
3.180000 	 1.522943 
3.200000 	 1.406718 
3.220000 	 1.250699 
3.240000 	 1.396194 
3.260000 	 1.590061 
3.280000 	 1.438294 
3.300000 	 1.528262 
3.320000 	 1.620740 
3.340000 	 1.262104 
3.360000 	 1.648984 
3.380000 	 1.580384 
3.400000 	 1.480181 
3.420000 	 1.271677 
3.440000 	 1.552512 
3.460000 	 1.312520 
3.480000 	 1.457456 
3.500000 	 1.624389 
3.520000 	 1.374186 
3.540000 	 1.668644 
3.560000 	 1.597847 
3.580000 	 1.438465 
3.600000 	 1.714245 
3.620000 	 1.462513 
3.640000 	 1.441785 
3.660000 	 1.597659 
3.680000 	 1.357906 
3.700000 	 1.610435 
3.720000 	 1.359677 
3.740000 	 1.673649 
3.760000 	 1.562449 
3.780000 	 1.882824 
3.800000 	 1.734136 
3.820000 	 1.743483 
3.840000 	 1.882862 
3.860000 	 1.460779 
3.880000 	 1.617875 
3.900000 	 1.669658 
3.920000 	 1.938190 
3.940000 	 1.928309 
3.960000 	 1.296294 
3.980000 	 1.828065 
4.000000 	 1.619511 
4.020000 	 1.634580 
4.040000 	 1.659510 
4.060000 	 1.524808 
4.080000 	 1.305169 
4.100000 	 1.736607 
4.120000 	 1.566128 
4.140000 	 1.637941 
4.160000 	 1.781255 
4.180000 	 1.582379 
4.200000 	 1.728617 
4.220000 	 1.660468 
4.240000 	 1.499598 
4.260000 	 1.839104 
4.280000 	 1.706266 
4.300000 	 1.593599 
4.320000 	 1.486007 
4.340000 	 1.598119 
4.360000 	 1.485167 
4.380000 	 1.383637 
4.400000 	 1.588389 
4.420000 	 1.383853 
4.440000 	 1.462556 
4.460000 	 1.518215 
4.480000 	 1.471946 
4.500000 	 1.477121 
4.520000 	 1.557756 
4.540000 	 1.629865 
4.560000 	 1.448356 
4.580000 	 1.517198 
4.600000 	 1.835624 
4.620000 	 1.546319 
4.640000 	 1.610234 
4.660000 	 1.606736 
4.680000 	 1.712231 
4.700000 	 1.777163 
4.720000 	 1.433765 
4.740000 	 1.334190 
4.760000 	 1.487938 
4.780000 	 1.481530 
4.800000 	 1.696145 
4.820000 	 1.798467 
4.840000 	 1.603126 
4.860000 	 1.574559 
4.880000 	 1.472642 
4.900000 	 1.380866 
4.920000 	 1.577218 
4.940000 	 1.626677 
4.960000 	 1.475697 
4.980000 	 1.484825 
5.000000 	 1.381375 
5.020000 	 1.292531 
5.040000 	 1.379104 
5.060000 	 1.379099 
5.080000 	 1.223732 
5.100000 	 1.405298 
5.120000 	 1.437455 
5.140000 	 1.479338 
5.160000 	 1.167382 
5.180000 	 1.352869 
5.200000 	 1.424154 
5.220000 	 1.333263 
5.240000 	 1.118389 
5.260000 	 1.389596 
5.280000 	 1.355575 
5.300000 	 1.420702 
5.320000 	 1.121830 
5.340000 	 1.211889 
5.360000 	 1.300388 
5.380000 	 1.516706 
5.400000 	 1.271681 
5.420000 	 1.356631 
5.440000 	 1.245804 
5.460000 	 1.041298 
5.480000 	 0.905375 
5.500000 	 1.095664 
5.520000 	 1.050466 
5.540000 	 1.310730 
5.560000 	 1.067282 
5.580000 	 1.259007 
5.600000 	 1.027039 
5.620000 	 1.210817 
5.640000 	 1.062498 
5.660000 	 1.364722 
5.680000 	 1.090671 
5.700000 	 0.963013 
5.720000 	 1.142419 
5.740000 	 1.173211 
5.760000 	 1.152906 
5.780000 	 1.093998 
5.800000 	 0.848344 
5.820000 	 0.986951 
5.840000 	 0.874626 
5.860000 	 0.886049 
5.880000 	 0.991011 
5.900000 	 1.075019 
5.920000 	 1.031197 
5.940000 	 1.173798 
5.960000 	 0.914329 
5.980000 	 1.279660 
6.000000 	 0.805285 
6.020000 	 0.823715 
6.040000 	 1.017436 
6.060000 	 1.183175 
6.080000 	 0.876683 
6.100000 	 0.697273 
6.120000 	 0.861334 
6.140000 	 0.827034 
6.160000 	 1.037042 
6.180000 	 0.793679 
6.200000 	 0.704233 
6.220000 	 0.745031 
6.240000 	 0.922997 
6.260000 	 1.023804 
6.280000 	 0.778067 
6.300000 	 0.846244 
6.320000 	 0.968875 
6.340000 	 0.515702 
6.360000 	 0.892325 
6.380000 	 0.743102 
6.400000 	 0.806649 
6.420000 	 0.557650 
6.440000 	 0.832363 
6.460000 	 0.728456 
6.480000 	 0.834990 
6.500000 	 0.484488 
6.520000 	 0.944057 
6.540000 	 0.720383 
6.560000 	 0.764548 
6.580000 	 0.498582 
6.600000 	 0.612520 
6.620000 	 0.515521 
6.640000 	 0.597892 
6.660000 	 0.638065 
6.680000 	 0.667483 
6.700000 	 0.794564 
6.720000 	 0.752300 
6.740000 	 0.928118 
6.760000 	 0.618347 
6.780000 	 0.557982 
6.800000 	 0.820966 
6.820000 	 0.497538 
6.840000 	 0.311247 
6.860000 	 0.478624 
6.880000 	 0.578544 
6.900000 	 0.577592 
6.920000 	 0.506271 
6.940000 	 0.477244 
6.960000 	 0.608752 
6.980000 	 0.340596 
7.000000 	 0.579824 
7.020000 	 0.251345 
7.040000 	 0.251937 
7.060000 	 0.726363 
7.080000 	 0.487121 
7.100000 	 0.330703 
7.120000 	 0.490661 
7.140000 	 0.227441 
7.160000 	 0.511649 
7.180000 	 0.398660 
7.200000 	 0.225813 
7.220000 	 0.648150 
7.240000 	 0.432444 
7.260000 	 0.416478 
7.280000 	 0.338682 
7.300000 	 0.303873 
7.320000 	 0.315476 
7.340000 	 0.379855 
7.360000 	 0.465004 
7.380000 	 0.091744 
7.400000 	 0.307009 
7.420000 	 0.521351 
7.440000 	 0.285583 
7.460000 	 0.694418 
7.480000 	 0.289854 
7.500000 	 0.178425 
7.520000 	 0.505914 
7.540000 	 0.287062 
7.560000 	 0.264427 
7.580000 	 0.206674 
7.600000 	 0.650756 
7.620000 	 0.515105 
7.640000 	 0.147867 
7.660000 	 0.434648 
7.680000 	 0.291018 
7.700000 	 0.067781 
7.720000 	 0.280424 
7.740000 	 0.351809 
7.760000 	 0.225089 
7.780000 	 0.283077 
7.800000 	 0.390241 
7.820000 	 0.222431 
7.840000 	 0.235614 
7.860000 	 0.088691 
7.880000 	 0.146666 
7.900000 	 0.174523 
7.920000 	 0.203884 
7.940000 	 -0.115363 
7.960000 	 0.179471 
7.980000 	 0.121953 
8.000000 	 0.313338 
8.020000 	 0.135204 
8.040000 	 0.147422 
8.060000 	 0.279477 
8.080000 	 0.503234 
8.100000 	 0.193513 
8.120000 	 0.378169 
8.140000 	 0.069553 
8.160000 	 0.127607 
8.180000 	 0.800000 
8.200000 	 0.074330 
8.220000 	 0.054826 
8.240000 	 0.320297 
8.260000 	 0.222125 
8.280000 	 0.242163 
8.300000 	 0.232363 
8.320000 	 0.425989 
8.340000 	 0.242145 
8.360000 	 0.278480 
8.380000 	 -0.097396 
8.400000 	 0.231096 
8.420000 	 0.422719 
8.440000 	 0.154385 
8.460000 	 0.136143 
8.480000 	 0.460608 
8.500000 	 -0.006179 
8.520000 	 0.344347 
8.540000 	 -0.105706 
8.560000 	 0.041460 
8.580000 	 -0.118737 
8.600000 	 -0.020387 
8.620000 	 -0.204153 
8.640000 	 -0.003281 
8.660000 	 0.263616 
8.680000 	 -0.069100 
8.700000 	 -0.007675 
8.720000 	 0.261192 
8.740000 	 0.146652 
8.760000 	 0.055569 
8.780000 	 0.084087 
8.800000 	 0.188314 
8.820000 	 0.156251 
8.840000 	 0.110342 
8.860000 	 0.077216 
8.880000 	 0.340413 
8.900000 	 0.044596 
8.920000 	 0.021248 
8.940000 	 0.099808 
8.960000 	 0.293800 
8.980000 	 0.008204 
9.000000 	 0.357947 
9.020000 	 0.360412 
9.040000 	 0.102799 
9.060000 	 -0.133285 
9.080000 	 0.053039 
9.100000 	 0.352087 
9.120000 	 0.078055 
9.140000 	 -0.229289 
9.160000 	 0.206682 
9.180000 	 0.309568 
9.200000 	 -0.257338 
9.220000 	 -0.148686 
9.240000 	 0.067269 
9.260000 	 -0.073764 
9.280000 	 -0.058765 
9.300000 	 0.178929 
9.320000 	 0.026007 
9.340000 	 0.226733 
9.360000 	 -0.036485 
9.380000 	 -0.000026 
9.400000 	 -0.093797 
9.420000 	 -0.181851 
9.440000 	 0.223311 
9.460000 	 0.087284 
9.480000 	 -0.090973 
9.500000 	 0.052671 
9.520000 	 -0.059638 
9.540000 	 -0.135698 
9.560000 	 0.138390 
9.580000 	 0.237285 
9.600000 	 -0.159222 
9.620000 	 0.150414 
9.640000 	 0.064516 
9.660000 	 -0.029152 
9.680000 	 -0.180536 
9.700000 	 -0.067594 
9.720000 	 0.149223 
9.740000 	 -0.031944 
9.760000 	 0.192500 
9.780000 	 -0.098392 
9.800000 	 0.189762 
9.820000 	 -0.216835 
9.840000 	 0.074617 
9.860000 	 0.052869 
9.880000 	 0.031615 
9.900000 	 0.013602 
9.920000 	 -0.074298 
9.940000 	 -0.022737 
9.960000 	 0.024927 
9.980000 	 0.136690 
10.000000 	 -0.115019 
10.020000 	 0.070633 
10.040000 	 0.144569 
10.060000 	 0.034300 
10.080000 	 -0.116898 
10.100000 	 0.032086 
10.120000 	 0.113050 
10.140000 	 -0.163232 
10.160000 	 -0.049036 
10.180000 	 -0.013112 
10.200000 	 -0.024689 
10.220000 	 0.205254 
10.240000 	 -0.005972 
10.260000 	 -0.191187 
10.280000 	 -0.044970 
10.300000 	 -0.056541 
10.320000 	 -0.031349 
10.340000 	 0.158430 
10.360000 	 -0.037110 
10.380000 	 0.073767 
10.400000 	 0.158428 
10.420000 	 -0.214866 
10.440000 	 0.192945 
10.460000 	 0.119680 
10.480000 	 0.287860 
10.500000 	 0.027066 
10.520000 	 0.072003 
10.540000 	 0.111685 
10.560000 	 -0.080195 
10.580000 	 -0.185206 
10.600000 	 0.068327 
10.620000 	 -0.140507 
10.640000 	 0.384234 
10.660000 	 0.052717 
10.680000 	 -0.156815 
10.700000 	 -0.194269 
10.720000 	 0.012098 
10.740000 	 -0.004827 
10.760000 	 -0.024111 
10.780000 	 0.034141 
10.800000 	 -0.043584 
10.820000 	 -0.170752 
10.840000 	 -0.018678 
10.860000 	 0.109461 
10.880000 	 0.296989 
10.900000 	 0.011044 
10.920000 	 -0.042679 
10.940000 	 -0.112945 
10.960000 	 -0.271300 
10.980000 	 -0.206879 
11.000000 	 -0.087097 
11.020000 	 -0.045355 
11.040000 	 0.044539 
11.060000 	 -0.015636 
11.080000 	 -0.015063 
11.100000 	 0.174201 
11.120000 	 -0.181011 
11.140000 	 0.228088 
11.160000 	 0.271514 
11.180000 	 0.016450 
11.200000 	 0.014012 
11.220000 	 -0.095583 
11.240000 	 0.025141 
11.260000 	 0.146005 
11.280000 	 0.022089 
11.300000 	 -0.042618 
11.320000 	 -0.229375 
11.340000 	 -0.046035 
11.360000 	 -0.011859 
11.380000 	 -0.234905 
11.400000 	 0.064962 
11.420000 	 -0.091181 
11.440000 	 0.333009 
11.460000 	 0.097221 
11.480000 	 0.146434 
11.500000 	 -0.142475 
11.520000 	 -0.051946 
11.540000 	 0.021288 
11.560000 	 0.029503 
11.580000 	 -0.003083 
11.600000 	 0.002191 
11.620000 	 0.245400 
11.640000 	 0.166316 
11.660000 	 0.363309 
11.680000 	 -0.116298 
11.700000 	 -0.275698 
11.720000 	 -0.274709 
11.740000 	 -0.400000 
11.760000 	 -0.444379 
11.780000 	 0.044568 
11.800000 	 -0.071102 
11.820000 	 0.225614 
11.840000 	 -0.276684 
11.860000 	 -0.084942 
11.880000 	 0.218916 
11.900000 	 0.051924 
11.920000 	 0.033580 
11.940000 	 0.026165 
11.960000 	 -0.086321 
11.980000 	 -0.044514 
12.000000 	 0.222836 
12.020000 	 0.041879 
12.040000 	 0.151512 
12.060000 	 -0.312451 
12.080000 	 0.148925 
12.100000 	 0.049801 
12.120000 	 0.375724 
12.140000 	 0.060978 
12.160000 	 -0.146086 
12.180000 	 -0.271401 
12.200000 	 0.256169 
12.220000 	 -0.079554 
12.240000 	 0.007829 
12.260000 	 -0.134532 
12.280000 	 -0.229105 
12.300000 	 0.068907 
12.320000 	 0.049310 
12.340000 	 -0.038689 
12.360000 	 -0.096099 
12.380000 	 0.003118 
12.400000 	 0.167345 
12.420000 	 0.106616 
12.440000 	 0.154017 
12.460000 	 -0.281008 
12.480000 	 0.114137 
12.500000 	 0.200345 
12.520000 	 -0.084581 
12.540000 	 -0.067796 
12.560000 	 -0.226890 
12.580000 	 0.087257 
12.600000 	 0.204975 
12.620000 	 0.312059 
12.640000 	 0.007682 
12.660000 	 -0.232063 
12.680000 	 -0.299475 
12.700000 	 0.094766 
12.720000 	 0.107149 
12.740000 	 -0.064059 
12.760000 	 0.206819 
12.780000 	 0.169733 
12.800000 	 0.168096 
12.820000 	 -0.005821 
12.840000 	 -0.060446 
12.860000 	 -0.032042 
12.880000 	 0.129723 
12.900000 	 -0.032812 
12.920000 	 -0.084830 
12.940000 	 0.150702 
12.960000 	 -0.102729 
12.980000 	 -0.167977 
13.000000 	 -0.027506 
13.020000 	 0.061996 
13.040000 	 -0.041226 
13.060000 	 0.168812 
13.080000 	 -0.044434 
13.100000 	 0.070993 
13.120000 	 -0.138975 
13.140000 	 -0.020914 
13.160000 	 -0.076274 
13.180000 	 0.184818 
13.200000 	 -0.113175 
13.220000 	 -0.031770 
13.240000 	 0.105932 
13.260000 	 0.156005 
13.280000 	 -0.251272 
13.300000 	 -0.065808 
13.320000 	 0.135463 
13.340000 	 0.049449 
13.360000 	 -0.289167 
13.380000 	 0.310788 
13.400000 	 0.146154 
13.420000 	 0.242683 
13.440000 	 0.172508 
13.460000 	 -0.151388 
13.480000 	 -0.001053 
13.500000 	 0.103135 
13.520000 	 0.156451 
13.540000 	 -0.274030 
13.560000 	 0.116340 
13.580000 	 -0.271311 
13.600000 	 0.004704 
13.620000 	 0.013059 
13.640000 	 -0.178980 
13.660000 	 -0.162546 
13.680000 	 -0.227544 
13.700000 	 -0.118411 
13.720000 	 -0.062934 
13.740000 	 -0.004953 
13.760000 	 -0.019510 
13.780000 	 -0.105282 
13.800000 	 -0.099676 
13.820000 	 -0.012468 
13.840000 	 0.126908 
13.860000 	 -0.078178 
13.880000 	 -0.150631 
13.900000 	 -0.223693 
13.920000 	 -0.072361 
13.940000 	 -0.137000 
13.960000 	 -0.117463 
13.980000 	 -0.116375 
14.000000 	 -0.351650 
14.020000 	 -0.165545 
14.040000 	 0.118085 
14.060000 	 -0.035556 
14.080000 	 0.011034 
14.100000 	 -0.076826 
14.120000 	 0.068345 
14.140000 	 -0.031699 
14.160000 	 0.159462 
14.180000 	 0.278516 
14.200000 	 0.088543 
14.220000 	 0.238667 
14.240000 	 -0.159093 
14.260000 	 0.017765 
14.280000 	 -0.188518 
14.300000 	 0.245973 
14.320000 	 -0.169866 
14.340000 	 0.023097 
14.360000 	 -0.120175 
14.380000 	 0.097364 
14.400000 	 -0.035978 
14.420000 	 0.040368 
14.440000 	 -0.017275 
14.460000 	 0.104232 
14.480000 	 0.073698 
14.500000 	 0.170300 
14.520000 	 -0.299810 
14.540000 	 0.087790 
14.560000 	 0.058211 
14.580000 	 0.118169 
14.600000 	 0.232545 
14.620000 	 -0.094720 
14.640000 	 -0.152637 
14.660000 	 0.057256 
14.680000 	 0.004265 
14.700000 	 0.094343 
14.720000 	 0.078296 
14.740000 	 0.088784 
14.760000 	 0.118482 
14.780000 	 -0.239014 
14.800000 	 0.216662 
14.820000 	 0.190581 
14.840000 	 0.228502 
14.860000 	 -0.077018 
14.880000 	 -0.225030 
14.900000 	 0.169194 
14.920000 	 -0.006452 
14.940000 	 0.250942 
14.960000 	 0.170326 
14.980000 	 0.128731 
15.000000 	 0.119568 
