-15.000000 	 -0.193845 
-14.980000 	 -0.164936 
-14.960000 	 -0.220513 
-14.940000 	 -0.050282 
-14.920000 	 -0.046308 
-14.900000 	 0.118607 
-14.880000 	 0.050796 
-14.860000 	 0.104866 
-14.840000 	 -0.273365 
-14.820000 	 -0.181445 
-14.800000 	 0.028686 
-14.780000 	 -0.047777 
-14.760000 	 -0.008123 
-14.740000 	 0.215410 
-14.720000 	 0.115839 
-14.700000 	 0.297561 
-14.680000 	 0.122236 
-14.660000 	 0.020230 
-14.640000 	 -0.170457 
-14.620000 	 0.328977 
-14.600000 	 -0.061085 
-14.580000 	 0.019260 
-14.560000 	 -0.183275 
-14.540000 	 -0.090889 
-14.520000 	 0.061259 
-14.500000 	 0.074719 
-14.480000 	 0.286419 
-14.460000 	 0.019197 
-14.440000 	 0.069539 
-14.420000 	 -0.076736 
-14.400000 	 -0.041221 
-14.380000 	 -0.028202 
-14.360000 	 -0.208164 
-14.340000 	 0.120474 
-14.320000 	 -0.187546 
-14.300000 	 0.015341 
-14.280000 	 -0.155777 
-14.260000 	 -0.151405 
-14.240000 	 0.185994 
-14.220000 	 -0.275643 
-14.200000 	 -0.047583 
-14.180000 	 0.004317 
-14.160000 	 0.241575 
-14.140000 	 -0.160381 
-14.120000 	 0.008386 
-14.100000 	 0.001880 
-14.080000 	 -0.163713 
-14.060000 	 -0.084886 
-14.040000 	 -0.010710 
-14.020000 	 -0.067198 
-14.000000 	 0.161712 
-13.980000 	 0.110430 
-13.960000 	 -0.172531 
-13.940000 	 0.083701 
-13.920000 	 -0.187499 
-13.900000 	 0.212946 
-13.880000 	 -0.274499 
-13.860000 	 0.227108 
-13.840000 	 0.004029 
-13.820000 	 0.003848 
-13.800000 	 0.086530 
-13.780000 	 0.027209 
-13.760000 	 -0.116044 
-13.740000 	 0.043528 
-13.720000 	 0.025645 
-13.700000 	 -0.165900 
-13.680000 	 0.117193 
-13.660000 	 0.250753 
-13.640000 	 -0.100558 
-13.620000 	 0.150785 
-13.600000 	 -0.093149 
-13.580000 	 0.119782 
-13.560000 	 0.093285 
-13.540000 	 0.055502 
-13.520000 	 0.088381 
-13.500000 	 0.207858 
-13.480000 	 0.091754 
-13.460000 	 -0.097411 
-13.440000 	 -0.004023 
-13.420000 	 0.166891 
-13.400000 	 -0.296539 
-13.380000 	 -0.008794 
-13.360000 	 -0.110749 
-13.340000 	 0.133845 
-13.320000 	 0.033875 
-13.300000 	 -0.049935 
-13.280000 	 -0.187240 
-13.260000 	 0.244537 
-13.240000 	 -0.013499 
-13.220000 	 -0.043939 
-13.200000 	 -0.291671 
-13.180000 	 -0.003376 
-13.160000 	 0.037346 
-13.140000 	 0.101420 
-13.120000 	 -0.012686 
-13.100000 	 0.122167 
-13.080000 	 -0.078499 
-13.060000 	 0.139703 
-13.040000 	 0.067728 
-13.020000 	 -0.117839 
-13.000000 	 0.094097 
-12.980000 	 -0.047071 
-12.960000 	 0.181954 
-12.940000 	 -0.025677 
-12.920000 	 -0.236569 
-12.900000 	 -0.102204 
-12.880000 	 0.009210 
-12.860000 	 0.235598 
-12.840000 	 0.065424 
-12.820000 	 -0.151184 
-12.800000 	 0.016774 
-12.780000 	 -0.012807 
-12.760000 	 0.080398 
-12.740000 	 -0.156704 
-12.720000 	 0.053853 
-12.700000 	 -0.228234 
-12.680000 	 0.026572 
-12.660000 	 0.036420 
-12.640000 	 -0.026016 
-12.620000 	 0.040887 
-12.600000 	 0.206112 
-12.580000 	 0.146262 
-12.560000 	 -0.032477 
-12.540000 	 -0.408999 
-12.520000 	 -0.212078 
-12.500000 	 0.238708 
-12.480000 	 -0.030277 
-12.460000 	 0.125448 
-12.440000 	 -0.113674 
-12.420000 	 0.131601 
-12.400000 	 0.231818 
-12.380000 	 -0.446527 
-12.360000 	 0.063834 
-12.340000 	 0.185313 
-12.320000 	 -0.116889 
-12.300000 	 0.087374 
-12.280000 	 0.416277 
-12.260000 	 0.143718 
-12.240000 	 0.055762 
-12.220000 	 0.007006 
-12.200000 	 -0.073577 
-12.180000 	 0.050025 
-12.160000 	 -0.049732 
-12.140000 	 -0.017862 
-12.120000 	 0.416280 
-12.100000 	 0.012395 
-12.080000 	 0.103012 
-12.060000 	 0.178124 
-12.040000 	 -0.063280 
-12.020000 	 -0.070710 
-12.000000 	 0.115911 
-11.980000 	 -0.072210 
-11.960000 	 0.068332 
-11.940000 	 -0.050340 
-11.920000 	 0.098456 
-11.900000 	 -0.135263 
-11.880000 	 0.102584 
-11.860000 	 -0.022167 
-11.840000 	 0.248597 
-11.820000 	 -0.118116 
-11.800000 	 -0.130096 
-11.780000 	 -0.208181 
-11.760000 	 0.064721 
-11.740000 	 0.063043 
-11.720000 	 -0.117849 
-11.700000 	 -0.150150 
-11.680000 	 0.182181 
-11.660000 	 0.090741 
-11.640000 	 0.136785 
-11.620000 	 0.126670 
-11.600000 	 0.086343 
-11.580000 	 -0.238250 
-11.560000 	 -0.124642 
-11.540000 	 0.013470 
-11.520000 	 -0.118773 
-11.500000 	 -0.153295 
-11.480000 	 0.236698 
-11.460000 	 -0.205834 
-11.440000 	 0.076221 
-11.420000 	 -0.160999 
-11.400000 	 0.022827 
-11.380000 	 0.194909 
-11.360000 	 -0.057250 
-11.340000 	 -0.129095 
-11.320000 	 0.184582 
-11.300000 	 0.256441 
-11.280000 	 -0.031598 
-11.260000 	 -0.009386 
-11.240000 	 -0.198506 
-11.220000 	 0.037807 
-11.200000 	 0.037451 
-11.180000 	 0.102253 
-11.160000 	 0.071959 
-11.140000 	 0.066708 
-11.120000 	 -0.021720 
-11.100000 	 0.130019 
-11.080000 	 0.104171 
-11.060000 	 0.093174 
-11.040000 	 0.090850 
-11.020000 	 -0.188316 
-11.000000 	 0.180025 
-10.980000 	 0.055872 
-10.960000 	 -0.048010 
-10.940000 	 -0.067449 
-10.920000 	 -0.033830 
-10.900000 	 -0.016136 
-10.880000 	 0.010425 
-10.860000 	 0.153511 
-10.840000 	 -0.090481 
-10.820000 	 -0.073360 
-10.800000 	 0.041437 
-10.780000 	 -0.038866 
-10.760000 	 -0.062390 
-10.740000 	 0.069495 
-10.720000 	 0.124091 
-10.700000 	 -0.043709 
-10.680000 	 0.228474 
-10.660000 	 -0.086939 
-10.640000 	 0.121224 
-10.620000 	 -0.308006 
-10.600000 	 0.103411 
-10.580000 	 0.154092 
-10.560000 	 -0.017272 
-10.540000 	 -0.098997 
-10.520000 	 -0.073649 
-10.500000 	 -0.171133 
-10.480000 	 0.275046 
-10.460000 	 -0.204806 
-10.440000 	 -0.113725 
-10.420000 	 0.006647 
-10.400000 	 -0.080325 
-10.380000 	 0.157825 
-10.360000 	 0.107951 
-10.340000 	 0.084104 
-10.320000 	 0.077567 
-10.300000 	 -0.187032 
-10.280000 	 0.061965 
-10.260000 	 0.002172 
-10.240000 	 0.026852 
-10.220000 	 -0.138690 
-10.200000 	 -0.089279 
-10.180000 	 -0.026046 
-10.160000 	 0.090681 
-10.140000 	 0.019318 
-10.120000 	 -0.175169 
-10.100000 	 0.292883 
-10.080000 	 0.029321 
-10.060000 	 -0.043150 
-10.040000 	 0.134729 
-10.020000 	 0.014359 
-10.000000 	 0.034331 
-9.980000 	 0.163196 
-9.960000 	 0.117607 
-9.940000 	 0.046000 
-9.920000 	 0.104915 
-9.900000 	 -0.061020 
-9.880000 	 0.112276 
-9.860000 	 -0.067444 
-9.840000 	 0.225845 
-9.820000 	 0.004468 
-9.800000 	 -0.034522 
-9.780000 	 0.219848 
-9.760000 	 0.170881 
-9.740000 	 0.211532 
-9.720000 	 0.007446 
-9.700000 	 -0.068954 
-9.680000 	 -0.086156 
-9.660000 	 0.106604 
-9.640000 	 -0.014948 
-9.620000 	 0.015961 
-9.600000 	 -0.051912 
-9.580000 	 0.033195 
-9.560000 	 0.055650 
-9.540000 	 0.047284 
-9.520000 	 0.314497 
-9.500000 	 -0.253341 
-9.480000 	 -0.110914 
-9.460000 	 -0.156724 
-9.440000 	 0.025074 
-9.420000 	 -0.380045 
-9.400000 	 0.009991 
-9.380000 	 -0.103236 
-9.360000 	 0.247370 
-9.340000 	 -0.105622 
-9.320000 	 0.015737 
-9.300000 	 0.113522 
-9.280000 	 0.072879 
-9.260000 	 -0.110122 
-9.240000 	 0.059125 
-9.220000 	 -0.199009 
-9.200000 	 -0.011093 
-9.180000 	 0.183855 
-9.160000 	 -0.062144 
-9.140000 	 -0.024627 
-9.120000 	 -0.257134 
-9.100000 	 0.019143 
-9.080000 	 -0.218245 
-9.060000 	 0.120993 
-9.040000 	 0.102320 
-9.020000 	 -0.411814 
-9.000000 	 0.129134 
-8.980000 	 0.018085 
-8.960000 	 -0.016932 
-8.940000 	 -0.207084 
-8.920000 	 0.234280 
-8.900000 	 0.369503 
-8.880000 	 -0.000928 
-8.860000 	 0.058326 
-8.840000 	 -0.082911 
-8.820000 	 0.075284 
-8.800000 	 0.078576 
-8.780000 	 -0.174330 
-8.760000 	 0.192084 
-8.740000 	 0.220113 
-8.720000 	 -0.073889 
-8.700000 	 -0.126156 
-8.680000 	 0.125387 
-8.660000 	 -0.096810 
-8.640000 	 -0.044581 
-8.620000 	 -0.127125 
-8.600000 	 -0.324731 
-8.580000 	 -0.000895 
-8.560000 	 -0.149346 
-8.540000 	 -0.001846 
-8.520000 	 0.076256 
-8.500000 	 -0.125094 
-8.480000 	 0.027499 
-8.460000 	 0.225368 
-8.440000 	 0.071984 
-8.420000 	 0.015463 
-8.400000 	 -0.080662 
-8.380000 	 0.012193 
-8.360000 	 0.063005 
-8.340000 	 -0.456577 
-8.320000 	 0.028520 
-8.300000 	 0.079941 
-8.280000 	 0.152523 
-8.260000 	 0.135674 
-8.240000 	 0.013585 
-8.220000 	 0.090221 
-8.200000 	 -0.083184 
-8.180000 	 0.203264 
-8.160000 	 0.067590 
-8.140000 	 0.133710 
-8.120000 	 -0.126075 
-8.100000 	 -0.179237 
-8.080000 	 0.093954 
-8.060000 	 -0.236513 
-8.040000 	 0.087999 
-8.020000 	 -0.119548 
-8.000000 	 0.038811 
-7.980000 	 0.134877 
-7.960000 	 0.138789 
-7.940000 	 -0.053123 
-7.920000 	 0.192278 
-7.900000 	 0.000911 
-7.880000 	 -0.069320 
-7.860000 	 0.102476 
-7.840000 	 -0.013386 
-7.820000 	 0.152411 
-7.800000 	 0.285105 
-7.780000 	 -0.240604 
-7.760000 	 -0.044667 
-7.740000 	 -0.137150 
-7.720000 	 -0.117759 
-7.700000 	 0.090055 
-7.680000 	 0.006353 
-7.660000 	 0.079932 
-7.640000 	 0.146639 
-7.620000 	 -0.043538 
-7.600000 	 -0.131240 
-7.580000 	 -0.327140 
-7.560000 	 0.321163 
-7.540000 	 0.063161 
-7.520000 	 0.194918 
-7.500000 	 -0.151232 
-7.480000 	 0.036956 
-7.460000 	 0.100884 
-7.440000 	 -0.106091 
-7.420000 	 -0.257570 
-7.400000 	 0.089970 
-7.380000 	 0.071956 
-7.360000 	 0.197249 
-7.340000 	 0.120639 
-7.320000 	 0.145450 
-7.300000 	 -0.055311 
-7.280000 	 0.043603 
-7.260000 	 -0.032196 
-7.240000 	 -0.124683 
-7.220000 	 -0.065155 
-7.200000 	 -0.122922 
-7.180000 	 0.156445 
-7.160000 	 0.079623 
-7.140000 	 0.093495 
-7.120000 	 0.295585 
-7.100000 	 0.098248 
-7.080000 	 0.117099 
-7.060000 	 -0.035258 
-7.040000 	 0.029338 
-7.020000 	 -0.006909 
-7.000000 	 0.022964 
-6.980000 	 -0.179525 
-6.960000 	 0.008343 
-6.940000 	 0.128370 
-6.920000 	 -0.060239 
-6.900000 	 0.042569 
-6.880000 	 0.002496 
-6.860000 	 -0.052073 
-6.840000 	 0.157412 
-6.820000 	 0.057951 
-6.800000 	 0.135732 
-6.780000 	 0.137177 
-6.760000 	 -0.003087 
-6.740000 	 0.248163 
-6.720000 	 0.179082 
-6.700000 	 -0.194045 
-6.680000 	 -0.116007 
-6.660000 	 0.066029 
-6.640000 	 -0.242089 
-6.620000 	 -0.098700 
-6.600000 	 0.015667 
-6.580000 	 0.294761 
-6.560000 	 0.109506 
-6.540000 	 0.035812 
-6.520000 	 0.113084 
-6.500000 	 0.018660 
-6.480000 	 -0.053071 
-6.460000 	 -0.019122 
-6.440000 	 0.116841 
-6.420000 	 0.196766 
-6.400000 	 0.041189 
-6.380000 	 0.266320 
-6.360000 	 0.154106 
-6.340000 	 0.055199 
-6.320000 	 0.140596 
-6.300000 	 0.088520 
-6.280000 	 0.144889 
-6.260000 	 0.232832 
-6.240000 	 -0.137428 
-6.220000 	 0.128078 
-6.200000 	 0.164451 
-6.180000 	 0.391736 
-6.160000 	 0.177930 
-6.140000 	 0.075284 
-6.120000 	 0.154963 
-6.100000 	 0.097806 
-6.080000 	 0.117899 
-6.060000 	 0.161964 
-6.040000 	 0.105133 
-6.020000 	 0.296463 
-6.000000 	 0.400424 
-5.980000 	 -0.227845 
-5.960000 	 0.316606 
-5.940000 	 0.055886 
-5.920000 	 0.242240 
-5.900000 	 0.367371 
-5.880000 	 0.161253 
-5.860000 	 0.446031 
-5.840000 	 0.278172 
-5.820000 	 0.245585 
-5.800000 	 0.494860 
-5.780000 	 0.603148 
-5.760000 	 0.461326 
-5.740000 	 0.243525 
-5.720000 	 0.105034 
-5.700000 	 0.326764 
-5.680000 	 0.314628 
-5.660000 	 0.484997 
-5.640000 	 0.340726 
-5.620000 	 0.326844 
-5.600000 	 0.030001 
-5.580000 	 0.343084 
-5.560000 	 0.294335 
-5.540000 	 0.190954 
-5.520000 	 0.269048 
-5.500000 	 0.048651 
-5.480000 	 0.283816 
-5.460000 	 0.303961 
-5.440000 	 0.101467 
-5.420000 	 0.196858 
-5.400000 	 0.246709 
-5.380000 	 0.323904 
-5.360000 	 0.535659 
-5.340000 	 0.475363 
-5.320000 	 0.417266 
-5.300000 	 0.387378 
-5.280000 	 0.250872 
-5.260000 	 0.503879 
-5.240000 	 0.289225 
-5.220000 	 0.490018 
-5.200000 	 0.574199 
-5.180000 	 0.366795 
-5.160000 	 0.437173 
-5.140000 	 0.605011 
-5.120000 	 0.473538 
-5.100000 	 0.435899 
-5.080000 	 0.259629 
-5.060000 	 0.239373 
-5.040000 	 0.523088 
-5.020000 	 0.349101 
-5.000000 	 0.550513 
-4.980000 	 0.466798 
-4.960000 	 0.497070 
-4.940000 	 0.239108 
-4.920000 	 0.587935 
-4.900000 	 0.148410 
-4.880000 	 0.290331 
-4.860000 	 0.391376 
-4.840000 	 0.505614 
-4.820000 	 0.538065 
-4.800000 	 0.417776 
-4.780000 	 0.374450 
-4.760000 	 0.577815 
-4.740000 	 0.415538 
-4.720000 	 0.684140 
-4.700000 	 0.592176 
-4.680000 	 0.345293 
-4.660000 	 0.353854 
-4.640000 	 0.596878 
-4.620000 	 0.621751 
-4.600000 	 0.323802 
-4.580000 	 0.563117 
-4.560000 	 0.330780 
-4.540000 	 0.589352 
-4.520000 	 0.645870 
-4.500000 	 0.673235 
-4.480000 	 0.823095 
-4.460000 	 0.441090 
-4.440000 	 0.412713 
-4.420000 	 0.696055 
-4.400000 	 0.314585 
-4.380000 	 0.464604 
-4.360000 	 0.532673 
-4.340000 	 0.313601 
-4.320000 	 0.554245 
-4.300000 	 0.587312 
-4.280000 	 0.566358 
-4.260000 	 0.659377 
-4.240000 	 0.413114 
-4.220000 	 0.922044 
-4.200000 	 0.568965 
-4.180000 	 0.488858 
-4.160000 	 0.572586 
-4.140000 	 0.788913 
-4.120000 	 0.417491 
-4.100000 	 0.332128 
-4.080000 	 0.983801 
-4.060000 	 0.587901 
-4.040000 	 0.435827 
-4.020000 	 0.474680 
-4.000000 	 0.394545 
-3.980000 	 0.634518 
-3.960000 	 0.455743 
-3.940000 	 0.459925 
-3.920000 	 0.289198 
-3.900000 	 0.220219 
-3.880000 	 0.299684 
-3.860000 	 0.440282 
-3.840000 	 0.384097 
-3.820000 	 0.559930 
-3.800000 	 0.418152 
-3.780000 	 0.302982 
-3.760000 	 0.279456 
-3.740000 	 0.292289 
-3.720000 	 0.396109 
-3.700000 	 0.569209 
-3.680000 	 0.336720 
-3.660000 	 0.963201 
-3.640000 	 0.444946 
-3.620000 	 0.492416 
-3.600000 	 0.506247 
-3.580000 	 0.504046 
-3.560000 	 0.365011 
-3.540000 	 0.437693 
-3.520000 	 0.495784 
-3.500000 	 0.567488 
-3.480000 	 0.302639 
-3.460000 	 0.563054 
-3.440000 	 0.347160 
-3.420000 	 0.595811 
-3.400000 	 0.660077 
-3.380000 	 0.406159 
-3.360000 	 0.845346 
-3.340000 	 0.498967 
-3.320000 	 0.298338 
-3.300000 	 0.582671 
-3.280000 	 0.525209 
-3.260000 	 -0.109313 
-3.240000 	 0.443863 
-3.220000 	 0.571027 
-3.200000 	 0.486398 
-3.180000 	 0.368547 
-3.160000 	 0.106243 
-3.140000 	 0.413622 
-3.120000 	 0.377356 
-3.100000 	 0.660027 
-3.080000 	 0.514181 
-3.060000 	 0.466891 
-3.040000 	 0.134002 
-3.020000 	 0.344318 
-3.000000 	 0.325152 
-2.980000 	 0.159791 
-2.960000 	 0.287361 
-2.940000 	 0.133577 
-2.920000 	 0.386998 
-2.900000 	 0.339565 
-2.880000 	 0.396222 
-2.860000 	 0.265704 
-2.840000 	 0.501505 
-2.820000 	 -0.006435 
-2.800000 	 0.460521 
-2.780000 	 0.240779 
-2.760000 	 0.310687 
-2.740000 	 0.483820 
-2.720000 	 0.390360 
-2.700000 	 0.276339 
-2.680000 	 0.720586 
-2.660000 	 0.324561 
-2.640000 	 0.500344 
-2.620000 	 0.326337 
-2.600000 	 0.533756 
-2.580000 	 0.313070 
-2.560000 	 0.173804 
-2.540000 	 0.511280 
-2.520000 	 0.304052 
-2.500000 	 0.286442 
-2.480000 	 0.299353 
-2.460000 	 0.204920 
-2.440000 	 0.398939 
-2.420000 	 0.454491 
-2.400000 	 0.320758 
-2.380000 	 0.423690 
-2.360000 	 0.251254 
-2.340000 	 0.401536 
-2.320000 	 0.159857 
-2.300000 	 -0.059586 
-2.280000 	 0.274666 
-2.260000 	 0.246229 
-2.240000 	 0.359156 
-2.220000 	 0.246497 
-2.200000 	 0.426656 
-2.180000 	 0.241055 
-2.160000 	 0.468569 
-2.140000 	 0.335496 
-2.120000 	 0.134578 
-2.100000 	 0.435182 
-2.080000 	 0.252370 
-2.060000 	 0.313647 
-2.040000 	 0.288394 
-2.020000 	 0.231324 
-2.000000 	 0.367129 
-1.980000 	 0.333095 
-1.960000 	 0.192787 
-1.940000 	 0.126536 
-1.920000 	 -0.120977 
-1.900000 	 0.248104 
-1.880000 	 0.075708 
-1.860000 	 0.119795 
-1.840000 	 0.103058 
-1.820000 	 0.358777 
-1.800000 	 0.243418 
-1.780000 	 -0.077445 
-1.760000 	 -0.028006 
-1.740000 	 0.345845 
-1.720000 	 0.122863 
-1.700000 	 0.116854 
-1.680000 	 0.225751 
-1.660000 	 -0.037897 
-1.640000 	 0.263590 
-1.620000 	 0.233458 
-1.600000 	 0.280328 
-1.580000 	 0.094974 
-1.560000 	 0.181123 
-1.540000 	 0.403023 
-1.520000 	 0.250204 
-1.500000 	 0.210284 
-1.480000 	 0.349460 
-1.460000 	 0.065413 
-1.440000 	 0.275686 
-1.420000 	 0.409790 
-1.400000 	 0.307966 
-1.380000 	 -0.233295 
-1.360000 	 0.353443 
-1.340000 	 0.205510 
-1.320000 	 0.307008 
-1.300000 	 0.064478 
-1.280000 	 0.384954 
-1.260000 	 0.309424 
-1.240000 	 0.205962 
-1.220000 	 0.185851 
-1.200000 	 0.080925 
-1.180000 	 0.030831 
-1.160000 	 0.216204 
-1.140000 	 0.307992 
-1.120000 	 0.288783 
-1.100000 	 0.210994 
-1.080000 	 0.220163 
-1.060000 	 0.284562 
-1.040000 	 0.105771 
-1.020000 	 0.039274 
-1.000000 	 0.286993 
-0.980000 	 0.000978 
-0.960000 	 0.213941 
-0.940000 	 0.098833 
-0.920000 	 0.222416 
-0.900000 	 0.118145 
-0.880000 	 0.221804 
-0.860000 	 0.115717 
-0.840000 	 -0.077998 
-0.820000 	 0.099638 
-0.800000 	 0.118869 
-0.780000 	 0.159481 
-0.760000 	 0.025335 
-0.740000 	 -0.101929 
-0.720000 	 -0.034875 
-0.700000 	 0.159916 
-0.680000 	 0.333234 
-0.660000 	 0.130367 
-0.640000 	 0.032402 
-0.620000 	 0.248509 
-0.600000 	 0.064624 
-0.580000 	 -0.000907 
-0.560000 	 0.235112 
-0.540000 	 -0.131891 
-0.520000 	 0.336614 
-0.500000 	 0.189572 
-0.480000 	 0.395012 
-0.460000 	 0.216685 
-0.440000 	 -0.078744 
-0.420000 	 0.192820 
-0.400000 	 0.491414 
-0.380000 	 0.110931 
-0.360000 	 0.164093 
-0.340000 	 0.280450 
-0.320000 	 0.191281 
-0.300000 	 0.406661 
-0.280000 	 0.040494 
-0.260000 	 0.163900 
-0.240000 	 0.353905 
-0.220000 	 0.065400 
-0.200000 	 0.369898 
-0.180000 	 0.150180 
-0.160000 	 0.228403 
-0.140000 	 0.401960 
-0.120000 	 0.365750 
-0.100000 	 0.282953 
-0.080000 	 0.166816 
-0.060000 	 -0.022547 
-0.040000 	 0.386069 
-0.020000 	 0.218451 
0.000000 	 0.053294 
0.020000 	 0.225381 
0.040000 	 0.519801 
0.060000 	 0.100252 
0.080000 	 -0.141002 
0.100000 	 0.328347 
0.120000 	 0.228080 
0.140000 	 0.027274 
0.160000 	 0.522094 
0.180000 	 0.169509 
0.200000 	 0.283599 
0.220000 	 0.223841 
0.240000 	 0.482205 
0.260000 	 0.088347 
0.280000 	 0.022546 
0.300000 	 0.068910 
0.320000 	 0.276279 
0.340000 	 0.346830 
0.360000 	 0.405119 
0.380000 	 0.299722 
0.400000 	 0.336466 
0.420000 	 0.016957 
0.440000 	 0.192190 
0.460000 	 0.240757 
0.480000 	 0.343933 
0.500000 	 0.475595 
0.520000 	 0.345618 
0.540000 	 0.582713 
0.560000 	 0.406246 
0.580000 	 0.103143 
0.600000 	 0.300000 
0.620000 	 0.284440 
0.640000 	 0.389327 
0.660000 	 0.469503 
0.680000 	 0.399884 
0.700000 	 0.314553 
0.720000 	 0.533445 
0.740000 	 0.458497 
0.760000 	 0.465207 
0.780000 	 0.448839 
0.800000 	 0.174998 
0.820000 	 0.241104 
0.840000 	 0.183421 
0.860000 	 0.695566 
0.880000 	 0.391374 
0.900000 	 0.487541 
0.920000 	 0.550018 
0.940000 	 0.429599 
0.960000 	 0.622815 
0.980000 	 0.373191 
1.000000 	 0.486990 
1.020000 	 0.646086 
1.040000 	 0.744930 
1.060000 	 0.546160 
1.080000 	 0.551137 
1.100000 	 0.757501 
1.120000 	 0.594310 
1.140000 	 0.744603 
1.160000 	 0.568821 
1.180000 	 0.459737 
1.200000 	 0.293652 
1.220000 	 0.617363 
1.240000 	 0.463071 
1.260000 	 0.580974 
1.280000 	 0.468412 
1.300000 	 0.705956 
1.320000 	 0.643225 
1.340000 	 0.740298 
1.360000 	 0.522100 
1.380000 	 0.977610 
1.400000 	 0.456634 
1.420000 	 0.434342 
1.440000 	 0.528690 
1.460000 	 0.691529 
1.480000 	 0.481517 
1.500000 	 0.752612 
1.520000 	 0.841155 
1.540000 	 0.848790 
1.560000 	 0.830857 
1.580000 	 0.645653 
1.600000 	 0.535910 
1.620000 	 0.670635 
1.640000 	 0.988068 
1.660000 	 0.444545 
1.680000 	 0.921177 
1.700000 	 0.838606 
1.720000 	 0.928593 
1.740000 	 0.815777 
1.760000 	 0.757490 
1.780000 	 0.719613 
1.800000 	 1.115264 
1.820000 	 1.022509 
1.840000 	 0.929440 
1.860000 	 0.878055 
1.880000 	 0.710418 
1.900000 	 1.066269 
1.920000 	 1.055355 
1.940000 	 1.122103 
1.960000 	 0.773282 
1.980000 	 1.088932 
2.000000 	 0.901341 
2.020000 	 0.887624 
2.040000 	 1.013564 
2.060000 	 1.063332 
2.080000 	 0.973703 
2.100000 	 1.045166 
2.120000 	 1.057904 
2.140000 	 1.066859 
2.160000 	 1.063493 
2.180000 	 0.920592 
2.200000 	 1.008517 
2.220000 	 1.130166 
2.240000 	 0.903401 
2.260000 	 1.313768 
2.280000 	 1.266466 
2.300000 	 0.957908 
2.320000 	 1.326288 
2.340000 	 0.922125 
2.360000 	 1.090895 
2.380000 	 1.270209 
2.400000 	 1.273900 
2.420000 	 1.301123 
2.440000 	 1.325037 
2.460000 	 1.363168 
2.480000 	 1.157303 
2.500000 	 1.166069 
2.520000 	 1.230928 
2.540000 	 1.325030 
2.560000 	 1.256484 
2.580000 	 1.256567 
2.600000 	 1.274168 
2.620000 	 1.330127 
2.640000 	 1.305578 
2.660000 	 1.058960 
2.680000 	 1.572134 
2.700000 	 1.277906 
2.720000 	 1.492386 
2.740000 	 1.246569 
2.760000 	 1.452937 
2.780000 	 1.316138 
2.800000 	 1.532326 
2.820000 	 1.404840 
2.840000 	 1.353024 
2.860000 	 1.601177 
2.880000 	 1.215160 
2.900000 	 1.010082 
2.920000 	 1.314453 
2.940000 	 1.536073 
2.960000 	 1.482258 
2.980000 	 1.334526 
3.000000 	 1.399291 
3.020000 	 1.375873 
3.040000 	 1.624803 
3.060000 	 1.411906 
3.080000 	 1.736190 
3.100000 	 1.374605 
3.120000 	 1.566280 
3.140000 	 1.489282 
3.160000 	 1.281091 
3.180000 	 1.380303 
3.200000 	 1.226433 
3.220000 	 1.350192 
3.240000 	 1.449457 
3.260000 	 1.180232 
3.280000 	 1.319619 
3.300000 	 1.570302 
3.320000 	 1.457624 
3.340000 	 1.783426 
3.360000 	 1.455227 
3.380000 	 1.577479 
3.400000 	 1.620153 
3.420000 	 1.352100 
3.440000 	 1.643161 
3.460000 	 1.622744 
3.480000 	 1.406047 
3.500000 	 1.746607 
3.520000 	 1.813723 
3.540000 	 1.771736 
3.560000 	 1.624768 
3.580000 	 1.629872 
3.600000 	 1.261679 
3.620000 	 1.587326 
3.640000 	 1.583845 
3.660000 	 1.596862 
3.680000 	 1.555682 
3.700000 	 1.138129 
3.720000 	 1.451736 
3.740000 	 1.374748 
3.760000 	 1.473002 
3.780000 	 1.710074 
3.800000 	 1.359822 
3.820000 	 1.685984 
3.840000 	 1.456894 
3.860000 	 1.740814 
3.880000 	 1.555932 
3.900000 	 1.481386 
3.920000 	 1.628530 
3.940000 	 1.765528 
3.960000 	 1.950458 
3.980000 	 1.711152 
4.000000 	 1.912477 
4.020000 	 1.545176 
4.040000 	 1.486210 
4.060000 	 1.376423 
4.080000 	 1.780139 
4.100000 	 1.708859 
4.120000 	 1.372048 
4.140000 	 1.675111 
4.160000 	 1.511522 
4.180000 	 1.684765 
4.200000 	 1.459156 
4.220000 	 1.448129 
4.240000 	 1.391338 
4.260000 	 1.639828 
4.280000 	 1.634192 
4.300000 	 1.616480 
4.320000 	 1.675657 
4.340000 	 1.688513 
4.360000 	 1.627888 
4.380000 	 1.480215 
4.400000 	 1.386016 
4.420000 	 1.713970 
4.440000 	 1.517878 
4.460000 	 1.418233 
4.480000 	 1.496705 
4.500000 	 1.748606 
4.520000 	 1.519141 
4.540000 	 1.497506 
4.560000 	 1.524797 
4.580000 	 1.667528 
4.600000 	 1.600511 
4.620000 	 1.454345 
4.640000 	 1.780424 
4.660000 	 1.447798 
4.680000 	 1.527084 
4.700000 	 1.718311 
4.720000 	 1.573071 
4.740000 	 1.356778 
4.760000 	 1.431698 
4.780000 	 1.713549 
4.800000 	 1.587197 
4.820000 	 1.366888 
4.840000 	 1.581132 
4.860000 	 1.699191 
4.880000 	 1.660203 
4.900000 	 1.496842 
4.920000 	 1.663768 
4.940000 	 1.585604 
4.960000 	 1.574451 
4.980000 	 1.196591 
5.000000 	 1.389235 
5.020000 	 1.415169 
5.040000 	 1.232631 
5.060000 	 1.359893 
5.080000 	 1.535818 
5.100000 	 1.042856 
5.120000 	 1.284002 
5.140000 	 1.056694 
5.160000 	 1.328898 
5.180000 	 0.951441 
5.200000 	 1.424289 
5.220000 	 1.339786 
5.240000 	 1.266705 
5.260000 	 1.036718 
5.280000 	 1.253952 
5.300000 	 1.380463 
5.320000 	 1.398937 
5.340000 	 1.418938 
5.360000 	 1.289723 
5.380000 	 1.367283 
5.400000 	 1.525853 
5.420000 	 1.595542 
5.440000 	 0.962760 
5.460000 	 1.404591 
5.480000 	 1.167471 
5.500000 	 1.223070 
5.520000 	 1.043875 
5.540000 	 1.146064 
5.560000 	 0.956766 
5.580000 	 0.972936 
5.600000 	 1.048487 
5.620000 	 1.117137 
5.640000 	 1.140943 
5.660000 	 1.207987 
5.680000 	 1.360176 
5.700000 	 1.019955 
5.720000 	 1.233754 
5.740000 	 1.038368 
5.760000 	 0.910778 
5.780000 	 0.845466 
5.800000 	 0.783231 
5.820000 	 1.233635 
5.840000 	 1.156223 
5.860000 	 1.093023 
5.880000 	 0.829121 
5.900000 	 0.963902 
5.920000 	 0.954379 
5.940000 	 0.835201 
5.960000 	 0.868553 
5.980000 	 0.967193 
6.000000 	 0.900413 
6.020000 	 0.905317 
6.040000 	 1.186635 
6.060000 	 0.756193 
6.080000 	 0.806137 
6.100000 	 0.848270 
6.120000 	 0.910810 
6.140000 	 0.658226 
6.160000 	 0.856238 
6.180000 	 0.786893 
6.200000 	 0.750650 
6.220000 	 0.641463 
6.240000 	 0.784933 
6.260000 	 0.810554 
6.280000 	 1.153137 
6.300000 	 0.908770 
6.320000 	 0.920079 
6.340000 	 0.630510 
6.360000 	 0.576475 
6.380000 	 0.949218 
6.400000 	 0.704124 
6.420000 	 0.747174 
6.440000 	 0.786793 
6.460000 	 0.970956 
6.480000 	 0.772520 
6.500000 	 0.506845 
6.520000 	 0.833321 
6.540000 	 0.817241 
6.560000 	 0.628221 
6.580000 	 0.507480 
6.600000 	 0.506068 
6.620000 	 0.677456 
6.640000 	 0.418591 
6.660000 	 0.697307 
6.680000 	 0.686754 
6.700000 	 0.783231 
6.720000 	 0.640915 
6.740000 	 0.793677 
6.760000 	 0.637273 
6.780000 	 0.614766 
6.800000 	 0.884952 
6.820000 	 0.631732 
6.840000 	 0.300662 
6.860000 	 0.447002 
6.880000 	 0.525662 
6.900000 	 0.399655 
6.920000 	 0.481905 
6.940000 	 0.286424 
6.960000 	 0.326030 
6.980000 	 0.430108 
7.000000 	 0.553603 
7.020000 	 0.587888 
7.040000 	 0.487168 
7.060000 	 0.232943 
7.080000 	 0.207104 
7.100000 	 0.546513 
7.120000 	 0.530829 
7.140000 	 0.393919 
7.160000 	 0.518284 
7.180000 	 0.609342 
7.200000 	 0.249128 
7.220000 	 0.739514 
7.240000 	 0.400815 
7.260000 	 0.173114 
7.280000 	 0.286870 
7.300000 	 0.295354 
7.320000 	 0.329963 
7.340000 	 0.500729 
7.360000 	 0.419232 
7.380000 	 0.286424 
7.400000 	 0.383852 
7.420000 	 0.455528 
7.440000 	 0.178926 
7.460000 	 0.537186 
7.480000 	 0.376281 
7.500000 	 0.257345 
7.520000 	 0.387806 
7.540000 	 0.277291 
7.560000 	 0.253149 
7.580000 	 0.365232 
7.600000 	 0.272503 
7.620000 	 0.510052 
7.640000 	 0.273339 
7.660000 	 0.131081 
7.680000 	 0.438371 
7.700000 	 0.106226 
7.720000 	 0.288892 
7.740000 	 0.429499 
7.760000 	 0.193235 
7.780000 	 0.160699 
7.800000 	 0.000000 
7.820000 	 0.117354 
7.840000 	 0.476028 
7.860000 	 0.246448 
7.880000 	 0.286339 
7.900000 	 0.250274 
7.920000 	 0.299897 
7.940000 	 0.238516 
7.960000 	 0.252905 
7.980000 	 0.165085 
8.000000 	 0.247435 
8.020000 	 0.328162 
8.040000 	 -0.109979 
8.060000 	 0.126449 
8.080000 	 0.441454 
8.100000 	 0.387442 
8.120000 	 0.249544 
8.140000 	 0.356523 
8.160000 	 0.100027 
8.180000 	 0.260178 
8.200000 	 0.257326 
8.220000 	 -0.078814 
8.240000 	 -0.090781 
8.260000 	 0.150978 
8.280000 	 0.175467 
8.300000 	 0.033845 
8.320000 	 0.048919 
8.340000 	 0.214649 
8.360000 	 0.348353 
8.380000 	 0.102310 
8.400000 	 0.115055 
8.420000 	 -0.003982 
8.440000 	 -0.187455 
8.460000 	 0.012665 
8.480000 	 0.052715 
8.500000 	 0.112884 
8.520000 	 0.052161 
8.540000 	 0.287144 
8.560000 	 0.068252 
8.580000 	 0.377056 
8.600000 	 0.321995 
8.620000 	 -0.126587 
8.640000 	 0.119663 
8.660000 	 0.167345 
8.680000 	 0.289541 
8.700000 	 0.210376 
8.720000 	 -0.005621 
8.740000 	 0.156554 
8.760000 	 -0.098067 
8.780000 	 0.058397 
8.800000 	 -0.245414 
8.820000 	 0.369519 
8.840000 	 0.152037 
8.860000 	 0.050651 
8.880000 	 0.167758 
8.900000 	 0.141759 
8.920000 	 0.296185 
8.940000 	 -0.016859 
8.960000 	 -0.034004 
8.980000 	 0.247088 
9.000000 	 0.119241 
9.020000 	 -0.003947 
9.040000 	 0.194394 
9.060000 	 -0.024597 
9.080000 	 -0.104840 
9.100000 	 0.062362 
9.120000 	 -0.066295 
9.140000 	 0.251634 
9.160000 	 0.035575 
9.180000 	 -0.102815 
9.200000 	 0.002375 
9.220000 	 -0.197847 
9.240000 	 -0.053644 
9.260000 	 -0.184924 
9.280000 	 0.204303 
9.300000 	 0.205795 
9.320000 	 -0.023009 
9.340000 	 -0.041132 
9.360000 	 0.076500 
9.380000 	 0.007072 
9.400000 	 -0.157604 
9.420000 	 0.056785 
9.440000 	 -0.005181 
9.460000 	 0.045669 
9.480000 	 0.238965 
9.500000 	 0.089898 
9.520000 	 -0.044804 
9.540000 	 -0.014551 
9.560000 	 0.019026 
9.580000 	 -0.081626 
9.600000 	 0.192303 
9.620000 	 -0.130483 
9.640000 	 0.051580 
9.660000 	 0.118314 
9.680000 	 0.021592 
9.700000 	 -0.026524 
9.720000 	 0.244342 
9.740000 	 0.083365 
9.760000 	 -0.003680 
9.780000 	 0.234231 
9.800000 	 -0.053260 
9.820000 	 0.055034 
9.840000 	 -0.168105 
9.860000 	 0.273708 
9.880000 	 -0.288903 
9.900000 	 -0.005621 
9.920000 	 -0.051514 
9.940000 	 0.061216 
9.960000 	 0.006102 
9.980000 	 0.118060 
10.000000 	 -0.301910 
10.020000 	 0.144498 
10.040000 	 -0.056760 
10.060000 	 -0.129381 
10.080000 	 0.045186 
10.100000 	 -0.264617 
10.120000 	 -0.002411 
10.140000 	 0.072424 
10.160000 	 0.025262 
10.180000 	 0.107813 
10.200000 	 -0.239008 
10.220000 	 -0.167429 
10.240000 	 -0.000550 
10.260000 	 -0.264002 
10.280000 	 -0.074760 
10.300000 	 0.041269 
10.320000 	 0.004553 
10.340000 	 -0.103948 
10.360000 	 -0.022668 
10.380000 	 0.022240 
10.400000 	 0.261562 
10.420000 	 -0.231195 
10.440000 	 0.137405 
10.460000 	 0.052660 
10.480000 	 0.060652 
10.500000 	 0.306271 
10.520000 	 0.085840 
10.540000 	 0.042647 
10.560000 	 0.240065 
10.580000 	 0.003798 
10.600000 	 -0.047409 
10.620000 	 0.076760 
10.640000 	 -0.041467 
10.660000 	 -0.119509 
10.680000 	 0.121285 
10.700000 	 0.000974 
10.720000 	 0.295804 
10.740000 	 0.002269 
10.760000 	 -0.371106 
10.780000 	 0.166138 
10.800000 	 -0.160850 
10.820000 	 -0.075303 
10.840000 	 0.194718 
10.860000 	 -0.120074 
10.880000 	 0.004255 
10.900000 	 -0.263221 
10.920000 	 -0.097145 
10.940000 	 -0.003827 
10.960000 	 -0.053092 
10.980000 	 -0.208893 
11.000000 	 -0.006541 
11.020000 	 0.093020 
11.040000 	 -0.093147 
11.060000 	 0.162010 
11.080000 	 -0.266287 
11.100000 	 -0.124087 
11.120000 	 0.137720 
11.140000 	 -0.222955 
11.160000 	 0.038268 
11.180000 	 0.277450 
11.200000 	 -0.105437 
11.220000 	 0.173745 
11.240000 	 -0.153761 
11.260000 	 -0.058236 
11.280000 	 -0.018722 
11.300000 	 -0.013562 
11.320000 	 -0.027655 
11.340000 	 -0.046354 
11.360000 	 0.006588 
11.380000 	 0.074131 
11.400000 	 0.150175 
11.420000 	 0.036310 
11.440000 	 0.700000 
11.460000 	 0.073581 
11.480000 	 -0.215718 
11.500000 	 0.272808 
11.520000 	 -0.147675 
11.540000 	 -0.087461 
11.560000 	 0.147867 
11.580000 	 -0.083751 
11.600000 	 0.107218 
11.620000 	 -0.037265 
11.640000 	 0.028800 
11.660000 	 0.017257 
11.680000 	 -0.225461 
11.700000 	 0.099804 
11.720000 	 0.021569 
11.740000 	 -0.027121 
11.760000 	 0.380053 
11.780000 	 -0.158597 
11.800000 	 -0.115085 
11.820000 	 0.056634 
11.840000 	 -0.020961 
11.860000 	 -0.089504 
11.880000 	 -0.116854 
11.900000 	 -0.039758 
11.920000 	 -0.066715 
11.940000 	 -0.113597 
11.960000 	 0.226825 
11.980000 	 0.151198 
12.000000 	 0.210129 
12.020000 	 0.221432 
12.040000 	 0.265618 
12.060000 	 -0.251428 
12.080000 	 -0.090405 
12.100000 	 0.027041 
12.120000 	 0.276175 
12.140000 	 0.050496 
12.160000 	 -0.168828 
12.180000 	 0.035314 
12.200000 	 -0.020440 
12.220000 	 0.101435 
12.240000 	 -0.142869 
12.260000 	 -0.070708 
12.280000 	 -0.163385 
12.300000 	 0.277226 
12.320000 	 -0.085881 
12.340000 	 -0.111136 
12.360000 	 0.181611 
12.380000 	 0.335924 
12.400000 	 -0.278193 
12.420000 	 0.057834 
12.440000 	 -0.117148 
12.460000 	 -0.031109 
12.480000 	 -0.265717 
12.500000 	 -0.304107 
12.520000 	 0.351426 
12.540000 	 0.088404 
12.560000 	 0.157337 
12.580000 	 0.125165 
12.600000 	 0.030818 
12.620000 	 0.018237 
12.640000 	 -0.108791 
12.660000 	 0.152382 
12.680000 	 -0.189173 
12.700000 	 0.000853 
12.720000 	 0.112173 
12.740000 	 -0.148501 
12.760000 	 -0.060606 
12.780000 	 -0.106695 
12.800000 	 0.025181 
12.820000 	 -0.104356 
12.840000 	 0.001121 
12.860000 	 -0.018827 
12.880000 	 0.153045 
12.900000 	 -0.206318 
12.920000 	 -0.044308 
12.940000 	 0.146610 
12.960000 	 -0.096002 
12.980000 	 -0.148651 
13.000000 	 0.237642 
13.020000 	 0.255272 
13.040000 	 -0.800000 
13.060000 	 -0.049448 
13.080000 	 0.046539 
13.100000 	 -0.111710 
13.120000 	 -0.016650 
13.140000 	 0.045184 
13.160000 	 0.055666 
13.180000 	 0.022348 
13.200000 	 0.333662 
13.220000 	 0.057515 
13.240000 	 0.111861 
13.260000 	 -0.175398 
13.280000 	 -0.059737 
13.300000 	 -0.038202 
13.320000 	 -0.069650 
13.340000 	 0.030952 
13.360000 	 0.130153 
13.380000 	 0.097228 
13.400000 	 0.141310 
13.420000 	 -0.017079 
13.440000 	 0.104904 
13.460000 	 0.048234 
13.480000 	 -0.094847 
13.500000 	 -0.046655 
13.520000 	 0.030422 
13.540000 	 0.049069 
13.560000 	 -0.351972 
13.580000 	 -0.208044 
13.600000 	 0.011460 
13.620000 	 0.155360 
13.640000 	 0.232123 
13.660000 	 -0.136018 
13.680000 	 0.134301 
13.700000 	 -0.002677 
13.720000 	 0.025208 
13.740000 	 -0.377435 
13.760000 	 -0.024429 
13.780000 	 0.045224 
13.800000 	 0.095937 
13.820000 	 -0.049467 
13.840000 	 -0.101355 
13.860000 	 -0.113535 
13.880000 	 0.234235 
13.900000 	 0.152459 
13.920000 	 0.016108 
13.940000 	 0.081094 
13.960000 	 -0.231423 
13.980000 	 0.156304 
14.000000 	 -0.237188 
14.020000 	 0.281631 
14.040000 	 -0.165441 
14.060000 	 -0.112228 
14.080000 	 -0.059869 
14.100000 	 0.046231 
14.120000 	 0.203908 
14.140000 	 -0.162872 
14.160000 	 -0.172631 
14.180000 	 -0.035425 
14.200000 	 -0.455207 
14.220000 	 -0.125166 
14.240000 	 -0.087189 
14.260000 	 -0.103395 
14.280000 	 0.001021 
14.300000 	 -0.278801 
14.320000 	 0.147324 
14.340000 	 -0.249027 
14.360000 	 0.017930 
14.380000 	 -0.019379 
14.400000 	 -0.076236 
14.420000 	 0.118876 
14.440000 	 0.163529 
14.460000 	 -0.010754 
14.480000 	 0.002394 
14.500000 	 -0.120459 
14.520000 	 0.079608 
14.540000 	 -0.057533 
14.560000 	 0.205384 
14.580000 	 0.037597 
14.600000 	 0.049853 
14.620000 	 -0.063215 
14.640000 	 -0.077287 
14.660000 	 -0.022492 
14.680000 	 0.036206 
14.700000 	 0.053371 
14.720000 	 -0.202028 
14.740000 	 -0.075618 
14.760000 	 -0.125128 
14.780000 	 -0.146117 
14.800000 	 -0.066186 
14.820000 	 -0.259892 
14.840000 	 -0.016688 
14.860000 	 0.361743 
14.880000 	 0.295323 
14.900000 	 -0.044346 
14.920000 	 -0.116069 
14.940000 	 -0.037464 
14.960000 	 0.157268 
14.980000 	 -0.006593 
15.000000 	 -0.253390 
