-15.000000 	 0.040254 
-14.980000 	 0.137385 
-14.960000 	 0.160902 
-14.940000 	 0.050259 
-14.920000 	 0.011109 
-14.900000 	 -0.244957 
-14.880000 	 0.013395 
-14.860000 	 0.236162 
-14.840000 	 -0.248767 
-14.820000 	 -0.085351 
-14.800000 	 0.023696 
-14.780000 	 0.062660 
-14.760000 	 0.028825 
-14.740000 	 0.013955 
-14.720000 	 0.041522 
-14.700000 	 -0.063708 
-14.680000 	 0.045539 
-14.660000 	 -0.005645 
-14.640000 	 -0.199832 
-14.620000 	 -0.310687 
-14.600000 	 0.206466 
-14.580000 	 0.196301 
-14.560000 	 -0.058870 
-14.540000 	 -0.071383 
-14.520000 	 0.276844 
-14.500000 	 -0.062129 
-14.480000 	 0.119936 
-14.460000 	 -0.109403 
-14.440000 	 -0.210324 
-14.420000 	 0.175395 
-14.400000 	 -0.022008 
-14.380000 	 -0.000239 
-14.360000 	 0.014924 
-14.340000 	 0.041063 
-14.320000 	 0.029240 
-14.300000 	 0.085262 
-14.280000 	 0.005914 
-14.260000 	 -0.258871 
-14.240000 	 0.100532 
-14.220000 	 -0.102073 
-14.200000 	 0.107253 
-14.180000 	 0.020331 
-14.160000 	 0.126956 
-14.140000 	 0.069274 
-14.120000 	 0.059496 
-14.100000 	 0.187137 
-14.080000 	 -0.247175 
-14.060000 	 -0.251614 
-14.040000 	 0.017538 
-14.020000 	 -0.097754 
-14.000000 	 -0.211892 
-13.980000 	 -0.268164 
-13.960000 	 -0.039078 
-13.940000 	 0.148930 
-13.920000 	 -0.112466 
-13.900000 	 0.107275 
-13.880000 	 -0.170381 
-13.860000 	 0.098739 
-13.840000 	 0.036978 
-13.820000 	 -0.007459 
-13.800000 	 0.288036 
-13.780000 	 0.105814 
-13.760000 	 -0.046238 
-13.740000 	 0.234165 
-13.720000 	 0.104226 
-13.700000 	 -0.043304 
-13.680000 	 0.023352 
-13.660000 	 -0.084904 
-13.640000 	 0.007635 
-13.620000 	 -0.142276 
-13.600000 	 -0.047608 
-13.580000 	 -0.236487 
-13.560000 	 -0.095854 
-13.540000 	 0.022468 
-13.520000 	 0.074654 
-13.500000 	 -0.206350 
-13.480000 	 -0.023476 
-13.460000 	 0.181599 
-13.440000 	 -0.006426 
-13.420000 	 -0.037420 
-13.400000 	 0.076868 
-13.380000 	 -0.056470 
-13.360000 	 0.102259 
-13.340000 	 0.079981 
-13.320000 	 -0.257168 
-13.300000 	 -0.152815 
-13.280000 	 -0.248378 
-13.260000 	 -0.019831 
-13.240000 	 0.246715 
-13.220000 	 -0.408220 
-13.200000 	 -0.255089 
-13.180000 	 0.053132 
-13.160000 	 -0.082529 
-13.140000 	 0.037663 
-13.120000 	 0.062905 
-13.100000 	 0.033517 
-13.080000 	 0.109149 
-13.060000 	 -0.115111 
-13.040000 	 -0.066795 
-13.020000 	 -0.056323 
-13.000000 	 0.151623 
-12.980000 	 -0.041519 
-12.960000 	 -0.238995 
-12.940000 	 -0.066318 
-12.920000 	 0.003228 
-12.900000 	 -0.003265 
-12.880000 	 0.007905 
-12.860000 	 -0.222034 
-12.840000 	 -0.068621 
-12.820000 	 -0.185444 
-12.800000 	 -0.238086 
-12.780000 	 0.289164 
-12.760000 	 0.118724 
-12.740000 	 0.051441 
-12.720000 	 -0.228886 
-12.700000 	 -0.182440 
-12.680000 	 -0.228234 
-12.660000 	 0.061723 
-12.640000 	 -0.223758 
-12.620000 	 -0.157977 
-12.600000 	 -0.026238 
-12.580000 	 0.002143 
-12.560000 	 0.061486 
-12.540000 	 -0.099924 
-12.520000 	 0.177314 
-12.500000 	 -0.026436 
-12.480000 	 -0.165584 
-12.460000 	 -0.094538 
-12.440000 	 0.083836 
-12.420000 	 -0.125741 
-12.400000 	 0.191611 
-12.380000 	 -0.080865 
-12.360000 	 -0.126779 
-12.340000 	 -0.158395 
-12.320000 	 0.130048 
-12.300000 	 -0.038760 
-12.280000 	 -0.043776 
-12.260000 	 0.092976 
-12.240000 	 0.241802 
-12.220000 	 0.124629 
-12.200000 	 0.310900 
-12.180000 	 -0.198628 
-12.160000 	 -0.060285 
-12.140000 	 -0.205387 
-12.120000 	 -0.027888 
-12.100000 	 -0.038914 
-12.080000 	 -0.287894 
-12.060000 	 -0.102709 
-12.040000 	 -0.193013 
-12.020000 	 0.004204 
-12.000000 	 -0.417775 
-11.980000 	 -0.019664 
-11.960000 	 0.065984 
-11.940000 	 -0.125853 
-11.920000 	 0.170292 
-11.900000 	 -0.299633 
-11.880000 	 -0.239905 
-11.860000 	 -0.036787 
-11.840000 	 -0.134759 
-11.820000 	 0.018104 
-11.800000 	 -0.137884 
-11.780000 	 -0.043297 
-11.760000 	 -0.058282 
-11.740000 	 -0.058681 
-11.720000 	 0.014363 
-11.700000 	 0.126943 
-11.680000 	 -0.164862 
-11.660000 	 -0.117070 
-11.640000 	 -0.031493 
-11.620000 	 0.126382 
-11.600000 	 0.219841 
-11.580000 	 -0.041722 
-11.560000 	 0.241215 
-11.540000 	 0.144352 
-11.520000 	 0.274984 
-11.500000 	 0.031113 
-11.480000 	 -0.160690 
-11.460000 	 -0.140746 
-11.440000 	 0.070438 
-11.420000 	 -0.043070 
-11.400000 	 0.263403 
-11.380000 	 0.267797 
-11.360000 	 0.155467 
-11.340000 	 -0.156661 
-11.320000 	 -0.085164 
-11.300000 	 0.083246 
-11.280000 	 0.059472 
-11.260000 	 -0.231246 
-11.240000 	 -0.018672 
-11.220000 	 0.017959 
-11.200000 	 0.042703 
-11.180000 	 0.043978 
-11.160000 	 0.228084 
-11.140000 	 -0.070332 
-11.120000 	 0.040007 
-11.100000 	 -0.044080 
-11.080000 	 -0.112771 
-11.060000 	 0.088650 
-11.040000 	 0.113601 
-11.020000 	 0.128141 
-11.000000 	 0.020209 
-10.980000 	 -0.233142 
-10.960000 	 0.088479 
-10.940000 	 -0.020732 
-10.920000 	 0.107414 
-10.900000 	 0.149085 
-10.880000 	 0.008032 
-10.860000 	 0.018054 
-10.840000 	 0.047297 
-10.820000 	 -0.076906 
-10.800000 	 0.059685 
-10.780000 	 -0.028984 
-10.760000 	 -0.048351 
-10.740000 	 0.036633 
-10.720000 	 0.067445 
-10.700000 	 -0.055829 
-10.680000 	 0.048778 
-10.660000 	 0.010048 
-10.640000 	 0.124403 
-10.620000 	 0.255427 
-10.600000 	 -0.003340 
-10.580000 	 0.214160 
-10.560000 	 -0.288526 
-10.540000 	 -0.036747 
-10.520000 	 -0.162631 
-10.500000 	 -0.148861 
-10.480000 	 0.134812 
-10.460000 	 0.018710 
-10.440000 	 -0.135001 
-10.420000 	 -0.034626 
-10.400000 	 -0.138202 
-10.380000 	 -0.080311 
-10.360000 	 -0.310568 
-10.340000 	 -0.185079 
-10.320000 	 -0.021072 
-10.300000 	 0.037520 
-10.280000 	 -0.137483 
-10.260000 	 0.067914 
-10.240000 	 0.159411 
-10.220000 	 -0.073703 
-10.200000 	 0.011101 
-10.180000 	 -0.129360 
-10.160000 	 0.030292 
-10.140000 	 -0.070696 
-10.120000 	 -0.008393 
-10.100000 	 -0.051312 
-10.080000 	 -0.229702 
-10.060000 	 -0.110454 
-10.040000 	 -0.085417 
-10.020000 	 -0.048254 
-10.000000 	 -0.138096 
-9.980000 	 -0.040610 
-9.960000 	 -0.236979 
-9.940000 	 -0.036045 
-9.920000 	 0.069621 
-9.900000 	 -0.113545 
-9.880000 	 0.097971 
-9.860000 	 -0.182960 
-9.840000 	 -0.093183 
-9.820000 	 -0.173375 
-9.800000 	 0.073677 
-9.780000 	 -0.108656 
-9.760000 	 -0.127925 
-9.740000 	 0.101814 
-9.720000 	 0.009708 
-9.700000 	 0.088173 
-9.680000 	 -0.183012 
-9.660000 	 0.065900 
-9.640000 	 -0.075609 
-9.620000 	 0.001080 
-9.600000 	 0.034861 
-9.580000 	 -0.127405 
-9.560000 	 0.062201 
-9.540000 	 0.112465 
-9.520000 	 0.194816 
-9.500000 	 0.001338 
-9.480000 	 0.110320 
-9.460000 	 -0.033547 
-9.440000 	 0.381700 
-9.420000 	 0.153508 
-9.400000 	 0.042481 
-9.380000 	 -0.029968 
-9.360000 	 0.281658 
-9.340000 	 -0.123936 
-9.320000 	 -0.056143 
-9.300000 	 0.257424 
-9.280000 	 -0.319063 
-9.260000 	 -0.199330 
-9.240000 	 -0.081044 
-9.220000 	 -0.051702 
-9.200000 	 -0.040948 
-9.180000 	 0.060479 
-9.160000 	 -0.381249 
-9.140000 	 -0.192028 
-9.120000 	 0.069299 
-9.100000 	 0.116802 
-9.080000 	 -0.348892 
-9.060000 	 0.473245 
-9.040000 	 0.002242 
-9.020000 	 -0.356803 
-9.000000 	 -0.016172 
-8.980000 	 -0.018955 
-8.960000 	 0.132838 
-8.940000 	 -0.197406 
-8.920000 	 0.059319 
-8.900000 	 -0.207743 
-8.880000 	 0.075414 
-8.860000 	 0.155725 
-8.840000 	 -0.184633 
-8.820000 	 0.133979 
-8.800000 	 1.000000 
-8.780000 	 0.217018 
-8.760000 	 0.104145 
-8.740000 	 0.059891 
-8.720000 	 -0.034755 
-8.700000 	 -0.057336 
-8.680000 	 -0.018387 
-8.660000 	 0.059700 
-8.640000 	 -0.167876 
-8.620000 	 -0.087480 
-8.600000 	 0.039752 
-8.580000 	 0.192060 
-8.560000 	 -0.249497 
-8.540000 	 0.179160 
-8.520000 	 0.220550 
-8.500000 	 -0.009822 
-8.480000 	 0.108909 
-8.460000 	 0.142888 
-8.440000 	 -0.245558 
-8.420000 	 -0.077846 
-8.400000 	 0.146573 
-8.380000 	 -0.017038 
-8.360000 	 0.276300 
-8.340000 	 -0.035918 
-8.320000 	 0.095666 
-8.300000 	 0.123158 
-8.280000 	 -0.041406 
-8.260000 	 0.067453 
-8.240000 	 0.030073 
-8.220000 	 -0.004511 
-8.200000 	 0.120667 
-8.180000 	 0.146601 
-8.160000 	 -0.161352 
-8.140000 	 -0.211325 
-8.120000 	 -0.210287 
-8.100000 	 -0.104802 
-8.080000 	 -0.039712 
-8.060000 	 0.104431 
-8.040000 	 0.054296 
-8.020000 	 0.183891 
-8.000000 	 0.031407 
-7.980000 	 0.075805 
-7.960000 	 0.082366 
-7.940000 	 0.039631 
-7.920000 	 -0.139471 
-7.900000 	 -0.052861 
-7.880000 	 -0.092711 
-7.860000 	 -0.069158 
-7.840000 	 0.200815 
-7.820000 	 -0.180863 
-7.800000 	 -0.044723 
-7.780000 	 -0.051799 
-7.760000 	 0.087219 
-7.740000 	 -0.145538 
-7.720000 	 0.263679 
-7.700000 	 0.039469 
-7.680000 	 0.019072 
-7.660000 	 0.098568 
-7.640000 	 -0.046113 
-7.620000 	 -0.023351 
-7.600000 	 -0.083565 
-7.580000 	 0.268788 
-7.560000 	 0.072656 
-7.540000 	 0.068669 
-7.520000 	 0.113428 
-7.500000 	 0.016021 
-7.480000 	 0.211979 
-7.460000 	 -0.067736 
-7.440000 	 0.353307 
-7.420000 	 -0.151857 
-7.400000 	 -0.056750 
-7.380000 	 0.235123 
-7.360000 	 -0.047383 
-7.340000 	 0.221364 
-7.320000 	 0.099999 
-7.300000 	 0.206253 
-7.280000 	 0.032380 
-7.260000 	 0.133335 
-7.240000 	 0.237024 
-7.220000 	 0.195926 
-7.200000 	 0.181641 
-7.180000 	 -0.050728 
-7.160000 	 0.001475 
-7.140000 	 0.061646 
-7.120000 	 0.231164 
-7.100000 	 -0.061718 
-7.080000 	 0.008601 
-7.060000 	 0.146125 
-7.040000 	 0.109605 
-7.020000 	 0.134632 
-7.000000 	 0.180652 
-6.980000 	 0.007134 
-6.960000 	 0.219947 
-6.940000 	 -0.148881 
-6.920000 	 0.181813 
-6.900000 	 0.188592 
-6.880000 	 0.080405 
-6.860000 	 0.302389 
-6.840000 	 0.131631 
-6.820000 	 -0.114659 
-6.800000 	 0.185161 
-6.780000 	 0.321174 
-6.760000 	 -0.064727 
-6.740000 	 -0.159970 
-6.720000 	 -0.038311 
-6.700000 	 0.005577 
-6.680000 	 -0.049560 
-6.660000 	 0.093799 
-6.640000 	 0.313545 
-6.620000 	 0.125785 
-6.600000 	 0.321499 
-6.580000 	 0.513428 
-6.560000 	 0.138626 
-6.540000 	 0.084040 
-6.520000 	 0.250835 
-6.500000 	 0.410951 
-6.480000 	 0.064646 
-6.460000 	 0.099535 
-6.440000 	 0.390567 
-6.420000 	 0.373654 
-6.400000 	 0.059798 
-6.380000 	 0.250496 
-6.360000 	 0.143069 
-6.340000 	 0.248453 
-6.320000 	 -0.052657 
-6.300000 	 0.378315 
-6.280000 	 0.266250 
-6.260000 	 0.333527 
-6.240000 	 0.419769 
-6.220000 	 0.503855 
-6.200000 	 0.296504 
-6.180000 	 0.096839 
-6.160000 	 -0.102171 
-6.140000 	 0.052473 
-6.120000 	 0.170136 
-6.100000 	 0.251919 
-6.080000 	 -0.300000 
-6.060000 	 0.484572 
-6.040000 	 0.336759 
-6.020000 	 0.294173 
-6.000000 	 0.166053 
-5.980000 	 0.397436 
-5.960000 	 0.278448 
-5.940000 	 0.184905 
-5.920000 	 0.346967 
-5.900000 	 0.323731 
-5.880000 	 0.268527 
-5.860000 	 0.221122 
-5.840000 	 0.274890 
-5.820000 	 0.345531 
-5.800000 	 0.234009 
-5.780000 	 0.220484 
-5.760000 	 0.132727 
-5.740000 	 -0.111426 
-5.720000 	 0.159292 
-5.700000 	 0.069822 
-5.680000 	 0.428006 
-5.660000 	 0.211145 
-5.640000 	 0.257872 
-5.620000 	 0.314160 
-5.600000 	 0.451079 
-5.580000 	 0.433312 
-5.560000 	 0.361633 
-5.540000 	 0.286207 
-5.520000 	 0.180921 
-5.500000 	 0.254104 
-5.480000 	 0.269703 
-5.460000 	 0.652761 
-5.440000 	 0.352667 
-5.420000 	 0.453065 
-5.400000 	 0.222639 
-5.380000 	 0.303900 
-5.360000 	 0.345348 
-5.340000 	 0.247233 
-5.320000 	 0.459956 
-5.300000 	 0.309038 
-5.280000 	 0.360880 
-5.260000 	 0.364584 
-5.240000 	 0.277751 
-5.220000 	 0.258711 
-5.200000 	 0.128602 
-5.180000 	 0.229996 
-5.160000 	 0.419851 
-5.140000 	 0.337116 
-5.120000 	 0.238555 
-5.100000 	 -0.056799 
-5.080000 	 0.709107 
-5.060000 	 0.659598 
-5.040000 	 0.474437 
-5.020000 	 0.546610 
-5.000000 	 0.456320 
-4.980000 	 0.565242 
-4.960000 	 0.608231 
-4.940000 	 0.256426 
-4.920000 	 0.433149 
-4.900000 	 0.536333 
-4.880000 	 0.517874 
-4.860000 	 0.402459 
-4.840000 	 0.536264 
-4.820000 	 0.441847 
-4.800000 	 0.338271 
-4.780000 	 0.589253 
-4.760000 	 0.271086 
-4.740000 	 0.339565 
-4.720000 	 0.221687 
-4.700000 	 0.487771 
-4.680000 	 0.436369 
-4.660000 	 0.359637 
-4.640000 	 0.573792 
-4.620000 	 0.492186 
-4.600000 	 0.404355 
-4.580000 	 0.728090 
-4.560000 	 0.506543 
-4.540000 	 0.581521 
-4.520000 	 0.232740 
-4.500000 	 0.341604 
-4.480000 	 0.478262 
-4.460000 	 0.611261 
-4.440000 	 0.506970 
-4.420000 	 0.456059 
-4.400000 	 0.559604 
-4.380000 	 0.479396 
-4.360000 	 0.412188 
-4.340000 	 0.625758 
-4.320000 	 0.612984 
-4.300000 	 0.505052 
-4.280000 	 0.588548 
-4.260000 	 0.432257 
-4.240000 	 0.472912 
-4.220000 	 0.449390 
-4.200000 	 0.294738 
-4.180000 	 0.490435 
-4.160000 	 0.220480 
-4.140000 	 0.578872 
-4.120000 	 0.615290 
-4.100000 	 0.360717 
-4.080000 	 0.732422 
-4.060000 	 0.376876 
-4.040000 	 0.291494 
-4.020000 	 0.592622 
-4.000000 	 0.430115 
-3.980000 	 0.268709 
-3.960000 	 0.836252 
-3.940000 	 0.706173 
-3.920000 	 0.495441 
-3.900000 	 0.767087 
-3.880000 	 0.648103 
-3.860000 	 0.364791 
-3.840000 	 0.528412 
-3.820000 	 0.641034 
-3.800000 	 0.357726 
-3.780000 	 0.576781 
-3.760000 	 0.373247 
-3.740000 	 0.683423 
-3.720000 	 0.699686 
-3.700000 	 0.376086 
-3.680000 	 0.229644 
-3.660000 	 0.516595 
-3.640000 	 0.465256 
-3.620000 	 0.359049 
-3.600000 	 0.351055 
-3.580000 	 0.678385 
-3.560000 	 0.384786 
-3.540000 	 0.788525 
-3.520000 	 0.320530 
-3.500000 	 0.343503 
-3.480000 	 0.290963 
-3.460000 	 0.539254 
-3.440000 	 0.291620 
-3.420000 	 0.331985 
-3.400000 	 0.581921 
-3.380000 	 0.400989 
-3.360000 	 0.310886 
-3.340000 	 0.216437 
-3.320000 	 0.393712 
-3.300000 	 0.667111 
-3.280000 	 0.523968 
-3.260000 	 0.411654 
-3.240000 	 0.599437 
-3.220000 	 0.437302 
-3.200000 	 0.573863 
-3.180000 	 0.310286 
-3.160000 	 0.690986 
-3.140000 	 0.227116 
-3.120000 	 0.192288 
-3.100000 	 0.655619 
-3.080000 	 0.323369 
-3.060000 	 0.585020 
-3.040000 	 0.382933 
-3.020000 	 0.563065 
-3.000000 	 0.402172 
-2.980000 	 0.469833 
-2.960000 	 0.000673 
-2.940000 	 0.441860 
-2.920000 	 0.297489 
-2.900000 	 0.375287 
-2.880000 	 0.389703 
-2.860000 	 0.582201 
-2.840000 	 0.237170 
-2.820000 	 0.311615 
-2.800000 	 0.425805 
-2.780000 	 0.542894 
-2.760000 	 0.247140 
-2.740000 	 0.175951 
-2.720000 	 0.497351 
-2.700000 	 0.265188 
-2.680000 	 0.325166 
-2.660000 	 0.535434 
-2.640000 	 0.321915 
-2.620000 	 0.418983 
-2.600000 	 0.585684 
-2.580000 	 0.440845 
-2.560000 	 0.071537 
-2.540000 	 0.359347 
-2.520000 	 0.300320 
-2.500000 	 0.394732 
-2.480000 	 0.412869 
-2.460000 	 0.207619 
-2.440000 	 0.253237 
-2.420000 	 0.388673 
-2.400000 	 0.337414 
-2.380000 	 0.370367 
-2.360000 	 0.244961 
-2.340000 	 0.105027 
-2.320000 	 0.005985 
-2.300000 	 0.506216 
-2.280000 	 0.173429 
-2.260000 	 0.022856 
-2.240000 	 0.542788 
-2.220000 	 0.366771 
-2.200000 	 0.105864 
-2.180000 	 0.113586 
-2.160000 	 0.518414 
-2.140000 	 0.235319 
-2.120000 	 0.030890 
-2.100000 	 0.315628 
-2.080000 	 0.304111 
-2.060000 	 0.360585 
-2.040000 	 0.332614 
-2.020000 	 0.262546 
-2.000000 	 0.215941 
-1.980000 	 0.155407 
-1.960000 	 -0.033662 
-1.940000 	 0.449833 
-1.920000 	 -0.069117 
-1.900000 	 0.478381 
-1.880000 	 0.256374 
-1.860000 	 0.200910 
-1.840000 	 0.012783 
-1.820000 	 -0.037380 
-1.800000 	 0.034784 
-1.780000 	 0.354296 
-1.760000 	 0.115180 
-1.740000 	 0.105198 
-1.720000 	 0.360114 
-1.700000 	 0.542247 
-1.680000 	 0.143264 
-1.660000 	 0.023090 
-1.640000 	 0.110917 
-1.620000 	 0.527597 
-1.600000 	 0.384164 
-1.580000 	 0.019133 
-1.560000 	 -0.023004 
-1.540000 	 0.074601 
-1.520000 	 0.189057 
-1.500000 	 -0.303815 
-1.480000 	 0.184949 
-1.460000 	 -0.224429 
-1.440000 	 0.143297 
-1.420000 	 0.236397 
-1.400000 	 -0.067068 
-1.380000 	 0.238926 
-1.360000 	 0.031017 
-1.340000 	 -0.133208 
-1.320000 	 0.162199 
-1.300000 	 -0.166374 
-1.280000 	 -0.009143 
-1.260000 	 0.117359 
-1.240000 	 0.280333 
-1.220000 	 0.046255 
-1.200000 	 -0.053637 
-1.180000 	 0.121779 
-1.160000 	 0.219857 
-1.140000 	 0.307214 
-1.120000 	 -0.196599 
-1.100000 	 -0.109775 
-1.080000 	 0.146985 
-1.060000 	 0.111201 
-1.040000 	 0.036874 
-1.020000 	 -0.104089 
-1.000000 	 -0.005195 
-0.980000 	 0.204893 
-0.960000 	 0.218571 
-0.940000 	 0.057621 
-0.920000 	 0.106264 
-0.900000 	 0.197913 
-0.880000 	 -0.090854 
-0.860000 	 0.093726 
-0.840000 	 0.323115 
-0.820000 	 0.216084 
-0.800000 	 0.241451 
-0.780000 	 0.194836 
-0.760000 	 0.040952 
-0.740000 	 0.139632 
-0.720000 	 0.074947 
-0.700000 	 0.178557 
-0.680000 	 0.043771 
-0.660000 	 0.232694 
-0.640000 	 0.295771 
-0.620000 	 0.225801 
-0.600000 	 0.423679 
-0.580000 	 0.231446 
-0.560000 	 0.267023 
-0.540000 	 0.151115 
-0.520000 	 -0.035460 
-0.500000 	 0.371321 
-0.480000 	 -0.088844 
-0.460000 	 0.455851 
-0.440000 	 0.101508 
-0.420000 	 0.030819 
-0.400000 	 0.096272 
-0.380000 	 0.282064 
-0.360000 	 0.151158 
-0.340000 	 -0.069036 
-0.320000 	 0.278327 
-0.300000 	 0.141265 
-0.280000 	 0.193214 
-0.260000 	 0.346526 
-0.240000 	 0.127086 
-0.220000 	 0.199622 
-0.200000 	 0.519266 
-0.180000 	 0.414732 
-0.160000 	 0.277972 
-0.140000 	 0.397604 
-0.120000 	 0.286513 
-0.100000 	 0.199605 
-0.080000 	 0.168348 
-0.060000 	 0.046664 
-0.040000 	 0.209276 
-0.020000 	 0.148261 
0.000000 	 0.412166 
0.020000 	 -0.200000 
0.040000 	 0.232532 
0.060000 	 0.131366 
0.080000 	 -0.096489 
0.100000 	 0.056267 
0.120000 	 0.291532 
0.140000 	 0.349005 
0.160000 	 0.441752 
0.180000 	 0.368746 
0.200000 	 0.452715 
0.220000 	 0.283645 
0.240000 	 0.376774 
0.260000 	 0.221394 
0.280000 	 0.291571 
0.300000 	 0.213532 
0.320000 	 0.288908 
0.340000 	 0.290554 
0.360000 	 0.315213 
0.380000 	 0.009482 
0.400000 	 0.155963 
0.420000 	 0.406634 
0.440000 	 0.211801 
0.460000 	 0.298504 
0.480000 	 0.248867 
0.500000 	 0.165619 
0.520000 	 0.287045 
0.540000 	 0.497234 
0.560000 	 0.507754 
0.580000 	 0.319946 
0.600000 	 0.213921 
0.620000 	 0.590222 
0.640000 	 0.318727 
0.660000 	 0.252382 
0.680000 	 0.510831 
0.700000 	 0.412036 
0.720000 	 0.396065 
0.740000 	 0.437555 
0.760000 	 0.556083 
0.780000 	 0.397177 
0.800000 	 0.523947 
0.820000 	 0.539751 
0.840000 	 0.255482 
0.860000 	 0.645327 
0.880000 	 0.496145 
0.900000 	 0.748657 
0.920000 	 0.505109 
0.940000 	 0.206823 
0.960000 	 0.456155 
0.980000 	 0.370453 
1.000000 	 0.734579 
1.020000 	 0.384211 
1.040000 	 0.551191 
1.060000 	 0.415957 
1.080000 	 0.607141 
1.100000 	 0.683638 
1.120000 	 0.554630 
1.140000 	 0.310847 
1.160000 	 0.684573 
1.180000 	 0.521505 
1.200000 	 0.779747 
1.220000 	 0.409940 
1.240000 	 0.505397 
1.260000 	 0.719433 
1.280000 	 0.701483 
1.300000 	 0.903032 
1.320000 	 0.655318 
1.340000 	 0.637710 
1.360000 	 1.020982 
1.380000 	 0.709768 
1.400000 	 0.446407 
1.420000 	 0.538271 
1.440000 	 0.689702 
1.460000 	 0.838951 
1.480000 	 0.644413 
1.500000 	 0.839224 
1.520000 	 0.705926 
1.540000 	 0.847665 
1.560000 	 0.754553 
1.580000 	 1.037982 
1.600000 	 0.819118 
1.620000 	 0.820103 
1.640000 	 0.871300 
1.660000 	 0.843895 
1.680000 	 0.656442 
1.700000 	 0.723801 
1.720000 	 0.720099 
1.740000 	 0.919783 
1.760000 	 0.978338 
1.780000 	 0.649038 
1.800000 	 1.106844 
1.820000 	 0.476081 
1.840000 	 0.989976 
1.860000 	 1.173227 
1.880000 	 0.769334 
1.900000 	 0.841318 
1.920000 	 1.031924 
1.940000 	 0.645279 
1.960000 	 0.881165 
1.980000 	 1.145229 
2.000000 	 0.801636 
2.020000 	 1.086247 
2.040000 	 0.807082 
2.060000 	 1.019680 
2.080000 	 1.242838 
2.100000 	 0.988380 
2.120000 	 1.245533 
2.140000 	 0.913390 
2.160000 	 1.302182 
2.180000 	 1.078136 
2.200000 	 0.994268 
2.220000 	 0.950972 
2.240000 	 1.183260 
2.260000 	 1.090306 
2.280000 	 1.230728 
2.300000 	 0.896177 
2.320000 	 0.993347 
2.340000 	 0.788015 
2.360000 	 0.900000 
2.380000 	 1.303171 
2.400000 	 1.341247 
2.420000 	 1.267158 
2.440000 	 1.275539 
2.460000 	 1.169086 
2.480000 	 1.093529 
2.500000 	 1.192931 
2.520000 	 1.071802 
2.540000 	 1.133334 
2.560000 	 1.297567 
2.580000 	 1.224238 
2.600000 	 1.321984 
2.620000 	 1.333268 
2.640000 	 1.124901 
2.660000 	 1.329174 
2.680000 	 1.383381 
2.700000 	 1.155732 
2.720000 	 1.569570 
2.740000 	 1.361427 
2.760000 	 1.294015 
2.780000 	 1.277357 
2.800000 	 1.666897 
2.820000 	 1.509470 
2.840000 	 1.330230 
2.860000 	 1.492612 
2.880000 	 1.471382 
2.900000 	 1.383914 
2.920000 	 1.000153 
2.940000 	 1.287484 
2.960000 	 1.317333 
2.980000 	 1.677474 
3.000000 	 1.417586 
3.020000 	 1.302978 
3.040000 	 1.597510 
3.060000 	 1.355860 
3.080000 	 1.351355 
3.100000 	 1.333501 
3.120000 	 1.506862 
3.140000 	 1.259838 
3.160000 	 1.679770 
3.180000 	 1.375237 
3.200000 	 1.392537 
3.220000 	 1.561332 
3.240000 	 1.218041 
3.260000 	 1.836605 
3.280000 	 1.477913 
3.300000 	 1.651319 
3.320000 	 1.560728 
3.340000 	 1.653819 
3.360000 	 1.380112 
3.380000 	 1.367623 
3.400000 	 1.277978 
3.420000 	 1.441239 
3.440000 	 1.532671 
3.460000 	 1.498412 
3.480000 	 1.688109 
3.500000 	 1.645629 
3.520000 	 1.606806 
3.540000 	 1.751226 
3.560000 	 1.408607 
3.580000 	 1.564360 
3.600000 	 1.486960 
3.620000 	 1.642271 
3.640000 	 1.759458 
3.660000 	 1.503451 
3.680000 	 1.613156 
3.700000 	 1.538302 
3.720000 	 1.658234 
3.740000 	 1.530029 
3.760000 	 1.573660 
3.780000 	 1.447339 
3.800000 	 1.471415 
3.820000 	 1.759545 
3.840000 	 1.421570 
3.860000 	 1.687144 
3.880000 	 1.701005 
3.900000 	 1.567867 
3.920000 	 1.576929 
3.940000 	 1.766196 
3.960000 	 1.630297 
3.980000 	 1.393074 
4.000000 	 1.683327 
4.020000 	 1.465411 
4.040000 	 1.903515 
4.060000 	 1.356342 
4.080000 	 1.673483 
4.100000 	 1.455854 
4.120000 	 1.549590 
4.140000 	 1.632668 
4.160000 	 1.508037 
4.180000 	 1.933393 
4.200000 	 1.633742 
4.220000 	 1.596686 
4.240000 	 1.363066 
4.260000 	 1.596737 
4.280000 	 1.594879 
4.300000 	 1.543454 
4.320000 	 1.636326 
4.340000 	 1.644097 
4.360000 	 1.538147 
4.380000 	 1.698627 
4.400000 	 1.597283 
4.420000 	 1.473086 
4.440000 	 1.484568 
4.460000 	 1.389634 
4.480000 	 1.384127 
4.500000 	 1.598081 
4.520000 	 1.528869 
4.540000 	 1.259225 
4.560000 	 1.516615 
4.580000 	 1.603608 
4.600000 	 1.748348 
4.620000 	 1.362712 
4.640000 	 1.457316 
4.660000 	 1.684547 
4.680000 	 1.703471 
4.700000 	 1.466886 
4.720000 	 1.466828 
4.740000 	 1.532122 
4.760000 	 1.393520 
4.780000 	 1.535465 
4.800000 	 1.454099 
4.820000 	 1.465264 
4.840000 	 1.374728 
4.860000 	 1.122505 
4.880000 	 1.600974 
4.900000 	 1.354909 
4.920000 	 1.839603 
4.940000 	 1.399407 
4.960000 	 1.108072 
4.980000 	 1.395626 
5.000000 	 1.568469 
5.020000 	 1.377289 
5.040000 	 1.048003 
5.060000 	 1.393591 
5.080000 	 1.713032 
5.100000 	 1.465339 
5.120000 	 1.234549 
5.140000 	 1.394259 
5.160000 	 1.252003 
5.180000 	 1.418424 
5.200000 	 1.287193 
5.220000 	 1.322807 
5.240000 	 1.444483 
5.260000 	 1.251259 
5.280000 	 1.155892 
5.300000 	 1.070884 
5.320000 	 1.167433 
5.340000 	 1.529048 
5.360000 	 0.988312 
5.380000 	 1.047948 
5.400000 	 1.138014 
5.420000 	 1.364880 
5.440000 	 1.088544 
5.460000 	 1.314057 
5.480000 	 0.992329 
5.500000 	 1.125656 
5.520000 	 1.043075 
5.540000 	 1.151215 
5.560000 	 1.370656 
5.580000 	 1.152699 
5.600000 	 1.296112 
5.620000 	 1.126945 
5.640000 	 1.129744 
5.660000 	 0.944921 
5.680000 	 1.347241 
5.700000 	 1.005033 
5.720000 	 1.071056 
5.740000 	 1.005247 
5.760000 	 1.296556 
5.780000 	 0.833592 
5.800000 	 1.128386 
5.820000 	 0.852364 
5.840000 	 1.122325 
5.860000 	 1.104542 
5.880000 	 0.588040 
5.900000 	 1.388208 
5.920000 	 1.232725 
5.940000 	 0.823103 
5.960000 	 1.123253 
5.980000 	 0.922587 
6.000000 	 0.913443 
6.020000 	 1.075064 
6.040000 	 0.990052 
6.060000 	 0.936492 
6.080000 	 1.187830 
6.100000 	 0.990279 
6.120000 	 0.988243 
6.140000 	 1.063302 
6.160000 	 1.107759 
6.180000 	 1.156628 
6.200000 	 1.121209 
6.220000 	 0.860596 
6.240000 	 0.651316 
6.260000 	 0.855053 
6.280000 	 0.972612 
6.300000 	 0.894984 
6.320000 	 0.884407 
6.340000 	 0.818190 
6.360000 	 0.741741 
6.380000 	 0.924228 
6.400000 	 0.770782 
6.420000 	 0.828541 
6.440000 	 0.682463 
6.460000 	 0.846967 
6.480000 	 0.669520 
6.500000 	 0.939433 
6.520000 	 0.549857 
6.540000 	 0.855262 
6.560000 	 0.762627 
6.580000 	 0.406862 
6.600000 	 0.583453 
6.620000 	 0.878044 
6.640000 	 0.519972 
6.660000 	 0.848561 
6.680000 	 0.539917 
6.700000 	 0.681241 
6.720000 	 0.468111 
6.740000 	 0.708944 
6.760000 	 0.634328 
6.780000 	 0.727131 
6.800000 	 0.550486 
6.820000 	 0.486551 
6.840000 	 0.755881 
6.860000 	 0.398009 
6.880000 	 0.803864 
6.900000 	 0.369349 
6.920000 	 0.507182 
6.940000 	 0.336179 
6.960000 	 0.653959 
6.980000 	 0.333431 
7.000000 	 0.518779 
7.020000 	 0.654413 
7.040000 	 0.360397 
7.060000 	 0.592488 
7.080000 	 0.261038 
7.100000 	 0.395592 
7.120000 	 0.392271 
7.140000 	 0.521232 
7.160000 	 0.194184 
7.180000 	 0.533163 
7.200000 	 0.337216 
7.220000 	 0.230509 
7.240000 	 0.162198 
7.260000 	 0.137045 
7.280000 	 0.269859 
7.300000 	 0.438139 
7.320000 	 0.560531 
7.340000 	 0.228817 
7.360000 	 0.233589 
7.380000 	 0.198430 
7.400000 	 0.225821 
7.420000 	 0.647031 
7.440000 	 0.960641 
7.460000 	 0.308156 
7.480000 	 0.292765 
7.500000 	 0.624113 
7.520000 	 0.544835 
7.540000 	 0.364390 
7.560000 	 0.303634 
7.580000 	 0.441186 
7.600000 	 0.167405 
7.620000 	 0.330815 
7.640000 	 0.446768 
7.660000 	 0.308309 
7.680000 	 0.250525 
7.700000 	 0.357618 
7.720000 	 0.294756 
7.740000 	 0.243936 
7.760000 	 0.227431 
7.780000 	 0.265066 
7.800000 	 0.217778 
7.820000 	 0.436893 
7.840000 	 0.248869 
7.860000 	 0.490479 
7.880000 	 0.118932 
7.900000 	 0.208354 
7.920000 	 0.428616 
7.940000 	 0.225085 
7.960000 	 0.227816 
7.980000 	 0.223903 
8.000000 	 0.332277 
8.020000 	 0.278995 
8.040000 	 0.288358 
8.060000 	 0.179626 
8.080000 	 0.186855 
8.100000 	 0.400693 
8.120000 	 0.013435 
8.140000 	 0.062320 
8.160000 	 0.092906 
8.180000 	 0.321211 
8.200000 	 0.158501 
8.220000 	 0.217128 
8.240000 	 0.227085 
8.260000 	 0.204578 
8.280000 	 0.046628 
8.300000 	 0.243743 
8.320000 	 0.229766 
8.340000 	 0.215565 
8.360000 	 0.008035 
8.380000 	 0.339077 
8.400000 	 0.341478 
8.420000 	 0.169265 
8.440000 	 0.247359 
8.460000 	 0.087219 
8.480000 	 0.016079 
8.500000 	 0.357256 
8.520000 	 0.192864 
8.540000 	 0.329166 
8.560000 	 0.114889 
8.580000 	 0.200563 
8.600000 	 0.093582 
8.620000 	 0.239105 
8.640000 	 0.135864 
8.660000 	 0.203394 
8.680000 	 0.097065 
8.700000 	 -0.193376 
8.720000 	 0.321208 
8.740000 	 0.060440 
8.760000 	 0.357560 
8.780000 	 -0.001244 
8.800000 	 0.117171 
8.820000 	 0.220652 
8.840000 	 0.023850 
8.860000 	 0.262373 
8.880000 	 0.061036 
8.900000 	 -0.140390 
8.920000 	 -0.000500 
8.940000 	 0.025874 
8.960000 	 -0.184540 
8.980000 	 0.092447 
9.000000 	 -0.034928 
9.020000 	 -0.114244 
9.040000 	 -0.135174 
9.060000 	 0.043574 
9.080000 	 -0.074668 
9.100000 	 0.128168 
9.120000 	 -0.081836 
9.140000 	 0.178201 
9.160000 	 0.222649 
9.180000 	 0.176243 
9.200000 	 0.112209 
9.220000 	 0.320667 
9.240000 	 -0.245732 
9.260000 	 0.157724 
9.280000 	 -0.259334 
9.300000 	 -0.126769 
9.320000 	 0.039490 
9.340000 	 -0.119020 
9.360000 	 -0.170081 
9.380000 	 0.241193 
9.400000 	 0.016731 
9.420000 	 -0.122792 
9.440000 	 -0.098943 
9.460000 	 -0.015923 
9.480000 	 0.080004 
9.500000 	 -0.155114 
9.520000 	 0.144656 
9.540000 	 0.082026 
9.560000 	 0.120462 
9.580000 	 -0.149596 
9.600000 	 -0.030955 
9.620000 	 -0.183091 
9.640000 	 -0.043397 
9.660000 	 0.181389 
9.680000 	 -0.013365 
9.700000 	 0.232504 
9.720000 	 0.029156 
9.740000 	 -0.070526 
9.760000 	 -0.088739 
9.780000 	 -0.161098 
9.800000 	 -0.101584 
9.820000 	 0.060478 
9.840000 	 0.076149 
9.860000 	 -0.063086 
9.880000 	 0.237243 
9.900000 	 -0.077423 
9.920000 	 -0.030960 
9.940000 	 -0.108501 
9.960000 	 -0.178384 
9.980000 	 0.060056 
10.000000 	 0.157997 
10.020000 	 -0.054832 
10.040000 	 0.153855 
10.060000 	 -0.074261 
10.080000 	 -0.317814 
10.100000 	 0.068451 
10.120000 	 -0.376628 
10.140000 	 0.064707 
10.160000 	 0.118537 
10.180000 	 0.015868 
10.200000 	 -0.065505 
10.220000 	 -0.022611 
10.240000 	 0.123271 
10.260000 	 0.055910 
10.280000 	 0.392873 
10.300000 	 0.054668 
10.320000 	 -0.018447 
10.340000 	 0.140362 
10.360000 	 -0.215683 
10.380000 	 -0.042686 
10.400000 	 0.196708 
10.420000 	 0.246123 
10.440000 	 0.121316 
10.460000 	 0.051999 
10.480000 	 0.017218 
10.500000 	 0.003756 
10.520000 	 0.011885 
10.540000 	 0.109761 
10.560000 	 0.038132 
10.580000 	 0.078613 
10.600000 	 0.102113 
10.620000 	 0.016198 
10.640000 	 -0.053979 
10.660000 	 -0.096335 
10.680000 	 -0.140027 
10.700000 	 0.515754 
10.720000 	 0.133678 
10.740000 	 -0.170725 
10.760000 	 -0.105595 
10.780000 	 0.034190 
10.800000 	 -0.011977 
10.820000 	 0.004465 
10.840000 	 0.072210 
10.860000 	 0.044406 
10.880000 	 -0.049579 
10.900000 	 -0.030924 
10.920000 	 0.002169 
10.940000 	 0.097340 
10.960000 	 -0.033828 
10.980000 	 0.120889 
11.000000 	 -0.124695 
11.020000 	 -0.113657 
11.040000 	 -0.062188 
11.060000 	 0.076835 
11.080000 	 -0.034495 
11.100000 	 -0.182947 
11.120000 	 -0.091168 
11.140000 	 0.000632 
11.160000 	 0.106403 
11.180000 	 -0.095710 
11.200000 	 -0.232323 
11.220000 	 -0.070133 
11.240000 	 0.082340 
11.260000 	 0.097770 
11.280000 	 0.059978 
11.300000 	 -0.112748 
11.320000 	 -0.045618 
11.340000 	 0.128065 
11.360000 	 -0.028192 
11.380000 	 0.077025 
11.400000 	 0.127763 
11.420000 	 0.093733 
11.440000 	 0.034257 
11.460000 	 0.016552 
11.480000 	 0.167044 
11.500000 	 0.030385 
11.520000 	 -0.002467 
11.540000 	 0.059445 
11.560000 	 -0.135547 
11.580000 	 -0.178156 
11.600000 	 -0.040370 
11.620000 	 0.200236 
11.640000 	 0.145020 
11.660000 	 0.026429 
11.680000 	 0.107051 
11.700000 	 -0.169331 
11.720000 	 0.075860 
11.740000 	 -0.033918 
11.760000 	 0.104852 
11.780000 	 0.049460 
11.800000 	 0.169209 
11.820000 	 0.083183 
11.840000 	 0.034792 
11.860000 	 -0.363010 
11.880000 	 0.072748 
11.900000 	 0.124205 
11.920000 	 0.036317 
11.940000 	 -0.005587 
11.960000 	 0.220164 
11.980000 	 0.053431 
12.000000 	 0.182309 
12.020000 	 0.105806 
12.040000 	 0.169680 
12.060000 	 0.142222 
12.080000 	 -0.053131 
12.100000 	 -0.076547 
12.120000 	 -0.014007 
12.140000 	 0.028213 
12.160000 	 0.128157 
12.180000 	 -0.036791 
12.200000 	 -0.064722 
12.220000 	 -0.107484 
12.240000 	 0.226279 
12.260000 	 0.049224 
12.280000 	 -0.041228 
12.300000 	 -0.063923 
12.320000 	 0.100211 
12.340000 	 -0.163191 
12.360000 	 -0.041859 
12.380000 	 -0.135273 
12.400000 	 0.078361 
12.420000 	 0.183155 
12.440000 	 -0.075855 
12.460000 	 -0.123034 
12.480000 	 0.067452 
12.500000 	 0.024892 
12.520000 	 -0.009769 
12.540000 	 -0.051798 
12.560000 	 0.174421 
12.580000 	 0.019633 
12.600000 	 -0.148469 
12.620000 	 -0.238431 
12.640000 	 0.108732 
12.660000 	 -0.155789 
12.680000 	 -0.531079 
12.700000 	 0.094358 
12.720000 	 0.099359 
12.740000 	 0.038844 
12.760000 	 0.114475 
12.780000 	 0.049993 
12.800000 	 0.163880 
12.820000 	 -0.027239 
12.840000 	 0.039255 
12.860000 	 0.031128 
12.880000 	 0.026949 
12.900000 	 -0.151659 
12.920000 	 0.303761 
12.940000 	 0.096026 
12.960000 	 -0.163040 
12.980000 	 0.021162 
13.000000 	 0.091134 
13.020000 	 -0.232297 
13.040000 	 0.024184 
13.060000 	 -0.058003 
13.080000 	 0.097615 
13.100000 	 -0.080190 
13.120000 	 -0.146836 
13.140000 	 0.190051 
13.160000 	 -0.050702 
13.180000 	 0.016975 
13.200000 	 -0.189303 
13.220000 	 0.127880 
13.240000 	 -0.060633 
13.260000 	 -0.096136 
13.280000 	 0.197257 
13.300000 	 0.077710 
13.320000 	 -0.108254 
13.340000 	 -0.110125 
13.360000 	 -0.021604 
13.380000 	 0.079312 
13.400000 	 0.056585 
13.420000 	 0.158084 
13.440000 	 0.194078 
13.460000 	 0.053634 
13.480000 	 0.173431 
13.500000 	 0.222300 
13.520000 	 -0.054217 
13.540000 	 0.088448 
13.560000 	 0.089677 
13.580000 	 0.338639 
13.600000 	 -0.181563 
13.620000 	 -0.168013 
13.640000 	 0.107940 
13.660000 	 0.010496 
13.680000 	 0.088255 
13.700000 	 0.060340 
13.720000 	 0.052947 
13.740000 	 0.160387 
13.760000 	 0.080659 
13.780000 	 -0.075459 
13.800000 	 -0.158486 
13.820000 	 -0.229212 
13.840000 	 0.198038 
13.860000 	 -0.142622 
13.880000 	 -0.162537 
13.900000 	 0.316653 
13.920000 	 -0.065960 
13.940000 	 0.059861 
13.960000 	 0.204417 
13.980000 	 -0.176801 
14.000000 	 -0.269048 
14.020000 	 0.109649 
14.040000 	 0.103737 
14.060000 	 -0.079728 
14.080000 	 0.017598 
14.100000 	 0.198176 
14.120000 	 -0.050911 
14.140000 	 0.064939 
14.160000 	 -0.012954 
14.180000 	 -0.007251 
14.200000 	 -0.117846 
14.220000 	 0.130818 
14.240000 	 0.328346 
14.260000 	 0.200000 
14.280000 	 -0.082437 
14.300000 	 0.221107 
14.320000 	 -0.259253 
14.340000 	 -0.115108 
14.360000 	 0.140925 
14.380000 	 -0.113702 
14.400000 	 0.023836 
14.420000 	 0.287508 
14.440000 	 0.073803 
14.460000 	 0.167043 
14.480000 	 -0.108492 
14.500000 	 -0.027216 
14.520000 	 0.046456 
14.540000 	 0.157414 
14.560000 	 0.236391 
14.580000 	 0.130700 
14.600000 	 0.179441 
14.620000 	 -0.150290 
14.640000 	 0.277612 
14.660000 	 0.112005 
14.680000 	 -0.075607 
14.700000 	 -0.156083 
14.720000 	 -0.215980 
14.740000 	 0.051674 
14.760000 	 -0.020229 
14.780000 	 -0.102604 
14.800000 	 0.003992 
14.820000 	 0.112790 
14.840000 	 -0.210345 
14.860000 	 -0.196741 
14.880000 	 -0.076914 
14.900000 	 0.037693 
14.920000 	 0.277608 
14.940000 	 -0.096651 
14.960000 	 0.016592 
14.980000 	 -0.224854 
15.000000 	 0.309349 
