-15.000000 	 0.010269 
-14.980000 	 0.006735 
-14.960000 	 -0.459751 
-14.940000 	 0.263143 
-14.920000 	 0.102405 
-14.900000 	 0.013390 
-14.880000 	 0.204997 
-14.860000 	 -0.045893 
-14.840000 	 -0.020497 
-14.820000 	 -0.009969 
-14.800000 	 -0.059031 
-14.780000 	 -0.208410 
-14.760000 	 0.071112 
-14.740000 	 -0.127041 
-14.720000 	 0.181982 
-14.700000 	 -0.022145 
-14.680000 	 -0.055625 
-14.660000 	 0.159151 
-14.640000 	 -0.004855 
-14.620000 	 -0.049092 
-14.600000 	 0.214419 
-14.580000 	 -0.047825 
-14.560000 	 -0.206856 
-14.540000 	 -0.236754 
-14.520000 	 0.002630 
-14.500000 	 -0.071018 
-14.480000 	 0.095453 
-14.460000 	 -0.281157 
-14.440000 	 -0.077237 
-14.420000 	 0.007204 
-14.400000 	 -0.082768 
-14.380000 	 -0.056473 
-14.360000 	 0.044093 
-14.340000 	 0.209429 
-14.320000 	 -0.149774 
-14.300000 	 0.194188 
-14.280000 	 -0.071555 
-14.260000 	 0.038194 
-14.240000 	 0.052151 
-14.220000 	 -0.152612 
-14.200000 	 0.198538 
-14.180000 	 0.003115 
-14.160000 	 -0.014818 
-14.140000 	 -0.031207 
-14.120000 	 -0.128792 
-14.100000 	 0.053563 
-14.080000 	 0.064813 
-14.060000 	 0.075905 
-14.040000 	 0.073009 
-14.020000 	 -0.116018 
-14.000000 	 -0.036465 
-13.980000 	 0.014579 
-13.960000 	 -0.240041 
-13.940000 	 0.235479 
-13.920000 	 0.161443 
-13.900000 	 -0.103794 
-13.880000 	 -0.168171 
-13.860000 	 -0.005695 
-13.840000 	 0.085218 
-13.820000 	 0.037754 
-13.800000 	 0.057382 
-13.780000 	 -0.047274 
-13.760000 	 0.346104 
-13.740000 	 -0.108252 
-13.720000 	 0.033023 
-13.700000 	 0.013355 
-13.680000 	 -0.035545 
-13.660000 	 -0.000976 
-13.640000 	 -0.278779 
-13.620000 	 0.074500 
-13.600000 	 -0.280249 
-13.580000 	 0.032684 
-13.560000 	 0.237749 
-13.540000 	 -0.190129 
-13.520000 	 0.181413 
-13.500000 	 -0.112852 
-13.480000 	 -0.218065 
-13.460000 	 -0.021363 
-13.440000 	 0.108074 
-13.420000 	 -0.163719 
-13.400000 	 -0.442133 
-13.380000 	 -0.006062 
-13.360000 	 -0.048070 
-13.340000 	 -0.046600 
-13.320000 	 0.288069 
-13.300000 	 0.075090 
-13.280000 	 -0.129075 
-13.260000 	 0.072271 
-13.240000 	 -0.101701 
-13.220000 	 -0.278336 
-13.200000 	 0.013033 
-13.180000 	 0.111019 
-13.160000 	 0.210766 
-13.140000 	 -0.055995 
-13.120000 	 -0.011449 
-13.100000 	 0.163676 
-13.080000 	 0.325067 
-13.060000 	 -0.133831 
-13.040000 	 0.020499 
-13.020000 	 -0.031408 
-13.000000 	 0.141775 
-12.980000 	 0.204190 
-12.960000 	 -0.137493 
-12.940000 	 0.210066 
-12.920000 	 -0.017090 
-12.900000 	 -0.085827 
-12.880000 	 0.021734 
-12.860000 	 0.042995 
-12.840000 	 -0.129432 
-12.820000 	 0.344922 
-12.800000 	 0.086574 
-12.780000 	 -0.052599 
-12.760000 	 0.104649 
-12.740000 	 0.221370 
-12.720000 	 0.014909 
-12.700000 	 -0.212832 
-12.680000 	 -0.087996 
-12.660000 	 -0.022369 
-12.640000 	 0.110421 
-12.620000 	 0.130943 
-12.600000 	 -0.040303 
-12.580000 	 0.260624 
-12.560000 	 0.136305 
-12.540000 	 0.090800 
-12.520000 	 -0.070936 
-12.500000 	 0.127247 
-12.480000 	 0.034782 
-12.460000 	 -0.033219 
-12.440000 	 0.052662 
-12.420000 	 0.031680 
-12.400000 	 -0.063763 
-12.380000 	 0.063807 
-12.360000 	 0.082141 
-12.340000 	 0.222571 
-12.320000 	 0.133945 
-12.300000 	 0.033673 
-12.280000 	 0.079487 
-12.260000 	 0.098378 
-12.240000 	 0.274260 
-12.220000 	 0.102499 
-12.200000 	 0.029045 
-12.180000 	 0.010747 
-12.160000 	 -0.013182 
-12.140000 	 0.158197 
-12.120000 	 0.198303 
-12.100000 	 0.001962 
-12.080000 	 -0.346604 
-12.060000 	 0.220450 
-12.040000 	 0.082937 
-12.020000 	 0.133087 
-12.000000 	 -0.069891 
-11.980000 	 0.084623 
-11.960000 	 -0.063207 
-11.940000 	 -0.028596 
-11.920000 	 0.237879 
-11.900000 	 -0.209348 
-11.880000 	 0.009214 
-11.860000 	 0.021057 
-11.840000 	 -0.080204 
-11.820000 	 0.270967 
-11.800000 	 0.019235 
-11.780000 	 -0.065026 
-11.760000 	 0.031344 
-11.740000 	 0.029905 
-11.720000 	 -0.026338 
-11.700000 	 0.113737 
-11.680000 	 -0.087262 
-11.660000 	 0.031512 
-11.640000 	 -0.201536 
-11.620000 	 0.072627 
-11.600000 	 -0.220356 
-11.580000 	 -0.088890 
-11.560000 	 0.058462 
-11.540000 	 0.176983 
-11.520000 	 -0.065448 
-11.500000 	 -0.084753 
-11.480000 	 0.203688 
-11.460000 	 -0.052607 
-11.440000 	 -0.219756 
-11.420000 	 -0.088283 
-11.400000 	 -0.156274 
-11.380000 	 0.023214 
-11.360000 	 0.073893 
-11.340000 	 -0.237090 
-11.320000 	 0.121460 
-11.300000 	 -0.116746 
-11.280000 	 0.098744 
-11.260000 	 -0.130243 
-11.240000 	 0.006747 
-11.220000 	 -0.058047 
-11.200000 	 -0.023779 
-11.180000 	 -0.054641 
-11.160000 	 0.096759 
-11.140000 	 0.037059 
-11.120000 	 -0.081386 
-11.100000 	 -0.044888 
-11.080000 	 -0.063053 
-11.060000 	 0.000228 
-11.040000 	 -0.238610 
-11.020000 	 0.028342 
-11.000000 	 -0.053839 
-10.980000 	 -0.087030 
-10.960000 	 -0.118297 
-10.940000 	 0.064231 
-10.920000 	 0.106948 
-10.900000 	 0.132694 
-10.880000 	 -0.103823 
-10.860000 	 0.197680 
-10.840000 	 -0.053738 
-10.820000 	 0.034462 
-10.800000 	 -0.160954 
-10.780000 	 -0.161361 
-10.760000 	 -0.077973 
-10.740000 	 0.196159 
-10.720000 	 -0.059086 
-10.700000 	 -0.004021 
-10.680000 	 0.110953 
-10.660000 	 0.140868 
-10.640000 	 -0.096813 
-10.620000 	 -0.122272 
-10.600000 	 -0.021139 
-10.580000 	 -0.248605 
-10.560000 	 -0.131395 
-10.540000 	 -0.426691 
-10.520000 	 0.096157 
-10.500000 	 0.103845 
-10.480000 	 0.159167 
-10.460000 	 -0.014908 
-10.440000 	 -0.063968 
-10.420000 	 0.014642 
-10.400000 	 -0.016696 
-10.380000 	 -0.018047 
-10.360000 	 0.158373 
-10.340000 	 -0.115625 
-10.320000 	 0.011085 
-10.300000 	 -0.228626 
-10.280000 	 -0.072856 
-10.260000 	 -0.161376 
-10.240000 	 0.098563 
-10.220000 	 -0.196227 
-10.200000 	 0.098473 
-10.180000 	 0.196128 
-10.160000 	 0.106103 
-10.140000 	 0.046008 
-10.120000 	 -0.192082 
-10.100000 	 0.101684 
-10.080000 	 0.123531 
-10.060000 	 0.111064 
-10.040000 	 0.031435 
-10.020000 	 -0.098492 
-10.000000 	 -0.217251 
-9.980000 	 0.119739 
-9.960000 	 0.015100 
-9.940000 	 -0.202755 
-9.920000 	 -0.472364 
-9.900000 	 0.131189 
-9.880000 	 -0.337969 
-9.860000 	 0.257737 
-9.840000 	 0.193230 
-9.820000 	 -0.061350 
-9.800000 	 -0.217759 
-9.780000 	 0.217240 
-9.760000 	 -0.043805 
-9.740000 	 0.070889 
-9.720000 	 -0.065948 
-9.700000 	 0.027322 
-9.680000 	 -0.022811 
-9.660000 	 0.099205 
-9.640000 	 -0.063252 
-9.620000 	 -0.211787 
-9.600000 	 -0.064401 
-9.580000 	 0.067925 
-9.560000 	 0.144256 
-9.540000 	 0.058518 
-9.520000 	 0.196643 
-9.500000 	 0.038369 
-9.480000 	 -0.051019 
-9.460000 	 0.111488 
-9.440000 	 0.130340 
-9.420000 	 0.061374 
-9.400000 	 0.003391 
-9.380000 	 -0.208914 
-9.360000 	 -0.190121 
-9.340000 	 -0.287931 
-9.320000 	 -0.154375 
-9.300000 	 -0.240298 
-9.280000 	 0.198171 
-9.260000 	 0.114163 
-9.240000 	 -0.096744 
-9.220000 	 0.066482 
-9.200000 	 -0.199901 
-9.180000 	 0.055985 
-9.160000 	 0.036597 
-9.140000 	 0.186154 
-9.120000 	 0.385787 
-9.100000 	 -0.184336 
-9.080000 	 -0.047411 
-9.060000 	 0.232814 
-9.040000 	 -0.052536 
-9.020000 	 0.060583 
-9.000000 	 -0.069913 
-8.980000 	 0.139054 
-8.960000 	 0.053607 
-8.940000 	 0.150301 
-8.920000 	 -0.139190 
-8.900000 	 0.024013 
-8.880000 	 -0.031876 
-8.860000 	 0.053886 
-8.840000 	 -0.080381 
-8.820000 	 -0.113966 
-8.800000 	 0.158884 
-8.780000 	 0.132728 
-8.760000 	 0.052947 
-8.740000 	 -0.154644 
-8.720000 	 0.085461 
-8.700000 	 0.091684 
-8.680000 	 -0.054059 
-8.660000 	 0.055174 
-8.640000 	 0.112736 
-8.620000 	 0.060506 
-8.600000 	 -0.018903 
-8.580000 	 -0.093334 
-8.560000 	 0.059343 
-8.540000 	 -0.071841 
-8.520000 	 0.143645 
-8.500000 	 0.100478 
-8.480000 	 0.010609 
-8.460000 	 0.096494 
-8.440000 	 0.127459 
-8.420000 	 0.072914 
-8.400000 	 0.288374 
-8.380000 	 0.034828 
-8.360000 	 0.132828 
-8.340000 	 -0.056293 
-8.320000 	 0.022273 
-8.300000 	 -0.115794 
-8.280000 	 0.129003 
-8.260000 	 -0.136790 
-8.240000 	 0.157853 
-8.220000 	 0.046598 
-8.200000 	 -0.214467 
-8.180000 	 0.138157 
-8.160000 	 0.119623 
-8.140000 	 0.302340 
-8.120000 	 0.089382 
-8.100000 	 0.117977 
-8.080000 	 -0.008524 
-8.060000 	 -0.002029 
-8.040000 	 -0.260675 
-8.020000 	 0.098551 
-8.000000 	 0.070143 
-7.980000 	 0.088141 
-7.960000 	 0.038177 
-7.940000 	 0.173661 
-7.920000 	 0.097314 
-7.900000 	 -0.146387 
-7.880000 	 -0.256216 
-7.860000 	 -0.109210 
-7.840000 	 0.094820 
-7.820000 	 0.079120 
-7.800000 	 0.097720 
-7.780000 	 0.354254 
-7.760000 	 0.197411 
-7.740000 	 0.039704 
-7.720000 	 0.214650 
-7.700000 	 -0.180977 
-7.680000 	 -0.280027 
-7.660000 	 0.125067 
-7.640000 	 -0.259332 
-7.620000 	 -0.133854 
-7.600000 	 0.364454 
-7.580000 	 -0.111113 
-7.560000 	 0.055094 
-7.540000 	 0.204313 
-7.520000 	 0.327270 
-7.500000 	 -0.152051 
-7.480000 	 0.134380 
-7.460000 	 -0.053271 
-7.440000 	 -0.020130 
-7.420000 	 0.144130 
-7.400000 	 0.011643 
-7.380000 	 0.223042 
-7.360000 	 0.201242 
-7.340000 	 0.088177 
-7.320000 	 -0.042088 
-7.300000 	 0.005416 
-7.280000 	 0.166711 
-7.260000 	 -0.120788 
-7.240000 	 -0.036498 
-7.220000 	 0.122782 
-7.200000 	 -0.102077 
-7.180000 	 0.156256 
-7.160000 	 0.317735 
-7.140000 	 0.034697 
-7.120000 	 -0.007939 
-7.100000 	 -0.215865 
-7.080000 	 0.018355 
-7.060000 	 0.054532 
-7.040000 	 0.148223 
-7.020000 	 0.177090 
-7.000000 	 -0.091940 
-6.980000 	 -0.088145 
-6.960000 	 0.156660 
-6.940000 	 0.065456 
-6.920000 	 0.269223 
-6.900000 	 0.107973 
-6.880000 	 0.304347 
-6.860000 	 0.073012 
-6.840000 	 0.390575 
-6.820000 	 0.036297 
-6.800000 	 -0.214902 
-6.780000 	 0.109899 
-6.760000 	 -0.068025 
-6.740000 	 -0.020470 
-6.720000 	 0.006791 
-6.700000 	 -0.081550 
-6.680000 	 0.523087 
-6.660000 	 -0.120657 
-6.640000 	 -0.033408 
-6.620000 	 0.115766 
-6.600000 	 0.059549 
-6.580000 	 -0.015090 
-6.560000 	 -0.140390 
-6.540000 	 0.109313 
-6.520000 	 0.143170 
-6.500000 	 -0.018684 
-6.480000 	 -0.039387 
-6.460000 	 -0.020454 
-6.440000 	 0.132680 
-6.420000 	 -0.003385 
-6.400000 	 0.623766 
-6.380000 	 0.095225 
-6.360000 	 0.049089 
-6.340000 	 0.021398 
-6.320000 	 0.231127 
-6.300000 	 -0.075094 
-6.280000 	 0.267051 
-6.260000 	 0.294140 
-6.240000 	 0.096864 
-6.220000 	 0.035116 
-6.200000 	 0.299228 
-6.180000 	 0.226409 
-6.160000 	 0.252530 
-6.140000 	 0.273062 
-6.120000 	 0.209365 
-6.100000 	 -0.037848 
-6.080000 	 0.268481 
-6.060000 	 0.148519 
-6.040000 	 0.007917 
-6.020000 	 0.179059 
-6.000000 	 0.265954 
-5.980000 	 0.232612 
-5.960000 	 0.482397 
-5.940000 	 0.125004 
-5.920000 	 -0.026849 
-5.900000 	 -0.004127 
-5.880000 	 0.278645 
-5.860000 	 0.078486 
-5.840000 	 0.319531 
-5.820000 	 0.102240 
-5.800000 	 -0.102050 
-5.780000 	 0.115271 
-5.760000 	 0.456073 
-5.740000 	 0.119398 
-5.720000 	 0.203292 
-5.700000 	 0.069952 
-5.680000 	 0.391484 
-5.660000 	 0.334110 
-5.640000 	 0.290579 
-5.620000 	 0.389204 
-5.600000 	 0.293455 
-5.580000 	 0.347893 
-5.560000 	 0.244568 
-5.540000 	 0.256331 
-5.520000 	 0.376964 
-5.500000 	 0.412139 
-5.480000 	 0.205995 
-5.460000 	 0.380436 
-5.440000 	 0.351306 
-5.420000 	 0.528461 
-5.400000 	 0.444171 
-5.380000 	 0.185958 
-5.360000 	 0.168168 
-5.340000 	 0.257231 
-5.320000 	 0.487202 
-5.300000 	 0.594954 
-5.280000 	 0.032303 
-5.260000 	 0.255076 
-5.240000 	 0.423451 
-5.220000 	 0.271939 
-5.200000 	 0.594433 
-5.180000 	 0.420696 
-5.160000 	 0.340218 
-5.140000 	 0.260259 
-5.120000 	 0.444670 
-5.100000 	 0.510334 
-5.080000 	 0.080292 
-5.060000 	 0.230988 
-5.040000 	 0.205167 
-5.020000 	 0.364428 
-5.000000 	 0.370091 
-4.980000 	 0.504725 
-4.960000 	 0.429363 
-4.940000 	 0.441930 
-4.920000 	 0.152812 
-4.900000 	 0.444033 
-4.880000 	 0.215378 
-4.860000 	 0.395473 
-4.840000 	 0.266107 
-4.820000 	 0.416948 
-4.800000 	 0.602563 
-4.780000 	 0.447432 
-4.760000 	 0.591507 
-4.740000 	 0.538876 
-4.720000 	 0.363746 
-4.700000 	 0.216893 
-4.680000 	 0.254153 
-4.660000 	 0.209584 
-4.640000 	 0.511318 
-4.620000 	 0.631911 
-4.600000 	 0.414800 
-4.580000 	 0.317017 
-4.560000 	 0.477263 
-4.540000 	 0.228259 
-4.520000 	 0.548845 
-4.500000 	 0.191186 
-4.480000 	 0.460920 
-4.460000 	 0.620854 
-4.440000 	 0.407555 
-4.420000 	 0.725569 
-4.400000 	 0.222847 
-4.380000 	 0.470266 
-4.360000 	 0.419348 
-4.340000 	 0.420692 
-4.320000 	 0.519600 
-4.300000 	 0.534181 
-4.280000 	 0.685663 
-4.260000 	 0.494072 
-4.240000 	 0.251013 
-4.220000 	 0.272195 
-4.200000 	 0.438313 
-4.180000 	 0.819074 
-4.160000 	 0.301357 
-4.140000 	 0.650709 
-4.120000 	 0.700000 
-4.100000 	 0.587093 
-4.080000 	 0.751030 
-4.060000 	 0.711218 
-4.040000 	 0.377559 
-4.020000 	 0.607861 
-4.000000 	 0.516718 
-3.980000 	 0.536143 
-3.960000 	 0.334884 
-3.940000 	 0.547958 
-3.920000 	 0.704902 
-3.900000 	 0.546592 
-3.880000 	 0.700427 
-3.860000 	 0.646904 
-3.840000 	 0.463904 
-3.820000 	 0.308434 
-3.800000 	 0.345361 
-3.780000 	 0.568591 
-3.760000 	 0.457287 
-3.740000 	 0.381259 
-3.720000 	 0.318221 
-3.700000 	 0.398244 
-3.680000 	 0.599625 
-3.660000 	 0.567279 
-3.640000 	 0.624177 
-3.620000 	 0.615691 
-3.600000 	 0.508920 
-3.580000 	 0.389107 
-3.560000 	 0.333822 
-3.540000 	 0.308010 
-3.520000 	 0.474736 
-3.500000 	 0.406145 
-3.480000 	 0.632065 
-3.460000 	 0.781850 
-3.440000 	 0.410850 
-3.420000 	 0.290917 
-3.400000 	 0.423357 
-3.380000 	 0.445972 
-3.360000 	 0.443974 
-3.340000 	 0.816189 
-3.320000 	 0.788122 
-3.300000 	 0.336624 
-3.280000 	 0.699924 
-3.260000 	 0.331406 
-3.240000 	 0.417833 
-3.220000 	 0.400004 
-3.200000 	 0.565702 
-3.180000 	 0.410858 
-3.160000 	 0.435877 
-3.140000 	 0.387249 
-3.120000 	 0.277727 
-3.100000 	 0.386513 
-3.080000 	 0.644973 
-3.060000 	 0.521981 
-3.040000 	 0.481241 
-3.020000 	 0.303320 
-3.000000 	 0.768686 
-2.980000 	 0.505212 
-2.960000 	 0.245024 
-2.940000 	 0.303626 
-2.920000 	 0.427913 
-2.900000 	 0.618469 
-2.880000 	 0.362017 
-2.860000 	 0.401031 
-2.840000 	 0.352238 
-2.820000 	 0.671387 
-2.800000 	 0.100000 
-2.780000 	 0.636789 
-2.760000 	 0.381585 
-2.740000 	 0.220784 
-2.720000 	 0.096262 
-2.700000 	 0.170776 
-2.680000 	 0.250165 
-2.660000 	 0.300791 
-2.640000 	 0.192720 
-2.620000 	 0.346759 
-2.600000 	 0.336920 
-2.580000 	 0.178223 
-2.560000 	 0.124400 
-2.540000 	 0.259664 
-2.520000 	 0.130081 
-2.500000 	 0.631246 
-2.480000 	 0.338309 
-2.460000 	 0.305972 
-2.440000 	 0.360463 
-2.420000 	 0.558041 
-2.400000 	 0.456639 
-2.380000 	 0.057298 
-2.360000 	 0.121179 
-2.340000 	 0.211939 
-2.320000 	 0.246496 
-2.300000 	 0.387424 
-2.280000 	 0.291774 
-2.260000 	 0.466131 
-2.240000 	 0.391979 
-2.220000 	 0.268862 
-2.200000 	 0.178910 
-2.180000 	 -0.050550 
-2.160000 	 0.271315 
-2.140000 	 0.365774 
-2.120000 	 0.160692 
-2.100000 	 -0.077839 
-2.080000 	 0.222333 
-2.060000 	 0.074963 
-2.040000 	 0.420886 
-2.020000 	 0.233240 
-2.000000 	 0.108600 
-1.980000 	 0.427771 
-1.960000 	 0.036722 
-1.940000 	 0.111073 
-1.920000 	 0.406473 
-1.900000 	 0.191441 
-1.880000 	 0.436968 
-1.860000 	 -0.092175 
-1.840000 	 0.188590 
-1.820000 	 0.294818 
-1.800000 	 0.286199 
-1.780000 	 -0.097821 
-1.760000 	 0.121004 
-1.740000 	 0.158749 
-1.720000 	 0.478193 
-1.700000 	 0.296216 
-1.680000 	 0.057274 
-1.660000 	 0.266862 
-1.640000 	 0.069347 
-1.620000 	 0.251776 
-1.600000 	 0.449491 
-1.580000 	 0.281798 
-1.560000 	 0.501736 
-1.540000 	 0.073812 
-1.520000 	 0.150865 
-1.500000 	 0.247285 
-1.480000 	 -0.094460 
-1.460000 	 0.207819 
-1.440000 	 0.292935 
-1.420000 	 0.183969 
-1.400000 	 0.011024 
-1.380000 	 0.201691 
-1.360000 	 0.061849 
-1.340000 	 0.238205 
-1.320000 	 0.324578 
-1.300000 	 0.023182 
-1.280000 	 0.172749 
-1.260000 	 0.229792 
-1.240000 	 0.026518 
-1.220000 	 0.195779 
-1.200000 	 0.357978 
-1.180000 	 0.311492 
-1.160000 	 0.338950 
-1.140000 	 -0.200646 
-1.120000 	 0.316046 
-1.100000 	 0.031727 
-1.080000 	 0.060043 
-1.060000 	 0.296870 
-1.040000 	 -0.000986 
-1.020000 	 0.239324 
-1.000000 	 0.157340 
-0.980000 	 0.143592 
-0.960000 	 0.074700 
-0.940000 	 0.162280 
-0.920000 	 -0.032853 
-0.900000 	 0.333378 
-0.880000 	 0.014296 
-0.860000 	 0.047103 
-0.840000 	 0.372284 
-0.820000 	 0.231978 
-0.800000 	 0.103419 
-0.780000 	 0.110358 
-0.760000 	 0.169675 
-0.740000 	 0.136054 
-0.720000 	 0.300875 
-0.700000 	 0.182172 
-0.680000 	 -0.026234 
-0.660000 	 0.102515 
-0.640000 	 0.143973 
-0.620000 	 -0.098369 
-0.600000 	 0.300000 
-0.580000 	 -0.072553 
-0.560000 	 -0.106309 
-0.540000 	 0.531371 
-0.520000 	 0.176848 
-0.500000 	 -0.045607 
-0.480000 	 0.145613 
-0.460000 	 0.263676 
-0.440000 	 0.045568 
-0.420000 	 0.196185 
-0.400000 	 0.223770 
-0.380000 	 0.300745 
-0.360000 	 0.034212 
-0.340000 	 0.224118 
-0.320000 	 0.136649 
-0.300000 	 -0.052970 
-0.280000 	 -0.146960 
-0.260000 	 0.198023 
-0.240000 	 0.269856 
-0.220000 	 0.113017 
-0.200000 	 0.344674 
-0.180000 	 0.291807 
-0.160000 	 -0.132454 
-0.140000 	 0.210805 
-0.120000 	 0.145726 
-0.100000 	 0.043990 
-0.080000 	 0.219180 
-0.060000 	 0.195775 
-0.040000 	 0.433907 
-0.020000 	 0.274147 
0.000000 	 0.252630 
0.020000 	 0.374110 
0.040000 	 0.114707 
0.060000 	 0.177223 
0.080000 	 0.025178 
0.100000 	 0.329517 
0.120000 	 0.024114 
0.140000 	 0.034770 
0.160000 	 0.334932 
0.180000 	 0.523728 
0.200000 	 0.392670 
0.220000 	 0.315638 
0.240000 	 0.439495 
0.260000 	 0.479119 
0.280000 	 0.266141 
0.300000 	 0.107670 
0.320000 	 0.275544 
0.340000 	 0.188721 
0.360000 	 0.260910 
0.380000 	 0.246372 
0.400000 	 0.451951 
0.420000 	 0.405184 
0.440000 	 0.522997 
0.460000 	 0.380527 
0.480000 	 0.309804 
0.500000 	 0.186547 
0.520000 	 0.173684 
0.540000 	 0.511562 
0.560000 	 0.245145 
0.580000 	 0.572460 
0.600000 	 0.102731 
0.620000 	 0.316568 
0.640000 	 0.358712 
0.660000 	 0.402950 
0.680000 	 0.257787 
0.700000 	 0.457064 
0.720000 	 0.548071 
0.740000 	 0.198242 
0.760000 	 0.096393 
0.780000 	 0.449123 
0.800000 	 0.464358 
0.820000 	 0.473679 
0.840000 	 0.323821 
0.860000 	 0.405520 
0.880000 	 0.292304 
0.900000 	 0.615863 
0.920000 	 0.343106 
0.940000 	 0.124929 
0.960000 	 0.472044 
0.980000 	 0.739572 
1.000000 	 0.632119 
1.020000 	 0.523336 
1.040000 	 0.502103 
1.060000 	 0.491610 
1.080000 	 0.640995 
1.100000 	 0.551524 
1.120000 	 0.553928 
1.140000 	 0.546922 
1.160000 	 0.812840 
1.180000 	 0.606045 
1.200000 	 0.680998 
1.220000 	 0.616187 
1.240000 	 0.694936 
1.260000 	 0.523446 
1.280000 	 0.694218 
1.300000 	 0.585270 
1.320000 	 0.727517 
1.340000 	 0.802404 
1.360000 	 0.780496 
1.380000 	 0.468183 
1.400000 	 0.756506 
1.420000 	 0.741564 
1.440000 	 1.097674 
1.460000 	 0.807829 
1.480000 	 0.469969 
1.500000 	 0.758749 
1.520000 	 0.590518 
1.540000 	 0.793564 
1.560000 	 0.590738 
1.580000 	 1.022513 
1.600000 	 0.726246 
1.620000 	 0.987482 
1.640000 	 1.026989 
1.660000 	 0.614100 
1.680000 	 1.351065 
1.700000 	 0.811403 
1.720000 	 0.505154 
1.740000 	 0.987680 
1.760000 	 0.787696 
1.780000 	 0.844430 
1.800000 	 0.675020 
1.820000 	 0.930922 
1.840000 	 0.901889 
1.860000 	 0.731473 
1.880000 	 0.810380 
1.900000 	 0.750008 
1.920000 	 1.054128 
1.940000 	 0.898731 
1.960000 	 1.063792 
1.980000 	 0.798279 
2.000000 	 0.759725 
2.020000 	 0.821599 
2.040000 	 1.225514 
2.060000 	 1.014176 
2.080000 	 1.180117 
2.100000 	 0.856543 
2.120000 	 0.943921 
2.140000 	 0.859740 
2.160000 	 1.423244 
2.180000 	 0.999307 
2.200000 	 0.937413 
2.220000 	 0.885234 
2.240000 	 1.170292 
2.260000 	 0.865971 
2.280000 	 1.167198 
2.300000 	 1.249543 
2.320000 	 1.043577 
2.340000 	 0.920772 
2.360000 	 1.162541 
2.380000 	 1.271397 
2.400000 	 1.072705 
2.420000 	 1.289019 
2.440000 	 1.041878 
2.460000 	 1.154377 
2.480000 	 1.190089 
2.500000 	 1.394127 
2.520000 	 1.053976 
2.540000 	 1.151087 
2.560000 	 1.530403 
2.580000 	 1.107735 
2.600000 	 1.238507 
2.620000 	 1.253236 
2.640000 	 1.090672 
2.660000 	 1.042991 
2.680000 	 1.074267 
2.700000 	 1.425369 
2.720000 	 1.529989 
2.740000 	 1.268054 
2.760000 	 1.352734 
2.780000 	 1.193509 
2.800000 	 1.365325 
2.820000 	 1.173479 
2.840000 	 1.259246 
2.860000 	 1.540523 
2.880000 	 1.426848 
2.900000 	 0.400000 
2.920000 	 1.323478 
2.940000 	 1.231815 
2.960000 	 1.609282 
2.980000 	 1.501687 
3.000000 	 1.448079 
3.020000 	 1.343250 
3.040000 	 1.319429 
3.060000 	 1.258724 
3.080000 	 1.443816 
3.100000 	 1.460710 
3.120000 	 1.225502 
3.140000 	 1.597335 
3.160000 	 1.411328 
3.180000 	 1.453138 
3.200000 	 1.762928 
3.220000 	 1.421132 
3.240000 	 1.273992 
3.260000 	 1.513888 
3.280000 	 1.543764 
3.300000 	 1.208729 
3.320000 	 1.474117 
3.340000 	 1.396656 
3.360000 	 1.533619 
3.380000 	 1.343051 
3.400000 	 1.386257 
3.420000 	 1.524739 
3.440000 	 1.282562 
3.460000 	 1.444196 
3.480000 	 1.669489 
3.500000 	 1.398615 
3.520000 	 1.341429 
3.540000 	 1.460285 
3.560000 	 1.366639 
3.580000 	 1.550513 
3.600000 	 1.581796 
3.620000 	 1.604451 
3.640000 	 1.544442 
3.660000 	 1.490423 
3.680000 	 1.727321 
3.700000 	 1.559220 
3.720000 	 1.632091 
3.740000 	 1.690695 
3.760000 	 1.577101 
3.780000 	 1.587961 
3.800000 	 1.843860 
3.820000 	 1.703936 
3.840000 	 1.872976 
3.860000 	 1.532973 
3.880000 	 1.571586 
3.900000 	 1.535472 
3.920000 	 1.705013 
3.940000 	 1.377049 
3.960000 	 1.502927 
3.980000 	 1.332400 
4.000000 	 1.569853 
4.020000 	 1.864493 
4.040000 	 1.547895 
4.060000 	 1.625850 
4.080000 	 1.248675 
4.100000 	 1.435893 
4.120000 	 1.649881 
4.140000 	 1.454905 
4.160000 	 1.438716 
4.180000 	 1.824096 
4.200000 	 1.853528 
4.220000 	 1.558326 
4.240000 	 1.491822 
4.260000 	 1.549714 
4.280000 	 1.516739 
4.300000 	 1.540341 
4.320000 	 1.742604 
4.340000 	 1.648292 
4.360000 	 1.433586 
4.380000 	 1.681302 
4.400000 	 1.667221 
4.420000 	 1.603621 
4.440000 	 1.406821 
4.460000 	 1.986575 
4.480000 	 1.200087 
4.500000 	 1.600044 
4.520000 	 1.481025 
4.540000 	 1.551822 
4.560000 	 1.477704 
4.580000 	 1.460787 
4.600000 	 1.398287 
4.620000 	 1.753618 
4.640000 	 1.515178 
4.660000 	 1.503335 
4.680000 	 1.732807 
4.700000 	 1.532017 
4.720000 	 1.460641 
4.740000 	 1.408151 
4.760000 	 1.434207 
4.780000 	 1.421532 
4.800000 	 1.935192 
4.820000 	 1.317411 
4.840000 	 1.379862 
4.860000 	 1.690081 
4.880000 	 1.779637 
4.900000 	 1.527904 
4.920000 	 1.420761 
4.940000 	 1.545006 
4.960000 	 1.455579 
4.980000 	 1.323989 
5.000000 	 1.452128 
5.020000 	 1.478590 
5.040000 	 1.548052 
5.060000 	 1.017260 
5.080000 	 1.195135 
5.100000 	 1.485361 
5.120000 	 1.611692 
5.140000 	 1.440306 
5.160000 	 1.229633 
5.180000 	 1.079293 
5.200000 	 1.272252 
5.220000 	 1.209206 
5.240000 	 0.880395 
5.260000 	 1.027849 
5.280000 	 1.270976 
5.300000 	 1.140300 
5.320000 	 1.223485 
5.340000 	 1.072831 
5.360000 	 1.365277 
5.380000 	 1.153809 
5.400000 	 1.471125 
5.420000 	 1.070711 
5.440000 	 1.231731 
5.460000 	 1.262677 
5.480000 	 1.075534 
5.500000 	 1.272868 
5.520000 	 1.318101 
5.540000 	 1.222757 
5.560000 	 1.101519 
5.580000 	 1.068049 
5.600000 	 1.330340 
5.620000 	 1.206768 
5.640000 	 0.999554 
5.660000 	 0.982734 
5.680000 	 1.077169 
5.700000 	 0.927792 
5.720000 	 1.140158 
5.740000 	 1.137219 
5.760000 	 0.873473 
5.780000 	 1.070277 
5.800000 	 0.941891 
5.820000 	 1.430097 
5.840000 	 1.054683 
5.860000 	 0.919842 
5.880000 	 1.067134 
5.900000 	 1.099610 
5.920000 	 0.924264 
5.940000 	 0.797204 
5.960000 	 0.680466 
5.980000 	 1.094464 
6.000000 	 1.181857 
6.020000 	 0.928822 
6.040000 	 1.162916 
6.060000 	 0.983406 
6.080000 	 1.078922 
6.100000 	 0.987377 
6.120000 	 0.937413 
6.140000 	 0.767174 
6.160000 	 1.116494 
6.180000 	 0.694127 
6.200000 	 0.900042 
6.220000 	 1.040928 
6.240000 	 0.942914 
6.260000 	 1.020891 
6.280000 	 0.847347 
6.300000 	 0.598730 
6.320000 	 0.607421 
6.340000 	 0.602140 
6.360000 	 0.818157 
6.380000 	 0.988154 
6.400000 	 0.741528 
6.420000 	 0.749367 
6.440000 	 0.602074 
6.460000 	 0.594379 
6.480000 	 0.787780 
6.500000 	 0.651859 
6.520000 	 0.626259 
6.540000 	 0.811237 
6.560000 	 0.523858 
6.580000 	 0.489102 
6.600000 	 0.920674 
6.620000 	 0.808363 
6.640000 	 0.553550 
6.660000 	 0.720252 
6.680000 	 0.988975 
6.700000 	 0.922167 
6.720000 	 0.669043 
6.740000 	 0.721143 
6.760000 	 0.655505 
6.780000 	 0.712227 
6.800000 	 0.654200 
6.820000 	 0.652703 
6.840000 	 0.240725 
6.860000 	 0.524187 
6.880000 	 0.499354 
6.900000 	 0.256578 
6.920000 	 0.549665 
6.940000 	 0.350939 
6.960000 	 0.630845 
6.980000 	 0.486479 
7.000000 	 0.501225 
7.020000 	 0.677479 
7.040000 	 0.464246 
7.060000 	 0.769818 
7.080000 	 0.611418 
7.100000 	 0.783460 
7.120000 	 0.354181 
7.140000 	 0.164643 
7.160000 	 0.657624 
7.180000 	 0.405244 
7.200000 	 0.363100 
7.220000 	 0.277684 
7.240000 	 0.529892 
7.260000 	 0.246085 
7.280000 	 0.663957 
7.300000 	 0.280880 
7.320000 	 0.333396 
7.340000 	 0.356835 
7.360000 	 0.037095 
7.380000 	 0.268776 
7.400000 	 0.234817 
7.420000 	 0.319481 
7.440000 	 0.236343 
7.460000 	 0.257445 
7.480000 	 0.508275 
7.500000 	 0.546436 
7.520000 	 0.356327 
7.540000 	 0.285908 
7.560000 	 0.207357 
7.580000 	 0.385620 
7.600000 	 0.175164 
7.620000 	 0.296347 
7.640000 	 0.385910 
7.660000 	 0.362367 
7.680000 	 0.500518 
7.700000 	 0.263072 
7.720000 	 0.309977 
7.740000 	 0.337184 
7.760000 	 0.145644 
7.780000 	 0.339757 
7.800000 	 0.355213 
7.820000 	 0.126698 
7.840000 	 0.347410 
7.860000 	 0.211024 
7.880000 	 0.140716 
7.900000 	 0.132003 
7.920000 	 0.104046 
7.940000 	 0.397426 
7.960000 	 0.124013 
7.980000 	 0.296358 
8.000000 	 0.241910 
8.020000 	 0.270610 
8.040000 	 0.319868 
8.060000 	 0.321491 
8.080000 	 0.367053 
8.100000 	 0.169449 
8.120000 	 0.286318 
8.140000 	 0.244938 
8.160000 	 0.191245 
8.180000 	 0.395843 
8.200000 	 0.125467 
8.220000 	 0.423391 
8.240000 	 0.256703 
8.260000 	 0.249341 
8.280000 	 0.175367 
8.300000 	 0.594862 
8.320000 	 0.051388 
8.340000 	 0.378775 
8.360000 	 0.124384 
8.380000 	 -0.037048 
8.400000 	 0.024603 
8.420000 	 0.379768 
8.440000 	 0.264895 
8.460000 	 0.206691 
8.480000 	 0.198620 
8.500000 	 0.048093 
8.520000 	 -0.015374 
8.540000 	 0.046064 
8.560000 	 0.305059 
8.580000 	 0.031472 
8.600000 	 -0.175983 
8.620000 	 -0.128195 
8.640000 	 0.087959 
8.660000 	 0.095198 
8.680000 	 0.301666 
8.700000 	 0.063981 
8.720000 	 0.186648 
8.740000 	 -0.246709 
8.760000 	 0.027438 
8.780000 	 -0.071938 
8.800000 	 0.086973 
8.820000 	 -0.047005 
8.840000 	 0.084050 
8.860000 	 0.114813 
8.880000 	 0.234717 
8.900000 	 -0.052321 
8.920000 	 0.178334 
8.940000 	 0.036692 
8.960000 	 0.077368 
8.980000 	 -0.072571 
9.000000 	 -0.000877 
9.020000 	 -0.134380 
9.040000 	 0.301372 
9.060000 	 -0.037222 
9.080000 	 -0.098268 
9.100000 	 0.191236 
9.120000 	 0.017363 
9.140000 	 0.017825 
9.160000 	 0.048495 
9.180000 	 0.091533 
9.200000 	 0.202532 
9.220000 	 0.185526 
9.240000 	 0.079693 
9.260000 	 0.216850 
9.280000 	 -0.061272 
9.300000 	 0.034789 
9.320000 	 -0.027422 
9.340000 	 -0.072480 
9.360000 	 -0.100413 
9.380000 	 0.157855 
9.400000 	 0.129212 
9.420000 	 0.154417 
9.440000 	 0.095834 
9.460000 	 -0.018152 
9.480000 	 0.140624 
9.500000 	 0.047822 
9.520000 	 0.010650 
9.540000 	 0.188420 
9.560000 	 -0.097972 
9.580000 	 0.335686 
9.600000 	 0.008124 
9.620000 	 0.358418 
9.640000 	 -0.042199 
9.660000 	 0.157641 
9.680000 	 0.144495 
9.700000 	 0.115697 
9.720000 	 -0.228659 
9.740000 	 -0.032225 
9.760000 	 0.066121 
9.780000 	 -0.036161 
9.800000 	 -0.474869 
9.820000 	 0.155180 
9.840000 	 -0.098522 
9.860000 	 0.193580 
9.880000 	 -0.066999 
9.900000 	 -0.133587 
9.920000 	 0.163812 
9.940000 	 0.031421 
9.960000 	 0.008259 
9.980000 	 -0.168073 
10.000000 	 -0.085874 
10.020000 	 0.129173 
10.040000 	 0.100362 
10.060000 	 0.184887 
10.080000 	 -0.144891 
10.100000 	 0.080701 
10.120000 	 -0.007921 
10.140000 	 -0.179736 
10.160000 	 -0.035055 
10.180000 	 -0.076873 
10.200000 	 0.094998 
10.220000 	 -0.271093 
10.240000 	 -0.015984 
10.260000 	 0.187037 
10.280000 	 -0.027093 
10.300000 	 0.143666 
10.320000 	 -0.036557 
10.340000 	 -0.113625 
10.360000 	 0.243763 
10.380000 	 0.075364 
10.400000 	 0.013009 
10.420000 	 0.098117 
10.440000 	 -0.056671 
10.460000 	 0.233160 
10.480000 	 -0.029191 
10.500000 	 -0.206245 
10.520000 	 -0.102596 
10.540000 	 -0.012381 
10.560000 	 0.089272 
10.580000 	 0.110457 
10.600000 	 0.071454 
10.620000 	 -0.028188 
10.640000 	 0.082349 
10.660000 	 -0.024419 
10.680000 	 0.090900 
10.700000 	 0.247366 
10.720000 	 -0.007204 
10.740000 	 -0.251096 
10.760000 	 0.170393 
10.780000 	 -0.198871 
10.800000 	 0.113449 
10.820000 	 0.186543 
10.840000 	 -0.114273 
10.860000 	 0.063599 
10.880000 	 -0.264684 
10.900000 	 0.220912 
10.920000 	 -0.161439 
10.940000 	 0.047232 
10.960000 	 0.095870 
10.980000 	 0.246751 
11.000000 	 0.012815 
11.020000 	 -0.105982 
11.040000 	 0.155551 
11.060000 	 -0.101013 
11.080000 	 -0.014452 
11.100000 	 -0.069587 
11.120000 	 -0.139565 
11.140000 	 0.046368 
11.160000 	 0.135852 
11.180000 	 0.121565 
11.200000 	 0.149326 
11.220000 	 -0.251855 
11.240000 	 -0.032042 
11.260000 	 0.297027 
11.280000 	 -0.001650 
11.300000 	 0.092247 
11.320000 	 0.116487 
11.340000 	 0.269482 
11.360000 	 0.160072 
11.380000 	 0.042710 
11.400000 	 -0.199008 
11.420000 	 0.147505 
11.440000 	 0.162174 
11.460000 	 -0.000523 
11.480000 	 0.015231 
11.500000 	 -0.321285 
11.520000 	 -0.008256 
11.540000 	 -0.039731 
11.560000 	 0.351215 
11.580000 	 0.126694 
11.600000 	 -0.109818 
11.620000 	 0.187192 
11.640000 	 -0.035228 
11.660000 	 -0.097510 
11.680000 	 -0.073119 
11.700000 	 0.123083 
11.720000 	 -0.081139 
11.740000 	 -0.192528 
11.760000 	 0.006161 
11.780000 	 0.043738 
11.800000 	 0.022936 
11.820000 	 0.045630 
11.840000 	 -0.115927 
11.860000 	 0.093007 
11.880000 	 -0.092937 
11.900000 	 0.276757 
11.920000 	 0.105963 
11.940000 	 -0.012413 
11.960000 	 0.076454 
11.980000 	 0.051013 
12.000000 	 0.110190 
12.020000 	 -0.176609 
12.040000 	 0.305631 
12.060000 	 -0.065025 
12.080000 	 -0.265275 
12.100000 	 0.116959 
12.120000 	 0.017446 
12.140000 	 0.141099 
12.160000 	 -0.236835 
12.180000 	 -0.079168 
12.200000 	 0.125549 
12.220000 	 -0.151687 
12.240000 	 0.051673 
12.260000 	 0.115043 
12.280000 	 -0.061163 
12.300000 	 -0.200774 
12.320000 	 -0.127227 
12.340000 	 0.182307 
12.360000 	 0.031640 
12.380000 	 0.042934 
12.400000 	 -0.136625 
12.420000 	 -0.230836 
12.440000 	 -0.084725 
12.460000 	 0.349412 
12.480000 	 -0.250285 
12.500000 	 -0.067498 
12.520000 	 -0.121173 
12.540000 	 -0.105474 
12.560000 	 -0.360300 
12.580000 	 0.188456 
12.600000 	 0.098043 
12.620000 	 0.163631 
12.640000 	 -0.017724 
12.660000 	 0.163241 
12.680000 	 0.051795 
12.700000 	 0.070207 
12.720000 	 0.225796 
12.740000 	 -0.087404 
12.760000 	 -0.079908 
12.780000 	 0.055893 
12.800000 	 0.061067 
12.820000 	 -0.084016 
12.840000 	 0.003696 
12.860000 	 -0.158745 
12.880000 	 -0.111062 
12.900000 	 -0.049474 
12.920000 	 -0.216130 
12.940000 	 0.198621 
12.960000 	 -0.162384 
12.980000 	 -0.155935 
13.000000 	 0.018141 
13.020000 	 -0.056720 
13.040000 	 0.129210 
13.060000 	 0.232822 
13.080000 	 0.177803 
13.100000 	 0.172551 
13.120000 	 0.305515 
13.140000 	 -0.147429 
13.160000 	 -0.169184 
13.180000 	 -0.095791 
13.200000 	 0.113853 
13.220000 	 0.039915 
13.240000 	 0.231295 
13.260000 	 -0.127456 
13.280000 	 -0.349899 
13.300000 	 0.105774 
13.320000 	 0.250346 
13.340000 	 0.029951 
13.360000 	 -0.138225 
13.380000 	 0.030816 
13.400000 	 0.012579 
13.420000 	 0.004631 
13.440000 	 -0.045182 
13.460000 	 -0.048196 
13.480000 	 -0.301476 
13.500000 	 -0.122311 
13.520000 	 0.067903 
13.540000 	 -0.067652 
13.560000 	 0.140538 
13.580000 	 0.003711 
13.600000 	 0.151336 
13.620000 	 0.061312 
13.640000 	 -0.013814 
13.660000 	 -0.105619 
13.680000 	 -0.094238 
13.700000 	 0.091280 
13.720000 	 -0.037297 
13.740000 	 -0.188516 
13.760000 	 0.050488 
13.780000 	 0.216005 
13.800000 	 0.386240 
13.820000 	 0.125363 
13.840000 	 -0.143168 
13.860000 	 0.003217 
13.880000 	 0.146731 
13.900000 	 0.167795 
13.920000 	 -0.248423 
13.940000 	 0.188273 
13.960000 	 0.062573 
13.980000 	 0.110985 
14.000000 	 -0.045564 
14.020000 	 0.402806 
14.040000 	 0.015396 
14.060000 	 0.093117 
14.080000 	 -0.142884 
14.100000 	 0.316926 
14.120000 	 -0.129638 
14.140000 	 0.186769 
14.160000 	 0.014721 
14.180000 	 -0.110562 
14.200000 	 0.106927 
14.220000 	 -0.220730 
14.240000 	 0.001798 
14.260000 	 0.052021 
14.280000 	 0.171265 
14.300000 	 -0.034405 
14.320000 	 -0.076033 
14.340000 	 -0.006461 
14.360000 	 0.500000 
14.380000 	 -0.127104 
14.400000 	 -0.030936 
14.420000 	 0.084359 
14.440000 	 0.192370 
14.460000 	 -0.254541 
14.480000 	 0.034126 
14.500000 	 0.057861 
14.520000 	 0.128904 
14.540000 	 0.093034 
14.560000 	 -0.169338 
14.580000 	 0.068568 
14.600000 	 -0.167481 
14.620000 	 0.114631 
14.640000 	 -0.099227 
14.660000 	 -0.156083 
14.680000 	 0.086434 
14.700000 	 0.098775 
14.720000 	 0.086072 
14.740000 	 -0.343746 
14.760000 	 0.131475 
14.780000 	 -0.010911 
14.800000 	 -0.074537 
14.820000 	 0.041859 
14.840000 	 0.488174 
14.860000 	 0.045565 
14.880000 	 0.023097 
14.900000 	 -0.149055 
14.920000 	 0.005136 
14.940000 	 -0.195902 
14.960000 	 0.205674 
14.980000 	 -0.051822 
15.000000 	 0.193022 
