-15.000000 	 -0.001456 
-14.980000 	 -0.121130 
-14.960000 	 0.307913 
-14.940000 	 0.055493 
-14.920000 	 -0.042226 
-14.900000 	 0.221799 
-14.880000 	 0.700000 
-14.860000 	 -0.195210 
-14.840000 	 -0.128476 
-14.820000 	 0.011646 
-14.800000 	 -0.314734 
-14.780000 	 0.129413 
-14.760000 	 0.039257 
-14.740000 	 0.163548 
-14.720000 	 -0.014972 
-14.700000 	 -0.037043 
-14.680000 	 0.066944 
-14.660000 	 0.060251 
-14.640000 	 0.107530 
-14.620000 	 -0.061621 
-14.600000 	 -0.034764 
-14.580000 	 -0.248913 
-14.560000 	 -0.036055 
-14.540000 	 -0.099716 
-14.520000 	 0.028904 
-14.500000 	 0.079781 
-14.480000 	 0.199166 
-14.460000 	 -0.212626 
-14.440000 	 -0.021621 
-14.420000 	 0.339416 
-14.400000 	 0.036582 
-14.380000 	 -0.343835 
-14.360000 	 -0.007010 
-14.340000 	 -0.181113 
-14.320000 	 -0.169655 
-14.300000 	 0.112602 
-14.280000 	 -0.112054 
-14.260000 	 0.085500 
-14.240000 	 -0.003528 
-14.220000 	 0.251239 
-14.200000 	 0.099807 
-14.180000 	 -0.261850 
-14.160000 	 -0.087978 
-14.140000 	 0.082613 
-14.120000 	 -0.144864 
-14.100000 	 0.061221 
-14.080000 	 0.117040 
-14.060000 	 0.051996 
-14.040000 	 0.008411 
-14.020000 	 0.000442 
-14.000000 	 0.016299 
-13.980000 	 -0.037877 
-13.960000 	 -0.118101 
-13.940000 	 -0.044165 
-13.920000 	 -0.051092 
-13.900000 	 -0.051637 
-13.880000 	 -0.185981 
-13.860000 	 -0.069881 
-13.840000 	 -0.273145 
-13.820000 	 -0.102252 
-13.800000 	 0.189395 
-13.780000 	 0.017001 
-13.760000 	 0.023281 
-13.740000 	 0.048020 
-13.720000 	 -0.158398 
-13.700000 	 0.034262 
-13.680000 	 0.050299 
-13.660000 	 0.269754 
-13.640000 	 -0.106741 
-13.620000 	 -0.022125 
-13.600000 	 -0.011593 
-13.580000 	 0.040257 
-13.560000 	 0.011788 
-13.540000 	 -0.089685 
-13.520000 	 -0.052761 
-13.500000 	 0.048260 
-13.480000 	 -0.241578 
-13.460000 	 -0.063624 
-13.440000 	 -0.103549 
-13.420000 	 0.025150 
-13.400000 	 0.003591 
-13.380000 	 -0.244597 
-13.360000 	 0.107341 
-13.340000 	 -0.158115 
-13.320000 	 -0.359836 
-13.300000 	 -0.186790 
-13.280000 	 -0.108284 
-13.260000 	 0.178379 
-13.240000 	 -0.111307 
-13.220000 	 0.131687 
-13.200000 	 0.077329 
-13.180000 	 -0.221802 
-13.160000 	 -0.103184 
-13.140000 	 0.231325 
-13.120000 	 -0.021543 
-13.100000 	 -0.052379 
-13.080000 	 0.011158 
-13.060000 	 -0.007558 
-13.040000 	 -0.145369 
-13.020000 	 -0.240312 
-13.000000 	 -0.147821 
-12.980000 	 -0.200113 
-12.960000 	 -0.161299 
-12.940000 	 -0.122616 
-12.920000 	 -0.388013 
-12.900000 	 -0.169137 
-12.880000 	 0.014127 
-12.860000 	 0.298630 
-12.840000 	 0.010627 
-12.820000 	 0.207010 
-12.800000 	 -0.075987 
-12.780000 	 0.211624 
-12.760000 	 -0.026806 
-12.740000 	 0.152476 
-12.720000 	 -0.149087 
-12.700000 	 -0.067189 
-12.680000 	 -0.064188 
-12.660000 	 0.125308 
-12.640000 	 -0.130447 
-12.620000 	 0.045320 
-12.600000 	 -0.309978 
-12.580000 	 -0.046373 
-12.560000 	 0.053992 
-12.540000 	 -0.073009 
-12.520000 	 0.098213 
-12.500000 	 0.028518 
-12.480000 	 -0.259448 
-12.460000 	 0.223746 
-12.440000 	 0.201144 
-12.420000 	 0.142883 
-12.400000 	 0.186997 
-12.380000 	 -0.134619 
-12.360000 	 0.282305 
-12.340000 	 -0.081829 
-12.320000 	 -0.287925 
-12.300000 	 -0.117687 
-12.280000 	 -0.442122 
-12.260000 	 -0.090859 
-12.240000 	 0.011733 
-12.220000 	 -0.095192 
-12.200000 	 -0.157742 
-12.180000 	 -0.224230 
-12.160000 	 0.139734 
-12.140000 	 -0.114407 
-12.120000 	 -0.077673 
-12.100000 	 0.081253 
-12.080000 	 0.133731 
-12.060000 	 0.172290 
-12.040000 	 0.063061 
-12.020000 	 0.067532 
-12.000000 	 0.500000 
-11.980000 	 -0.121314 
-11.960000 	 0.144090 
-11.940000 	 -0.151073 
-11.920000 	 0.003806 
-11.900000 	 -0.002865 
-11.880000 	 0.321076 
-11.860000 	 0.239706 
-11.840000 	 0.117452 
-11.820000 	 -0.112428 
-11.800000 	 -0.058067 
-11.780000 	 0.164568 
-11.760000 	 0.116965 
-11.740000 	 -0.067957 
-11.720000 	 -0.156699 
-11.700000 	 -0.077824 
-11.680000 	 -0.101508 
-11.660000 	 0.165827 
-11.640000 	 -0.204685 
-11.620000 	 -0.188657 
-11.600000 	 -0.196293 
-11.580000 	 0.024921 
-11.560000 	 -0.205954 
-11.540000 	 0.297558 
-11.520000 	 0.193820 
-11.500000 	 -0.194534 
-11.480000 	 0.091944 
-11.460000 	 0.021666 
-11.440000 	 -0.107845 
-11.420000 	 -0.048777 
-11.400000 	 -0.049242 
-11.380000 	 -0.096587 
-11.360000 	 -0.057937 
-11.340000 	 -0.034466 
-11.320000 	 0.222110 
-11.300000 	 0.086017 
-11.280000 	 -0.327394 
-11.260000 	 0.072850 
-11.240000 	 -0.062546 
-11.220000 	 -0.034599 
-11.200000 	 -0.083524 
-11.180000 	 0.182139 
-11.160000 	 0.043196 
-11.140000 	 0.176679 
-11.120000 	 0.081894 
-11.100000 	 0.129807 
-11.080000 	 -0.193757 
-11.060000 	 -0.118181 
-11.040000 	 -0.079685 
-11.020000 	 0.026234 
-11.000000 	 0.168320 
-10.980000 	 0.181158 
-10.960000 	 -0.007533 
-10.940000 	 0.179607 
-10.920000 	 0.127066 
-10.900000 	 -0.061265 
-10.880000 	 0.024073 
-10.860000 	 0.143335 
-10.840000 	 0.007187 
-10.820000 	 -0.080051 
-10.800000 	 0.138264 
-10.780000 	 -0.043164 
-10.760000 	 -0.016830 
-10.740000 	 0.020336 
-10.720000 	 -0.056078 
-10.700000 	 0.075830 
-10.680000 	 0.174739 
-10.660000 	 -0.015916 
-10.640000 	 -0.060537 
-10.620000 	 0.005288 
-10.600000 	 0.043561 
-10.580000 	 -0.035343 
-10.560000 	 -0.155959 
-10.540000 	 -0.260219 
-10.520000 	 0.133324 
-10.500000 	 0.251110 
-10.480000 	 -0.157430 
-10.460000 	 0.080725 
-10.440000 	 -0.293879 
-10.420000 	 0.220831 
-10.400000 	 -0.088145 
-10.380000 	 -0.111581 
-10.360000 	 -0.057283 
-10.340000 	 0.156075 
-10.320000 	 0.122295 
-10.300000 	 -0.306451 
-10.280000 	 0.125075 
-10.260000 	 -0.104047 
-10.240000 	 -0.081453 
-10.220000 	 0.181116 
-10.200000 	 0.048425 
-10.180000 	 0.196245 
-10.160000 	 0.058956 
-10.140000 	 0.079708 
-10.120000 	 0.189812 
-10.100000 	 0.019716 
-10.080000 	 0.275346 
-10.060000 	 -0.034272 
-10.040000 	 -0.084240 
-10.020000 	 0.193821 
-10.000000 	 -0.105853 
-9.980000 	 0.196055 
-9.960000 	 -0.146548 
-9.940000 	 0.179815 
-9.920000 	 0.095115 
-9.900000 	 -0.037001 
-9.880000 	 0.031097 
-9.860000 	 -0.069311 
-9.840000 	 0.023115 
-9.820000 	 -0.215337 
-9.800000 	 0.023616 
-9.780000 	 -0.229233 
-9.760000 	 0.017689 
-9.740000 	 -0.205102 
-9.720000 	 0.165469 
-9.700000 	 0.038007 
-9.680000 	 -0.148821 
-9.660000 	 -0.209213 
-9.640000 	 0.033964 
-9.620000 	 0.121094 
-9.600000 	 -0.105981 
-9.580000 	 0.031052 
-9.560000 	 0.002927 
-9.540000 	 -0.273044 
-9.520000 	 -0.063955 
-9.500000 	 0.043256 
-9.480000 	 -0.072418 
-9.460000 	 0.033325 
-9.440000 	 0.010145 
-9.420000 	 -0.094544 
-9.400000 	 -0.246574 
-9.380000 	 -0.272826 
-9.360000 	 -0.026846 
-9.340000 	 -0.343268 
-9.320000 	 0.042949 
-9.300000 	 0.003259 
-9.280000 	 0.049310 
-9.260000 	 0.106809 
-9.240000 	 0.175816 
-9.220000 	 0.191046 
-9.200000 	 0.154450 
-9.180000 	 -0.039179 
-9.160000 	 0.058788 
-9.140000 	 -0.127848 
-9.120000 	 -0.038613 
-9.100000 	 0.142687 
-9.080000 	 0.226027 
-9.060000 	 -0.045431 
-9.040000 	 0.063956 
-9.020000 	 -0.195795 
-9.000000 	 0.274709 
-8.980000 	 -0.105337 
-8.960000 	 0.046947 
-8.940000 	 0.145028 
-8.920000 	 -0.138332 
-8.900000 	 -0.310349 
-8.880000 	 -0.251646 
-8.860000 	 -0.121903 
-8.840000 	 -0.004285 
-8.820000 	 -0.021541 
-8.800000 	 -0.042271 
-8.780000 	 0.021791 
-8.760000 	 -0.216787 
-8.740000 	 -0.029559 
-8.720000 	 -0.034067 
-8.700000 	 -0.210244 
-8.680000 	 -0.106784 
-8.660000 	 -0.016030 
-8.640000 	 -0.020070 
-8.620000 	 0.039383 
-8.600000 	 -0.243705 
-8.580000 	 -0.036629 
-8.560000 	 0.015665 
-8.540000 	 0.077692 
-8.520000 	 0.202476 
-8.500000 	 -0.164140 
-8.480000 	 -0.335464 
-8.460000 	 0.218841 
-8.440000 	 -0.272526 
-8.420000 	 -0.023765 
-8.400000 	 -0.090852 
-8.380000 	 -0.170698 
-8.360000 	 0.031152 
-8.340000 	 0.132114 
-8.320000 	 -0.341087 
-8.300000 	 -0.105750 
-8.280000 	 0.156271 
-8.260000 	 0.083830 
-8.240000 	 0.165463 
-8.220000 	 -0.034790 
-8.200000 	 0.107330 
-8.180000 	 0.118624 
-8.160000 	 -0.152806 
-8.140000 	 0.077119 
-8.120000 	 -0.054040 
-8.100000 	 -0.012038 
-8.080000 	 0.273719 
-8.060000 	 0.205836 
-8.040000 	 -0.126433 
-8.020000 	 -0.074340 
-8.000000 	 0.046070 
-7.980000 	 -0.101554 
-7.960000 	 -0.131313 
-7.940000 	 0.329164 
-7.920000 	 -0.034446 
-7.900000 	 0.022316 
-7.880000 	 -0.050036 
-7.860000 	 -0.153432 
-7.840000 	 0.076885 
-7.820000 	 0.065754 
-7.800000 	 -0.002387 
-7.780000 	 -0.019797 
-7.760000 	 -0.162145 
-7.740000 	 -0.042450 
-7.720000 	 0.019288 
-7.700000 	 0.124404 
-7.680000 	 -0.025940 
-7.660000 	 -0.043050 
-7.640000 	 0.157614 
-7.620000 	 0.003660 
-7.600000 	 0.146112 
-7.580000 	 -0.089215 
-7.560000 	 0.057119 
-7.540000 	 -0.128157 
-7.520000 	 0.039188 
-7.500000 	 0.134724 
-7.480000 	 0.022072 
-7.460000 	 0.136711 
-7.440000 	 -0.061065 
-7.420000 	 0.432142 
-7.400000 	 0.179539 
-7.380000 	 0.267726 
-7.360000 	 0.169875 
-7.340000 	 0.015493 
-7.320000 	 0.431835 
-7.300000 	 -0.153152 
-7.280000 	 0.188785 
-7.260000 	 0.119217 
-7.240000 	 0.213771 
-7.220000 	 -0.012580 
-7.200000 	 -0.097108 
-7.180000 	 -0.342603 
-7.160000 	 0.232828 
-7.140000 	 0.042486 
-7.120000 	 0.080369 
-7.100000 	 -0.037773 
-7.080000 	 0.073775 
-7.060000 	 0.081625 
-7.040000 	 -0.010712 
-7.020000 	 0.090288 
-7.000000 	 -0.148858 
-6.980000 	 0.300271 
-6.960000 	 0.037684 
-6.940000 	 0.100295 
-6.920000 	 -0.026182 
-6.900000 	 0.301131 
-6.880000 	 0.405717 
-6.860000 	 0.358525 
-6.840000 	 0.159028 
-6.820000 	 -0.006521 
-6.800000 	 -0.026723 
-6.780000 	 0.110502 
-6.760000 	 0.068904 
-6.740000 	 -0.058104 
-6.720000 	 -0.080369 
-6.700000 	 0.191563 
-6.680000 	 0.143222 
-6.660000 	 -0.057390 
-6.640000 	 -0.233367 
-6.620000 	 -0.041658 
-6.600000 	 -0.122964 
-6.580000 	 0.156607 
-6.560000 	 -0.036467 
-6.540000 	 0.249829 
-6.520000 	 0.096630 
-6.500000 	 0.454413 
-6.480000 	 -0.217334 
-6.460000 	 -0.029702 
-6.440000 	 -0.019749 
-6.420000 	 0.127775 
-6.400000 	 -0.020410 
-6.380000 	 0.166293 
-6.360000 	 0.251522 
-6.340000 	 -0.092775 
-6.320000 	 0.298716 
-6.300000 	 0.195244 
-6.280000 	 -0.019006 
-6.260000 	 0.305628 
-6.240000 	 0.237475 
-6.220000 	 0.464320 
-6.200000 	 0.271299 
-6.180000 	 0.266285 
-6.160000 	 0.440050 
-6.140000 	 0.056488 
-6.120000 	 0.445038 
-6.100000 	 0.030720 
-6.080000 	 0.091592 
-6.060000 	 0.011191 
-6.040000 	 -0.046024 
-6.020000 	 0.221595 
-6.000000 	 0.180511 
-5.980000 	 0.160611 
-5.960000 	 0.392332 
-5.940000 	 0.194169 
-5.920000 	 0.263696 
-5.900000 	 0.300000 
-5.880000 	 0.524045 
-5.860000 	 0.384371 
-5.840000 	 0.298382 
-5.820000 	 0.162824 
-5.800000 	 0.327262 
-5.780000 	 0.403296 
-5.760000 	 0.182773 
-5.740000 	 0.200647 
-5.720000 	 0.034504 
-5.700000 	 0.315781 
-5.680000 	 0.390791 
-5.660000 	 0.307687 
-5.640000 	 0.416967 
-5.620000 	 0.244357 
-5.600000 	 -0.062789 
-5.580000 	 0.376225 
-5.560000 	 0.192461 
-5.540000 	 0.332178 
-5.520000 	 0.109458 
-5.500000 	 0.126449 
-5.480000 	 0.094276 
-5.460000 	 -0.064202 
-5.440000 	 0.029364 
-5.420000 	 0.301361 
-5.400000 	 0.367918 
-5.380000 	 0.538859 
-5.360000 	 0.407477 
-5.340000 	 0.182279 
-5.320000 	 0.328179 
-5.300000 	 0.414581 
-5.280000 	 0.236821 
-5.260000 	 0.162729 
-5.240000 	 0.114268 
-5.220000 	 0.189183 
-5.200000 	 0.056984 
-5.180000 	 0.476049 
-5.160000 	 0.502101 
-5.140000 	 0.247683 
-5.120000 	 0.187090 
-5.100000 	 0.560863 
-5.080000 	 0.445840 
-5.060000 	 0.388433 
-5.040000 	 0.290612 
-5.020000 	 0.125232 
-5.000000 	 0.475781 
-4.980000 	 0.546643 
-4.960000 	 0.128164 
-4.940000 	 0.480704 
-4.920000 	 0.383242 
-4.900000 	 0.599073 
-4.880000 	 0.524862 
-4.860000 	 0.222488 
-4.840000 	 0.335097 
-4.820000 	 0.374525 
-4.800000 	 0.254679 
-4.780000 	 0.566504 
-4.760000 	 0.517107 
-4.740000 	 0.445475 
-4.720000 	 0.377182 
-4.700000 	 0.508688 
-4.680000 	 0.455357 
-4.660000 	 0.359705 
-4.640000 	 0.659821 
-4.620000 	 0.455686 
-4.600000 	 0.466270 
-4.580000 	 0.368495 
-4.560000 	 0.578088 
-4.540000 	 0.353722 
-4.520000 	 0.413400 
-4.500000 	 0.636386 
-4.480000 	 0.421076 
-4.460000 	 0.734665 
-4.440000 	 0.574526 
-4.420000 	 0.351519 
-4.400000 	 0.570289 
-4.380000 	 0.413024 
-4.360000 	 0.422366 
-4.340000 	 0.701243 
-4.320000 	 0.421297 
-4.300000 	 0.331382 
-4.280000 	 0.414844 
-4.260000 	 0.628469 
-4.240000 	 0.600853 
-4.220000 	 0.107552 
-4.200000 	 0.433158 
-4.180000 	 0.668172 
-4.160000 	 0.747686 
-4.140000 	 0.500000 
-4.120000 	 0.281935 
-4.100000 	 0.491613 
-4.080000 	 0.295178 
-4.060000 	 0.373311 
-4.040000 	 0.501289 
-4.020000 	 0.503085 
-4.000000 	 0.498618 
-3.980000 	 0.316728 
-3.960000 	 0.679116 
-3.940000 	 0.475770 
-3.920000 	 0.641404 
-3.900000 	 0.286048 
-3.880000 	 0.359497 
-3.860000 	 0.529216 
-3.840000 	 0.469114 
-3.820000 	 0.399221 
-3.800000 	 0.526736 
-3.780000 	 0.439598 
-3.760000 	 0.603425 
-3.740000 	 0.545938 
-3.720000 	 0.665931 
-3.700000 	 0.259013 
-3.680000 	 0.636824 
-3.660000 	 0.474641 
-3.640000 	 0.329241 
-3.620000 	 0.709129 
-3.600000 	 0.389140 
-3.580000 	 0.305486 
-3.560000 	 0.462911 
-3.540000 	 0.484560 
-3.520000 	 0.579942 
-3.500000 	 0.329141 
-3.480000 	 0.609344 
-3.460000 	 0.388893 
-3.440000 	 0.480832 
-3.420000 	 0.636213 
-3.400000 	 0.553830 
-3.380000 	 0.317112 
-3.360000 	 0.540297 
-3.340000 	 0.535508 
-3.320000 	 0.405886 
-3.300000 	 0.710330 
-3.280000 	 0.447912 
-3.260000 	 0.582002 
-3.240000 	 0.518563 
-3.220000 	 0.342676 
-3.200000 	 0.355040 
-3.180000 	 0.586378 
-3.160000 	 0.384125 
-3.140000 	 0.373585 
-3.120000 	 0.321653 
-3.100000 	 0.357776 
-3.080000 	 0.182155 
-3.060000 	 0.316585 
-3.040000 	 0.381861 
-3.020000 	 0.581365 
-3.000000 	 0.230101 
-2.980000 	 0.238069 
-2.960000 	 0.446422 
-2.940000 	 0.641026 
-2.920000 	 0.491123 
-2.900000 	 0.474763 
-2.880000 	 0.464599 
-2.860000 	 0.332760 
-2.840000 	 -0.009891 
-2.820000 	 0.466062 
-2.800000 	 0.180225 
-2.780000 	 0.475016 
-2.760000 	 0.285554 
-2.740000 	 0.317294 
-2.720000 	 0.085628 
-2.700000 	 0.242664 
-2.680000 	 0.470624 
-2.660000 	 0.387206 
-2.640000 	 0.339590 
-2.620000 	 0.230396 
-2.600000 	 0.383169 
-2.580000 	 0.294509 
-2.560000 	 0.162324 
-2.540000 	 0.451492 
-2.520000 	 0.234684 
-2.500000 	 0.109499 
-2.480000 	 0.020687 
-2.460000 	 0.378631 
-2.440000 	 0.373043 
-2.420000 	 0.240402 
-2.400000 	 0.147273 
-2.380000 	 0.370613 
-2.360000 	 0.244949 
-2.340000 	 0.156542 
-2.320000 	 0.206442 
-2.300000 	 0.417028 
-2.280000 	 -0.046838 
-2.260000 	 0.388640 
-2.240000 	 0.077720 
-2.220000 	 0.294847 
-2.200000 	 0.266289 
-2.180000 	 0.264287 
-2.160000 	 0.311907 
-2.140000 	 0.393000 
-2.120000 	 -0.186154 
-2.100000 	 0.258501 
-2.080000 	 0.256440 
-2.060000 	 0.087902 
-2.040000 	 0.311646 
-2.020000 	 0.372902 
-2.000000 	 0.356531 
-1.980000 	 0.178857 
-1.960000 	 0.155626 
-1.940000 	 0.224220 
-1.920000 	 0.726435 
-1.900000 	 0.090138 
-1.880000 	 0.255612 
-1.860000 	 0.612831 
-1.840000 	 0.281419 
-1.820000 	 0.164420 
-1.800000 	 0.071281 
-1.780000 	 -0.005070 
-1.760000 	 0.285238 
-1.740000 	 0.002600 
-1.720000 	 0.163902 
-1.700000 	 0.165220 
-1.680000 	 0.157366 
-1.660000 	 0.337391 
-1.640000 	 0.182372 
-1.620000 	 0.209972 
-1.600000 	 0.117444 
-1.580000 	 -0.123206 
-1.560000 	 0.482890 
-1.540000 	 0.083565 
-1.520000 	 -0.104710 
-1.500000 	 0.319099 
-1.480000 	 0.251613 
-1.460000 	 0.108424 
-1.440000 	 0.444017 
-1.420000 	 0.036972 
-1.400000 	 0.201751 
-1.380000 	 0.076574 
-1.360000 	 -0.001348 
-1.340000 	 0.018531 
-1.320000 	 -0.327012 
-1.300000 	 0.301298 
-1.280000 	 -0.050504 
-1.260000 	 0.021175 
-1.240000 	 -0.042943 
-1.220000 	 0.198717 
-1.200000 	 -0.009088 
-1.180000 	 -0.037559 
-1.160000 	 0.433246 
-1.140000 	 0.088611 
-1.120000 	 0.234399 
-1.100000 	 0.170893 
-1.080000 	 0.274516 
-1.060000 	 0.427906 
-1.040000 	 0.208908 
-1.020000 	 0.323120 
-1.000000 	 0.009542 
-0.980000 	 0.405902 
-0.960000 	 -0.349251 
-0.940000 	 -0.188833 
-0.920000 	 0.437965 
-0.900000 	 0.191579 
-0.880000 	 0.111650 
-0.860000 	 0.084108 
-0.840000 	 0.158250 
-0.820000 	 -0.005168 
-0.800000 	 0.038328 
-0.780000 	 0.095810 
-0.760000 	 0.168879 
-0.740000 	 0.087983 
-0.720000 	 0.494882 
-0.700000 	 0.398347 
-0.680000 	 0.339680 
-0.660000 	 0.643355 
-0.640000 	 0.300187 
-0.620000 	 0.064599 
-0.600000 	 0.058376 
-0.580000 	 0.135540 
-0.560000 	 0.414943 
-0.540000 	 0.182303 
-0.520000 	 0.118464 
-0.500000 	 0.013237 
-0.480000 	 0.193236 
-0.460000 	 0.092869 
-0.440000 	 0.276800 
-0.420000 	 0.195643 
-0.400000 	 0.342419 
-0.380000 	 0.102078 
-0.360000 	 0.184662 
-0.340000 	 -0.092232 
-0.320000 	 0.283845 
-0.300000 	 -0.043841 
-0.280000 	 0.254858 
-0.260000 	 0.053776 
-0.240000 	 0.260270 
-0.220000 	 0.268754 
-0.200000 	 -0.030000 
-0.180000 	 0.321606 
-0.160000 	 0.161694 
-0.140000 	 0.344063 
-0.120000 	 0.288985 
-0.100000 	 0.075880 
-0.080000 	 0.124801 
-0.060000 	 0.326564 
-0.040000 	 0.232238 
-0.020000 	 0.465850 
0.000000 	 0.295958 
0.020000 	 0.173991 
0.040000 	 0.243558 
0.060000 	 0.487915 
0.080000 	 0.135726 
0.100000 	 0.114989 
0.120000 	 0.317574 
0.140000 	 0.361684 
0.160000 	 0.040785 
0.180000 	 0.042819 
0.200000 	 0.304962 
0.220000 	 0.308479 
0.240000 	 0.418834 
0.260000 	 0.072893 
0.280000 	 0.397175 
0.300000 	 0.410388 
0.320000 	 0.162580 
0.340000 	 0.458260 
0.360000 	 0.234918 
0.380000 	 0.443238 
0.400000 	 0.232285 
0.420000 	 0.382161 
0.440000 	 0.392356 
0.460000 	 0.375980 
0.480000 	 0.300970 
0.500000 	 0.470790 
0.520000 	 0.550587 
0.540000 	 0.059360 
0.560000 	 0.259439 
0.580000 	 0.483417 
0.600000 	 0.364645 
0.620000 	 0.299448 
0.640000 	 0.442001 
0.660000 	 0.482232 
0.680000 	 0.352829 
0.700000 	 0.118470 
0.720000 	 0.468500 
0.740000 	 0.456083 
0.760000 	 0.234253 
0.780000 	 0.378177 
0.800000 	 0.517569 
0.820000 	 0.565002 
0.840000 	 0.595496 
0.860000 	 0.515652 
0.880000 	 0.489370 
0.900000 	 0.638426 
0.920000 	 0.345749 
0.940000 	 0.397108 
0.960000 	 0.355838 
0.980000 	 0.330903 
1.000000 	 0.455936 
1.020000 	 0.183746 
1.040000 	 0.632102 
1.060000 	 0.494793 
1.080000 	 0.309679 
1.100000 	 0.692886 
1.120000 	 0.447718 
1.140000 	 0.621813 
1.160000 	 0.697388 
1.180000 	 0.681175 
1.200000 	 0.503604 
1.220000 	 0.882349 
1.240000 	 0.407297 
1.260000 	 0.586133 
1.280000 	 0.557235 
1.300000 	 0.573731 
1.320000 	 0.397784 
1.340000 	 0.869882 
1.360000 	 0.816660 
1.380000 	 1.030041 
1.400000 	 0.497412 
1.420000 	 0.665910 
1.440000 	 0.786565 
1.460000 	 0.757335 
1.480000 	 0.881549 
1.500000 	 0.867937 
1.520000 	 0.497918 
1.540000 	 0.590729 
1.560000 	 0.821928 
1.580000 	 0.747569 
1.600000 	 0.786158 
1.620000 	 0.832126 
1.640000 	 0.682730 
1.660000 	 0.610708 
1.680000 	 0.737576 
1.700000 	 0.809417 
1.720000 	 1.032778 
1.740000 	 0.976717 
1.760000 	 0.580431 
1.780000 	 0.879690 
1.800000 	 1.051068 
1.820000 	 0.875203 
1.840000 	 0.832065 
1.860000 	 1.052533 
1.880000 	 0.976455 
1.900000 	 0.969365 
1.920000 	 0.741698 
1.940000 	 0.963330 
1.960000 	 0.920203 
1.980000 	 0.981775 
2.000000 	 1.046986 
2.020000 	 1.403304 
2.040000 	 1.130229 
2.060000 	 1.142468 
2.080000 	 0.870698 
2.100000 	 1.210050 
2.120000 	 1.185899 
2.140000 	 1.230233 
2.160000 	 1.160720 
2.180000 	 1.017599 
2.200000 	 1.004398 
2.220000 	 1.136844 
2.240000 	 1.047133 
2.260000 	 1.140441 
2.280000 	 0.974255 
2.300000 	 0.800000 
2.320000 	 1.267108 
2.340000 	 1.070463 
2.360000 	 0.933951 
2.380000 	 1.126890 
2.400000 	 1.341667 
2.420000 	 1.076778 
2.440000 	 1.010174 
2.460000 	 1.247129 
2.480000 	 1.314570 
2.500000 	 1.110780 
2.520000 	 1.062764 
2.540000 	 1.315328 
2.560000 	 1.171447 
2.580000 	 1.295191 
2.600000 	 1.189472 
2.620000 	 1.211111 
2.640000 	 1.267602 
2.660000 	 1.420141 
2.680000 	 1.033515 
2.700000 	 1.231887 
2.720000 	 1.254661 
2.740000 	 1.292748 
2.760000 	 1.389152 
2.780000 	 1.103527 
2.800000 	 1.464422 
2.820000 	 1.473950 
2.840000 	 1.387530 
2.860000 	 1.220726 
2.880000 	 1.218427 
2.900000 	 1.440578 
2.920000 	 1.474272 
2.940000 	 1.435828 
2.960000 	 1.609439 
2.980000 	 1.499491 
3.000000 	 1.397630 
3.020000 	 1.488415 
3.040000 	 1.618331 
3.060000 	 1.325092 
3.080000 	 1.562478 
3.100000 	 1.704359 
3.120000 	 1.510262 
3.140000 	 1.330750 
3.160000 	 1.311016 
3.180000 	 1.793807 
3.200000 	 1.480131 
3.220000 	 1.093631 
3.240000 	 1.540984 
3.260000 	 1.352060 
3.280000 	 1.575429 
3.300000 	 1.354750 
3.320000 	 1.453145 
3.340000 	 1.603520 
3.360000 	 1.375138 
3.380000 	 1.569223 
3.400000 	 1.498777 
3.420000 	 1.607516 
3.440000 	 1.580255 
3.460000 	 1.707513 
3.480000 	 1.486485 
3.500000 	 1.597399 
3.520000 	 1.678105 
3.540000 	 1.664515 
3.560000 	 1.931737 
3.580000 	 1.753479 
3.600000 	 1.671729 
3.620000 	 1.238178 
3.640000 	 1.669383 
3.660000 	 1.476181 
3.680000 	 1.728228 
3.700000 	 1.681119 
3.720000 	 1.456427 
3.740000 	 1.386865 
3.760000 	 1.341128 
3.780000 	 1.912865 
3.800000 	 1.619422 
3.820000 	 1.756339 
3.840000 	 1.670717 
3.860000 	 1.461205 
3.880000 	 1.590277 
3.900000 	 1.542492 
3.920000 	 1.586747 
3.940000 	 1.790018 
3.960000 	 1.431008 
3.980000 	 1.677535 
4.000000 	 1.800208 
4.020000 	 1.628928 
4.040000 	 1.540881 
4.060000 	 1.391094 
4.080000 	 1.744587 
4.100000 	 1.472675 
4.120000 	 1.672922 
4.140000 	 1.621707 
4.160000 	 1.552761 
4.180000 	 1.723560 
4.200000 	 1.730457 
4.220000 	 1.594555 
4.240000 	 1.628187 
4.260000 	 1.205890 
4.280000 	 1.405023 
4.300000 	 1.317667 
4.320000 	 1.555503 
4.340000 	 1.433923 
4.360000 	 1.598509 
4.380000 	 1.570140 
4.400000 	 1.525489 
4.420000 	 1.677834 
4.440000 	 1.604676 
4.460000 	 1.551726 
4.480000 	 1.631405 
4.500000 	 1.451934 
4.520000 	 1.577943 
4.540000 	 1.723161 
4.560000 	 1.390093 
4.580000 	 1.814796 
4.600000 	 1.629788 
4.620000 	 1.493914 
4.640000 	 1.371797 
4.660000 	 1.376988 
4.680000 	 1.452959 
4.700000 	 1.543654 
4.720000 	 1.400868 
4.740000 	 1.739147 
4.760000 	 1.414409 
4.780000 	 1.827188 
4.800000 	 1.496962 
4.820000 	 1.393317 
4.840000 	 1.681399 
4.860000 	 1.483440 
4.880000 	 1.442940 
4.900000 	 1.005469 
4.920000 	 1.346250 
4.940000 	 1.621529 
4.960000 	 1.356058 
4.980000 	 1.434695 
5.000000 	 1.716117 
5.020000 	 1.277447 
5.040000 	 1.390448 
5.060000 	 1.576467 
5.080000 	 1.179210 
5.100000 	 1.258245 
5.120000 	 1.578810 
5.140000 	 1.383501 
5.160000 	 1.111244 
5.180000 	 1.494479 
5.200000 	 1.618149 
5.220000 	 1.124672 
5.240000 	 1.234522 
5.260000 	 1.255891 
5.280000 	 1.068962 
5.300000 	 1.296318 
5.320000 	 1.339721 
5.340000 	 1.545490 
5.360000 	 1.473473 
5.380000 	 1.453730 
5.400000 	 1.239960 
5.420000 	 1.249418 
5.440000 	 1.219878 
5.460000 	 1.453481 
5.480000 	 1.242241 
5.500000 	 1.242253 
5.520000 	 1.346537 
5.540000 	 1.242708 
5.560000 	 1.279695 
5.580000 	 1.270490 
5.600000 	 1.373341 
5.620000 	 1.419281 
5.640000 	 1.107100 
5.660000 	 1.119063 
5.680000 	 1.173767 
5.700000 	 0.972390 
5.720000 	 0.988848 
5.740000 	 1.199386 
5.760000 	 1.273074 
5.780000 	 1.064719 
5.800000 	 1.136828 
5.820000 	 1.023799 
5.840000 	 0.911558 
5.860000 	 1.033232 
5.880000 	 0.902380 
5.900000 	 0.799707 
5.920000 	 0.979595 
5.940000 	 0.726485 
5.960000 	 0.951122 
5.980000 	 0.839096 
6.000000 	 0.910238 
6.020000 	 0.897807 
6.040000 	 0.797140 
6.060000 	 0.891217 
6.080000 	 1.025162 
6.100000 	 0.957732 
6.120000 	 0.873588 
6.140000 	 0.953735 
6.160000 	 0.781475 
6.180000 	 0.847766 
6.200000 	 0.848549 
6.220000 	 0.997914 
6.240000 	 0.892635 
6.260000 	 1.059365 
6.280000 	 0.884479 
6.300000 	 1.003893 
6.320000 	 0.878480 
6.340000 	 1.100123 
6.360000 	 0.766862 
6.380000 	 0.722985 
6.400000 	 0.519639 
6.420000 	 0.817159 
6.440000 	 0.938463 
6.460000 	 0.444338 
6.480000 	 0.692108 
6.500000 	 0.788007 
6.520000 	 0.828522 
6.540000 	 0.455598 
6.560000 	 0.971615 
6.580000 	 0.511620 
6.600000 	 0.765029 
6.620000 	 0.524666 
6.640000 	 0.686775 
6.660000 	 0.716640 
6.680000 	 0.556071 
6.700000 	 0.831074 
6.720000 	 0.667671 
6.740000 	 0.677772 
6.760000 	 0.684183 
6.780000 	 0.366314 
6.800000 	 0.507403 
6.820000 	 0.437304 
6.840000 	 0.428012 
6.860000 	 0.602598 
6.880000 	 1.001128 
6.900000 	 0.476497 
6.920000 	 0.508407 
6.940000 	 0.430042 
6.960000 	 0.523043 
6.980000 	 0.506857 
7.000000 	 0.690424 
7.020000 	 0.476711 
7.040000 	 0.463659 
7.060000 	 0.608553 
7.080000 	 0.621966 
7.100000 	 0.498489 
7.120000 	 0.405904 
7.140000 	 0.570206 
7.160000 	 0.632840 
7.180000 	 0.259684 
7.200000 	 0.329384 
7.220000 	 0.618764 
7.240000 	 0.492669 
7.260000 	 0.583457 
7.280000 	 0.219371 
7.300000 	 0.532422 
7.320000 	 0.271788 
7.340000 	 0.365630 
7.360000 	 0.554174 
7.380000 	 0.437623 
7.400000 	 0.677582 
7.420000 	 0.571694 
7.440000 	 0.483265 
7.460000 	 0.386629 
7.480000 	 0.174651 
7.500000 	 0.284706 
7.520000 	 0.173154 
7.540000 	 0.289880 
7.560000 	 0.425015 
7.580000 	 0.311257 
7.600000 	 0.227051 
7.620000 	 0.089734 
7.640000 	 0.417411 
7.660000 	 0.304983 
7.680000 	 0.475536 
7.700000 	 0.371914 
7.720000 	 0.417301 
7.740000 	 0.423769 
7.760000 	 0.146489 
7.780000 	 0.104070 
7.800000 	 0.311238 
7.820000 	 0.345001 
7.840000 	 0.412652 
7.860000 	 -0.056815 
7.880000 	 0.210479 
7.900000 	 0.263910 
7.920000 	 -0.081069 
7.940000 	 0.098498 
7.960000 	 0.069390 
7.980000 	 0.435661 
8.000000 	 0.207791 
8.020000 	 0.508914 
8.040000 	 0.101745 
8.060000 	 0.172416 
8.080000 	 0.017460 
8.100000 	 0.222404 
8.120000 	 0.315244 
8.140000 	 0.229712 
8.160000 	 0.206043 
8.180000 	 0.025501 
8.200000 	 0.274718 
8.220000 	 0.071862 
8.240000 	 -0.077919 
8.260000 	 0.027588 
8.280000 	 0.170635 
8.300000 	 0.171588 
8.320000 	 0.326510 
8.340000 	 0.048076 
8.360000 	 0.304825 
8.380000 	 -0.067582 
8.400000 	 0.166467 
8.420000 	 -0.035894 
8.440000 	 -0.271017 
8.460000 	 0.419038 
8.480000 	 0.224041 
8.500000 	 0.013927 
8.520000 	 0.047019 
8.540000 	 -0.133620 
8.560000 	 -0.020984 
8.580000 	 0.102503 
8.600000 	 0.225515 
8.620000 	 0.138347 
8.640000 	 0.148433 
8.660000 	 0.036328 
8.680000 	 0.056803 
8.700000 	 0.038630 
8.720000 	 0.039926 
8.740000 	 0.034713 
8.760000 	 -0.030477 
8.780000 	 0.025563 
8.800000 	 0.163634 
8.820000 	 0.247260 
8.840000 	 -0.286857 
8.860000 	 0.027468 
8.880000 	 0.118807 
8.900000 	 0.152812 
8.920000 	 0.192345 
8.940000 	 0.072960 
8.960000 	 0.140714 
8.980000 	 0.034203 
9.000000 	 -0.012471 
9.020000 	 0.227348 
9.040000 	 0.012665 
9.060000 	 0.108900 
9.080000 	 0.108313 
9.100000 	 0.018331 
9.120000 	 0.270617 
9.140000 	 0.001689 
9.160000 	 0.042818 
9.180000 	 -0.093351 
9.200000 	 0.009160 
9.220000 	 0.225645 
9.240000 	 -0.023496 
9.260000 	 0.068471 
9.280000 	 0.131655 
9.300000 	 0.246794 
9.320000 	 -0.237087 
9.340000 	 0.275100 
9.360000 	 0.392688 
9.380000 	 0.117513 
9.400000 	 0.156164 
9.420000 	 -0.095720 
9.440000 	 0.232847 
9.460000 	 -0.029327 
9.480000 	 0.384683 
9.500000 	 0.224419 
9.520000 	 0.127010 
9.540000 	 0.172636 
9.560000 	 -0.118657 
9.580000 	 0.041374 
9.600000 	 0.308321 
9.620000 	 0.028973 
9.640000 	 -0.194824 
9.660000 	 0.027163 
9.680000 	 0.091851 
9.700000 	 -0.162288 
9.720000 	 -0.150059 
9.740000 	 0.062843 
9.760000 	 -0.002286 
9.780000 	 -0.040047 
9.800000 	 -0.265801 
9.820000 	 -0.072607 
9.840000 	 0.188929 
9.860000 	 -0.056734 
9.880000 	 0.065349 
9.900000 	 -0.041947 
9.920000 	 -0.268223 
9.940000 	 -0.132138 
9.960000 	 -0.094142 
9.980000 	 0.177613 
10.000000 	 -0.130689 
10.020000 	 0.126099 
10.040000 	 -0.190707 
10.060000 	 0.209181 
10.080000 	 0.027163 
10.100000 	 0.140032 
10.120000 	 -0.012875 
10.140000 	 -0.105745 
10.160000 	 0.144243 
10.180000 	 0.127623 
10.200000 	 -0.019886 
10.220000 	 -0.019161 
10.240000 	 0.261764 
10.260000 	 -0.076418 
10.280000 	 0.009262 
10.300000 	 -0.104594 
10.320000 	 0.240150 
10.340000 	 0.215919 
10.360000 	 0.055433 
10.380000 	 0.028018 
10.400000 	 -0.009842 
10.420000 	 0.183053 
10.440000 	 0.102398 
10.460000 	 0.143580 
10.480000 	 -0.163214 
10.500000 	 -0.029528 
10.520000 	 -0.178286 
10.540000 	 -0.075849 
10.560000 	 -0.121556 
10.580000 	 0.036735 
10.600000 	 -0.096453 
10.620000 	 -0.083465 
10.640000 	 0.133978 
10.660000 	 -0.159172 
10.680000 	 -0.142182 
10.700000 	 0.009905 
10.720000 	 0.142402 
10.740000 	 -0.038525 
10.760000 	 -0.147774 
10.780000 	 -0.002437 
10.800000 	 0.023485 
10.820000 	 0.091499 
10.840000 	 -0.041939 
10.860000 	 -0.153465 
10.880000 	 -0.077923 
10.900000 	 0.086439 
10.920000 	 0.167964 
10.940000 	 0.082725 
10.960000 	 0.152522 
10.980000 	 0.076707 
11.000000 	 -0.101646 
11.020000 	 0.145469 
11.040000 	 -0.181789 
11.060000 	 0.048418 
11.080000 	 0.237698 
11.100000 	 0.206880 
11.120000 	 0.114796 
11.140000 	 -0.000225 
11.160000 	 -0.085867 
11.180000 	 -0.069150 
11.200000 	 -0.065444 
11.220000 	 0.063482 
11.240000 	 -0.209076 
11.260000 	 0.111303 
11.280000 	 -0.190933 
11.300000 	 0.193546 
11.320000 	 -0.130513 
11.340000 	 -0.124809 
11.360000 	 0.018941 
11.380000 	 0.348781 
11.400000 	 -0.043189 
11.420000 	 0.191967 
11.440000 	 0.193491 
11.460000 	 0.109907 
11.480000 	 0.202077 
11.500000 	 -0.268554 
11.520000 	 -0.188607 
11.540000 	 0.014434 
11.560000 	 0.042462 
11.580000 	 0.073974 
11.600000 	 -0.084117 
11.620000 	 -0.058105 
11.640000 	 0.142572 
11.660000 	 -0.007548 
11.680000 	 -0.074988 
11.700000 	 -0.084286 
11.720000 	 -0.007633 
11.740000 	 -0.021934 
11.760000 	 -0.070613 
11.780000 	 -0.219094 
11.800000 	 0.229395 
11.820000 	 -0.090181 
11.840000 	 0.143536 
11.860000 	 0.204253 
11.880000 	 0.061918 
11.900000 	 -0.106572 
11.920000 	 0.078317 
11.940000 	 0.164247 
11.960000 	 -0.129297 
11.980000 	 0.132096 
12.000000 	 -0.058989 
12.020000 	 -0.064081 
12.040000 	 0.044574 
12.060000 	 0.247380 
12.080000 	 -0.060536 
12.100000 	 0.016298 
12.120000 	 -0.250076 
12.140000 	 0.063691 
12.160000 	 -0.146653 
12.180000 	 0.212925 
12.200000 	 0.417968 
12.220000 	 -0.294057 
12.240000 	 -0.040521 
12.260000 	 0.113269 
12.280000 	 0.012376 
12.300000 	 0.166200 
12.320000 	 -0.039273 
12.340000 	 -0.030660 
12.360000 	 0.102929 
12.380000 	 -0.043186 
12.400000 	 -0.057469 
12.420000 	 0.009973 
12.440000 	 0.197188 
12.460000 	 -0.225641 
12.480000 	 -0.207133 
12.500000 	 0.105938 
12.520000 	 0.247243 
12.540000 	 -0.193318 
12.560000 	 0.125820 
12.580000 	 0.080868 
12.600000 	 0.151621 
12.620000 	 -0.091684 
12.640000 	 0.409922 
12.660000 	 -0.083566 
12.680000 	 0.219398 
12.700000 	 -0.224191 
12.720000 	 0.041328 
12.740000 	 -0.187753 
12.760000 	 0.109500 
12.780000 	 0.001604 
12.800000 	 -0.095656 
12.820000 	 -0.180306 
12.840000 	 0.050151 
12.860000 	 -0.072533 
12.880000 	 0.178009 
12.900000 	 -0.023607 
12.920000 	 -0.178711 
12.940000 	 -0.187654 
12.960000 	 0.169832 
12.980000 	 0.111453 
13.000000 	 -0.349062 
13.020000 	 0.072776 
13.040000 	 -0.168300 
13.060000 	 -0.147405 
13.080000 	 0.099296 
13.100000 	 0.060965 
13.120000 	 -0.088442 
13.140000 	 -0.185852 
13.160000 	 0.167784 
13.180000 	 -0.209060 
13.200000 	 -0.227292 
13.220000 	 0.047535 
13.240000 	 -0.104106 
13.260000 	 0.211648 
13.280000 	 0.177759 
13.300000 	 0.027057 
13.320000 	 0.007073 
13.340000 	 0.211459 
13.360000 	 0.017521 
13.380000 	 -0.101437 
13.400000 	 0.060017 
13.420000 	 -0.052718 
13.440000 	 0.050271 
13.460000 	 -0.176703 
13.480000 	 0.254087 
13.500000 	 -0.394693 
13.520000 	 0.001828 
13.540000 	 0.054815 
13.560000 	 0.016267 
13.580000 	 -0.403695 
13.600000 	 0.100877 
13.620000 	 0.154163 
13.640000 	 0.180018 
13.660000 	 0.188825 
13.680000 	 0.233114 
13.700000 	 0.096197 
13.720000 	 0.051136 
13.740000 	 0.039325 
13.760000 	 -0.175968 
13.780000 	 0.047811 
13.800000 	 -0.169252 
13.820000 	 -0.337401 
13.840000 	 -0.179127 
13.860000 	 -0.213970 
13.880000 	 0.135196 
13.900000 	 -0.029566 
13.920000 	 -0.096101 
13.940000 	 0.208114 
13.960000 	 0.084782 
13.980000 	 0.142020 
14.000000 	 0.142914 
14.020000 	 -0.087962 
14.040000 	 0.293922 
14.060000 	 0.061813 
14.080000 	 0.103946 
14.100000 	 -0.004175 
14.120000 	 0.217875 
14.140000 	 0.290871 
14.160000 	 -0.281147 
14.180000 	 0.160555 
14.200000 	 0.107199 
14.220000 	 0.069657 
14.240000 	 -0.203551 
14.260000 	 0.141022 
14.280000 	 -0.330814 
14.300000 	 -0.023129 
14.320000 	 0.131480 
14.340000 	 -0.167885 
14.360000 	 0.122223 
14.380000 	 0.122688 
14.400000 	 0.023438 
14.420000 	 0.164750 
14.440000 	 -0.101813 
14.460000 	 -0.017561 
14.480000 	 0.075270 
14.500000 	 0.118313 
14.520000 	 -0.082510 
14.540000 	 0.139382 
14.560000 	 -0.088293 
14.580000 	 0.109791 
14.600000 	 -0.109668 
14.620000 	 -0.134142 
14.640000 	 0.006056 
14.660000 	 -0.173195 
14.680000 	 0.297041 
14.700000 	 -0.085933 
14.720000 	 -0.272011 
14.740000 	 -0.093069 
14.760000 	 -0.060732 
14.780000 	 -0.024666 
14.800000 	 0.050938 
14.820000 	 0.152667 
14.840000 	 0.003847 
14.860000 	 -0.134018 
14.880000 	 -0.049562 
14.900000 	 -0.141600 
14.920000 	 -0.036479 
14.940000 	 0.113874 
14.960000 	 0.368992 
14.980000 	 -0.162967 
15.000000 	 -0.076576 
