-15.000000 	 0.230202 
-14.980000 	 -0.035289 
-14.960000 	 -0.020453 
-14.940000 	 0.191980 
-14.920000 	 -0.172607 
-14.900000 	 0.012636 
-14.880000 	 0.042001 
-14.860000 	 0.600000 
-14.840000 	 -0.003547 
-14.820000 	 -0.169136 
-14.800000 	 0.045341 
-14.780000 	 0.432303 
-14.760000 	 -0.061601 
-14.740000 	 -0.181164 
-14.720000 	 0.321899 
-14.700000 	 -0.063540 
-14.680000 	 -0.134451 
-14.660000 	 -0.221564 
-14.640000 	 0.196283 
-14.620000 	 -0.366807 
-14.600000 	 -0.046154 
-14.580000 	 0.133044 
-14.560000 	 -0.339741 
-14.540000 	 0.037618 
-14.520000 	 0.087091 
-14.500000 	 -0.137946 
-14.480000 	 -0.138504 
-14.460000 	 -0.118578 
-14.440000 	 0.029230 
-14.420000 	 -0.092728 
-14.400000 	 0.095888 
-14.380000 	 -0.177708 
-14.360000 	 -0.062020 
-14.340000 	 -0.058515 
-14.320000 	 -0.012539 
-14.300000 	 -0.082329 
-14.280000 	 0.069927 
-14.260000 	 -0.096062 
-14.240000 	 -0.146398 
-14.220000 	 0.139346 
-14.200000 	 -0.311274 
-14.180000 	 0.111960 
-14.160000 	 -0.099003 
-14.140000 	 0.192847 
-14.120000 	 0.115200 
-14.100000 	 0.111052 
-14.080000 	 0.326656 
-14.060000 	 -0.074859 
-14.040000 	 -0.279816 
-14.020000 	 0.067723 
-14.000000 	 -0.210991 
-13.980000 	 -0.070838 
-13.960000 	 -0.053587 
-13.940000 	 -0.196059 
-13.920000 	 0.080831 
-13.900000 	 0.215013 
-13.880000 	 -0.050424 
-13.860000 	 0.411024 
-13.840000 	 -0.043474 
-13.820000 	 -0.255139 
-13.800000 	 0.075350 
-13.780000 	 0.159942 
-13.760000 	 0.043939 
-13.740000 	 -0.284323 
-13.720000 	 0.225734 
-13.700000 	 0.035686 
-13.680000 	 -0.093146 
-13.660000 	 0.287899 
-13.640000 	 0.063584 
-13.620000 	 0.334153 
-13.600000 	 -0.296541 
-13.580000 	 -0.074994 
-13.560000 	 0.078410 
-13.540000 	 0.007729 
-13.520000 	 -0.099287 
-13.500000 	 -0.261239 
-13.480000 	 -0.450377 
-13.460000 	 0.141234 
-13.440000 	 0.468164 
-13.420000 	 0.078777 
-13.400000 	 -0.082598 
-13.380000 	 0.077620 
-13.360000 	 0.058980 
-13.340000 	 -0.109043 
-13.320000 	 -0.049179 
-13.300000 	 0.368744 
-13.280000 	 -0.084601 
-13.260000 	 0.130835 
-13.240000 	 0.141948 
-13.220000 	 -0.026112 
-13.200000 	 0.040766 
-13.180000 	 0.054490 
-13.160000 	 -0.111609 
-13.140000 	 -0.212343 
-13.120000 	 0.179390 
-13.100000 	 -0.062784 
-13.080000 	 0.027833 
-13.060000 	 -0.060879 
-13.040000 	 0.308790 
-13.020000 	 0.108090 
-13.000000 	 0.139696 
-12.980000 	 -0.045648 
-12.960000 	 0.110288 
-12.940000 	 0.073934 
-12.920000 	 -0.246713 
-12.900000 	 0.063804 
-12.880000 	 0.019650 
-12.860000 	 -0.002649 
-12.840000 	 -0.151489 
-12.820000 	 -0.087683 
-12.800000 	 -0.192256 
-12.780000 	 0.027902 
-12.760000 	 0.122469 
-12.740000 	 0.130806 
-12.720000 	 -0.050567 
-12.700000 	 -0.181998 
-12.680000 	 -0.060671 
-12.660000 	 0.047545 
-12.640000 	 0.032713 
-12.620000 	 0.019920 
-12.600000 	 -0.124724 
-12.580000 	 0.117376 
-12.560000 	 0.109099 
-12.540000 	 0.156121 
-12.520000 	 -0.079238 
-12.500000 	 -0.211499 
-12.480000 	 -0.246329 
-12.460000 	 0.077415 
-12.440000 	 0.089060 
-12.420000 	 -0.123912 
-12.400000 	 -0.211620 
-12.380000 	 -0.181114 
-12.360000 	 0.195465 
-12.340000 	 -0.112949 
-12.320000 	 -0.159035 
-12.300000 	 0.268848 
-12.280000 	 -0.120098 
-12.260000 	 0.055778 
-12.240000 	 0.150010 
-12.220000 	 0.042614 
-12.200000 	 -0.274082 
-12.180000 	 0.062215 
-12.160000 	 -0.060333 
-12.140000 	 0.077640 
-12.120000 	 -0.226000 
-12.100000 	 -0.204123 
-12.080000 	 -0.042208 
-12.060000 	 0.062965 
-12.040000 	 -0.369020 
-12.020000 	 0.046789 
-12.000000 	 0.018626 
-11.980000 	 -0.182443 
-11.960000 	 0.193462 
-11.940000 	 -0.250161 
-11.920000 	 0.037392 
-11.900000 	 0.068722 
-11.880000 	 -0.081161 
-11.860000 	 -0.066285 
-11.840000 	 -0.063838 
-11.820000 	 0.172881 
-11.800000 	 -0.147571 
-11.780000 	 0.051788 
-11.760000 	 -0.043270 
-11.740000 	 0.010940 
-11.720000 	 0.272866 
-11.700000 	 -0.213747 
-11.680000 	 -0.002655 
-11.660000 	 -0.036339 
-11.640000 	 -0.153830 
-11.620000 	 0.119291 
-11.600000 	 -0.050376 
-11.580000 	 0.107436 
-11.560000 	 -0.218488 
-11.540000 	 0.050486 
-11.520000 	 0.080566 
-11.500000 	 0.097335 
-11.480000 	 -0.130746 
-11.460000 	 0.018171 
-11.440000 	 -0.006606 
-11.420000 	 -0.113534 
-11.400000 	 -0.074037 
-11.380000 	 0.277417 
-11.360000 	 -0.045590 
-11.340000 	 0.020345 
-11.320000 	 -0.095629 
-11.300000 	 -0.089635 
-11.280000 	 0.050436 
-11.260000 	 0.145028 
-11.240000 	 -0.010979 
-11.220000 	 -0.017622 
-11.200000 	 -0.298398 
-11.180000 	 -0.107936 
-11.160000 	 -0.285054 
-11.140000 	 -0.070537 
-11.120000 	 0.132816 
-11.100000 	 -0.106588 
-11.080000 	 0.207751 
-11.060000 	 0.029649 
-11.040000 	 -0.082773 
-11.020000 	 0.197946 
-11.000000 	 -0.007337 
-10.980000 	 0.016346 
-10.960000 	 -0.144335 
-10.940000 	 -0.150864 
-10.920000 	 0.002307 
-10.900000 	 0.030511 
-10.880000 	 -0.191462 
-10.860000 	 0.131510 
-10.840000 	 0.102384 
-10.820000 	 0.123609 
-10.800000 	 0.087742 
-10.780000 	 -0.088142 
-10.760000 	 0.043038 
-10.740000 	 -0.155417 
-10.720000 	 -0.166394 
-10.700000 	 -0.047561 
-10.680000 	 -0.027798 
-10.660000 	 0.128459 
-10.640000 	 -0.051917 
-10.620000 	 0.212807 
-10.600000 	 -0.071314 
-10.580000 	 0.181208 
-10.560000 	 -0.009602 
-10.540000 	 -0.046019 
-10.520000 	 -0.257459 
-10.500000 	 0.186776 
-10.480000 	 -0.164525 
-10.460000 	 -0.266194 
-10.440000 	 -0.047645 
-10.420000 	 -0.065312 
-10.400000 	 -0.122073 
-10.380000 	 0.019639 
-10.360000 	 0.025143 
-10.340000 	 0.070761 
-10.320000 	 -0.084987 
-10.300000 	 0.146879 
-10.280000 	 0.080523 
-10.260000 	 0.266560 
-10.240000 	 0.069087 
-10.220000 	 0.131667 
-10.200000 	 0.043326 
-10.180000 	 0.064188 
-10.160000 	 0.218629 
-10.140000 	 -0.018283 
-10.120000 	 -0.101041 
-10.100000 	 0.167470 
-10.080000 	 0.184910 
-10.060000 	 0.056381 
-10.040000 	 -0.244046 
-10.020000 	 -0.102731 
-10.000000 	 0.304815 
-9.980000 	 0.053616 
-9.960000 	 -0.195689 
-9.940000 	 -0.013700 
-9.920000 	 0.152739 
-9.900000 	 0.050218 
-9.880000 	 -0.066841 
-9.860000 	 0.021354 
-9.840000 	 0.133147 
-9.820000 	 0.073005 
-9.800000 	 -0.023229 
-9.780000 	 -0.168008 
-9.760000 	 -0.250927 
-9.740000 	 0.119899 
-9.720000 	 -0.044770 
-9.700000 	 -0.027273 
-9.680000 	 0.194669 
-9.660000 	 0.021650 
-9.640000 	 -0.092554 
-9.620000 	 -0.087856 
-9.600000 	 0.150367 
-9.580000 	 -0.206049 
-9.560000 	 0.066022 
-9.540000 	 0.088538 
-9.520000 	 0.047065 
-9.500000 	 -0.008604 
-9.480000 	 -0.066903 
-9.460000 	 0.043565 
-9.440000 	 -0.162895 
-9.420000 	 -0.011928 
-9.400000 	 0.167917 
-9.380000 	 -0.144363 
-9.360000 	 -0.101044 
-9.340000 	 -0.105349 
-9.320000 	 -0.039715 
-9.300000 	 0.033555 
-9.280000 	 -0.202986 
-9.260000 	 0.067433 
-9.240000 	 -0.256633 
-9.220000 	 0.179468 
-9.200000 	 0.047324 
-9.180000 	 0.160495 
-9.160000 	 0.215186 
-9.140000 	 -0.222776 
-9.120000 	 -0.121361 
-9.100000 	 -0.020207 
-9.080000 	 0.378722 
-9.060000 	 -0.230177 
-9.040000 	 0.090724 
-9.020000 	 0.037519 
-9.000000 	 0.293346 
-8.980000 	 0.004640 
-8.960000 	 -0.083150 
-8.940000 	 -0.315278 
-8.920000 	 -0.249305 
-8.900000 	 -0.077214 
-8.880000 	 0.136735 
-8.860000 	 -0.116390 
-8.840000 	 -0.025541 
-8.820000 	 -0.072376 
-8.800000 	 -0.201669 
-8.780000 	 0.217842 
-8.760000 	 -0.044845 
-8.740000 	 -0.194774 
-8.720000 	 -0.037459 
-8.700000 	 -0.091292 
-8.680000 	 -0.058333 
-8.660000 	 -0.026027 
-8.640000 	 -0.052409 
-8.620000 	 0.174584 
-8.600000 	 -0.097065 
-8.580000 	 -0.130462 
-8.560000 	 0.101637 
-8.540000 	 -0.217986 
-8.520000 	 0.056279 
-8.500000 	 0.226482 
-8.480000 	 -0.082684 
-8.460000 	 -0.043418 
-8.440000 	 -0.274452 
-8.420000 	 0.260163 
-8.400000 	 0.134544 
-8.380000 	 -0.048254 
-8.360000 	 -0.140412 
-8.340000 	 -0.061542 
-8.320000 	 -0.291527 
-8.300000 	 -0.073090 
-8.280000 	 0.114232 
-8.260000 	 0.201788 
-8.240000 	 -0.132228 
-8.220000 	 0.114882 
-8.200000 	 -0.058327 
-8.180000 	 0.037509 
-8.160000 	 0.004111 
-8.140000 	 0.099714 
-8.120000 	 0.328128 
-8.100000 	 -0.323889 
-8.080000 	 0.032756 
-8.060000 	 0.019674 
-8.040000 	 -0.026996 
-8.020000 	 -0.230249 
-8.000000 	 -0.109713 
-7.980000 	 0.013078 
-7.960000 	 -0.041649 
-7.940000 	 -0.053651 
-7.920000 	 0.197812 
-7.900000 	 -0.133633 
-7.880000 	 0.270001 
-7.860000 	 0.028732 
-7.840000 	 -0.095901 
-7.820000 	 -0.037854 
-7.800000 	 0.071675 
-7.780000 	 -0.101052 
-7.760000 	 0.035288 
-7.740000 	 -0.055029 
-7.720000 	 -0.128606 
-7.700000 	 0.085860 
-7.680000 	 -0.102509 
-7.660000 	 -0.277110 
-7.640000 	 -0.071883 
-7.620000 	 0.040259 
-7.600000 	 0.232905 
-7.580000 	 0.116862 
-7.560000 	 -0.004956 
-7.540000 	 0.034461 
-7.520000 	 -0.040969 
-7.500000 	 0.159676 
-7.480000 	 -0.079085 
-7.460000 	 -0.028696 
-7.440000 	 0.202997 
-7.420000 	 0.167093 
-7.400000 	 -0.028575 
-7.380000 	 -0.223048 
-7.360000 	 0.169776 
-7.340000 	 -0.155322 
-7.320000 	 0.028048 
-7.300000 	 0.033773 
-7.280000 	 -0.029580 
-7.260000 	 -0.076107 
-7.240000 	 0.058553 
-7.220000 	 0.011275 
-7.200000 	 -0.258733 
-7.180000 	 -0.325538 
-7.160000 	 0.233490 
-7.140000 	 0.142898 
-7.120000 	 0.102491 
-7.100000 	 0.002073 
-7.080000 	 0.175544 
-7.060000 	 0.289153 
-7.040000 	 0.160599 
-7.020000 	 -0.142929 
-7.000000 	 0.156142 
-6.980000 	 -0.016870 
-6.960000 	 -0.105819 
-6.940000 	 0.213622 
-6.920000 	 -0.205833 
-6.900000 	 -0.144043 
-6.880000 	 -0.253637 
-6.860000 	 -0.053696 
-6.840000 	 -0.077081 
-6.820000 	 0.085191 
-6.800000 	 -0.109008 
-6.780000 	 -0.033450 
-6.760000 	 0.345544 
-6.740000 	 -0.097626 
-6.720000 	 0.139684 
-6.700000 	 0.015719 
-6.680000 	 0.130962 
-6.660000 	 -0.023020 
-6.640000 	 0.174270 
-6.620000 	 0.295288 
-6.600000 	 0.078823 
-6.580000 	 -0.127415 
-6.560000 	 0.224618 
-6.540000 	 0.033078 
-6.520000 	 0.225159 
-6.500000 	 0.086996 
-6.480000 	 0.247422 
-6.460000 	 0.025585 
-6.440000 	 -0.010406 
-6.420000 	 0.336928 
-6.400000 	 0.155888 
-6.380000 	 0.043445 
-6.360000 	 0.381896 
-6.340000 	 -0.044315 
-6.320000 	 0.187992 
-6.300000 	 0.051782 
-6.280000 	 0.245085 
-6.260000 	 0.351746 
-6.240000 	 0.180343 
-6.220000 	 0.295501 
-6.200000 	 0.256954 
-6.180000 	 0.315381 
-6.160000 	 0.172486 
-6.140000 	 0.128358 
-6.120000 	 -0.026243 
-6.100000 	 0.270141 
-6.080000 	 0.265536 
-6.060000 	 0.150034 
-6.040000 	 0.245011 
-6.020000 	 0.120694 
-6.000000 	 0.229576 
-5.980000 	 0.539408 
-5.960000 	 0.070858 
-5.940000 	 0.194127 
-5.920000 	 0.261080 
-5.900000 	 0.484749 
-5.880000 	 0.024756 
-5.860000 	 0.407632 
-5.840000 	 0.369338 
-5.820000 	 0.164596 
-5.800000 	 0.139702 
-5.780000 	 0.238921 
-5.760000 	 0.184414 
-5.740000 	 0.188481 
-5.720000 	 -0.093323 
-5.700000 	 0.194224 
-5.680000 	 0.320093 
-5.660000 	 0.279339 
-5.640000 	 0.451881 
-5.620000 	 0.408467 
-5.600000 	 0.595174 
-5.580000 	 0.407376 
-5.560000 	 0.203177 
-5.540000 	 0.502925 
-5.520000 	 0.377064 
-5.500000 	 0.288076 
-5.480000 	 0.590755 
-5.460000 	 0.437939 
-5.440000 	 0.349318 
-5.420000 	 0.220316 
-5.400000 	 0.571343 
-5.380000 	 0.478475 
-5.360000 	 0.486413 
-5.340000 	 0.443666 
-5.320000 	 0.312509 
-5.300000 	 0.595586 
-5.280000 	 0.323717 
-5.260000 	 0.352360 
-5.240000 	 0.241597 
-5.220000 	 0.237065 
-5.200000 	 0.132673 
-5.180000 	 0.336249 
-5.160000 	 0.008503 
-5.140000 	 0.385453 
-5.120000 	 0.427338 
-5.100000 	 0.446356 
-5.080000 	 0.432986 
-5.060000 	 0.327093 
-5.040000 	 0.336945 
-5.020000 	 0.527560 
-5.000000 	 0.406557 
-4.980000 	 0.690504 
-4.960000 	 0.408719 
-4.940000 	 0.460743 
-4.920000 	 0.448477 
-4.900000 	 0.661931 
-4.880000 	 0.317296 
-4.860000 	 0.846833 
-4.840000 	 0.568259 
-4.820000 	 0.365364 
-4.800000 	 0.693923 
-4.780000 	 0.452127 
-4.760000 	 0.510360 
-4.740000 	 0.387329 
-4.720000 	 0.546718 
-4.700000 	 0.607799 
-4.680000 	 0.436740 
-4.660000 	 0.577069 
-4.640000 	 0.239937 
-4.620000 	 0.656513 
-4.600000 	 0.381549 
-4.580000 	 0.591723 
-4.560000 	 0.552306 
-4.540000 	 0.337064 
-4.520000 	 0.446218 
-4.500000 	 0.245069 
-4.480000 	 0.378605 
-4.460000 	 0.340985 
-4.440000 	 0.635339 
-4.420000 	 0.515992 
-4.400000 	 0.287731 
-4.380000 	 0.412347 
-4.360000 	 0.376286 
-4.340000 	 0.559556 
-4.320000 	 0.469151 
-4.300000 	 0.526301 
-4.280000 	 0.586635 
-4.260000 	 0.438475 
-4.240000 	 0.487963 
-4.220000 	 0.655622 
-4.200000 	 0.500359 
-4.180000 	 0.459323 
-4.160000 	 0.724022 
-4.140000 	 0.548501 
-4.120000 	 0.719596 
-4.100000 	 0.607034 
-4.080000 	 0.292484 
-4.060000 	 0.447941 
-4.040000 	 0.472787 
-4.020000 	 0.719683 
-4.000000 	 0.420487 
-3.980000 	 0.482016 
-3.960000 	 0.283870 
-3.940000 	 0.618324 
-3.920000 	 0.420722 
-3.900000 	 0.536020 
-3.880000 	 0.439815 
-3.860000 	 0.308932 
-3.840000 	 0.280572 
-3.820000 	 0.443569 
-3.800000 	 0.668157 
-3.780000 	 0.342081 
-3.760000 	 0.270720 
-3.740000 	 0.703560 
-3.720000 	 0.684617 
-3.700000 	 0.627102 
-3.680000 	 0.597885 
-3.660000 	 0.350732 
-3.640000 	 0.352497 
-3.620000 	 0.477758 
-3.600000 	 0.576602 
-3.580000 	 0.577257 
-3.560000 	 0.265055 
-3.540000 	 0.490791 
-3.520000 	 0.671277 
-3.500000 	 0.416847 
-3.480000 	 0.363954 
-3.460000 	 0.338846 
-3.440000 	 0.387826 
-3.420000 	 0.732173 
-3.400000 	 0.471293 
-3.380000 	 0.755809 
-3.360000 	 0.643733 
-3.340000 	 0.547126 
-3.320000 	 0.390135 
-3.300000 	 0.192299 
-3.280000 	 0.393904 
-3.260000 	 0.533487 
-3.240000 	 0.420248 
-3.220000 	 0.332583 
-3.200000 	 0.628781 
-3.180000 	 0.130365 
-3.160000 	 0.706004 
-3.140000 	 0.482358 
-3.120000 	 0.376835 
-3.100000 	 0.345909 
-3.080000 	 0.478072 
-3.060000 	 0.543997 
-3.040000 	 0.427029 
-3.020000 	 0.407740 
-3.000000 	 0.176018 
-2.980000 	 0.413548 
-2.960000 	 0.583500 
-2.940000 	 0.507776 
-2.920000 	 0.516074 
-2.900000 	 0.447026 
-2.880000 	 0.549879 
-2.860000 	 0.386751 
-2.840000 	 0.138892 
-2.820000 	 0.503543 
-2.800000 	 0.417824 
-2.780000 	 0.524741 
-2.760000 	 0.346784 
-2.740000 	 0.484232 
-2.720000 	 0.302785 
-2.700000 	 0.328572 
-2.680000 	 0.324569 
-2.660000 	 0.543095 
-2.640000 	 0.439546 
-2.620000 	 0.282307 
-2.600000 	 0.217952 
-2.580000 	 0.282848 
-2.560000 	 0.249324 
-2.540000 	 0.348250 
-2.520000 	 0.345266 
-2.500000 	 0.326132 
-2.480000 	 0.346864 
-2.460000 	 0.174746 
-2.440000 	 0.340208 
-2.420000 	 0.200464 
-2.400000 	 0.238727 
-2.380000 	 0.074427 
-2.360000 	 0.302482 
-2.340000 	 0.196191 
-2.320000 	 0.229458 
-2.300000 	 0.415147 
-2.280000 	 0.378404 
-2.260000 	 0.339140 
-2.240000 	 0.586283 
-2.220000 	 0.180472 
-2.200000 	 0.088396 
-2.180000 	 -0.070510 
-2.160000 	 0.461103 
-2.140000 	 0.243182 
-2.120000 	 -0.043132 
-2.100000 	 0.591038 
-2.080000 	 0.260267 
-2.060000 	 0.130993 
-2.040000 	 0.364892 
-2.020000 	 0.172599 
-2.000000 	 0.241100 
-1.980000 	 0.078139 
-1.960000 	 0.350043 
-1.940000 	 0.234608 
-1.920000 	 0.029437 
-1.900000 	 0.105915 
-1.880000 	 0.295976 
-1.860000 	 0.302557 
-1.840000 	 0.287973 
-1.820000 	 -0.052130 
-1.800000 	 0.102287 
-1.780000 	 -0.047198 
-1.760000 	 0.472152 
-1.740000 	 0.183401 
-1.720000 	 0.242996 
-1.700000 	 0.296152 
-1.680000 	 0.477709 
-1.660000 	 0.052585 
-1.640000 	 0.296503 
-1.620000 	 0.233511 
-1.600000 	 0.196076 
-1.580000 	 0.229140 
-1.560000 	 -0.072868 
-1.540000 	 0.206325 
-1.520000 	 0.166432 
-1.500000 	 0.324981 
-1.480000 	 0.248646 
-1.460000 	 0.115965 
-1.440000 	 0.228011 
-1.420000 	 -0.039208 
-1.400000 	 0.384466 
-1.380000 	 0.038488 
-1.360000 	 0.216325 
-1.340000 	 0.395759 
-1.320000 	 -0.010261 
-1.300000 	 0.112513 
-1.280000 	 0.288913 
-1.260000 	 0.078669 
-1.240000 	 -0.140959 
-1.220000 	 0.146466 
-1.200000 	 0.245384 
-1.180000 	 -0.030536 
-1.160000 	 0.071348 
-1.140000 	 -0.222000 
-1.120000 	 -0.039887 
-1.100000 	 0.132746 
-1.080000 	 0.001750 
-1.060000 	 -0.155859 
-1.040000 	 -0.174088 
-1.020000 	 0.041115 
-1.000000 	 0.256763 
-0.980000 	 -0.066022 
-0.960000 	 0.145531 
-0.940000 	 0.215604 
-0.920000 	 0.155424 
-0.900000 	 0.209476 
-0.880000 	 0.235126 
-0.860000 	 0.083597 
-0.840000 	 0.105257 
-0.820000 	 0.037335 
-0.800000 	 0.012466 
-0.780000 	 0.286502 
-0.760000 	 0.177996 
-0.740000 	 0.023208 
-0.720000 	 0.041431 
-0.700000 	 0.327056 
-0.680000 	 -0.085395 
-0.660000 	 0.315516 
-0.640000 	 0.086895 
-0.620000 	 0.037080 
-0.600000 	 -0.003055 
-0.580000 	 0.279645 
-0.560000 	 0.369453 
-0.540000 	 0.206244 
-0.520000 	 0.147171 
-0.500000 	 0.423116 
-0.480000 	 0.306033 
-0.460000 	 0.296373 
-0.440000 	 0.144302 
-0.420000 	 0.218235 
-0.400000 	 0.037132 
-0.380000 	 -0.039696 
-0.360000 	 0.177628 
-0.340000 	 0.334936 
-0.320000 	 0.366508 
-0.300000 	 0.401195 
-0.280000 	 -0.021457 
-0.260000 	 -0.078480 
-0.240000 	 0.302775 
-0.220000 	 -0.048030 
-0.200000 	 0.274871 
-0.180000 	 0.295403 
-0.160000 	 0.280469 
-0.140000 	 0.131475 
-0.120000 	 0.160864 
-0.100000 	 -0.175744 
-0.080000 	 0.194865 
-0.060000 	 0.184274 
-0.040000 	 0.091800 
-0.020000 	 0.172080 
0.000000 	 0.084212 
0.020000 	 0.302994 
0.040000 	 0.137121 
0.060000 	 0.382079 
0.080000 	 0.056523 
0.100000 	 0.099138 
0.120000 	 0.102073 
0.140000 	 0.342040 
0.160000 	 0.288046 
0.180000 	 -0.003621 
0.200000 	 0.300298 
0.220000 	 0.117475 
0.240000 	 -0.027761 
0.260000 	 0.571807 
0.280000 	 0.617970 
0.300000 	 0.245949 
0.320000 	 0.302522 
0.340000 	 0.125521 
0.360000 	 0.023915 
0.380000 	 0.162837 
0.400000 	 0.256253 
0.420000 	 0.470514 
0.440000 	 0.512969 
0.460000 	 0.292429 
0.480000 	 0.237066 
0.500000 	 0.324960 
0.520000 	 0.423051 
0.540000 	 0.122514 
0.560000 	 0.336241 
0.580000 	 0.386077 
0.600000 	 0.549710 
0.620000 	 0.371286 
0.640000 	 0.230622 
0.660000 	 0.203086 
0.680000 	 0.583275 
0.700000 	 0.530265 
0.720000 	 0.577718 
0.740000 	 0.501152 
0.760000 	 0.354452 
0.780000 	 0.305244 
0.800000 	 0.410934 
0.820000 	 0.289153 
0.840000 	 0.145947 
0.860000 	 0.234289 
0.880000 	 0.271345 
0.900000 	 0.709497 
0.920000 	 0.390668 
0.940000 	 0.193089 
0.960000 	 0.357214 
0.980000 	 0.555193 
1.000000 	 0.772608 
1.020000 	 0.563478 
1.040000 	 0.676986 
1.060000 	 0.395363 
1.080000 	 0.542139 
1.100000 	 0.435216 
1.120000 	 0.744830 
1.140000 	 0.632033 
1.160000 	 0.614242 
1.180000 	 0.547994 
1.200000 	 0.634623 
1.220000 	 0.579983 
1.240000 	 0.100000 
1.260000 	 0.520958 
1.280000 	 0.625495 
1.300000 	 0.583538 
1.320000 	 0.647622 
1.340000 	 1.018467 
1.360000 	 0.584848 
1.380000 	 0.755301 
1.400000 	 0.459659 
1.420000 	 0.650279 
1.440000 	 0.491532 
1.460000 	 1.041589 
1.480000 	 0.651893 
1.500000 	 1.048170 
1.520000 	 0.616872 
1.540000 	 0.815887 
1.560000 	 1.140408 
1.580000 	 0.703831 
1.600000 	 0.818763 
1.620000 	 0.793225 
1.640000 	 -0.400000 
1.660000 	 0.908664 
1.680000 	 0.826986 
1.700000 	 0.718857 
1.720000 	 0.746624 
1.740000 	 0.714836 
1.760000 	 0.620795 
1.780000 	 0.928712 
1.800000 	 0.729021 
1.820000 	 0.872769 
1.840000 	 0.849891 
1.860000 	 0.741474 
1.880000 	 0.852821 
1.900000 	 1.059985 
1.920000 	 0.799294 
1.940000 	 0.994954 
1.960000 	 0.754197 
1.980000 	 1.012835 
2.000000 	 1.052175 
2.020000 	 0.842268 
2.040000 	 1.019757 
2.060000 	 0.874166 
2.080000 	 0.868589 
2.100000 	 1.014909 
2.120000 	 0.856525 
2.140000 	 1.117531 
2.160000 	 0.981543 
2.180000 	 0.879912 
2.200000 	 1.106934 
2.220000 	 0.955291 
2.240000 	 1.109975 
2.260000 	 0.771104 
2.280000 	 1.204857 
2.300000 	 1.079917 
2.320000 	 1.319889 
2.340000 	 1.387192 
2.360000 	 0.988476 
2.380000 	 1.026990 
2.400000 	 1.163682 
2.420000 	 0.975253 
2.440000 	 1.176182 
2.460000 	 1.073581 
2.480000 	 1.560885 
2.500000 	 1.379231 
2.520000 	 1.069877 
2.540000 	 0.954628 
2.560000 	 1.115000 
2.580000 	 1.200761 
2.600000 	 1.334868 
2.620000 	 1.378929 
2.640000 	 1.263151 
2.660000 	 1.519054 
2.680000 	 1.166694 
2.700000 	 1.220404 
2.720000 	 1.460737 
2.740000 	 1.647313 
2.760000 	 1.319833 
2.780000 	 1.457987 
2.800000 	 1.378834 
2.820000 	 1.349146 
2.840000 	 1.314817 
2.860000 	 1.454019 
2.880000 	 1.567199 
2.900000 	 1.562083 
2.920000 	 1.547515 
2.940000 	 1.189416 
2.960000 	 1.416744 
2.980000 	 1.251775 
3.000000 	 1.275624 
3.020000 	 1.185055 
3.040000 	 1.335698 
3.060000 	 1.435523 
3.080000 	 1.262967 
3.100000 	 1.569023 
3.120000 	 1.398129 
3.140000 	 1.672082 
3.160000 	 1.156660 
3.180000 	 1.627711 
3.200000 	 1.628710 
3.220000 	 1.454649 
3.240000 	 1.459460 
3.260000 	 1.299745 
3.280000 	 1.370312 
3.300000 	 1.292546 
3.320000 	 1.637910 
3.340000 	 1.456353 
3.360000 	 1.318711 
3.380000 	 1.396046 
3.400000 	 1.252232 
3.420000 	 1.715884 
3.440000 	 1.366561 
3.460000 	 1.627485 
3.480000 	 1.519834 
3.500000 	 1.540633 
3.520000 	 1.629549 
3.540000 	 1.666823 
3.560000 	 1.575339 
3.580000 	 1.354236 
3.600000 	 1.797839 
3.620000 	 1.743290 
3.640000 	 1.714648 
3.660000 	 1.529854 
3.680000 	 1.660269 
3.700000 	 1.743677 
3.720000 	 1.317902 
3.740000 	 1.398178 
3.760000 	 1.658894 
3.780000 	 1.371518 
3.800000 	 1.472549 
3.820000 	 1.744770 
3.840000 	 1.509943 
3.860000 	 1.582845 
3.880000 	 1.475154 
3.900000 	 1.457561 
3.920000 	 1.381707 
3.940000 	 1.499219 
3.960000 	 1.602175 
3.980000 	 1.439321 
4.000000 	 1.474700 
4.020000 	 1.462564 
4.040000 	 1.519605 
4.060000 	 1.471459 
4.080000 	 1.635811 
4.100000 	 1.474411 
4.120000 	 1.707340 
4.140000 	 1.895755 
4.160000 	 1.733266 
4.180000 	 1.607503 
4.200000 	 1.538677 
4.220000 	 1.678235 
4.240000 	 1.651208 
4.260000 	 1.739447 
4.280000 	 1.550382 
4.300000 	 1.661647 
4.320000 	 1.462283 
4.340000 	 1.565190 
4.360000 	 1.422870 
4.380000 	 1.406209 
4.400000 	 1.539067 
4.420000 	 1.622327 
4.440000 	 1.267778 
4.460000 	 1.842478 
4.480000 	 1.339459 
4.500000 	 1.301686 
4.520000 	 1.419789 
4.540000 	 1.497247 
4.560000 	 1.569071 
4.580000 	 1.574321 
4.600000 	 1.472699 
4.620000 	 1.619752 
4.640000 	 1.525488 
4.660000 	 1.537899 
4.680000 	 1.611887 
4.700000 	 1.680836 
4.720000 	 1.573543 
4.740000 	 1.532066 
4.760000 	 1.500654 
4.780000 	 1.362782 
4.800000 	 1.358254 
4.820000 	 1.206426 
4.840000 	 1.296718 
4.860000 	 1.328869 
4.880000 	 1.591632 
4.900000 	 1.625499 
4.920000 	 1.232691 
4.940000 	 1.417265 
4.960000 	 1.655028 
4.980000 	 1.305040 
5.000000 	 1.510955 
5.020000 	 1.284438 
5.040000 	 1.246954 
5.060000 	 1.402498 
5.080000 	 0.300000 
5.100000 	 1.323006 
5.120000 	 1.281438 
5.140000 	 1.408176 
5.160000 	 1.202039 
5.180000 	 1.192974 
5.200000 	 1.428643 
5.220000 	 1.928112 
5.240000 	 1.339889 
5.260000 	 1.169316 
5.280000 	 1.475376 
5.300000 	 1.327330 
5.320000 	 1.476578 
5.340000 	 1.152372 
5.360000 	 1.354144 
5.380000 	 1.246934 
5.400000 	 1.098918 
5.420000 	 0.933010 
5.440000 	 1.314518 
5.460000 	 1.026271 
5.480000 	 1.015768 
5.500000 	 0.998625 
5.520000 	 1.205006 
5.540000 	 1.490794 
5.560000 	 1.243680 
5.580000 	 0.939256 
5.600000 	 1.139644 
5.620000 	 1.206950 
5.640000 	 1.205551 
5.660000 	 1.401800 
5.680000 	 1.074544 
5.700000 	 1.171548 
5.720000 	 1.088612 
5.740000 	 1.065667 
5.760000 	 1.097309 
5.780000 	 1.060253 
5.800000 	 0.978101 
5.820000 	 0.976262 
5.840000 	 0.869957 
5.860000 	 0.845835 
5.880000 	 1.187862 
5.900000 	 1.058913 
5.920000 	 1.148879 
5.940000 	 1.257077 
5.960000 	 1.040837 
5.980000 	 0.773740 
6.000000 	 1.015735 
6.020000 	 0.986904 
6.040000 	 1.042152 
6.060000 	 1.007594 
6.080000 	 1.082350 
6.100000 	 0.747153 
6.120000 	 0.918932 
6.140000 	 0.705000 
6.160000 	 0.970152 
6.180000 	 0.824071 
6.200000 	 0.669692 
6.220000 	 0.968124 
6.240000 	 0.880117 
6.260000 	 0.700649 
6.280000 	 1.035472 
6.300000 	 1.107999 
6.320000 	 0.612812 
6.340000 	 0.797166 
6.360000 	 1.069827 
6.380000 	 0.872821 
6.400000 	 0.466352 
6.420000 	 0.675955 
6.440000 	 0.782328 
6.460000 	 0.739767 
6.480000 	 0.844780 
6.500000 	 0.803158 
6.520000 	 0.746320 
6.540000 	 0.865679 
6.560000 	 0.221708 
6.580000 	 0.985551 
6.600000 	 0.975075 
6.620000 	 0.605248 
6.640000 	 0.390190 
6.660000 	 0.701829 
6.680000 	 0.820051 
6.700000 	 0.478859 
6.720000 	 0.741439 
6.740000 	 0.477064 
6.760000 	 0.790393 
6.780000 	 0.530678 
6.800000 	 0.458516 
6.820000 	 0.731525 
6.840000 	 0.634449 
6.860000 	 0.591561 
6.880000 	 0.475113 
6.900000 	 0.443263 
6.920000 	 0.498000 
6.940000 	 0.447515 
6.960000 	 0.459084 
6.980000 	 0.502668 
7.000000 	 0.627801 
7.020000 	 0.508590 
7.040000 	 0.416560 
7.060000 	 0.441058 
7.080000 	 0.546797 
7.100000 	 0.449576 
7.120000 	 0.337344 
7.140000 	 0.436014 
7.160000 	 0.319401 
7.180000 	 0.363136 
7.200000 	 0.549828 
7.220000 	 0.631337 
7.240000 	 0.279940 
7.260000 	 0.432731 
7.280000 	 0.586812 
7.300000 	 0.636257 
7.320000 	 0.358967 
7.340000 	 0.403509 
7.360000 	 0.559251 
7.380000 	 0.654170 
7.400000 	 0.503580 
7.420000 	 0.454120 
7.440000 	 0.449621 
7.460000 	 0.301787 
7.480000 	 0.487464 
7.500000 	 0.227249 
7.520000 	 0.652364 
7.540000 	 0.423358 
7.560000 	 0.117320 
7.580000 	 0.261533 
7.600000 	 0.368123 
7.620000 	 0.217701 
7.640000 	 0.438172 
7.660000 	 0.587235 
7.680000 	 0.100136 
7.700000 	 0.423721 
7.720000 	 0.218761 
7.740000 	 0.354311 
7.760000 	 0.466183 
7.780000 	 0.363777 
7.800000 	 0.407660 
7.820000 	 0.108595 
7.840000 	 0.470757 
7.860000 	 0.183862 
7.880000 	 0.363869 
7.900000 	 0.130413 
7.920000 	 0.247363 
7.940000 	 0.071748 
7.960000 	 0.066538 
7.980000 	 0.184252 
8.000000 	 -0.049858 
8.020000 	 -0.189648 
8.040000 	 0.128070 
8.060000 	 0.341830 
8.080000 	 0.097184 
8.100000 	 0.281546 
8.120000 	 0.414630 
8.140000 	 0.450181 
8.160000 	 0.288876 
8.180000 	 -0.030825 
8.200000 	 0.200720 
8.220000 	 0.165767 
8.240000 	 -0.014480 
8.260000 	 0.287092 
8.280000 	 0.038206 
8.300000 	 0.157593 
8.320000 	 0.203680 
8.340000 	 -0.040770 
8.360000 	 0.285881 
8.380000 	 0.174113 
8.400000 	 -0.040506 
8.420000 	 0.093323 
8.440000 	 -0.019198 
8.460000 	 0.411693 
8.480000 	 0.162099 
8.500000 	 0.016060 
8.520000 	 0.092499 
8.540000 	 0.144826 
8.560000 	 0.255692 
8.580000 	 -0.110287 
8.600000 	 0.376858 
8.620000 	 0.131508 
8.640000 	 0.054217 
8.660000 	 0.380192 
8.680000 	 0.256719 
8.700000 	 -0.039502 
8.720000 	 0.047327 
8.740000 	 0.178042 
8.760000 	 0.353852 
8.780000 	 0.130401 
8.800000 	 0.007359 
8.820000 	 0.110767 
8.840000 	 0.049628 
8.860000 	 0.153528 
8.880000 	 0.019240 
8.900000 	 0.092540 
8.920000 	 0.197813 
8.940000 	 0.107417 
8.960000 	 -0.141277 
8.980000 	 0.128832 
9.000000 	 0.131585 
9.020000 	 -0.034240 
9.040000 	 0.393399 
9.060000 	 0.020663 
9.080000 	 -0.177490 
9.100000 	 0.074411 
9.120000 	 0.080864 
9.140000 	 0.160678 
9.160000 	 0.035941 
9.180000 	 -0.047889 
9.200000 	 0.040151 
9.220000 	 -0.120617 
9.240000 	 -0.000954 
9.260000 	 -0.050167 
9.280000 	 -0.043873 
9.300000 	 -0.103968 
9.320000 	 -0.066934 
9.340000 	 0.167927 
9.360000 	 0.053661 
9.380000 	 -0.161085 
9.400000 	 0.090370 
9.420000 	 0.054605 
9.440000 	 0.160996 
9.460000 	 0.288437 
9.480000 	 -0.131260 
9.500000 	 -0.015905 
9.520000 	 0.105691 
9.540000 	 0.316004 
9.560000 	 -0.044598 
9.580000 	 0.050165 
9.600000 	 0.150665 
9.620000 	 -0.158618 
9.640000 	 0.338549 
9.660000 	 -0.140654 
9.680000 	 0.198594 
9.700000 	 0.005194 
9.720000 	 -0.010673 
9.740000 	 0.124508 
9.760000 	 -0.056349 
9.780000 	 0.037031 
9.800000 	 -0.181057 
9.820000 	 0.024443 
9.840000 	 -0.101674 
9.860000 	 -0.009365 
9.880000 	 0.217409 
9.900000 	 -0.110314 
9.920000 	 -0.115888 
9.940000 	 0.031522 
9.960000 	 0.227642 
9.980000 	 0.141806 
10.000000 	 -0.237112 
10.020000 	 -0.044501 
10.040000 	 -0.118876 
10.060000 	 -0.165064 
10.080000 	 -0.124592 
10.100000 	 -0.070629 
10.120000 	 -0.155314 
10.140000 	 -0.211289 
10.160000 	 0.057698 
10.180000 	 -0.091515 
10.200000 	 0.195503 
10.220000 	 0.193996 
10.240000 	 0.090407 
10.260000 	 0.116823 
10.280000 	 0.020182 
10.300000 	 0.059463 
10.320000 	 0.104836 
10.340000 	 -0.184772 
10.360000 	 0.164042 
10.380000 	 0.065038 
10.400000 	 0.177222 
10.420000 	 0.002652 
10.440000 	 0.171606 
10.460000 	 0.342334 
10.480000 	 0.152551 
10.500000 	 0.023758 
10.520000 	 0.087793 
10.540000 	 -0.093021 
10.560000 	 -0.163932 
10.580000 	 0.156098 
10.600000 	 0.084615 
10.620000 	 -0.061821 
10.640000 	 0.167209 
10.660000 	 0.283892 
10.680000 	 0.211016 
10.700000 	 0.040014 
10.720000 	 0.218886 
10.740000 	 0.137196 
10.760000 	 -0.028862 
10.780000 	 0.046261 
10.800000 	 0.060006 
10.820000 	 0.092505 
10.840000 	 -0.036619 
10.860000 	 -0.023045 
10.880000 	 0.173674 
10.900000 	 -0.066810 
10.920000 	 -0.192136 
10.940000 	 -0.018810 
10.960000 	 -0.322576 
10.980000 	 -0.289359 
11.000000 	 0.315073 
11.020000 	 -0.094835 
11.040000 	 -0.079620 
11.060000 	 0.358211 
11.080000 	 0.179200 
11.100000 	 0.192029 
11.120000 	 -0.140367 
11.140000 	 -0.105287 
11.160000 	 0.116138 
11.180000 	 0.025938 
11.200000 	 0.391715 
11.220000 	 -0.122592 
11.240000 	 -0.015225 
11.260000 	 -0.373708 
11.280000 	 -0.214595 
11.300000 	 -0.135372 
11.320000 	 -0.099697 
11.340000 	 0.211449 
11.360000 	 0.249312 
11.380000 	 0.010621 
11.400000 	 0.148410 
11.420000 	 0.098018 
11.440000 	 -0.101628 
11.460000 	 0.094407 
11.480000 	 -0.163911 
11.500000 	 0.050538 
11.520000 	 -0.234592 
11.540000 	 -0.175922 
11.560000 	 0.133437 
11.580000 	 -0.111777 
11.600000 	 0.112010 
11.620000 	 -0.252711 
11.640000 	 0.073443 
11.660000 	 -0.087411 
11.680000 	 -0.049891 
11.700000 	 0.001160 
11.720000 	 0.122637 
11.740000 	 0.017461 
11.760000 	 0.042222 
11.780000 	 0.102974 
11.800000 	 -0.165143 
11.820000 	 0.170270 
11.840000 	 0.111546 
11.860000 	 0.010015 
11.880000 	 0.005965 
11.900000 	 -0.170633 
11.920000 	 -0.093876 
11.940000 	 -0.044329 
11.960000 	 -0.189785 
11.980000 	 0.217018 
12.000000 	 0.094251 
12.020000 	 -0.043729 
12.040000 	 -0.057996 
12.060000 	 -0.174642 
12.080000 	 0.190751 
12.100000 	 0.146955 
12.120000 	 0.184990 
12.140000 	 0.084963 
12.160000 	 -0.240137 
12.180000 	 -0.109020 
12.200000 	 -0.059862 
12.220000 	 -0.179713 
12.240000 	 -0.092843 
12.260000 	 -0.419901 
12.280000 	 -0.098213 
12.300000 	 -0.038193 
12.320000 	 -0.270990 
12.340000 	 -0.308583 
12.360000 	 0.134647 
12.380000 	 -0.078887 
12.400000 	 0.172335 
12.420000 	 0.320415 
12.440000 	 -0.132424 
12.460000 	 0.063275 
12.480000 	 -0.137616 
12.500000 	 0.185087 
12.520000 	 -0.048022 
12.540000 	 -0.188900 
12.560000 	 0.160036 
12.580000 	 -0.176788 
12.600000 	 -0.157152 
12.620000 	 0.047519 
12.640000 	 0.124794 
12.660000 	 -0.481474 
12.680000 	 0.066345 
12.700000 	 0.216001 
12.720000 	 -0.233879 
12.740000 	 0.011056 
12.760000 	 0.099091 
12.780000 	 0.178268 
12.800000 	 -0.069909 
12.820000 	 -0.324575 
12.840000 	 0.141146 
12.860000 	 -0.133532 
12.880000 	 0.027185 
12.900000 	 0.066118 
12.920000 	 0.015718 
12.940000 	 0.173157 
12.960000 	 0.090101 
12.980000 	 -0.400000 
13.000000 	 0.007687 
13.020000 	 -0.059676 
13.040000 	 -0.243700 
13.060000 	 -0.047793 
13.080000 	 -0.196985 
13.100000 	 -0.012336 
13.120000 	 0.265811 
13.140000 	 -0.163381 
13.160000 	 -0.210811 
13.180000 	 0.059193 
13.200000 	 0.225901 
13.220000 	 -0.057309 
13.240000 	 0.085158 
13.260000 	 0.146985 
13.280000 	 0.068509 
13.300000 	 0.130088 
13.320000 	 0.166036 
13.340000 	 -0.252759 
13.360000 	 0.011355 
13.380000 	 0.051947 
13.400000 	 -0.042144 
13.420000 	 -0.142280 
13.440000 	 0.382467 
13.460000 	 0.196191 
13.480000 	 -0.088569 
13.500000 	 -0.033632 
13.520000 	 0.067930 
13.540000 	 -0.144682 
13.560000 	 -0.030837 
13.580000 	 0.350021 
13.600000 	 -0.260838 
13.620000 	 -0.005583 
13.640000 	 -0.177005 
13.660000 	 -0.029239 
13.680000 	 0.220168 
13.700000 	 0.237962 
13.720000 	 -0.191473 
13.740000 	 -0.019605 
13.760000 	 0.018651 
13.780000 	 -0.199180 
13.800000 	 -0.076515 
13.820000 	 0.101545 
13.840000 	 -0.174073 
13.860000 	 -0.093286 
13.880000 	 -0.033282 
13.900000 	 0.103014 
13.920000 	 -0.127286 
13.940000 	 -0.145020 
13.960000 	 -0.125384 
13.980000 	 -0.150826 
14.000000 	 0.155032 
14.020000 	 0.071096 
14.040000 	 0.120051 
14.060000 	 -0.022318 
14.080000 	 -0.149213 
14.100000 	 0.119162 
14.120000 	 -0.088632 
14.140000 	 0.184252 
14.160000 	 -0.015259 
14.180000 	 0.018298 
14.200000 	 0.046938 
14.220000 	 0.269814 
14.240000 	 0.360903 
14.260000 	 0.063599 
14.280000 	 -0.099376 
14.300000 	 0.080172 
14.320000 	 0.214376 
14.340000 	 -0.059383 
14.360000 	 -0.287789 
14.380000 	 -0.113580 
14.400000 	 0.307931 
14.420000 	 0.098424 
14.440000 	 -0.224281 
14.460000 	 -0.118480 
14.480000 	 -0.280149 
14.500000 	 -0.047913 
14.520000 	 0.041201 
14.540000 	 -0.054781 
14.560000 	 -0.227756 
14.580000 	 0.064075 
14.600000 	 -0.046839 
14.620000 	 -0.147112 
14.640000 	 -0.076528 
14.660000 	 0.167900 
14.680000 	 0.055721 
14.700000 	 0.156674 
14.720000 	 0.233652 
14.740000 	 0.015034 
14.760000 	 -0.075401 
14.780000 	 -0.309299 
14.800000 	 -0.224229 
14.820000 	 -0.073023 
14.840000 	 -0.047031 
14.860000 	 0.338168 
14.880000 	 0.205477 
14.900000 	 -0.224089 
14.920000 	 0.353905 
14.940000 	 0.048639 
14.960000 	 0.078707 
14.980000 	 -0.092024 
15.000000 	 -0.079567 
