-15.000000 	 -0.203376 
-14.980000 	 0.148489 
-14.960000 	 0.121081 
-14.940000 	 0.008604 
-14.920000 	 0.140198 
-14.900000 	 0.072015 
-14.880000 	 0.210254 
-14.860000 	 -0.166910 
-14.840000 	 0.035773 
-14.820000 	 -0.029078 
-14.800000 	 0.239121 
-14.780000 	 -0.074336 
-14.760000 	 -0.147118 
-14.740000 	 -0.058571 
-14.720000 	 0.316929 
-14.700000 	 0.150171 
-14.680000 	 -0.080184 
-14.660000 	 0.003281 
-14.640000 	 0.338936 
-14.620000 	 -0.089442 
-14.600000 	 0.029068 
-14.580000 	 -0.149600 
-14.560000 	 -0.192359 
-14.540000 	 0.174135 
-14.520000 	 -0.074174 
-14.500000 	 0.026300 
-14.480000 	 -0.078370 
-14.460000 	 0.107950 
-14.440000 	 -0.191262 
-14.420000 	 -0.057536 
-14.400000 	 -0.047351 
-14.380000 	 0.032378 
-14.360000 	 -0.014714 
-14.340000 	 -0.283287 
-14.320000 	 -0.063795 
-14.300000 	 -0.167446 
-14.280000 	 0.009446 
-14.260000 	 0.162872 
-14.240000 	 0.154337 
-14.220000 	 -0.097801 
-14.200000 	 0.034757 
-14.180000 	 0.051737 
-14.160000 	 -0.134847 
-14.140000 	 0.002371 
-14.120000 	 0.023320 
-14.100000 	 0.000350 
-14.080000 	 0.016077 
-14.060000 	 -0.139956 
-14.040000 	 -0.179972 
-14.020000 	 0.021850 
-14.000000 	 -0.036970 
-13.980000 	 -0.107471 
-13.960000 	 -0.190627 
-13.940000 	 0.016790 
-13.920000 	 -0.137590 
-13.900000 	 -0.018795 
-13.880000 	 0.190852 
-13.860000 	 -0.197836 
-13.840000 	 -0.116307 
-13.820000 	 -0.090513 
-13.800000 	 -0.021386 
-13.780000 	 -0.069324 
-13.760000 	 -0.253643 
-13.740000 	 -0.027735 
-13.720000 	 -0.205280 
-13.700000 	 0.215759 
-13.680000 	 0.008684 
-13.660000 	 -0.193540 
-13.640000 	 0.227977 
-13.620000 	 0.200733 
-13.600000 	 -0.062299 
-13.580000 	 -0.023961 
-13.560000 	 -0.096228 
-13.540000 	 -0.074749 
-13.520000 	 -0.289264 
-13.500000 	 -0.080328 
-13.480000 	 -0.032281 
-13.460000 	 -0.024914 
-13.440000 	 0.196862 
-13.420000 	 -0.287833 
-13.400000 	 -0.381943 
-13.380000 	 0.118644 
-13.360000 	 -0.244965 
-13.340000 	 0.008789 
-13.320000 	 0.025641 
-13.300000 	 0.022587 
-13.280000 	 -0.362737 
-13.260000 	 0.046771 
-13.240000 	 0.114713 
-13.220000 	 -0.023224 
-13.200000 	 0.136456 
-13.180000 	 0.143059 
-13.160000 	 -0.258601 
-13.140000 	 0.043968 
-13.120000 	 -0.069922 
-13.100000 	 -0.051328 
-13.080000 	 0.211966 
-13.060000 	 0.253061 
-13.040000 	 -0.147790 
-13.020000 	 0.189318 
-13.000000 	 -0.097085 
-12.980000 	 -0.301405 
-12.960000 	 0.047564 
-12.940000 	 0.004733 
-12.920000 	 -0.002277 
-12.900000 	 0.169472 
-12.880000 	 0.072091 
-12.860000 	 0.033091 
-12.840000 	 0.158322 
-12.820000 	 -0.120206 
-12.800000 	 0.046111 
-12.780000 	 0.048112 
-12.760000 	 0.069847 
-12.740000 	 -0.045752 
-12.720000 	 -0.048732 
-12.700000 	 -0.075471 
-12.680000 	 -0.015429 
-12.660000 	 0.058584 
-12.640000 	 0.062104 
-12.620000 	 -0.037187 
-12.600000 	 -0.257625 
-12.580000 	 -0.084467 
-12.560000 	 -0.171157 
-12.540000 	 -0.012105 
-12.520000 	 -0.284101 
-12.500000 	 0.126917 
-12.480000 	 0.226082 
-12.460000 	 0.139214 
-12.440000 	 -0.103417 
-12.420000 	 -0.247934 
-12.400000 	 -0.172867 
-12.380000 	 0.002551 
-12.360000 	 0.266509 
-12.340000 	 0.000040 
-12.320000 	 0.076226 
-12.300000 	 -0.102111 
-12.280000 	 -0.133485 
-12.260000 	 0.163156 
-12.240000 	 -0.184568 
-12.220000 	 0.030567 
-12.200000 	 0.094403 
-12.180000 	 0.056189 
-12.160000 	 0.012441 
-12.140000 	 -0.040480 
-12.120000 	 -0.094764 
-12.100000 	 -0.063539 
-12.080000 	 0.053280 
-12.060000 	 -0.013386 
-12.040000 	 -0.017494 
-12.020000 	 -0.007599 
-12.000000 	 -0.070543 
-11.980000 	 0.180930 
-11.960000 	 0.092080 
-11.940000 	 -0.127313 
-11.920000 	 -0.102255 
-11.900000 	 0.108078 
-11.880000 	 0.086170 
-11.860000 	 -0.118199 
-11.840000 	 -0.041487 
-11.820000 	 -0.069402 
-11.800000 	 0.041884 
-11.780000 	 -0.098992 
-11.760000 	 -0.412781 
-11.740000 	 -0.006397 
-11.720000 	 -0.462712 
-11.700000 	 -0.079260 
-11.680000 	 -0.097386 
-11.660000 	 -0.073637 
-11.640000 	 0.165239 
-11.620000 	 0.081644 
-11.600000 	 0.008783 
-11.580000 	 0.025216 
-11.560000 	 -0.063056 
-11.540000 	 -0.054688 
-11.520000 	 0.004169 
-11.500000 	 -0.128830 
-11.480000 	 -0.116468 
-11.460000 	 -0.204672 
-11.440000 	 0.044391 
-11.420000 	 -0.069464 
-11.400000 	 0.054722 
-11.380000 	 -0.164730 
-11.360000 	 -0.267617 
-11.340000 	 -0.332243 
-11.320000 	 0.397416 
-11.300000 	 -0.395297 
-11.280000 	 -0.067457 
-11.260000 	 0.024975 
-11.240000 	 -0.007837 
-11.220000 	 -0.007031 
-11.200000 	 -0.004718 
-11.180000 	 -0.007429 
-11.160000 	 -0.013388 
-11.140000 	 0.204379 
-11.120000 	 0.004589 
-11.100000 	 -0.223569 
-11.080000 	 0.042146 
-11.060000 	 -0.137186 
-11.040000 	 -0.077738 
-11.020000 	 0.055470 
-11.000000 	 -0.049834 
-10.980000 	 -0.113262 
-10.960000 	 -0.004205 
-10.940000 	 -0.055953 
-10.920000 	 0.135903 
-10.900000 	 -0.114809 
-10.880000 	 0.074698 
-10.860000 	 0.180864 
-10.840000 	 0.068645 
-10.820000 	 -0.317607 
-10.800000 	 -0.056577 
-10.780000 	 -0.085992 
-10.760000 	 0.022655 
-10.740000 	 -0.117323 
-10.720000 	 -0.106915 
-10.700000 	 -0.211848 
-10.680000 	 0.121136 
-10.660000 	 -0.137448 
-10.640000 	 -0.141692 
-10.620000 	 -0.148606 
-10.600000 	 0.172126 
-10.580000 	 -0.128758 
-10.560000 	 -0.176151 
-10.540000 	 -0.013410 
-10.520000 	 -0.042465 
-10.500000 	 0.018528 
-10.480000 	 -0.103912 
-10.460000 	 0.201740 
-10.440000 	 0.157284 
-10.420000 	 0.113803 
-10.400000 	 -0.178182 
-10.380000 	 0.192789 
-10.360000 	 0.001644 
-10.340000 	 -0.099718 
-10.320000 	 -0.029257 
-10.300000 	 0.011572 
-10.280000 	 0.131081 
-10.260000 	 0.071368 
-10.240000 	 -0.114113 
-10.220000 	 0.068357 
-10.200000 	 0.234560 
-10.180000 	 0.199018 
-10.160000 	 -0.070197 
-10.140000 	 0.062308 
-10.120000 	 -0.062931 
-10.100000 	 -0.037885 
-10.080000 	 0.121181 
-10.060000 	 -0.184562 
-10.040000 	 0.003452 
-10.020000 	 0.108923 
-10.000000 	 0.128255 
-9.980000 	 0.078506 
-9.960000 	 -0.118907 
-9.940000 	 0.134055 
-9.920000 	 -0.013463 
-9.900000 	 0.021196 
-9.880000 	 -0.071919 
-9.860000 	 -0.051831 
-9.840000 	 -0.280086 
-9.820000 	 -0.004679 
-9.800000 	 -0.149560 
-9.780000 	 -0.140560 
-9.760000 	 -0.044300 
-9.740000 	 -0.164414 
-9.720000 	 0.049865 
-9.700000 	 -0.157449 
-9.680000 	 -0.136980 
-9.660000 	 -0.058134 
-9.640000 	 -0.130355 
-9.620000 	 -0.090547 
-9.600000 	 0.036654 
-9.580000 	 0.055006 
-9.560000 	 0.063122 
-9.540000 	 -0.170853 
-9.520000 	 0.010536 
-9.500000 	 -0.089032 
-9.480000 	 0.044853 
-9.460000 	 0.101524 
-9.440000 	 0.046717 
-9.420000 	 0.111895 
-9.400000 	 -0.052830 
-9.380000 	 -0.219869 
-9.360000 	 -0.055093 
-9.340000 	 0.158390 
-9.320000 	 -0.072815 
-9.300000 	 -0.214868 
-9.280000 	 0.189590 
-9.260000 	 0.290813 
-9.240000 	 0.031660 
-9.220000 	 -0.138416 
-9.200000 	 0.318999 
-9.180000 	 0.197977 
-9.160000 	 -0.240386 
-9.140000 	 -0.243127 
-9.120000 	 0.210902 
-9.100000 	 0.260839 
-9.080000 	 -0.338138 
-9.060000 	 -0.004825 
-9.040000 	 -0.019707 
-9.020000 	 -0.216437 
-9.000000 	 -0.023508 
-8.980000 	 -0.187299 
-8.960000 	 -0.204327 
-8.940000 	 0.156824 
-8.920000 	 0.025535 
-8.900000 	 0.241672 
-8.880000 	 -0.135791 
-8.860000 	 0.160790 
-8.840000 	 -0.143489 
-8.820000 	 -0.117006 
-8.800000 	 0.180235 
-8.780000 	 0.056990 
-8.760000 	 0.182363 
-8.740000 	 0.128440 
-8.720000 	 0.101354 
-8.700000 	 -0.143738 
-8.680000 	 0.084349 
-8.660000 	 -0.003929 
-8.640000 	 -0.260397 
-8.620000 	 0.168744 
-8.600000 	 0.106984 
-8.580000 	 -0.348104 
-8.560000 	 0.099410 
-8.540000 	 -0.106518 
-8.520000 	 -0.009392 
-8.500000 	 0.331497 
-8.480000 	 0.051652 
-8.460000 	 0.185425 
-8.440000 	 0.161698 
-8.420000 	 0.137241 
-8.400000 	 -0.015430 
-8.380000 	 0.028300 
-8.360000 	 0.299141 
-8.340000 	 0.020951 
-8.320000 	 -0.348271 
-8.300000 	 -0.055062 
-8.280000 	 -0.089577 
-8.260000 	 -0.162932 
-8.240000 	 -0.167660 
-8.220000 	 0.154875 
-8.200000 	 -0.178183 
-8.180000 	 0.134208 
-8.160000 	 0.120145 
-8.140000 	 -0.185470 
-8.120000 	 -0.069494 
-8.100000 	 0.362066 
-8.080000 	 0.088142 
-8.060000 	 -0.305270 
-8.040000 	 -0.035848 
-8.020000 	 0.054774 
-8.000000 	 -0.051266 
-7.980000 	 0.253294 
-7.960000 	 -0.033227 
-7.940000 	 0.130411 
-7.920000 	 -0.001293 
-7.900000 	 0.021832 
-7.880000 	 0.080527 
-7.860000 	 -0.003567 
-7.840000 	 -0.017524 
-7.820000 	 -0.139948 
-7.800000 	 0.107817 
-7.780000 	 0.115336 
-7.760000 	 -0.003776 
-7.740000 	 0.197737 
-7.720000 	 0.041375 
-7.700000 	 -0.283265 
-7.680000 	 0.131560 
-7.660000 	 -0.051825 
-7.640000 	 -0.022713 
-7.620000 	 0.253650 
-7.600000 	 0.371881 
-7.580000 	 -0.190904 
-7.560000 	 -0.209258 
-7.540000 	 0.103712 
-7.520000 	 -0.094164 
-7.500000 	 0.079675 
-7.480000 	 -0.027383 
-7.460000 	 0.108493 
-7.440000 	 0.045183 
-7.420000 	 0.281486 
-7.400000 	 0.031022 
-7.380000 	 -0.048847 
-7.360000 	 0.091638 
-7.340000 	 0.009094 
-7.320000 	 0.169033 
-7.300000 	 0.337385 
-7.280000 	 -0.078613 
-7.260000 	 -0.054348 
-7.240000 	 -0.047462 
-7.220000 	 0.150787 
-7.200000 	 0.093562 
-7.180000 	 0.112930 
-7.160000 	 0.080880 
-7.140000 	 0.092001 
-7.120000 	 0.299685 
-7.100000 	 0.131036 
-7.080000 	 0.226241 
-7.060000 	 -0.001948 
-7.040000 	 0.215619 
-7.020000 	 0.090734 
-7.000000 	 0.036918 
-6.980000 	 0.163406 
-6.960000 	 0.022771 
-6.940000 	 -0.005931 
-6.920000 	 -0.054610 
-6.900000 	 0.177294 
-6.880000 	 0.083537 
-6.860000 	 -0.164039 
-6.840000 	 0.048414 
-6.820000 	 0.206582 
-6.800000 	 0.293533 
-6.780000 	 0.274611 
-6.760000 	 0.034451 
-6.740000 	 0.119480 
-6.720000 	 -0.027910 
-6.700000 	 -0.083696 
-6.680000 	 0.125984 
-6.660000 	 0.184286 
-6.640000 	 0.126224 
-6.620000 	 0.237301 
-6.600000 	 0.547112 
-6.580000 	 0.120977 
-6.560000 	 0.157197 
-6.540000 	 -0.061248 
-6.520000 	 0.068386 
-6.500000 	 0.089118 
-6.480000 	 0.186010 
-6.460000 	 -0.051153 
-6.440000 	 -0.285537 
-6.420000 	 0.169963 
-6.400000 	 0.101045 
-6.380000 	 0.190970 
-6.360000 	 0.150832 
-6.340000 	 0.135440 
-6.320000 	 0.069349 
-6.300000 	 0.102258 
-6.280000 	 0.247565 
-6.260000 	 -0.048254 
-6.240000 	 0.142888 
-6.220000 	 -0.014616 
-6.200000 	 0.057499 
-6.180000 	 0.240942 
-6.160000 	 0.162229 
-6.140000 	 0.181222 
-6.120000 	 0.356158 
-6.100000 	 0.459617 
-6.080000 	 -0.129273 
-6.060000 	 0.415923 
-6.040000 	 0.081562 
-6.020000 	 0.566809 
-6.000000 	 0.298554 
-5.980000 	 0.020993 
-5.960000 	 -0.089816 
-5.940000 	 0.227259 
-5.920000 	 0.249249 
-5.900000 	 0.326709 
-5.880000 	 0.262249 
-5.860000 	 0.121897 
-5.840000 	 0.425933 
-5.820000 	 0.611806 
-5.800000 	 0.065987 
-5.780000 	 0.110884 
-5.760000 	 0.340623 
-5.740000 	 0.310541 
-5.720000 	 0.164797 
-5.700000 	 0.310778 
-5.680000 	 0.148780 
-5.660000 	 0.109201 
-5.640000 	 0.302657 
-5.620000 	 0.281511 
-5.600000 	 0.283565 
-5.580000 	 0.391356 
-5.560000 	 0.487729 
-5.540000 	 0.234496 
-5.520000 	 0.518447 
-5.500000 	 0.370690 
-5.480000 	 0.387389 
-5.460000 	 0.360642 
-5.440000 	 0.205613 
-5.420000 	 0.238280 
-5.400000 	 0.047890 
-5.380000 	 0.489388 
-5.360000 	 0.419908 
-5.340000 	 0.517414 
-5.320000 	 0.046078 
-5.300000 	 0.017176 
-5.280000 	 0.387277 
-5.260000 	 0.554875 
-5.240000 	 0.242885 
-5.220000 	 0.622770 
-5.200000 	 0.728621 
-5.180000 	 0.420394 
-5.160000 	 0.354609 
-5.140000 	 0.592461 
-5.120000 	 0.746741 
-5.100000 	 0.296823 
-5.080000 	 0.347354 
-5.060000 	 0.310863 
-5.040000 	 0.515485 
-5.020000 	 0.461617 
-5.000000 	 0.231554 
-4.980000 	 0.344670 
-4.960000 	 0.275778 
-4.940000 	 0.543572 
-4.920000 	 0.320038 
-4.900000 	 0.459702 
-4.880000 	 0.456156 
-4.860000 	 0.298012 
-4.840000 	 0.145170 
-4.820000 	 0.463113 
-4.800000 	 0.341718 
-4.780000 	 0.341530 
-4.760000 	 0.490454 
-4.740000 	 0.623638 
-4.720000 	 0.392092 
-4.700000 	 0.628643 
-4.680000 	 0.421058 
-4.660000 	 0.135363 
-4.640000 	 0.537182 
-4.620000 	 0.458704 
-4.600000 	 0.270422 
-4.580000 	 0.693079 
-4.560000 	 0.565512 
-4.540000 	 0.400258 
-4.520000 	 0.594174 
-4.500000 	 0.344187 
-4.480000 	 0.350048 
-4.460000 	 0.225965 
-4.440000 	 0.318773 
-4.420000 	 0.421790 
-4.400000 	 -0.100000 
-4.380000 	 0.972015 
-4.360000 	 0.504148 
-4.340000 	 0.541597 
-4.320000 	 0.398669 
-4.300000 	 0.538893 
-4.280000 	 0.577379 
-4.260000 	 0.594837 
-4.240000 	 0.403301 
-4.220000 	 0.464140 
-4.200000 	 0.558492 
-4.180000 	 0.713439 
-4.160000 	 0.255041 
-4.140000 	 0.738018 
-4.120000 	 0.611662 
-4.100000 	 0.344129 
-4.080000 	 0.504395 
-4.060000 	 0.442946 
-4.040000 	 0.184165 
-4.020000 	 0.561307 
-4.000000 	 0.202469 
-3.980000 	 0.474268 
-3.960000 	 0.626891 
-3.940000 	 0.505795 
-3.920000 	 0.788477 
-3.900000 	 0.608503 
-3.880000 	 0.682127 
-3.860000 	 0.292652 
-3.840000 	 0.257260 
-3.820000 	 0.534977 
-3.800000 	 0.380408 
-3.780000 	 0.339844 
-3.760000 	 0.642346 
-3.740000 	 0.612721 
-3.720000 	 0.295647 
-3.700000 	 0.507807 
-3.680000 	 0.277741 
-3.660000 	 0.329724 
-3.640000 	 0.639183 
-3.620000 	 0.555338 
-3.600000 	 0.418617 
-3.580000 	 0.513531 
-3.560000 	 0.725374 
-3.540000 	 0.367238 
-3.520000 	 0.264389 
-3.500000 	 0.388297 
-3.480000 	 0.465468 
-3.460000 	 0.433336 
-3.440000 	 0.056082 
-3.420000 	 0.303754 
-3.400000 	 0.436640 
-3.380000 	 0.443941 
-3.360000 	 0.554932 
-3.340000 	 0.389144 
-3.320000 	 0.535209 
-3.300000 	 0.589619 
-3.280000 	 0.375864 
-3.260000 	 0.613807 
-3.240000 	 0.392346 
-3.220000 	 0.485668 
-3.200000 	 0.482272 
-3.180000 	 0.190545 
-3.160000 	 0.474820 
-3.140000 	 0.453127 
-3.120000 	 0.480182 
-3.100000 	 0.683169 
-3.080000 	 0.409860 
-3.060000 	 0.555244 
-3.040000 	 0.338167 
-3.020000 	 0.161291 
-3.000000 	 0.559690 
-2.980000 	 0.249253 
-2.960000 	 0.447667 
-2.940000 	 0.100707 
-2.920000 	 0.442889 
-2.900000 	 0.339899 
-2.880000 	 0.155140 
-2.860000 	 0.387573 
-2.840000 	 0.526928 
-2.820000 	 0.268720 
-2.800000 	 0.600451 
-2.780000 	 0.877042 
-2.760000 	 0.399927 
-2.740000 	 0.448439 
-2.720000 	 0.337597 
-2.700000 	 0.206562 
-2.680000 	 0.347029 
-2.660000 	 0.481340 
-2.640000 	 0.282387 
-2.620000 	 0.485907 
-2.600000 	 0.070667 
-2.580000 	 0.018924 
-2.560000 	 0.349414 
-2.540000 	 0.144714 
-2.520000 	 0.457063 
-2.500000 	 0.370040 
-2.480000 	 0.188838 
-2.460000 	 0.225081 
-2.440000 	 0.518226 
-2.420000 	 0.234040 
-2.400000 	 0.319777 
-2.380000 	 0.091745 
-2.360000 	 0.257883 
-2.340000 	 0.377309 
-2.320000 	 0.234882 
-2.300000 	 0.215542 
-2.280000 	 0.114783 
-2.260000 	 0.246818 
-2.240000 	 0.297452 
-2.220000 	 0.556323 
-2.200000 	 0.519242 
-2.180000 	 0.279611 
-2.160000 	 0.218407 
-2.140000 	 0.172115 
-2.120000 	 0.119502 
-2.100000 	 0.197256 
-2.080000 	 0.368008 
-2.060000 	 0.255639 
-2.040000 	 0.216245 
-2.020000 	 0.315637 
-2.000000 	 0.327758 
-1.980000 	 0.199276 
-1.960000 	 0.383373 
-1.940000 	 0.211087 
-1.920000 	 0.101830 
-1.900000 	 0.248753 
-1.880000 	 0.435039 
-1.860000 	 0.075908 
-1.840000 	 0.213300 
-1.820000 	 0.024726 
-1.800000 	 0.110317 
-1.780000 	 0.166278 
-1.760000 	 0.327771 
-1.740000 	 0.094652 
-1.720000 	 0.236986 
-1.700000 	 0.187736 
-1.680000 	 0.064937 
-1.660000 	 -0.065488 
-1.640000 	 0.277488 
-1.620000 	 0.305503 
-1.600000 	 0.318789 
-1.580000 	 0.243118 
-1.560000 	 0.077924 
-1.540000 	 0.547261 
-1.520000 	 0.293679 
-1.500000 	 0.300182 
-1.480000 	 0.401547 
-1.460000 	 0.304597 
-1.440000 	 0.359434 
-1.420000 	 0.045545 
-1.400000 	 0.206586 
-1.380000 	 0.139010 
-1.360000 	 -0.077332 
-1.340000 	 -0.096471 
-1.320000 	 0.365084 
-1.300000 	 0.322493 
-1.280000 	 0.019699 
-1.260000 	 0.038193 
-1.240000 	 0.153805 
-1.220000 	 0.305758 
-1.200000 	 0.072595 
-1.180000 	 0.358704 
-1.160000 	 -0.000931 
-1.140000 	 0.106142 
-1.120000 	 0.154614 
-1.100000 	 0.114774 
-1.080000 	 0.251686 
-1.060000 	 0.369591 
-1.040000 	 0.199638 
-1.020000 	 0.014348 
-1.000000 	 0.353348 
-0.980000 	 0.026878 
-0.960000 	 0.184059 
-0.940000 	 0.164350 
-0.920000 	 0.116575 
-0.900000 	 0.071929 
-0.880000 	 0.293847 
-0.860000 	 -0.016835 
-0.840000 	 0.171755 
-0.820000 	 0.378790 
-0.800000 	 0.101878 
-0.780000 	 0.107960 
-0.760000 	 0.104868 
-0.740000 	 -0.153194 
-0.720000 	 0.281793 
-0.700000 	 0.074351 
-0.680000 	 0.174942 
-0.660000 	 0.319269 
-0.640000 	 0.205786 
-0.620000 	 0.384250 
-0.600000 	 0.271257 
-0.580000 	 0.115317 
-0.560000 	 0.088179 
-0.540000 	 0.357876 
-0.520000 	 0.126987 
-0.500000 	 0.333143 
-0.480000 	 0.422229 
-0.460000 	 0.279124 
-0.440000 	 0.346621 
-0.420000 	 0.314272 
-0.400000 	 0.281224 
-0.380000 	 0.246022 
-0.360000 	 -0.028397 
-0.340000 	 0.437514 
-0.320000 	 0.263212 
-0.300000 	 0.138530 
-0.280000 	 0.208105 
-0.260000 	 0.315395 
-0.240000 	 0.296934 
-0.220000 	 0.191549 
-0.200000 	 0.197000 
-0.180000 	 0.127329 
-0.160000 	 0.276094 
-0.140000 	 0.072772 
-0.120000 	 0.054226 
-0.100000 	 0.138932 
-0.080000 	 0.252960 
-0.060000 	 0.160674 
-0.040000 	 0.060784 
-0.020000 	 0.130410 
0.000000 	 0.252137 
0.020000 	 -0.004997 
0.040000 	 0.052685 
0.060000 	 0.244208 
0.080000 	 0.003462 
0.100000 	 0.232498 
0.120000 	 0.433444 
0.140000 	 0.497843 
0.160000 	 0.367701 
0.180000 	 0.356523 
0.200000 	 0.181042 
0.220000 	 0.301457 
0.240000 	 0.375172 
0.260000 	 0.326618 
0.280000 	 0.210699 
0.300000 	 0.285550 
0.320000 	 0.286477 
0.340000 	 0.421014 
0.360000 	 0.578086 
0.380000 	 0.440009 
0.400000 	 0.685144 
0.420000 	 0.178338 
0.440000 	 0.272067 
0.460000 	 0.392146 
0.480000 	 0.295125 
0.500000 	 0.260695 
0.520000 	 0.256676 
0.540000 	 0.194437 
0.560000 	 0.724508 
0.580000 	 0.438175 
0.600000 	 0.415320 
0.620000 	 0.431648 
0.640000 	 0.596891 
0.660000 	 0.447717 
0.680000 	 0.473189 
0.700000 	 0.129144 
0.720000 	 0.447813 
0.740000 	 0.267662 
0.760000 	 0.433841 
0.780000 	 0.242951 
0.800000 	 0.275840 
0.820000 	 0.660270 
0.840000 	 0.390754 
0.860000 	 0.474864 
0.880000 	 0.727258 
0.900000 	 0.439586 
0.920000 	 0.685308 
0.940000 	 0.633686 
0.960000 	 0.352816 
0.980000 	 0.693379 
1.000000 	 0.536679 
1.020000 	 0.294332 
1.040000 	 0.376933 
1.060000 	 0.584403 
1.080000 	 0.701930 
1.100000 	 0.639357 
1.120000 	 0.405462 
1.140000 	 0.661017 
1.160000 	 0.603112 
1.180000 	 0.708017 
1.200000 	 0.380932 
1.220000 	 0.527358 
1.240000 	 0.580358 
1.260000 	 0.489053 
1.280000 	 0.607983 
1.300000 	 0.900161 
1.320000 	 0.713682 
1.340000 	 0.588142 
1.360000 	 0.733707 
1.380000 	 0.901262 
1.400000 	 0.603792 
1.420000 	 0.725153 
1.440000 	 0.631493 
1.460000 	 0.569907 
1.480000 	 0.477578 
1.500000 	 0.688807 
1.520000 	 0.979837 
1.540000 	 0.880754 
1.560000 	 0.772702 
1.580000 	 0.889282 
1.600000 	 0.681870 
1.620000 	 0.846548 
1.640000 	 0.822674 
1.660000 	 0.632328 
1.680000 	 0.851672 
1.700000 	 0.524179 
1.720000 	 0.817858 
1.740000 	 0.652243 
1.760000 	 1.015633 
1.780000 	 0.825443 
1.800000 	 0.719604 
1.820000 	 0.651909 
1.840000 	 1.031338 
1.860000 	 1.021893 
1.880000 	 0.728846 
1.900000 	 0.909104 
1.920000 	 0.879515 
1.940000 	 1.039923 
1.960000 	 0.721621 
1.980000 	 0.602744 
2.000000 	 1.039133 
2.020000 	 1.128350 
2.040000 	 1.051827 
2.060000 	 0.924580 
2.080000 	 1.198526 
2.100000 	 1.023478 
2.120000 	 1.111651 
2.140000 	 0.961849 
2.160000 	 0.844277 
2.180000 	 1.227024 
2.200000 	 1.179362 
2.220000 	 1.309075 
2.240000 	 0.959482 
2.260000 	 1.026245 
2.280000 	 1.173836 
2.300000 	 1.099201 
2.320000 	 1.022658 
2.340000 	 1.252457 
2.360000 	 1.104421 
2.380000 	 1.320874 
2.400000 	 1.322461 
2.420000 	 1.245789 
2.440000 	 1.093544 
2.460000 	 1.293935 
2.480000 	 1.089287 
2.500000 	 1.036941 
2.520000 	 1.154931 
2.540000 	 1.381458 
2.560000 	 1.197857 
2.580000 	 1.451810 
2.600000 	 1.374598 
2.620000 	 1.372120 
2.640000 	 1.163862 
2.660000 	 1.370439 
2.680000 	 1.344547 
2.700000 	 1.447700 
2.720000 	 1.251887 
2.740000 	 1.498547 
2.760000 	 1.370078 
2.780000 	 1.500295 
2.800000 	 1.267206 
2.820000 	 1.203825 
2.840000 	 1.387162 
2.860000 	 1.254974 
2.880000 	 1.249857 
2.900000 	 1.039721 
2.920000 	 1.088580 
2.940000 	 1.614969 
2.960000 	 1.104968 
2.980000 	 1.445798 
3.000000 	 1.292140 
3.020000 	 1.361359 
3.040000 	 1.340614 
3.060000 	 1.686948 
3.080000 	 1.553797 
3.100000 	 1.593728 
3.120000 	 1.539966 
3.140000 	 1.504622 
3.160000 	 1.667498 
3.180000 	 1.453244 
3.200000 	 1.110972 
3.220000 	 1.759281 
3.240000 	 1.680794 
3.260000 	 1.783373 
3.280000 	 1.438712 
3.300000 	 1.362247 
3.320000 	 1.473774 
3.340000 	 1.646824 
3.360000 	 1.652626 
3.380000 	 1.654680 
3.400000 	 1.505487 
3.420000 	 1.372348 
3.440000 	 1.701936 
3.460000 	 1.743626 
3.480000 	 1.393465 
3.500000 	 1.625137 
3.520000 	 1.452991 
3.540000 	 1.313252 
3.560000 	 1.409390 
3.580000 	 1.775541 
3.600000 	 1.540613 
3.620000 	 1.707488 
3.640000 	 1.539013 
3.660000 	 1.714654 
3.680000 	 1.586522 
3.700000 	 1.603328 
3.720000 	 1.669570 
3.740000 	 1.697284 
3.760000 	 1.704528 
3.780000 	 0.300000 
3.800000 	 1.460643 
3.820000 	 1.762440 
3.840000 	 1.661407 
3.860000 	 1.596775 
3.880000 	 1.562595 
3.900000 	 1.824508 
3.920000 	 1.530602 
3.940000 	 1.794477 
3.960000 	 1.502790 
3.980000 	 0.200000 
4.000000 	 1.777677 
4.020000 	 1.238712 
4.040000 	 1.441822 
4.060000 	 1.624747 
4.080000 	 1.467057 
4.100000 	 1.697748 
4.120000 	 1.455119 
4.140000 	 1.624370 
4.160000 	 1.549678 
4.180000 	 1.572987 
4.200000 	 1.640164 
4.220000 	 1.250143 
4.240000 	 1.596261 
4.260000 	 1.506361 
4.280000 	 1.622445 
4.300000 	 1.686175 
4.320000 	 1.399915 
4.340000 	 1.664058 
4.360000 	 1.549274 
4.380000 	 1.461216 
4.400000 	 1.521400 
4.420000 	 1.651361 
4.440000 	 1.622170 
4.460000 	 1.557043 
4.480000 	 1.589584 
4.500000 	 1.394209 
4.520000 	 1.692502 
4.540000 	 1.390681 
4.560000 	 1.601873 
4.580000 	 1.258198 
4.600000 	 0.200000 
4.620000 	 1.730924 
4.640000 	 1.354671 
4.660000 	 1.337267 
4.680000 	 1.433763 
4.700000 	 1.454133 
4.720000 	 1.635901 
4.740000 	 1.208771 
4.760000 	 1.611876 
4.780000 	 1.890613 
4.800000 	 1.400252 
4.820000 	 1.583263 
4.840000 	 1.645078 
4.860000 	 1.347087 
4.880000 	 1.378928 
4.900000 	 1.610270 
4.920000 	 1.290372 
4.940000 	 1.460902 
4.960000 	 1.676213 
4.980000 	 1.231656 
5.000000 	 1.470516 
5.020000 	 1.315090 
5.040000 	 1.559688 
5.060000 	 1.507336 
5.080000 	 1.268378 
5.100000 	 1.224781 
5.120000 	 1.458348 
5.140000 	 1.484229 
5.160000 	 1.363000 
5.180000 	 1.377316 
5.200000 	 1.259411 
5.220000 	 1.102294 
5.240000 	 1.238039 
5.260000 	 1.201379 
5.280000 	 1.192132 
5.300000 	 1.271525 
5.320000 	 1.146963 
5.340000 	 1.409160 
5.360000 	 1.354919 
5.380000 	 1.351316 
5.400000 	 1.274037 
5.420000 	 1.258977 
5.440000 	 1.404403 
5.460000 	 1.408602 
5.480000 	 1.487199 
5.500000 	 1.449959 
5.520000 	 1.245368 
5.540000 	 1.117128 
5.560000 	 1.227866 
5.580000 	 1.017754 
5.600000 	 1.410009 
5.620000 	 1.021403 
5.640000 	 1.350863 
5.660000 	 1.190571 
5.680000 	 1.577565 
5.700000 	 1.004805 
5.720000 	 1.191145 
5.740000 	 1.238008 
5.760000 	 1.286201 
5.780000 	 1.008490 
5.800000 	 1.167786 
5.820000 	 1.189147 
5.840000 	 1.230624 
5.860000 	 0.905897 
5.880000 	 1.026812 
5.900000 	 1.147030 
5.920000 	 1.162834 
5.940000 	 1.067769 
5.960000 	 1.004836 
5.980000 	 0.950728 
6.000000 	 0.948657 
6.020000 	 0.948311 
6.040000 	 1.037840 
6.060000 	 0.998505 
6.080000 	 1.118302 
6.100000 	 0.999722 
6.120000 	 1.139068 
6.140000 	 0.814998 
6.160000 	 1.165494 
6.180000 	 0.968732 
6.200000 	 0.920649 
6.220000 	 0.584448 
6.240000 	 0.899063 
6.260000 	 0.637081 
6.280000 	 1.035355 
6.300000 	 0.764251 
6.320000 	 0.711845 
6.340000 	 0.569716 
6.360000 	 0.879051 
6.380000 	 0.804630 
6.400000 	 0.688608 
6.420000 	 0.860175 
6.440000 	 0.851562 
6.460000 	 0.759772 
6.480000 	 0.525898 
6.500000 	 0.594610 
6.520000 	 0.683055 
6.540000 	 1.020137 
6.560000 	 0.772592 
6.580000 	 0.756566 
6.600000 	 0.855705 
6.620000 	 0.427139 
6.640000 	 0.718356 
6.660000 	 0.812055 
6.680000 	 0.656083 
6.700000 	 0.406981 
6.720000 	 0.816777 
6.740000 	 0.763360 
6.760000 	 0.854805 
6.780000 	 0.320995 
6.800000 	 0.635708 
6.820000 	 0.443419 
6.840000 	 0.755482 
6.860000 	 0.664276 
6.880000 	 0.320005 
6.900000 	 0.642386 
6.920000 	 0.613301 
6.940000 	 0.382885 
6.960000 	 0.494215 
6.980000 	 0.533387 
7.000000 	 0.510350 
7.020000 	 0.404323 
7.040000 	 0.166774 
7.060000 	 0.662211 
7.080000 	 0.410312 
7.100000 	 0.516931 
7.120000 	 0.312628 
7.140000 	 0.707275 
7.160000 	 0.348118 
7.180000 	 0.610411 
7.200000 	 0.749044 
7.220000 	 0.420811 
7.240000 	 0.537401 
7.260000 	 0.557907 
7.280000 	 0.530947 
7.300000 	 0.508496 
7.320000 	 0.675215 
7.340000 	 0.163822 
7.360000 	 0.251032 
7.380000 	 0.285298 
7.400000 	 0.399092 
7.420000 	 0.352410 
7.440000 	 0.367938 
7.460000 	 0.089250 
7.480000 	 0.139321 
7.500000 	 0.349747 
7.520000 	 0.353581 
7.540000 	 0.324902 
7.560000 	 0.400660 
7.580000 	 0.262661 
7.600000 	 0.276693 
7.620000 	 0.313008 
7.640000 	 0.337061 
7.660000 	 0.367787 
7.680000 	 0.303503 
7.700000 	 0.287522 
7.720000 	 -0.011656 
7.740000 	 0.194214 
7.760000 	 0.355610 
7.780000 	 0.336307 
7.800000 	 0.129073 
7.820000 	 -0.066180 
7.840000 	 0.151039 
7.860000 	 0.262401 
7.880000 	 0.337671 
7.900000 	 0.313656 
7.920000 	 0.281084 
7.940000 	 0.334382 
7.960000 	 -0.102004 
7.980000 	 0.291789 
8.000000 	 0.132488 
8.020000 	 0.568817 
8.040000 	 0.457604 
8.060000 	 0.281701 
8.080000 	 0.234584 
8.100000 	 0.147792 
8.120000 	 0.247245 
8.140000 	 0.178328 
8.160000 	 0.224164 
8.180000 	 0.158054 
8.200000 	 0.050884 
8.220000 	 0.293251 
8.240000 	 0.454231 
8.260000 	 0.072915 
8.280000 	 0.146191 
8.300000 	 0.205440 
8.320000 	 0.097367 
8.340000 	 -0.020763 
8.360000 	 0.025998 
8.380000 	 -0.046287 
8.400000 	 -0.078407 
8.420000 	 0.391136 
8.440000 	 0.227012 
8.460000 	 0.287693 
8.480000 	 0.147845 
8.500000 	 0.024202 
8.520000 	 0.259819 
8.540000 	 0.211696 
8.560000 	 0.144907 
8.580000 	 0.137425 
8.600000 	 0.290374 
8.620000 	 0.065810 
8.640000 	 -0.012785 
8.660000 	 0.111902 
8.680000 	 -0.026598 
8.700000 	 0.054407 
8.720000 	 0.091003 
8.740000 	 0.088676 
8.760000 	 0.346053 
8.780000 	 0.232940 
8.800000 	 0.059611 
8.820000 	 0.130704 
8.840000 	 0.026934 
8.860000 	 -0.076741 
8.880000 	 0.257067 
8.900000 	 0.082483 
8.920000 	 0.137611 
8.940000 	 -0.076477 
8.960000 	 0.258074 
8.980000 	 0.436420 
9.000000 	 -0.040286 
9.020000 	 0.370473 
9.040000 	 0.325082 
9.060000 	 -0.058457 
9.080000 	 0.136896 
9.100000 	 -0.051958 
9.120000 	 0.192045 
9.140000 	 0.010853 
9.160000 	 0.054609 
9.180000 	 0.043688 
9.200000 	 0.143637 
9.220000 	 -0.119835 
9.240000 	 0.157950 
9.260000 	 0.051248 
9.280000 	 0.231505 
9.300000 	 -0.056231 
9.320000 	 0.192220 
9.340000 	 0.064089 
9.360000 	 0.093826 
9.380000 	 0.004312 
9.400000 	 0.158644 
9.420000 	 -0.121909 
9.440000 	 0.036559 
9.460000 	 0.005090 
9.480000 	 0.039890 
9.500000 	 -0.003688 
9.520000 	 -0.055456 
9.540000 	 0.075471 
9.560000 	 0.023475 
9.580000 	 0.232116 
9.600000 	 -0.007817 
9.620000 	 -0.103267 
9.640000 	 -0.051627 
9.660000 	 0.318111 
9.680000 	 -0.089925 
9.700000 	 -0.159264 
9.720000 	 -0.056968 
9.740000 	 0.065241 
9.760000 	 0.119597 
9.780000 	 -0.091854 
9.800000 	 -0.025420 
9.820000 	 0.128788 
9.840000 	 0.165624 
9.860000 	 0.011342 
9.880000 	 -0.081887 
9.900000 	 0.291520 
9.920000 	 0.153992 
9.940000 	 0.074438 
9.960000 	 0.210149 
9.980000 	 -0.063419 
10.000000 	 0.260999 
10.020000 	 0.043562 
10.040000 	 -0.024317 
10.060000 	 -0.086772 
10.080000 	 -0.113800 
10.100000 	 -0.048120 
10.120000 	 -0.104330 
10.140000 	 -0.381938 
10.160000 	 -0.001587 
10.180000 	 -0.032996 
10.200000 	 -0.019350 
10.220000 	 -0.140598 
10.240000 	 0.202130 
10.260000 	 0.047946 
10.280000 	 0.344972 
10.300000 	 0.059945 
10.320000 	 0.029727 
10.340000 	 -0.197053 
10.360000 	 -0.045760 
10.380000 	 -0.110269 
10.400000 	 0.061039 
10.420000 	 0.147812 
10.440000 	 -0.047915 
10.460000 	 0.103061 
10.480000 	 -0.008566 
10.500000 	 0.021585 
10.520000 	 0.187533 
10.540000 	 0.010610 
10.560000 	 -0.181997 
10.580000 	 -0.075856 
10.600000 	 -0.050698 
10.620000 	 0.068112 
10.640000 	 0.083022 
10.660000 	 -0.197997 
10.680000 	 -0.102788 
10.700000 	 0.249344 
10.720000 	 -0.296350 
10.740000 	 0.043151 
10.760000 	 0.151863 
10.780000 	 0.068078 
10.800000 	 -0.110994 
10.820000 	 0.198662 
10.840000 	 0.037252 
10.860000 	 0.014910 
10.880000 	 -0.200210 
10.900000 	 -0.195830 
10.920000 	 -0.041807 
10.940000 	 0.309662 
10.960000 	 0.022196 
10.980000 	 0.042447 
11.000000 	 0.191186 
11.020000 	 0.189080 
11.040000 	 -0.070134 
11.060000 	 -0.088155 
11.080000 	 0.187710 
11.100000 	 -0.010226 
11.120000 	 0.093608 
11.140000 	 -0.183851 
11.160000 	 0.130505 
11.180000 	 -0.023928 
11.200000 	 -0.123739 
11.220000 	 -0.138662 
11.240000 	 0.005154 
11.260000 	 0.016313 
11.280000 	 -0.009199 
11.300000 	 -0.131388 
11.320000 	 0.018095 
11.340000 	 0.325008 
11.360000 	 -0.038312 
11.380000 	 0.050259 
11.400000 	 -0.013405 
11.420000 	 0.026970 
11.440000 	 0.239090 
11.460000 	 0.056971 
11.480000 	 0.152714 
11.500000 	 0.155117 
11.520000 	 0.095566 
11.540000 	 0.229580 
11.560000 	 0.012688 
11.580000 	 0.020118 
11.600000 	 -0.040237 
11.620000 	 0.016528 
11.640000 	 0.109882 
11.660000 	 -0.201125 
11.680000 	 -0.185631 
11.700000 	 -0.140029 
11.720000 	 -0.288726 
11.740000 	 -0.065066 
11.760000 	 0.163024 
11.780000 	 -0.066615 
11.800000 	 0.160052 
11.820000 	 0.108037 
11.840000 	 -0.494131 
11.860000 	 0.003478 
11.880000 	 0.091238 
11.900000 	 -0.093284 
11.920000 	 -0.122210 
11.940000 	 0.068547 
11.960000 	 0.115978 
11.980000 	 0.034374 
12.000000 	 -0.097960 
12.020000 	 0.021800 
12.040000 	 -0.119401 
12.060000 	 0.147790 
12.080000 	 0.013344 
12.100000 	 0.037452 
12.120000 	 0.186985 
12.140000 	 -0.020808 
12.160000 	 0.195397 
12.180000 	 0.165090 
12.200000 	 -0.237488 
12.220000 	 -0.114575 
12.240000 	 0.038780 
12.260000 	 0.020304 
12.280000 	 -0.005542 
12.300000 	 -0.194655 
12.320000 	 -0.025695 
12.340000 	 -0.114573 
12.360000 	 -0.141959 
12.380000 	 0.144334 
12.400000 	 -0.122586 
12.420000 	 0.138913 
12.440000 	 -0.005947 
12.460000 	 -0.047002 
12.480000 	 0.014071 
12.500000 	 0.055378 
12.520000 	 0.323838 
12.540000 	 -0.220011 
12.560000 	 0.025494 
12.580000 	 0.213665 
12.600000 	 0.055665 
12.620000 	 0.327696 
12.640000 	 -0.158732 
12.660000 	 0.188918 
12.680000 	 -0.290430 
12.700000 	 0.100872 
12.720000 	 0.147764 
12.740000 	 -0.146343 
12.760000 	 0.288001 
12.780000 	 0.031666 
12.800000 	 -0.121165 
12.820000 	 0.376305 
12.840000 	 -0.052192 
12.860000 	 0.151541 
12.880000 	 -0.108201 
12.900000 	 0.110385 
12.920000 	 0.179418 
12.940000 	 -0.149557 
12.960000 	 0.027050 
12.980000 	 0.051226 
13.000000 	 0.124893 
13.020000 	 0.234259 
13.040000 	 -0.206995 
13.060000 	 -0.176824 
13.080000 	 0.250138 
13.100000 	 0.052771 
13.120000 	 0.042472 
13.140000 	 -0.000748 
13.160000 	 0.193807 
13.180000 	 0.160420 
13.200000 	 -0.306893 
13.220000 	 0.204650 
13.240000 	 0.114724 
13.260000 	 0.362689 
13.280000 	 -0.123931 
13.300000 	 0.039285 
13.320000 	 -0.134937 
13.340000 	 -0.064043 
13.360000 	 0.330543 
13.380000 	 0.090834 
13.400000 	 -0.064088 
13.420000 	 0.184104 
13.440000 	 -0.120129 
13.460000 	 0.055196 
13.480000 	 0.017687 
13.500000 	 0.056848 
13.520000 	 0.099489 
13.540000 	 -0.023303 
13.560000 	 -0.225073 
13.580000 	 -0.200000 
13.600000 	 0.139014 
13.620000 	 0.197910 
13.640000 	 -0.009611 
13.660000 	 0.051533 
13.680000 	 0.058357 
13.700000 	 0.012063 
13.720000 	 0.146393 
13.740000 	 -0.213414 
13.760000 	 0.078643 
13.780000 	 0.026047 
13.800000 	 0.093463 
13.820000 	 0.216296 
13.840000 	 -0.176740 
13.860000 	 -0.144124 
13.880000 	 -0.090756 
13.900000 	 0.015114 
13.920000 	 -0.076039 
13.940000 	 -0.139730 
13.960000 	 -0.104294 
13.980000 	 -0.031471 
14.000000 	 -0.248089 
14.020000 	 -0.209541 
14.040000 	 -0.220747 
14.060000 	 0.069488 
14.080000 	 0.066278 
14.100000 	 -0.195130 
14.120000 	 0.050012 
14.140000 	 0.222892 
14.160000 	 -0.180402 
14.180000 	 0.235461 
14.200000 	 0.201473 
14.220000 	 0.144164 
14.240000 	 -0.017090 
14.260000 	 -0.040459 
14.280000 	 -0.048706 
14.300000 	 -0.134585 
14.320000 	 0.088795 
14.340000 	 0.004071 
14.360000 	 -0.103243 
14.380000 	 0.134897 
14.400000 	 0.017703 
14.420000 	 0.133054 
14.440000 	 0.070495 
14.460000 	 0.147583 
14.480000 	 0.003487 
14.500000 	 -0.052093 
14.520000 	 -0.012899 
14.540000 	 -0.202007 
14.560000 	 0.132219 
14.580000 	 0.068639 
14.600000 	 -0.090449 
14.620000 	 -0.153185 
14.640000 	 -0.047217 
14.660000 	 -0.031727 
14.680000 	 0.101951 
14.700000 	 0.051061 
14.720000 	 0.045643 
14.740000 	 -0.159181 
14.760000 	 -0.002853 
14.780000 	 -0.054521 
14.800000 	 0.142121 
14.820000 	 -0.124635 
14.840000 	 -0.056692 
14.860000 	 -0.100594 
14.880000 	 0.185137 
14.900000 	 0.127438 
14.920000 	 0.019824 
14.940000 	 0.195415 
14.960000 	 0.039469 
14.980000 	 0.219443 
15.000000 	 0.007195 
