-15.000000 	 0.134970 
-14.980000 	 0.059854 
-14.960000 	 -0.389855 
-14.940000 	 0.219290 
-14.920000 	 0.148787 
-14.900000 	 -0.067782 
-14.880000 	 -0.115848 
-14.860000 	 -0.035108 
-14.840000 	 -0.007361 
-14.820000 	 0.197571 
-14.800000 	 0.064581 
-14.780000 	 -0.111594 
-14.760000 	 0.127113 
-14.740000 	 -0.210315 
-14.720000 	 0.121170 
-14.700000 	 -0.066744 
-14.680000 	 0.021093 
-14.660000 	 0.254967 
-14.640000 	 0.133913 
-14.620000 	 -0.181100 
-14.600000 	 -0.055155 
-14.580000 	 0.111396 
-14.560000 	 0.109953 
-14.540000 	 0.090936 
-14.520000 	 -0.060999 
-14.500000 	 0.172791 
-14.480000 	 0.034209 
-14.460000 	 0.019361 
-14.440000 	 -0.235400 
-14.420000 	 0.168130 
-14.400000 	 -0.195876 
-14.380000 	 0.140360 
-14.360000 	 -0.044764 
-14.340000 	 -0.080970 
-14.320000 	 0.142491 
-14.300000 	 -0.093156 
-14.280000 	 0.107233 
-14.260000 	 0.092774 
-14.240000 	 -0.155728 
-14.220000 	 0.141131 
-14.200000 	 0.118435 
-14.180000 	 -0.019510 
-14.160000 	 -0.060040 
-14.140000 	 0.001587 
-14.120000 	 -0.019879 
-14.100000 	 0.238883 
-14.080000 	 -0.136969 
-14.060000 	 0.055158 
-14.040000 	 -0.122845 
-14.020000 	 -0.296958 
-14.000000 	 -0.049832 
-13.980000 	 -0.001780 
-13.960000 	 -0.017343 
-13.940000 	 0.005326 
-13.920000 	 0.046704 
-13.900000 	 0.072996 
-13.880000 	 0.013894 
-13.860000 	 -0.056717 
-13.840000 	 0.081826 
-13.820000 	 0.112099 
-13.800000 	 -0.211278 
-13.780000 	 0.089793 
-13.760000 	 0.018506 
-13.740000 	 -0.059147 
-13.720000 	 0.242860 
-13.700000 	 -0.123514 
-13.680000 	 -0.103285 
-13.660000 	 0.002488 
-13.640000 	 0.214115 
-13.620000 	 -0.024230 
-13.600000 	 -0.063316 
-13.580000 	 0.129079 
-13.560000 	 -0.066605 
-13.540000 	 0.042715 
-13.520000 	 0.057324 
-13.500000 	 0.034403 
-13.480000 	 -0.350109 
-13.460000 	 0.014718 
-13.440000 	 0.096375 
-13.420000 	 0.047272 
-13.400000 	 -0.143073 
-13.380000 	 0.024231 
-13.360000 	 -0.034226 
-13.340000 	 0.128344 
-13.320000 	 -0.041036 
-13.300000 	 -0.200596 
-13.280000 	 0.109348 
-13.260000 	 -0.299045 
-13.240000 	 -0.258981 
-13.220000 	 -0.161503 
-13.200000 	 -0.033885 
-13.180000 	 -0.186267 
-13.160000 	 0.092641 
-13.140000 	 -0.045408 
-13.120000 	 0.128058 
-13.100000 	 0.034451 
-13.080000 	 -0.109612 
-13.060000 	 0.046928 
-13.040000 	 -0.160663 
-13.020000 	 0.109966 
-13.000000 	 0.324299 
-12.980000 	 0.020287 
-12.960000 	 -0.016534 
-12.940000 	 -0.048630 
-12.920000 	 -0.112371 
-12.900000 	 0.112909 
-12.880000 	 0.002079 
-12.860000 	 -0.225031 
-12.840000 	 -0.168936 
-12.820000 	 -0.099649 
-12.800000 	 -0.195228 
-12.780000 	 -0.138993 
-12.760000 	 -0.139559 
-12.740000 	 0.153531 
-12.720000 	 -0.020197 
-12.700000 	 -0.170264 
-12.680000 	 -0.293570 
-12.660000 	 0.047092 
-12.640000 	 0.233902 
-12.620000 	 -0.086334 
-12.600000 	 0.022099 
-12.580000 	 0.048874 
-12.560000 	 -0.198044 
-12.540000 	 -0.155807 
-12.520000 	 -0.112174 
-12.500000 	 0.249751 
-12.480000 	 -0.129495 
-12.460000 	 -0.128837 
-12.440000 	 0.229394 
-12.420000 	 -0.031853 
-12.400000 	 -0.065068 
-12.380000 	 0.480209 
-12.360000 	 0.090446 
-12.340000 	 -0.094865 
-12.320000 	 0.414511 
-12.300000 	 0.000484 
-12.280000 	 0.010050 
-12.260000 	 -0.158281 
-12.240000 	 0.306492 
-12.220000 	 0.066136 
-12.200000 	 0.058269 
-12.180000 	 0.121285 
-12.160000 	 -0.041655 
-12.140000 	 -0.030605 
-12.120000 	 -0.022357 
-12.100000 	 0.043981 
-12.080000 	 -0.130060 
-12.060000 	 0.074248 
-12.040000 	 -0.291133 
-12.020000 	 -0.221822 
-12.000000 	 0.060638 
-11.980000 	 -0.113664 
-11.960000 	 -0.017858 
-11.940000 	 0.077605 
-11.920000 	 0.078863 
-11.900000 	 -0.131167 
-11.880000 	 -0.254289 
-11.860000 	 -0.044545 
-11.840000 	 0.055949 
-11.820000 	 0.194916 
-11.800000 	 0.296791 
-11.780000 	 -0.085374 
-11.760000 	 0.040161 
-11.740000 	 0.202350 
-11.720000 	 -0.328903 
-11.700000 	 0.262603 
-11.680000 	 -0.117101 
-11.660000 	 -0.158074 
-11.640000 	 -0.106315 
-11.620000 	 0.121552 
-11.600000 	 0.088613 
-11.580000 	 0.038025 
-11.560000 	 0.006256 
-11.540000 	 0.112983 
-11.520000 	 0.285854 
-11.500000 	 -0.023101 
-11.480000 	 0.049010 
-11.460000 	 -0.049673 
-11.440000 	 0.057863 
-11.420000 	 0.055498 
-11.400000 	 -0.208057 
-11.380000 	 0.088070 
-11.360000 	 0.205305 
-11.340000 	 -0.282649 
-11.320000 	 0.175837 
-11.300000 	 0.232438 
-11.280000 	 -0.239785 
-11.260000 	 -0.246915 
-11.240000 	 -0.007558 
-11.220000 	 -0.160053 
-11.200000 	 0.266020 
-11.180000 	 -0.193255 
-11.160000 	 0.079594 
-11.140000 	 0.028006 
-11.120000 	 0.057631 
-11.100000 	 0.003533 
-11.080000 	 0.073426 
-11.060000 	 0.096183 
-11.040000 	 0.175978 
-11.020000 	 0.038753 
-11.000000 	 0.103081 
-10.980000 	 -0.225032 
-10.960000 	 0.122033 
-10.940000 	 0.359323 
-10.920000 	 0.191868 
-10.900000 	 0.063831 
-10.880000 	 0.061603 
-10.860000 	 -0.094457 
-10.840000 	 0.026967 
-10.820000 	 0.229906 
-10.800000 	 -0.186246 
-10.780000 	 0.068242 
-10.760000 	 -0.038052 
-10.740000 	 0.090236 
-10.720000 	 0.271965 
-10.700000 	 -0.013411 
-10.680000 	 0.016061 
-10.660000 	 -0.124288 
-10.640000 	 -0.069676 
-10.620000 	 -0.098554 
-10.600000 	 -0.019161 
-10.580000 	 -0.298751 
-10.560000 	 0.103320 
-10.540000 	 -0.016396 
-10.520000 	 -0.105119 
-10.500000 	 0.014694 
-10.480000 	 -0.059294 
-10.460000 	 -0.023036 
-10.440000 	 0.077728 
-10.420000 	 -0.128091 
-10.400000 	 -0.101439 
-10.380000 	 -0.156572 
-10.360000 	 -0.066700 
-10.340000 	 0.038706 
-10.320000 	 -0.061572 
-10.300000 	 0.078044 
-10.280000 	 -0.030675 
-10.260000 	 0.113017 
-10.240000 	 -0.040971 
-10.220000 	 -0.070103 
-10.200000 	 0.216130 
-10.180000 	 0.128943 
-10.160000 	 0.043789 
-10.140000 	 0.263376 
-10.120000 	 -0.148785 
-10.100000 	 0.109130 
-10.080000 	 0.055455 
-10.060000 	 -0.088900 
-10.040000 	 -0.064985 
-10.020000 	 0.147203 
-10.000000 	 -0.126343 
-9.980000 	 0.247304 
-9.960000 	 -0.245341 
-9.940000 	 -0.160321 
-9.920000 	 0.040316 
-9.900000 	 0.152814 
-9.880000 	 0.206531 
-9.860000 	 0.139487 
-9.840000 	 -0.048767 
-9.820000 	 -0.276599 
-9.800000 	 -0.066225 
-9.780000 	 -0.067558 
-9.760000 	 -0.093703 
-9.740000 	 -0.073888 
-9.720000 	 -0.207988 
-9.700000 	 -0.000859 
-9.680000 	 0.021205 
-9.660000 	 -0.158012 
-9.640000 	 -0.073074 
-9.620000 	 -0.053092 
-9.600000 	 -0.111136 
-9.580000 	 0.072668 
-9.560000 	 -0.025015 
-9.540000 	 0.067807 
-9.520000 	 0.016214 
-9.500000 	 0.122415 
-9.480000 	 -0.092357 
-9.460000 	 -0.111719 
-9.440000 	 0.168570 
-9.420000 	 0.102684 
-9.400000 	 0.001230 
-9.380000 	 0.205315 
-9.360000 	 0.039694 
-9.340000 	 -0.096625 
-9.320000 	 -0.062487 
-9.300000 	 -0.156111 
-9.280000 	 0.119124 
-9.260000 	 0.090900 
-9.240000 	 -0.039240 
-9.220000 	 0.232071 
-9.200000 	 0.096803 
-9.180000 	 0.200411 
-9.160000 	 -0.165138 
-9.140000 	 -0.083245 
-9.120000 	 0.024895 
-9.100000 	 0.167495 
-9.080000 	 0.144888 
-9.060000 	 0.345299 
-9.040000 	 -0.315014 
-9.020000 	 -0.028700 
-9.000000 	 0.158140 
-8.980000 	 -0.088366 
-8.960000 	 0.137786 
-8.940000 	 0.137663 
-8.920000 	 0.093414 
-8.900000 	 0.009303 
-8.880000 	 -0.314135 
-8.860000 	 -0.467808 
-8.840000 	 0.226842 
-8.820000 	 -0.243372 
-8.800000 	 -0.004763 
-8.780000 	 0.094588 
-8.760000 	 0.330889 
-8.740000 	 -0.077140 
-8.720000 	 0.232574 
-8.700000 	 0.103707 
-8.680000 	 0.221492 
-8.660000 	 -0.090243 
-8.640000 	 0.095514 
-8.620000 	 0.155603 
-8.600000 	 0.172512 
-8.580000 	 -0.228868 
-8.560000 	 -0.228229 
-8.540000 	 0.036742 
-8.520000 	 -0.185327 
-8.500000 	 -0.074675 
-8.480000 	 -0.033262 
-8.460000 	 0.038548 
-8.440000 	 0.038375 
-8.420000 	 0.118668 
-8.400000 	 0.045684 
-8.380000 	 -0.099795 
-8.360000 	 0.119676 
-8.340000 	 -0.048860 
-8.320000 	 0.158722 
-8.300000 	 -0.026777 
-8.280000 	 0.055742 
-8.260000 	 -0.057320 
-8.240000 	 -0.306380 
-8.220000 	 0.237465 
-8.200000 	 0.182972 
-8.180000 	 -0.166227 
-8.160000 	 -0.279890 
-8.140000 	 0.005132 
-8.120000 	 0.186519 
-8.100000 	 -0.097883 
-8.080000 	 0.100195 
-8.060000 	 0.276745 
-8.040000 	 0.034350 
-8.020000 	 0.011643 
-8.000000 	 -0.205072 
-7.980000 	 -0.057163 
-7.960000 	 0.147438 
-7.940000 	 0.079390 
-7.920000 	 -0.297309 
-7.900000 	 -0.101000 
-7.880000 	 0.150538 
-7.860000 	 0.031202 
-7.840000 	 0.039507 
-7.820000 	 -0.101089 
-7.800000 	 0.066351 
-7.780000 	 -0.002454 
-7.760000 	 0.049396 
-7.740000 	 0.488238 
-7.720000 	 0.291625 
-7.700000 	 0.035621 
-7.680000 	 0.157250 
-7.660000 	 -0.020656 
-7.640000 	 -0.135808 
-7.620000 	 -0.068801 
-7.600000 	 0.152148 
-7.580000 	 0.081216 
-7.560000 	 0.156118 
-7.540000 	 0.031820 
-7.520000 	 -0.165020 
-7.500000 	 0.003970 
-7.480000 	 -0.239183 
-7.460000 	 -0.230079 
-7.440000 	 -0.102199 
-7.420000 	 0.385089 
-7.400000 	 -0.084562 
-7.380000 	 0.204985 
-7.360000 	 0.124391 
-7.340000 	 0.170985 
-7.320000 	 -0.135530 
-7.300000 	 0.019900 
-7.280000 	 0.298969 
-7.260000 	 0.030084 
-7.240000 	 -0.167200 
-7.220000 	 0.230289 
-7.200000 	 -0.101292 
-7.180000 	 0.109917 
-7.160000 	 -0.130238 
-7.140000 	 0.192963 
-7.120000 	 0.073854 
-7.100000 	 0.127073 
-7.080000 	 -0.048847 
-7.060000 	 0.131912 
-7.040000 	 0.040280 
-7.020000 	 0.212484 
-7.000000 	 -0.172881 
-6.980000 	 0.248035 
-6.960000 	 -0.049592 
-6.940000 	 -0.025993 
-6.920000 	 0.235072 
-6.900000 	 0.202629 
-6.880000 	 0.151677 
-6.860000 	 -0.077411 
-6.840000 	 0.247515 
-6.820000 	 -0.066410 
-6.800000 	 0.006978 
-6.780000 	 0.158856 
-6.760000 	 -0.024769 
-6.740000 	 0.180160 
-6.720000 	 -0.101035 
-6.700000 	 0.311219 
-6.680000 	 0.160518 
-6.660000 	 -0.049210 
-6.640000 	 0.149371 
-6.620000 	 0.031288 
-6.600000 	 -0.146977 
-6.580000 	 0.281828 
-6.560000 	 -0.193321 
-6.540000 	 -0.127939 
-6.520000 	 -0.220503 
-6.500000 	 0.297073 
-6.480000 	 0.076450 
-6.460000 	 -0.061668 
-6.440000 	 0.405638 
-6.420000 	 0.328572 
-6.400000 	 0.423376 
-6.380000 	 -0.030666 
-6.360000 	 0.375855 
-6.340000 	 -0.115079 
-6.320000 	 -0.017920 
-6.300000 	 0.371329 
-6.280000 	 -0.009794 
-6.260000 	 0.145587 
-6.240000 	 0.451499 
-6.220000 	 0.086113 
-6.200000 	 0.241462 
-6.180000 	 0.207411 
-6.160000 	 0.128682 
-6.140000 	 0.140336 
-6.120000 	 0.273549 
-6.100000 	 0.144376 
-6.080000 	 -0.085474 
-6.060000 	 0.136313 
-6.040000 	 -0.038215 
-6.020000 	 0.113483 
-6.000000 	 0.063306 
-5.980000 	 0.162720 
-5.960000 	 0.119663 
-5.940000 	 0.186533 
-5.920000 	 0.353766 
-5.900000 	 0.333149 
-5.880000 	 0.228545 
-5.860000 	 0.272062 
-5.840000 	 0.357764 
-5.820000 	 0.312803 
-5.800000 	 0.048626 
-5.780000 	 0.158109 
-5.760000 	 0.010375 
-5.740000 	 0.517869 
-5.720000 	 0.398920 
-5.700000 	 0.459522 
-5.680000 	 0.362948 
-5.660000 	 -0.057792 
-5.640000 	 0.318566 
-5.620000 	 0.278703 
-5.600000 	 0.151414 
-5.580000 	 0.419942 
-5.560000 	 0.220134 
-5.540000 	 0.071001 
-5.520000 	 0.337446 
-5.500000 	 0.250777 
-5.480000 	 0.411497 
-5.460000 	 0.618917 
-5.440000 	 0.247971 
-5.420000 	 0.274179 
-5.400000 	 0.374672 
-5.380000 	 0.303359 
-5.360000 	 0.568788 
-5.340000 	 0.208274 
-5.320000 	 0.248322 
-5.300000 	 0.220538 
-5.280000 	 0.228078 
-5.260000 	 0.364578 
-5.240000 	 -0.016118 
-5.220000 	 0.571632 
-5.200000 	 0.317802 
-5.180000 	 0.404112 
-5.160000 	 0.586521 
-5.140000 	 0.446864 
-5.120000 	 0.348464 
-5.100000 	 0.471783 
-5.080000 	 0.235641 
-5.060000 	 0.409597 
-5.040000 	 0.611069 
-5.020000 	 0.374612 
-5.000000 	 0.374022 
-4.980000 	 0.609718 
-4.960000 	 0.402070 
-4.940000 	 0.552214 
-4.920000 	 0.541902 
-4.900000 	 0.337865 
-4.880000 	 0.422922 
-4.860000 	 0.650720 
-4.840000 	 0.577530 
-4.820000 	 0.430696 
-4.800000 	 0.664528 
-4.780000 	 0.473061 
-4.760000 	 0.619903 
-4.740000 	 0.473536 
-4.720000 	 0.561629 
-4.700000 	 0.711017 
-4.680000 	 0.424533 
-4.660000 	 0.425748 
-4.640000 	 0.422025 
-4.620000 	 0.756751 
-4.600000 	 0.532529 
-4.580000 	 0.468275 
-4.560000 	 0.452169 
-4.540000 	 0.353467 
-4.520000 	 0.566924 
-4.500000 	 0.380169 
-4.480000 	 0.484521 
-4.460000 	 0.438736 
-4.440000 	 0.591102 
-4.420000 	 0.573665 
-4.400000 	 0.584529 
-4.380000 	 0.491520 
-4.360000 	 0.819582 
-4.340000 	 0.417493 
-4.320000 	 0.277377 
-4.300000 	 0.541712 
-4.280000 	 0.455693 
-4.260000 	 0.586108 
-4.240000 	 0.215287 
-4.220000 	 0.598195 
-4.200000 	 0.160277 
-4.180000 	 0.701918 
-4.160000 	 0.473270 
-4.140000 	 0.546360 
-4.120000 	 0.451928 
-4.100000 	 0.400501 
-4.080000 	 0.406857 
-4.060000 	 0.327488 
-4.040000 	 0.334487 
-4.020000 	 0.345595 
-4.000000 	 0.590876 
-3.980000 	 0.568590 
-3.960000 	 0.401221 
-3.940000 	 0.318178 
-3.920000 	 0.412323 
-3.900000 	 0.372038 
-3.880000 	 0.530464 
-3.860000 	 0.438758 
-3.840000 	 0.479820 
-3.820000 	 0.315010 
-3.800000 	 0.239771 
-3.780000 	 0.677180 
-3.760000 	 0.368501 
-3.740000 	 0.610232 
-3.720000 	 0.196506 
-3.700000 	 0.422454 
-3.680000 	 0.373069 
-3.660000 	 0.436512 
-3.640000 	 0.385571 
-3.620000 	 0.185481 
-3.600000 	 0.354420 
-3.580000 	 0.475479 
-3.560000 	 0.648129 
-3.540000 	 0.468298 
-3.520000 	 0.121645 
-3.500000 	 0.332559 
-3.480000 	 0.506433 
-3.460000 	 0.493732 
-3.440000 	 0.324507 
-3.420000 	 0.469235 
-3.400000 	 0.387593 
-3.380000 	 0.606134 
-3.360000 	 0.856080 
-3.340000 	 0.263320 
-3.320000 	 0.548875 
-3.300000 	 0.357364 
-3.280000 	 0.330249 
-3.260000 	 0.603632 
-3.240000 	 0.405820 
-3.220000 	 0.367438 
-3.200000 	 0.387869 
-3.180000 	 0.443944 
-3.160000 	 0.498999 
-3.140000 	 0.388836 
-3.120000 	 0.336415 
-3.100000 	 0.475441 
-3.080000 	 0.382886 
-3.060000 	 0.518853 
-3.040000 	 0.316987 
-3.020000 	 0.415799 
-3.000000 	 0.340318 
-2.980000 	 0.401507 
-2.960000 	 0.433881 
-2.940000 	 0.353525 
-2.920000 	 0.434205 
-2.900000 	 0.385856 
-2.880000 	 0.460318 
-2.860000 	 0.091031 
-2.840000 	 0.467476 
-2.820000 	 0.323177 
-2.800000 	 0.324179 
-2.780000 	 0.104224 
-2.760000 	 0.300780 
-2.740000 	 0.136784 
-2.720000 	 0.117900 
-2.700000 	 0.200958 
-2.680000 	 0.365302 
-2.660000 	 0.618628 
-2.640000 	 0.382076 
-2.620000 	 0.251022 
-2.600000 	 0.166834 
-2.580000 	 0.285303 
-2.560000 	 0.070758 
-2.540000 	 0.573452 
-2.520000 	 -0.200000 
-2.500000 	 0.588274 
-2.480000 	 0.099054 
-2.460000 	 0.466973 
-2.440000 	 0.176138 
-2.420000 	 0.343759 
-2.400000 	 0.431953 
-2.380000 	 0.110804 
-2.360000 	 0.320012 
-2.340000 	 0.061324 
-2.320000 	 0.353669 
-2.300000 	 0.352635 
-2.280000 	 0.312225 
-2.260000 	 0.143069 
-2.240000 	 0.125047 
-2.220000 	 0.409383 
-2.200000 	 0.189388 
-2.180000 	 0.200110 
-2.160000 	 0.161235 
-2.140000 	 0.073516 
-2.120000 	 0.173147 
-2.100000 	 0.154061 
-2.080000 	 0.391006 
-2.060000 	 0.305472 
-2.040000 	 0.177429 
-2.020000 	 0.102823 
-2.000000 	 0.074949 
-1.980000 	 -0.014834 
-1.960000 	 0.077881 
-1.940000 	 0.142324 
-1.920000 	 -0.060008 
-1.900000 	 0.193726 
-1.880000 	 -0.008529 
-1.860000 	 0.178438 
-1.840000 	 -0.022683 
-1.820000 	 0.572813 
-1.800000 	 0.301479 
-1.780000 	 0.007812 
-1.760000 	 0.113037 
-1.740000 	 0.159126 
-1.720000 	 0.356487 
-1.700000 	 0.444960 
-1.680000 	 0.439978 
-1.660000 	 -0.123992 
-1.640000 	 0.415100 
-1.620000 	 0.173920 
-1.600000 	 0.205219 
-1.580000 	 -0.203006 
-1.560000 	 0.108753 
-1.540000 	 -0.043490 
-1.520000 	 0.365819 
-1.500000 	 0.256518 
-1.480000 	 0.195961 
-1.460000 	 0.231892 
-1.440000 	 0.101829 
-1.420000 	 0.016507 
-1.400000 	 0.286845 
-1.380000 	 -0.152361 
-1.360000 	 0.298293 
-1.340000 	 0.292587 
-1.320000 	 0.206535 
-1.300000 	 0.031681 
-1.280000 	 0.215458 
-1.260000 	 0.234903 
-1.240000 	 0.160189 
-1.220000 	 0.381063 
-1.200000 	 0.222652 
-1.180000 	 0.112778 
-1.160000 	 0.323102 
-1.140000 	 0.344018 
-1.120000 	 0.250185 
-1.100000 	 0.185935 
-1.080000 	 -0.184384 
-1.060000 	 0.542851 
-1.040000 	 0.214717 
-1.020000 	 0.134858 
-1.000000 	 0.116321 
-0.980000 	 -0.127905 
-0.960000 	 0.192560 
-0.940000 	 0.158074 
-0.920000 	 0.316765 
-0.900000 	 0.185089 
-0.880000 	 0.142596 
-0.860000 	 0.226603 
-0.840000 	 0.097932 
-0.820000 	 0.228084 
-0.800000 	 0.137493 
-0.780000 	 0.134772 
-0.760000 	 0.196787 
-0.740000 	 0.071697 
-0.720000 	 0.024831 
-0.700000 	 0.237652 
-0.680000 	 0.298759 
-0.660000 	 0.161350 
-0.640000 	 0.097204 
-0.620000 	 0.133475 
-0.600000 	 -0.130498 
-0.580000 	 -0.020414 
-0.560000 	 0.062517 
-0.540000 	 0.033156 
-0.520000 	 -0.063754 
-0.500000 	 0.293367 
-0.480000 	 0.149207 
-0.460000 	 0.113263 
-0.440000 	 0.100088 
-0.420000 	 0.340893 
-0.400000 	 0.073752 
-0.380000 	 0.239483 
-0.360000 	 -0.013694 
-0.340000 	 0.199564 
-0.320000 	 0.024726 
-0.300000 	 0.387304 
-0.280000 	 0.241592 
-0.260000 	 0.289867 
-0.240000 	 0.180282 
-0.220000 	 0.408933 
-0.200000 	 0.022847 
-0.180000 	 0.296736 
-0.160000 	 0.033269 
-0.140000 	 0.487466 
-0.120000 	 0.022981 
-0.100000 	 0.351799 
-0.080000 	 0.390941 
-0.060000 	 -0.041114 
-0.040000 	 0.271704 
-0.020000 	 -0.036653 
0.000000 	 0.374896 
0.020000 	 0.165273 
0.040000 	 0.124925 
0.060000 	 0.234349 
0.080000 	 0.237663 
0.100000 	 0.100000 
0.120000 	 0.315066 
0.140000 	 0.174423 
0.160000 	 0.339278 
0.180000 	 0.258191 
0.200000 	 0.150856 
0.220000 	 0.139428 
0.240000 	 0.204281 
0.260000 	 0.455663 
0.280000 	 0.431835 
0.300000 	 0.504730 
0.320000 	 0.395142 
0.340000 	 0.388463 
0.360000 	 0.396785 
0.380000 	 0.319040 
0.400000 	 0.286887 
0.420000 	 0.282360 
0.440000 	 0.411131 
0.460000 	 0.379757 
0.480000 	 0.025946 
0.500000 	 0.371245 
0.520000 	 0.106202 
0.540000 	 0.297340 
0.560000 	 0.649538 
0.580000 	 0.290916 
0.600000 	 0.436852 
0.620000 	 0.570924 
0.640000 	 0.284921 
0.660000 	 0.448377 
0.680000 	 0.237586 
0.700000 	 0.300796 
0.720000 	 0.588794 
0.740000 	 0.682242 
0.760000 	 0.417440 
0.780000 	 0.564781 
0.800000 	 0.380026 
0.820000 	 0.584570 
0.840000 	 0.372534 
0.860000 	 0.392442 
0.880000 	 0.726341 
0.900000 	 0.609451 
0.920000 	 0.112627 
0.940000 	 0.621607 
0.960000 	 0.346636 
0.980000 	 0.667030 
1.000000 	 0.468411 
1.020000 	 0.561859 
1.040000 	 0.614119 
1.060000 	 0.893457 
1.080000 	 0.469103 
1.100000 	 0.561121 
1.120000 	 0.770241 
1.140000 	 0.545189 
1.160000 	 0.423108 
1.180000 	 0.574793 
1.200000 	 0.504706 
1.220000 	 0.801740 
1.240000 	 0.544241 
1.260000 	 0.872576 
1.280000 	 0.631604 
1.300000 	 0.806509 
1.320000 	 0.359371 
1.340000 	 0.484121 
1.360000 	 0.734045 
1.380000 	 0.509581 
1.400000 	 0.591497 
1.420000 	 0.547989 
1.440000 	 0.761236 
1.460000 	 0.975165 
1.480000 	 0.910504 
1.500000 	 1.065990 
1.520000 	 0.785642 
1.540000 	 0.855387 
1.560000 	 0.990831 
1.580000 	 1.149957 
1.600000 	 0.571557 
1.620000 	 0.968101 
1.640000 	 0.867802 
1.660000 	 0.729872 
1.680000 	 0.865700 
1.700000 	 0.928522 
1.720000 	 0.884196 
1.740000 	 0.636122 
1.760000 	 1.023577 
1.780000 	 0.821089 
1.800000 	 0.925701 
1.820000 	 0.875808 
1.840000 	 0.703542 
1.860000 	 1.045057 
1.880000 	 0.914423 
1.900000 	 0.954635 
1.920000 	 1.354666 
1.940000 	 0.854620 
1.960000 	 1.059944 
1.980000 	 0.882318 
2.000000 	 1.033893 
2.020000 	 1.030768 
2.040000 	 0.724568 
2.060000 	 0.948787 
2.080000 	 0.988809 
2.100000 	 1.109151 
2.120000 	 1.344689 
2.140000 	 1.098721 
2.160000 	 1.427981 
2.180000 	 0.878233 
2.200000 	 0.999242 
2.220000 	 1.132232 
2.240000 	 1.073884 
2.260000 	 1.194913 
2.280000 	 1.138522 
2.300000 	 1.076147 
2.320000 	 1.245855 
2.340000 	 1.139989 
2.360000 	 1.361392 
2.380000 	 1.302917 
2.400000 	 1.171920 
2.420000 	 0.993294 
2.440000 	 1.145740 
2.460000 	 1.234007 
2.480000 	 1.048981 
2.500000 	 1.112830 
2.520000 	 0.950519 
2.540000 	 1.415282 
2.560000 	 1.379543 
2.580000 	 1.203736 
2.600000 	 1.406822 
2.620000 	 1.118613 
2.640000 	 1.381890 
2.660000 	 1.395368 
2.680000 	 1.147448 
2.700000 	 1.475889 
2.720000 	 1.160926 
2.740000 	 1.353974 
2.760000 	 1.186951 
2.780000 	 1.300647 
2.800000 	 1.194757 
2.820000 	 1.740858 
2.840000 	 1.373043 
2.860000 	 1.358031 
2.880000 	 1.247162 
2.900000 	 1.458967 
2.920000 	 1.390369 
2.940000 	 1.624161 
2.960000 	 1.192848 
2.980000 	 1.382952 
3.000000 	 1.376599 
3.020000 	 1.373768 
3.040000 	 1.134583 
3.060000 	 1.249717 
3.080000 	 1.224325 
3.100000 	 1.514685 
3.120000 	 1.449721 
3.140000 	 1.716141 
3.160000 	 1.570376 
3.180000 	 1.400615 
3.200000 	 1.265595 
3.220000 	 1.358036 
3.240000 	 1.464855 
3.260000 	 1.714248 
3.280000 	 1.268078 
3.300000 	 1.862882 
3.320000 	 1.592274 
3.340000 	 1.417559 
3.360000 	 1.335485 
3.380000 	 1.600377 
3.400000 	 1.754000 
3.420000 	 1.496664 
3.440000 	 1.653333 
3.460000 	 1.469166 
3.480000 	 1.643714 
3.500000 	 1.601100 
3.520000 	 1.845666 
3.540000 	 1.427750 
3.560000 	 1.446676 
3.580000 	 1.661307 
3.600000 	 1.744866 
3.620000 	 1.715296 
3.640000 	 1.347158 
3.660000 	 1.618293 
3.680000 	 1.835885 
3.700000 	 1.502892 
3.720000 	 1.538789 
3.740000 	 1.643746 
3.760000 	 1.699764 
3.780000 	 1.719810 
3.800000 	 1.478969 
3.820000 	 1.870575 
3.840000 	 1.236157 
3.860000 	 1.503436 
3.880000 	 1.514718 
3.900000 	 1.523591 
3.920000 	 1.448391 
3.940000 	 1.516160 
3.960000 	 1.641931 
3.980000 	 1.490959 
4.000000 	 1.611930 
4.020000 	 1.532108 
4.040000 	 1.634163 
4.060000 	 1.680206 
4.080000 	 1.294334 
4.100000 	 1.634657 
4.120000 	 1.601772 
4.140000 	 1.622306 
4.160000 	 1.427977 
4.180000 	 1.441535 
4.200000 	 1.588886 
4.220000 	 1.521750 
4.240000 	 1.631904 
4.260000 	 1.649270 
4.280000 	 1.660605 
4.300000 	 1.782538 
4.320000 	 1.653875 
4.340000 	 1.614090 
4.360000 	 1.340651 
4.380000 	 1.584969 
4.400000 	 1.298044 
4.420000 	 1.387161 
4.440000 	 1.304931 
4.460000 	 1.417927 
4.480000 	 1.532992 
4.500000 	 1.616377 
4.520000 	 1.575173 
4.540000 	 1.796618 
4.560000 	 1.592287 
4.580000 	 1.715686 
4.600000 	 1.475358 
4.620000 	 1.287275 
4.640000 	 1.604558 
4.660000 	 1.596030 
4.680000 	 1.409455 
4.700000 	 1.261429 
4.720000 	 1.509342 
4.740000 	 1.563876 
4.760000 	 1.580243 
4.780000 	 1.570005 
4.800000 	 1.177659 
4.820000 	 1.419695 
4.840000 	 1.508333 
4.860000 	 1.302504 
4.880000 	 1.535568 
4.900000 	 1.050902 
4.920000 	 1.476955 
4.940000 	 1.568198 
4.960000 	 1.096984 
4.980000 	 1.443983 
5.000000 	 1.242454 
5.020000 	 1.307378 
5.040000 	 1.548764 
5.060000 	 1.507513 
5.080000 	 1.318669 
5.100000 	 1.375176 
5.120000 	 1.265743 
5.140000 	 1.242382 
5.160000 	 1.467300 
5.180000 	 1.371361 
5.200000 	 1.218004 
5.220000 	 1.287046 
5.240000 	 1.568690 
5.260000 	 1.154793 
5.280000 	 1.200747 
5.300000 	 1.379464 
5.320000 	 1.419676 
5.340000 	 1.248980 
5.360000 	 1.317878 
5.380000 	 1.286248 
5.400000 	 1.286571 
5.420000 	 1.355847 
5.440000 	 1.197915 
5.460000 	 1.333674 
5.480000 	 1.180167 
5.500000 	 1.400527 
5.520000 	 1.088840 
5.540000 	 1.257435 
5.560000 	 1.208753 
5.580000 	 1.133186 
5.600000 	 1.190334 
5.620000 	 1.102089 
5.640000 	 1.245004 
5.660000 	 0.768928 
5.680000 	 1.115454 
5.700000 	 1.321325 
5.720000 	 0.988262 
5.740000 	 0.883661 
5.760000 	 0.987166 
5.780000 	 1.078785 
5.800000 	 1.139212 
5.820000 	 1.235048 
5.840000 	 1.319722 
5.860000 	 1.098551 
5.880000 	 1.015590 
5.900000 	 1.262613 
5.920000 	 0.983018 
5.940000 	 0.899393 
5.960000 	 0.953141 
5.980000 	 0.100000 
6.000000 	 1.003680 
6.020000 	 0.943067 
6.040000 	 0.734591 
6.060000 	 1.114603 
6.080000 	 0.772600 
6.100000 	 0.904847 
6.120000 	 0.820558 
6.140000 	 0.621139 
6.160000 	 1.055685 
6.180000 	 0.406929 
6.200000 	 0.973416 
6.220000 	 0.649087 
6.240000 	 0.486829 
6.260000 	 0.774747 
6.280000 	 1.033729 
6.300000 	 0.763660 
6.320000 	 1.157380 
6.340000 	 0.931688 
6.360000 	 0.761180 
6.380000 	 0.940039 
6.400000 	 0.870701 
6.420000 	 0.725311 
6.440000 	 0.700708 
6.460000 	 1.065198 
6.480000 	 0.532456 
6.500000 	 0.967054 
6.520000 	 0.657126 
6.540000 	 1.010927 
6.560000 	 0.943671 
6.580000 	 0.582688 
6.600000 	 0.926112 
6.620000 	 0.732584 
6.640000 	 0.538533 
6.660000 	 0.825978 
6.680000 	 0.693102 
6.700000 	 0.638113 
6.720000 	 0.480150 
6.740000 	 0.724296 
6.760000 	 0.603340 
6.780000 	 0.100000 
6.800000 	 0.666839 
6.820000 	 0.775001 
6.840000 	 0.508946 
6.860000 	 0.447501 
6.880000 	 0.556566 
6.900000 	 0.494973 
6.920000 	 0.493837 
6.940000 	 0.583026 
6.960000 	 0.483860 
6.980000 	 0.276583 
7.000000 	 0.189310 
7.020000 	 0.420843 
7.040000 	 0.384272 
7.060000 	 0.371732 
7.080000 	 0.641672 
7.100000 	 0.737612 
7.120000 	 0.597224 
7.140000 	 0.426287 
7.160000 	 0.370328 
7.180000 	 0.396725 
7.200000 	 0.549488 
7.220000 	 0.245611 
7.240000 	 0.456952 
7.260000 	 0.391596 
7.280000 	 0.484786 
7.300000 	 0.525428 
7.320000 	 0.533156 
7.340000 	 0.280380 
7.360000 	 0.666166 
7.380000 	 0.337545 
7.400000 	 0.364770 
7.420000 	 0.528352 
7.440000 	 0.640505 
7.460000 	 0.243623 
7.480000 	 0.233528 
7.500000 	 0.277607 
7.520000 	 0.301650 
7.540000 	 0.536690 
7.560000 	 0.251348 
7.580000 	 0.192433 
7.600000 	 0.624645 
7.620000 	 0.467647 
7.640000 	 0.372974 
7.660000 	 0.271349 
7.680000 	 0.432209 
7.700000 	 0.569548 
7.720000 	 0.187416 
7.740000 	 0.388636 
7.760000 	 0.023827 
7.780000 	 0.405543 
7.800000 	 0.466007 
7.820000 	 0.208854 
7.840000 	 0.347387 
7.860000 	 0.212303 
7.880000 	 0.134986 
7.900000 	 0.231168 
7.920000 	 -0.037922 
7.940000 	 0.241134 
7.960000 	 0.350786 
7.980000 	 0.252534 
8.000000 	 -0.049242 
8.020000 	 0.325533 
8.040000 	 0.449467 
8.060000 	 0.184020 
8.080000 	 0.248476 
8.100000 	 0.169815 
8.120000 	 0.117254 
8.140000 	 0.424454 
8.160000 	 0.518100 
8.180000 	 0.215414 
8.200000 	 0.284933 
8.220000 	 0.128002 
8.240000 	 0.339818 
8.260000 	 0.279801 
8.280000 	 0.505890 
8.300000 	 0.053292 
8.320000 	 0.219938 
8.340000 	 0.186404 
8.360000 	 0.011904 
8.380000 	 0.235815 
8.400000 	 0.281182 
8.420000 	 0.042676 
8.440000 	 0.181579 
8.460000 	 0.234854 
8.480000 	 -0.053079 
8.500000 	 -0.005898 
8.520000 	 0.194801 
8.540000 	 0.080758 
8.560000 	 0.336915 
8.580000 	 0.600000 
8.600000 	 0.012416 
8.620000 	 0.067840 
8.640000 	 -0.035220 
8.660000 	 0.620615 
8.680000 	 0.143670 
8.700000 	 0.138412 
8.720000 	 0.292136 
8.740000 	 -0.157553 
8.760000 	 0.128591 
8.780000 	 -0.015973 
8.800000 	 0.150230 
8.820000 	 0.140034 
8.840000 	 -0.017142 
8.860000 	 0.450143 
8.880000 	 0.298809 
8.900000 	 0.013354 
8.920000 	 0.035466 
8.940000 	 0.158131 
8.960000 	 0.277103 
8.980000 	 -0.084601 
9.000000 	 0.221105 
9.020000 	 0.153266 
9.040000 	 0.041562 
9.060000 	 -0.067103 
9.080000 	 0.099722 
9.100000 	 -0.221598 
9.120000 	 -0.155354 
9.140000 	 0.203209 
9.160000 	 0.319755 
9.180000 	 -0.059986 
9.200000 	 0.042017 
9.220000 	 0.264160 
9.240000 	 -0.024789 
9.260000 	 -0.006380 
9.280000 	 -0.045059 
9.300000 	 0.028184 
9.320000 	 0.130590 
9.340000 	 -0.084743 
9.360000 	 -0.152527 
9.380000 	 -0.175389 
9.400000 	 -0.119525 
9.420000 	 0.160744 
9.440000 	 -0.089355 
9.460000 	 -0.125992 
9.480000 	 -0.005654 
9.500000 	 -0.083314 
9.520000 	 0.001575 
9.540000 	 0.067936 
9.560000 	 -0.036244 
9.580000 	 -0.036055 
9.600000 	 -0.081377 
9.620000 	 0.041279 
9.640000 	 0.152246 
9.660000 	 0.102501 
9.680000 	 0.083363 
9.700000 	 -0.137134 
9.720000 	 0.148824 
9.740000 	 0.173974 
9.760000 	 -0.039225 
9.780000 	 0.214237 
9.800000 	 -0.077900 
9.820000 	 0.204982 
9.840000 	 0.283097 
9.860000 	 -0.141047 
9.880000 	 -0.337645 
9.900000 	 0.126759 
9.920000 	 -0.039389 
9.940000 	 -0.170597 
9.960000 	 -0.024368 
9.980000 	 -0.043770 
10.000000 	 -0.049556 
10.020000 	 -0.082057 
10.040000 	 -0.265413 
10.060000 	 -0.019672 
10.080000 	 0.056609 
10.100000 	 -0.061456 
10.120000 	 -0.045432 
10.140000 	 0.211313 
10.160000 	 -0.147849 
10.180000 	 0.091684 
10.200000 	 -0.063731 
10.220000 	 -0.108346 
10.240000 	 -0.027991 
10.260000 	 -0.054429 
10.280000 	 0.265891 
10.300000 	 -0.076887 
10.320000 	 -0.036814 
10.340000 	 0.098938 
10.360000 	 0.013453 
10.380000 	 -0.058021 
10.400000 	 -0.294361 
10.420000 	 -0.172250 
10.440000 	 -0.049958 
10.460000 	 0.081440 
10.480000 	 -0.121183 
10.500000 	 -0.099627 
10.520000 	 0.044537 
10.540000 	 0.090693 
10.560000 	 0.022625 
10.580000 	 -0.165928 
10.600000 	 0.058358 
10.620000 	 0.107067 
10.640000 	 -0.192745 
10.660000 	 0.119590 
10.680000 	 -0.003114 
10.700000 	 -0.231412 
10.720000 	 0.366232 
10.740000 	 -0.009608 
10.760000 	 -0.057883 
10.780000 	 -0.037031 
10.800000 	 0.297369 
10.820000 	 0.030941 
10.840000 	 -0.010981 
10.860000 	 0.107586 
10.880000 	 -0.113605 
10.900000 	 -0.010717 
10.920000 	 0.028859 
10.940000 	 0.064086 
10.960000 	 -0.378139 
10.980000 	 0.013825 
11.000000 	 -0.070757 
11.020000 	 0.275317 
11.040000 	 0.008076 
11.060000 	 0.216684 
11.080000 	 -0.194491 
11.100000 	 0.029697 
11.120000 	 0.076555 
11.140000 	 -0.020407 
11.160000 	 0.166988 
11.180000 	 0.034313 
11.200000 	 0.072504 
11.220000 	 -0.170936 
11.240000 	 0.129638 
11.260000 	 -0.344555 
11.280000 	 -0.212173 
11.300000 	 0.154735 
11.320000 	 0.067229 
11.340000 	 -0.375995 
11.360000 	 0.146699 
11.380000 	 -0.221192 
11.400000 	 -0.128523 
11.420000 	 -0.211468 
11.440000 	 0.057905 
11.460000 	 0.038505 
11.480000 	 0.176526 
11.500000 	 0.233130 
11.520000 	 -0.053809 
11.540000 	 -0.019004 
11.560000 	 -0.087290 
11.580000 	 0.127721 
11.600000 	 0.048111 
11.620000 	 0.211897 
11.640000 	 -0.049355 
11.660000 	 -0.249869 
11.680000 	 -0.062620 
11.700000 	 0.163106 
11.720000 	 0.164009 
11.740000 	 -0.147036 
11.760000 	 0.155128 
11.780000 	 -0.370341 
11.800000 	 -0.128541 
11.820000 	 -0.069341 
11.840000 	 0.240197 
11.860000 	 0.162208 
11.880000 	 0.116722 
11.900000 	 0.115004 
11.920000 	 -0.008657 
11.940000 	 -0.009646 
11.960000 	 -0.154002 
11.980000 	 -0.274310 
12.000000 	 0.308796 
12.020000 	 -0.004808 
12.040000 	 0.049186 
12.060000 	 0.224391 
12.080000 	 0.158311 
12.100000 	 0.003949 
12.120000 	 0.305201 
12.140000 	 -0.195304 
12.160000 	 -0.150413 
12.180000 	 -0.169004 
12.200000 	 -0.039998 
12.220000 	 -0.132026 
12.240000 	 -0.020798 
12.260000 	 0.105393 
12.280000 	 -0.010885 
12.300000 	 -0.082372 
12.320000 	 0.053520 
12.340000 	 0.377545 
12.360000 	 -0.213773 
12.380000 	 -0.052536 
12.400000 	 -0.089587 
12.420000 	 -0.099493 
12.440000 	 -0.015230 
12.460000 	 -0.032675 
12.480000 	 -0.045878 
12.500000 	 -0.182067 
12.520000 	 -0.143412 
12.540000 	 -0.167164 
12.560000 	 -0.017638 
12.580000 	 -0.107357 
12.600000 	 -0.096738 
12.620000 	 -0.030136 
12.640000 	 0.032760 
12.660000 	 0.139422 
12.680000 	 0.003166 
12.700000 	 0.025827 
12.720000 	 -0.094696 
12.740000 	 -0.101418 
12.760000 	 -0.114239 
12.780000 	 -0.115711 
12.800000 	 0.167288 
12.820000 	 -0.043891 
12.840000 	 0.035394 
12.860000 	 0.171031 
12.880000 	 0.210304 
12.900000 	 -0.078504 
12.920000 	 -0.126609 
12.940000 	 0.041200 
12.960000 	 -0.075357 
12.980000 	 -0.154171 
13.000000 	 -0.090461 
13.020000 	 0.006729 
13.040000 	 -0.179527 
13.060000 	 0.224767 
13.080000 	 0.052652 
13.100000 	 -0.138784 
13.120000 	 0.218220 
13.140000 	 0.045457 
13.160000 	 -0.346427 
13.180000 	 -0.033272 
13.200000 	 0.111133 
13.220000 	 -0.226322 
13.240000 	 0.012944 
13.260000 	 0.078131 
13.280000 	 0.019375 
13.300000 	 0.199209 
13.320000 	 0.034880 
13.340000 	 0.092247 
13.360000 	 0.190874 
13.380000 	 -0.000165 
13.400000 	 0.021672 
13.420000 	 -0.063837 
13.440000 	 -0.099082 
13.460000 	 0.144214 
13.480000 	 0.117135 
13.500000 	 0.088269 
13.520000 	 -0.050045 
13.540000 	 -0.062777 
13.560000 	 0.224657 
13.580000 	 0.088160 
13.600000 	 -0.120823 
13.620000 	 0.209699 
13.640000 	 0.047576 
13.660000 	 -0.032194 
13.680000 	 -0.025296 
13.700000 	 -0.291146 
13.720000 	 0.063604 
13.740000 	 0.203532 
13.760000 	 -0.080641 
13.780000 	 -0.110608 
13.800000 	 0.076259 
13.820000 	 -0.141008 
13.840000 	 0.022285 
13.860000 	 0.033577 
13.880000 	 -0.038649 
13.900000 	 -0.106380 
13.920000 	 0.045405 
13.940000 	 -0.264268 
13.960000 	 -0.177450 
13.980000 	 0.046664 
14.000000 	 -0.251781 
14.020000 	 -0.128375 
14.040000 	 0.091601 
14.060000 	 0.113510 
14.080000 	 -0.047199 
14.100000 	 -0.039750 
14.120000 	 0.243444 
14.140000 	 0.134733 
14.160000 	 -0.320583 
14.180000 	 -0.159909 
14.200000 	 -0.122093 
14.220000 	 -0.092494 
14.240000 	 -0.226723 
14.260000 	 0.048513 
14.280000 	 -0.049686 
14.300000 	 -0.147373 
14.320000 	 0.040047 
14.340000 	 -0.278042 
14.360000 	 -0.079101 
14.380000 	 0.228643 
14.400000 	 -0.087255 
14.420000 	 -0.027967 
14.440000 	 -0.174759 
14.460000 	 0.062603 
14.480000 	 0.194623 
14.500000 	 -0.062702 
14.520000 	 0.019430 
14.540000 	 -0.022398 
14.560000 	 -0.148269 
14.580000 	 -0.010641 
14.600000 	 -0.000603 
14.620000 	 -0.178468 
14.640000 	 -0.060441 
14.660000 	 -0.061385 
14.680000 	 -0.067630 
14.700000 	 -0.180124 
14.720000 	 -0.041190 
14.740000 	 -0.049098 
14.760000 	 -0.170289 
14.780000 	 0.040421 
14.800000 	 -0.044783 
14.820000 	 0.202123 
14.840000 	 -0.078252 
14.860000 	 -0.222638 
14.880000 	 0.148971 
14.900000 	 -0.222704 
14.920000 	 -0.153027 
14.940000 	 -0.197708 
14.960000 	 -0.291741 
14.980000 	 0.037945 
15.000000 	 0.042635 
