-15.000000 	 -0.105372 
-14.980000 	 -0.042110 
-14.960000 	 -0.038112 
-14.940000 	 -0.026010 
-14.920000 	 0.102874 
-14.900000 	 0.089235 
-14.880000 	 0.043955 
-14.860000 	 -0.007583 
-14.840000 	 -0.065671 
-14.820000 	 -0.026342 
-14.800000 	 0.019932 
-14.780000 	 0.107802 
-14.760000 	 0.076749 
-14.740000 	 -0.013280 
-14.720000 	 -0.018040 
-14.700000 	 -0.132446 
-14.680000 	 -0.165619 
-14.660000 	 0.150165 
-14.640000 	 -0.029454 
-14.620000 	 -0.041625 
-14.600000 	 0.111077 
-14.580000 	 -0.051879 
-14.560000 	 -0.044330 
-14.540000 	 -0.157597 
-14.520000 	 -0.192453 
-14.500000 	 0.064220 
-14.480000 	 0.200630 
-14.460000 	 -0.031650 
-14.440000 	 -0.077131 
-14.420000 	 0.270483 
-14.400000 	 -0.002781 
-14.380000 	 0.195462 
-14.360000 	 -0.017135 
-14.340000 	 0.033554 
-14.320000 	 -0.072451 
-14.300000 	 -0.029943 
-14.280000 	 -0.021309 
-14.260000 	 0.383319 
-14.240000 	 0.103598 
-14.220000 	 -0.164889 
-14.200000 	 0.076953 
-14.180000 	 0.071770 
-14.160000 	 0.161990 
-14.140000 	 -0.217798 
-14.120000 	 0.153767 
-14.100000 	 0.033238 
-14.080000 	 -0.111801 
-14.060000 	 -0.200831 
-14.040000 	 -0.009763 
-14.020000 	 0.055758 
-14.000000 	 -0.044292 
-13.980000 	 -0.093693 
-13.960000 	 -0.180762 
-13.940000 	 0.015310 
-13.920000 	 0.002754 
-13.900000 	 -0.258248 
-13.880000 	 0.092905 
-13.860000 	 0.365564 
-13.840000 	 0.185367 
-13.820000 	 0.116230 
-13.800000 	 0.086755 
-13.780000 	 -0.020475 
-13.760000 	 -0.053144 
-13.740000 	 -0.213553 
-13.720000 	 0.238618 
-13.700000 	 0.255400 
-13.680000 	 -0.121001 
-13.660000 	 0.004265 
-13.640000 	 0.055758 
-13.620000 	 -0.120002 
-13.600000 	 -0.050975 
-13.580000 	 -0.206876 
-13.560000 	 -0.157916 
-13.540000 	 -0.251829 
-13.520000 	 -0.121098 
-13.500000 	 0.033636 
-13.480000 	 0.098992 
-13.460000 	 0.092078 
-13.440000 	 0.201961 
-13.420000 	 -0.051157 
-13.400000 	 0.087975 
-13.380000 	 0.007199 
-13.360000 	 0.060366 
-13.340000 	 -0.105996 
-13.320000 	 0.137861 
-13.300000 	 0.066041 
-13.280000 	 -0.037114 
-13.260000 	 0.061929 
-13.240000 	 -0.041035 
-13.220000 	 -0.006042 
-13.200000 	 -0.162564 
-13.180000 	 -0.300000 
-13.160000 	 -0.286346 
-13.140000 	 -0.042824 
-13.120000 	 -0.255350 
-13.100000 	 -0.086756 
-13.080000 	 -0.218195 
-13.060000 	 0.001345 
-13.040000 	 -0.002106 
-13.020000 	 0.084114 
-13.000000 	 0.044981 
-12.980000 	 0.011653 
-12.960000 	 0.185694 
-12.940000 	 0.105235 
-12.920000 	 0.004999 
-12.900000 	 0.137793 
-12.880000 	 0.006817 
-12.860000 	 -0.100327 
-12.840000 	 0.058655 
-12.820000 	 0.085562 
-12.800000 	 0.071811 
-12.780000 	 0.150075 
-12.760000 	 0.020262 
-12.740000 	 0.033853 
-12.720000 	 -0.161709 
-12.700000 	 -0.015555 
-12.680000 	 0.154201 
-12.660000 	 -0.178728 
-12.640000 	 0.129222 
-12.620000 	 0.067323 
-12.600000 	 0.033943 
-12.580000 	 -0.390182 
-12.560000 	 0.170648 
-12.540000 	 0.073128 
-12.520000 	 -0.401502 
-12.500000 	 0.005657 
-12.480000 	 0.138448 
-12.460000 	 -0.312167 
-12.440000 	 0.037540 
-12.420000 	 -0.001614 
-12.400000 	 -0.034362 
-12.380000 	 -0.120515 
-12.360000 	 -0.398767 
-12.340000 	 0.228122 
-12.320000 	 0.121580 
-12.300000 	 0.143012 
-12.280000 	 -0.048517 
-12.260000 	 0.331528 
-12.240000 	 -0.053389 
-12.220000 	 0.250739 
-12.200000 	 -0.040864 
-12.180000 	 0.144539 
-12.160000 	 -0.132611 
-12.140000 	 0.035339 
-12.120000 	 0.134123 
-12.100000 	 0.064369 
-12.080000 	 0.032642 
-12.060000 	 -0.031694 
-12.040000 	 -0.038421 
-12.020000 	 0.195805 
-12.000000 	 -0.035463 
-11.980000 	 0.175804 
-11.960000 	 -0.096086 
-11.940000 	 -0.034727 
-11.920000 	 -0.139181 
-11.900000 	 -0.142331 
-11.880000 	 0.147379 
-11.860000 	 -0.088428 
-11.840000 	 0.085957 
-11.820000 	 0.162787 
-11.800000 	 0.244946 
-11.780000 	 -0.218661 
-11.760000 	 0.089530 
-11.740000 	 -0.022601 
-11.720000 	 -0.190249 
-11.700000 	 0.097499 
-11.680000 	 0.234333 
-11.660000 	 -0.078521 
-11.640000 	 -0.139181 
-11.620000 	 -0.055076 
-11.600000 	 -0.091850 
-11.580000 	 0.067744 
-11.560000 	 -0.037728 
-11.540000 	 0.294300 
-11.520000 	 -0.160833 
-11.500000 	 -0.183503 
-11.480000 	 0.071144 
-11.460000 	 -0.061503 
-11.440000 	 -0.090821 
-11.420000 	 -0.018671 
-11.400000 	 0.061766 
-11.380000 	 -0.024105 
-11.360000 	 0.009638 
-11.340000 	 -0.044122 
-11.320000 	 -0.122024 
-11.300000 	 -0.120897 
-11.280000 	 0.172409 
-11.260000 	 0.074420 
-11.240000 	 -0.156998 
-11.220000 	 0.059858 
-11.200000 	 0.142086 
-11.180000 	 0.059699 
-11.160000 	 -0.124732 
-11.140000 	 0.254401 
-11.120000 	 -0.098643 
-11.100000 	 0.147279 
-11.080000 	 0.201011 
-11.060000 	 0.160557 
-11.040000 	 0.053150 
-11.020000 	 -0.104364 
-11.000000 	 0.079593 
-10.980000 	 -0.117443 
-10.960000 	 0.066088 
-10.940000 	 0.031744 
-10.920000 	 0.002328 
-10.900000 	 -0.025592 
-10.880000 	 -0.205151 
-10.860000 	 -0.149191 
-10.840000 	 0.013887 
-10.820000 	 0.026702 
-10.800000 	 0.047085 
-10.780000 	 -0.025066 
-10.760000 	 0.107821 
-10.740000 	 0.073335 
-10.720000 	 -0.067379 
-10.700000 	 0.127010 
-10.680000 	 -0.199337 
-10.660000 	 -0.127652 
-10.640000 	 0.038640 
-10.620000 	 -0.285440 
-10.600000 	 0.118180 
-10.580000 	 -0.026693 
-10.560000 	 0.015354 
-10.540000 	 0.155838 
-10.520000 	 0.148869 
-10.500000 	 -0.010390 
-10.480000 	 -0.010112 
-10.460000 	 0.039544 
-10.440000 	 -0.158653 
-10.420000 	 0.087792 
-10.400000 	 -0.108631 
-10.380000 	 -0.136123 
-10.360000 	 -0.097900 
-10.340000 	 -0.162018 
-10.320000 	 0.169357 
-10.300000 	 0.102930 
-10.280000 	 -0.056274 
-10.260000 	 0.056710 
-10.240000 	 0.011545 
-10.220000 	 0.032341 
-10.200000 	 0.134320 
-10.180000 	 0.205407 
-10.160000 	 0.242269 
-10.140000 	 -0.189434 
-10.120000 	 0.169902 
-10.100000 	 0.129757 
-10.080000 	 0.119660 
-10.060000 	 -0.286562 
-10.040000 	 0.132533 
-10.020000 	 0.049511 
-10.000000 	 -0.205639 
-9.980000 	 -0.061918 
-9.960000 	 -0.127569 
-9.940000 	 -0.195992 
-9.920000 	 -0.075192 
-9.900000 	 -0.265982 
-9.880000 	 0.120155 
-9.860000 	 -0.182302 
-9.840000 	 -0.182377 
-9.820000 	 0.018211 
-9.800000 	 0.139777 
-9.780000 	 0.139300 
-9.760000 	 -0.287054 
-9.740000 	 -0.057939 
-9.720000 	 0.231829 
-9.700000 	 0.100995 
-9.680000 	 -0.191675 
-9.660000 	 -0.119077 
-9.640000 	 -0.078937 
-9.620000 	 0.121410 
-9.600000 	 -0.017670 
-9.580000 	 0.166429 
-9.560000 	 -0.174195 
-9.540000 	 0.900000 
-9.520000 	 0.310765 
-9.500000 	 -0.199454 
-9.480000 	 0.046090 
-9.460000 	 0.025904 
-9.440000 	 0.070799 
-9.420000 	 0.064092 
-9.400000 	 0.005533 
-9.380000 	 0.064353 
-9.360000 	 -0.211396 
-9.340000 	 -0.011882 
-9.320000 	 -0.020050 
-9.300000 	 -0.241737 
-9.280000 	 -0.095940 
-9.260000 	 0.036046 
-9.240000 	 0.190808 
-9.220000 	 0.058920 
-9.200000 	 -0.089145 
-9.180000 	 0.418720 
-9.160000 	 -0.079709 
-9.140000 	 0.106370 
-9.120000 	 -0.086681 
-9.100000 	 -0.284789 
-9.080000 	 -0.160889 
-9.060000 	 0.019245 
-9.040000 	 -0.190893 
-9.020000 	 -0.259109 
-9.000000 	 -0.115269 
-8.980000 	 -0.169786 
-8.960000 	 0.074703 
-8.940000 	 -0.005095 
-8.920000 	 -0.204738 
-8.900000 	 -0.129020 
-8.880000 	 -0.067267 
-8.860000 	 -0.143093 
-8.840000 	 0.110199 
-8.820000 	 -0.167133 
-8.800000 	 0.291032 
-8.780000 	 -0.015751 
-8.760000 	 -0.295870 
-8.740000 	 -0.102838 
-8.720000 	 -0.079803 
-8.700000 	 0.017910 
-8.680000 	 -0.327306 
-8.660000 	 0.008538 
-8.640000 	 0.046715 
-8.620000 	 -0.116486 
-8.600000 	 0.083108 
-8.580000 	 0.325979 
-8.560000 	 -0.006406 
-8.540000 	 -0.059728 
-8.520000 	 -0.006956 
-8.500000 	 -0.015458 
-8.480000 	 0.132254 
-8.460000 	 0.313050 
-8.440000 	 -0.115387 
-8.420000 	 -0.160995 
-8.400000 	 0.256194 
-8.380000 	 0.037666 
-8.360000 	 -0.074251 
-8.340000 	 -0.080252 
-8.320000 	 -0.031832 
-8.300000 	 0.041156 
-8.280000 	 0.019248 
-8.260000 	 0.113868 
-8.240000 	 0.068225 
-8.220000 	 0.091694 
-8.200000 	 0.008690 
-8.180000 	 0.322517 
-8.160000 	 0.261928 
-8.140000 	 0.034868 
-8.120000 	 0.103087 
-8.100000 	 -0.223644 
-8.080000 	 0.040591 
-8.060000 	 -0.122520 
-8.040000 	 -0.139313 
-8.020000 	 -0.037568 
-8.000000 	 -0.138237 
-7.980000 	 -0.263184 
-7.960000 	 0.220535 
-7.940000 	 -0.294054 
-7.920000 	 0.065903 
-7.900000 	 0.059061 
-7.880000 	 0.250000 
-7.860000 	 -0.167019 
-7.840000 	 -0.143824 
-7.820000 	 -0.037572 
-7.800000 	 0.041960 
-7.780000 	 -0.076028 
-7.760000 	 -0.106096 
-7.740000 	 -0.001081 
-7.720000 	 -0.131000 
-7.700000 	 0.111032 
-7.680000 	 0.042905 
-7.660000 	 -0.047914 
-7.640000 	 -0.042600 
-7.620000 	 -0.202766 
-7.600000 	 0.196950 
-7.580000 	 0.150360 
-7.560000 	 0.135779 
-7.540000 	 0.094847 
-7.520000 	 0.268395 
-7.500000 	 -0.010036 
-7.480000 	 0.165842 
-7.460000 	 0.154900 
-7.440000 	 0.054935 
-7.420000 	 -0.119602 
-7.400000 	 -0.052398 
-7.380000 	 0.014092 
-7.360000 	 0.065537 
-7.340000 	 -0.082437 
-7.320000 	 0.188704 
-7.300000 	 -0.148041 
-7.280000 	 0.043940 
-7.260000 	 -0.255870 
-7.240000 	 0.034246 
-7.220000 	 0.416354 
-7.200000 	 0.174603 
-7.180000 	 0.040280 
-7.160000 	 -0.099383 
-7.140000 	 -0.007328 
-7.120000 	 0.036949 
-7.100000 	 0.019709 
-7.080000 	 -0.063536 
-7.060000 	 0.028137 
-7.040000 	 0.191778 
-7.020000 	 0.108016 
-7.000000 	 -0.172951 
-6.980000 	 0.203151 
-6.960000 	 0.173809 
-6.940000 	 0.064688 
-6.920000 	 0.092862 
-6.900000 	 0.034813 
-6.880000 	 0.185423 
-6.860000 	 0.259414 
-6.840000 	 0.166431 
-6.820000 	 -0.072992 
-6.800000 	 -0.071890 
-6.780000 	 0.239105 
-6.760000 	 0.135179 
-6.740000 	 -0.362933 
-6.720000 	 -0.118078 
-6.700000 	 0.247885 
-6.680000 	 -0.100033 
-6.660000 	 0.134339 
-6.640000 	 -0.078315 
-6.620000 	 0.174835 
-6.600000 	 0.093925 
-6.580000 	 0.183425 
-6.560000 	 -0.006523 
-6.540000 	 0.124049 
-6.520000 	 0.054642 
-6.500000 	 0.258146 
-6.480000 	 -0.020269 
-6.460000 	 0.076525 
-6.440000 	 -0.029144 
-6.420000 	 0.353010 
-6.400000 	 0.116743 
-6.380000 	 0.050087 
-6.360000 	 -0.069167 
-6.340000 	 0.262998 
-6.320000 	 0.153033 
-6.300000 	 0.241030 
-6.280000 	 0.326600 
-6.260000 	 0.060129 
-6.240000 	 0.436444 
-6.220000 	 0.251421 
-6.200000 	 0.341114 
-6.180000 	 0.285404 
-6.160000 	 0.157437 
-6.140000 	 0.444939 
-6.120000 	 0.324630 
-6.100000 	 0.062932 
-6.080000 	 0.189492 
-6.060000 	 0.249125 
-6.040000 	 0.260039 
-6.020000 	 0.130138 
-6.000000 	 0.156908 
-5.980000 	 0.359344 
-5.960000 	 0.047081 
-5.940000 	 0.238225 
-5.920000 	 0.237517 
-5.900000 	 0.209415 
-5.880000 	 0.185711 
-5.860000 	 0.509113 
-5.840000 	 0.126906 
-5.820000 	 0.244295 
-5.800000 	 0.115086 
-5.780000 	 0.400648 
-5.760000 	 0.420774 
-5.740000 	 0.360647 
-5.720000 	 0.349164 
-5.700000 	 0.385850 
-5.680000 	 0.123280 
-5.660000 	 0.204186 
-5.640000 	 0.339718 
-5.620000 	 0.299909 
-5.600000 	 0.042886 
-5.580000 	 0.110793 
-5.560000 	 0.169247 
-5.540000 	 0.038105 
-5.520000 	 0.256481 
-5.500000 	 0.403049 
-5.480000 	 0.288977 
-5.460000 	 0.310601 
-5.440000 	 0.316341 
-5.420000 	 0.475588 
-5.400000 	 0.065112 
-5.380000 	 0.372586 
-5.360000 	 0.385977 
-5.340000 	 -0.004110 
-5.320000 	 0.349776 
-5.300000 	 0.168463 
-5.280000 	 0.410691 
-5.260000 	 0.002741 
-5.240000 	 0.208972 
-5.220000 	 0.391548 
-5.200000 	 0.360181 
-5.180000 	 0.301436 
-5.160000 	 0.393512 
-5.140000 	 0.281278 
-5.120000 	 0.316192 
-5.100000 	 0.215263 
-5.080000 	 0.308516 
-5.060000 	 0.344280 
-5.040000 	 0.361429 
-5.020000 	 0.352290 
-5.000000 	 0.355268 
-4.980000 	 0.389364 
-4.960000 	 0.608744 
-4.940000 	 0.543432 
-4.920000 	 0.433014 
-4.900000 	 0.296916 
-4.880000 	 0.219844 
-4.860000 	 0.218913 
-4.840000 	 0.356495 
-4.820000 	 0.570816 
-4.800000 	 0.328294 
-4.780000 	 0.661580 
-4.760000 	 0.480871 
-4.740000 	 0.512550 
-4.720000 	 0.376336 
-4.700000 	 0.619013 
-4.680000 	 0.486536 
-4.660000 	 0.658813 
-4.640000 	 0.511832 
-4.620000 	 0.553600 
-4.600000 	 0.630448 
-4.580000 	 0.370424 
-4.560000 	 0.480077 
-4.540000 	 0.490922 
-4.520000 	 0.610580 
-4.500000 	 0.488918 
-4.480000 	 0.592011 
-4.460000 	 0.471606 
-4.440000 	 0.380121 
-4.420000 	 0.544300 
-4.400000 	 0.383219 
-4.380000 	 0.794569 
-4.360000 	 0.254099 
-4.340000 	 0.505731 
-4.320000 	 0.460143 
-4.300000 	 0.556938 
-4.280000 	 0.514888 
-4.260000 	 0.371677 
-4.240000 	 0.481727 
-4.220000 	 0.736970 
-4.200000 	 0.421967 
-4.180000 	 0.481166 
-4.160000 	 0.325018 
-4.140000 	 0.690299 
-4.120000 	 0.614454 
-4.100000 	 0.403931 
-4.080000 	 0.377036 
-4.060000 	 0.563084 
-4.040000 	 0.542342 
-4.020000 	 0.297277 
-4.000000 	 0.490954 
-3.980000 	 0.559695 
-3.960000 	 0.620248 
-3.940000 	 0.586954 
-3.920000 	 0.557685 
-3.900000 	 0.143294 
-3.880000 	 0.443743 
-3.860000 	 0.531048 
-3.840000 	 0.449036 
-3.820000 	 1.000000 
-3.800000 	 0.721138 
-3.780000 	 0.557645 
-3.760000 	 0.488536 
-3.740000 	 0.639515 
-3.720000 	 0.677101 
-3.700000 	 0.460615 
-3.680000 	 0.264796 
-3.660000 	 0.518916 
-3.640000 	 0.297597 
-3.620000 	 0.492504 
-3.600000 	 0.283327 
-3.580000 	 0.301237 
-3.560000 	 0.335031 
-3.540000 	 0.469832 
-3.520000 	 0.552241 
-3.500000 	 0.485135 
-3.480000 	 0.425812 
-3.460000 	 0.418767 
-3.440000 	 0.363763 
-3.420000 	 0.533554 
-3.400000 	 0.464210 
-3.380000 	 0.648600 
-3.360000 	 0.453862 
-3.340000 	 0.466629 
-3.320000 	 0.375546 
-3.300000 	 0.169529 
-3.280000 	 0.691167 
-3.260000 	 0.488814 
-3.240000 	 0.527056 
-3.220000 	 0.310643 
-3.200000 	 0.472042 
-3.180000 	 0.379564 
-3.160000 	 0.389860 
-3.140000 	 0.269107 
-3.120000 	 0.444222 
-3.100000 	 0.145326 
-3.080000 	 0.588167 
-3.060000 	 0.543132 
-3.040000 	 0.447521 
-3.020000 	 0.294543 
-3.000000 	 0.577600 
-2.980000 	 0.412112 
-2.960000 	 0.379257 
-2.940000 	 0.371785 
-2.920000 	 0.352066 
-2.900000 	 0.392441 
-2.880000 	 0.414042 
-2.860000 	 0.231851 
-2.840000 	 0.570541 
-2.820000 	 0.180981 
-2.800000 	 0.409111 
-2.780000 	 0.703253 
-2.760000 	 0.432051 
-2.740000 	 0.399578 
-2.720000 	 0.376284 
-2.700000 	 0.354737 
-2.680000 	 0.213965 
-2.660000 	 0.505986 
-2.640000 	 0.411369 
-2.620000 	 0.269502 
-2.600000 	 0.207231 
-2.580000 	 0.511273 
-2.560000 	 0.055557 
-2.540000 	 0.280965 
-2.520000 	 0.337209 
-2.500000 	 0.301468 
-2.480000 	 0.360507 
-2.460000 	 0.527482 
-2.440000 	 0.105633 
-2.420000 	 0.357553 
-2.400000 	 0.111134 
-2.380000 	 0.121478 
-2.360000 	 0.231795 
-2.340000 	 0.361932 
-2.320000 	 0.374323 
-2.300000 	 0.241890 
-2.280000 	 0.279344 
-2.260000 	 0.559387 
-2.240000 	 0.364916 
-2.220000 	 0.119839 
-2.200000 	 0.545961 
-2.180000 	 0.505914 
-2.160000 	 0.240797 
-2.140000 	 0.326307 
-2.120000 	 0.210747 
-2.100000 	 -0.019029 
-2.080000 	 0.227093 
-2.060000 	 0.537750 
-2.040000 	 -0.051858 
-2.020000 	 0.271553 
-2.000000 	 0.507395 
-1.980000 	 0.256115 
-1.960000 	 0.246957 
-1.940000 	 0.114038 
-1.920000 	 0.106674 
-1.900000 	 0.288789 
-1.880000 	 0.231649 
-1.860000 	 0.061612 
-1.840000 	 0.305592 
-1.820000 	 0.130809 
-1.800000 	 0.127921 
-1.780000 	 0.133322 
-1.760000 	 -0.030503 
-1.740000 	 -0.055110 
-1.720000 	 0.124536 
-1.700000 	 0.344513 
-1.680000 	 0.174914 
-1.660000 	 0.235064 
-1.640000 	 0.154169 
-1.620000 	 0.055997 
-1.600000 	 0.208869 
-1.580000 	 0.298257 
-1.560000 	 0.009871 
-1.540000 	 0.208388 
-1.520000 	 0.329283 
-1.500000 	 -0.204668 
-1.480000 	 0.446988 
-1.460000 	 0.134046 
-1.440000 	 0.163651 
-1.420000 	 0.140602 
-1.400000 	 0.089533 
-1.380000 	 -0.048988 
-1.360000 	 0.190191 
-1.340000 	 0.065552 
-1.320000 	 0.174211 
-1.300000 	 0.172804 
-1.280000 	 0.029972 
-1.260000 	 0.276760 
-1.240000 	 0.355064 
-1.220000 	 0.267395 
-1.200000 	 -0.122229 
-1.180000 	 0.140660 
-1.160000 	 0.251793 
-1.140000 	 0.267301 
-1.120000 	 0.117481 
-1.100000 	 0.336097 
-1.080000 	 0.269568 
-1.060000 	 0.232320 
-1.040000 	 0.085003 
-1.020000 	 0.052777 
-1.000000 	 0.293438 
-0.980000 	 0.247516 
-0.960000 	 0.300339 
-0.940000 	 0.265968 
-0.920000 	 0.089723 
-0.900000 	 0.022469 
-0.880000 	 0.234915 
-0.860000 	 0.314798 
-0.840000 	 0.171688 
-0.820000 	 0.330770 
-0.800000 	 -0.020053 
-0.780000 	 0.208809 
-0.760000 	 0.242372 
-0.740000 	 0.048519 
-0.720000 	 0.318486 
-0.700000 	 0.284428 
-0.680000 	 0.035151 
-0.660000 	 -0.069222 
-0.640000 	 0.351938 
-0.620000 	 0.077385 
-0.600000 	 0.158521 
-0.580000 	 0.288467 
-0.560000 	 0.133265 
-0.540000 	 0.183773 
-0.520000 	 0.209559 
-0.500000 	 0.189177 
-0.480000 	 0.191885 
-0.460000 	 0.159206 
-0.440000 	 0.199861 
-0.420000 	 0.414070 
-0.400000 	 0.079246 
-0.380000 	 -0.007947 
-0.360000 	 0.336870 
-0.340000 	 0.215337 
-0.320000 	 0.008366 
-0.300000 	 0.247412 
-0.280000 	 0.135595 
-0.260000 	 0.089672 
-0.240000 	 0.090019 
-0.220000 	 0.279573 
-0.200000 	 0.447737 
-0.180000 	 0.362413 
-0.160000 	 0.283284 
-0.140000 	 0.140021 
-0.120000 	 0.051188 
-0.100000 	 0.249815 
-0.080000 	 0.240985 
-0.060000 	 0.325634 
-0.040000 	 0.239446 
-0.020000 	 0.413432 
0.000000 	 -0.070859 
0.020000 	 0.281325 
0.040000 	 0.237713 
0.060000 	 0.187391 
0.080000 	 0.276659 
0.100000 	 0.466794 
0.120000 	 0.502190 
0.140000 	 0.161927 
0.160000 	 0.170530 
0.180000 	 0.145103 
0.200000 	 0.521802 
0.220000 	 0.285728 
0.240000 	 0.426520 
0.260000 	 0.155520 
0.280000 	 0.111955 
0.300000 	 0.479001 
0.320000 	 0.900000 
0.340000 	 0.010489 
0.360000 	 0.048793 
0.380000 	 0.200910 
0.400000 	 0.271133 
0.420000 	 0.290981 
0.440000 	 0.270982 
0.460000 	 0.293118 
0.480000 	 0.403021 
0.500000 	 0.389840 
0.520000 	 0.519637 
0.540000 	 0.197708 
0.560000 	 0.142025 
0.580000 	 0.497130 
0.600000 	 0.167310 
0.620000 	 0.137789 
0.640000 	 0.198514 
0.660000 	 0.213507 
0.680000 	 0.365603 
0.700000 	 0.463417 
0.720000 	 0.505914 
0.740000 	 0.361488 
0.760000 	 -0.009984 
0.780000 	 0.233713 
0.800000 	 0.242639 
0.820000 	 0.469642 
0.840000 	 0.403646 
0.860000 	 0.601955 
0.880000 	 0.683336 
0.900000 	 0.562605 
0.920000 	 0.389412 
0.940000 	 0.382253 
0.960000 	 0.894883 
0.980000 	 0.783253 
1.000000 	 0.730712 
1.020000 	 0.314803 
1.040000 	 0.570607 
1.060000 	 0.776830 
1.080000 	 0.662132 
1.100000 	 0.790490 
1.120000 	 0.505270 
1.140000 	 0.757822 
1.160000 	 0.633472 
1.180000 	 0.388646 
1.200000 	 0.620164 
1.220000 	 0.584268 
1.240000 	 0.754666 
1.260000 	 0.832167 
1.280000 	 0.583217 
1.300000 	 0.604795 
1.320000 	 0.778614 
1.340000 	 0.791774 
1.360000 	 0.386294 
1.380000 	 0.783694 
1.400000 	 0.845831 
1.420000 	 0.699831 
1.440000 	 0.626588 
1.460000 	 0.799644 
1.480000 	 0.711927 
1.500000 	 0.791052 
1.520000 	 0.825034 
1.540000 	 0.587273 
1.560000 	 0.726071 
1.580000 	 0.811992 
1.600000 	 0.770165 
1.620000 	 0.589128 
1.640000 	 0.779130 
1.660000 	 0.612633 
1.680000 	 0.758243 
1.700000 	 0.744315 
1.720000 	 0.597114 
1.740000 	 0.769697 
1.760000 	 0.847855 
1.780000 	 0.721854 
1.800000 	 1.032906 
1.820000 	 0.974504 
1.840000 	 0.810158 
1.860000 	 0.884227 
1.880000 	 1.103828 
1.900000 	 1.076613 
1.920000 	 0.840694 
1.940000 	 1.054758 
1.960000 	 1.080743 
1.980000 	 0.826703 
2.000000 	 0.790326 
2.020000 	 0.830455 
2.040000 	 0.882441 
2.060000 	 1.024229 
2.080000 	 0.881532 
2.100000 	 1.081605 
2.120000 	 0.886518 
2.140000 	 1.117961 
2.160000 	 0.957200 
2.180000 	 1.029492 
2.200000 	 1.092670 
2.220000 	 1.181785 
2.240000 	 1.281671 
2.260000 	 1.331262 
2.280000 	 1.205990 
2.300000 	 0.947632 
2.320000 	 1.023564 
2.340000 	 1.330911 
2.360000 	 1.162570 
2.380000 	 1.377750 
2.400000 	 1.502042 
2.420000 	 1.362148 
2.440000 	 1.135899 
2.460000 	 1.511969 
2.480000 	 1.261399 
2.500000 	 1.503801 
2.520000 	 1.234451 
2.540000 	 1.348224 
2.560000 	 1.120919 
2.580000 	 1.394718 
2.600000 	 1.204551 
2.620000 	 1.193209 
2.640000 	 1.347665 
2.660000 	 1.194358 
2.680000 	 1.401356 
2.700000 	 1.049499 
2.720000 	 1.315296 
2.740000 	 1.547219 
2.760000 	 1.448772 
2.780000 	 1.329730 
2.800000 	 1.421725 
2.820000 	 1.195084 
2.840000 	 1.315514 
2.860000 	 1.595316 
2.880000 	 1.478775 
2.900000 	 1.234655 
2.920000 	 1.141614 
2.940000 	 1.276884 
2.960000 	 1.352582 
2.980000 	 1.146157 
3.000000 	 1.271918 
3.020000 	 1.519485 
3.040000 	 1.469981 
3.060000 	 1.605284 
3.080000 	 1.501706 
3.100000 	 1.269976 
3.120000 	 1.417193 
3.140000 	 1.177340 
3.160000 	 1.403199 
3.180000 	 1.657240 
3.200000 	 1.326289 
3.220000 	 1.413579 
3.240000 	 1.594133 
3.260000 	 1.409272 
3.280000 	 1.581652 
3.300000 	 1.262226 
3.320000 	 1.516630 
3.340000 	 1.382671 
3.360000 	 1.461898 
3.380000 	 1.415744 
3.400000 	 1.562583 
3.420000 	 1.452936 
3.440000 	 1.761347 
3.460000 	 1.635979 
3.480000 	 1.858284 
3.500000 	 1.748577 
3.520000 	 1.416065 
3.540000 	 1.459277 
3.560000 	 1.638793 
3.580000 	 1.760657 
3.600000 	 1.722298 
3.620000 	 1.619638 
3.640000 	 1.710340 
3.660000 	 1.500803 
3.680000 	 1.493087 
3.700000 	 1.417371 
3.720000 	 1.562418 
3.740000 	 1.501804 
3.760000 	 1.722020 
3.780000 	 1.502246 
3.800000 	 1.774621 
3.820000 	 1.614938 
3.840000 	 1.591833 
3.860000 	 1.379273 
3.880000 	 1.522805 
3.900000 	 1.551605 
3.920000 	 1.518543 
3.940000 	 1.482428 
3.960000 	 1.414155 
3.980000 	 1.741691 
4.000000 	 1.601878 
4.020000 	 1.534281 
4.040000 	 1.650869 
4.060000 	 1.833145 
4.080000 	 1.527636 
4.100000 	 1.507890 
4.120000 	 1.516028 
4.140000 	 1.532688 
4.160000 	 1.577544 
4.180000 	 1.665061 
4.200000 	 1.658392 
4.220000 	 1.745003 
4.240000 	 1.849476 
4.260000 	 1.329075 
4.280000 	 1.507940 
4.300000 	 1.602206 
4.320000 	 1.420819 
4.340000 	 1.648766 
4.360000 	 1.542193 
4.380000 	 1.596873 
4.400000 	 1.688753 
4.420000 	 1.572612 
4.440000 	 1.301109 
4.460000 	 1.658457 
4.480000 	 1.545622 
4.500000 	 1.273985 
4.520000 	 1.713967 
4.540000 	 1.510049 
4.560000 	 1.634452 
4.580000 	 1.629816 
4.600000 	 1.361822 
4.620000 	 1.260507 
4.640000 	 1.425967 
4.660000 	 1.333774 
4.680000 	 1.374240 
4.700000 	 1.299500 
4.720000 	 1.353014 
4.740000 	 1.550719 
4.760000 	 1.201388 
4.780000 	 1.389736 
4.800000 	 1.548502 
4.820000 	 1.502173 
4.840000 	 1.549358 
4.860000 	 1.234951 
4.880000 	 1.418924 
4.900000 	 1.565814 
4.920000 	 1.410157 
4.940000 	 1.357532 
4.960000 	 1.395179 
4.980000 	 1.420596 
5.000000 	 1.479326 
5.020000 	 1.404969 
5.040000 	 1.554265 
5.060000 	 1.579965 
5.080000 	 1.305830 
5.100000 	 1.188615 
5.120000 	 1.593364 
5.140000 	 1.402488 
5.160000 	 1.426386 
5.180000 	 1.490359 
5.200000 	 1.335972 
5.220000 	 1.275903 
5.240000 	 1.608459 
5.260000 	 1.396059 
5.280000 	 1.237977 
5.300000 	 1.340217 
5.320000 	 1.081716 
5.340000 	 1.388266 
5.360000 	 1.646458 
5.380000 	 1.443906 
5.400000 	 1.273794 
5.420000 	 0.947045 
5.440000 	 1.316726 
5.460000 	 1.569399 
5.480000 	 1.318771 
5.500000 	 1.076313 
5.520000 	 1.130058 
5.540000 	 1.167851 
5.560000 	 1.271508 
5.580000 	 1.347645 
5.600000 	 1.292726 
5.620000 	 1.189445 
5.640000 	 1.084149 
5.660000 	 1.051759 
5.680000 	 0.981300 
5.700000 	 0.850115 
5.720000 	 0.989064 
5.740000 	 0.979082 
5.760000 	 0.992051 
5.780000 	 1.004577 
5.800000 	 1.064858 
5.820000 	 1.352910 
5.840000 	 1.000375 
5.860000 	 1.071942 
5.880000 	 0.872017 
5.900000 	 1.207881 
5.920000 	 1.043080 
5.940000 	 1.115205 
5.960000 	 0.917135 
5.980000 	 0.895392 
6.000000 	 1.212132 
6.020000 	 0.865707 
6.040000 	 0.642454 
6.060000 	 0.874749 
6.080000 	 1.089893 
6.100000 	 0.969352 
6.120000 	 1.086973 
6.140000 	 0.972841 
6.160000 	 0.851701 
6.180000 	 0.951435 
6.200000 	 1.031092 
6.220000 	 1.221288 
6.240000 	 0.971067 
6.260000 	 0.854344 
6.280000 	 0.894852 
6.300000 	 0.624225 
6.320000 	 0.993927 
6.340000 	 0.651177 
6.360000 	 0.858527 
6.380000 	 0.662404 
6.400000 	 0.757407 
6.420000 	 0.569082 
6.440000 	 0.618697 
6.460000 	 0.687870 
6.480000 	 0.849690 
6.500000 	 0.982372 
6.520000 	 0.510862 
6.540000 	 0.522706 
6.560000 	 0.642165 
6.580000 	 0.742726 
6.600000 	 0.756266 
6.620000 	 0.609096 
6.640000 	 0.608664 
6.660000 	 0.601418 
6.680000 	 0.740124 
6.700000 	 0.727595 
6.720000 	 0.643761 
6.740000 	 0.441803 
6.760000 	 0.833280 
6.780000 	 0.635719 
6.800000 	 0.555142 
6.820000 	 0.557480 
6.840000 	 0.576735 
6.860000 	 0.552945 
6.880000 	 0.514739 
6.900000 	 0.375365 
6.920000 	 0.697754 
6.940000 	 0.801123 
6.960000 	 0.446155 
6.980000 	 0.529096 
7.000000 	 0.458005 
7.020000 	 0.657153 
7.040000 	 0.225539 
7.060000 	 0.511275 
7.080000 	 0.581739 
7.100000 	 0.390073 
7.120000 	 0.393266 
7.140000 	 0.399050 
7.160000 	 0.615997 
7.180000 	 0.631835 
7.200000 	 0.245078 
7.220000 	 0.276317 
7.240000 	 0.111496 
7.260000 	 0.450487 
7.280000 	 0.405865 
7.300000 	 0.265978 
7.320000 	 0.408946 
7.340000 	 0.410626 
7.360000 	 0.311807 
7.380000 	 0.267120 
7.400000 	 0.043734 
7.420000 	 0.405083 
7.440000 	 0.541296 
7.460000 	 0.346931 
7.480000 	 0.203682 
7.500000 	 0.482667 
7.520000 	 0.575642 
7.540000 	 0.184644 
7.560000 	 0.156391 
7.580000 	 0.374824 
7.600000 	 0.561696 
7.620000 	 0.279027 
7.640000 	 0.210682 
7.660000 	 0.056423 
7.680000 	 0.251392 
7.700000 	 0.310140 
7.720000 	 -0.073344 
7.740000 	 0.446030 
7.760000 	 -0.071110 
7.780000 	 0.048261 
7.800000 	 0.372651 
7.820000 	 0.299240 
7.840000 	 0.192914 
7.860000 	 0.408053 
7.880000 	 0.364321 
7.900000 	 0.071814 
7.920000 	 0.183625 
7.940000 	 0.295503 
7.960000 	 0.039112 
7.980000 	 0.474205 
8.000000 	 0.441664 
8.020000 	 0.103946 
8.040000 	 0.394765 
8.060000 	 0.446731 
8.080000 	 0.290415 
8.100000 	 -0.008151 
8.120000 	 0.081097 
8.140000 	 0.075202 
8.160000 	 0.139826 
8.180000 	 0.195755 
8.200000 	 -0.018811 
8.220000 	 0.507185 
8.240000 	 0.174610 
8.260000 	 0.111249 
8.280000 	 0.138306 
8.300000 	 0.188927 
8.320000 	 0.128373 
8.340000 	 0.031053 
8.360000 	 0.389908 
8.380000 	 0.144349 
8.400000 	 0.119929 
8.420000 	 0.125346 
8.440000 	 0.225552 
8.460000 	 0.127810 
8.480000 	 0.256069 
8.500000 	 -0.090168 
8.520000 	 0.118315 
8.540000 	 0.192846 
8.560000 	 0.181662 
8.580000 	 0.345714 
8.600000 	 0.182569 
8.620000 	 0.086397 
8.640000 	 0.462966 
8.660000 	 -0.247847 
8.680000 	 -0.287924 
8.700000 	 0.364814 
8.720000 	 -0.065804 
8.740000 	 0.118205 
8.760000 	 0.022830 
8.780000 	 0.090982 
8.800000 	 -0.038812 
8.820000 	 -0.006351 
8.840000 	 -0.088565 
8.860000 	 0.067562 
8.880000 	 0.245993 
8.900000 	 -0.087438 
8.920000 	 0.169755 
8.940000 	 0.040105 
8.960000 	 0.027198 
8.980000 	 0.364123 
9.000000 	 0.228985 
9.020000 	 -0.080229 
9.040000 	 0.165984 
9.060000 	 -0.340272 
9.080000 	 0.088312 
9.100000 	 0.196486 
9.120000 	 0.134897 
9.140000 	 0.436031 
9.160000 	 -0.147087 
9.180000 	 0.346344 
9.200000 	 0.001874 
9.220000 	 0.008060 
9.240000 	 -0.000656 
9.260000 	 0.082185 
9.280000 	 -0.114282 
9.300000 	 0.235432 
9.320000 	 -0.116841 
9.340000 	 -0.112839 
9.360000 	 0.134697 
9.380000 	 -0.091565 
9.400000 	 0.034192 
9.420000 	 0.146304 
9.440000 	 0.021127 
9.460000 	 0.036480 
9.480000 	 -0.317174 
9.500000 	 0.228787 
9.520000 	 0.028308 
9.540000 	 -0.143513 
9.560000 	 0.144385 
9.580000 	 -0.003745 
9.600000 	 -0.020901 
9.620000 	 -0.078732 
9.640000 	 0.005623 
9.660000 	 -0.087959 
9.680000 	 0.100817 
9.700000 	 -0.091235 
9.720000 	 0.200000 
9.740000 	 0.124503 
9.760000 	 0.399109 
9.780000 	 0.124454 
9.800000 	 0.119354 
9.820000 	 -0.074154 
9.840000 	 0.196237 
9.860000 	 -0.075936 
9.880000 	 0.060958 
9.900000 	 0.064754 
9.920000 	 -0.185125 
9.940000 	 0.216402 
9.960000 	 -0.146864 
9.980000 	 0.262293 
10.000000 	 -0.102800 
10.020000 	 0.005261 
10.040000 	 -0.219795 
10.060000 	 0.143319 
10.080000 	 -0.149412 
10.100000 	 0.188673 
10.120000 	 -0.159049 
10.140000 	 -0.006456 
10.160000 	 0.108010 
10.180000 	 -0.017058 
10.200000 	 0.205858 
10.220000 	 0.043036 
10.240000 	 0.320609 
10.260000 	 0.061761 
10.280000 	 0.079975 
10.300000 	 -0.207442 
10.320000 	 0.231500 
10.340000 	 0.153627 
10.360000 	 -0.020820 
10.380000 	 0.124886 
10.400000 	 0.106901 
10.420000 	 -0.184758 
10.440000 	 -0.012277 
10.460000 	 0.017736 
10.480000 	 0.314314 
10.500000 	 -0.181969 
10.520000 	 0.214619 
10.540000 	 0.096945 
10.560000 	 -0.043517 
10.580000 	 0.009465 
10.600000 	 0.352367 
10.620000 	 -0.178480 
10.640000 	 0.018880 
10.660000 	 0.030549 
10.680000 	 0.062623 
10.700000 	 0.005682 
10.720000 	 0.020854 
10.740000 	 0.089062 
10.760000 	 0.174042 
10.780000 	 -0.262503 
10.800000 	 -0.028421 
10.820000 	 0.043563 
10.840000 	 -0.072175 
10.860000 	 0.013410 
10.880000 	 -0.131070 
10.900000 	 -0.294256 
10.920000 	 -0.056704 
10.940000 	 -0.008581 
10.960000 	 -0.151896 
10.980000 	 -0.137698 
11.000000 	 0.060355 
11.020000 	 0.020390 
11.040000 	 0.122372 
11.060000 	 0.141284 
11.080000 	 -0.047436 
11.100000 	 -0.087377 
11.120000 	 0.213607 
11.140000 	 -0.056397 
11.160000 	 0.073990 
11.180000 	 0.117790 
11.200000 	 -0.058501 
11.220000 	 -0.164172 
11.240000 	 0.040744 
11.260000 	 0.142449 
11.280000 	 -0.093183 
11.300000 	 0.007897 
11.320000 	 -0.180554 
11.340000 	 -0.171036 
11.360000 	 -0.013222 
11.380000 	 0.252995 
11.400000 	 -0.003646 
11.420000 	 -0.206877 
11.440000 	 -0.090848 
11.460000 	 0.215633 
11.480000 	 -0.280111 
11.500000 	 -0.195781 
11.520000 	 0.020117 
11.540000 	 -0.228663 
11.560000 	 0.077633 
11.580000 	 -0.210313 
11.600000 	 0.055208 
11.620000 	 0.055794 
11.640000 	 0.129870 
11.660000 	 0.148666 
11.680000 	 0.054884 
11.700000 	 0.058602 
11.720000 	 0.003379 
11.740000 	 -0.011621 
11.760000 	 -0.316792 
11.780000 	 -0.183088 
11.800000 	 0.053666 
11.820000 	 0.000365 
11.840000 	 -0.052226 
11.860000 	 0.081923 
11.880000 	 0.016975 
11.900000 	 -0.124930 
11.920000 	 0.230732 
11.940000 	 0.067530 
11.960000 	 -0.087503 
11.980000 	 -0.028566 
12.000000 	 0.174226 
12.020000 	 0.081517 
12.040000 	 -0.140915 
12.060000 	 0.072709 
12.080000 	 -0.037994 
12.100000 	 0.015632 
12.120000 	 0.109849 
12.140000 	 -0.018163 
12.160000 	 -0.315003 
12.180000 	 0.015869 
12.200000 	 0.004042 
12.220000 	 0.114276 
12.240000 	 -0.192736 
12.260000 	 0.307705 
12.280000 	 -0.038343 
12.300000 	 0.065517 
12.320000 	 -0.335297 
12.340000 	 -0.151015 
12.360000 	 -0.126183 
12.380000 	 0.017864 
12.400000 	 -0.020993 
12.420000 	 0.141871 
12.440000 	 -0.108685 
12.460000 	 0.110353 
12.480000 	 0.045761 
12.500000 	 -0.110210 
12.520000 	 -0.036904 
12.540000 	 0.201559 
12.560000 	 -0.119868 
12.580000 	 -0.012092 
12.600000 	 0.287646 
12.620000 	 0.034779 
12.640000 	 -0.112047 
12.660000 	 -0.012710 
12.680000 	 0.038157 
12.700000 	 -0.185311 
12.720000 	 0.198502 
12.740000 	 -0.007519 
12.760000 	 -0.108309 
12.780000 	 -0.044933 
12.800000 	 0.264055 
12.820000 	 0.197588 
12.840000 	 0.230490 
12.860000 	 -0.022046 
12.880000 	 0.119667 
12.900000 	 -0.001431 
12.920000 	 -0.217820 
12.940000 	 0.164306 
12.960000 	 -0.100123 
12.980000 	 0.205938 
13.000000 	 0.026764 
13.020000 	 0.256257 
13.040000 	 0.151571 
13.060000 	 -0.213615 
13.080000 	 -0.023531 
13.100000 	 -0.021596 
13.120000 	 -0.169143 
13.140000 	 -0.107467 
13.160000 	 -0.234928 
13.180000 	 -0.120777 
13.200000 	 0.296561 
13.220000 	 0.069976 
13.240000 	 0.092805 
13.260000 	 0.075311 
13.280000 	 0.001487 
13.300000 	 -0.146420 
13.320000 	 0.097819 
13.340000 	 0.062966 
13.360000 	 -0.117082 
13.380000 	 0.010744 
13.400000 	 0.054687 
13.420000 	 -0.082666 
13.440000 	 -0.077835 
13.460000 	 -0.207529 
13.480000 	 0.337668 
13.500000 	 -0.161210 
13.520000 	 0.174197 
13.540000 	 -0.158548 
13.560000 	 0.135344 
13.580000 	 0.102079 
13.600000 	 -0.038125 
13.620000 	 -0.274053 
13.640000 	 0.100977 
13.660000 	 0.185312 
13.680000 	 -0.008426 
13.700000 	 -0.175790 
13.720000 	 -0.099600 
13.740000 	 0.055306 
13.760000 	 -0.015320 
13.780000 	 -0.259153 
13.800000 	 0.056009 
13.820000 	 -0.248862 
13.840000 	 -0.078551 
13.860000 	 0.001118 
13.880000 	 -0.160727 
13.900000 	 0.126267 
13.920000 	 -0.136015 
13.940000 	 0.119996 
13.960000 	 -0.240976 
13.980000 	 0.022443 
14.000000 	 0.108692 
14.020000 	 -0.200034 
14.040000 	 0.053707 
14.060000 	 -0.062979 
14.080000 	 -0.137416 
14.100000 	 -0.008130 
14.120000 	 0.103278 
14.140000 	 0.125972 
14.160000 	 0.250409 
14.180000 	 -0.010165 
14.200000 	 -0.235541 
14.220000 	 -0.057954 
14.240000 	 0.079781 
14.260000 	 0.066622 
14.280000 	 -0.026504 
14.300000 	 0.136325 
14.320000 	 0.252626 
14.340000 	 -0.100184 
14.360000 	 -0.003211 
14.380000 	 -0.054641 
14.400000 	 0.178223 
14.420000 	 0.176044 
14.440000 	 -0.139429 
14.460000 	 -0.139823 
14.480000 	 0.111938 
14.500000 	 -0.170977 
14.520000 	 -0.022240 
14.540000 	 0.133195 
14.560000 	 0.108880 
14.580000 	 0.067367 
14.600000 	 -0.167974 
14.620000 	 -0.085748 
14.640000 	 0.059064 
14.660000 	 -0.085854 
14.680000 	 -0.025802 
14.700000 	 0.072540 
14.720000 	 -0.239877 
14.740000 	 -0.087320 
14.760000 	 -0.086120 
14.780000 	 -0.154739 
14.800000 	 -0.176311 
14.820000 	 -0.116211 
14.840000 	 -0.224534 
14.860000 	 -0.107184 
14.880000 	 0.156009 
14.900000 	 -0.225853 
14.920000 	 0.149352 
14.940000 	 -0.031141 
14.960000 	 0.012723 
14.980000 	 -0.008273 
15.000000 	 0.128506 
