-15.000000 	 -0.024276 
-14.980000 	 0.106908 
-14.960000 	 -0.181838 
-14.940000 	 -0.162497 
-14.920000 	 -0.038660 
-14.900000 	 0.245216 
-14.880000 	 0.063207 
-14.860000 	 0.156785 
-14.840000 	 0.103872 
-14.820000 	 0.090358 
-14.800000 	 0.051315 
-14.780000 	 0.033741 
-14.760000 	 0.320764 
-14.740000 	 0.078975 
-14.720000 	 0.187084 
-14.700000 	 -0.286164 
-14.680000 	 0.118008 
-14.660000 	 0.029230 
-14.640000 	 -0.089295 
-14.620000 	 0.023472 
-14.600000 	 -0.020133 
-14.580000 	 0.081411 
-14.560000 	 0.202341 
-14.540000 	 0.004958 
-14.520000 	 0.066951 
-14.500000 	 -0.272724 
-14.480000 	 0.103866 
-14.460000 	 -0.212334 
-14.440000 	 0.063641 
-14.420000 	 0.060843 
-14.400000 	 0.042992 
-14.380000 	 0.398304 
-14.360000 	 -0.053502 
-14.340000 	 0.060175 
-14.320000 	 0.212366 
-14.300000 	 -0.067588 
-14.280000 	 0.009832 
-14.260000 	 -0.042238 
-14.240000 	 0.247024 
-14.220000 	 -0.058143 
-14.200000 	 0.268954 
-14.180000 	 0.190741 
-14.160000 	 0.243959 
-14.140000 	 -0.142725 
-14.120000 	 0.020784 
-14.100000 	 -0.059258 
-14.080000 	 -0.246158 
-14.060000 	 0.079616 
-14.040000 	 0.160631 
-14.020000 	 -0.271407 
-14.000000 	 0.008245 
-13.980000 	 0.064547 
-13.960000 	 0.067515 
-13.940000 	 0.092673 
-13.920000 	 0.228986 
-13.900000 	 0.056389 
-13.880000 	 -0.044969 
-13.860000 	 -0.009684 
-13.840000 	 0.137451 
-13.820000 	 -0.174184 
-13.800000 	 -0.085377 
-13.780000 	 -0.312225 
-13.760000 	 0.128384 
-13.740000 	 0.013784 
-13.720000 	 0.160739 
-13.700000 	 0.040238 
-13.680000 	 0.024992 
-13.660000 	 -0.057940 
-13.640000 	 -0.207791 
-13.620000 	 0.326945 
-13.600000 	 0.097917 
-13.580000 	 0.114061 
-13.560000 	 0.029159 
-13.540000 	 0.134161 
-13.520000 	 -0.045359 
-13.500000 	 0.096679 
-13.480000 	 0.017540 
-13.460000 	 -0.014893 
-13.440000 	 0.035236 
-13.420000 	 0.080144 
-13.400000 	 0.158287 
-13.380000 	 -0.226220 
-13.360000 	 0.021687 
-13.340000 	 -0.077644 
-13.320000 	 -0.057251 
-13.300000 	 0.005355 
-13.280000 	 0.078567 
-13.260000 	 -0.120821 
-13.240000 	 -0.090940 
-13.220000 	 0.059993 
-13.200000 	 -0.158532 
-13.180000 	 0.015346 
-13.160000 	 -0.006617 
-13.140000 	 -0.006405 
-13.120000 	 -0.044016 
-13.100000 	 -0.120752 
-13.080000 	 0.019342 
-13.060000 	 0.237397 
-13.040000 	 -0.227723 
-13.020000 	 -0.205894 
-13.000000 	 -0.132705 
-12.980000 	 0.089212 
-12.960000 	 0.138691 
-12.940000 	 -0.138894 
-12.920000 	 0.146667 
-12.900000 	 -0.188340 
-12.880000 	 -0.011684 
-12.860000 	 -0.061530 
-12.840000 	 -0.295951 
-12.820000 	 -0.109220 
-12.800000 	 0.350089 
-12.780000 	 -0.124737 
-12.760000 	 0.224263 
-12.740000 	 0.083614 
-12.720000 	 0.146402 
-12.700000 	 -0.303531 
-12.680000 	 -0.291124 
-12.660000 	 0.042779 
-12.640000 	 0.028124 
-12.620000 	 0.053064 
-12.600000 	 -0.215931 
-12.580000 	 -0.137242 
-12.560000 	 0.037704 
-12.540000 	 0.099077 
-12.520000 	 -0.160505 
-12.500000 	 -0.152537 
-12.480000 	 0.121055 
-12.460000 	 -0.167046 
-12.440000 	 -0.267952 
-12.420000 	 -0.008792 
-12.400000 	 -0.009903 
-12.380000 	 -0.014462 
-12.360000 	 -0.135482 
-12.340000 	 0.129506 
-12.320000 	 0.145403 
-12.300000 	 -0.049280 
-12.280000 	 0.078398 
-12.260000 	 -0.024426 
-12.240000 	 0.161034 
-12.220000 	 -0.166928 
-12.200000 	 0.192989 
-12.180000 	 -0.086760 
-12.160000 	 -0.004134 
-12.140000 	 -0.228089 
-12.120000 	 0.338326 
-12.100000 	 -0.225783 
-12.080000 	 -0.047427 
-12.060000 	 0.084721 
-12.040000 	 -0.154444 
-12.020000 	 0.092435 
-12.000000 	 0.061223 
-11.980000 	 0.014288 
-11.960000 	 0.033704 
-11.940000 	 -0.105121 
-11.920000 	 -0.147417 
-11.900000 	 0.145376 
-11.880000 	 0.063200 
-11.860000 	 0.132523 
-11.840000 	 -0.202007 
-11.820000 	 -0.006607 
-11.800000 	 0.199890 
-11.780000 	 0.282042 
-11.760000 	 0.041552 
-11.740000 	 0.018539 
-11.720000 	 0.189651 
-11.700000 	 0.127509 
-11.680000 	 -0.079162 
-11.660000 	 0.308641 
-11.640000 	 -0.036568 
-11.620000 	 -0.245823 
-11.600000 	 -0.017453 
-11.580000 	 -0.282826 
-11.560000 	 0.081672 
-11.540000 	 0.190835 
-11.520000 	 0.031820 
-11.500000 	 -0.198127 
-11.480000 	 -0.112923 
-11.460000 	 0.042275 
-11.440000 	 0.164669 
-11.420000 	 0.035780 
-11.400000 	 0.094289 
-11.380000 	 -0.074926 
-11.360000 	 -0.138044 
-11.340000 	 -0.000758 
-11.320000 	 0.388703 
-11.300000 	 -0.259089 
-11.280000 	 -0.288227 
-11.260000 	 0.078421 
-11.240000 	 0.062416 
-11.220000 	 -0.189906 
-11.200000 	 -0.030272 
-11.180000 	 -0.157184 
-11.160000 	 -0.148310 
-11.140000 	 0.142271 
-11.120000 	 0.024810 
-11.100000 	 -0.104400 
-11.080000 	 -0.064613 
-11.060000 	 0.149304 
-11.040000 	 0.065896 
-11.020000 	 -0.057404 
-11.000000 	 0.204493 
-10.980000 	 -0.008148 
-10.960000 	 -0.122376 
-10.940000 	 0.115405 
-10.920000 	 0.095783 
-10.900000 	 -0.141687 
-10.880000 	 -0.239947 
-10.860000 	 0.317291 
-10.840000 	 -0.182818 
-10.820000 	 0.048351 
-10.800000 	 0.008377 
-10.780000 	 0.098901 
-10.760000 	 0.199258 
-10.740000 	 -0.050615 
-10.720000 	 0.198838 
-10.700000 	 0.052678 
-10.680000 	 -0.117310 
-10.660000 	 0.077009 
-10.640000 	 -0.182088 
-10.620000 	 0.292706 
-10.600000 	 -0.054866 
-10.580000 	 0.181120 
-10.560000 	 -0.309831 
-10.540000 	 0.012397 
-10.520000 	 0.097962 
-10.500000 	 -0.218880 
-10.480000 	 0.256175 
-10.460000 	 0.301310 
-10.440000 	 -0.039501 
-10.420000 	 0.125394 
-10.400000 	 -0.231502 
-10.380000 	 0.146088 
-10.360000 	 -0.016955 
-10.340000 	 -0.057017 
-10.320000 	 -0.029779 
-10.300000 	 0.210961 
-10.280000 	 -0.014532 
-10.260000 	 -0.104826 
-10.240000 	 0.057095 
-10.220000 	 0.058814 
-10.200000 	 -0.010510 
-10.180000 	 -0.023795 
-10.160000 	 -0.119137 
-10.140000 	 0.286592 
-10.120000 	 0.054659 
-10.100000 	 -0.020343 
-10.080000 	 0.085883 
-10.060000 	 -0.074940 
-10.040000 	 -0.366041 
-10.020000 	 -0.114701 
-10.000000 	 -0.069323 
-9.980000 	 -0.109821 
-9.960000 	 0.100689 
-9.940000 	 -0.057647 
-9.920000 	 0.073308 
-9.900000 	 -0.149298 
-9.880000 	 0.125582 
-9.860000 	 -0.011971 
-9.840000 	 -0.044176 
-9.820000 	 -0.227150 
-9.800000 	 -0.073649 
-9.780000 	 0.099480 
-9.760000 	 -0.171201 
-9.740000 	 -0.135348 
-9.720000 	 -0.081508 
-9.700000 	 0.029341 
-9.680000 	 -0.102899 
-9.660000 	 -0.100384 
-9.640000 	 0.239337 
-9.620000 	 -0.117170 
-9.600000 	 0.177315 
-9.580000 	 0.180579 
-9.560000 	 -0.008282 
-9.540000 	 0.027873 
-9.520000 	 -0.177606 
-9.500000 	 0.345707 
-9.480000 	 0.109420 
-9.460000 	 -0.287367 
-9.440000 	 -0.075877 
-9.420000 	 0.230203 
-9.400000 	 0.303558 
-9.380000 	 0.080055 
-9.360000 	 0.186329 
-9.340000 	 -0.147405 
-9.320000 	 -0.182285 
-9.300000 	 0.031271 
-9.280000 	 0.094665 
-9.260000 	 -0.176571 
-9.240000 	 -0.148211 
-9.220000 	 -0.182537 
-9.200000 	 -0.035151 
-9.180000 	 0.115822 
-9.160000 	 0.196822 
-9.140000 	 0.020949 
-9.120000 	 0.064251 
-9.100000 	 -0.210459 
-9.080000 	 0.086884 
-9.060000 	 0.264556 
-9.040000 	 -0.187825 
-9.020000 	 -0.044329 
-9.000000 	 -0.037018 
-8.980000 	 -0.067420 
-8.960000 	 0.346370 
-8.940000 	 0.139870 
-8.920000 	 0.217841 
-8.900000 	 -0.116767 
-8.880000 	 0.083357 
-8.860000 	 0.059202 
-8.840000 	 -0.147343 
-8.820000 	 -0.148700 
-8.800000 	 -0.014663 
-8.780000 	 -0.064965 
-8.760000 	 0.146030 
-8.740000 	 -0.005199 
-8.720000 	 0.046260 
-8.700000 	 -0.153509 
-8.680000 	 0.045399 
-8.660000 	 -0.064461 
-8.640000 	 0.034877 
-8.620000 	 0.255029 
-8.600000 	 0.045221 
-8.580000 	 -0.047846 
-8.560000 	 -0.063801 
-8.540000 	 0.019383 
-8.520000 	 0.134043 
-8.500000 	 0.027260 
-8.480000 	 -0.283832 
-8.460000 	 0.103753 
-8.440000 	 0.269547 
-8.420000 	 0.047566 
-8.400000 	 0.008201 
-8.380000 	 0.048145 
-8.360000 	 0.120727 
-8.340000 	 0.028009 
-8.320000 	 -0.073287 
-8.300000 	 0.072854 
-8.280000 	 0.318799 
-8.260000 	 -0.009517 
-8.240000 	 -0.284979 
-8.220000 	 -0.000475 
-8.200000 	 -0.317760 
-8.180000 	 0.097922 
-8.160000 	 -0.067985 
-8.140000 	 -0.324889 
-8.120000 	 0.089822 
-8.100000 	 0.048076 
-8.080000 	 0.125781 
-8.060000 	 -0.078499 
-8.040000 	 0.034225 
-8.020000 	 0.138530 
-8.000000 	 0.182387 
-7.980000 	 0.020132 
-7.960000 	 0.078339 
-7.940000 	 0.040396 
-7.920000 	 -0.186092 
-7.900000 	 0.084727 
-7.880000 	 0.055343 
-7.860000 	 -0.287044 
-7.840000 	 0.319834 
-7.820000 	 0.058675 
-7.800000 	 -0.131761 
-7.780000 	 -0.055663 
-7.760000 	 0.077113 
-7.740000 	 0.326588 
-7.720000 	 0.214248 
-7.700000 	 -0.124644 
-7.680000 	 -0.086885 
-7.660000 	 0.347930 
-7.640000 	 0.019366 
-7.620000 	 0.149736 
-7.600000 	 -0.182615 
-7.580000 	 -0.215424 
-7.560000 	 0.078163 
-7.540000 	 -0.116708 
-7.520000 	 0.026895 
-7.500000 	 -0.011734 
-7.480000 	 0.078255 
-7.460000 	 0.261381 
-7.440000 	 -0.001065 
-7.420000 	 -0.130956 
-7.400000 	 0.071560 
-7.380000 	 -0.142817 
-7.360000 	 -0.111943 
-7.340000 	 0.163299 
-7.320000 	 0.122223 
-7.300000 	 0.045653 
-7.280000 	 -0.002158 
-7.260000 	 0.274567 
-7.240000 	 -0.127888 
-7.220000 	 0.079609 
-7.200000 	 -0.238618 
-7.180000 	 0.074877 
-7.160000 	 0.007883 
-7.140000 	 0.197874 
-7.120000 	 -0.064521 
-7.100000 	 0.032717 
-7.080000 	 0.036335 
-7.060000 	 -0.082061 
-7.040000 	 -0.158999 
-7.020000 	 0.251934 
-7.000000 	 -0.333220 
-6.980000 	 0.031439 
-6.960000 	 0.212822 
-6.940000 	 -0.218037 
-6.920000 	 -0.098282 
-6.900000 	 -0.098369 
-6.880000 	 0.108931 
-6.860000 	 0.391983 
-6.840000 	 -0.137490 
-6.820000 	 0.281030 
-6.800000 	 0.287121 
-6.780000 	 0.203110 
-6.760000 	 0.179650 
-6.740000 	 0.175158 
-6.720000 	 -0.038877 
-6.700000 	 0.173577 
-6.680000 	 0.082225 
-6.660000 	 -0.063620 
-6.640000 	 0.005900 
-6.620000 	 0.257511 
-6.600000 	 0.199506 
-6.580000 	 -0.110867 
-6.560000 	 0.149739 
-6.540000 	 0.152017 
-6.520000 	 0.077504 
-6.500000 	 0.136889 
-6.480000 	 0.313872 
-6.460000 	 -0.022677 
-6.440000 	 0.109595 
-6.420000 	 0.107348 
-6.400000 	 0.230071 
-6.380000 	 -0.300000 
-6.360000 	 -0.015101 
-6.340000 	 0.010487 
-6.320000 	 0.263299 
-6.300000 	 0.081657 
-6.280000 	 0.292804 
-6.260000 	 0.344977 
-6.240000 	 0.330534 
-6.220000 	 0.185931 
-6.200000 	 0.379680 
-6.180000 	 0.391576 
-6.160000 	 0.080821 
-6.140000 	 0.290641 
-6.120000 	 0.248567 
-6.100000 	 0.231091 
-6.080000 	 0.164140 
-6.060000 	 0.197190 
-6.040000 	 0.253939 
-6.020000 	 0.075982 
-6.000000 	 0.211977 
-5.980000 	 0.320017 
-5.960000 	 0.112434 
-5.940000 	 0.179093 
-5.920000 	 0.314821 
-5.900000 	 0.054512 
-5.880000 	 0.484147 
-5.860000 	 0.239450 
-5.840000 	 0.140752 
-5.820000 	 0.273383 
-5.800000 	 0.271554 
-5.780000 	 0.334130 
-5.760000 	 0.274915 
-5.740000 	 0.457196 
-5.720000 	 0.329897 
-5.700000 	 0.316726 
-5.680000 	 0.389620 
-5.660000 	 0.083479 
-5.640000 	 0.373071 
-5.620000 	 0.072613 
-5.600000 	 0.467454 
-5.580000 	 0.373977 
-5.560000 	 0.315193 
-5.540000 	 0.312221 
-5.520000 	 0.413688 
-5.500000 	 0.289732 
-5.480000 	 0.147018 
-5.460000 	 0.035916 
-5.440000 	 0.075241 
-5.420000 	 0.190914 
-5.400000 	 0.359426 
-5.380000 	 0.161883 
-5.360000 	 0.294241 
-5.340000 	 0.281968 
-5.320000 	 0.338717 
-5.300000 	 0.323987 
-5.280000 	 0.433066 
-5.260000 	 0.195264 
-5.240000 	 0.455121 
-5.220000 	 0.329632 
-5.200000 	 0.223944 
-5.180000 	 0.304586 
-5.160000 	 0.407204 
-5.140000 	 0.145970 
-5.120000 	 0.333706 
-5.100000 	 0.372104 
-5.080000 	 0.619607 
-5.060000 	 0.384676 
-5.040000 	 0.667952 
-5.020000 	 0.558280 
-5.000000 	 0.493383 
-4.980000 	 0.298243 
-4.960000 	 0.196831 
-4.940000 	 0.477970 
-4.920000 	 0.295490 
-4.900000 	 0.785866 
-4.880000 	 0.435183 
-4.860000 	 0.665945 
-4.840000 	 0.463122 
-4.820000 	 0.185442 
-4.800000 	 0.455735 
-4.780000 	 0.624395 
-4.760000 	 0.226623 
-4.740000 	 0.306292 
-4.720000 	 0.606791 
-4.700000 	 0.708642 
-4.680000 	 0.207173 
-4.660000 	 0.182001 
-4.640000 	 0.448589 
-4.620000 	 0.656605 
-4.600000 	 0.167905 
-4.580000 	 0.367960 
-4.560000 	 0.363131 
-4.540000 	 0.413832 
-4.520000 	 0.554982 
-4.500000 	 0.091757 
-4.480000 	 0.561976 
-4.460000 	 0.287114 
-4.440000 	 0.500511 
-4.420000 	 0.568318 
-4.400000 	 0.635567 
-4.380000 	 0.389698 
-4.360000 	 0.491658 
-4.340000 	 0.597373 
-4.320000 	 0.566577 
-4.300000 	 0.207526 
-4.280000 	 0.640252 
-4.260000 	 0.659926 
-4.240000 	 0.637156 
-4.220000 	 0.204510 
-4.200000 	 0.524420 
-4.180000 	 0.744158 
-4.160000 	 0.547726 
-4.140000 	 0.362059 
-4.120000 	 0.495042 
-4.100000 	 0.518007 
-4.080000 	 0.709696 
-4.060000 	 0.546009 
-4.040000 	 0.712885 
-4.020000 	 0.580572 
-4.000000 	 0.583407 
-3.980000 	 0.670851 
-3.960000 	 0.767341 
-3.940000 	 0.486065 
-3.920000 	 0.547058 
-3.900000 	 0.601752 
-3.880000 	 0.672267 
-3.860000 	 0.844110 
-3.840000 	 0.417624 
-3.820000 	 0.490954 
-3.800000 	 0.453681 
-3.780000 	 0.456034 
-3.760000 	 0.609738 
-3.740000 	 0.223699 
-3.720000 	 0.558038 
-3.700000 	 0.888896 
-3.680000 	 0.785898 
-3.660000 	 0.569931 
-3.640000 	 0.268934 
-3.620000 	 0.304861 
-3.600000 	 0.560506 
-3.580000 	 0.663297 
-3.560000 	 0.595042 
-3.540000 	 0.695494 
-3.520000 	 0.389581 
-3.500000 	 0.426070 
-3.480000 	 0.352709 
-3.460000 	 0.410784 
-3.440000 	 0.225470 
-3.420000 	 0.617896 
-3.400000 	 0.453959 
-3.380000 	 0.527919 
-3.360000 	 0.338141 
-3.340000 	 0.500300 
-3.320000 	 0.222446 
-3.300000 	 0.486264 
-3.280000 	 0.514097 
-3.260000 	 0.546736 
-3.240000 	 0.102645 
-3.220000 	 0.171570 
-3.200000 	 0.349159 
-3.180000 	 0.401422 
-3.160000 	 0.384849 
-3.140000 	 0.085085 
-3.120000 	 0.329165 
-3.100000 	 0.662208 
-3.080000 	 0.398845 
-3.060000 	 0.525378 
-3.040000 	 0.414996 
-3.020000 	 0.380729 
-3.000000 	 0.650631 
-2.980000 	 0.234143 
-2.960000 	 0.358906 
-2.940000 	 0.493530 
-2.920000 	 0.528019 
-2.900000 	 0.498289 
-2.880000 	 0.354846 
-2.860000 	 0.435327 
-2.840000 	 0.513895 
-2.820000 	 0.174637 
-2.800000 	 0.290787 
-2.780000 	 0.152594 
-2.760000 	 0.458546 
-2.740000 	 0.328626 
-2.720000 	 0.382388 
-2.700000 	 0.201310 
-2.680000 	 0.371140 
-2.660000 	 0.492514 
-2.640000 	 0.417614 
-2.620000 	 0.428845 
-2.600000 	 0.306689 
-2.580000 	 0.296294 
-2.560000 	 0.260215 
-2.540000 	 0.400337 
-2.520000 	 0.163645 
-2.500000 	 0.559043 
-2.480000 	 0.563983 
-2.460000 	 0.260686 
-2.440000 	 0.261384 
-2.420000 	 0.283293 
-2.400000 	 0.221959 
-2.380000 	 0.557753 
-2.360000 	 0.114927 
-2.340000 	 0.510076 
-2.320000 	 0.343874 
-2.300000 	 0.152928 
-2.280000 	 0.235290 
-2.260000 	 0.203451 
-2.240000 	 0.233976 
-2.220000 	 0.167645 
-2.200000 	 0.208386 
-2.180000 	 0.181300 
-2.160000 	 0.236472 
-2.140000 	 0.096619 
-2.120000 	 0.200382 
-2.100000 	 0.430159 
-2.080000 	 0.410359 
-2.060000 	 0.256196 
-2.040000 	 -0.046764 
-2.020000 	 0.343447 
-2.000000 	 0.322737 
-1.980000 	 0.208756 
-1.960000 	 0.035117 
-1.940000 	 0.089895 
-1.920000 	 0.029225 
-1.900000 	 0.319284 
-1.880000 	 0.186760 
-1.860000 	 0.083449 
-1.840000 	 0.274643 
-1.820000 	 0.035407 
-1.800000 	 0.347220 
-1.780000 	 0.131256 
-1.760000 	 0.083003 
-1.740000 	 0.342011 
-1.720000 	 0.095184 
-1.700000 	 -0.020977 
-1.680000 	 0.254751 
-1.660000 	 0.158226 
-1.640000 	 0.110378 
-1.620000 	 -0.036237 
-1.600000 	 0.134760 
-1.580000 	 -0.269780 
-1.560000 	 0.450370 
-1.540000 	 0.249277 
-1.520000 	 -0.013506 
-1.500000 	 0.263688 
-1.480000 	 0.299341 
-1.460000 	 -0.083897 
-1.440000 	 0.018954 
-1.420000 	 0.017299 
-1.400000 	 0.086402 
-1.380000 	 0.312032 
-1.360000 	 0.123167 
-1.340000 	 0.176470 
-1.320000 	 0.149663 
-1.300000 	 0.050699 
-1.280000 	 0.623420 
-1.260000 	 0.170328 
-1.240000 	 0.186986 
-1.220000 	 0.259623 
-1.200000 	 0.007728 
-1.180000 	 0.160651 
-1.160000 	 0.130163 
-1.140000 	 0.016613 
-1.120000 	 0.061662 
-1.100000 	 0.228047 
-1.080000 	 -0.095849 
-1.060000 	 0.155555 
-1.040000 	 -0.167842 
-1.020000 	 0.055534 
-1.000000 	 0.154422 
-0.980000 	 0.283120 
-0.960000 	 0.052200 
-0.940000 	 0.347932 
-0.920000 	 0.033596 
-0.900000 	 0.051893 
-0.880000 	 0.321942 
-0.860000 	 0.211842 
-0.840000 	 0.135444 
-0.820000 	 0.123034 
-0.800000 	 0.330988 
-0.780000 	 0.321851 
-0.760000 	 0.388553 
-0.740000 	 0.180476 
-0.720000 	 0.148921 
-0.700000 	 0.088060 
-0.680000 	 0.158177 
-0.660000 	 0.141565 
-0.640000 	 -0.051845 
-0.620000 	 -0.097684 
-0.600000 	 0.277682 
-0.580000 	 0.155606 
-0.560000 	 -0.052191 
-0.540000 	 0.139807 
-0.520000 	 0.239198 
-0.500000 	 0.385151 
-0.480000 	 0.074662 
-0.460000 	 0.169062 
-0.440000 	 0.307223 
-0.420000 	 0.201614 
-0.400000 	 0.213625 
-0.380000 	 0.166814 
-0.360000 	 0.198213 
-0.340000 	 0.267432 
-0.320000 	 0.349647 
-0.300000 	 0.095747 
-0.280000 	 0.198225 
-0.260000 	 0.029668 
-0.240000 	 0.169019 
-0.220000 	 0.276470 
-0.200000 	 0.272754 
-0.180000 	 0.136404 
-0.160000 	 0.404881 
-0.140000 	 0.009040 
-0.120000 	 0.312268 
-0.100000 	 0.443908 
-0.080000 	 0.245372 
-0.060000 	 0.385469 
-0.040000 	 0.117003 
-0.020000 	 0.257820 
0.000000 	 0.292727 
0.020000 	 0.272089 
0.040000 	 0.248412 
0.060000 	 0.019106 
0.080000 	 -0.134423 
0.100000 	 0.084313 
0.120000 	 0.263289 
0.140000 	 0.428786 
0.160000 	 0.026749 
0.180000 	 0.137255 
0.200000 	 0.269993 
0.220000 	 0.298346 
0.240000 	 0.148783 
0.260000 	 0.079529 
0.280000 	 0.326616 
0.300000 	 0.418750 
0.320000 	 0.021972 
0.340000 	 0.249287 
0.360000 	 0.303577 
0.380000 	 0.415066 
0.400000 	 0.461251 
0.420000 	 0.109028 
0.440000 	 0.192038 
0.460000 	 0.035400 
0.480000 	 0.205208 
0.500000 	 0.284178 
0.520000 	 0.310735 
0.540000 	 0.411140 
0.560000 	 0.387800 
0.580000 	 0.479426 
0.600000 	 0.347443 
0.620000 	 0.697053 
0.640000 	 0.288161 
0.660000 	 0.090854 
0.680000 	 0.181311 
0.700000 	 0.379925 
0.720000 	 0.427857 
0.740000 	 0.293876 
0.760000 	 0.350958 
0.780000 	 0.549201 
0.800000 	 0.378683 
0.820000 	 0.279680 
0.840000 	 0.764317 
0.860000 	 0.710317 
0.880000 	 0.533989 
0.900000 	 0.487903 
0.920000 	 0.458051 
0.940000 	 0.653404 
0.960000 	 0.647604 
0.980000 	 0.513515 
1.000000 	 0.457887 
1.020000 	 0.349950 
1.040000 	 0.569381 
1.060000 	 0.650204 
1.080000 	 0.608328 
1.100000 	 0.361278 
1.120000 	 0.426322 
1.140000 	 0.379942 
1.160000 	 0.565545 
1.180000 	 0.518331 
1.200000 	 0.720691 
1.220000 	 0.520621 
1.240000 	 0.536662 
1.260000 	 0.710563 
1.280000 	 0.548307 
1.300000 	 0.657634 
1.320000 	 0.690930 
1.340000 	 0.648262 
1.360000 	 0.515964 
1.380000 	 0.525640 
1.400000 	 0.233055 
1.420000 	 0.707527 
1.440000 	 1.018401 
1.460000 	 0.697571 
1.480000 	 0.793835 
1.500000 	 0.987690 
1.520000 	 0.796910 
1.540000 	 0.848378 
1.560000 	 0.787282 
1.580000 	 0.685001 
1.600000 	 0.844435 
1.620000 	 0.833298 
1.640000 	 0.743147 
1.660000 	 0.719456 
1.680000 	 0.825016 
1.700000 	 0.822810 
1.720000 	 0.590083 
1.740000 	 0.904614 
1.760000 	 0.806868 
1.780000 	 0.984032 
1.800000 	 0.864345 
1.820000 	 0.795187 
1.840000 	 0.913031 
1.860000 	 0.762761 
1.880000 	 1.125082 
1.900000 	 0.902432 
1.920000 	 0.855790 
1.940000 	 0.953900 
1.960000 	 1.060180 
1.980000 	 1.094161 
2.000000 	 1.018330 
2.020000 	 1.016915 
2.040000 	 0.713068 
2.060000 	 1.199488 
2.080000 	 0.841684 
2.100000 	 0.838228 
2.120000 	 1.317277 
2.140000 	 0.951799 
2.160000 	 0.647933 
2.180000 	 1.014274 
2.200000 	 0.997258 
2.220000 	 1.171963 
2.240000 	 1.094140 
2.260000 	 0.960080 
2.280000 	 1.168691 
2.300000 	 1.142611 
2.320000 	 1.312528 
2.340000 	 0.982213 
2.360000 	 1.025601 
2.380000 	 1.102730 
2.400000 	 1.388938 
2.420000 	 1.129840 
2.440000 	 1.025676 
2.460000 	 1.437837 
2.480000 	 1.322927 
2.500000 	 1.422144 
2.520000 	 0.987780 
2.540000 	 1.218031 
2.560000 	 1.378803 
2.580000 	 1.438981 
2.600000 	 1.415654 
2.620000 	 1.379501 
2.640000 	 1.489195 
2.660000 	 1.339163 
2.680000 	 1.345232 
2.700000 	 1.235058 
2.720000 	 1.078443 
2.740000 	 1.361647 
2.760000 	 1.333966 
2.780000 	 1.236582 
2.800000 	 1.511264 
2.820000 	 1.243037 
2.840000 	 1.594325 
2.860000 	 1.160691 
2.880000 	 1.457564 
2.900000 	 1.364878 
2.920000 	 1.255416 
2.940000 	 1.647237 
2.960000 	 1.220137 
2.980000 	 1.509242 
3.000000 	 1.579818 
3.020000 	 1.270881 
3.040000 	 1.691705 
3.060000 	 1.305567 
3.080000 	 1.801402 
3.100000 	 1.427805 
3.120000 	 1.261025 
3.140000 	 1.318513 
3.160000 	 1.334646 
3.180000 	 1.556780 
3.200000 	 1.469210 
3.220000 	 1.510947 
3.240000 	 1.619467 
3.260000 	 1.630063 
3.280000 	 1.468861 
3.300000 	 1.677925 
3.320000 	 1.577364 
3.340000 	 1.595422 
3.360000 	 1.591943 
3.380000 	 1.518795 
3.400000 	 1.544931 
3.420000 	 1.501726 
3.440000 	 1.668811 
3.460000 	 1.583330 
3.480000 	 1.390180 
3.500000 	 1.702854 
3.520000 	 1.543731 
3.540000 	 1.619988 
3.560000 	 1.840810 
3.580000 	 1.743153 
3.600000 	 1.640209 
3.620000 	 1.632343 
3.640000 	 1.703168 
3.660000 	 1.445364 
3.680000 	 1.245172 
3.700000 	 1.602382 
3.720000 	 1.745617 
3.740000 	 1.353851 
3.760000 	 1.742508 
3.780000 	 1.687911 
3.800000 	 1.804002 
3.820000 	 1.692483 
3.840000 	 1.748469 
3.860000 	 1.819730 
3.880000 	 1.576267 
3.900000 	 1.713822 
3.920000 	 1.577265 
3.940000 	 1.618742 
3.960000 	 1.539645 
3.980000 	 1.594129 
4.000000 	 1.594008 
4.020000 	 1.841239 
4.040000 	 1.508792 
4.060000 	 1.628822 
4.080000 	 1.791154 
4.100000 	 1.930949 
4.120000 	 1.557229 
4.140000 	 1.556803 
4.160000 	 1.735606 
4.180000 	 1.755494 
4.200000 	 1.367882 
4.220000 	 1.466235 
4.240000 	 1.563248 
4.260000 	 1.540317 
4.280000 	 1.399189 
4.300000 	 1.533515 
4.320000 	 1.673002 
4.340000 	 1.532617 
4.360000 	 1.687936 
4.380000 	 1.649012 
4.400000 	 1.400472 
4.420000 	 1.712299 
4.440000 	 1.761321 
4.460000 	 1.711376 
4.480000 	 1.344080 
4.500000 	 1.206704 
4.520000 	 1.469571 
4.540000 	 1.464889 
4.560000 	 1.464695 
4.580000 	 1.372227 
4.600000 	 1.623328 
4.620000 	 1.741547 
4.640000 	 1.467924 
4.660000 	 1.600303 
4.680000 	 1.463690 
4.700000 	 1.483126 
4.720000 	 1.341499 
4.740000 	 1.539552 
4.760000 	 1.392625 
4.780000 	 1.433087 
4.800000 	 1.499516 
4.820000 	 1.414972 
4.840000 	 1.421004 
4.860000 	 1.441141 
4.880000 	 1.302132 
4.900000 	 1.394107 
4.920000 	 1.149447 
4.940000 	 1.526823 
4.960000 	 1.613424 
4.980000 	 1.385417 
5.000000 	 1.439441 
5.020000 	 1.376937 
5.040000 	 1.213961 
5.060000 	 1.297868 
5.080000 	 1.215077 
5.100000 	 1.309251 
5.120000 	 1.463259 
5.140000 	 1.497328 
5.160000 	 1.404526 
5.180000 	 1.244976 
5.200000 	 1.200459 
5.220000 	 1.293775 
5.240000 	 1.192044 
5.260000 	 1.544071 
5.280000 	 1.133085 
5.300000 	 1.305045 
5.320000 	 1.046927 
5.340000 	 1.068159 
5.360000 	 1.132286 
5.380000 	 1.416554 
5.400000 	 1.232886 
5.420000 	 1.174463 
5.440000 	 0.794536 
5.460000 	 1.057142 
5.480000 	 1.254799 
5.500000 	 1.190494 
5.520000 	 1.282834 
5.540000 	 1.217158 
5.560000 	 1.339284 
5.580000 	 1.241020 
5.600000 	 1.276625 
5.620000 	 1.226833 
5.640000 	 0.817497 
5.660000 	 1.016629 
5.680000 	 1.072536 
5.700000 	 0.969253 
5.720000 	 0.958915 
5.740000 	 1.320814 
5.760000 	 1.053202 
5.780000 	 0.740791 
5.800000 	 1.380252 
5.820000 	 1.206540 
5.840000 	 1.023444 
5.860000 	 0.945281 
5.880000 	 0.981123 
5.900000 	 0.952516 
5.920000 	 0.875173 
5.940000 	 1.139835 
5.960000 	 1.017735 
5.980000 	 1.024266 
6.000000 	 1.004446 
6.020000 	 0.833232 
6.040000 	 0.975894 
6.060000 	 0.873994 
6.080000 	 0.973330 
6.100000 	 0.981891 
6.120000 	 0.861108 
6.140000 	 0.823881 
6.160000 	 0.748759 
6.180000 	 0.631039 
6.200000 	 1.056519 
6.220000 	 0.801203 
6.240000 	 0.800000 
6.260000 	 1.359961 
6.280000 	 0.954638 
6.300000 	 0.743362 
6.320000 	 0.772403 
6.340000 	 0.838731 
6.360000 	 0.665232 
6.380000 	 1.082731 
6.400000 	 0.604875 
6.420000 	 0.661202 
6.440000 	 0.833226 
6.460000 	 0.501427 
6.480000 	 0.659815 
6.500000 	 0.848266 
6.520000 	 0.598350 
6.540000 	 0.817896 
6.560000 	 0.583832 
6.580000 	 0.640708 
6.600000 	 0.794306 
6.620000 	 0.607467 
6.640000 	 0.828292 
6.660000 	 0.628563 
6.680000 	 0.611384 
6.700000 	 0.751968 
6.720000 	 0.417577 
6.740000 	 0.246434 
6.760000 	 0.734052 
6.780000 	 0.721594 
6.800000 	 0.520689 
6.820000 	 0.356777 
6.840000 	 0.749163 
6.860000 	 0.941710 
6.880000 	 0.604911 
6.900000 	 0.358151 
6.920000 	 0.539700 
6.940000 	 0.356207 
6.960000 	 0.477525 
6.980000 	 0.485155 
7.000000 	 0.398507 
7.020000 	 0.600764 
7.040000 	 0.535675 
7.060000 	 0.269295 
7.080000 	 0.519014 
7.100000 	 0.563051 
7.120000 	 0.416288 
7.140000 	 0.424846 
7.160000 	 0.303536 
7.180000 	 0.400574 
7.200000 	 0.585571 
7.220000 	 0.410984 
7.240000 	 0.587691 
7.260000 	 0.524964 
7.280000 	 0.323685 
7.300000 	 0.348858 
7.320000 	 0.610440 
7.340000 	 0.266706 
7.360000 	 0.336122 
7.380000 	 0.298755 
7.400000 	 0.410744 
7.420000 	 0.329307 
7.440000 	 0.336244 
7.460000 	 0.335190 
7.480000 	 0.390520 
7.500000 	 0.298043 
7.520000 	 0.433407 
7.540000 	 0.271869 
7.560000 	 0.411195 
7.580000 	 0.369527 
7.600000 	 -0.058597 
7.620000 	 0.202651 
7.640000 	 0.436949 
7.660000 	 0.345996 
7.680000 	 0.342521 
7.700000 	 0.599849 
7.720000 	 0.346518 
7.740000 	 0.291486 
7.760000 	 0.380936 
7.780000 	 0.111729 
7.800000 	 0.302114 
7.820000 	 0.344775 
7.840000 	 0.344735 
7.860000 	 0.019446 
7.880000 	 0.420388 
7.900000 	 0.417947 
7.920000 	 0.199232 
7.940000 	 0.430666 
7.960000 	 0.245558 
7.980000 	 0.388810 
8.000000 	 0.352148 
8.020000 	 0.222983 
8.040000 	 0.076907 
8.060000 	 0.102389 
8.080000 	 0.297533 
8.100000 	 -0.173161 
8.120000 	 0.268793 
8.140000 	 0.161106 
8.160000 	 0.366717 
8.180000 	 0.197283 
8.200000 	 0.307122 
8.220000 	 0.265489 
8.240000 	 0.126877 
8.260000 	 0.259529 
8.280000 	 0.092401 
8.300000 	 0.064888 
8.320000 	 0.099622 
8.340000 	 0.055421 
8.360000 	 0.098731 
8.380000 	 0.138383 
8.400000 	 0.003766 
8.420000 	 0.102860 
8.440000 	 -0.012960 
8.460000 	 0.143528 
8.480000 	 0.299615 
8.500000 	 0.053953 
8.520000 	 0.086392 
8.540000 	 0.158162 
8.560000 	 0.123702 
8.580000 	 0.256299 
8.600000 	 -0.046652 
8.620000 	 -0.028445 
8.640000 	 -0.129100 
8.660000 	 0.009567 
8.680000 	 0.211583 
8.700000 	 0.136279 
8.720000 	 0.191952 
8.740000 	 0.024263 
8.760000 	 -0.034532 
8.780000 	 0.269678 
8.800000 	 0.306326 
8.820000 	 -0.095554 
8.840000 	 0.174208 
8.860000 	 0.107414 
8.880000 	 0.004571 
8.900000 	 0.133862 
8.920000 	 0.173073 
8.940000 	 0.347301 
8.960000 	 0.113206 
8.980000 	 0.180928 
9.000000 	 0.197000 
9.020000 	 -0.045512 
9.040000 	 0.172728 
9.060000 	 0.132694 
9.080000 	 0.245974 
9.100000 	 -0.161231 
9.120000 	 0.022704 
9.140000 	 -0.142548 
9.160000 	 -0.110240 
9.180000 	 0.239579 
9.200000 	 -0.081350 
9.220000 	 0.112606 
9.240000 	 0.403574 
9.260000 	 -0.084018 
9.280000 	 0.120913 
9.300000 	 0.022827 
9.320000 	 0.214390 
9.340000 	 -0.032289 
9.360000 	 0.212239 
9.380000 	 0.341010 
9.400000 	 -0.147218 
9.420000 	 0.033699 
9.440000 	 0.006214 
9.460000 	 0.069868 
9.480000 	 -0.133714 
9.500000 	 0.084963 
9.520000 	 0.075642 
9.540000 	 -0.069062 
9.560000 	 -0.083185 
9.580000 	 0.231889 
9.600000 	 -0.151202 
9.620000 	 0.270716 
9.640000 	 -0.013176 
9.660000 	 -0.017101 
9.680000 	 0.075128 
9.700000 	 0.045044 
9.720000 	 -0.155174 
9.740000 	 0.099151 
9.760000 	 0.287378 
9.780000 	 -0.254461 
9.800000 	 0.323274 
9.820000 	 0.126709 
9.840000 	 -0.107368 
9.860000 	 -0.026313 
9.880000 	 0.193669 
9.900000 	 0.153917 
9.920000 	 0.225973 
9.940000 	 0.003002 
9.960000 	 -0.012275 
9.980000 	 0.146457 
10.000000 	 0.297054 
10.020000 	 -0.015486 
10.040000 	 0.115671 
10.060000 	 -0.249736 
10.080000 	 0.266573 
10.100000 	 -0.034008 
10.120000 	 0.086237 
10.140000 	 -0.059899 
10.160000 	 0.083304 
10.180000 	 0.207987 
10.200000 	 -0.326379 
10.220000 	 0.224503 
10.240000 	 0.011204 
10.260000 	 0.131344 
10.280000 	 -0.057472 
10.300000 	 -0.214751 
10.320000 	 0.161678 
10.340000 	 -0.046537 
10.360000 	 0.035661 
10.380000 	 -0.162588 
10.400000 	 0.134975 
10.420000 	 0.096059 
10.440000 	 0.160794 
10.460000 	 0.105345 
10.480000 	 -0.027464 
10.500000 	 -0.319659 
10.520000 	 -0.130566 
10.540000 	 -0.133623 
10.560000 	 0.213780 
10.580000 	 -0.042310 
10.600000 	 -0.079468 
10.620000 	 -0.101912 
10.640000 	 0.145425 
10.660000 	 -0.012164 
10.680000 	 0.034900 
10.700000 	 -0.212401 
10.720000 	 0.129992 
10.740000 	 0.010480 
10.760000 	 0.096298 
10.780000 	 0.035260 
10.800000 	 0.103817 
10.820000 	 -0.080083 
10.840000 	 0.375475 
10.860000 	 0.016338 
10.880000 	 -0.011294 
10.900000 	 -0.183155 
10.920000 	 -0.108310 
10.940000 	 -0.056661 
10.960000 	 0.038769 
10.980000 	 -0.243118 
11.000000 	 0.090419 
11.020000 	 -0.147599 
11.040000 	 0.198503 
11.060000 	 -0.100000 
11.080000 	 -0.069252 
11.100000 	 0.114229 
11.120000 	 -0.117133 
11.140000 	 0.007747 
11.160000 	 0.315654 
11.180000 	 -0.093116 
11.200000 	 0.049347 
11.220000 	 -0.253027 
11.240000 	 -0.029930 
11.260000 	 -0.077596 
11.280000 	 -0.136135 
11.300000 	 -0.132738 
11.320000 	 -0.163286 
11.340000 	 0.053640 
11.360000 	 -0.124403 
11.380000 	 -0.021906 
11.400000 	 -0.098237 
11.420000 	 -0.069470 
11.440000 	 0.013489 
11.460000 	 -0.183877 
11.480000 	 0.135199 
11.500000 	 -0.063809 
11.520000 	 -0.117038 
11.540000 	 -0.029055 
11.560000 	 0.014076 
11.580000 	 0.136565 
11.600000 	 -0.098154 
11.620000 	 0.057340 
11.640000 	 0.010936 
11.660000 	 0.119752 
11.680000 	 -0.061594 
11.700000 	 0.077838 
11.720000 	 0.114841 
11.740000 	 -0.007156 
11.760000 	 0.016444 
11.780000 	 0.021617 
11.800000 	 0.022012 
11.820000 	 0.003075 
11.840000 	 0.013074 
11.860000 	 -0.134485 
11.880000 	 0.026950 
11.900000 	 0.078830 
11.920000 	 0.016674 
11.940000 	 0.300000 
11.960000 	 -0.071687 
11.980000 	 0.124970 
12.000000 	 0.120659 
12.020000 	 -0.078288 
12.040000 	 0.058701 
12.060000 	 -0.192140 
12.080000 	 -0.192516 
12.100000 	 0.069678 
12.120000 	 -0.128662 
12.140000 	 -0.044015 
12.160000 	 0.080973 
12.180000 	 -0.025642 
12.200000 	 0.111398 
12.220000 	 -0.172778 
12.240000 	 0.250419 
12.260000 	 0.009181 
12.280000 	 0.103064 
12.300000 	 -0.067201 
12.320000 	 0.114690 
12.340000 	 -0.247902 
12.360000 	 -0.122255 
12.380000 	 0.045604 
12.400000 	 -0.079950 
12.420000 	 0.082744 
12.440000 	 -0.156097 
12.460000 	 0.071051 
12.480000 	 0.335243 
12.500000 	 -0.384161 
12.520000 	 0.113389 
12.540000 	 -0.215971 
12.560000 	 0.052634 
12.580000 	 -0.138939 
12.600000 	 0.090286 
12.620000 	 -0.079930 
12.640000 	 -0.048966 
12.660000 	 0.260713 
12.680000 	 -0.800000 
12.700000 	 0.024549 
12.720000 	 0.005602 
12.740000 	 0.089182 
12.760000 	 0.101285 
12.780000 	 0.191080 
12.800000 	 -0.235261 
12.820000 	 -0.273314 
12.840000 	 0.005696 
12.860000 	 -0.101505 
12.880000 	 0.245833 
12.900000 	 0.244099 
12.920000 	 0.298321 
12.940000 	 0.212793 
12.960000 	 -0.016349 
12.980000 	 0.066296 
13.000000 	 -0.198314 
13.020000 	 0.159269 
13.040000 	 -0.066868 
13.060000 	 0.214455 
13.080000 	 0.179051 
13.100000 	 -0.141560 
13.120000 	 -0.065339 
13.140000 	 0.108912 
13.160000 	 -0.158154 
13.180000 	 -0.119283 
13.200000 	 -0.346156 
13.220000 	 -0.012580 
13.240000 	 -0.177467 
13.260000 	 0.098049 
13.280000 	 -0.067285 
13.300000 	 0.166565 
13.320000 	 0.020486 
13.340000 	 0.147795 
13.360000 	 0.269677 
13.380000 	 -0.011443 
13.400000 	 -0.112143 
13.420000 	 0.059666 
13.440000 	 0.042658 
13.460000 	 0.159822 
13.480000 	 0.022337 
13.500000 	 0.118978 
13.520000 	 -0.050968 
13.540000 	 -0.024841 
13.560000 	 -0.042594 
13.580000 	 0.132437 
13.600000 	 0.340758 
13.620000 	 0.088649 
13.640000 	 -0.237401 
13.660000 	 -0.044971 
13.680000 	 0.037783 
13.700000 	 0.023992 
13.720000 	 -0.033323 
13.740000 	 0.139759 
13.760000 	 -0.137916 
13.780000 	 -0.201573 
13.800000 	 -0.078834 
13.820000 	 0.033218 
13.840000 	 0.152352 
13.860000 	 0.196829 
13.880000 	 -0.102894 
13.900000 	 0.214354 
13.920000 	 0.183900 
13.940000 	 -0.148429 
13.960000 	 0.153704 
13.980000 	 -0.026127 
14.000000 	 -0.018991 
14.020000 	 -0.167999 
14.040000 	 0.227737 
14.060000 	 0.014548 
14.080000 	 -0.155256 
14.100000 	 0.074943 
14.120000 	 0.048329 
14.140000 	 -0.130784 
14.160000 	 0.181245 
14.180000 	 0.054060 
14.200000 	 0.052508 
14.220000 	 0.158933 
14.240000 	 0.055109 
14.260000 	 0.071951 
14.280000 	 -0.228832 
14.300000 	 0.069951 
14.320000 	 -0.219410 
14.340000 	 0.173378 
14.360000 	 0.154218 
14.380000 	 -0.017880 
14.400000 	 0.255446 
14.420000 	 0.030820 
14.440000 	 0.249925 
14.460000 	 0.010019 
14.480000 	 -0.272635 
14.500000 	 -0.108601 
14.520000 	 -0.050096 
14.540000 	 0.076714 
14.560000 	 0.016686 
14.580000 	 0.154659 
14.600000 	 0.014091 
14.620000 	 0.168869 
14.640000 	 0.109911 
14.660000 	 -0.064496 
14.680000 	 0.046782 
14.700000 	 0.164521 
14.720000 	 -0.062295 
14.740000 	 0.129152 
14.760000 	 0.135621 
14.780000 	 0.011506 
14.800000 	 0.033191 
14.820000 	 0.007846 
14.840000 	 -0.007879 
14.860000 	 -0.220215 
14.880000 	 -0.032298 
14.900000 	 -0.067923 
14.920000 	 -0.137048 
14.940000 	 -0.035089 
14.960000 	 0.238923 
14.980000 	 0.221042 
15.000000 	 0.217451 
