-15.000000 	 0.092707 
-14.980000 	 -0.269715 
-14.960000 	 -0.067596 
-14.940000 	 0.340464 
-14.920000 	 -0.266761 
-14.900000 	 0.223707 
-14.880000 	 0.125467 
-14.860000 	 0.004687 
-14.840000 	 0.015678 
-14.820000 	 -0.039758 
-14.800000 	 -0.007958 
-14.780000 	 0.254522 
-14.760000 	 -0.074969 
-14.740000 	 0.071970 
-14.720000 	 0.250709 
-14.700000 	 0.049362 
-14.680000 	 -0.175015 
-14.660000 	 0.129621 
-14.640000 	 -0.060917 
-14.620000 	 0.291564 
-14.600000 	 -0.260842 
-14.580000 	 -0.013112 
-14.560000 	 0.135955 
-14.540000 	 0.024634 
-14.520000 	 -0.198959 
-14.500000 	 -0.011434 
-14.480000 	 0.182800 
-14.460000 	 0.016702 
-14.440000 	 0.093589 
-14.420000 	 0.002957 
-14.400000 	 0.217923 
-14.380000 	 0.033890 
-14.360000 	 0.206048 
-14.340000 	 0.227461 
-14.320000 	 0.159845 
-14.300000 	 -0.098917 
-14.280000 	 -0.060654 
-14.260000 	 0.066577 
-14.240000 	 -0.109010 
-14.220000 	 -0.043574 
-14.200000 	 -0.054289 
-14.180000 	 0.189105 
-14.160000 	 -0.182536 
-14.140000 	 -0.237875 
-14.120000 	 -0.177251 
-14.100000 	 -0.272316 
-14.080000 	 -0.168820 
-14.060000 	 -0.055935 
-14.040000 	 0.361970 
-14.020000 	 -0.052164 
-14.000000 	 0.044135 
-13.980000 	 0.211987 
-13.960000 	 0.230363 
-13.940000 	 0.124447 
-13.920000 	 0.003748 
-13.900000 	 0.064781 
-13.880000 	 0.140320 
-13.860000 	 -0.168001 
-13.840000 	 -0.160853 
-13.820000 	 0.066871 
-13.800000 	 -0.260970 
-13.780000 	 0.239864 
-13.760000 	 0.091725 
-13.740000 	 -0.036581 
-13.720000 	 0.200000 
-13.700000 	 0.096100 
-13.680000 	 0.145030 
-13.660000 	 0.012394 
-13.640000 	 -0.071423 
-13.620000 	 -0.080972 
-13.600000 	 0.027985 
-13.580000 	 -0.184113 
-13.560000 	 0.014770 
-13.540000 	 0.090836 
-13.520000 	 -0.056884 
-13.500000 	 -0.036897 
-13.480000 	 -0.137794 
-13.460000 	 -0.061943 
-13.440000 	 0.011999 
-13.420000 	 -0.079087 
-13.400000 	 -0.200998 
-13.380000 	 0.079127 
-13.360000 	 0.280112 
-13.340000 	 -0.111006 
-13.320000 	 0.376376 
-13.300000 	 0.054632 
-13.280000 	 0.007741 
-13.260000 	 0.254104 
-13.240000 	 -0.310275 
-13.220000 	 -0.224764 
-13.200000 	 -0.091866 
-13.180000 	 -0.168391 
-13.160000 	 -0.240174 
-13.140000 	 -0.047039 
-13.120000 	 0.196852 
-13.100000 	 0.142447 
-13.080000 	 -0.252551 
-13.060000 	 0.079372 
-13.040000 	 0.064655 
-13.020000 	 0.189328 
-13.000000 	 -0.120991 
-12.980000 	 0.107091 
-12.960000 	 -0.431886 
-12.940000 	 0.137373 
-12.920000 	 0.073602 
-12.900000 	 0.002456 
-12.880000 	 0.112414 
-12.860000 	 -0.009213 
-12.840000 	 0.256061 
-12.820000 	 -0.198766 
-12.800000 	 -0.185314 
-12.780000 	 -0.141434 
-12.760000 	 0.151064 
-12.740000 	 0.075778 
-12.720000 	 -0.145337 
-12.700000 	 0.012784 
-12.680000 	 0.093835 
-12.660000 	 -0.093067 
-12.640000 	 0.204416 
-12.620000 	 0.157800 
-12.600000 	 -0.010445 
-12.580000 	 0.145481 
-12.560000 	 0.234755 
-12.540000 	 0.001955 
-12.520000 	 0.023512 
-12.500000 	 0.060675 
-12.480000 	 0.127120 
-12.460000 	 -0.134080 
-12.440000 	 0.144036 
-12.420000 	 0.131333 
-12.400000 	 0.095632 
-12.380000 	 0.114606 
-12.360000 	 -0.172704 
-12.340000 	 0.061559 
-12.320000 	 -0.276123 
-12.300000 	 0.096684 
-12.280000 	 -0.218611 
-12.260000 	 -0.082028 
-12.240000 	 0.067549 
-12.220000 	 -0.052207 
-12.200000 	 0.031867 
-12.180000 	 0.305837 
-12.160000 	 0.012249 
-12.140000 	 -0.128631 
-12.120000 	 0.006748 
-12.100000 	 -0.007119 
-12.080000 	 0.163611 
-12.060000 	 -0.123853 
-12.040000 	 0.264468 
-12.020000 	 0.096239 
-12.000000 	 -0.431378 
-11.980000 	 -0.286045 
-11.960000 	 -0.013756 
-11.940000 	 -0.006160 
-11.920000 	 -0.017931 
-11.900000 	 -0.060336 
-11.880000 	 0.120476 
-11.860000 	 0.083278 
-11.840000 	 -0.157805 
-11.820000 	 0.037513 
-11.800000 	 -0.316714 
-11.780000 	 0.104710 
-11.760000 	 0.167303 
-11.740000 	 0.118537 
-11.720000 	 -0.235404 
-11.700000 	 0.062648 
-11.680000 	 -0.302562 
-11.660000 	 -0.114572 
-11.640000 	 -0.271515 
-11.620000 	 -0.227590 
-11.600000 	 0.086554 
-11.580000 	 -0.088931 
-11.560000 	 -0.265944 
-11.540000 	 0.138587 
-11.520000 	 0.056550 
-11.500000 	 0.081012 
-11.480000 	 0.029472 
-11.460000 	 0.039958 
-11.440000 	 -0.040332 
-11.420000 	 -0.181293 
-11.400000 	 -0.005804 
-11.380000 	 -0.089918 
-11.360000 	 -0.075028 
-11.340000 	 0.030440 
-11.320000 	 -0.273217 
-11.300000 	 0.219436 
-11.280000 	 -0.073738 
-11.260000 	 -0.043564 
-11.240000 	 -0.041961 
-11.220000 	 0.016503 
-11.200000 	 0.015162 
-11.180000 	 0.056882 
-11.160000 	 0.071565 
-11.140000 	 -0.229606 
-11.120000 	 -0.700000 
-11.100000 	 -0.045150 
-11.080000 	 0.141931 
-11.060000 	 -0.007526 
-11.040000 	 -0.097111 
-11.020000 	 0.109410 
-11.000000 	 0.014166 
-10.980000 	 0.100363 
-10.960000 	 0.006409 
-10.940000 	 0.027692 
-10.920000 	 0.286199 
-10.900000 	 -0.073371 
-10.880000 	 0.028644 
-10.860000 	 -0.036461 
-10.840000 	 0.180938 
-10.820000 	 0.268332 
-10.800000 	 -0.076486 
-10.780000 	 -0.103930 
-10.760000 	 -0.036647 
-10.740000 	 -0.137606 
-10.720000 	 -0.068382 
-10.700000 	 -0.111206 
-10.680000 	 -0.037968 
-10.660000 	 0.155072 
-10.640000 	 -0.049273 
-10.620000 	 -0.063092 
-10.600000 	 -0.229188 
-10.580000 	 0.025893 
-10.560000 	 0.076792 
-10.540000 	 0.071425 
-10.520000 	 -0.445047 
-10.500000 	 0.201296 
-10.480000 	 0.058423 
-10.460000 	 -0.162634 
-10.440000 	 0.072320 
-10.420000 	 -0.007491 
-10.400000 	 0.162607 
-10.380000 	 0.084948 
-10.360000 	 0.122598 
-10.340000 	 0.030601 
-10.320000 	 -0.000940 
-10.300000 	 0.004076 
-10.280000 	 -0.198840 
-10.260000 	 0.087510 
-10.240000 	 0.067918 
-10.220000 	 -0.134540 
-10.200000 	 -0.029739 
-10.180000 	 -0.074482 
-10.160000 	 0.007696 
-10.140000 	 0.124444 
-10.120000 	 -0.064353 
-10.100000 	 0.361784 
-10.080000 	 0.016056 
-10.060000 	 0.063587 
-10.040000 	 0.031475 
-10.020000 	 0.214353 
-10.000000 	 -0.211301 
-9.980000 	 -0.086163 
-9.960000 	 0.188380 
-9.940000 	 -0.148000 
-9.920000 	 -0.005304 
-9.900000 	 -0.083172 
-9.880000 	 0.003254 
-9.860000 	 -0.257360 
-9.840000 	 0.135182 
-9.820000 	 0.262779 
-9.800000 	 -0.211889 
-9.780000 	 -0.200581 
-9.760000 	 0.027398 
-9.740000 	 -0.011426 
-9.720000 	 0.105483 
-9.700000 	 -0.049336 
-9.680000 	 -0.089808 
-9.660000 	 -0.274253 
-9.640000 	 0.364116 
-9.620000 	 0.137679 
-9.600000 	 0.020103 
-9.580000 	 -0.063951 
-9.560000 	 0.011900 
-9.540000 	 -0.309250 
-9.520000 	 -0.133601 
-9.500000 	 -0.113174 
-9.480000 	 -0.020367 
-9.460000 	 0.174505 
-9.440000 	 -0.085603 
-9.420000 	 0.511799 
-9.400000 	 0.049856 
-9.380000 	 0.321300 
-9.360000 	 0.089495 
-9.340000 	 -0.011182 
-9.320000 	 -0.209744 
-9.300000 	 -0.061645 
-9.280000 	 0.033687 
-9.260000 	 0.085555 
-9.240000 	 -0.019697 
-9.220000 	 -0.049581 
-9.200000 	 -0.181628 
-9.180000 	 -0.152182 
-9.160000 	 0.056873 
-9.140000 	 -0.048186 
-9.120000 	 -0.055552 
-9.100000 	 -0.445188 
-9.080000 	 0.085016 
-9.060000 	 -0.149027 
-9.040000 	 0.042940 
-9.020000 	 -0.077714 
-9.000000 	 -0.255918 
-8.980000 	 -0.030644 
-8.960000 	 -0.067778 
-8.940000 	 -0.195671 
-8.920000 	 -0.190290 
-8.900000 	 0.052888 
-8.880000 	 -0.286115 
-8.860000 	 -0.275648 
-8.840000 	 0.017875 
-8.820000 	 0.067700 
-8.800000 	 -0.115336 
-8.780000 	 0.092834 
-8.760000 	 -0.007460 
-8.740000 	 -0.175886 
-8.720000 	 0.264165 
-8.700000 	 -0.160741 
-8.680000 	 -0.046833 
-8.660000 	 -0.095240 
-8.640000 	 -0.194490 
-8.620000 	 0.024306 
-8.600000 	 -0.189668 
-8.580000 	 -0.114403 
-8.560000 	 0.201933 
-8.540000 	 -0.125898 
-8.520000 	 -0.242072 
-8.500000 	 0.054534 
-8.480000 	 -0.128670 
-8.460000 	 0.375492 
-8.440000 	 0.256664 
-8.420000 	 0.023897 
-8.400000 	 0.026226 
-8.380000 	 0.153182 
-8.360000 	 -0.030769 
-8.340000 	 0.034839 
-8.320000 	 -0.035603 
-8.300000 	 -0.066905 
-8.280000 	 0.067644 
-8.260000 	 0.025289 
-8.240000 	 -0.037846 
-8.220000 	 0.125292 
-8.200000 	 -0.160113 
-8.180000 	 0.046972 
-8.160000 	 0.212160 
-8.140000 	 -0.209109 
-8.120000 	 0.035042 
-8.100000 	 -0.038006 
-8.080000 	 -0.090392 
-8.060000 	 -0.093587 
-8.040000 	 -0.046761 
-8.020000 	 0.147740 
-8.000000 	 -0.102534 
-7.980000 	 -0.168798 
-7.960000 	 0.134665 
-7.940000 	 0.084051 
-7.920000 	 -0.109659 
-7.900000 	 -0.075522 
-7.880000 	 -0.136659 
-7.860000 	 0.159623 
-7.840000 	 -0.154475 
-7.820000 	 -0.143905 
-7.800000 	 -0.294077 
-7.780000 	 -0.152693 
-7.760000 	 -0.246719 
-7.740000 	 -0.044912 
-7.720000 	 0.092065 
-7.700000 	 0.113310 
-7.680000 	 0.051826 
-7.660000 	 -0.111306 
-7.640000 	 0.328594 
-7.620000 	 -0.075471 
-7.600000 	 0.227787 
-7.580000 	 -0.043869 
-7.560000 	 0.005837 
-7.540000 	 0.110014 
-7.520000 	 0.012942 
-7.500000 	 0.154346 
-7.480000 	 0.025495 
-7.460000 	 0.148422 
-7.440000 	 0.195570 
-7.420000 	 0.348607 
-7.400000 	 0.259849 
-7.380000 	 0.089784 
-7.360000 	 -0.064633 
-7.340000 	 -0.250836 
-7.320000 	 -0.259181 
-7.300000 	 0.029638 
-7.280000 	 0.143969 
-7.260000 	 -0.174171 
-7.240000 	 0.404458 
-7.220000 	 -0.083101 
-7.200000 	 -0.053364 
-7.180000 	 -0.142691 
-7.160000 	 0.081221 
-7.140000 	 0.091837 
-7.120000 	 -0.115920 
-7.100000 	 0.129151 
-7.080000 	 -0.131640 
-7.060000 	 0.110127 
-7.040000 	 0.031728 
-7.020000 	 0.227685 
-7.000000 	 0.319822 
-6.980000 	 -0.032791 
-6.960000 	 0.023387 
-6.940000 	 0.174259 
-6.920000 	 0.283218 
-6.900000 	 -0.093526 
-6.880000 	 -0.019955 
-6.860000 	 -0.015328 
-6.840000 	 0.029163 
-6.820000 	 0.256432 
-6.800000 	 -0.015195 
-6.780000 	 -0.099692 
-6.760000 	 0.090565 
-6.740000 	 -0.075312 
-6.720000 	 0.031213 
-6.700000 	 0.165403 
-6.680000 	 0.114038 
-6.660000 	 0.102320 
-6.640000 	 0.093493 
-6.620000 	 0.045440 
-6.600000 	 -0.346437 
-6.580000 	 0.112627 
-6.560000 	 0.122492 
-6.540000 	 0.085086 
-6.520000 	 0.209730 
-6.500000 	 0.112995 
-6.480000 	 0.108489 
-6.460000 	 0.235393 
-6.440000 	 0.134759 
-6.420000 	 0.097248 
-6.400000 	 0.268845 
-6.380000 	 -0.054457 
-6.360000 	 0.455047 
-6.340000 	 0.134376 
-6.320000 	 0.121968 
-6.300000 	 0.130448 
-6.280000 	 -0.207852 
-6.260000 	 0.167916 
-6.240000 	 0.399191 
-6.220000 	 0.074220 
-6.200000 	 0.159899 
-6.180000 	 0.140394 
-6.160000 	 0.070436 
-6.140000 	 0.209910 
-6.120000 	 0.381572 
-6.100000 	 0.124872 
-6.080000 	 0.213988 
-6.060000 	 0.045343 
-6.040000 	 0.108581 
-6.020000 	 0.318323 
-6.000000 	 0.052428 
-5.980000 	 0.207809 
-5.960000 	 0.281690 
-5.940000 	 0.516921 
-5.920000 	 0.606545 
-5.900000 	 0.253663 
-5.880000 	 0.387273 
-5.860000 	 0.181233 
-5.840000 	 0.306171 
-5.820000 	 0.206347 
-5.800000 	 0.198501 
-5.780000 	 0.072166 
-5.760000 	 0.543072 
-5.740000 	 0.219372 
-5.720000 	 0.014580 
-5.700000 	 0.419981 
-5.680000 	 0.503941 
-5.660000 	 0.223252 
-5.640000 	 0.270621 
-5.620000 	 0.333632 
-5.600000 	 0.261829 
-5.580000 	 0.103021 
-5.560000 	 0.329088 
-5.540000 	 0.275366 
-5.520000 	 0.189628 
-5.500000 	 0.366317 
-5.480000 	 0.229953 
-5.460000 	 0.362615 
-5.440000 	 0.502817 
-5.420000 	 0.122650 
-5.400000 	 0.277285 
-5.380000 	 0.588794 
-5.360000 	 0.053840 
-5.340000 	 0.486114 
-5.320000 	 0.452855 
-5.300000 	 0.303870 
-5.280000 	 0.556128 
-5.260000 	 0.237102 
-5.240000 	 0.400414 
-5.220000 	 0.512256 
-5.200000 	 0.331465 
-5.180000 	 0.409590 
-5.160000 	 0.458670 
-5.140000 	 0.239981 
-5.120000 	 0.373366 
-5.100000 	 0.353223 
-5.080000 	 0.334178 
-5.060000 	 0.396156 
-5.040000 	 0.569357 
-5.020000 	 0.597613 
-5.000000 	 0.399434 
-4.980000 	 0.294930 
-4.960000 	 0.486089 
-4.940000 	 0.482528 
-4.920000 	 0.469022 
-4.900000 	 0.211218 
-4.880000 	 0.460566 
-4.860000 	 0.365290 
-4.840000 	 0.585092 
-4.820000 	 0.315610 
-4.800000 	 0.252915 
-4.780000 	 0.713625 
-4.760000 	 0.331102 
-4.740000 	 0.596270 
-4.720000 	 0.296257 
-4.700000 	 0.418294 
-4.680000 	 0.639549 
-4.660000 	 0.493575 
-4.640000 	 0.307933 
-4.620000 	 0.425632 
-4.600000 	 0.302751 
-4.580000 	 0.258435 
-4.560000 	 0.294411 
-4.540000 	 0.529732 
-4.520000 	 0.622214 
-4.500000 	 0.591162 
-4.480000 	 0.602861 
-4.460000 	 0.334424 
-4.440000 	 0.504301 
-4.420000 	 0.585153 
-4.400000 	 0.424030 
-4.380000 	 0.355342 
-4.360000 	 0.385377 
-4.340000 	 0.645433 
-4.320000 	 0.564270 
-4.300000 	 0.629868 
-4.280000 	 0.413705 
-4.260000 	 0.533424 
-4.240000 	 0.440795 
-4.220000 	 0.499584 
-4.200000 	 0.269707 
-4.180000 	 0.591509 
-4.160000 	 0.677854 
-4.140000 	 0.330396 
-4.120000 	 0.363128 
-4.100000 	 0.284990 
-4.080000 	 0.263401 
-4.060000 	 0.492223 
-4.040000 	 0.584024 
-4.020000 	 0.179241 
-4.000000 	 0.228430 
-3.980000 	 0.344035 
-3.960000 	 0.517126 
-3.940000 	 0.590566 
-3.920000 	 0.539213 
-3.900000 	 0.492259 
-3.880000 	 0.500132 
-3.860000 	 0.448193 
-3.840000 	 0.422513 
-3.820000 	 0.514899 
-3.800000 	 0.591251 
-3.780000 	 0.466567 
-3.760000 	 0.376373 
-3.740000 	 0.489612 
-3.720000 	 0.491865 
-3.700000 	 0.319713 
-3.680000 	 0.578618 
-3.660000 	 0.326156 
-3.640000 	 0.518900 
-3.620000 	 0.474114 
-3.600000 	 0.478502 
-3.580000 	 0.278623 
-3.560000 	 0.727668 
-3.540000 	 0.677192 
-3.520000 	 0.406475 
-3.500000 	 0.384399 
-3.480000 	 0.470539 
-3.460000 	 0.310144 
-3.440000 	 0.705380 
-3.420000 	 0.566351 
-3.400000 	 0.235884 
-3.380000 	 0.483189 
-3.360000 	 0.308162 
-3.340000 	 0.544813 
-3.320000 	 0.533046 
-3.300000 	 0.392968 
-3.280000 	 0.318738 
-3.260000 	 0.149812 
-3.240000 	 0.900000 
-3.220000 	 0.362844 
-3.200000 	 0.387166 
-3.180000 	 0.353256 
-3.160000 	 0.356794 
-3.140000 	 0.491384 
-3.120000 	 0.291187 
-3.100000 	 0.280568 
-3.080000 	 0.241714 
-3.060000 	 0.455393 
-3.040000 	 0.661209 
-3.020000 	 0.585661 
-3.000000 	 0.307845 
-2.980000 	 0.311304 
-2.960000 	 0.436373 
-2.940000 	 0.381040 
-2.920000 	 0.428712 
-2.900000 	 0.345499 
-2.880000 	 0.301393 
-2.860000 	 0.372335 
-2.840000 	 0.411445 
-2.820000 	 0.383933 
-2.800000 	 0.473502 
-2.780000 	 0.240513 
-2.760000 	 0.241125 
-2.740000 	 0.525588 
-2.720000 	 0.316799 
-2.700000 	 0.329346 
-2.680000 	 0.349765 
-2.660000 	 0.513427 
-2.640000 	 0.419848 
-2.620000 	 0.425451 
-2.600000 	 0.167437 
-2.580000 	 0.186328 
-2.560000 	 0.296882 
-2.540000 	 0.266431 
-2.520000 	 0.106558 
-2.500000 	 0.281936 
-2.480000 	 0.491721 
-2.460000 	 0.282749 
-2.440000 	 0.173691 
-2.420000 	 0.218710 
-2.400000 	 0.481591 
-2.380000 	 0.149905 
-2.360000 	 0.334857 
-2.340000 	 0.051095 
-2.320000 	 0.204957 
-2.300000 	 0.182453 
-2.280000 	 0.442295 
-2.260000 	 0.263535 
-2.240000 	 0.207952 
-2.220000 	 0.208127 
-2.200000 	 0.281532 
-2.180000 	 0.064835 
-2.160000 	 0.069801 
-2.140000 	 0.098310 
-2.120000 	 0.299400 
-2.100000 	 0.105440 
-2.080000 	 0.143118 
-2.060000 	 0.282813 
-2.040000 	 -0.042260 
-2.020000 	 0.328575 
-2.000000 	 0.321154 
-1.980000 	 0.216968 
-1.960000 	 0.117271 
-1.940000 	 0.216700 
-1.920000 	 0.007122 
-1.900000 	 0.255140 
-1.880000 	 0.259390 
-1.860000 	 -0.039853 
-1.840000 	 0.216673 
-1.820000 	 0.393945 
-1.800000 	 0.112418 
-1.780000 	 0.098258 
-1.760000 	 0.337750 
-1.740000 	 0.324579 
-1.720000 	 0.111490 
-1.700000 	 0.128349 
-1.680000 	 0.274443 
-1.660000 	 0.048447 
-1.640000 	 0.195426 
-1.620000 	 0.031686 
-1.600000 	 0.106295 
-1.580000 	 0.190562 
-1.560000 	 0.261194 
-1.540000 	 0.268824 
-1.520000 	 -0.012250 
-1.500000 	 -0.027218 
-1.480000 	 0.035303 
-1.460000 	 0.281445 
-1.440000 	 0.270146 
-1.420000 	 0.216659 
-1.400000 	 0.080322 
-1.380000 	 0.049186 
-1.360000 	 0.063433 
-1.340000 	 0.471928 
-1.320000 	 0.046408 
-1.300000 	 0.198354 
-1.280000 	 -0.050572 
-1.260000 	 0.360517 
-1.240000 	 0.401440 
-1.220000 	 0.076039 
-1.200000 	 -0.093643 
-1.180000 	 0.102854 
-1.160000 	 0.060045 
-1.140000 	 0.132925 
-1.120000 	 -0.026111 
-1.100000 	 0.263267 
-1.080000 	 0.394058 
-1.060000 	 0.183269 
-1.040000 	 0.341754 
-1.020000 	 0.286435 
-1.000000 	 -0.190529 
-0.980000 	 0.106046 
-0.960000 	 0.140849 
-0.940000 	 0.261499 
-0.920000 	 -0.030246 
-0.900000 	 0.049531 
-0.880000 	 0.248546 
-0.860000 	 0.070505 
-0.840000 	 0.133893 
-0.820000 	 0.244341 
-0.800000 	 0.052610 
-0.780000 	 0.121037 
-0.760000 	 0.292464 
-0.740000 	 0.022872 
-0.720000 	 0.025900 
-0.700000 	 0.245329 
-0.680000 	 0.214433 
-0.660000 	 -0.060529 
-0.640000 	 -0.014443 
-0.620000 	 0.298733 
-0.600000 	 0.124293 
-0.580000 	 0.161741 
-0.560000 	 0.037447 
-0.540000 	 0.366950 
-0.520000 	 -0.019972 
-0.500000 	 0.113682 
-0.480000 	 0.307535 
-0.460000 	 0.128674 
-0.440000 	 0.087592 
-0.420000 	 0.147599 
-0.400000 	 0.153706 
-0.380000 	 0.280170 
-0.360000 	 0.154644 
-0.340000 	 0.220659 
-0.320000 	 0.058341 
-0.300000 	 0.152389 
-0.280000 	 0.020306 
-0.260000 	 0.275030 
-0.240000 	 0.354120 
-0.220000 	 0.387319 
-0.200000 	 0.091049 
-0.180000 	 0.190595 
-0.160000 	 0.026050 
-0.140000 	 -0.208675 
-0.120000 	 -0.015829 
-0.100000 	 0.198576 
-0.080000 	 0.090597 
-0.060000 	 0.191165 
-0.040000 	 0.256028 
-0.020000 	 0.367626 
0.000000 	 0.390070 
0.020000 	 0.280035 
0.040000 	 0.091452 
0.060000 	 0.194598 
0.080000 	 0.410014 
0.100000 	 0.504797 
0.120000 	 0.347605 
0.140000 	 0.310070 
0.160000 	 0.227696 
0.180000 	 0.033068 
0.200000 	 0.524025 
0.220000 	 0.165057 
0.240000 	 0.399305 
0.260000 	 0.304304 
0.280000 	 0.238140 
0.300000 	 0.341497 
0.320000 	 0.089878 
0.340000 	 0.251795 
0.360000 	 0.541376 
0.380000 	 0.208722 
0.400000 	 0.332265 
0.420000 	 0.285382 
0.440000 	 0.359484 
0.460000 	 0.548796 
0.480000 	 0.388851 
0.500000 	 0.600841 
0.520000 	 0.335434 
0.540000 	 0.290382 
0.560000 	 0.331417 
0.580000 	 0.276511 
0.600000 	 0.288085 
0.620000 	 0.082334 
0.640000 	 0.458356 
0.660000 	 0.549370 
0.680000 	 0.278056 
0.700000 	 0.565878 
0.720000 	 0.499645 
0.740000 	 0.512878 
0.760000 	 0.496231 
0.780000 	 0.502215 
0.800000 	 0.626187 
0.820000 	 0.706911 
0.840000 	 0.296257 
0.860000 	 0.375480 
0.880000 	 0.483111 
0.900000 	 0.539693 
0.920000 	 0.634569 
0.940000 	 0.714318 
0.960000 	 0.706152 
0.980000 	 0.692775 
1.000000 	 0.525082 
1.020000 	 0.447214 
1.040000 	 0.459465 
1.060000 	 0.453037 
1.080000 	 0.589841 
1.100000 	 0.583247 
1.120000 	 0.502241 
1.140000 	 0.495990 
1.160000 	 0.550900 
1.180000 	 0.528772 
1.200000 	 0.743275 
1.220000 	 0.420155 
1.240000 	 0.440633 
1.260000 	 0.550299 
1.280000 	 0.678402 
1.300000 	 0.620989 
1.320000 	 0.995434 
1.340000 	 0.422114 
1.360000 	 0.664013 
1.380000 	 0.591728 
1.400000 	 0.668153 
1.420000 	 0.635420 
1.440000 	 0.661203 
1.460000 	 0.626717 
1.480000 	 0.642633 
1.500000 	 0.674600 
1.520000 	 0.601749 
1.540000 	 0.731095 
1.560000 	 1.026214 
1.580000 	 0.632503 
1.600000 	 0.850840 
1.620000 	 0.871999 
1.640000 	 0.808931 
1.660000 	 1.004594 
1.680000 	 0.807107 
1.700000 	 0.577197 
1.720000 	 0.961854 
1.740000 	 0.948483 
1.760000 	 0.931221 
1.780000 	 0.864805 
1.800000 	 1.037538 
1.820000 	 1.045453 
1.840000 	 0.826439 
1.860000 	 0.755287 
1.880000 	 1.028586 
1.900000 	 0.825475 
1.920000 	 0.915774 
1.940000 	 1.127019 
1.960000 	 1.192046 
1.980000 	 0.644700 
2.000000 	 1.018659 
2.020000 	 1.160872 
2.040000 	 1.405216 
2.060000 	 0.988104 
2.080000 	 1.081280 
2.100000 	 1.086417 
2.120000 	 1.032078 
2.140000 	 0.900175 
2.160000 	 0.908818 
2.180000 	 1.209194 
2.200000 	 1.162404 
2.220000 	 1.038521 
2.240000 	 1.034157 
2.260000 	 1.153596 
2.280000 	 1.089261 
2.300000 	 1.220223 
2.320000 	 1.252074 
2.340000 	 1.143002 
2.360000 	 1.168683 
2.380000 	 1.128762 
2.400000 	 1.123588 
2.420000 	 1.143332 
2.440000 	 1.064599 
2.460000 	 1.017346 
2.480000 	 1.009722 
2.500000 	 1.542264 
2.520000 	 1.381102 
2.540000 	 1.098484 
2.560000 	 1.078342 
2.580000 	 1.264354 
2.600000 	 1.425154 
2.620000 	 1.150437 
2.640000 	 1.182066 
2.660000 	 0.100000 
2.680000 	 1.097756 
2.700000 	 1.264856 
2.720000 	 1.610807 
2.740000 	 1.213743 
2.760000 	 1.466059 
2.780000 	 1.186393 
2.800000 	 1.393821 
2.820000 	 1.222795 
2.840000 	 1.028668 
2.860000 	 1.283305 
2.880000 	 1.395877 
2.900000 	 1.283449 
2.920000 	 1.253691 
2.940000 	 1.444980 
2.960000 	 1.605467 
2.980000 	 1.284005 
3.000000 	 1.475723 
3.020000 	 1.657544 
3.040000 	 1.455777 
3.060000 	 1.359204 
3.080000 	 1.555000 
3.100000 	 1.519686 
3.120000 	 1.447307 
3.140000 	 1.610135 
3.160000 	 1.245833 
3.180000 	 1.615631 
3.200000 	 1.296943 
3.220000 	 1.456204 
3.240000 	 -0.800000 
3.260000 	 1.568298 
3.280000 	 1.504422 
3.300000 	 1.573022 
3.320000 	 1.444057 
3.340000 	 1.475260 
3.360000 	 1.492459 
3.380000 	 1.608920 
3.400000 	 1.484553 
3.420000 	 1.562344 
3.440000 	 1.403984 
3.460000 	 1.654347 
3.480000 	 1.325795 
3.500000 	 1.478893 
3.520000 	 1.409546 
3.540000 	 1.600495 
3.560000 	 1.465775 
3.580000 	 1.593727 
3.600000 	 1.806629 
3.620000 	 1.536328 
3.640000 	 1.750891 
3.660000 	 1.481295 
3.680000 	 1.751457 
3.700000 	 1.427019 
3.720000 	 1.611484 
3.740000 	 1.520887 
3.760000 	 1.701588 
3.780000 	 1.374737 
3.800000 	 1.550187 
3.820000 	 1.429272 
3.840000 	 1.729581 
3.860000 	 1.629318 
3.880000 	 1.471657 
3.900000 	 1.536390 
3.920000 	 1.127034 
3.940000 	 1.596908 
3.960000 	 1.571998 
3.980000 	 1.808114 
4.000000 	 1.383820 
4.020000 	 1.586910 
4.040000 	 1.625180 
4.060000 	 1.359711 
4.080000 	 1.536390 
4.100000 	 1.708902 
4.120000 	 1.434732 
4.140000 	 1.692899 
4.160000 	 1.448831 
4.180000 	 1.917615 
4.200000 	 1.607293 
4.220000 	 1.682510 
4.240000 	 1.496095 
4.260000 	 1.555705 
4.280000 	 1.260376 
4.300000 	 1.652319 
4.320000 	 1.482390 
4.340000 	 1.434540 
4.360000 	 1.620766 
4.380000 	 1.741235 
4.400000 	 1.661824 
4.420000 	 1.704735 
4.440000 	 1.657962 
4.460000 	 1.363180 
4.480000 	 1.226620 
4.500000 	 1.513097 
4.520000 	 1.656851 
4.540000 	 1.617613 
4.560000 	 1.460981 
4.580000 	 1.704678 
4.600000 	 1.414342 
4.620000 	 1.557034 
4.640000 	 1.712166 
4.660000 	 1.596040 
4.680000 	 1.177083 
4.700000 	 1.320854 
4.720000 	 1.621525 
4.740000 	 1.485376 
4.760000 	 1.271791 
4.780000 	 1.540014 
4.800000 	 1.552628 
4.820000 	 1.525603 
4.840000 	 1.330585 
4.860000 	 1.555563 
4.880000 	 1.424384 
4.900000 	 1.520868 
4.920000 	 1.603586 
4.940000 	 1.453233 
4.960000 	 1.501082 
4.980000 	 1.417687 
5.000000 	 1.328196 
5.020000 	 1.402453 
5.040000 	 1.352467 
5.060000 	 1.363536 
5.080000 	 1.406503 
5.100000 	 1.495530 
5.120000 	 1.223431 
5.140000 	 1.287256 
5.160000 	 1.488117 
5.180000 	 1.379673 
5.200000 	 1.370114 
5.220000 	 1.143898 
5.240000 	 1.479134 
5.260000 	 1.201117 
5.280000 	 1.278849 
5.300000 	 1.143681 
5.320000 	 1.495124 
5.340000 	 1.347893 
5.360000 	 1.340785 
5.380000 	 1.167079 
5.400000 	 1.157054 
5.420000 	 0.969209 
5.440000 	 0.992293 
5.460000 	 1.224885 
5.480000 	 1.016235 
5.500000 	 1.201350 
5.520000 	 1.081929 
5.540000 	 1.148272 
5.560000 	 1.129637 
5.580000 	 1.121031 
5.600000 	 0.930368 
5.620000 	 1.099295 
5.640000 	 1.175972 
5.660000 	 1.104291 
5.680000 	 1.033240 
5.700000 	 1.139133 
5.720000 	 1.123657 
5.740000 	 1.320818 
5.760000 	 0.709831 
5.780000 	 1.310959 
5.800000 	 1.044857 
5.820000 	 0.973134 
5.840000 	 1.067787 
5.860000 	 1.008593 
5.880000 	 1.050414 
5.900000 	 1.162966 
5.920000 	 1.006226 
5.940000 	 1.199324 
5.960000 	 1.004695 
5.980000 	 0.737141 
6.000000 	 1.205098 
6.020000 	 0.880876 
6.040000 	 1.071378 
6.060000 	 0.969239 
6.080000 	 0.898935 
6.100000 	 1.093606 
6.120000 	 1.037790 
6.140000 	 0.792061 
6.160000 	 0.838935 
6.180000 	 0.809598 
6.200000 	 0.853664 
6.220000 	 1.131730 
6.240000 	 1.294170 
6.260000 	 0.710175 
6.280000 	 0.835235 
6.300000 	 0.762865 
6.320000 	 0.623132 
6.340000 	 0.702499 
6.360000 	 0.817478 
6.380000 	 0.832122 
6.400000 	 0.756894 
6.420000 	 0.882293 
6.440000 	 0.735026 
6.460000 	 0.924036 
6.480000 	 0.731360 
6.500000 	 0.844489 
6.520000 	 0.654478 
6.540000 	 0.851952 
6.560000 	 0.852225 
6.580000 	 0.399596 
6.600000 	 0.522961 
6.620000 	 0.913796 
6.640000 	 0.659144 
6.660000 	 0.629461 
6.680000 	 0.753032 
6.700000 	 0.925309 
6.720000 	 0.650161 
6.740000 	 0.725665 
6.760000 	 0.476352 
6.780000 	 0.657011 
6.800000 	 0.549126 
6.820000 	 0.631922 
6.840000 	 0.554937 
6.860000 	 0.754981 
6.880000 	 0.665626 
6.900000 	 0.122746 
6.920000 	 0.811243 
6.940000 	 0.583539 
6.960000 	 0.513562 
6.980000 	 0.412850 
7.000000 	 0.372473 
7.020000 	 0.053943 
7.040000 	 0.550779 
7.060000 	 0.284498 
7.080000 	 0.251304 
7.100000 	 0.410437 
7.120000 	 0.509327 
7.140000 	 0.647314 
7.160000 	 0.490661 
7.180000 	 0.779593 
7.200000 	 0.481039 
7.220000 	 0.461634 
7.240000 	 0.263202 
7.260000 	 0.367839 
7.280000 	 0.617662 
7.300000 	 0.443380 
7.320000 	 0.289152 
7.340000 	 0.438336 
7.360000 	 0.107725 
7.380000 	 0.364471 
7.400000 	 0.334222 
7.420000 	 0.477783 
7.440000 	 0.226945 
7.460000 	 0.551600 
7.480000 	 0.648761 
7.500000 	 0.601525 
7.520000 	 0.308562 
7.540000 	 0.346848 
7.560000 	 0.379036 
7.580000 	 0.191464 
7.600000 	 0.309775 
7.620000 	 0.197324 
7.640000 	 0.240955 
7.660000 	 0.266316 
7.680000 	 0.347853 
7.700000 	 0.163317 
7.720000 	 -0.044376 
7.740000 	 0.127822 
7.760000 	 0.174221 
7.780000 	 -0.001390 
7.800000 	 0.178553 
7.820000 	 0.426305 
7.840000 	 0.250841 
7.860000 	 0.268104 
7.880000 	 0.254822 
7.900000 	 0.337773 
7.920000 	 0.398971 
7.940000 	 0.378077 
7.960000 	 -0.105119 
7.980000 	 0.254838 
8.000000 	 0.046616 
8.020000 	 0.123856 
8.040000 	 0.315035 
8.060000 	 0.292319 
8.080000 	 0.057624 
8.100000 	 -0.105696 
8.120000 	 0.100862 
8.140000 	 0.324832 
8.160000 	 0.191800 
8.180000 	 0.288550 
8.200000 	 0.119707 
8.220000 	 0.410096 
8.240000 	 0.020691 
8.260000 	 0.011378 
8.280000 	 0.070997 
8.300000 	 0.081675 
8.320000 	 0.147738 
8.340000 	 0.341859 
8.360000 	 0.118449 
8.380000 	 -0.043107 
8.400000 	 0.160686 
8.420000 	 0.237476 
8.440000 	 0.280172 
8.460000 	 -0.047668 
8.480000 	 0.189082 
8.500000 	 0.051240 
8.520000 	 0.105978 
8.540000 	 0.259361 
8.560000 	 0.374682 
8.580000 	 -0.123757 
8.600000 	 0.066975 
8.620000 	 0.147147 
8.640000 	 0.033605 
8.660000 	 0.098663 
8.680000 	 0.107123 
8.700000 	 0.190371 
8.720000 	 -0.060819 
8.740000 	 -0.158543 
8.760000 	 0.161660 
8.780000 	 0.121915 
8.800000 	 0.078612 
8.820000 	 -0.109674 
8.840000 	 0.180599 
8.860000 	 0.043751 
8.880000 	 -0.415321 
8.900000 	 0.108913 
8.920000 	 0.033656 
8.940000 	 0.141438 
8.960000 	 0.049295 
8.980000 	 0.133983 
9.000000 	 -0.180331 
9.020000 	 0.034512 
9.040000 	 0.280070 
9.060000 	 -0.020451 
9.080000 	 0.003825 
9.100000 	 -0.155692 
9.120000 	 -0.095316 
9.140000 	 0.141332 
9.160000 	 0.207691 
9.180000 	 0.047045 
9.200000 	 0.115897 
9.220000 	 0.112326 
9.240000 	 0.111914 
9.260000 	 0.334354 
9.280000 	 0.092192 
9.300000 	 -0.300158 
9.320000 	 0.217145 
9.340000 	 0.373283 
9.360000 	 0.119487 
9.380000 	 0.116654 
9.400000 	 0.019698 
9.420000 	 0.105582 
9.440000 	 0.165389 
9.460000 	 -0.084525 
9.480000 	 0.216346 
9.500000 	 0.067885 
9.520000 	 -0.126921 
9.540000 	 0.172488 
9.560000 	 0.103896 
9.580000 	 -0.009631 
9.600000 	 -0.144653 
9.620000 	 0.298102 
9.640000 	 0.068429 
9.660000 	 0.108972 
9.680000 	 -0.127929 
9.700000 	 -0.260622 
9.720000 	 0.050504 
9.740000 	 0.047881 
9.760000 	 0.173612 
9.780000 	 0.116408 
9.800000 	 0.217680 
9.820000 	 0.049393 
9.840000 	 0.053717 
9.860000 	 0.036148 
9.880000 	 -0.111587 
9.900000 	 -0.092679 
9.920000 	 0.156899 
9.940000 	 -0.131727 
9.960000 	 -0.056535 
9.980000 	 0.089527 
10.000000 	 -0.182892 
10.020000 	 0.024815 
10.040000 	 0.196200 
10.060000 	 0.051498 
10.080000 	 0.133432 
10.100000 	 -0.226376 
10.120000 	 0.079124 
10.140000 	 0.076631 
10.160000 	 -0.173653 
10.180000 	 -0.117332 
10.200000 	 0.042663 
10.220000 	 -0.090912 
10.240000 	 0.066875 
10.260000 	 0.325213 
10.280000 	 0.272866 
10.300000 	 0.124079 
10.320000 	 -0.043094 
10.340000 	 0.032833 
10.360000 	 -0.043142 
10.380000 	 0.033193 
10.400000 	 -0.206697 
10.420000 	 0.091690 
10.440000 	 -0.164757 
10.460000 	 -0.081425 
10.480000 	 -0.009668 
10.500000 	 0.012251 
10.520000 	 0.025863 
10.540000 	 -0.049382 
10.560000 	 -0.144917 
10.580000 	 -0.157198 
10.600000 	 0.178614 
10.620000 	 0.347597 
10.640000 	 0.216515 
10.660000 	 0.341218 
10.680000 	 -0.010428 
10.700000 	 -0.003702 
10.720000 	 -0.482316 
10.740000 	 -0.037647 
10.760000 	 -0.047376 
10.780000 	 -0.134587 
10.800000 	 -0.287024 
10.820000 	 -0.028069 
10.840000 	 0.009113 
10.860000 	 0.121296 
10.880000 	 0.006636 
10.900000 	 -0.212000 
10.920000 	 0.105004 
10.940000 	 -0.274155 
10.960000 	 0.105073 
10.980000 	 -0.122518 
11.000000 	 0.016564 
11.020000 	 -0.073633 
11.040000 	 -0.417717 
11.060000 	 -0.084507 
11.080000 	 -0.056859 
11.100000 	 -0.236826 
11.120000 	 -0.162149 
11.140000 	 0.165144 
11.160000 	 0.037756 
11.180000 	 -0.144947 
11.200000 	 0.022707 
11.220000 	 0.176863 
11.240000 	 0.097601 
11.260000 	 0.072422 
11.280000 	 0.018203 
11.300000 	 -0.191176 
11.320000 	 0.171411 
11.340000 	 0.138683 
11.360000 	 0.118679 
11.380000 	 0.424733 
11.400000 	 0.189364 
11.420000 	 -0.062877 
11.440000 	 -0.203676 
11.460000 	 -0.054364 
11.480000 	 -0.140115 
11.500000 	 -0.086917 
11.520000 	 -0.151948 
11.540000 	 0.137081 
11.560000 	 -0.101611 
11.580000 	 0.016272 
11.600000 	 -0.016661 
11.620000 	 -0.125990 
11.640000 	 0.320881 
11.660000 	 -0.090531 
11.680000 	 -0.218180 
11.700000 	 0.228935 
11.720000 	 -0.194251 
11.740000 	 0.010832 
11.760000 	 -0.177466 
11.780000 	 -0.282110 
11.800000 	 -0.114058 
11.820000 	 0.002078 
11.840000 	 0.018169 
11.860000 	 -0.128730 
11.880000 	 -0.098337 
11.900000 	 0.056483 
11.920000 	 0.138417 
11.940000 	 -0.004383 
11.960000 	 -0.002323 
11.980000 	 0.179897 
12.000000 	 0.001918 
12.020000 	 -0.024068 
12.040000 	 -0.040970 
12.060000 	 0.019352 
12.080000 	 -0.175815 
12.100000 	 0.119005 
12.120000 	 -0.025226 
12.140000 	 0.026901 
12.160000 	 0.223328 
12.180000 	 -0.002460 
12.200000 	 -0.174012 
12.220000 	 -0.219043 
12.240000 	 0.162569 
12.260000 	 -0.049992 
12.280000 	 0.149398 
12.300000 	 0.145346 
12.320000 	 0.140782 
12.340000 	 -0.103157 
12.360000 	 0.051731 
12.380000 	 0.096697 
12.400000 	 0.228244 
12.420000 	 0.264078 
12.440000 	 0.329065 
12.460000 	 -0.063958 
12.480000 	 -0.135449 
12.500000 	 0.051794 
12.520000 	 -0.015349 
12.540000 	 -0.060551 
12.560000 	 0.299817 
12.580000 	 0.033299 
12.600000 	 0.086509 
12.620000 	 0.260775 
12.640000 	 -0.170983 
12.660000 	 0.073641 
12.680000 	 0.063004 
12.700000 	 -0.144549 
12.720000 	 -0.027840 
12.740000 	 -0.214614 
12.760000 	 0.161477 
12.780000 	 0.197303 
12.800000 	 -0.043340 
12.820000 	 -0.252021 
12.840000 	 -0.136445 
12.860000 	 -0.115950 
12.880000 	 0.151163 
12.900000 	 0.090289 
12.920000 	 -0.058505 
12.940000 	 0.163791 
12.960000 	 0.107545 
12.980000 	 0.198404 
13.000000 	 -0.112002 
13.020000 	 -0.026231 
13.040000 	 -0.099139 
13.060000 	 0.273064 
13.080000 	 0.144322 
13.100000 	 0.182007 
13.120000 	 0.080006 
13.140000 	 -0.059453 
13.160000 	 -0.009073 
13.180000 	 -0.032853 
13.200000 	 0.313984 
13.220000 	 0.026075 
13.240000 	 0.050645 
13.260000 	 0.094160 
13.280000 	 -0.022249 
13.300000 	 -0.030153 
13.320000 	 0.134034 
13.340000 	 -0.189598 
13.360000 	 0.027491 
13.380000 	 -0.129422 
13.400000 	 -0.199804 
13.420000 	 -0.090311 
13.440000 	 0.145309 
13.460000 	 -0.196853 
13.480000 	 0.076365 
13.500000 	 -0.108125 
13.520000 	 -0.093031 
13.540000 	 0.338468 
13.560000 	 -0.120173 
13.580000 	 0.427356 
13.600000 	 0.222344 
13.620000 	 0.082603 
13.640000 	 -0.208264 
13.660000 	 0.177025 
13.680000 	 -0.192184 
13.700000 	 0.161445 
13.720000 	 -0.262513 
13.740000 	 -0.056799 
13.760000 	 0.107421 
13.780000 	 0.189482 
13.800000 	 -0.075138 
13.820000 	 -0.171059 
13.840000 	 -0.178237 
13.860000 	 -0.135161 
13.880000 	 -0.065392 
13.900000 	 -0.269290 
13.920000 	 0.113874 
13.940000 	 0.130501 
13.960000 	 -0.000839 
13.980000 	 0.270511 
14.000000 	 0.039189 
14.020000 	 0.128148 
14.040000 	 -0.331404 
14.060000 	 0.071482 
14.080000 	 0.038588 
14.100000 	 0.032839 
14.120000 	 -0.116034 
14.140000 	 0.047819 
14.160000 	 0.033082 
14.180000 	 0.004055 
14.200000 	 0.196544 
14.220000 	 -0.186449 
14.240000 	 0.320239 
14.260000 	 0.057199 
14.280000 	 -0.133637 
14.300000 	 -0.073705 
14.320000 	 0.197822 
14.340000 	 -0.107453 
14.360000 	 0.113096 
14.380000 	 -0.238560 
14.400000 	 0.206968 
14.420000 	 0.036546 
14.440000 	 -0.169331 
14.460000 	 0.044417 
14.480000 	 0.231385 
14.500000 	 0.146339 
14.520000 	 0.168644 
14.540000 	 0.093750 
14.560000 	 0.031215 
14.580000 	 0.109228 
14.600000 	 0.171664 
14.620000 	 -0.227423 
14.640000 	 0.042780 
14.660000 	 -0.020896 
14.680000 	 0.373102 
14.700000 	 -0.021500 
14.720000 	 0.147469 
14.740000 	 -0.217395 
14.760000 	 0.061230 
14.780000 	 -0.117725 
14.800000 	 0.116561 
14.820000 	 -0.252421 
14.840000 	 0.034973 
14.860000 	 0.006078 
14.880000 	 0.055535 
14.900000 	 0.160199 
14.920000 	 0.023473 
14.940000 	 0.000590 
14.960000 	 -0.089636 
14.980000 	 0.025740 
15.000000 	 -0.160797 
