-15.000000 	 -0.004733 
-14.980000 	 0.149769 
-14.960000 	 -0.085212 
-14.940000 	 0.114637 
-14.920000 	 0.239178 
-14.900000 	 0.155336 
-14.880000 	 -0.038287 
-14.860000 	 0.147371 
-14.840000 	 0.050722 
-14.820000 	 0.180990 
-14.800000 	 0.007863 
-14.780000 	 -0.001996 
-14.760000 	 -0.094094 
-14.740000 	 0.068094 
-14.720000 	 0.097809 
-14.700000 	 -0.341087 
-14.680000 	 -0.191211 
-14.660000 	 -0.125685 
-14.640000 	 0.063967 
-14.620000 	 -0.062958 
-14.600000 	 0.028329 
-14.580000 	 0.026179 
-14.560000 	 0.080420 
-14.540000 	 0.040057 
-14.520000 	 0.000356 
-14.500000 	 0.057842 
-14.480000 	 0.233140 
-14.460000 	 -0.161701 
-14.440000 	 -0.092622 
-14.420000 	 0.049823 
-14.400000 	 0.109516 
-14.380000 	 0.186995 
-14.360000 	 -0.011294 
-14.340000 	 0.015050 
-14.320000 	 0.061450 
-14.300000 	 0.118478 
-14.280000 	 -0.158190 
-14.260000 	 0.163615 
-14.240000 	 0.010493 
-14.220000 	 0.047809 
-14.200000 	 -0.058743 
-14.180000 	 -0.072371 
-14.160000 	 -0.106715 
-14.140000 	 -0.057654 
-14.120000 	 -0.080420 
-14.100000 	 -0.063163 
-14.080000 	 0.451015 
-14.060000 	 0.094105 
-14.040000 	 -0.099342 
-14.020000 	 -0.148087 
-14.000000 	 0.284051 
-13.980000 	 -0.010062 
-13.960000 	 -0.059292 
-13.940000 	 0.071156 
-13.920000 	 0.015905 
-13.900000 	 0.016127 
-13.880000 	 0.020837 
-13.860000 	 -0.165240 
-13.840000 	 0.110222 
-13.820000 	 -0.048560 
-13.800000 	 -0.003588 
-13.780000 	 0.121343 
-13.760000 	 0.320165 
-13.740000 	 -0.091521 
-13.720000 	 0.062932 
-13.700000 	 0.127345 
-13.680000 	 0.051922 
-13.660000 	 0.041149 
-13.640000 	 -0.142411 
-13.620000 	 0.069228 
-13.600000 	 -0.204526 
-13.580000 	 -0.053886 
-13.560000 	 0.048888 
-13.540000 	 -0.065420 
-13.520000 	 0.207858 
-13.500000 	 0.065313 
-13.480000 	 0.180016 
-13.460000 	 -0.130999 
-13.440000 	 -0.000044 
-13.420000 	 -0.066131 
-13.400000 	 0.103789 
-13.380000 	 0.016478 
-13.360000 	 -0.184884 
-13.340000 	 -0.263147 
-13.320000 	 0.140498 
-13.300000 	 0.169851 
-13.280000 	 0.167785 
-13.260000 	 -0.065547 
-13.240000 	 0.228184 
-13.220000 	 0.013298 
-13.200000 	 -0.069540 
-13.180000 	 -0.202000 
-13.160000 	 0.276273 
-13.140000 	 0.087437 
-13.120000 	 0.070438 
-13.100000 	 -0.124799 
-13.080000 	 -0.006134 
-13.060000 	 -0.144734 
-13.040000 	 0.155477 
-13.020000 	 -0.102774 
-13.000000 	 0.300229 
-12.980000 	 -0.059557 
-12.960000 	 0.039223 
-12.940000 	 0.188115 
-12.920000 	 0.169866 
-12.900000 	 -0.146714 
-12.880000 	 0.081243 
-12.860000 	 0.101966 
-12.840000 	 -0.020205 
-12.820000 	 0.009434 
-12.800000 	 0.043223 
-12.780000 	 0.008465 
-12.760000 	 -0.188351 
-12.740000 	 0.068522 
-12.720000 	 -0.117141 
-12.700000 	 -0.247568 
-12.680000 	 0.139085 
-12.660000 	 -0.194645 
-12.640000 	 0.080620 
-12.620000 	 0.199851 
-12.600000 	 0.033253 
-12.580000 	 0.152507 
-12.560000 	 -0.019629 
-12.540000 	 -0.114399 
-12.520000 	 -0.156252 
-12.500000 	 -0.045355 
-12.480000 	 0.231312 
-12.460000 	 -0.006989 
-12.440000 	 0.007658 
-12.420000 	 0.111212 
-12.400000 	 0.112471 
-12.380000 	 -0.315508 
-12.360000 	 -0.111382 
-12.340000 	 0.026690 
-12.320000 	 -0.138490 
-12.300000 	 0.006423 
-12.280000 	 -0.154688 
-12.260000 	 -0.335742 
-12.240000 	 -0.175609 
-12.220000 	 0.114607 
-12.200000 	 0.025151 
-12.180000 	 0.020393 
-12.160000 	 0.206147 
-12.140000 	 -0.006644 
-12.120000 	 -0.082327 
-12.100000 	 -0.006488 
-12.080000 	 -0.187588 
-12.060000 	 0.190701 
-12.040000 	 0.043960 
-12.020000 	 -0.127935 
-12.000000 	 -0.053700 
-11.980000 	 -0.170298 
-11.960000 	 0.093060 
-11.940000 	 -0.393381 
-11.920000 	 0.276111 
-11.900000 	 -0.095442 
-11.880000 	 0.086986 
-11.860000 	 -0.119509 
-11.840000 	 0.175252 
-11.820000 	 -0.191817 
-11.800000 	 -0.015801 
-11.780000 	 -0.179975 
-11.760000 	 0.178272 
-11.740000 	 0.014732 
-11.720000 	 -0.062595 
-11.700000 	 0.086437 
-11.680000 	 -0.100000 
-11.660000 	 0.224033 
-11.640000 	 0.229218 
-11.620000 	 0.166937 
-11.600000 	 0.062160 
-11.580000 	 -0.110093 
-11.560000 	 -0.024670 
-11.540000 	 0.218861 
-11.520000 	 -0.004973 
-11.500000 	 -0.100116 
-11.480000 	 -0.055263 
-11.460000 	 0.254177 
-11.440000 	 -0.020646 
-11.420000 	 0.187296 
-11.400000 	 -0.070436 
-11.380000 	 0.176957 
-11.360000 	 -0.152496 
-11.340000 	 0.209863 
-11.320000 	 0.149126 
-11.300000 	 0.096060 
-11.280000 	 -0.111608 
-11.260000 	 0.119658 
-11.240000 	 0.276995 
-11.220000 	 -0.224763 
-11.200000 	 0.075296 
-11.180000 	 0.135050 
-11.160000 	 0.257481 
-11.140000 	 -0.213888 
-11.120000 	 0.033377 
-11.100000 	 -0.093340 
-11.080000 	 0.215865 
-11.060000 	 -0.231029 
-11.040000 	 0.134986 
-11.020000 	 0.117282 
-11.000000 	 -0.237328 
-10.980000 	 0.056757 
-10.960000 	 -0.159848 
-10.940000 	 0.065187 
-10.920000 	 0.225097 
-10.900000 	 0.154338 
-10.880000 	 -0.020004 
-10.860000 	 0.053638 
-10.840000 	 0.096928 
-10.820000 	 -0.218668 
-10.800000 	 -0.325417 
-10.780000 	 -0.123235 
-10.760000 	 -0.047589 
-10.740000 	 -0.056711 
-10.720000 	 -0.106981 
-10.700000 	 -0.099204 
-10.680000 	 -0.025624 
-10.660000 	 -0.083100 
-10.640000 	 -0.076816 
-10.620000 	 -0.188598 
-10.600000 	 -0.063027 
-10.580000 	 -0.156773 
-10.560000 	 0.075461 
-10.540000 	 0.023941 
-10.520000 	 0.086018 
-10.500000 	 -0.069221 
-10.480000 	 -0.014857 
-10.460000 	 -0.117352 
-10.440000 	 0.050054 
-10.420000 	 -0.098223 
-10.400000 	 -0.006464 
-10.380000 	 0.006135 
-10.360000 	 0.071556 
-10.340000 	 0.023920 
-10.320000 	 -0.151894 
-10.300000 	 -0.082625 
-10.280000 	 -0.038044 
-10.260000 	 0.061025 
-10.240000 	 -0.016529 
-10.220000 	 -0.157517 
-10.200000 	 0.037187 
-10.180000 	 0.138160 
-10.160000 	 0.116949 
-10.140000 	 0.084552 
-10.120000 	 0.016698 
-10.100000 	 -0.112178 
-10.080000 	 -0.014128 
-10.060000 	 0.110468 
-10.040000 	 -0.035135 
-10.020000 	 0.252469 
-10.000000 	 0.066104 
-9.980000 	 -0.227257 
-9.960000 	 0.154603 
-9.940000 	 0.066581 
-9.920000 	 -0.113115 
-9.900000 	 -0.058827 
-9.880000 	 0.161719 
-9.860000 	 -0.058274 
-9.840000 	 -0.067180 
-9.820000 	 -0.154597 
-9.800000 	 0.015589 
-9.780000 	 -0.076554 
-9.760000 	 0.033134 
-9.740000 	 -0.169871 
-9.720000 	 -0.121801 
-9.700000 	 -0.159842 
-9.680000 	 -0.123958 
-9.660000 	 -0.173628 
-9.640000 	 0.235247 
-9.620000 	 -0.102296 
-9.600000 	 -0.076782 
-9.580000 	 -0.035238 
-9.560000 	 -0.104140 
-9.540000 	 -0.115689 
-9.520000 	 0.188551 
-9.500000 	 -0.220537 
-9.480000 	 0.016301 
-9.460000 	 0.167111 
-9.440000 	 -0.080893 
-9.420000 	 -0.162781 
-9.400000 	 -0.019305 
-9.380000 	 -0.222452 
-9.360000 	 -0.240212 
-9.340000 	 0.213841 
-9.320000 	 0.061502 
-9.300000 	 0.147892 
-9.280000 	 -0.114831 
-9.260000 	 -0.092175 
-9.240000 	 -0.030022 
-9.220000 	 0.063921 
-9.200000 	 -0.012752 
-9.180000 	 0.053120 
-9.160000 	 -0.058639 
-9.140000 	 -0.135904 
-9.120000 	 -0.232117 
-9.100000 	 -0.006733 
-9.080000 	 -0.062034 
-9.060000 	 0.174974 
-9.040000 	 -0.075987 
-9.020000 	 -0.088503 
-9.000000 	 -0.430735 
-8.980000 	 0.053421 
-8.960000 	 -0.054933 
-8.940000 	 0.035489 
-8.920000 	 -0.061589 
-8.900000 	 0.001501 
-8.880000 	 0.024369 
-8.860000 	 -0.238299 
-8.840000 	 -0.012799 
-8.820000 	 -0.246415 
-8.800000 	 -0.016800 
-8.780000 	 -0.087508 
-8.760000 	 0.214067 
-8.740000 	 0.020490 
-8.720000 	 -0.055722 
-8.700000 	 0.226290 
-8.680000 	 -0.033679 
-8.660000 	 -0.079677 
-8.640000 	 -0.164203 
-8.620000 	 0.102174 
-8.600000 	 0.102467 
-8.580000 	 -0.271824 
-8.560000 	 -0.082692 
-8.540000 	 0.019694 
-8.520000 	 -0.070249 
-8.500000 	 -0.265265 
-8.480000 	 0.172941 
-8.460000 	 0.030034 
-8.440000 	 0.112070 
-8.420000 	 0.090388 
-8.400000 	 -0.073564 
-8.380000 	 0.282843 
-8.360000 	 -0.050760 
-8.340000 	 0.153039 
-8.320000 	 -0.050665 
-8.300000 	 -0.073772 
-8.280000 	 0.232656 
-8.260000 	 -0.193859 
-8.240000 	 0.179014 
-8.220000 	 0.110415 
-8.200000 	 -0.066062 
-8.180000 	 0.016449 
-8.160000 	 0.092733 
-8.140000 	 -0.164976 
-8.120000 	 0.129016 
-8.100000 	 0.111634 
-8.080000 	 0.252229 
-8.060000 	 -0.022585 
-8.040000 	 0.023128 
-8.020000 	 -0.158513 
-8.000000 	 0.192009 
-7.980000 	 -0.184732 
-7.960000 	 0.176543 
-7.940000 	 -0.112129 
-7.920000 	 -0.108351 
-7.900000 	 0.500487 
-7.880000 	 0.224135 
-7.860000 	 -0.129391 
-7.840000 	 0.198024 
-7.820000 	 -0.054839 
-7.800000 	 -0.045256 
-7.780000 	 -0.033514 
-7.760000 	 -0.242473 
-7.740000 	 0.035115 
-7.720000 	 0.115034 
-7.700000 	 -0.167571 
-7.680000 	 0.001496 
-7.660000 	 0.277992 
-7.640000 	 -0.166718 
-7.620000 	 -0.140748 
-7.600000 	 0.145818 
-7.580000 	 0.126029 
-7.560000 	 -0.067556 
-7.540000 	 0.209633 
-7.520000 	 -0.108248 
-7.500000 	 0.119202 
-7.480000 	 -0.120204 
-7.460000 	 -0.010613 
-7.440000 	 0.038443 
-7.420000 	 0.098147 
-7.400000 	 0.063304 
-7.380000 	 0.012440 
-7.360000 	 -0.050344 
-7.340000 	 0.128387 
-7.320000 	 -0.004095 
-7.300000 	 0.032776 
-7.280000 	 -0.021100 
-7.260000 	 -0.355906 
-7.240000 	 -0.068640 
-7.220000 	 0.111479 
-7.200000 	 0.075697 
-7.180000 	 0.400147 
-7.160000 	 -0.070435 
-7.140000 	 -0.123125 
-7.120000 	 -0.126645 
-7.100000 	 0.075776 
-7.080000 	 0.025967 
-7.060000 	 -0.048340 
-7.040000 	 0.190763 
-7.020000 	 0.454868 
-7.000000 	 0.100038 
-6.980000 	 0.085534 
-6.960000 	 0.143366 
-6.940000 	 0.220582 
-6.920000 	 0.168860 
-6.900000 	 -0.059900 
-6.880000 	 0.038917 
-6.860000 	 0.116457 
-6.840000 	 0.186534 
-6.820000 	 0.026928 
-6.800000 	 0.331165 
-6.780000 	 0.150234 
-6.760000 	 0.320879 
-6.740000 	 -0.069631 
-6.720000 	 0.229295 
-6.700000 	 -0.199086 
-6.680000 	 0.344857 
-6.660000 	 0.161249 
-6.640000 	 -0.023190 
-6.620000 	 0.237688 
-6.600000 	 0.060242 
-6.580000 	 0.261738 
-6.560000 	 0.305706 
-6.540000 	 0.294319 
-6.520000 	 0.181333 
-6.500000 	 0.201891 
-6.480000 	 0.305274 
-6.460000 	 0.145039 
-6.440000 	 0.208622 
-6.420000 	 0.229968 
-6.400000 	 0.065722 
-6.380000 	 0.241490 
-6.360000 	 0.197721 
-6.340000 	 0.122389 
-6.320000 	 0.116974 
-6.300000 	 0.218826 
-6.280000 	 0.200388 
-6.260000 	 0.354776 
-6.240000 	 0.161790 
-6.220000 	 -0.043267 
-6.200000 	 -0.085213 
-6.180000 	 0.027219 
-6.160000 	 0.173326 
-6.140000 	 0.006622 
-6.120000 	 0.253272 
-6.100000 	 0.195463 
-6.080000 	 0.306661 
-6.060000 	 0.169522 
-6.040000 	 0.319138 
-6.020000 	 0.116935 
-6.000000 	 0.098940 
-5.980000 	 0.030312 
-5.960000 	 0.009174 
-5.940000 	 0.298797 
-5.920000 	 0.551702 
-5.900000 	 0.427256 
-5.880000 	 0.294460 
-5.860000 	 0.332174 
-5.840000 	 0.109897 
-5.820000 	 0.191953 
-5.800000 	 0.174867 
-5.780000 	 0.273867 
-5.760000 	 0.287907 
-5.740000 	 0.234167 
-5.720000 	 0.114680 
-5.700000 	 0.255394 
-5.680000 	 0.301033 
-5.660000 	 0.111102 
-5.640000 	 0.125102 
-5.620000 	 0.219734 
-5.600000 	 0.241873 
-5.580000 	 0.246112 
-5.560000 	 0.113652 
-5.540000 	 0.039132 
-5.520000 	 0.177961 
-5.500000 	 0.389413 
-5.480000 	 0.188600 
-5.460000 	 0.295910 
-5.440000 	 0.197402 
-5.420000 	 0.356166 
-5.400000 	 0.448109 
-5.380000 	 0.152306 
-5.360000 	 0.344982 
-5.340000 	 0.604563 
-5.320000 	 0.404825 
-5.300000 	 0.469271 
-5.280000 	 0.193148 
-5.260000 	 0.295928 
-5.240000 	 0.280204 
-5.220000 	 0.746449 
-5.200000 	 0.494326 
-5.180000 	 0.235649 
-5.160000 	 0.207568 
-5.140000 	 0.262928 
-5.120000 	 0.391710 
-5.100000 	 0.900000 
-5.080000 	 0.353155 
-5.060000 	 0.315479 
-5.040000 	 0.470012 
-5.020000 	 0.425155 
-5.000000 	 0.473490 
-4.980000 	 0.283901 
-4.960000 	 0.523282 
-4.940000 	 0.567684 
-4.920000 	 0.298405 
-4.900000 	 0.591439 
-4.880000 	 0.676428 
-4.860000 	 0.420084 
-4.840000 	 0.506266 
-4.820000 	 0.450533 
-4.800000 	 0.320816 
-4.780000 	 0.376331 
-4.760000 	 0.278124 
-4.740000 	 0.048790 
-4.720000 	 0.334057 
-4.700000 	 0.334100 
-4.680000 	 0.371238 
-4.660000 	 0.299432 
-4.640000 	 0.783884 
-4.620000 	 0.638914 
-4.600000 	 0.651134 
-4.580000 	 0.474858 
-4.560000 	 0.558406 
-4.540000 	 0.575289 
-4.520000 	 0.551705 
-4.500000 	 0.564367 
-4.480000 	 0.513244 
-4.460000 	 0.676469 
-4.440000 	 0.668388 
-4.420000 	 0.463090 
-4.400000 	 0.387669 
-4.380000 	 0.690341 
-4.360000 	 0.458881 
-4.340000 	 0.396803 
-4.320000 	 0.639156 
-4.300000 	 0.383540 
-4.280000 	 0.441276 
-4.260000 	 0.614139 
-4.240000 	 0.457864 
-4.220000 	 0.587298 
-4.200000 	 0.406065 
-4.180000 	 0.615837 
-4.160000 	 0.310451 
-4.140000 	 0.450327 
-4.120000 	 0.495234 
-4.100000 	 0.671798 
-4.080000 	 0.440586 
-4.060000 	 0.628493 
-4.040000 	 0.235950 
-4.020000 	 0.506561 
-4.000000 	 0.340451 
-3.980000 	 0.769128 
-3.960000 	 0.465322 
-3.940000 	 0.660673 
-3.920000 	 0.418772 
-3.900000 	 0.527153 
-3.880000 	 0.668501 
-3.860000 	 0.652532 
-3.840000 	 0.426977 
-3.820000 	 0.579101 
-3.800000 	 0.574593 
-3.780000 	 0.559397 
-3.760000 	 0.455828 
-3.740000 	 0.740389 
-3.720000 	 0.551569 
-3.700000 	 0.431399 
-3.680000 	 0.425804 
-3.660000 	 0.393356 
-3.640000 	 0.589282 
-3.620000 	 0.544449 
-3.600000 	 0.457326 
-3.580000 	 0.532389 
-3.560000 	 0.289374 
-3.540000 	 0.452275 
-3.520000 	 0.263292 
-3.500000 	 0.673564 
-3.480000 	 0.429444 
-3.460000 	 0.521731 
-3.440000 	 0.569652 
-3.420000 	 0.176283 
-3.400000 	 0.362660 
-3.380000 	 0.539631 
-3.360000 	 0.479971 
-3.340000 	 0.374630 
-3.320000 	 0.622781 
-3.300000 	 0.628728 
-3.280000 	 0.346132 
-3.260000 	 0.711952 
-3.240000 	 0.564085 
-3.220000 	 0.604271 
-3.200000 	 0.327521 
-3.180000 	 0.422462 
-3.160000 	 0.534851 
-3.140000 	 0.375317 
-3.120000 	 0.367408 
-3.100000 	 0.509604 
-3.080000 	 0.607584 
-3.060000 	 0.626474 
-3.040000 	 0.194111 
-3.020000 	 0.494732 
-3.000000 	 0.350310 
-2.980000 	 0.491813 
-2.960000 	 0.318120 
-2.940000 	 0.387970 
-2.920000 	 0.481934 
-2.900000 	 0.460802 
-2.880000 	 0.215230 
-2.860000 	 0.683556 
-2.840000 	 0.270887 
-2.820000 	 0.314837 
-2.800000 	 0.329828 
-2.780000 	 0.133557 
-2.760000 	 0.584355 
-2.740000 	 0.284503 
-2.720000 	 0.285411 
-2.700000 	 0.425262 
-2.680000 	 0.421991 
-2.660000 	 0.275097 
-2.640000 	 0.145230 
-2.620000 	 0.312797 
-2.600000 	 0.509429 
-2.580000 	 0.286603 
-2.560000 	 0.414600 
-2.540000 	 0.252972 
-2.520000 	 0.335579 
-2.500000 	 0.188555 
-2.480000 	 0.199676 
-2.460000 	 0.229741 
-2.440000 	 0.184773 
-2.420000 	 0.153871 
-2.400000 	 0.446372 
-2.380000 	 0.110074 
-2.360000 	 0.209121 
-2.340000 	 0.262759 
-2.320000 	 0.281688 
-2.300000 	 0.297854 
-2.280000 	 0.137471 
-2.260000 	 0.406612 
-2.240000 	 0.282055 
-2.220000 	 0.216062 
-2.200000 	 0.263764 
-2.180000 	 0.285264 
-2.160000 	 0.340197 
-2.140000 	 0.576270 
-2.120000 	 0.419176 
-2.100000 	 0.025384 
-2.080000 	 0.209974 
-2.060000 	 0.286275 
-2.040000 	 0.262505 
-2.020000 	 0.117269 
-2.000000 	 0.352060 
-1.980000 	 0.134933 
-1.960000 	 0.174141 
-1.940000 	 0.080571 
-1.920000 	 0.153063 
-1.900000 	 0.342026 
-1.880000 	 0.139424 
-1.860000 	 0.374006 
-1.840000 	 0.197801 
-1.820000 	 0.269424 
-1.800000 	 0.195116 
-1.780000 	 0.271264 
-1.760000 	 0.039208 
-1.740000 	 0.325857 
-1.720000 	 0.305702 
-1.700000 	 0.159691 
-1.680000 	 -0.017890 
-1.660000 	 0.184839 
-1.640000 	 0.297113 
-1.620000 	 0.381673 
-1.600000 	 0.166791 
-1.580000 	 0.355470 
-1.560000 	 0.369751 
-1.540000 	 0.106596 
-1.520000 	 0.449870 
-1.500000 	 0.175072 
-1.480000 	 0.178465 
-1.460000 	 0.125313 
-1.440000 	 0.191703 
-1.420000 	 0.086708 
-1.400000 	 0.104934 
-1.380000 	 -0.192754 
-1.360000 	 0.322998 
-1.340000 	 -0.132556 
-1.320000 	 0.074754 
-1.300000 	 0.051074 
-1.280000 	 0.134825 
-1.260000 	 -0.102445 
-1.240000 	 -0.072926 
-1.220000 	 0.132829 
-1.200000 	 0.225431 
-1.180000 	 0.674839 
-1.160000 	 0.183686 
-1.140000 	 0.077172 
-1.120000 	 0.217339 
-1.100000 	 0.393197 
-1.080000 	 0.166257 
-1.060000 	 0.212118 
-1.040000 	 -0.166982 
-1.020000 	 0.386205 
-1.000000 	 0.056888 
-0.980000 	 0.262556 
-0.960000 	 0.432803 
-0.940000 	 0.152906 
-0.920000 	 0.188088 
-0.900000 	 0.073789 
-0.880000 	 0.091756 
-0.860000 	 0.185727 
-0.840000 	 -0.106824 
-0.820000 	 0.522946 
-0.800000 	 -0.076784 
-0.780000 	 0.314606 
-0.760000 	 0.199667 
-0.740000 	 0.099282 
-0.720000 	 0.245427 
-0.700000 	 0.034056 
-0.680000 	 0.103886 
-0.660000 	 0.167411 
-0.640000 	 0.532352 
-0.620000 	 0.219352 
-0.600000 	 0.350696 
-0.580000 	 0.007768 
-0.560000 	 -0.028566 
-0.540000 	 0.126556 
-0.520000 	 0.061170 
-0.500000 	 0.310632 
-0.480000 	 0.334685 
-0.460000 	 0.369240 
-0.440000 	 0.113986 
-0.420000 	 0.105523 
-0.400000 	 0.119938 
-0.380000 	 0.072134 
-0.360000 	 0.242338 
-0.340000 	 0.106247 
-0.320000 	 0.180678 
-0.300000 	 0.069550 
-0.280000 	 0.195626 
-0.260000 	 0.157805 
-0.240000 	 0.167295 
-0.220000 	 0.128607 
-0.200000 	 0.054087 
-0.180000 	 0.056869 
-0.160000 	 0.140611 
-0.140000 	 0.391095 
-0.120000 	 0.342584 
-0.100000 	 0.029836 
-0.080000 	 0.183160 
-0.060000 	 0.316010 
-0.040000 	 0.279256 
-0.020000 	 0.217967 
0.000000 	 0.264471 
0.020000 	 0.109294 
0.040000 	 0.098153 
0.060000 	 0.235365 
0.080000 	 0.431469 
0.100000 	 0.317127 
0.120000 	 0.137776 
0.140000 	 0.426383 
0.160000 	 0.234824 
0.180000 	 0.254862 
0.200000 	 0.339868 
0.220000 	 0.588563 
0.240000 	 0.390733 
0.260000 	 0.038507 
0.280000 	 0.415833 
0.300000 	 0.260303 
0.320000 	 0.004290 
0.340000 	 0.218548 
0.360000 	 0.508615 
0.380000 	 0.421937 
0.400000 	 0.274277 
0.420000 	 0.306551 
0.440000 	 -0.095293 
0.460000 	 0.094573 
0.480000 	 0.168038 
0.500000 	 0.537328 
0.520000 	 0.604184 
0.540000 	 0.099664 
0.560000 	 0.687669 
0.580000 	 0.646655 
0.600000 	 0.706006 
0.620000 	 0.228956 
0.640000 	 0.345091 
0.660000 	 0.530222 
0.680000 	 0.349805 
0.700000 	 0.386486 
0.720000 	 0.553498 
0.740000 	 0.811603 
0.760000 	 0.236380 
0.780000 	 0.320470 
0.800000 	 0.471000 
0.820000 	 0.398992 
0.840000 	 0.245152 
0.860000 	 0.484057 
0.880000 	 0.563255 
0.900000 	 0.617513 
0.920000 	 0.348063 
0.940000 	 0.309278 
0.960000 	 0.450856 
0.980000 	 0.501866 
1.000000 	 0.542341 
1.020000 	 0.426815 
1.040000 	 0.456322 
1.060000 	 0.490254 
1.080000 	 0.440074 
1.100000 	 0.760474 
1.120000 	 0.482289 
1.140000 	 0.812582 
1.160000 	 0.646520 
1.180000 	 0.730228 
1.200000 	 0.462816 
1.220000 	 0.678322 
1.240000 	 0.487160 
1.260000 	 0.658599 
1.280000 	 0.595712 
1.300000 	 0.613844 
1.320000 	 0.650034 
1.340000 	 0.648594 
1.360000 	 0.651699 
1.380000 	 0.655598 
1.400000 	 0.915745 
1.420000 	 0.795206 
1.440000 	 0.605292 
1.460000 	 0.524801 
1.480000 	 0.584169 
1.500000 	 0.763821 
1.520000 	 0.788395 
1.540000 	 0.746703 
1.560000 	 0.713614 
1.580000 	 0.457830 
1.600000 	 0.736394 
1.620000 	 0.949919 
1.640000 	 0.819887 
1.660000 	 0.677101 
1.680000 	 0.888807 
1.700000 	 1.164291 
1.720000 	 0.749313 
1.740000 	 0.608710 
1.760000 	 1.105622 
1.780000 	 1.121494 
1.800000 	 0.586263 
1.820000 	 1.026363 
1.840000 	 0.899410 
1.860000 	 0.607488 
1.880000 	 0.786124 
1.900000 	 0.933637 
1.920000 	 0.823754 
1.940000 	 1.033901 
1.960000 	 1.002969 
1.980000 	 0.879679 
2.000000 	 0.991898 
2.020000 	 1.220709 
2.040000 	 0.790333 
2.060000 	 1.064611 
2.080000 	 1.085856 
2.100000 	 1.221306 
2.120000 	 1.052122 
2.140000 	 0.750458 
2.160000 	 0.936109 
2.180000 	 0.961545 
2.200000 	 0.906729 
2.220000 	 1.011871 
2.240000 	 1.267916 
2.260000 	 0.855403 
2.280000 	 1.017975 
2.300000 	 0.929818 
2.320000 	 1.052155 
2.340000 	 1.183480 
2.360000 	 1.413527 
2.380000 	 1.103982 
2.400000 	 0.992269 
2.420000 	 0.908462 
2.440000 	 1.129270 
2.460000 	 0.960593 
2.480000 	 1.286824 
2.500000 	 1.316778 
2.520000 	 1.230423 
2.540000 	 1.298972 
2.560000 	 1.170261 
2.580000 	 1.122713 
2.600000 	 1.366164 
2.620000 	 1.150093 
2.640000 	 1.328497 
2.660000 	 0.997563 
2.680000 	 1.381532 
2.700000 	 1.342802 
2.720000 	 1.436531 
2.740000 	 1.241915 
2.760000 	 1.275240 
2.780000 	 1.371598 
2.800000 	 1.289210 
2.820000 	 1.527844 
2.840000 	 1.188805 
2.860000 	 1.155949 
2.880000 	 1.381583 
2.900000 	 1.071963 
2.920000 	 1.466675 
2.940000 	 1.443890 
2.960000 	 1.558482 
2.980000 	 1.378246 
3.000000 	 1.547793 
3.020000 	 1.552408 
3.040000 	 1.524528 
3.060000 	 1.332614 
3.080000 	 1.597911 
3.100000 	 1.571405 
3.120000 	 1.335107 
3.140000 	 1.573485 
3.160000 	 1.238170 
3.180000 	 1.572665 
3.200000 	 1.298331 
3.220000 	 1.461779 
3.240000 	 1.458917 
3.260000 	 1.600876 
3.280000 	 1.669410 
3.300000 	 1.517286 
3.320000 	 1.702119 
3.340000 	 1.266940 
3.360000 	 1.538834 
3.380000 	 0.600000 
3.400000 	 1.621463 
3.420000 	 1.466991 
3.440000 	 1.470882 
3.460000 	 1.586600 
3.480000 	 1.703307 
3.500000 	 1.642796 
3.520000 	 1.685551 
3.540000 	 1.279846 
3.560000 	 0.100000 
3.580000 	 1.773910 
3.600000 	 1.461102 
3.620000 	 1.855237 
3.640000 	 1.675664 
3.660000 	 1.576061 
3.680000 	 1.798388 
3.700000 	 1.653431 
3.720000 	 1.451828 
3.740000 	 1.640924 
3.760000 	 1.912332 
3.780000 	 1.579293 
3.800000 	 1.405720 
3.820000 	 1.556564 
3.840000 	 1.404517 
3.860000 	 1.497465 
3.880000 	 1.435879 
3.900000 	 1.213881 
3.920000 	 1.480984 
3.940000 	 1.804431 
3.960000 	 1.569689 
3.980000 	 1.466702 
4.000000 	 1.921947 
4.020000 	 1.616568 
4.040000 	 1.419371 
4.060000 	 1.562727 
4.080000 	 1.510392 
4.100000 	 1.271070 
4.120000 	 1.615361 
4.140000 	 1.629559 
4.160000 	 1.824258 
4.180000 	 1.488823 
4.200000 	 1.579306 
4.220000 	 1.711403 
4.240000 	 1.498376 
4.260000 	 1.575372 
4.280000 	 1.615456 
4.300000 	 1.617283 
4.320000 	 1.536404 
4.340000 	 1.589779 
4.360000 	 1.423968 
4.380000 	 1.480793 
4.400000 	 1.582857 
4.420000 	 1.549881 
4.440000 	 1.338798 
4.460000 	 1.449258 
4.480000 	 1.372926 
4.500000 	 1.639121 
4.520000 	 1.708672 
4.540000 	 1.653624 
4.560000 	 1.465076 
4.580000 	 1.358130 
4.600000 	 1.695876 
4.620000 	 1.000000 
4.640000 	 1.617706 
4.660000 	 1.517365 
4.680000 	 1.534137 
4.700000 	 1.509359 
4.720000 	 1.643045 
4.740000 	 1.447339 
4.760000 	 1.615258 
4.780000 	 1.615126 
4.800000 	 1.258234 
4.820000 	 1.566693 
4.840000 	 1.407931 
4.860000 	 1.437203 
4.880000 	 1.500576 
4.900000 	 1.092079 
4.920000 	 1.388509 
4.940000 	 1.522000 
4.960000 	 1.299520 
4.980000 	 1.263770 
5.000000 	 1.435527 
5.020000 	 1.471978 
5.040000 	 1.464242 
5.060000 	 1.535601 
5.080000 	 1.425511 
5.100000 	 1.541647 
5.120000 	 1.515786 
5.140000 	 1.683842 
5.160000 	 1.532427 
5.180000 	 1.217715 
5.200000 	 1.620619 
5.220000 	 1.465971 
5.240000 	 1.200551 
5.260000 	 1.460551 
5.280000 	 1.462520 
5.300000 	 0.931126 
5.320000 	 1.263739 
5.340000 	 1.282539 
5.360000 	 1.208328 
5.380000 	 1.385999 
5.400000 	 1.313932 
5.420000 	 1.460690 
5.440000 	 1.293257 
5.460000 	 1.096091 
5.480000 	 1.105745 
5.500000 	 1.529558 
5.520000 	 1.130789 
5.540000 	 1.159243 
5.560000 	 0.825272 
5.580000 	 1.299289 
5.600000 	 1.107057 
5.620000 	 1.337512 
5.640000 	 1.404733 
5.660000 	 1.236610 
5.680000 	 1.163607 
5.700000 	 1.043772 
5.720000 	 0.979678 
5.740000 	 1.178826 
5.760000 	 1.076504 
5.780000 	 1.040630 
5.800000 	 1.012171 
5.820000 	 1.387668 
5.840000 	 0.995099 
5.860000 	 1.179104 
5.880000 	 1.215908 
5.900000 	 1.220933 
5.920000 	 1.070830 
5.940000 	 0.959977 
5.960000 	 1.046944 
5.980000 	 1.031577 
6.000000 	 1.191017 
6.020000 	 1.023937 
6.040000 	 0.754204 
6.060000 	 0.946908 
6.080000 	 1.020749 
6.100000 	 1.134960 
6.120000 	 0.773110 
6.140000 	 0.855983 
6.160000 	 0.764698 
6.180000 	 1.045864 
6.200000 	 0.936981 
6.220000 	 0.757883 
6.240000 	 0.771967 
6.260000 	 1.037036 
6.280000 	 0.874935 
6.300000 	 0.688924 
6.320000 	 0.668633 
6.340000 	 0.870127 
6.360000 	 0.842515 
6.380000 	 0.671185 
6.400000 	 0.867422 
6.420000 	 0.604436 
6.440000 	 0.909322 
6.460000 	 0.705831 
6.480000 	 0.779441 
6.500000 	 0.468252 
6.520000 	 0.813272 
6.540000 	 0.914818 
6.560000 	 0.608758 
6.580000 	 0.737104 
6.600000 	 1.004762 
6.620000 	 0.792744 
6.640000 	 0.664728 
6.660000 	 0.785618 
6.680000 	 0.449668 
6.700000 	 0.571547 
6.720000 	 0.532639 
6.740000 	 0.672838 
6.760000 	 0.772483 
6.780000 	 0.638633 
6.800000 	 0.803389 
6.820000 	 0.387584 
6.840000 	 0.433681 
6.860000 	 0.808055 
6.880000 	 0.435785 
6.900000 	 0.693923 
6.920000 	 0.356115 
6.940000 	 0.769069 
6.960000 	 0.371983 
6.980000 	 0.685013 
7.000000 	 0.597007 
7.020000 	 0.375425 
7.040000 	 0.606083 
7.060000 	 0.320121 
7.080000 	 0.408923 
7.100000 	 0.679150 
7.120000 	 0.452642 
7.140000 	 0.492314 
7.160000 	 0.280324 
7.180000 	 0.425944 
7.200000 	 0.387051 
7.220000 	 0.164990 
7.240000 	 0.441368 
7.260000 	 0.551925 
7.280000 	 0.183146 
7.300000 	 0.326307 
7.320000 	 0.217333 
7.340000 	 0.394547 
7.360000 	 0.376735 
7.380000 	 0.638827 
7.400000 	 0.453556 
7.420000 	 0.381798 
7.440000 	 0.619006 
7.460000 	 0.402333 
7.480000 	 0.146362 
7.500000 	 0.214922 
7.520000 	 0.141469 
7.540000 	 0.229545 
7.560000 	 0.493324 
7.580000 	 0.376191 
7.600000 	 0.219633 
7.620000 	 0.490638 
7.640000 	 0.438269 
7.660000 	 0.085134 
7.680000 	 0.360628 
7.700000 	 -0.024804 
7.720000 	 0.482686 
7.740000 	 0.209381 
7.760000 	 0.321895 
7.780000 	 0.465228 
7.800000 	 0.214061 
7.820000 	 0.297739 
7.840000 	 0.220832 
7.860000 	 0.281122 
7.880000 	 0.187845 
7.900000 	 0.086170 
7.920000 	 0.500150 
7.940000 	 0.164015 
7.960000 	 0.320295 
7.980000 	 0.217048 
8.000000 	 -0.025336 
8.020000 	 0.366579 
8.040000 	 -0.037227 
8.060000 	 -0.048311 
8.080000 	 0.287135 
8.100000 	 -0.163446 
8.120000 	 0.554162 
8.140000 	 0.159887 
8.160000 	 0.217815 
8.180000 	 0.127766 
8.200000 	 0.158420 
8.220000 	 0.043510 
8.240000 	 0.131672 
8.260000 	 0.278256 
8.280000 	 -0.015751 
8.300000 	 0.106138 
8.320000 	 -0.236828 
8.340000 	 0.212576 
8.360000 	 0.301040 
8.380000 	 0.205030 
8.400000 	 0.051781 
8.420000 	 0.365082 
8.440000 	 0.162046 
8.460000 	 -0.023690 
8.480000 	 -0.142178 
8.500000 	 0.025003 
8.520000 	 0.166262 
8.540000 	 0.062053 
8.560000 	 0.399611 
8.580000 	 0.137118 
8.600000 	 -0.046968 
8.620000 	 0.239467 
8.640000 	 0.034640 
8.660000 	 0.306947 
8.680000 	 0.114593 
8.700000 	 -0.026988 
8.720000 	 0.226204 
8.740000 	 0.045704 
8.760000 	 -0.132376 
8.780000 	 0.138578 
8.800000 	 0.191725 
8.820000 	 0.348978 
8.840000 	 0.226789 
8.860000 	 0.192811 
8.880000 	 -0.138331 
8.900000 	 -0.150751 
8.920000 	 0.193581 
8.940000 	 0.100403 
8.960000 	 0.143157 
8.980000 	 0.042497 
9.000000 	 0.080792 
9.020000 	 0.143771 
9.040000 	 0.153898 
9.060000 	 -0.047753 
9.080000 	 -0.006190 
9.100000 	 0.112058 
9.120000 	 -0.003835 
9.140000 	 -0.044874 
9.160000 	 0.023039 
9.180000 	 0.042438 
9.200000 	 -0.218449 
9.220000 	 0.327585 
9.240000 	 0.140931 
9.260000 	 0.022062 
9.280000 	 0.335295 
9.300000 	 -0.205822 
9.320000 	 0.165981 
9.340000 	 -0.151032 
9.360000 	 -0.137637 
9.380000 	 -0.180792 
9.400000 	 0.137737 
9.420000 	 -0.158021 
9.440000 	 0.057330 
9.460000 	 0.083916 
9.480000 	 0.052963 
9.500000 	 -0.057794 
9.520000 	 -0.011632 
9.540000 	 0.067465 
9.560000 	 -0.018929 
9.580000 	 0.138928 
9.600000 	 0.003992 
9.620000 	 -0.010010 
9.640000 	 -0.041162 
9.660000 	 -0.019396 
9.680000 	 -0.075537 
9.700000 	 -0.020785 
9.720000 	 -0.063926 
9.740000 	 0.018523 
9.760000 	 0.057684 
9.780000 	 0.015754 
9.800000 	 0.288730 
9.820000 	 -0.144723 
9.840000 	 0.074250 
9.860000 	 -0.044623 
9.880000 	 -0.108688 
9.900000 	 0.037334 
9.920000 	 0.096511 
9.940000 	 0.113468 
9.960000 	 0.008003 
9.980000 	 0.173087 
10.000000 	 0.223731 
10.020000 	 0.022349 
10.040000 	 0.054513 
10.060000 	 -0.062352 
10.080000 	 0.003823 
10.100000 	 -0.214797 
10.120000 	 0.110325 
10.140000 	 0.132361 
10.160000 	 0.097740 
10.180000 	 -0.202542 
10.200000 	 0.037743 
10.220000 	 -0.340993 
10.240000 	 0.279625 
10.260000 	 -0.154073 
10.280000 	 -0.067332 
10.300000 	 -0.039417 
10.320000 	 -0.017914 
10.340000 	 -0.047047 
10.360000 	 -0.181453 
10.380000 	 -0.130144 
10.400000 	 0.044925 
10.420000 	 -0.086238 
10.440000 	 0.048254 
10.460000 	 -0.363036 
10.480000 	 -0.089523 
10.500000 	 -0.097202 
10.520000 	 0.074069 
10.540000 	 -0.034207 
10.560000 	 0.099614 
10.580000 	 -0.137321 
10.600000 	 0.007347 
10.620000 	 -0.042932 
10.640000 	 0.049695 
10.660000 	 -0.026923 
10.680000 	 -0.034702 
10.700000 	 -0.191942 
10.720000 	 0.084501 
10.740000 	 0.151524 
10.760000 	 -0.206111 
10.780000 	 -0.202585 
10.800000 	 -0.075906 
10.820000 	 0.034560 
10.840000 	 -0.060410 
10.860000 	 0.286957 
10.880000 	 -0.009283 
10.900000 	 -0.034576 
10.920000 	 0.006898 
10.940000 	 -0.375908 
10.960000 	 -0.102583 
10.980000 	 -0.020131 
11.000000 	 -0.223111 
11.020000 	 -0.113806 
11.040000 	 -0.220002 
11.060000 	 0.058298 
11.080000 	 0.113274 
11.100000 	 0.190297 
11.120000 	 0.348270 
11.140000 	 -0.432876 
11.160000 	 0.188912 
11.180000 	 -0.219183 
11.200000 	 -0.014736 
11.220000 	 0.028451 
11.240000 	 0.042475 
11.260000 	 -0.010445 
11.280000 	 0.004721 
11.300000 	 -0.041881 
11.320000 	 0.199915 
11.340000 	 0.259091 
11.360000 	 0.034910 
11.380000 	 -0.014073 
11.400000 	 0.024776 
11.420000 	 -0.088213 
11.440000 	 -0.028703 
11.460000 	 -0.282398 
11.480000 	 0.089518 
11.500000 	 0.145199 
11.520000 	 -0.092102 
11.540000 	 0.053909 
11.560000 	 -0.249274 
11.580000 	 -0.055677 
11.600000 	 0.204415 
11.620000 	 -0.469780 
11.640000 	 -0.056045 
11.660000 	 0.036409 
11.680000 	 0.169367 
11.700000 	 -0.059358 
11.720000 	 -0.036096 
11.740000 	 0.080680 
11.760000 	 -0.038105 
11.780000 	 0.020440 
11.800000 	 0.248442 
11.820000 	 -0.055633 
11.840000 	 -0.283086 
11.860000 	 -0.139544 
11.880000 	 -0.069013 
11.900000 	 0.042488 
11.920000 	 0.038638 
11.940000 	 -0.111160 
11.960000 	 -0.007600 
11.980000 	 0.027167 
12.000000 	 0.098008 
12.020000 	 0.289149 
12.040000 	 0.117532 
12.060000 	 -0.159263 
12.080000 	 0.046855 
12.100000 	 0.173526 
12.120000 	 -0.125057 
12.140000 	 -0.158032 
12.160000 	 -0.051472 
12.180000 	 -0.187789 
12.200000 	 0.205319 
12.220000 	 -0.043087 
12.240000 	 -0.061558 
12.260000 	 -0.229671 
12.280000 	 -0.167414 
12.300000 	 0.132938 
12.320000 	 0.169481 
12.340000 	 -0.207733 
12.360000 	 -0.166880 
12.380000 	 -0.095561 
12.400000 	 0.177116 
12.420000 	 -0.026446 
12.440000 	 -0.083874 
12.460000 	 -0.082431 
12.480000 	 -0.073928 
12.500000 	 -0.380442 
12.520000 	 -0.033275 
12.540000 	 -0.009325 
12.560000 	 0.236880 
12.580000 	 -0.158921 
12.600000 	 0.111953 
12.620000 	 -0.269050 
12.640000 	 -0.159365 
12.660000 	 -0.056294 
12.680000 	 -0.096307 
12.700000 	 -0.120365 
12.720000 	 0.043590 
12.740000 	 -0.027956 
12.760000 	 -0.144695 
12.780000 	 -0.010505 
12.800000 	 -0.145931 
12.820000 	 0.182722 
12.840000 	 0.040088 
12.860000 	 -0.117494 
12.880000 	 0.314339 
12.900000 	 0.043736 
12.920000 	 -0.126179 
12.940000 	 0.006970 
12.960000 	 -0.088262 
12.980000 	 -0.134451 
13.000000 	 0.169426 
13.020000 	 0.050321 
13.040000 	 -0.088095 
13.060000 	 0.127391 
13.080000 	 -0.116670 
13.100000 	 0.210061 
13.120000 	 -0.178169 
13.140000 	 -0.042632 
13.160000 	 -0.034595 
13.180000 	 -0.016784 
13.200000 	 0.223023 
13.220000 	 -0.008607 
13.240000 	 -0.173751 
13.260000 	 -0.394609 
13.280000 	 -0.041604 
13.300000 	 -0.059979 
13.320000 	 0.179955 
13.340000 	 -0.111508 
13.360000 	 -0.161761 
13.380000 	 0.090201 
13.400000 	 0.197238 
13.420000 	 0.016044 
13.440000 	 0.193336 
13.460000 	 -0.115733 
13.480000 	 0.022813 
13.500000 	 -0.263522 
13.520000 	 0.092412 
13.540000 	 -0.021782 
13.560000 	 0.006322 
13.580000 	 0.148936 
13.600000 	 0.017961 
13.620000 	 -0.428266 
13.640000 	 -0.035724 
13.660000 	 -0.126249 
13.680000 	 -0.141911 
13.700000 	 -0.156955 
13.720000 	 0.195130 
13.740000 	 -0.214864 
13.760000 	 -0.171625 
13.780000 	 -0.049213 
13.800000 	 -0.178109 
13.820000 	 0.059285 
13.840000 	 0.045511 
13.860000 	 0.107628 
13.880000 	 0.210650 
13.900000 	 0.183281 
13.920000 	 0.147334 
13.940000 	 0.332062 
13.960000 	 -0.099815 
13.980000 	 -0.064927 
14.000000 	 -0.133455 
14.020000 	 0.240581 
14.040000 	 0.263646 
14.060000 	 0.144351 
14.080000 	 0.221518 
14.100000 	 0.018516 
14.120000 	 0.204438 
14.140000 	 -0.020057 
14.160000 	 -0.210537 
14.180000 	 0.057121 
14.200000 	 0.232586 
14.220000 	 0.136293 
14.240000 	 -0.002051 
14.260000 	 0.005668 
14.280000 	 0.063467 
14.300000 	 0.102751 
14.320000 	 0.054098 
14.340000 	 -0.329018 
14.360000 	 -0.274761 
14.380000 	 0.101696 
14.400000 	 -0.035730 
14.420000 	 0.179845 
14.440000 	 0.154338 
14.460000 	 -0.031294 
14.480000 	 -0.004836 
14.500000 	 0.083044 
14.520000 	 0.059908 
14.540000 	 0.105500 
14.560000 	 0.112704 
14.580000 	 -0.026402 
14.600000 	 -0.129742 
14.620000 	 0.024231 
14.640000 	 0.037002 
14.660000 	 -0.049483 
14.680000 	 -0.200206 
14.700000 	 0.167461 
14.720000 	 -0.193866 
14.740000 	 0.035628 
14.760000 	 -0.175267 
14.780000 	 -0.074780 
14.800000 	 -0.290626 
14.820000 	 0.000139 
14.840000 	 -0.129078 
14.860000 	 0.024477 
14.880000 	 -0.215327 
14.900000 	 -0.019809 
14.920000 	 -0.065584 
14.940000 	 -0.211856 
14.960000 	 -0.161026 
14.980000 	 0.034133 
15.000000 	 0.085610 
