-15.000000 	 0.281628 
-14.980000 	 -0.041550 
-14.960000 	 -0.291527 
-14.940000 	 -0.084648 
-14.920000 	 0.174431 
-14.900000 	 -0.050040 
-14.880000 	 -0.074307 
-14.860000 	 0.074249 
-14.840000 	 -0.108745 
-14.820000 	 0.089805 
-14.800000 	 0.006217 
-14.780000 	 -0.142369 
-14.760000 	 -0.160561 
-14.740000 	 -0.053694 
-14.720000 	 -0.147732 
-14.700000 	 0.074839 
-14.680000 	 0.079581 
-14.660000 	 -0.027369 
-14.640000 	 -0.134059 
-14.620000 	 0.251234 
-14.600000 	 0.096034 
-14.580000 	 -0.044081 
-14.560000 	 -0.105363 
-14.540000 	 0.148399 
-14.520000 	 0.143232 
-14.500000 	 0.066300 
-14.480000 	 0.111501 
-14.460000 	 -0.372473 
-14.440000 	 0.203548 
-14.420000 	 0.005334 
-14.400000 	 0.340294 
-14.380000 	 0.102463 
-14.360000 	 0.013980 
-14.340000 	 -0.142070 
-14.320000 	 0.204956 
-14.300000 	 -0.027504 
-14.280000 	 -0.031644 
-14.260000 	 0.092627 
-14.240000 	 0.043845 
-14.220000 	 0.224522 
-14.200000 	 -0.124255 
-14.180000 	 -0.073236 
-14.160000 	 0.023811 
-14.140000 	 -0.148848 
-14.120000 	 -0.046678 
-14.100000 	 0.053228 
-14.080000 	 -0.157906 
-14.060000 	 0.092249 
-14.040000 	 0.116492 
-14.020000 	 0.130165 
-14.000000 	 -0.005976 
-13.980000 	 0.216198 
-13.960000 	 0.086795 
-13.940000 	 -0.062308 
-13.920000 	 0.085937 
-13.900000 	 -0.046450 
-13.880000 	 0.185149 
-13.860000 	 -0.070100 
-13.840000 	 0.240722 
-13.820000 	 -0.022811 
-13.800000 	 0.036669 
-13.780000 	 -0.167815 
-13.760000 	 0.152884 
-13.740000 	 -0.218566 
-13.720000 	 -0.100739 
-13.700000 	 -0.167349 
-13.680000 	 -0.168406 
-13.660000 	 0.119665 
-13.640000 	 -0.197841 
-13.620000 	 -0.041141 
-13.600000 	 -0.172781 
-13.580000 	 -0.192124 
-13.560000 	 -0.039478 
-13.540000 	 -0.169406 
-13.520000 	 0.042531 
-13.500000 	 -0.091207 
-13.480000 	 -0.035822 
-13.460000 	 0.096537 
-13.440000 	 -0.197812 
-13.420000 	 -0.314755 
-13.400000 	 -0.115978 
-13.380000 	 0.044547 
-13.360000 	 -0.031092 
-13.340000 	 0.041549 
-13.320000 	 -0.175533 
-13.300000 	 -0.170530 
-13.280000 	 -0.064409 
-13.260000 	 0.197878 
-13.240000 	 -0.044640 
-13.220000 	 0.176139 
-13.200000 	 0.174755 
-13.180000 	 -0.160277 
-13.160000 	 -0.043471 
-13.140000 	 0.109253 
-13.120000 	 -0.059349 
-13.100000 	 -0.114822 
-13.080000 	 0.068816 
-13.060000 	 0.088067 
-13.040000 	 -0.156428 
-13.020000 	 -0.195688 
-13.000000 	 -0.118597 
-12.980000 	 0.016412 
-12.960000 	 0.335174 
-12.940000 	 -0.101833 
-12.920000 	 -0.204863 
-12.900000 	 0.042631 
-12.880000 	 0.020602 
-12.860000 	 0.025129 
-12.840000 	 -0.079550 
-12.820000 	 0.059181 
-12.800000 	 -0.217974 
-12.780000 	 0.012714 
-12.760000 	 0.143923 
-12.740000 	 -0.252100 
-12.720000 	 -0.162693 
-12.700000 	 0.133249 
-12.680000 	 0.176298 
-12.660000 	 0.087810 
-12.640000 	 0.097624 
-12.620000 	 0.119421 
-12.600000 	 -0.258154 
-12.580000 	 0.047323 
-12.560000 	 -0.194392 
-12.540000 	 -0.124297 
-12.520000 	 0.218526 
-12.500000 	 0.042632 
-12.480000 	 -0.125182 
-12.460000 	 0.129830 
-12.440000 	 0.086367 
-12.420000 	 0.195504 
-12.400000 	 -0.289075 
-12.380000 	 -0.054111 
-12.360000 	 0.140183 
-12.340000 	 0.143512 
-12.320000 	 -0.423831 
-12.300000 	 -0.172942 
-12.280000 	 -0.219942 
-12.260000 	 0.204908 
-12.240000 	 0.208006 
-12.220000 	 0.174803 
-12.200000 	 -0.270363 
-12.180000 	 -0.336161 
-12.160000 	 0.133717 
-12.140000 	 -0.096653 
-12.120000 	 0.168795 
-12.100000 	 -0.091554 
-12.080000 	 -0.175189 
-12.060000 	 -0.284907 
-12.040000 	 0.013689 
-12.020000 	 0.026992 
-12.000000 	 -0.122621 
-11.980000 	 -0.027399 
-11.960000 	 0.015986 
-11.940000 	 -0.373365 
-11.920000 	 -0.073289 
-11.900000 	 0.400838 
-11.880000 	 0.047538 
-11.860000 	 0.048533 
-11.840000 	 0.085697 
-11.820000 	 -0.260390 
-11.800000 	 0.105192 
-11.780000 	 -0.127439 
-11.760000 	 0.002142 
-11.740000 	 -0.201365 
-11.720000 	 -0.021055 
-11.700000 	 -0.150454 
-11.680000 	 -0.059949 
-11.660000 	 0.066483 
-11.640000 	 -0.126493 
-11.620000 	 -0.148307 
-11.600000 	 -0.090172 
-11.580000 	 0.096927 
-11.560000 	 -0.268893 
-11.540000 	 -0.001420 
-11.520000 	 0.202999 
-11.500000 	 0.047073 
-11.480000 	 0.137149 
-11.460000 	 -0.066946 
-11.440000 	 0.026326 
-11.420000 	 -0.298450 
-11.400000 	 0.127788 
-11.380000 	 -0.036579 
-11.360000 	 0.089296 
-11.340000 	 0.153505 
-11.320000 	 -0.072939 
-11.300000 	 0.056769 
-11.280000 	 -0.041126 
-11.260000 	 -0.050898 
-11.240000 	 -0.031011 
-11.220000 	 -0.134118 
-11.200000 	 0.067765 
-11.180000 	 -0.075543 
-11.160000 	 0.113607 
-11.140000 	 -0.015382 
-11.120000 	 -0.048131 
-11.100000 	 -0.076876 
-11.080000 	 0.135212 
-11.060000 	 0.217322 
-11.040000 	 0.008721 
-11.020000 	 0.065360 
-11.000000 	 -0.004045 
-10.980000 	 -0.135697 
-10.960000 	 0.065570 
-10.940000 	 0.241658 
-10.920000 	 -0.172469 
-10.900000 	 0.043909 
-10.880000 	 -0.011809 
-10.860000 	 0.157871 
-10.840000 	 0.600000 
-10.820000 	 -0.088622 
-10.800000 	 0.227323 
-10.780000 	 -0.095909 
-10.760000 	 0.028554 
-10.740000 	 -0.093837 
-10.720000 	 -0.205991 
-10.700000 	 0.259593 
-10.680000 	 0.062933 
-10.660000 	 0.031702 
-10.640000 	 -0.190247 
-10.620000 	 -0.230446 
-10.600000 	 -0.150967 
-10.580000 	 0.008500 
-10.560000 	 -0.014527 
-10.540000 	 0.088596 
-10.520000 	 0.045358 
-10.500000 	 0.157990 
-10.480000 	 -0.202112 
-10.460000 	 -0.035004 
-10.440000 	 0.088723 
-10.420000 	 -0.049163 
-10.400000 	 -0.092041 
-10.380000 	 0.025943 
-10.360000 	 0.203514 
-10.340000 	 -0.469273 
-10.320000 	 0.059437 
-10.300000 	 0.083498 
-10.280000 	 -0.038478 
-10.260000 	 0.127726 
-10.240000 	 -0.267533 
-10.220000 	 -0.110979 
-10.200000 	 0.045509 
-10.180000 	 -0.002864 
-10.160000 	 -0.238082 
-10.140000 	 0.183346 
-10.120000 	 -0.060017 
-10.100000 	 0.047042 
-10.080000 	 0.023467 
-10.060000 	 -0.250706 
-10.040000 	 -0.142230 
-10.020000 	 -0.075658 
-10.000000 	 0.125388 
-9.980000 	 -0.255305 
-9.960000 	 0.314584 
-9.940000 	 0.228684 
-9.920000 	 -0.145518 
-9.900000 	 0.099144 
-9.880000 	 -0.058493 
-9.860000 	 -0.154078 
-9.840000 	 0.119948 
-9.820000 	 -0.054483 
-9.800000 	 -0.156197 
-9.780000 	 0.104997 
-9.760000 	 -0.113803 
-9.740000 	 0.091466 
-9.720000 	 -0.046683 
-9.700000 	 -0.125750 
-9.680000 	 -0.128133 
-9.660000 	 0.195716 
-9.640000 	 -0.179104 
-9.620000 	 0.097155 
-9.600000 	 -0.078473 
-9.580000 	 0.138519 
-9.560000 	 0.147601 
-9.540000 	 -0.184863 
-9.520000 	 -0.244791 
-9.500000 	 -0.023346 
-9.480000 	 0.216620 
-9.460000 	 -0.042402 
-9.440000 	 -0.054315 
-9.420000 	 0.099552 
-9.400000 	 0.026523 
-9.380000 	 0.099945 
-9.360000 	 -0.009466 
-9.340000 	 0.242930 
-9.320000 	 -0.022141 
-9.300000 	 0.025505 
-9.280000 	 -0.017092 
-9.260000 	 0.064315 
-9.240000 	 -0.003601 
-9.220000 	 0.058189 
-9.200000 	 -0.129208 
-9.180000 	 -0.003532 
-9.160000 	 -0.108921 
-9.140000 	 0.248870 
-9.120000 	 0.106302 
-9.100000 	 -0.131218 
-9.080000 	 0.025180 
-9.060000 	 -0.100591 
-9.040000 	 0.040560 
-9.020000 	 -0.105477 
-9.000000 	 -0.167749 
-8.980000 	 0.125085 
-8.960000 	 0.155683 
-8.940000 	 0.014191 
-8.920000 	 0.060670 
-8.900000 	 0.044720 
-8.880000 	 0.398291 
-8.860000 	 0.260619 
-8.840000 	 -0.300000 
-8.820000 	 0.149163 
-8.800000 	 -0.274117 
-8.780000 	 -0.005116 
-8.760000 	 0.053132 
-8.740000 	 -0.004243 
-8.720000 	 0.096471 
-8.700000 	 -0.313704 
-8.680000 	 0.155470 
-8.660000 	 0.253718 
-8.640000 	 -0.165241 
-8.620000 	 0.037276 
-8.600000 	 -0.013097 
-8.580000 	 -0.020752 
-8.560000 	 0.037486 
-8.540000 	 0.189645 
-8.520000 	 -0.069643 
-8.500000 	 0.059944 
-8.480000 	 -0.090167 
-8.460000 	 0.073027 
-8.440000 	 -0.181595 
-8.420000 	 0.102061 
-8.400000 	 0.173316 
-8.380000 	 0.212787 
-8.360000 	 -0.019133 
-8.340000 	 -0.359081 
-8.320000 	 -0.132221 
-8.300000 	 0.080301 
-8.280000 	 0.437677 
-8.260000 	 0.173673 
-8.240000 	 -0.122281 
-8.220000 	 -0.026580 
-8.200000 	 -0.052704 
-8.180000 	 -0.042173 
-8.160000 	 0.038811 
-8.140000 	 0.105501 
-8.120000 	 -0.081348 
-8.100000 	 0.116701 
-8.080000 	 0.210842 
-8.060000 	 0.187263 
-8.040000 	 -0.101523 
-8.020000 	 0.053250 
-8.000000 	 0.047899 
-7.980000 	 0.000473 
-7.960000 	 0.272582 
-7.940000 	 0.160516 
-7.920000 	 0.260671 
-7.900000 	 0.072515 
-7.880000 	 -0.036341 
-7.860000 	 -0.014495 
-7.840000 	 -0.017602 
-7.820000 	 -0.061251 
-7.800000 	 0.293486 
-7.780000 	 -0.063461 
-7.760000 	 -0.037885 
-7.740000 	 -0.071249 
-7.720000 	 0.047145 
-7.700000 	 -0.039095 
-7.680000 	 0.157528 
-7.660000 	 -0.128943 
-7.640000 	 0.027842 
-7.620000 	 0.099294 
-7.600000 	 0.044009 
-7.580000 	 0.140760 
-7.560000 	 0.011650 
-7.540000 	 -0.006688 
-7.520000 	 -0.133968 
-7.500000 	 -0.007902 
-7.480000 	 0.051721 
-7.460000 	 -0.021612 
-7.440000 	 0.117982 
-7.420000 	 0.131788 
-7.400000 	 0.244130 
-7.380000 	 0.050601 
-7.360000 	 0.123794 
-7.340000 	 0.118999 
-7.320000 	 0.048293 
-7.300000 	 0.129610 
-7.280000 	 -0.112037 
-7.260000 	 0.000791 
-7.240000 	 0.109066 
-7.220000 	 0.093078 
-7.200000 	 -0.171268 
-7.180000 	 0.043150 
-7.160000 	 -0.006200 
-7.140000 	 0.004569 
-7.120000 	 -0.127341 
-7.100000 	 0.279260 
-7.080000 	 -0.133839 
-7.060000 	 -0.154225 
-7.040000 	 0.005959 
-7.020000 	 0.010963 
-7.000000 	 -0.090574 
-6.980000 	 0.464517 
-6.960000 	 -0.003656 
-6.940000 	 0.214103 
-6.920000 	 0.076526 
-6.900000 	 0.158250 
-6.880000 	 -0.043594 
-6.860000 	 0.071725 
-6.840000 	 0.058658 
-6.820000 	 0.194274 
-6.800000 	 -0.002473 
-6.780000 	 0.047724 
-6.760000 	 0.120728 
-6.740000 	 0.055083 
-6.720000 	 0.061758 
-6.700000 	 -0.000816 
-6.680000 	 0.226746 
-6.660000 	 0.077806 
-6.640000 	 0.356407 
-6.620000 	 0.055609 
-6.600000 	 0.032490 
-6.580000 	 0.105538 
-6.560000 	 0.379029 
-6.540000 	 0.226872 
-6.520000 	 0.368393 
-6.500000 	 0.235531 
-6.480000 	 0.100090 
-6.460000 	 0.142495 
-6.440000 	 -0.297109 
-6.420000 	 0.104604 
-6.400000 	 0.184629 
-6.380000 	 0.154676 
-6.360000 	 -0.007700 
-6.340000 	 -0.161858 
-6.320000 	 0.181185 
-6.300000 	 0.375182 
-6.280000 	 -0.166327 
-6.260000 	 0.175721 
-6.240000 	 0.390927 
-6.220000 	 0.419069 
-6.200000 	 0.385632 
-6.180000 	 -0.091124 
-6.160000 	 0.532977 
-6.140000 	 0.342636 
-6.120000 	 0.462074 
-6.100000 	 0.020248 
-6.080000 	 0.327128 
-6.060000 	 0.234654 
-6.040000 	 0.060793 
-6.020000 	 0.184903 
-6.000000 	 0.252682 
-5.980000 	 0.275170 
-5.960000 	 0.073327 
-5.940000 	 0.221775 
-5.920000 	 0.176485 
-5.900000 	 0.337578 
-5.880000 	 0.219973 
-5.860000 	 0.124757 
-5.840000 	 -0.119302 
-5.820000 	 0.085289 
-5.800000 	 0.224474 
-5.780000 	 0.120036 
-5.760000 	 0.541624 
-5.740000 	 0.091752 
-5.720000 	 0.335640 
-5.700000 	 0.271497 
-5.680000 	 0.503061 
-5.660000 	 0.238650 
-5.640000 	 0.201313 
-5.620000 	 0.294220 
-5.600000 	 0.402410 
-5.580000 	 0.082195 
-5.560000 	 0.383042 
-5.540000 	 0.457116 
-5.520000 	 0.358257 
-5.500000 	 0.281854 
-5.480000 	 0.364815 
-5.460000 	 0.286654 
-5.440000 	 0.328384 
-5.420000 	 0.361112 
-5.400000 	 0.287469 
-5.380000 	 0.190287 
-5.360000 	 0.122059 
-5.340000 	 0.405804 
-5.320000 	 0.654253 
-5.300000 	 0.039978 
-5.280000 	 0.328416 
-5.260000 	 0.355575 
-5.240000 	 0.265557 
-5.220000 	 0.224631 
-5.200000 	 0.336903 
-5.180000 	 0.167773 
-5.160000 	 0.277425 
-5.140000 	 0.272646 
-5.120000 	 0.443464 
-5.100000 	 0.363722 
-5.080000 	 0.525229 
-5.060000 	 0.512634 
-5.040000 	 0.431104 
-5.020000 	 0.475836 
-5.000000 	 0.537808 
-4.980000 	 0.823838 
-4.960000 	 0.658058 
-4.940000 	 0.513203 
-4.920000 	 0.239048 
-4.900000 	 0.418551 
-4.880000 	 0.163085 
-4.860000 	 0.146340 
-4.840000 	 0.398379 
-4.820000 	 0.488369 
-4.800000 	 0.487240 
-4.780000 	 0.325366 
-4.760000 	 0.229350 
-4.740000 	 0.660475 
-4.720000 	 0.390933 
-4.700000 	 0.458057 
-4.680000 	 0.449818 
-4.660000 	 0.517112 
-4.640000 	 0.435746 
-4.620000 	 0.510019 
-4.600000 	 0.432641 
-4.580000 	 0.414888 
-4.560000 	 0.748995 
-4.540000 	 0.382449 
-4.520000 	 0.641669 
-4.500000 	 0.614516 
-4.480000 	 0.340524 
-4.460000 	 0.273546 
-4.440000 	 0.470648 
-4.420000 	 0.156968 
-4.400000 	 0.542092 
-4.380000 	 0.417483 
-4.360000 	 0.430563 
-4.340000 	 0.473094 
-4.320000 	 0.423992 
-4.300000 	 0.506258 
-4.280000 	 0.401271 
-4.260000 	 0.440338 
-4.240000 	 0.442943 
-4.220000 	 0.323071 
-4.200000 	 0.609405 
-4.180000 	 0.380508 
-4.160000 	 0.604780 
-4.140000 	 0.453709 
-4.120000 	 0.521059 
-4.100000 	 0.255048 
-4.080000 	 0.440897 
-4.060000 	 0.239404 
-4.040000 	 0.422535 
-4.020000 	 0.378939 
-4.000000 	 0.295425 
-3.980000 	 0.761930 
-3.960000 	 0.316206 
-3.940000 	 0.546416 
-3.920000 	 0.523560 
-3.900000 	 0.692967 
-3.880000 	 0.564522 
-3.860000 	 0.525665 
-3.840000 	 0.376691 
-3.820000 	 0.552522 
-3.800000 	 0.634168 
-3.780000 	 0.353891 
-3.760000 	 0.394130 
-3.740000 	 0.832445 
-3.720000 	 0.529907 
-3.700000 	 0.554650 
-3.680000 	 0.248933 
-3.660000 	 0.258133 
-3.640000 	 0.475900 
-3.620000 	 0.517187 
-3.600000 	 0.352054 
-3.580000 	 0.643377 
-3.560000 	 0.386046 
-3.540000 	 0.491600 
-3.520000 	 0.668531 
-3.500000 	 0.402970 
-3.480000 	 0.193628 
-3.460000 	 0.496495 
-3.440000 	 0.602971 
-3.420000 	 0.426213 
-3.400000 	 0.386937 
-3.380000 	 0.154292 
-3.360000 	 0.801961 
-3.340000 	 0.565700 
-3.320000 	 0.290286 
-3.300000 	 0.306503 
-3.280000 	 0.378248 
-3.260000 	 0.519217 
-3.240000 	 0.180968 
-3.220000 	 0.532643 
-3.200000 	 0.651200 
-3.180000 	 0.419490 
-3.160000 	 0.585239 
-3.140000 	 0.110702 
-3.120000 	 0.382938 
-3.100000 	 0.719925 
-3.080000 	 0.357592 
-3.060000 	 0.400407 
-3.040000 	 0.226690 
-3.020000 	 0.209739 
-3.000000 	 0.384818 
-2.980000 	 0.213544 
-2.960000 	 0.743389 
-2.940000 	 0.400903 
-2.920000 	 0.537962 
-2.900000 	 0.349257 
-2.880000 	 0.418258 
-2.860000 	 0.303693 
-2.840000 	 0.369184 
-2.820000 	 0.670170 
-2.800000 	 0.195300 
-2.780000 	 0.351284 
-2.760000 	 0.298290 
-2.740000 	 0.477554 
-2.720000 	 0.444328 
-2.700000 	 0.384788 
-2.680000 	 0.274233 
-2.660000 	 0.383582 
-2.640000 	 0.239650 
-2.620000 	 0.337204 
-2.600000 	 0.246131 
-2.580000 	 0.301148 
-2.560000 	 0.524654 
-2.540000 	 0.282326 
-2.520000 	 0.341810 
-2.500000 	 0.329130 
-2.480000 	 0.156682 
-2.460000 	 0.141253 
-2.440000 	 0.381567 
-2.420000 	 0.509499 
-2.400000 	 0.495639 
-2.380000 	 0.250204 
-2.360000 	 -0.066153 
-2.340000 	 0.447287 
-2.320000 	 0.153497 
-2.300000 	 0.240797 
-2.280000 	 0.515174 
-2.260000 	 0.265674 
-2.240000 	 0.000000 
-2.220000 	 0.470281 
-2.200000 	 0.240119 
-2.180000 	 0.297500 
-2.160000 	 0.179101 
-2.140000 	 0.136206 
-2.120000 	 0.120341 
-2.100000 	 0.281737 
-2.080000 	 0.014985 
-2.060000 	 0.380470 
-2.040000 	 0.346918 
-2.020000 	 0.270324 
-2.000000 	 0.190677 
-1.980000 	 0.134642 
-1.960000 	 0.199016 
-1.940000 	 0.261261 
-1.920000 	 0.157853 
-1.900000 	 0.265228 
-1.880000 	 0.180567 
-1.860000 	 0.178861 
-1.840000 	 0.277713 
-1.820000 	 0.158882 
-1.800000 	 0.179105 
-1.780000 	 0.114723 
-1.760000 	 0.405474 
-1.740000 	 0.249472 
-1.720000 	 0.361970 
-1.700000 	 0.071132 
-1.680000 	 0.126449 
-1.660000 	 0.064448 
-1.640000 	 0.077528 
-1.620000 	 0.220684 
-1.600000 	 0.227904 
-1.580000 	 0.107661 
-1.560000 	 0.209484 
-1.540000 	 0.188804 
-1.520000 	 0.383954 
-1.500000 	 0.225148 
-1.480000 	 0.094863 
-1.460000 	 -0.056093 
-1.440000 	 0.078407 
-1.420000 	 0.138531 
-1.400000 	 0.164730 
-1.380000 	 0.446731 
-1.360000 	 -0.012202 
-1.340000 	 0.151667 
-1.320000 	 0.436612 
-1.300000 	 0.402307 
-1.280000 	 0.034127 
-1.260000 	 0.119337 
-1.240000 	 0.131242 
-1.220000 	 0.089895 
-1.200000 	 0.357098 
-1.180000 	 0.471723 
-1.160000 	 -0.114685 
-1.140000 	 0.365350 
-1.120000 	 0.073634 
-1.100000 	 -0.009138 
-1.080000 	 0.273176 
-1.060000 	 0.234704 
-1.040000 	 0.075899 
-1.020000 	 0.121356 
-1.000000 	 0.201016 
-0.980000 	 0.612091 
-0.960000 	 -0.118721 
-0.940000 	 0.264160 
-0.920000 	 0.327774 
-0.900000 	 0.117019 
-0.880000 	 0.054732 
-0.860000 	 0.091569 
-0.840000 	 0.139000 
-0.820000 	 -0.224993 
-0.800000 	 0.247503 
-0.780000 	 0.159186 
-0.760000 	 0.137472 
-0.740000 	 0.193941 
-0.720000 	 0.174528 
-0.700000 	 0.201466 
-0.680000 	 0.401925 
-0.660000 	 0.320874 
-0.640000 	 0.306172 
-0.620000 	 0.146709 
-0.600000 	 0.253472 
-0.580000 	 0.433025 
-0.560000 	 -0.032344 
-0.540000 	 -0.054874 
-0.520000 	 0.376783 
-0.500000 	 0.591149 
-0.480000 	 0.267906 
-0.460000 	 0.175295 
-0.440000 	 -0.024061 
-0.420000 	 0.104548 
-0.400000 	 0.234835 
-0.380000 	 -0.207929 
-0.360000 	 0.142219 
-0.340000 	 0.312902 
-0.320000 	 0.191559 
-0.300000 	 0.122802 
-0.280000 	 0.236916 
-0.260000 	 0.363905 
-0.240000 	 -0.082693 
-0.220000 	 0.119118 
-0.200000 	 0.186850 
-0.180000 	 0.479701 
-0.160000 	 0.235167 
-0.140000 	 0.266636 
-0.120000 	 0.065436 
-0.100000 	 0.197708 
-0.080000 	 0.026138 
-0.060000 	 0.378892 
-0.040000 	 0.117005 
-0.020000 	 0.407300 
0.000000 	 0.472379 
0.020000 	 0.334783 
0.040000 	 0.265600 
0.060000 	 0.056056 
0.080000 	 0.318568 
0.100000 	 -0.003044 
0.120000 	 0.297889 
0.140000 	 0.130608 
0.160000 	 0.155231 
0.180000 	 0.293351 
0.200000 	 0.118082 
0.220000 	 0.463093 
0.240000 	 0.196266 
0.260000 	 0.590826 
0.280000 	 0.361447 
0.300000 	 0.314445 
0.320000 	 0.238561 
0.340000 	 0.408291 
0.360000 	 0.270709 
0.380000 	 0.703614 
0.400000 	 0.412723 
0.420000 	 0.278749 
0.440000 	 0.485348 
0.460000 	 0.401431 
0.480000 	 0.463519 
0.500000 	 0.410223 
0.520000 	 0.317304 
0.540000 	 0.281183 
0.560000 	 0.441486 
0.580000 	 0.270041 
0.600000 	 0.342280 
0.620000 	 0.506046 
0.640000 	 0.373102 
0.660000 	 0.443040 
0.680000 	 0.425497 
0.700000 	 0.507263 
0.720000 	 0.266137 
0.740000 	 0.353305 
0.760000 	 0.481006 
0.780000 	 0.397109 
0.800000 	 0.584589 
0.820000 	 0.423306 
0.840000 	 0.661865 
0.860000 	 0.382321 
0.880000 	 0.387491 
0.900000 	 0.497059 
0.920000 	 0.557979 
0.940000 	 0.321342 
0.960000 	 0.415721 
0.980000 	 0.628516 
1.000000 	 0.528588 
1.020000 	 0.547518 
1.040000 	 0.257116 
1.060000 	 0.386501 
1.080000 	 0.484772 
1.100000 	 0.422240 
1.120000 	 0.479697 
1.140000 	 0.461673 
1.160000 	 0.923404 
1.180000 	 0.649662 
1.200000 	 0.487989 
1.220000 	 0.442367 
1.240000 	 0.528267 
1.260000 	 0.754466 
1.280000 	 1.079471 
1.300000 	 0.594202 
1.320000 	 0.736146 
1.340000 	 0.795885 
1.360000 	 0.915021 
1.380000 	 0.529013 
1.400000 	 0.583038 
1.420000 	 0.697327 
1.440000 	 0.748741 
1.460000 	 0.760768 
1.480000 	 0.804254 
1.500000 	 0.805319 
1.520000 	 0.762562 
1.540000 	 1.090578 
1.560000 	 0.515993 
1.580000 	 0.827578 
1.600000 	 0.827918 
1.620000 	 0.524369 
1.640000 	 0.705059 
1.660000 	 0.779704 
1.680000 	 0.803330 
1.700000 	 0.939856 
1.720000 	 0.730068 
1.740000 	 0.797625 
1.760000 	 0.848835 
1.780000 	 0.936335 
1.800000 	 0.952637 
1.820000 	 0.827680 
1.840000 	 0.825439 
1.860000 	 0.695023 
1.880000 	 1.004685 
1.900000 	 0.910775 
1.920000 	 1.039627 
1.940000 	 1.039558 
1.960000 	 1.140237 
1.980000 	 0.954520 
2.000000 	 1.303899 
2.020000 	 1.031528 
2.040000 	 1.269610 
2.060000 	 0.905597 
2.080000 	 1.185216 
2.100000 	 1.120370 
2.120000 	 1.020624 
2.140000 	 0.943381 
2.160000 	 1.024950 
2.180000 	 0.826751 
2.200000 	 1.061274 
2.220000 	 1.078275 
2.240000 	 1.179847 
2.260000 	 0.894978 
2.280000 	 1.020906 
2.300000 	 1.244353 
2.320000 	 1.105890 
2.340000 	 1.082925 
2.360000 	 0.200000 
2.380000 	 1.171091 
2.400000 	 1.259102 
2.420000 	 1.116898 
2.440000 	 1.456373 
2.460000 	 1.199350 
2.480000 	 0.763683 
2.500000 	 1.165754 
2.520000 	 1.182660 
2.540000 	 1.180713 
2.560000 	 1.316175 
2.580000 	 1.124063 
2.600000 	 1.207928 
2.620000 	 1.209297 
2.640000 	 1.095206 
2.660000 	 1.337102 
2.680000 	 1.322975 
2.700000 	 1.562739 
2.720000 	 1.477869 
2.740000 	 1.329298 
2.760000 	 1.246902 
2.780000 	 1.360075 
2.800000 	 1.185674 
2.820000 	 0.955429 
2.840000 	 1.381214 
2.860000 	 1.376088 
2.880000 	 1.319040 
2.900000 	 1.324767 
2.920000 	 1.305126 
2.940000 	 1.293953 
2.960000 	 1.386357 
2.980000 	 1.473392 
3.000000 	 1.354413 
3.020000 	 1.319209 
3.040000 	 1.255728 
3.060000 	 1.487229 
3.080000 	 1.347037 
3.100000 	 1.478737 
3.120000 	 1.482603 
3.140000 	 1.538238 
3.160000 	 1.275472 
3.180000 	 1.366553 
3.200000 	 1.442754 
3.220000 	 1.475771 
3.240000 	 1.671452 
3.260000 	 1.117265 
3.280000 	 1.778805 
3.300000 	 1.431049 
3.320000 	 1.392551 
3.340000 	 1.530626 
3.360000 	 1.502752 
3.380000 	 1.319363 
3.400000 	 1.214803 
3.420000 	 1.246977 
3.440000 	 1.462753 
3.460000 	 1.460670 
3.480000 	 1.463512 
3.500000 	 1.561092 
3.520000 	 1.553525 
3.540000 	 1.379219 
3.560000 	 1.602116 
3.580000 	 1.597472 
3.600000 	 1.625690 
3.620000 	 1.790175 
3.640000 	 1.747432 
3.660000 	 1.468633 
3.680000 	 1.453688 
3.700000 	 1.635119 
3.720000 	 1.798756 
3.740000 	 1.642748 
3.760000 	 1.356201 
3.780000 	 1.725690 
3.800000 	 1.363648 
3.820000 	 1.718331 
3.840000 	 1.445330 
3.860000 	 1.776943 
3.880000 	 1.526899 
3.900000 	 1.436540 
3.920000 	 1.510866 
3.940000 	 1.720006 
3.960000 	 1.481753 
3.980000 	 1.596854 
4.000000 	 1.767712 
4.020000 	 1.650271 
4.040000 	 1.584465 
4.060000 	 1.694733 
4.080000 	 1.451125 
4.100000 	 1.684286 
4.120000 	 1.467109 
4.140000 	 1.564938 
4.160000 	 1.670764 
4.180000 	 1.663385 
4.200000 	 1.627937 
4.220000 	 1.358886 
4.240000 	 1.519901 
4.260000 	 2.049560 
4.280000 	 1.823212 
4.300000 	 1.440857 
4.320000 	 1.643491 
4.340000 	 1.583772 
4.360000 	 1.631881 
4.380000 	 1.397646 
4.400000 	 1.731786 
4.420000 	 1.357866 
4.440000 	 1.915445 
4.460000 	 1.402924 
4.480000 	 1.488254 
4.500000 	 1.439849 
4.520000 	 1.456929 
4.540000 	 1.248539 
4.560000 	 1.402819 
4.580000 	 1.544105 
4.600000 	 1.383550 
4.620000 	 1.465317 
4.640000 	 1.351443 
4.660000 	 1.320134 
4.680000 	 1.628497 
4.700000 	 1.572191 
4.720000 	 1.652019 
4.740000 	 1.289196 
4.760000 	 1.276900 
4.780000 	 1.360976 
4.800000 	 1.511346 
4.820000 	 1.248049 
4.840000 	 1.697961 
4.860000 	 1.486636 
4.880000 	 1.207770 
4.900000 	 1.308516 
4.920000 	 1.707961 
4.940000 	 1.756219 
4.960000 	 1.415881 
4.980000 	 1.482799 
5.000000 	 1.423880 
5.020000 	 1.157250 
5.040000 	 1.391541 
5.060000 	 1.107239 
5.080000 	 1.495266 
5.100000 	 1.183868 
5.120000 	 1.294731 
5.140000 	 1.391117 
5.160000 	 1.510449 
5.180000 	 1.337819 
5.200000 	 1.419313 
5.220000 	 1.246595 
5.240000 	 1.059968 
5.260000 	 1.163158 
5.280000 	 1.220359 
5.300000 	 1.210156 
5.320000 	 1.046329 
5.340000 	 1.213600 
5.360000 	 1.312612 
5.380000 	 1.185569 
5.400000 	 1.371469 
5.420000 	 1.139850 
5.440000 	 1.165755 
5.460000 	 1.116419 
5.480000 	 1.300014 
5.500000 	 1.241604 
5.520000 	 1.394975 
5.540000 	 1.128180 
5.560000 	 1.195407 
5.580000 	 1.074527 
5.600000 	 1.217415 
5.620000 	 0.964347 
5.640000 	 1.007118 
5.660000 	 0.881566 
5.680000 	 0.982138 
5.700000 	 1.183455 
5.720000 	 1.211620 
5.740000 	 1.084008 
5.760000 	 0.981184 
5.780000 	 0.907136 
5.800000 	 1.125301 
5.820000 	 0.728305 
5.840000 	 1.148114 
5.860000 	 1.057968 
5.880000 	 1.041547 
5.900000 	 0.619818 
5.920000 	 0.763298 
5.940000 	 0.964522 
5.960000 	 1.125929 
5.980000 	 1.005051 
6.000000 	 0.819466 
6.020000 	 0.911231 
6.040000 	 0.873910 
6.060000 	 0.764246 
6.080000 	 0.948068 
6.100000 	 0.597009 
6.120000 	 0.782944 
6.140000 	 0.820460 
6.160000 	 0.836616 
6.180000 	 0.958364 
6.200000 	 0.845457 
6.220000 	 0.929323 
6.240000 	 0.832524 
6.260000 	 0.707515 
6.280000 	 0.840851 
6.300000 	 0.973425 
6.320000 	 0.555069 
6.340000 	 0.789206 
6.360000 	 0.769158 
6.380000 	 0.613401 
6.400000 	 0.731304 
6.420000 	 0.972948 
6.440000 	 0.976258 
6.460000 	 0.636701 
6.480000 	 0.694825 
6.500000 	 0.648920 
6.520000 	 0.551498 
6.540000 	 0.625835 
6.560000 	 0.439687 
6.580000 	 0.708607 
6.600000 	 0.689966 
6.620000 	 0.795045 
6.640000 	 0.448348 
6.660000 	 0.654827 
6.680000 	 0.669007 
6.700000 	 0.824127 
6.720000 	 0.539998 
6.740000 	 0.686272 
6.760000 	 0.249580 
6.780000 	 0.700041 
6.800000 	 0.907191 
6.820000 	 0.544063 
6.840000 	 0.671595 
6.860000 	 0.538663 
6.880000 	 0.469136 
6.900000 	 0.481640 
6.920000 	 0.559419 
6.940000 	 0.488493 
6.960000 	 0.383076 
6.980000 	 0.748792 
7.000000 	 0.527024 
7.020000 	 0.308721 
7.040000 	 0.309954 
7.060000 	 0.537063 
7.080000 	 0.360898 
7.100000 	 0.366027 
7.120000 	 0.163764 
7.140000 	 0.497853 
7.160000 	 0.330440 
7.180000 	 0.592023 
7.200000 	 0.280360 
7.220000 	 0.354576 
7.240000 	 0.275086 
7.260000 	 0.366896 
7.280000 	 0.448214 
7.300000 	 0.489815 
7.320000 	 0.303362 
7.340000 	 0.647466 
7.360000 	 0.376015 
7.380000 	 0.340636 
7.400000 	 0.495059 
7.420000 	 0.480443 
7.440000 	 0.332907 
7.460000 	 0.276795 
7.480000 	 0.454274 
7.500000 	 0.520442 
7.520000 	 0.239768 
7.540000 	 0.212645 
7.560000 	 0.400654 
7.580000 	 0.127240 
7.600000 	 0.434826 
7.620000 	 0.432882 
7.640000 	 0.412604 
7.660000 	 0.200918 
7.680000 	 0.527402 
7.700000 	 0.464266 
7.720000 	 0.184160 
7.740000 	 0.145853 
7.760000 	 0.373316 
7.780000 	 0.252544 
7.800000 	 0.226312 
7.820000 	 0.419941 
7.840000 	 0.269319 
7.860000 	 0.454832 
7.880000 	 -0.062839 
7.900000 	 0.282333 
7.920000 	 0.178002 
7.940000 	 0.252366 
7.960000 	 0.368451 
7.980000 	 0.141812 
8.000000 	 0.115808 
8.020000 	 0.296295 
8.040000 	 0.342894 
8.060000 	 0.168904 
8.080000 	 0.251087 
8.100000 	 0.177106 
8.120000 	 0.140946 
8.140000 	 0.118943 
8.160000 	 0.149878 
8.180000 	 0.474231 
8.200000 	 0.277720 
8.220000 	 0.350324 
8.240000 	 0.019056 
8.260000 	 -0.013276 
8.280000 	 0.346845 
8.300000 	 0.108614 
8.320000 	 0.070590 
8.340000 	 0.020273 
8.360000 	 0.101549 
8.380000 	 0.090971 
8.400000 	 0.048340 
8.420000 	 0.314791 
8.440000 	 0.278506 
8.460000 	 -0.105450 
8.480000 	 0.073683 
8.500000 	 0.318371 
8.520000 	 0.268564 
8.540000 	 0.214963 
8.560000 	 -0.110492 
8.580000 	 0.055084 
8.600000 	 0.143150 
8.620000 	 0.149459 
8.640000 	 0.129536 
8.660000 	 0.140459 
8.680000 	 -0.022806 
8.700000 	 0.347476 
8.720000 	 0.114995 
8.740000 	 0.053936 
8.760000 	 0.069636 
8.780000 	 -0.017149 
8.800000 	 0.106543 
8.820000 	 0.177884 
8.840000 	 0.048506 
8.860000 	 0.124216 
8.880000 	 0.047386 
8.900000 	 0.080401 
8.920000 	 0.001076 
8.940000 	 -0.000691 
8.960000 	 0.240025 
8.980000 	 0.027579 
9.000000 	 -0.105694 
9.020000 	 -0.008030 
9.040000 	 -0.170886 
9.060000 	 0.271989 
9.080000 	 0.127241 
9.100000 	 0.006702 
9.120000 	 0.148103 
9.140000 	 -0.312509 
9.160000 	 -0.090861 
9.180000 	 -0.034715 
9.200000 	 -0.106598 
9.220000 	 0.098892 
9.240000 	 0.072852 
9.260000 	 -0.307400 
9.280000 	 0.169161 
9.300000 	 -0.018555 
9.320000 	 0.007998 
9.340000 	 0.192062 
9.360000 	 0.082458 
9.380000 	 -0.012033 
9.400000 	 -0.056106 
9.420000 	 0.089697 
9.440000 	 0.139391 
9.460000 	 0.089919 
9.480000 	 -0.215761 
9.500000 	 -0.077192 
9.520000 	 -0.104877 
9.540000 	 0.061539 
9.560000 	 0.205334 
9.580000 	 0.070016 
9.600000 	 0.152777 
9.620000 	 0.099671 
9.640000 	 -0.115278 
9.660000 	 -0.161533 
9.680000 	 -0.045159 
9.700000 	 -0.137794 
9.720000 	 0.046584 
9.740000 	 0.017111 
9.760000 	 0.041654 
9.780000 	 0.387294 
9.800000 	 -0.002547 
9.820000 	 0.064835 
9.840000 	 0.138236 
9.860000 	 0.135008 
9.880000 	 -0.162959 
9.900000 	 -0.141354 
9.920000 	 0.222940 
9.940000 	 0.059607 
9.960000 	 -0.075043 
9.980000 	 0.008544 
10.000000 	 0.018796 
10.020000 	 0.133566 
10.040000 	 0.034998 
10.060000 	 0.017012 
10.080000 	 -0.055288 
10.100000 	 -0.199505 
10.120000 	 -0.064593 
10.140000 	 0.017317 
10.160000 	 -0.032905 
10.180000 	 0.201869 
10.200000 	 -0.078298 
10.220000 	 -0.054372 
10.240000 	 -0.125614 
10.260000 	 0.010658 
10.280000 	 0.087456 
10.300000 	 0.114421 
10.320000 	 0.162771 
10.340000 	 0.262229 
10.360000 	 0.001667 
10.380000 	 -0.231546 
10.400000 	 -0.064547 
10.420000 	 0.170274 
10.440000 	 0.296178 
10.460000 	 -0.173968 
10.480000 	 0.203877 
10.500000 	 0.167562 
10.520000 	 -0.003083 
10.540000 	 -0.142038 
10.560000 	 0.166906 
10.580000 	 -0.051600 
10.600000 	 0.050088 
10.620000 	 0.138132 
10.640000 	 0.072452 
10.660000 	 0.076677 
10.680000 	 0.215512 
10.700000 	 -0.191354 
10.720000 	 0.116001 
10.740000 	 0.160190 
10.760000 	 0.046248 
10.780000 	 0.091733 
10.800000 	 -0.003326 
10.820000 	 -0.078288 
10.840000 	 0.006268 
10.860000 	 0.196391 
10.880000 	 -0.190994 
10.900000 	 -0.224564 
10.920000 	 -0.072620 
10.940000 	 0.034626 
10.960000 	 -0.351534 
10.980000 	 0.096341 
11.000000 	 0.165065 
11.020000 	 0.138321 
11.040000 	 -0.176943 
11.060000 	 -0.239238 
11.080000 	 0.105643 
11.100000 	 0.073401 
11.120000 	 0.040537 
11.140000 	 -0.171861 
11.160000 	 -0.215533 
11.180000 	 0.045485 
11.200000 	 -0.158812 
11.220000 	 0.046380 
11.240000 	 0.003412 
11.260000 	 0.003718 
11.280000 	 0.033786 
11.300000 	 0.034122 
11.320000 	 -0.065611 
11.340000 	 -0.105996 
11.360000 	 0.003031 
11.380000 	 -0.266624 
11.400000 	 -0.025585 
11.420000 	 -0.068000 
11.440000 	 0.076167 
11.460000 	 -0.214568 
11.480000 	 0.080157 
11.500000 	 -0.047532 
11.520000 	 -0.043001 
11.540000 	 0.205907 
11.560000 	 -0.204090 
11.580000 	 -0.182078 
11.600000 	 -0.083655 
11.620000 	 0.274595 
11.640000 	 -0.307543 
11.660000 	 0.013825 
11.680000 	 -0.069638 
11.700000 	 0.057468 
11.720000 	 -0.088321 
11.740000 	 0.101147 
11.760000 	 0.150042 
11.780000 	 0.065306 
11.800000 	 -0.096704 
11.820000 	 0.201173 
11.840000 	 0.076638 
11.860000 	 0.072234 
11.880000 	 -0.168101 
11.900000 	 -0.043260 
11.920000 	 -0.071451 
11.940000 	 0.160630 
11.960000 	 -0.030397 
11.980000 	 -0.027528 
12.000000 	 -0.331200 
12.020000 	 -0.107118 
12.040000 	 -0.054710 
12.060000 	 -0.101493 
12.080000 	 0.044526 
12.100000 	 -0.019308 
12.120000 	 0.013163 
12.140000 	 -0.051174 
12.160000 	 0.151053 
12.180000 	 -0.036214 
12.200000 	 -0.014398 
12.220000 	 0.077178 
12.240000 	 0.074513 
12.260000 	 -0.002545 
12.280000 	 -0.167334 
12.300000 	 -0.050577 
12.320000 	 -0.170128 
12.340000 	 0.228195 
12.360000 	 -0.025846 
12.380000 	 -0.311284 
12.400000 	 -0.052222 
12.420000 	 -0.069874 
12.440000 	 -0.062639 
12.460000 	 0.258146 
12.480000 	 -0.065368 
12.500000 	 -0.069799 
12.520000 	 -0.165930 
12.540000 	 -0.150029 
12.560000 	 0.114583 
12.580000 	 -0.018185 
12.600000 	 -0.082144 
12.620000 	 -0.050846 
12.640000 	 -0.255036 
12.660000 	 0.069876 
12.680000 	 -0.144972 
12.700000 	 0.291894 
12.720000 	 0.026593 
12.740000 	 0.189180 
12.760000 	 0.119069 
12.780000 	 0.053388 
12.800000 	 0.157927 
12.820000 	 -0.129445 
12.840000 	 0.030956 
12.860000 	 0.214317 
12.880000 	 -0.104778 
12.900000 	 -0.143783 
12.920000 	 -0.044049 
12.940000 	 0.041255 
12.960000 	 0.046126 
12.980000 	 0.055986 
13.000000 	 -0.124103 
13.020000 	 -0.041075 
13.040000 	 0.014626 
13.060000 	 0.056393 
13.080000 	 -0.071328 
13.100000 	 -0.077748 
13.120000 	 0.074619 
13.140000 	 0.133394 
13.160000 	 -0.232745 
13.180000 	 0.205343 
13.200000 	 -0.017477 
13.220000 	 0.091167 
13.240000 	 0.028528 
13.260000 	 0.020861 
13.280000 	 0.231710 
13.300000 	 0.026602 
13.320000 	 0.289868 
13.340000 	 -0.034939 
13.360000 	 0.213645 
13.380000 	 0.800000 
13.400000 	 -0.224345 
13.420000 	 -0.099321 
13.440000 	 -0.020512 
13.460000 	 -0.071535 
13.480000 	 -0.020747 
13.500000 	 -0.081260 
13.520000 	 -0.219143 
13.540000 	 -0.108221 
13.560000 	 0.086390 
13.580000 	 0.053589 
13.600000 	 0.034634 
13.620000 	 0.147783 
13.640000 	 -0.000887 
13.660000 	 0.070018 
13.680000 	 0.143062 
13.700000 	 0.217715 
13.720000 	 0.023818 
13.740000 	 -0.021442 
13.760000 	 0.171127 
13.780000 	 0.020533 
13.800000 	 0.204949 
13.820000 	 0.127688 
13.840000 	 -0.314256 
13.860000 	 -0.064664 
13.880000 	 -0.175747 
13.900000 	 0.077399 
13.920000 	 -0.093302 
13.940000 	 -0.288812 
13.960000 	 -0.040413 
13.980000 	 -0.085004 
14.000000 	 0.020438 
14.020000 	 -0.003076 
14.040000 	 -0.110422 
14.060000 	 -0.235162 
14.080000 	 -0.037811 
14.100000 	 0.029848 
14.120000 	 0.018976 
14.140000 	 -0.232825 
14.160000 	 -0.166260 
14.180000 	 -0.166851 
14.200000 	 0.080595 
14.220000 	 0.027798 
14.240000 	 0.314092 
14.260000 	 0.034215 
14.280000 	 -0.224593 
14.300000 	 0.029581 
14.320000 	 0.052879 
14.340000 	 -0.073690 
14.360000 	 -0.134422 
14.380000 	 0.111354 
14.400000 	 0.179429 
14.420000 	 0.175184 
14.440000 	 -0.211636 
14.460000 	 0.029107 
14.480000 	 0.044060 
14.500000 	 -0.040607 
14.520000 	 0.191149 
14.540000 	 0.190898 
14.560000 	 -0.299101 
14.580000 	 0.059114 
14.600000 	 -0.044300 
14.620000 	 0.089004 
14.640000 	 -0.124987 
14.660000 	 0.102280 
14.680000 	 -0.086875 
14.700000 	 -0.020190 
14.720000 	 -0.085288 
14.740000 	 -0.125002 
14.760000 	 0.013066 
14.780000 	 0.074597 
14.800000 	 0.137729 
14.820000 	 0.011752 
14.840000 	 -0.006864 
14.860000 	 0.018573 
14.880000 	 0.045003 
14.900000 	 -0.082759 
14.920000 	 -0.018629 
14.940000 	 -0.138680 
14.960000 	 0.039809 
14.980000 	 -0.082954 
15.000000 	 -0.098420 
