-15.000000 	 0.074936 
-14.980000 	 0.056683 
-14.960000 	 0.091785 
-14.940000 	 -0.032707 
-14.920000 	 0.198734 
-14.900000 	 -0.013984 
-14.880000 	 -0.059409 
-14.860000 	 -0.088319 
-14.840000 	 -0.012445 
-14.820000 	 -0.056404 
-14.800000 	 0.254194 
-14.780000 	 0.063899 
-14.760000 	 0.011941 
-14.740000 	 -0.066728 
-14.720000 	 -0.021836 
-14.700000 	 0.067508 
-14.680000 	 -0.118101 
-14.660000 	 0.090148 
-14.640000 	 0.208826 
-14.620000 	 0.112893 
-14.600000 	 0.028022 
-14.580000 	 0.259726 
-14.560000 	 -0.000658 
-14.540000 	 0.008262 
-14.520000 	 0.122788 
-14.500000 	 -0.023972 
-14.480000 	 -0.120917 
-14.460000 	 0.039218 
-14.440000 	 -0.137048 
-14.420000 	 -0.360057 
-14.400000 	 -0.003342 
-14.380000 	 -0.249010 
-14.360000 	 0.185798 
-14.340000 	 -0.023821 
-14.320000 	 -0.040224 
-14.300000 	 -0.316276 
-14.280000 	 0.182940 
-14.260000 	 -0.025434 
-14.240000 	 0.027453 
-14.220000 	 -0.187761 
-14.200000 	 0.177148 
-14.180000 	 -0.200072 
-14.160000 	 -0.152221 
-14.140000 	 -0.174576 
-14.120000 	 -0.149578 
-14.100000 	 -0.145569 
-14.080000 	 -0.114304 
-14.060000 	 0.158940 
-14.040000 	 0.023937 
-14.020000 	 -0.126260 
-14.000000 	 0.374113 
-13.980000 	 0.057015 
-13.960000 	 -0.062326 
-13.940000 	 -0.039958 
-13.920000 	 0.003228 
-13.900000 	 -0.071448 
-13.880000 	 -0.141760 
-13.860000 	 -0.035209 
-13.840000 	 -0.003895 
-13.820000 	 -0.218392 
-13.800000 	 0.029577 
-13.780000 	 -0.054995 
-13.760000 	 -0.162261 
-13.740000 	 -0.132922 
-13.720000 	 0.097827 
-13.700000 	 0.186476 
-13.680000 	 -0.139239 
-13.660000 	 -0.119459 
-13.640000 	 0.133504 
-13.620000 	 -0.116345 
-13.600000 	 -0.158762 
-13.580000 	 -0.102027 
-13.560000 	 0.273215 
-13.540000 	 -0.002170 
-13.520000 	 -0.186617 
-13.500000 	 -0.048702 
-13.480000 	 -0.008952 
-13.460000 	 -0.218649 
-13.440000 	 0.160835 
-13.420000 	 0.135511 
-13.400000 	 0.041684 
-13.380000 	 -0.112810 
-13.360000 	 -0.011797 
-13.340000 	 -0.070355 
-13.320000 	 -0.061106 
-13.300000 	 -0.049267 
-13.280000 	 -0.059529 
-13.260000 	 -0.006383 
-13.240000 	 -0.077562 
-13.220000 	 0.082920 
-13.200000 	 0.162310 
-13.180000 	 -0.050079 
-13.160000 	 -0.116348 
-13.140000 	 -0.030177 
-13.120000 	 0.233470 
-13.100000 	 0.242699 
-13.080000 	 -0.088883 
-13.060000 	 0.168173 
-13.040000 	 -0.342487 
-13.020000 	 0.161717 
-13.000000 	 -0.229683 
-12.980000 	 -0.052650 
-12.960000 	 0.111648 
-12.940000 	 -0.171176 
-12.920000 	 -0.265027 
-12.900000 	 -0.157726 
-12.880000 	 0.158505 
-12.860000 	 0.289012 
-12.840000 	 -0.038415 
-12.820000 	 0.211124 
-12.800000 	 0.021569 
-12.780000 	 -0.090136 
-12.760000 	 -0.032907 
-12.740000 	 0.042508 
-12.720000 	 0.042682 
-12.700000 	 0.157072 
-12.680000 	 -0.040734 
-12.660000 	 0.170942 
-12.640000 	 0.066571 
-12.620000 	 -0.034071 
-12.600000 	 0.031342 
-12.580000 	 0.110305 
-12.560000 	 0.166920 
-12.540000 	 0.304277 
-12.520000 	 0.030592 
-12.500000 	 -0.025880 
-12.480000 	 0.117061 
-12.460000 	 0.299891 
-12.440000 	 0.181968 
-12.420000 	 0.126953 
-12.400000 	 0.153999 
-12.380000 	 0.089870 
-12.360000 	 0.006703 
-12.340000 	 0.048195 
-12.320000 	 -0.046281 
-12.300000 	 -0.152427 
-12.280000 	 -0.418213 
-12.260000 	 -0.140541 
-12.240000 	 0.109712 
-12.220000 	 -0.166616 
-12.200000 	 0.020142 
-12.180000 	 0.147286 
-12.160000 	 -0.155355 
-12.140000 	 0.049170 
-12.120000 	 -0.092060 
-12.100000 	 -0.268133 
-12.080000 	 -0.148638 
-12.060000 	 -0.040593 
-12.040000 	 -0.113727 
-12.020000 	 0.014678 
-12.000000 	 0.083475 
-11.980000 	 -0.178858 
-11.960000 	 -0.002975 
-11.940000 	 0.289503 
-11.920000 	 -0.033470 
-11.900000 	 -0.093171 
-11.880000 	 0.107040 
-11.860000 	 -0.031343 
-11.840000 	 0.163965 
-11.820000 	 0.249060 
-11.800000 	 0.014824 
-11.780000 	 0.154718 
-11.760000 	 -0.061533 
-11.740000 	 0.156874 
-11.720000 	 0.239393 
-11.700000 	 -0.050627 
-11.680000 	 0.236584 
-11.660000 	 0.022859 
-11.640000 	 0.167285 
-11.620000 	 -0.086460 
-11.600000 	 -0.159884 
-11.580000 	 0.058404 
-11.560000 	 0.044515 
-11.540000 	 0.217820 
-11.520000 	 -0.037419 
-11.500000 	 0.150131 
-11.480000 	 -0.007737 
-11.460000 	 0.095460 
-11.440000 	 0.098169 
-11.420000 	 -0.085836 
-11.400000 	 -0.171170 
-11.380000 	 -0.035198 
-11.360000 	 -0.214388 
-11.340000 	 0.051239 
-11.320000 	 0.050465 
-11.300000 	 -0.007247 
-11.280000 	 0.064033 
-11.260000 	 -0.002239 
-11.240000 	 0.132247 
-11.220000 	 0.002823 
-11.200000 	 0.059188 
-11.180000 	 0.211666 
-11.160000 	 0.068929 
-11.140000 	 -0.084628 
-11.120000 	 -0.086955 
-11.100000 	 -0.081996 
-11.080000 	 0.000171 
-11.060000 	 -0.138717 
-11.040000 	 0.104345 
-11.020000 	 0.063660 
-11.000000 	 0.159029 
-10.980000 	 0.042935 
-10.960000 	 -0.041186 
-10.940000 	 -0.050032 
-10.920000 	 0.000565 
-10.900000 	 -0.117529 
-10.880000 	 -0.057398 
-10.860000 	 -0.273947 
-10.840000 	 -0.043415 
-10.820000 	 -0.230553 
-10.800000 	 -0.082785 
-10.780000 	 -0.008268 
-10.760000 	 -0.024733 
-10.740000 	 0.153504 
-10.720000 	 -0.071145 
-10.700000 	 -0.052795 
-10.680000 	 -0.258923 
-10.660000 	 -0.226836 
-10.640000 	 0.123937 
-10.620000 	 0.199629 
-10.600000 	 -0.220135 
-10.580000 	 0.015811 
-10.560000 	 0.073170 
-10.540000 	 -0.216369 
-10.520000 	 0.075426 
-10.500000 	 0.064504 
-10.480000 	 -0.322434 
-10.460000 	 -0.108552 
-10.440000 	 -0.052821 
-10.420000 	 -0.067293 
-10.400000 	 -0.232646 
-10.380000 	 -0.102934 
-10.360000 	 -0.264120 
-10.340000 	 -0.178558 
-10.320000 	 -0.017921 
-10.300000 	 0.131624 
-10.280000 	 0.093794 
-10.260000 	 -0.012657 
-10.240000 	 -0.215714 
-10.220000 	 0.050868 
-10.200000 	 -0.260266 
-10.180000 	 0.010862 
-10.160000 	 -0.300000 
-10.140000 	 -0.229708 
-10.120000 	 0.182359 
-10.100000 	 0.005005 
-10.080000 	 -0.182880 
-10.060000 	 0.028076 
-10.040000 	 0.073618 
-10.020000 	 -0.029147 
-10.000000 	 0.112915 
-9.980000 	 0.251143 
-9.960000 	 0.002054 
-9.940000 	 -0.237015 
-9.920000 	 0.196021 
-9.900000 	 -0.082678 
-9.880000 	 -0.120661 
-9.860000 	 0.013898 
-9.840000 	 -0.121515 
-9.820000 	 -0.006392 
-9.800000 	 -0.121636 
-9.780000 	 -0.075265 
-9.760000 	 0.054368 
-9.740000 	 -0.137747 
-9.720000 	 -0.148443 
-9.700000 	 -0.087472 
-9.680000 	 0.174631 
-9.660000 	 0.171761 
-9.640000 	 -0.050335 
-9.620000 	 -0.045848 
-9.600000 	 0.066232 
-9.580000 	 -0.045512 
-9.560000 	 -0.174144 
-9.540000 	 0.198683 
-9.520000 	 0.101401 
-9.500000 	 -0.010558 
-9.480000 	 -0.041786 
-9.460000 	 -0.251575 
-9.440000 	 0.233242 
-9.420000 	 0.080088 
-9.400000 	 0.195824 
-9.380000 	 0.018213 
-9.360000 	 -0.047062 
-9.340000 	 0.279587 
-9.320000 	 0.179796 
-9.300000 	 -0.037989 
-9.280000 	 -0.115773 
-9.260000 	 0.139952 
-9.240000 	 0.268283 
-9.220000 	 -0.020398 
-9.200000 	 0.005024 
-9.180000 	 0.161518 
-9.160000 	 -0.122779 
-9.140000 	 -0.092198 
-9.120000 	 -0.058990 
-9.100000 	 -0.067540 
-9.080000 	 0.053460 
-9.060000 	 -0.109766 
-9.040000 	 0.168662 
-9.020000 	 0.236788 
-9.000000 	 0.095230 
-8.980000 	 0.362401 
-8.960000 	 -0.025001 
-8.940000 	 0.106006 
-8.920000 	 -0.249570 
-8.900000 	 0.280667 
-8.880000 	 0.031641 
-8.860000 	 0.087102 
-8.840000 	 0.101448 
-8.820000 	 0.204124 
-8.800000 	 0.112421 
-8.780000 	 -0.038506 
-8.760000 	 -0.032035 
-8.740000 	 0.041210 
-8.720000 	 -0.060481 
-8.700000 	 0.010177 
-8.680000 	 -0.020119 
-8.660000 	 0.387341 
-8.640000 	 0.358953 
-8.620000 	 -0.062390 
-8.600000 	 -0.365460 
-8.580000 	 0.145839 
-8.560000 	 0.013412 
-8.540000 	 0.039882 
-8.520000 	 0.109737 
-8.500000 	 0.231431 
-8.480000 	 0.299198 
-8.460000 	 -0.049436 
-8.440000 	 0.101935 
-8.420000 	 0.113713 
-8.400000 	 -0.054895 
-8.380000 	 -0.114209 
-8.360000 	 0.208687 
-8.340000 	 0.165745 
-8.320000 	 0.127672 
-8.300000 	 0.016817 
-8.280000 	 -0.101989 
-8.260000 	 -0.025373 
-8.240000 	 0.110738 
-8.220000 	 -0.219070 
-8.200000 	 0.008404 
-8.180000 	 0.212153 
-8.160000 	 0.107987 
-8.140000 	 -0.012239 
-8.120000 	 0.198091 
-8.100000 	 0.125793 
-8.080000 	 -0.173428 
-8.060000 	 0.275143 
-8.040000 	 0.087073 
-8.020000 	 0.242517 
-8.000000 	 0.290074 
-7.980000 	 0.289143 
-7.960000 	 0.086051 
-7.940000 	 -0.136554 
-7.920000 	 -0.105463 
-7.900000 	 -0.067324 
-7.880000 	 -0.043997 
-7.860000 	 0.182681 
-7.840000 	 0.008035 
-7.820000 	 0.085164 
-7.800000 	 0.257199 
-7.780000 	 -0.064036 
-7.760000 	 -0.122569 
-7.740000 	 -0.236482 
-7.720000 	 0.211417 
-7.700000 	 0.054494 
-7.680000 	 -0.195616 
-7.660000 	 0.086222 
-7.640000 	 0.015036 
-7.620000 	 0.095884 
-7.600000 	 0.071546 
-7.580000 	 -0.174717 
-7.560000 	 -0.250737 
-7.540000 	 0.301989 
-7.520000 	 0.121709 
-7.500000 	 0.022077 
-7.480000 	 0.026746 
-7.460000 	 0.255058 
-7.440000 	 0.055314 
-7.420000 	 -0.053930 
-7.400000 	 -0.035304 
-7.380000 	 -0.101384 
-7.360000 	 0.115858 
-7.340000 	 -0.225692 
-7.320000 	 0.063980 
-7.300000 	 -0.019724 
-7.280000 	 0.155353 
-7.260000 	 -0.121922 
-7.240000 	 -0.089351 
-7.220000 	 -0.056740 
-7.200000 	 -0.088041 
-7.180000 	 -0.006622 
-7.160000 	 -0.386421 
-7.140000 	 0.062949 
-7.120000 	 0.001899 
-7.100000 	 0.095860 
-7.080000 	 -0.121303 
-7.060000 	 -0.114298 
-7.040000 	 0.118995 
-7.020000 	 0.310745 
-7.000000 	 0.232501 
-6.980000 	 0.085831 
-6.960000 	 0.029590 
-6.940000 	 0.210077 
-6.920000 	 0.421618 
-6.900000 	 0.133969 
-6.880000 	 -0.174050 
-6.860000 	 0.015250 
-6.840000 	 0.049909 
-6.820000 	 0.002135 
-6.800000 	 -0.019952 
-6.780000 	 0.029907 
-6.760000 	 -0.154528 
-6.740000 	 0.118667 
-6.720000 	 0.013547 
-6.700000 	 0.160085 
-6.680000 	 -0.051348 
-6.660000 	 0.183925 
-6.640000 	 0.140023 
-6.620000 	 0.207081 
-6.600000 	 0.132486 
-6.580000 	 0.187528 
-6.560000 	 0.333363 
-6.540000 	 0.221558 
-6.520000 	 -0.194786 
-6.500000 	 0.071594 
-6.480000 	 0.198168 
-6.460000 	 0.099532 
-6.440000 	 0.134710 
-6.420000 	 -0.096150 
-6.400000 	 0.477144 
-6.380000 	 0.149701 
-6.360000 	 0.093935 
-6.340000 	 0.020901 
-6.320000 	 0.117808 
-6.300000 	 0.388420 
-6.280000 	 -0.050470 
-6.260000 	 -0.016877 
-6.240000 	 0.225337 
-6.220000 	 0.393059 
-6.200000 	 0.206596 
-6.180000 	 0.380567 
-6.160000 	 0.250476 
-6.140000 	 -0.027298 
-6.120000 	 0.167474 
-6.100000 	 0.168258 
-6.080000 	 0.240230 
-6.060000 	 0.134927 
-6.040000 	 -0.237142 
-6.020000 	 0.154090 
-6.000000 	 0.324702 
-5.980000 	 0.153013 
-5.960000 	 -0.010592 
-5.940000 	 0.204858 
-5.920000 	 0.143385 
-5.900000 	 0.365278 
-5.880000 	 0.402220 
-5.860000 	 0.129805 
-5.840000 	 -0.007323 
-5.820000 	 0.012893 
-5.800000 	 0.279252 
-5.780000 	 -0.107221 
-5.760000 	 0.109683 
-5.740000 	 0.490475 
-5.720000 	 0.124174 
-5.700000 	 0.126955 
-5.680000 	 0.164287 
-5.660000 	 0.322083 
-5.640000 	 0.418077 
-5.620000 	 0.239705 
-5.600000 	 0.280063 
-5.580000 	 0.004732 
-5.560000 	 0.426270 
-5.540000 	 0.606376 
-5.520000 	 0.080568 
-5.500000 	 0.161645 
-5.480000 	 0.208075 
-5.460000 	 0.412080 
-5.440000 	 0.225893 
-5.420000 	 0.531299 
-5.400000 	 0.500236 
-5.380000 	 0.135635 
-5.360000 	 0.302119 
-5.340000 	 0.443859 
-5.320000 	 0.364932 
-5.300000 	 0.381786 
-5.280000 	 0.396956 
-5.260000 	 0.509534 
-5.240000 	 0.544986 
-5.220000 	 0.285395 
-5.200000 	 0.558167 
-5.180000 	 0.352538 
-5.160000 	 0.386773 
-5.140000 	 0.098254 
-5.120000 	 0.334802 
-5.100000 	 0.591036 
-5.080000 	 0.318782 
-5.060000 	 0.281879 
-5.040000 	 0.460802 
-5.020000 	 -0.014898 
-5.000000 	 0.199311 
-4.980000 	 0.420776 
-4.960000 	 0.627216 
-4.940000 	 0.339538 
-4.920000 	 0.726956 
-4.900000 	 0.525951 
-4.880000 	 0.372298 
-4.860000 	 0.431433 
-4.840000 	 0.606742 
-4.820000 	 0.532439 
-4.800000 	 0.342431 
-4.780000 	 0.530208 
-4.760000 	 0.286214 
-4.740000 	 0.480812 
-4.720000 	 0.696352 
-4.700000 	 0.440297 
-4.680000 	 0.583878 
-4.660000 	 0.687768 
-4.640000 	 0.658629 
-4.620000 	 0.373242 
-4.600000 	 0.377197 
-4.580000 	 0.388048 
-4.560000 	 0.253924 
-4.540000 	 0.485681 
-4.520000 	 0.427376 
-4.500000 	 0.438350 
-4.480000 	 0.467186 
-4.460000 	 0.605018 
-4.440000 	 0.521730 
-4.420000 	 0.343552 
-4.400000 	 0.627604 
-4.380000 	 0.330736 
-4.360000 	 0.635090 
-4.340000 	 0.419401 
-4.320000 	 0.835415 
-4.300000 	 0.869243 
-4.280000 	 0.313666 
-4.260000 	 0.626111 
-4.240000 	 0.560417 
-4.220000 	 0.590383 
-4.200000 	 0.498031 
-4.180000 	 0.281537 
-4.160000 	 0.252475 
-4.140000 	 0.585472 
-4.120000 	 0.395306 
-4.100000 	 0.485403 
-4.080000 	 0.687146 
-4.060000 	 0.448202 
-4.040000 	 0.583343 
-4.020000 	 0.368465 
-4.000000 	 0.626952 
-3.980000 	 0.428434 
-3.960000 	 0.526018 
-3.940000 	 0.532194 
-3.920000 	 0.475820 
-3.900000 	 0.255464 
-3.880000 	 0.502912 
-3.860000 	 0.554576 
-3.840000 	 0.283487 
-3.820000 	 0.851435 
-3.800000 	 0.503829 
-3.780000 	 0.398540 
-3.760000 	 0.622532 
-3.740000 	 0.417128 
-3.720000 	 0.557398 
-3.700000 	 0.462104 
-3.680000 	 0.390247 
-3.660000 	 0.739856 
-3.640000 	 0.204462 
-3.620000 	 0.599756 
-3.600000 	 0.395858 
-3.580000 	 0.396991 
-3.560000 	 0.327310 
-3.540000 	 0.479351 
-3.520000 	 0.636133 
-3.500000 	 0.600269 
-3.480000 	 0.710296 
-3.460000 	 0.395218 
-3.440000 	 0.466401 
-3.420000 	 0.424367 
-3.400000 	 0.340257 
-3.380000 	 0.445396 
-3.360000 	 0.617735 
-3.340000 	 0.678900 
-3.320000 	 0.738642 
-3.300000 	 0.696939 
-3.280000 	 0.470331 
-3.260000 	 0.777022 
-3.240000 	 0.545186 
-3.220000 	 0.202513 
-3.200000 	 0.450058 
-3.180000 	 0.498051 
-3.160000 	 0.294976 
-3.140000 	 0.666685 
-3.120000 	 0.171436 
-3.100000 	 0.343464 
-3.080000 	 0.205389 
-3.060000 	 0.369996 
-3.040000 	 0.342150 
-3.020000 	 0.315297 
-3.000000 	 0.519219 
-2.980000 	 0.155835 
-2.960000 	 0.144976 
-2.940000 	 0.505417 
-2.920000 	 0.579034 
-2.900000 	 0.593683 
-2.880000 	 0.323870 
-2.860000 	 0.410509 
-2.840000 	 0.418868 
-2.820000 	 0.074602 
-2.800000 	 0.433669 
-2.780000 	 0.435124 
-2.760000 	 0.247384 
-2.740000 	 0.133780 
-2.720000 	 0.280731 
-2.700000 	 0.397577 
-2.680000 	 0.243606 
-2.660000 	 0.307955 
-2.640000 	 0.510061 
-2.620000 	 0.528046 
-2.600000 	 0.108840 
-2.580000 	 0.384935 
-2.560000 	 0.575275 
-2.540000 	 0.263254 
-2.520000 	 0.574435 
-2.500000 	 0.426212 
-2.480000 	 0.437457 
-2.460000 	 0.261889 
-2.440000 	 0.235627 
-2.420000 	 0.041295 
-2.400000 	 0.374562 
-2.380000 	 0.520823 
-2.360000 	 0.405884 
-2.340000 	 0.056494 
-2.320000 	 0.320267 
-2.300000 	 0.292259 
-2.280000 	 0.374240 
-2.260000 	 0.100007 
-2.240000 	 0.213853 
-2.220000 	 0.233042 
-2.200000 	 0.355909 
-2.180000 	 0.278401 
-2.160000 	 0.157320 
-2.140000 	 -0.007426 
-2.120000 	 0.231294 
-2.100000 	 0.127983 
-2.080000 	 0.301144 
-2.060000 	 0.401945 
-2.040000 	 0.300109 
-2.020000 	 0.208461 
-2.000000 	 0.294288 
-1.980000 	 0.348312 
-1.960000 	 0.009612 
-1.940000 	 0.268260 
-1.920000 	 0.102490 
-1.900000 	 0.200244 
-1.880000 	 0.291175 
-1.860000 	 0.307323 
-1.840000 	 0.503501 
-1.820000 	 0.270087 
-1.800000 	 0.210948 
-1.780000 	 0.425703 
-1.760000 	 0.102332 
-1.740000 	 0.389797 
-1.720000 	 0.016873 
-1.700000 	 0.189554 
-1.680000 	 0.521268 
-1.660000 	 0.571705 
-1.640000 	 -0.018774 
-1.620000 	 0.143259 
-1.600000 	 0.253358 
-1.580000 	 -0.010279 
-1.560000 	 0.172475 
-1.540000 	 0.194213 
-1.520000 	 -0.005893 
-1.500000 	 -0.095906 
-1.480000 	 0.025609 
-1.460000 	 0.286381 
-1.440000 	 0.382719 
-1.420000 	 0.130781 
-1.400000 	 0.220849 
-1.380000 	 0.251720 
-1.360000 	 0.116867 
-1.340000 	 0.146278 
-1.320000 	 0.311351 
-1.300000 	 0.186886 
-1.280000 	 0.159062 
-1.260000 	 0.321122 
-1.240000 	 0.174182 
-1.220000 	 0.434557 
-1.200000 	 -0.098861 
-1.180000 	 0.242546 
-1.160000 	 0.186740 
-1.140000 	 0.143419 
-1.120000 	 0.077372 
-1.100000 	 -0.033853 
-1.080000 	 0.195961 
-1.060000 	 0.209516 
-1.040000 	 0.191120 
-1.020000 	 -0.056450 
-1.000000 	 0.050747 
-0.980000 	 0.251367 
-0.960000 	 0.234615 
-0.940000 	 -0.013476 
-0.920000 	 0.262518 
-0.900000 	 0.124980 
-0.880000 	 0.453180 
-0.860000 	 0.057638 
-0.840000 	 0.071949 
-0.820000 	 0.441362 
-0.800000 	 0.255391 
-0.780000 	 0.285309 
-0.760000 	 0.292648 
-0.740000 	 0.099091 
-0.720000 	 -0.108607 
-0.700000 	 0.290865 
-0.680000 	 0.057019 
-0.660000 	 0.000508 
-0.640000 	 0.178007 
-0.620000 	 -0.133909 
-0.600000 	 0.142807 
-0.580000 	 0.069128 
-0.560000 	 0.020938 
-0.540000 	 0.390602 
-0.520000 	 0.800000 
-0.500000 	 -0.300000 
-0.480000 	 0.193666 
-0.460000 	 0.083437 
-0.440000 	 0.025782 
-0.420000 	 -0.254369 
-0.400000 	 0.238416 
-0.380000 	 0.250158 
-0.360000 	 0.488387 
-0.340000 	 0.211760 
-0.320000 	 0.318296 
-0.300000 	 0.211133 
-0.280000 	 0.171547 
-0.260000 	 0.160079 
-0.240000 	 0.024780 
-0.220000 	 0.058418 
-0.200000 	 -0.168333 
-0.180000 	 0.290940 
-0.160000 	 0.255103 
-0.140000 	 0.028899 
-0.120000 	 0.205329 
-0.100000 	 0.380149 
-0.080000 	 0.207476 
-0.060000 	 0.131563 
-0.040000 	 0.181935 
-0.020000 	 0.319825 
0.000000 	 0.188860 
0.020000 	 0.147794 
0.040000 	 0.269464 
0.060000 	 0.258953 
0.080000 	 0.040073 
0.100000 	 0.273109 
0.120000 	 0.258232 
0.140000 	 0.187434 
0.160000 	 0.251264 
0.180000 	 0.186473 
0.200000 	 -0.015626 
0.220000 	 0.285743 
0.240000 	 0.484324 
0.260000 	 0.502670 
0.280000 	 0.454426 
0.300000 	 0.311017 
0.320000 	 0.501630 
0.340000 	 0.288473 
0.360000 	 0.251109 
0.380000 	 0.152481 
0.400000 	 0.465447 
0.420000 	 0.205567 
0.440000 	 0.261675 
0.460000 	 0.169873 
0.480000 	 0.205494 
0.500000 	 0.192701 
0.520000 	 0.476122 
0.540000 	 0.168685 
0.560000 	 0.228791 
0.580000 	 0.559199 
0.600000 	 0.156760 
0.620000 	 0.411173 
0.640000 	 0.310115 
0.660000 	 0.557929 
0.680000 	 0.250814 
0.700000 	 0.555053 
0.720000 	 0.694969 
0.740000 	 0.412673 
0.760000 	 0.378000 
0.780000 	 0.806578 
0.800000 	 0.326451 
0.820000 	 0.546832 
0.840000 	 0.486324 
0.860000 	 0.493458 
0.880000 	 0.266624 
0.900000 	 0.512095 
0.920000 	 0.499732 
0.940000 	 0.384084 
0.960000 	 0.145295 
0.980000 	 0.891872 
1.000000 	 0.613335 
1.020000 	 0.634265 
1.040000 	 0.410530 
1.060000 	 0.753563 
1.080000 	 0.585932 
1.100000 	 0.662893 
1.120000 	 0.862828 
1.140000 	 0.570569 
1.160000 	 0.664644 
1.180000 	 0.743152 
1.200000 	 0.734099 
1.220000 	 0.541471 
1.240000 	 0.981057 
1.260000 	 0.833301 
1.280000 	 0.604142 
1.300000 	 0.661397 
1.320000 	 0.508185 
1.340000 	 0.514156 
1.360000 	 0.484796 
1.380000 	 0.749164 
1.400000 	 0.646305 
1.420000 	 0.884798 
1.440000 	 0.665502 
1.460000 	 0.525387 
1.480000 	 0.318290 
1.500000 	 0.595679 
1.520000 	 0.747092 
1.540000 	 0.727323 
1.560000 	 0.876220 
1.580000 	 1.247577 
1.600000 	 0.966426 
1.620000 	 0.706146 
1.640000 	 0.877902 
1.660000 	 1.013023 
1.680000 	 0.757906 
1.700000 	 1.042234 
1.720000 	 1.115674 
1.740000 	 0.812368 
1.760000 	 0.876100 
1.780000 	 0.920168 
1.800000 	 1.126530 
1.820000 	 0.864632 
1.840000 	 0.705971 
1.860000 	 0.850914 
1.880000 	 0.618569 
1.900000 	 1.006448 
1.920000 	 1.000477 
1.940000 	 1.239670 
1.960000 	 0.922052 
1.980000 	 0.786604 
2.000000 	 1.010494 
2.020000 	 1.091815 
2.040000 	 1.180063 
2.060000 	 0.919573 
2.080000 	 1.104425 
2.100000 	 1.220688 
2.120000 	 0.998628 
2.140000 	 1.291991 
2.160000 	 1.258146 
2.180000 	 0.722625 
2.200000 	 1.091027 
2.220000 	 1.043582 
2.240000 	 1.017774 
2.260000 	 0.862793 
2.280000 	 1.100801 
2.300000 	 0.783802 
2.320000 	 1.261553 
2.340000 	 1.012254 
2.360000 	 0.867827 
2.380000 	 1.148312 
2.400000 	 1.217720 
2.420000 	 1.234815 
2.440000 	 1.177245 
2.460000 	 1.058127 
2.480000 	 1.467113 
2.500000 	 1.002835 
2.520000 	 0.984052 
2.540000 	 1.179504 
2.560000 	 1.010923 
2.580000 	 1.409153 
2.600000 	 1.466893 
2.620000 	 1.222635 
2.640000 	 1.184553 
2.660000 	 1.111504 
2.680000 	 1.319428 
2.700000 	 1.057482 
2.720000 	 1.309239 
2.740000 	 1.155914 
2.760000 	 1.321471 
2.780000 	 1.412258 
2.800000 	 1.518757 
2.820000 	 1.241435 
2.840000 	 1.069224 
2.860000 	 1.192055 
2.880000 	 1.489775 
2.900000 	 1.167243 
2.920000 	 1.313285 
2.940000 	 1.498932 
2.960000 	 1.532270 
2.980000 	 1.482761 
3.000000 	 1.457936 
3.020000 	 1.381187 
3.040000 	 1.627839 
3.060000 	 1.428935 
3.080000 	 1.406906 
3.100000 	 1.555635 
3.120000 	 1.562442 
3.140000 	 1.509941 
3.160000 	 1.737882 
3.180000 	 1.550810 
3.200000 	 1.516634 
3.220000 	 0.700000 
3.240000 	 1.543821 
3.260000 	 1.287977 
3.280000 	 1.693785 
3.300000 	 1.306608 
3.320000 	 1.634669 
3.340000 	 1.434226 
3.360000 	 1.515426 
3.380000 	 1.738880 
3.400000 	 1.599367 
3.420000 	 1.675115 
3.440000 	 1.521821 
3.460000 	 1.603875 
3.480000 	 1.865346 
3.500000 	 1.406826 
3.520000 	 1.726180 
3.540000 	 1.660250 
3.560000 	 1.554104 
3.580000 	 1.626081 
3.600000 	 1.671031 
3.620000 	 1.905331 
3.640000 	 1.267174 
3.660000 	 1.901466 
3.680000 	 1.661820 
3.700000 	 1.732295 
3.720000 	 1.720570 
3.740000 	 1.486429 
3.760000 	 1.704370 
3.780000 	 1.428576 
3.800000 	 1.655730 
3.820000 	 1.579442 
3.840000 	 1.582013 
3.860000 	 1.485796 
3.880000 	 1.655417 
3.900000 	 1.573503 
3.920000 	 1.220403 
3.940000 	 1.407513 
3.960000 	 1.353355 
3.980000 	 1.651386 
4.000000 	 0.600000 
4.020000 	 1.579316 
4.040000 	 1.573282 
4.060000 	 1.718899 
4.080000 	 1.652013 
4.100000 	 1.627656 
4.120000 	 1.430427 
4.140000 	 1.874487 
4.160000 	 1.492805 
4.180000 	 1.586598 
4.200000 	 1.805878 
4.220000 	 1.526203 
4.240000 	 1.450415 
4.260000 	 1.696287 
4.280000 	 1.653960 
4.300000 	 1.801418 
4.320000 	 1.629202 
4.340000 	 1.809045 
4.360000 	 1.637128 
4.380000 	 1.603976 
4.400000 	 1.655570 
4.420000 	 1.545786 
4.440000 	 1.480733 
4.460000 	 1.761219 
4.480000 	 1.671645 
4.500000 	 1.224629 
4.520000 	 1.541233 
4.540000 	 1.511014 
4.560000 	 1.820973 
4.580000 	 1.750745 
4.600000 	 1.499233 
4.620000 	 1.779414 
4.640000 	 1.413789 
4.660000 	 1.399484 
4.680000 	 1.603412 
4.700000 	 1.518304 
4.720000 	 1.424432 
4.740000 	 1.604175 
4.760000 	 1.408265 
4.780000 	 1.334368 
4.800000 	 1.626311 
4.820000 	 1.555915 
4.840000 	 1.447971 
4.860000 	 1.677913 
4.880000 	 1.476110 
4.900000 	 1.473049 
4.920000 	 1.421793 
4.940000 	 1.382346 
4.960000 	 1.389150 
4.980000 	 1.495780 
5.000000 	 1.632545 
5.020000 	 1.068627 
5.040000 	 1.369360 
5.060000 	 1.403794 
5.080000 	 1.704924 
5.100000 	 1.350798 
5.120000 	 1.564069 
5.140000 	 1.130517 
5.160000 	 1.282906 
5.180000 	 1.243137 
5.200000 	 1.279145 
5.220000 	 1.280728 
5.240000 	 1.356576 
5.260000 	 1.289059 
5.280000 	 1.304497 
5.300000 	 1.261406 
5.320000 	 1.517956 
5.340000 	 1.436505 
5.360000 	 1.127178 
5.380000 	 1.212484 
5.400000 	 1.240501 
5.420000 	 1.307066 
5.440000 	 1.450969 
5.460000 	 1.204392 
5.480000 	 1.328494 
5.500000 	 1.217065 
5.520000 	 1.081510 
5.540000 	 1.008201 
5.560000 	 1.303282 
5.580000 	 1.132727 
5.600000 	 1.107076 
5.620000 	 1.151193 
5.640000 	 0.980336 
5.660000 	 1.232872 
5.680000 	 1.274385 
5.700000 	 1.525886 
5.720000 	 0.954217 
5.740000 	 1.064851 
5.760000 	 1.079035 
5.780000 	 1.015382 
5.800000 	 1.102694 
5.820000 	 1.140137 
5.840000 	 0.724692 
5.860000 	 1.171595 
5.880000 	 1.081853 
5.900000 	 1.070371 
5.920000 	 0.935110 
5.940000 	 0.886650 
5.960000 	 1.110589 
5.980000 	 1.039828 
6.000000 	 1.120051 
6.020000 	 1.307586 
6.040000 	 0.995576 
6.060000 	 0.956555 
6.080000 	 0.904495 
6.100000 	 1.024859 
6.120000 	 1.000455 
6.140000 	 0.940055 
6.160000 	 0.598858 
6.180000 	 0.669699 
6.200000 	 1.122149 
6.220000 	 0.858728 
6.240000 	 0.694032 
6.260000 	 1.030056 
6.280000 	 0.999850 
6.300000 	 0.811775 
6.320000 	 0.881469 
6.340000 	 0.884425 
6.360000 	 0.928459 
6.380000 	 0.925315 
6.400000 	 0.633112 
6.420000 	 0.836398 
6.440000 	 0.711574 
6.460000 	 0.922898 
6.480000 	 0.745297 
6.500000 	 0.507492 
6.520000 	 0.818720 
6.540000 	 0.682824 
6.560000 	 0.665610 
6.580000 	 0.643893 
6.600000 	 0.737186 
6.620000 	 0.741287 
6.640000 	 0.526207 
6.660000 	 0.570996 
6.680000 	 0.799456 
6.700000 	 0.649434 
6.720000 	 0.656160 
6.740000 	 0.653088 
6.760000 	 0.541195 
6.780000 	 0.672196 
6.800000 	 0.507792 
6.820000 	 0.471169 
6.840000 	 0.793680 
6.860000 	 0.411247 
6.880000 	 0.652143 
6.900000 	 0.379505 
6.920000 	 0.684014 
6.940000 	 0.684131 
6.960000 	 0.487324 
6.980000 	 0.415370 
7.000000 	 0.414812 
7.020000 	 0.380277 
7.040000 	 0.695281 
7.060000 	 0.249340 
7.080000 	 0.467331 
7.100000 	 0.432268 
7.120000 	 0.450247 
7.140000 	 0.636707 
7.160000 	 0.625393 
7.180000 	 0.434606 
7.200000 	 0.244335 
7.220000 	 0.475676 
7.240000 	 0.230391 
7.260000 	 0.320698 
7.280000 	 0.441229 
7.300000 	 0.528996 
7.320000 	 0.368770 
7.340000 	 0.634635 
7.360000 	 0.522455 
7.380000 	 0.360134 
7.400000 	 0.243044 
7.420000 	 0.385974 
7.440000 	 0.271447 
7.460000 	 0.473754 
7.480000 	 0.298665 
7.500000 	 0.130332 
7.520000 	 0.496935 
7.540000 	 0.312881 
7.560000 	 0.158237 
7.580000 	 0.445434 
7.600000 	 0.264804 
7.620000 	 0.115152 
7.640000 	 0.094280 
7.660000 	 0.236170 
7.680000 	 0.100028 
7.700000 	 0.603585 
7.720000 	 0.046644 
7.740000 	 0.596265 
7.760000 	 0.098423 
7.780000 	 0.338349 
7.800000 	 0.291582 
7.820000 	 0.258455 
7.840000 	 0.099015 
7.860000 	 0.070147 
7.880000 	 0.074807 
7.900000 	 0.366343 
7.920000 	 -0.042171 
7.940000 	 0.208941 
7.960000 	 0.324563 
7.980000 	 0.360027 
8.000000 	 0.015633 
8.020000 	 0.088429 
8.040000 	 0.454245 
8.060000 	 0.298699 
8.080000 	 0.170526 
8.100000 	 0.441428 
8.120000 	 0.046127 
8.140000 	 0.194319 
8.160000 	 0.149815 
8.180000 	 0.070923 
8.200000 	 0.146663 
8.220000 	 0.037200 
8.240000 	 0.265356 
8.260000 	 0.114227 
8.280000 	 0.125886 
8.300000 	 -0.032487 
8.320000 	 0.429737 
8.340000 	 0.148250 
8.360000 	 -0.006149 
8.380000 	 0.125551 
8.400000 	 0.181261 
8.420000 	 0.342906 
8.440000 	 0.012278 
8.460000 	 0.062445 
8.480000 	 -0.038019 
8.500000 	 -0.062934 
8.520000 	 0.341631 
8.540000 	 -0.023507 
8.560000 	 0.208448 
8.580000 	 0.142697 
8.600000 	 0.401548 
8.620000 	 -0.030358 
8.640000 	 0.310446 
8.660000 	 -0.096479 
8.680000 	 0.111653 
8.700000 	 0.114218 
8.720000 	 0.315108 
8.740000 	 0.059536 
8.760000 	 0.073081 
8.780000 	 0.223545 
8.800000 	 -0.027419 
8.820000 	 -0.072278 
8.840000 	 0.132227 
8.860000 	 0.168120 
8.880000 	 0.170736 
8.900000 	 -0.123379 
8.920000 	 0.336966 
8.940000 	 -0.180751 
8.960000 	 0.099193 
8.980000 	 0.079660 
9.000000 	 0.175773 
9.020000 	 0.245709 
9.040000 	 -0.068506 
9.060000 	 0.078937 
9.080000 	 -0.100159 
9.100000 	 0.062512 
9.120000 	 -0.238271 
9.140000 	 -0.037579 
9.160000 	 -0.039380 
9.180000 	 0.193246 
9.200000 	 0.199416 
9.220000 	 0.172494 
9.240000 	 0.074197 
9.260000 	 0.162385 
9.280000 	 0.252471 
9.300000 	 -0.104472 
9.320000 	 -0.005271 
9.340000 	 -0.301845 
9.360000 	 0.079342 
9.380000 	 -0.079773 
9.400000 	 -0.004676 
9.420000 	 -0.084987 
9.440000 	 0.000860 
9.460000 	 0.301318 
9.480000 	 -0.047254 
9.500000 	 -0.101207 
9.520000 	 -0.039608 
9.540000 	 -0.198342 
9.560000 	 -0.067925 
9.580000 	 -0.111622 
9.600000 	 0.014696 
9.620000 	 -0.130705 
9.640000 	 -0.007106 
9.660000 	 -0.126432 
9.680000 	 -0.068341 
9.700000 	 -0.044220 
9.720000 	 0.011915 
9.740000 	 -0.014776 
9.760000 	 -0.039437 
9.780000 	 0.130088 
9.800000 	 0.067421 
9.820000 	 0.230731 
9.840000 	 -0.095394 
9.860000 	 -0.240917 
9.880000 	 -0.029175 
9.900000 	 0.173011 
9.920000 	 -0.018683 
9.940000 	 0.017476 
9.960000 	 0.069669 
9.980000 	 0.083650 
10.000000 	 -0.054477 
10.020000 	 0.048458 
10.040000 	 0.117479 
10.060000 	 -0.177197 
10.080000 	 0.072186 
10.100000 	 -0.064693 
10.120000 	 -0.334455 
10.140000 	 0.112546 
10.160000 	 -0.248678 
10.180000 	 0.090945 
10.200000 	 0.017590 
10.220000 	 -0.114108 
10.240000 	 -0.047177 
10.260000 	 -0.221290 
10.280000 	 0.059148 
10.300000 	 0.335427 
10.320000 	 0.065864 
10.340000 	 -0.093936 
10.360000 	 -0.091602 
10.380000 	 0.224442 
10.400000 	 -0.194060 
10.420000 	 -0.050336 
10.440000 	 -0.046406 
10.460000 	 -0.070454 
10.480000 	 0.108777 
10.500000 	 -0.093426 
10.520000 	 0.152166 
10.540000 	 -0.079262 
10.560000 	 -0.214444 
10.580000 	 0.101744 
10.600000 	 0.110386 
10.620000 	 0.187751 
10.640000 	 -0.037790 
10.660000 	 0.125435 
10.680000 	 -0.112558 
10.700000 	 -0.065489 
10.720000 	 0.223851 
10.740000 	 0.247456 
10.760000 	 -0.208511 
10.780000 	 -0.035742 
10.800000 	 0.024858 
10.820000 	 -0.103519 
10.840000 	 0.468048 
10.860000 	 -0.026519 
10.880000 	 -0.195403 
10.900000 	 0.149222 
10.920000 	 -0.154308 
10.940000 	 0.071196 
10.960000 	 0.067920 
10.980000 	 -0.064641 
11.000000 	 -0.196726 
11.020000 	 0.052636 
11.040000 	 0.139700 
11.060000 	 -0.144289 
11.080000 	 0.102487 
11.100000 	 0.230534 
11.120000 	 -0.153006 
11.140000 	 -0.053300 
11.160000 	 -0.044075 
11.180000 	 -0.209218 
11.200000 	 0.197971 
11.220000 	 -0.089405 
11.240000 	 -0.153450 
11.260000 	 0.054308 
11.280000 	 0.369355 
11.300000 	 -0.046048 
11.320000 	 0.003865 
11.340000 	 0.036631 
11.360000 	 -0.026302 
11.380000 	 -0.036204 
11.400000 	 0.037067 
11.420000 	 -0.030122 
11.440000 	 0.148328 
11.460000 	 -0.111161 
11.480000 	 0.047748 
11.500000 	 -0.023113 
11.520000 	 -0.072130 
11.540000 	 0.130995 
11.560000 	 0.062345 
11.580000 	 0.090256 
11.600000 	 0.219392 
11.620000 	 0.056238 
11.640000 	 0.006483 
11.660000 	 -0.324672 
11.680000 	 0.217225 
11.700000 	 -0.147904 
11.720000 	 -0.223081 
11.740000 	 0.098624 
11.760000 	 0.113476 
11.780000 	 -0.209578 
11.800000 	 0.139850 
11.820000 	 0.151827 
11.840000 	 -0.167256 
11.860000 	 0.149313 
11.880000 	 -0.210692 
11.900000 	 0.151199 
11.920000 	 -0.034548 
11.940000 	 -0.024737 
11.960000 	 -0.037472 
11.980000 	 -0.372167 
12.000000 	 0.216254 
12.020000 	 -0.000394 
12.040000 	 -0.180975 
12.060000 	 -0.036796 
12.080000 	 -0.037558 
12.100000 	 -0.213235 
12.120000 	 -0.050029 
12.140000 	 0.056521 
12.160000 	 -0.161326 
12.180000 	 -0.062141 
12.200000 	 -0.132392 
12.220000 	 0.161721 
12.240000 	 -0.152917 
12.260000 	 -0.000826 
12.280000 	 0.003359 
12.300000 	 0.034877 
12.320000 	 -0.089128 
12.340000 	 0.147661 
12.360000 	 0.219658 
12.380000 	 0.119050 
12.400000 	 -0.076592 
12.420000 	 -0.003623 
12.440000 	 -0.157157 
12.460000 	 -0.093335 
12.480000 	 0.005789 
12.500000 	 -0.016005 
12.520000 	 -0.036779 
12.540000 	 0.120788 
12.560000 	 0.082454 
12.580000 	 0.212296 
12.600000 	 -0.043106 
12.620000 	 -0.308274 
12.640000 	 0.228376 
12.660000 	 0.108592 
12.680000 	 -0.015694 
12.700000 	 -0.090705 
12.720000 	 0.086717 
12.740000 	 -0.175721 
12.760000 	 0.261545 
12.780000 	 -0.000042 
12.800000 	 -0.217862 
12.820000 	 -0.175857 
12.840000 	 0.017081 
12.860000 	 -0.133605 
12.880000 	 -0.100691 
12.900000 	 -0.047541 
12.920000 	 -0.026415 
12.940000 	 -0.077280 
12.960000 	 0.020906 
12.980000 	 0.150704 
13.000000 	 0.014866 
13.020000 	 -0.254669 
13.040000 	 -0.177904 
13.060000 	 -0.013593 
13.080000 	 0.116640 
13.100000 	 -0.013137 
13.120000 	 -0.112974 
13.140000 	 -0.142908 
13.160000 	 0.118857 
13.180000 	 0.135229 
13.200000 	 0.023775 
13.220000 	 -0.328863 
13.240000 	 0.108003 
13.260000 	 -0.019793 
13.280000 	 0.002021 
13.300000 	 -0.069203 
13.320000 	 -0.029374 
13.340000 	 0.080217 
13.360000 	 -0.135386 
13.380000 	 -0.356729 
13.400000 	 0.129790 
13.420000 	 0.014394 
13.440000 	 0.118266 
13.460000 	 0.067181 
13.480000 	 -0.045193 
13.500000 	 0.001610 
13.520000 	 0.217704 
13.540000 	 -0.188444 
13.560000 	 0.180556 
13.580000 	 0.346619 
13.600000 	 -0.124606 
13.620000 	 0.108140 
13.640000 	 0.050441 
13.660000 	 0.217867 
13.680000 	 -0.155097 
13.700000 	 -0.182148 
13.720000 	 -0.156285 
13.740000 	 0.084732 
13.760000 	 -0.241765 
13.780000 	 0.022428 
13.800000 	 0.023636 
13.820000 	 0.106292 
13.840000 	 -0.159721 
13.860000 	 -0.042377 
13.880000 	 -0.226467 
13.900000 	 0.454266 
13.920000 	 -0.271939 
13.940000 	 -0.021245 
13.960000 	 0.176837 
13.980000 	 -0.170537 
14.000000 	 0.225136 
14.020000 	 -0.110520 
14.040000 	 0.213136 
14.060000 	 -0.049986 
14.080000 	 0.214112 
14.100000 	 -0.172478 
14.120000 	 -0.080922 
14.140000 	 0.321003 
14.160000 	 -0.012346 
14.180000 	 -0.047815 
14.200000 	 0.020521 
14.220000 	 0.083529 
14.240000 	 0.113584 
14.260000 	 0.043313 
14.280000 	 -0.092042 
14.300000 	 0.082293 
14.320000 	 0.164551 
14.340000 	 -0.131260 
14.360000 	 0.137544 
14.380000 	 0.037449 
14.400000 	 0.182883 
14.420000 	 -0.126614 
14.440000 	 -0.107005 
14.460000 	 -0.051842 
14.480000 	 0.099421 
14.500000 	 0.178615 
14.520000 	 -0.145511 
14.540000 	 -0.023154 
14.560000 	 0.180143 
14.580000 	 0.344649 
14.600000 	 -0.135124 
14.620000 	 -0.049400 
14.640000 	 -0.028930 
14.660000 	 0.131340 
14.680000 	 0.097784 
14.700000 	 -0.099033 
14.720000 	 0.116522 
14.740000 	 0.148166 
14.760000 	 -0.128535 
14.780000 	 0.270829 
14.800000 	 0.039781 
14.820000 	 0.100402 
14.840000 	 0.041060 
14.860000 	 0.080166 
14.880000 	 -0.034729 
14.900000 	 0.044563 
14.920000 	 -0.215288 
14.940000 	 -0.016945 
14.960000 	 -0.079161 
14.980000 	 -0.157202 
15.000000 	 -0.197307 
