-15.000000 	 0.024440 
-14.980000 	 -0.160021 
-14.960000 	 -0.096956 
-14.940000 	 -0.054511 
-14.920000 	 -0.078987 
-14.900000 	 -0.108545 
-14.880000 	 -0.040092 
-14.860000 	 0.329917 
-14.840000 	 0.023530 
-14.820000 	 -0.037745 
-14.800000 	 0.010367 
-14.780000 	 -0.164340 
-14.760000 	 -0.009314 
-14.740000 	 -0.190633 
-14.720000 	 0.147736 
-14.700000 	 0.088037 
-14.680000 	 -0.230756 
-14.660000 	 0.196353 
-14.640000 	 0.214460 
-14.620000 	 -0.192265 
-14.600000 	 0.069349 
-14.580000 	 -0.087802 
-14.560000 	 -0.190638 
-14.540000 	 -0.109243 
-14.520000 	 0.129773 
-14.500000 	 -0.227467 
-14.480000 	 -0.179482 
-14.460000 	 0.050503 
-14.440000 	 -0.011109 
-14.420000 	 -0.092384 
-14.400000 	 0.435000 
-14.380000 	 -0.005713 
-14.360000 	 -0.130236 
-14.340000 	 0.088218 
-14.320000 	 0.000206 
-14.300000 	 0.054571 
-14.280000 	 0.261766 
-14.260000 	 -0.083118 
-14.240000 	 -0.001114 
-14.220000 	 -0.405222 
-14.200000 	 0.052726 
-14.180000 	 0.048624 
-14.160000 	 -0.129719 
-14.140000 	 -0.003319 
-14.120000 	 0.020469 
-14.100000 	 0.155235 
-14.080000 	 -0.068901 
-14.060000 	 -0.035460 
-14.040000 	 -0.020330 
-14.020000 	 0.116978 
-14.000000 	 -0.022908 
-13.980000 	 -0.175228 
-13.960000 	 0.184224 
-13.940000 	 0.089362 
-13.920000 	 0.217529 
-13.900000 	 -0.045472 
-13.880000 	 -0.034719 
-13.860000 	 0.097687 
-13.840000 	 -0.120302 
-13.820000 	 -0.302187 
-13.800000 	 -0.196883 
-13.780000 	 0.358455 
-13.760000 	 0.018224 
-13.740000 	 0.028876 
-13.720000 	 -0.145116 
-13.700000 	 -0.094975 
-13.680000 	 -0.200883 
-13.660000 	 -0.156184 
-13.640000 	 -0.117337 
-13.620000 	 0.171019 
-13.600000 	 0.442873 
-13.580000 	 0.128340 
-13.560000 	 0.121841 
-13.540000 	 0.039426 
-13.520000 	 0.156696 
-13.500000 	 -0.335845 
-13.480000 	 -0.124461 
-13.460000 	 -0.052934 
-13.440000 	 0.047587 
-13.420000 	 -0.293097 
-13.400000 	 0.010943 
-13.380000 	 -0.110515 
-13.360000 	 -0.014576 
-13.340000 	 -0.093457 
-13.320000 	 -0.111794 
-13.300000 	 0.055563 
-13.280000 	 0.126166 
-13.260000 	 0.079945 
-13.240000 	 -0.041112 
-13.220000 	 0.236230 
-13.200000 	 0.081384 
-13.180000 	 0.103533 
-13.160000 	 0.073813 
-13.140000 	 0.008351 
-13.120000 	 0.193468 
-13.100000 	 -0.009454 
-13.080000 	 0.109781 
-13.060000 	 0.085359 
-13.040000 	 0.066819 
-13.020000 	 0.271454 
-13.000000 	 0.060477 
-12.980000 	 -0.096555 
-12.960000 	 0.090730 
-12.940000 	 -0.208933 
-12.920000 	 -0.035651 
-12.900000 	 0.123303 
-12.880000 	 -0.212570 
-12.860000 	 0.006429 
-12.840000 	 -0.017354 
-12.820000 	 -0.196434 
-12.800000 	 0.132559 
-12.780000 	 -0.183080 
-12.760000 	 -0.071094 
-12.740000 	 -0.207355 
-12.720000 	 -0.031675 
-12.700000 	 0.291170 
-12.680000 	 0.099161 
-12.660000 	 0.066071 
-12.640000 	 0.274825 
-12.620000 	 -0.134143 
-12.600000 	 -0.078725 
-12.580000 	 -0.132399 
-12.560000 	 -0.329698 
-12.540000 	 -0.091235 
-12.520000 	 -0.033377 
-12.500000 	 -0.011011 
-12.480000 	 0.196446 
-12.460000 	 -0.111924 
-12.440000 	 -0.106907 
-12.420000 	 0.241742 
-12.400000 	 -0.067232 
-12.380000 	 -0.211189 
-12.360000 	 -0.235169 
-12.340000 	 -0.146588 
-12.320000 	 -0.023983 
-12.300000 	 0.258975 
-12.280000 	 -0.138848 
-12.260000 	 -0.092382 
-12.240000 	 -0.118194 
-12.220000 	 -0.283716 
-12.200000 	 -0.132969 
-12.180000 	 -0.110020 
-12.160000 	 0.124238 
-12.140000 	 0.013899 
-12.120000 	 0.072094 
-12.100000 	 0.005920 
-12.080000 	 0.002178 
-12.060000 	 -0.249365 
-12.040000 	 -0.109899 
-12.020000 	 -0.183635 
-12.000000 	 0.025835 
-11.980000 	 0.075850 
-11.960000 	 -0.074121 
-11.940000 	 -0.038921 
-11.920000 	 0.262864 
-11.900000 	 0.049563 
-11.880000 	 -0.178702 
-11.860000 	 0.117474 
-11.840000 	 0.129216 
-11.820000 	 0.067325 
-11.800000 	 0.244652 
-11.780000 	 0.112821 
-11.760000 	 0.033470 
-11.740000 	 -0.136975 
-11.720000 	 0.077902 
-11.700000 	 0.141707 
-11.680000 	 -0.208923 
-11.660000 	 0.083095 
-11.640000 	 -0.062456 
-11.620000 	 -0.355359 
-11.600000 	 -0.133917 
-11.580000 	 0.091208 
-11.560000 	 0.097834 
-11.540000 	 0.109328 
-11.520000 	 0.305875 
-11.500000 	 0.087000 
-11.480000 	 0.111292 
-11.460000 	 0.098319 
-11.440000 	 -0.130375 
-11.420000 	 0.017946 
-11.400000 	 0.116364 
-11.380000 	 -0.002238 
-11.360000 	 0.206510 
-11.340000 	 0.005249 
-11.320000 	 -0.111655 
-11.300000 	 0.062018 
-11.280000 	 -0.116627 
-11.260000 	 0.107047 
-11.240000 	 -0.136539 
-11.220000 	 0.171110 
-11.200000 	 -0.025452 
-11.180000 	 0.121328 
-11.160000 	 0.028968 
-11.140000 	 0.131120 
-11.120000 	 0.094448 
-11.100000 	 0.043562 
-11.080000 	 0.187956 
-11.060000 	 -0.100800 
-11.040000 	 -0.232984 
-11.020000 	 0.258615 
-11.000000 	 -0.053322 
-10.980000 	 -0.287827 
-10.960000 	 -0.014398 
-10.940000 	 -0.051864 
-10.920000 	 -0.165455 
-10.900000 	 0.003258 
-10.880000 	 -0.044259 
-10.860000 	 0.243224 
-10.840000 	 -0.172925 
-10.820000 	 -0.129075 
-10.800000 	 -0.167258 
-10.780000 	 0.259780 
-10.760000 	 0.090232 
-10.740000 	 -0.059647 
-10.720000 	 0.321486 
-10.700000 	 -0.151767 
-10.680000 	 -0.113814 
-10.660000 	 -0.207867 
-10.640000 	 -0.111350 
-10.620000 	 -0.040589 
-10.600000 	 -0.097183 
-10.580000 	 -0.051555 
-10.560000 	 -0.086439 
-10.540000 	 -0.393069 
-10.520000 	 0.109484 
-10.500000 	 -0.121335 
-10.480000 	 -0.203898 
-10.460000 	 -0.057021 
-10.440000 	 0.203376 
-10.420000 	 0.090312 
-10.400000 	 0.039367 
-10.380000 	 0.071301 
-10.360000 	 0.115826 
-10.340000 	 0.080837 
-10.320000 	 0.110368 
-10.300000 	 0.148732 
-10.280000 	 0.093281 
-10.260000 	 -0.031091 
-10.240000 	 0.094688 
-10.220000 	 -0.223852 
-10.200000 	 -0.309755 
-10.180000 	 -0.121131 
-10.160000 	 -0.006946 
-10.140000 	 0.174361 
-10.120000 	 0.005268 
-10.100000 	 -0.042259 
-10.080000 	 -0.351277 
-10.060000 	 -0.208907 
-10.040000 	 -0.077424 
-10.020000 	 -0.002855 
-10.000000 	 -0.313177 
-9.980000 	 0.002594 
-9.960000 	 -0.113020 
-9.940000 	 0.020281 
-9.920000 	 -0.059736 
-9.900000 	 0.009964 
-9.880000 	 0.241480 
-9.860000 	 0.241331 
-9.840000 	 -0.054322 
-9.820000 	 -0.142227 
-9.800000 	 0.024245 
-9.780000 	 -0.100650 
-9.760000 	 -0.074005 
-9.740000 	 0.066112 
-9.720000 	 -0.159832 
-9.700000 	 0.050427 
-9.680000 	 -0.044853 
-9.660000 	 -0.004191 
-9.640000 	 -0.232083 
-9.620000 	 0.114784 
-9.600000 	 0.155526 
-9.580000 	 0.004191 
-9.560000 	 -0.114107 
-9.540000 	 0.137395 
-9.520000 	 0.019693 
-9.500000 	 -0.172272 
-9.480000 	 -0.079821 
-9.460000 	 0.153540 
-9.440000 	 -0.200325 
-9.420000 	 0.117381 
-9.400000 	 0.189343 
-9.380000 	 -0.139047 
-9.360000 	 -0.132622 
-9.340000 	 0.172006 
-9.320000 	 0.317259 
-9.300000 	 -0.008811 
-9.280000 	 0.198151 
-9.260000 	 -0.008360 
-9.240000 	 -0.083119 
-9.220000 	 -0.107753 
-9.200000 	 -0.021498 
-9.180000 	 0.024647 
-9.160000 	 -0.030925 
-9.140000 	 0.000395 
-9.120000 	 -0.008088 
-9.100000 	 -0.289726 
-9.080000 	 0.241438 
-9.060000 	 -0.052262 
-9.040000 	 -0.013264 
-9.020000 	 0.118163 
-9.000000 	 0.109910 
-8.980000 	 0.101312 
-8.960000 	 -0.073877 
-8.940000 	 0.088217 
-8.920000 	 -0.034237 
-8.900000 	 0.175881 
-8.880000 	 -0.133805 
-8.860000 	 -0.296376 
-8.840000 	 -0.049890 
-8.820000 	 -0.017379 
-8.800000 	 -0.084634 
-8.780000 	 -0.190870 
-8.760000 	 -0.037884 
-8.740000 	 0.152082 
-8.720000 	 0.041876 
-8.700000 	 -0.097255 
-8.680000 	 0.173439 
-8.660000 	 0.029683 
-8.640000 	 -0.186628 
-8.620000 	 0.093423 
-8.600000 	 0.016304 
-8.580000 	 -0.150148 
-8.560000 	 0.231915 
-8.540000 	 0.237825 
-8.520000 	 0.130751 
-8.500000 	 0.298841 
-8.480000 	 -0.089007 
-8.460000 	 -0.034760 
-8.440000 	 0.293466 
-8.420000 	 0.153694 
-8.400000 	 0.028418 
-8.380000 	 -0.091052 
-8.360000 	 -0.440716 
-8.340000 	 0.147829 
-8.320000 	 -0.210819 
-8.300000 	 -0.063227 
-8.280000 	 -0.110685 
-8.260000 	 0.061906 
-8.240000 	 -0.018911 
-8.220000 	 -0.205278 
-8.200000 	 0.144022 
-8.180000 	 -0.177325 
-8.160000 	 -0.081629 
-8.140000 	 0.168307 
-8.120000 	 -0.185754 
-8.100000 	 0.133461 
-8.080000 	 0.099299 
-8.060000 	 -0.121358 
-8.040000 	 -0.110353 
-8.020000 	 0.034709 
-8.000000 	 0.030051 
-7.980000 	 0.107297 
-7.960000 	 0.000178 
-7.940000 	 0.209622 
-7.920000 	 0.395720 
-7.900000 	 -0.058406 
-7.880000 	 0.280208 
-7.860000 	 0.018704 
-7.840000 	 -0.035579 
-7.820000 	 0.091059 
-7.800000 	 -0.232254 
-7.780000 	 -0.176772 
-7.760000 	 -0.103337 
-7.740000 	 -0.209070 
-7.720000 	 0.149749 
-7.700000 	 -0.012987 
-7.680000 	 0.259568 
-7.660000 	 0.374460 
-7.640000 	 -0.266586 
-7.620000 	 0.054669 
-7.600000 	 0.185714 
-7.580000 	 -0.057149 
-7.560000 	 0.288808 
-7.540000 	 0.156723 
-7.520000 	 0.113251 
-7.500000 	 0.134249 
-7.480000 	 0.290099 
-7.460000 	 -0.102042 
-7.440000 	 -0.007882 
-7.420000 	 -0.072179 
-7.400000 	 -0.127678 
-7.380000 	 0.049146 
-7.360000 	 0.249194 
-7.340000 	 -0.155494 
-7.320000 	 0.172422 
-7.300000 	 -0.071843 
-7.280000 	 -0.161729 
-7.260000 	 0.073854 
-7.240000 	 -0.283285 
-7.220000 	 0.051948 
-7.200000 	 -0.120559 
-7.180000 	 0.374242 
-7.160000 	 0.135627 
-7.140000 	 0.191777 
-7.120000 	 0.072236 
-7.100000 	 -0.116723 
-7.080000 	 -0.038192 
-7.060000 	 0.112735 
-7.040000 	 0.133364 
-7.020000 	 -0.076359 
-7.000000 	 0.054536 
-6.980000 	 0.043135 
-6.960000 	 0.150838 
-6.940000 	 -0.000449 
-6.920000 	 0.064923 
-6.900000 	 -0.033651 
-6.880000 	 -0.112255 
-6.860000 	 -0.000431 
-6.840000 	 0.126258 
-6.820000 	 0.128180 
-6.800000 	 0.137177 
-6.780000 	 0.149832 
-6.760000 	 0.058827 
-6.740000 	 0.051785 
-6.720000 	 0.115471 
-6.700000 	 0.204358 
-6.680000 	 -0.178089 
-6.660000 	 0.098406 
-6.640000 	 0.068400 
-6.620000 	 0.136955 
-6.600000 	 0.023021 
-6.580000 	 0.202540 
-6.560000 	 -0.053617 
-6.540000 	 0.329868 
-6.520000 	 0.068098 
-6.500000 	 0.148159 
-6.480000 	 0.146740 
-6.460000 	 -0.022467 
-6.440000 	 -0.049444 
-6.420000 	 0.233875 
-6.400000 	 0.347972 
-6.380000 	 0.164876 
-6.360000 	 0.322324 
-6.340000 	 0.243526 
-6.320000 	 0.079235 
-6.300000 	 -0.027882 
-6.280000 	 -0.081747 
-6.260000 	 0.240236 
-6.240000 	 0.014333 
-6.220000 	 0.298145 
-6.200000 	 0.188194 
-6.180000 	 0.205171 
-6.160000 	 0.330343 
-6.140000 	 -0.700000 
-6.120000 	 0.247459 
-6.100000 	 0.236739 
-6.080000 	 0.271437 
-6.060000 	 0.082513 
-6.040000 	 0.334409 
-6.020000 	 0.618095 
-6.000000 	 0.119489 
-5.980000 	 0.083338 
-5.960000 	 0.485055 
-5.940000 	 0.479343 
-5.920000 	 -0.228003 
-5.900000 	 0.169134 
-5.880000 	 0.432671 
-5.860000 	 0.028723 
-5.840000 	 0.260313 
-5.820000 	 0.371159 
-5.800000 	 0.340981 
-5.780000 	 0.364023 
-5.760000 	 0.179405 
-5.740000 	 0.465289 
-5.720000 	 0.190437 
-5.700000 	 -0.000158 
-5.680000 	 0.343214 
-5.660000 	 0.041856 
-5.640000 	 0.246311 
-5.620000 	 0.201032 
-5.600000 	 0.213418 
-5.580000 	 0.292994 
-5.560000 	 0.512735 
-5.540000 	 0.368753 
-5.520000 	 0.058464 
-5.500000 	 0.330610 
-5.480000 	 0.297974 
-5.460000 	 0.366189 
-5.440000 	 0.294263 
-5.420000 	 0.078649 
-5.400000 	 0.021300 
-5.380000 	 0.386958 
-5.360000 	 0.193832 
-5.340000 	 0.416033 
-5.320000 	 0.247076 
-5.300000 	 0.402352 
-5.280000 	 0.672578 
-5.260000 	 0.337074 
-5.240000 	 0.088661 
-5.220000 	 0.279626 
-5.200000 	 0.161424 
-5.180000 	 0.552055 
-5.160000 	 0.574625 
-5.140000 	 0.474795 
-5.120000 	 0.341222 
-5.100000 	 0.233286 
-5.080000 	 0.535698 
-5.060000 	 0.410834 
-5.040000 	 0.493405 
-5.020000 	 0.393868 
-5.000000 	 0.398786 
-4.980000 	 0.484055 
-4.960000 	 0.286865 
-4.940000 	 0.792375 
-4.920000 	 0.282433 
-4.900000 	 0.078444 
-4.880000 	 0.344377 
-4.860000 	 0.244919 
-4.840000 	 0.518700 
-4.820000 	 0.656370 
-4.800000 	 0.323531 
-4.780000 	 0.339844 
-4.760000 	 0.802304 
-4.740000 	 0.242475 
-4.720000 	 0.428363 
-4.700000 	 0.549848 
-4.680000 	 0.404572 
-4.660000 	 0.176529 
-4.640000 	 0.526223 
-4.620000 	 0.368740 
-4.600000 	 0.305624 
-4.580000 	 0.116184 
-4.560000 	 0.522592 
-4.540000 	 0.271821 
-4.520000 	 0.711052 
-4.500000 	 0.259773 
-4.480000 	 0.534288 
-4.460000 	 0.703430 
-4.440000 	 0.409897 
-4.420000 	 0.320775 
-4.400000 	 0.309388 
-4.380000 	 0.452190 
-4.360000 	 0.398017 
-4.340000 	 0.571047 
-4.320000 	 0.326685 
-4.300000 	 0.701319 
-4.280000 	 0.444946 
-4.260000 	 0.706983 
-4.240000 	 0.614422 
-4.220000 	 0.553251 
-4.200000 	 0.507288 
-4.180000 	 0.238638 
-4.160000 	 0.420988 
-4.140000 	 0.663796 
-4.120000 	 0.512878 
-4.100000 	 0.451967 
-4.080000 	 0.223940 
-4.060000 	 0.283527 
-4.040000 	 0.572047 
-4.020000 	 0.485967 
-4.000000 	 0.672992 
-3.980000 	 0.848207 
-3.960000 	 0.480911 
-3.940000 	 0.413376 
-3.920000 	 0.578431 
-3.900000 	 0.570366 
-3.880000 	 0.578690 
-3.860000 	 0.333621 
-3.840000 	 0.378270 
-3.820000 	 0.317611 
-3.800000 	 0.435079 
-3.780000 	 0.437088 
-3.760000 	 0.728241 
-3.740000 	 0.616467 
-3.720000 	 0.658057 
-3.700000 	 0.569940 
-3.680000 	 0.574409 
-3.660000 	 0.422597 
-3.640000 	 0.645342 
-3.620000 	 0.614135 
-3.600000 	 0.354861 
-3.580000 	 0.100000 
-3.560000 	 0.382151 
-3.540000 	 0.595829 
-3.520000 	 0.500999 
-3.500000 	 0.311759 
-3.480000 	 0.557121 
-3.460000 	 0.417383 
-3.440000 	 0.525071 
-3.420000 	 0.471960 
-3.400000 	 0.469064 
-3.380000 	 0.458062 
-3.360000 	 0.430675 
-3.340000 	 0.373649 
-3.320000 	 0.410486 
-3.300000 	 0.214865 
-3.280000 	 0.519173 
-3.260000 	 0.599192 
-3.240000 	 0.299386 
-3.220000 	 0.296405 
-3.200000 	 0.475676 
-3.180000 	 0.518218 
-3.160000 	 0.375736 
-3.140000 	 0.438067 
-3.120000 	 0.633458 
-3.100000 	 0.494214 
-3.080000 	 0.174867 
-3.060000 	 0.535843 
-3.040000 	 0.202821 
-3.020000 	 0.788567 
-3.000000 	 0.219621 
-2.980000 	 0.189917 
-2.960000 	 0.340763 
-2.940000 	 0.390360 
-2.920000 	 0.387529 
-2.900000 	 0.551656 
-2.880000 	 0.278688 
-2.860000 	 0.423457 
-2.840000 	 0.335697 
-2.820000 	 0.198459 
-2.800000 	 0.561543 
-2.780000 	 0.442881 
-2.760000 	 0.279683 
-2.740000 	 0.353821 
-2.720000 	 0.414703 
-2.700000 	 0.153592 
-2.680000 	 0.690992 
-2.660000 	 0.398592 
-2.640000 	 0.285579 
-2.620000 	 0.406618 
-2.600000 	 0.180050 
-2.580000 	 0.359042 
-2.560000 	 0.414110 
-2.540000 	 0.523111 
-2.520000 	 0.258446 
-2.500000 	 0.183116 
-2.480000 	 0.207858 
-2.460000 	 0.520790 
-2.440000 	 0.102601 
-2.420000 	 0.158519 
-2.400000 	 0.173690 
-2.380000 	 0.182466 
-2.360000 	 0.402359 
-2.340000 	 0.232832 
-2.320000 	 0.201223 
-2.300000 	 0.051098 
-2.280000 	 0.237641 
-2.260000 	 0.093307 
-2.240000 	 0.323467 
-2.220000 	 0.350414 
-2.200000 	 0.325992 
-2.180000 	 0.371318 
-2.160000 	 0.098648 
-2.140000 	 0.384071 
-2.120000 	 0.500267 
-2.100000 	 0.153762 
-2.080000 	 0.506075 
-2.060000 	 0.327977 
-2.040000 	 0.221746 
-2.020000 	 0.175361 
-2.000000 	 0.354498 
-1.980000 	 0.220136 
-1.960000 	 0.315282 
-1.940000 	 0.272777 
-1.920000 	 -0.020848 
-1.900000 	 0.206929 
-1.880000 	 0.359027 
-1.860000 	 0.029314 
-1.840000 	 -0.160465 
-1.820000 	 0.005704 
-1.800000 	 0.054529 
-1.780000 	 0.490040 
-1.760000 	 -0.105334 
-1.740000 	 0.281436 
-1.720000 	 0.373197 
-1.700000 	 0.324180 
-1.680000 	 0.384912 
-1.660000 	 0.016491 
-1.640000 	 0.062104 
-1.620000 	 -0.082139 
-1.600000 	 0.228868 
-1.580000 	 0.243866 
-1.560000 	 0.131046 
-1.540000 	 0.270944 
-1.520000 	 0.126493 
-1.500000 	 0.191343 
-1.480000 	 0.291038 
-1.460000 	 0.243814 
-1.440000 	 0.254541 
-1.420000 	 0.083762 
-1.400000 	 0.027330 
-1.380000 	 0.291723 
-1.360000 	 -0.038271 
-1.340000 	 0.630704 
-1.320000 	 0.152584 
-1.300000 	 0.288700 
-1.280000 	 0.026764 
-1.260000 	 0.136625 
-1.240000 	 0.189413 
-1.220000 	 0.103587 
-1.200000 	 0.104073 
-1.180000 	 0.082487 
-1.160000 	 0.182132 
-1.140000 	 0.052440 
-1.120000 	 0.290912 
-1.100000 	 0.135483 
-1.080000 	 0.348091 
-1.060000 	 0.350688 
-1.040000 	 0.109674 
-1.020000 	 0.547994 
-1.000000 	 -0.014538 
-0.980000 	 0.054931 
-0.960000 	 0.528559 
-0.940000 	 0.027080 
-0.920000 	 0.069901 
-0.900000 	 0.247275 
-0.880000 	 0.124272 
-0.860000 	 0.232645 
-0.840000 	 0.160847 
-0.820000 	 0.105155 
-0.800000 	 0.118369 
-0.780000 	 0.282114 
-0.760000 	 0.133837 
-0.740000 	 -0.072784 
-0.720000 	 0.025998 
-0.700000 	 0.147351 
-0.680000 	 0.276042 
-0.660000 	 0.425051 
-0.640000 	 0.360987 
-0.620000 	 0.170784 
-0.600000 	 0.165038 
-0.580000 	 0.074128 
-0.560000 	 -0.097778 
-0.540000 	 -0.207213 
-0.520000 	 -0.101874 
-0.500000 	 0.149519 
-0.480000 	 0.179397 
-0.460000 	 0.215045 
-0.440000 	 0.367746 
-0.420000 	 0.308640 
-0.400000 	 0.261010 
-0.380000 	 0.281818 
-0.360000 	 0.288180 
-0.340000 	 0.110486 
-0.320000 	 0.168448 
-0.300000 	 0.361916 
-0.280000 	 0.155127 
-0.260000 	 0.074029 
-0.240000 	 0.310594 
-0.220000 	 -0.062780 
-0.200000 	 -0.128713 
-0.180000 	 0.309916 
-0.160000 	 0.081790 
-0.140000 	 0.240049 
-0.120000 	 0.129706 
-0.100000 	 0.288312 
-0.080000 	 0.366239 
-0.060000 	 0.014262 
-0.040000 	 0.217138 
-0.020000 	 0.516025 
0.000000 	 0.213442 
0.020000 	 0.119292 
0.040000 	 0.234501 
0.060000 	 0.395871 
0.080000 	 0.257723 
0.100000 	 0.239225 
0.120000 	 0.256669 
0.140000 	 0.140504 
0.160000 	 0.228845 
0.180000 	 0.392634 
0.200000 	 0.331921 
0.220000 	 0.165746 
0.240000 	 0.315921 
0.260000 	 0.415949 
0.280000 	 0.252157 
0.300000 	 0.201557 
0.320000 	 0.047981 
0.340000 	 0.524166 
0.360000 	 0.353153 
0.380000 	 0.621151 
0.400000 	 0.234080 
0.420000 	 0.266946 
0.440000 	 0.476591 
0.460000 	 0.296804 
0.480000 	 0.384835 
0.500000 	 0.490673 
0.520000 	 0.544596 
0.540000 	 0.246931 
0.560000 	 0.241134 
0.580000 	 0.366182 
0.600000 	 0.473832 
0.620000 	 0.240303 
0.640000 	 0.690986 
0.660000 	 0.743378 
0.680000 	 0.536840 
0.700000 	 0.470174 
0.720000 	 0.585915 
0.740000 	 0.345101 
0.760000 	 0.406710 
0.780000 	 0.617328 
0.800000 	 0.426594 
0.820000 	 0.463623 
0.840000 	 0.687282 
0.860000 	 0.267808 
0.880000 	 0.419009 
0.900000 	 0.369019 
0.920000 	 0.583011 
0.940000 	 0.331967 
0.960000 	 0.641613 
0.980000 	 0.707929 
1.000000 	 0.517067 
1.020000 	 0.856012 
1.040000 	 0.702801 
1.060000 	 0.274718 
1.080000 	 0.716929 
1.100000 	 0.536111 
1.120000 	 0.620854 
1.140000 	 0.528626 
1.160000 	 0.374671 
1.180000 	 0.716615 
1.200000 	 0.752476 
1.220000 	 0.572613 
1.240000 	 0.570943 
1.260000 	 1.003420 
1.280000 	 0.698739 
1.300000 	 0.776537 
1.320000 	 0.899816 
1.340000 	 0.539958 
1.360000 	 0.679493 
1.380000 	 0.471388 
1.400000 	 0.826233 
1.420000 	 0.446562 
1.440000 	 0.763021 
1.460000 	 0.709823 
1.480000 	 0.743808 
1.500000 	 0.608283 
1.520000 	 0.756754 
1.540000 	 0.655994 
1.560000 	 0.494238 
1.580000 	 0.909012 
1.600000 	 0.789610 
1.620000 	 0.919217 
1.640000 	 0.858789 
1.660000 	 0.732706 
1.680000 	 1.254018 
1.700000 	 0.882471 
1.720000 	 0.978059 
1.740000 	 0.762191 
1.760000 	 0.788674 
1.780000 	 1.198904 
1.800000 	 1.086901 
1.820000 	 0.917077 
1.840000 	 0.986793 
1.860000 	 1.063689 
1.880000 	 1.210434 
1.900000 	 0.808792 
1.920000 	 1.085873 
1.940000 	 0.812721 
1.960000 	 1.129556 
1.980000 	 1.010012 
2.000000 	 1.099079 
2.020000 	 1.207554 
2.040000 	 0.959359 
2.060000 	 0.940409 
2.080000 	 0.941023 
2.100000 	 1.083223 
2.120000 	 0.800000 
2.140000 	 1.015384 
2.160000 	 1.179349 
2.180000 	 1.006844 
2.200000 	 1.199477 
2.220000 	 1.221118 
2.240000 	 1.043792 
2.260000 	 1.289558 
2.280000 	 1.161951 
2.300000 	 1.200344 
2.320000 	 1.105802 
2.340000 	 1.027363 
2.360000 	 0.861383 
2.380000 	 0.948703 
2.400000 	 1.169122 
2.420000 	 0.994813 
2.440000 	 1.124780 
2.460000 	 1.324583 
2.480000 	 1.126758 
2.500000 	 1.375712 
2.520000 	 1.024064 
2.540000 	 1.039421 
2.560000 	 0.823062 
2.580000 	 1.293167 
2.600000 	 1.413152 
2.620000 	 1.211108 
2.640000 	 1.155584 
2.660000 	 1.296207 
2.680000 	 1.356585 
2.700000 	 1.251024 
2.720000 	 1.179680 
2.740000 	 0.981788 
2.760000 	 1.327660 
2.780000 	 1.060670 
2.800000 	 1.109350 
2.820000 	 1.411004 
2.840000 	 1.387586 
2.860000 	 1.204687 
2.880000 	 1.408310 
2.900000 	 1.495933 
2.920000 	 1.207206 
2.940000 	 1.198796 
2.960000 	 1.474861 
2.980000 	 1.085278 
3.000000 	 1.219141 
3.020000 	 1.365382 
3.040000 	 1.456279 
3.060000 	 1.588933 
3.080000 	 1.622920 
3.100000 	 1.441904 
3.120000 	 1.659924 
3.140000 	 1.404745 
3.160000 	 1.738582 
3.180000 	 1.332695 
3.200000 	 1.413388 
3.220000 	 1.411269 
3.240000 	 1.196793 
3.260000 	 1.522760 
3.280000 	 1.476868 
3.300000 	 1.663129 
3.320000 	 1.443262 
3.340000 	 1.719575 
3.360000 	 1.276757 
3.380000 	 1.487562 
3.400000 	 1.557708 
3.420000 	 1.634019 
3.440000 	 1.646453 
3.460000 	 1.511387 
3.480000 	 1.584901 
3.500000 	 1.554652 
3.520000 	 1.763467 
3.540000 	 1.514362 
3.560000 	 1.717321 
3.580000 	 1.718331 
3.600000 	 1.579464 
3.620000 	 1.575870 
3.640000 	 1.609757 
3.660000 	 1.682624 
3.680000 	 1.619898 
3.700000 	 1.410915 
3.720000 	 1.718555 
3.740000 	 1.489058 
3.760000 	 1.754159 
3.780000 	 1.442766 
3.800000 	 1.541145 
3.820000 	 1.532635 
3.840000 	 1.423880 
3.860000 	 1.590674 
3.880000 	 1.677634 
3.900000 	 1.645484 
3.920000 	 1.779032 
3.940000 	 1.668264 
3.960000 	 1.623124 
3.980000 	 1.499982 
4.000000 	 1.692363 
4.020000 	 1.755013 
4.040000 	 1.476752 
4.060000 	 1.737075 
4.080000 	 1.596983 
4.100000 	 1.801070 
4.120000 	 1.913666 
4.140000 	 1.647008 
4.160000 	 1.488140 
4.180000 	 1.656051 
4.200000 	 1.686440 
4.220000 	 1.507879 
4.240000 	 1.413200 
4.260000 	 1.469407 
4.280000 	 1.584720 
4.300000 	 1.503067 
4.320000 	 1.774378 
4.340000 	 1.511628 
4.360000 	 1.479909 
4.380000 	 1.601677 
4.400000 	 1.919142 
4.420000 	 1.555864 
4.440000 	 1.565421 
4.460000 	 1.378126 
4.480000 	 1.543705 
4.500000 	 1.764409 
4.520000 	 1.591515 
4.540000 	 1.245201 
4.560000 	 1.537623 
4.580000 	 1.668882 
4.600000 	 1.466288 
4.620000 	 1.392078 
4.640000 	 1.581372 
4.660000 	 1.572663 
4.680000 	 1.699949 
4.700000 	 1.787575 
4.720000 	 1.202971 
4.740000 	 1.303216 
4.760000 	 1.388810 
4.780000 	 1.559950 
4.800000 	 1.477939 
4.820000 	 1.638072 
4.840000 	 1.517857 
4.860000 	 1.612584 
4.880000 	 1.627358 
4.900000 	 1.259312 
4.920000 	 1.314904 
4.940000 	 1.515173 
4.960000 	 1.523899 
4.980000 	 1.423677 
5.000000 	 1.478389 
5.020000 	 1.569431 
5.040000 	 1.299634 
5.060000 	 -0.700000 
5.080000 	 1.334981 
5.100000 	 1.454607 
5.120000 	 1.137725 
5.140000 	 0.979701 
5.160000 	 1.292170 
5.180000 	 1.413468 
5.200000 	 1.318058 
5.220000 	 1.206674 
5.240000 	 1.256037 
5.260000 	 1.411094 
5.280000 	 1.051197 
5.300000 	 1.312355 
5.320000 	 1.097743 
5.340000 	 1.229102 
5.360000 	 1.421478 
5.380000 	 1.222406 
5.400000 	 1.342714 
5.420000 	 1.321709 
5.440000 	 1.203070 
5.460000 	 1.261470 
5.480000 	 1.443024 
5.500000 	 1.267013 
5.520000 	 1.194099 
5.540000 	 0.983830 
5.560000 	 1.331629 
5.580000 	 1.141773 
5.600000 	 1.163697 
5.620000 	 1.154319 
5.640000 	 0.820812 
5.660000 	 1.194729 
5.680000 	 0.961185 
5.700000 	 1.067734 
5.720000 	 1.379438 
5.740000 	 1.290985 
5.760000 	 1.315766 
5.780000 	 1.207566 
5.800000 	 1.284185 
5.820000 	 0.990021 
5.840000 	 0.959210 
5.860000 	 0.755415 
5.880000 	 1.026892 
5.900000 	 1.250441 
5.920000 	 0.999414 
5.940000 	 1.053142 
5.960000 	 1.160507 
5.980000 	 1.101164 
6.000000 	 1.052999 
6.020000 	 0.969585 
6.040000 	 1.238543 
6.060000 	 0.991402 
6.080000 	 0.899851 
6.100000 	 0.897226 
6.120000 	 0.981223 
6.140000 	 0.798439 
6.160000 	 0.732185 
6.180000 	 0.788990 
6.200000 	 1.192809 
6.220000 	 0.746933 
6.240000 	 0.812046 
6.260000 	 1.007553 
6.280000 	 0.945426 
6.300000 	 0.701132 
6.320000 	 0.902462 
6.340000 	 0.722769 
6.360000 	 0.718701 
6.380000 	 0.853639 
6.400000 	 0.853764 
6.420000 	 0.964345 
6.440000 	 0.666885 
6.460000 	 0.872142 
6.480000 	 0.474327 
6.500000 	 0.747038 
6.520000 	 0.560989 
6.540000 	 0.786756 
6.560000 	 0.803594 
6.580000 	 0.635240 
6.600000 	 0.708775 
6.620000 	 0.570228 
6.640000 	 0.625670 
6.660000 	 0.160722 
6.680000 	 0.522457 
6.700000 	 0.308912 
6.720000 	 0.548111 
6.740000 	 0.797372 
6.760000 	 0.309863 
6.780000 	 0.794457 
6.800000 	 0.543607 
6.820000 	 0.881469 
6.840000 	 0.506231 
6.860000 	 0.598761 
6.880000 	 0.651817 
6.900000 	 0.863857 
6.920000 	 0.544967 
6.940000 	 0.463895 
6.960000 	 0.652569 
6.980000 	 0.564907 
7.000000 	 0.658354 
7.020000 	 0.605406 
7.040000 	 0.461732 
7.060000 	 0.641943 
7.080000 	 0.821279 
7.100000 	 0.229471 
7.120000 	 0.302139 
7.140000 	 0.527862 
7.160000 	 0.762594 
7.180000 	 0.632361 
7.200000 	 0.471252 
7.220000 	 0.200176 
7.240000 	 0.622605 
7.260000 	 0.441649 
7.280000 	 0.316076 
7.300000 	 0.437606 
7.320000 	 0.378007 
7.340000 	 0.480142 
7.360000 	 0.546313 
7.380000 	 0.290291 
7.400000 	 0.286020 
7.420000 	 0.502652 
7.440000 	 0.304237 
7.460000 	 0.358923 
7.480000 	 0.188835 
7.500000 	 0.652148 
7.520000 	 0.190642 
7.540000 	 0.375372 
7.560000 	 0.233107 
7.580000 	 0.336789 
7.600000 	 0.238443 
7.620000 	 0.275186 
7.640000 	 0.499889 
7.660000 	 0.334523 
7.680000 	 0.166647 
7.700000 	 0.360168 
7.720000 	 0.452257 
7.740000 	 0.229675 
7.760000 	 0.278266 
7.780000 	 0.141533 
7.800000 	 0.076655 
7.820000 	 0.224523 
7.840000 	 -0.061185 
7.860000 	 0.291936 
7.880000 	 -0.086131 
7.900000 	 0.178588 
7.920000 	 -0.174097 
7.940000 	 0.203438 
7.960000 	 0.105799 
7.980000 	 0.157228 
8.000000 	 0.443036 
8.020000 	 0.042768 
8.040000 	 -0.028120 
8.060000 	 0.646354 
8.080000 	 0.176558 
8.100000 	 0.157764 
8.120000 	 0.099799 
8.140000 	 0.183280 
8.160000 	 -0.043583 
8.180000 	 0.113957 
8.200000 	 0.211647 
8.220000 	 0.215864 
8.240000 	 -0.017456 
8.260000 	 0.175428 
8.280000 	 0.462241 
8.300000 	 0.046133 
8.320000 	 0.056245 
8.340000 	 0.341396 
8.360000 	 0.252440 
8.380000 	 0.312174 
8.400000 	 0.046355 
8.420000 	 0.069164 
8.440000 	 0.140597 
8.460000 	 -0.024258 
8.480000 	 0.009094 
8.500000 	 0.106263 
8.520000 	 0.112076 
8.540000 	 0.224390 
8.560000 	 -0.115584 
8.580000 	 0.191178 
8.600000 	 -0.110646 
8.620000 	 -0.017011 
8.640000 	 0.163822 
8.660000 	 -0.116681 
8.680000 	 -0.181560 
8.700000 	 0.065920 
8.720000 	 -0.122027 
8.740000 	 0.537022 
8.760000 	 0.366511 
8.780000 	 -0.013399 
8.800000 	 -0.175072 
8.820000 	 -0.127300 
8.840000 	 -0.220950 
8.860000 	 0.282746 
8.880000 	 0.008980 
8.900000 	 -0.062418 
8.920000 	 0.040236 
8.940000 	 0.335117 
8.960000 	 0.034781 
8.980000 	 0.190558 
9.000000 	 0.090766 
9.020000 	 -0.174925 
9.040000 	 0.158485 
9.060000 	 -0.119894 
9.080000 	 -0.090786 
9.100000 	 -0.174599 
9.120000 	 -0.117679 
9.140000 	 -0.217607 
9.160000 	 0.180822 
9.180000 	 0.073155 
9.200000 	 -0.075063 
9.220000 	 0.163196 
9.240000 	 -0.101595 
9.260000 	 0.117940 
9.280000 	 0.167386 
9.300000 	 0.145119 
9.320000 	 0.273112 
9.340000 	 0.068763 
9.360000 	 0.475565 
9.380000 	 -0.057231 
9.400000 	 -0.097794 
9.420000 	 0.087320 
9.440000 	 0.334266 
9.460000 	 0.015830 
9.480000 	 -0.172866 
9.500000 	 0.153529 
9.520000 	 -0.083697 
9.540000 	 0.302573 
9.560000 	 0.029555 
9.580000 	 0.172904 
9.600000 	 -0.114902 
9.620000 	 0.153768 
9.640000 	 0.137233 
9.660000 	 0.086159 
9.680000 	 0.087870 
9.700000 	 0.090774 
9.720000 	 -0.042094 
9.740000 	 -0.025984 
9.760000 	 -0.026070 
9.780000 	 -0.054558 
9.800000 	 -0.142536 
9.820000 	 0.048636 
9.840000 	 0.101079 
9.860000 	 0.270248 
9.880000 	 0.183086 
9.900000 	 -0.108417 
9.920000 	 0.217661 
9.940000 	 0.149037 
9.960000 	 -0.019057 
9.980000 	 0.064831 
10.000000 	 0.232447 
10.020000 	 0.126440 
10.040000 	 0.113403 
10.060000 	 -0.093557 
10.080000 	 -0.035508 
10.100000 	 0.142616 
10.120000 	 0.051678 
10.140000 	 -0.149527 
10.160000 	 -0.105376 
10.180000 	 0.190327 
10.200000 	 0.116098 
10.220000 	 0.144407 
10.240000 	 0.001325 
10.260000 	 0.145762 
10.280000 	 0.161690 
10.300000 	 -0.037930 
10.320000 	 -0.116121 
10.340000 	 -0.228251 
10.360000 	 -0.210313 
10.380000 	 0.391759 
10.400000 	 0.010032 
10.420000 	 0.105985 
10.440000 	 -0.046560 
10.460000 	 0.002985 
10.480000 	 0.099110 
10.500000 	 0.054727 
10.520000 	 -0.056754 
10.540000 	 -0.033306 
10.560000 	 0.173013 
10.580000 	 -0.021112 
10.600000 	 -0.058908 
10.620000 	 0.002010 
10.640000 	 0.172914 
10.660000 	 -0.180056 
10.680000 	 -0.019960 
10.700000 	 -0.126348 
10.720000 	 0.057369 
10.740000 	 -0.371122 
10.760000 	 -0.050963 
10.780000 	 -0.109589 
10.800000 	 0.088941 
10.820000 	 -0.163250 
10.840000 	 -0.291800 
10.860000 	 0.051684 
10.880000 	 0.054605 
10.900000 	 0.036849 
10.920000 	 -0.073789 
10.940000 	 -0.087260 
10.960000 	 -0.429121 
10.980000 	 0.105040 
11.000000 	 -0.162316 
11.020000 	 -0.070803 
11.040000 	 0.155976 
11.060000 	 -0.064612 
11.080000 	 0.067429 
11.100000 	 0.108290 
11.120000 	 -0.128952 
11.140000 	 0.068415 
11.160000 	 -0.113684 
11.180000 	 -0.094975 
11.200000 	 0.071801 
11.220000 	 0.037744 
11.240000 	 0.025764 
11.260000 	 -0.164429 
11.280000 	 0.149466 
11.300000 	 0.317991 
11.320000 	 -0.110099 
11.340000 	 -0.282574 
11.360000 	 0.214995 
11.380000 	 -0.053498 
11.400000 	 0.226967 
11.420000 	 0.189536 
11.440000 	 -0.007125 
11.460000 	 -0.373541 
11.480000 	 -0.100649 
11.500000 	 0.171041 
11.520000 	 -0.074671 
11.540000 	 0.167723 
11.560000 	 0.147453 
11.580000 	 -0.074295 
11.600000 	 -0.043818 
11.620000 	 0.235610 
11.640000 	 -0.050160 
11.660000 	 0.327527 
11.680000 	 0.003015 
11.700000 	 0.046246 
11.720000 	 -0.049900 
11.740000 	 0.013300 
11.760000 	 -0.000537 
11.780000 	 -0.087868 
11.800000 	 0.009435 
11.820000 	 0.161918 
11.840000 	 -0.109985 
11.860000 	 0.037518 
11.880000 	 0.007558 
11.900000 	 -0.271005 
11.920000 	 0.094193 
11.940000 	 -0.044369 
11.960000 	 -0.147963 
11.980000 	 -0.036945 
12.000000 	 0.268902 
12.020000 	 0.001798 
12.040000 	 0.053564 
12.060000 	 0.083657 
12.080000 	 0.156797 
12.100000 	 -0.010461 
12.120000 	 -0.002914 
12.140000 	 0.043821 
12.160000 	 -0.173738 
12.180000 	 0.108815 
12.200000 	 -0.135408 
12.220000 	 0.022847 
12.240000 	 0.019551 
12.260000 	 -0.179877 
12.280000 	 -0.063388 
12.300000 	 0.003257 
12.320000 	 -0.043066 
12.340000 	 0.043293 
12.360000 	 -0.085792 
12.380000 	 -0.207773 
12.400000 	 -0.244681 
12.420000 	 0.126387 
12.440000 	 -0.128305 
12.460000 	 0.217182 
12.480000 	 0.103355 
12.500000 	 0.125588 
12.520000 	 0.165311 
12.540000 	 -0.216552 
12.560000 	 -0.018347 
12.580000 	 0.132268 
12.600000 	 -0.036898 
12.620000 	 0.032283 
12.640000 	 0.388594 
12.660000 	 -0.032853 
12.680000 	 0.090324 
12.700000 	 -0.373411 
12.720000 	 -0.264316 
12.740000 	 0.080363 
12.760000 	 0.128487 
12.780000 	 -0.008896 
12.800000 	 -0.246774 
12.820000 	 0.190088 
12.840000 	 -0.087392 
12.860000 	 -0.246205 
12.880000 	 0.054264 
12.900000 	 -0.101414 
12.920000 	 0.101540 
12.940000 	 -0.025511 
12.960000 	 -0.011699 
12.980000 	 -0.137282 
13.000000 	 0.098347 
13.020000 	 0.004338 
13.040000 	 -0.053961 
13.060000 	 0.213269 
13.080000 	 -0.174191 
13.100000 	 -0.216423 
13.120000 	 0.088248 
13.140000 	 0.039449 
13.160000 	 -0.800000 
13.180000 	 0.048264 
13.200000 	 -0.007740 
13.220000 	 -0.077532 
13.240000 	 -0.087688 
13.260000 	 -0.078824 
13.280000 	 0.418277 
13.300000 	 0.033448 
13.320000 	 0.102729 
13.340000 	 -0.008712 
13.360000 	 0.108666 
13.380000 	 0.138263 
13.400000 	 0.058993 
13.420000 	 0.195320 
13.440000 	 0.033141 
13.460000 	 0.058910 
13.480000 	 -0.111552 
13.500000 	 -0.019041 
13.520000 	 -0.119308 
13.540000 	 0.231563 
13.560000 	 0.066226 
13.580000 	 0.133791 
13.600000 	 0.207990 
13.620000 	 0.031273 
13.640000 	 -0.038992 
13.660000 	 -0.100672 
13.680000 	 0.297918 
13.700000 	 0.163335 
13.720000 	 -0.135722 
13.740000 	 0.007690 
13.760000 	 0.200285 
13.780000 	 0.116045 
13.800000 	 0.036536 
13.820000 	 0.108392 
13.840000 	 0.035771 
13.860000 	 0.172261 
13.880000 	 -0.128133 
13.900000 	 -0.026893 
13.920000 	 -0.065310 
13.940000 	 -0.169698 
13.960000 	 0.000397 
13.980000 	 0.234986 
14.000000 	 0.377417 
14.020000 	 -0.080255 
14.040000 	 -0.044284 
14.060000 	 0.057488 
14.080000 	 -0.307740 
14.100000 	 -0.218846 
14.120000 	 0.002199 
14.140000 	 0.048822 
14.160000 	 0.272070 
14.180000 	 0.037316 
14.200000 	 -0.008895 
14.220000 	 0.170264 
14.240000 	 0.165880 
14.260000 	 -0.454406 
14.280000 	 -0.270328 
14.300000 	 -0.088353 
14.320000 	 -0.083186 
14.340000 	 -0.177347 
14.360000 	 0.077634 
14.380000 	 0.111463 
14.400000 	 0.064846 
14.420000 	 -0.045630 
14.440000 	 -0.124500 
14.460000 	 0.219279 
14.480000 	 0.064328 
14.500000 	 -0.159268 
14.520000 	 -0.155153 
14.540000 	 -0.302936 
14.560000 	 0.022102 
14.580000 	 0.062985 
14.600000 	 -0.026842 
14.620000 	 0.025635 
14.640000 	 -0.164878 
14.660000 	 -0.069752 
14.680000 	 -0.008599 
14.700000 	 -0.134877 
14.720000 	 0.055907 
14.740000 	 -0.021098 
14.760000 	 0.126224 
14.780000 	 -0.093735 
14.800000 	 -0.051281 
14.820000 	 -0.070505 
14.840000 	 0.029745 
14.860000 	 0.095887 
14.880000 	 0.240773 
14.900000 	 0.046879 
14.920000 	 -0.247317 
14.940000 	 -0.381853 
14.960000 	 -0.130720 
14.980000 	 -0.132451 
15.000000 	 0.155284 
