-15.000000 	 -0.058469 
-14.980000 	 0.045997 
-14.960000 	 -0.141041 
-14.940000 	 -0.238257 
-14.920000 	 -0.064448 
-14.900000 	 -0.043440 
-14.880000 	 -0.193402 
-14.860000 	 -0.250152 
-14.840000 	 -0.155120 
-14.820000 	 0.157542 
-14.800000 	 -0.139487 
-14.780000 	 0.071840 
-14.760000 	 0.018051 
-14.740000 	 0.246809 
-14.720000 	 0.073274 
-14.700000 	 -0.072413 
-14.680000 	 -0.314682 
-14.660000 	 0.058894 
-14.640000 	 -0.052604 
-14.620000 	 0.063948 
-14.600000 	 -0.040492 
-14.580000 	 0.039801 
-14.560000 	 0.016066 
-14.540000 	 -0.042837 
-14.520000 	 -0.187626 
-14.500000 	 -0.024149 
-14.480000 	 -0.007209 
-14.460000 	 -0.138922 
-14.440000 	 -0.076720 
-14.420000 	 0.065649 
-14.400000 	 -0.146289 
-14.380000 	 0.004964 
-14.360000 	 -0.015548 
-14.340000 	 0.110658 
-14.320000 	 -0.087715 
-14.300000 	 -0.043368 
-14.280000 	 -0.030527 
-14.260000 	 0.072587 
-14.240000 	 -0.050867 
-14.220000 	 0.205662 
-14.200000 	 -0.129447 
-14.180000 	 -0.230705 
-14.160000 	 -0.058917 
-14.140000 	 0.112019 
-14.120000 	 0.207590 
-14.100000 	 -0.297567 
-14.080000 	 0.030123 
-14.060000 	 -0.037184 
-14.040000 	 -0.060796 
-14.020000 	 -0.192867 
-14.000000 	 -0.049592 
-13.980000 	 0.286814 
-13.960000 	 -0.066800 
-13.940000 	 0.095800 
-13.920000 	 0.124172 
-13.900000 	 0.199187 
-13.880000 	 0.080405 
-13.860000 	 0.209366 
-13.840000 	 -0.059215 
-13.820000 	 -0.141895 
-13.800000 	 -0.108247 
-13.780000 	 -0.058679 
-13.760000 	 -0.055593 
-13.740000 	 0.198509 
-13.720000 	 -0.101653 
-13.700000 	 -0.182731 
-13.680000 	 0.042614 
-13.660000 	 -0.153739 
-13.640000 	 0.031869 
-13.620000 	 0.051844 
-13.600000 	 -0.065822 
-13.580000 	 0.109061 
-13.560000 	 0.175035 
-13.540000 	 -0.138057 
-13.520000 	 -0.072760 
-13.500000 	 0.170986 
-13.480000 	 0.063760 
-13.460000 	 -0.034164 
-13.440000 	 -0.237186 
-13.420000 	 0.133311 
-13.400000 	 -0.090594 
-13.380000 	 0.062066 
-13.360000 	 -0.003630 
-13.340000 	 -0.084969 
-13.320000 	 0.127122 
-13.300000 	 -0.220596 
-13.280000 	 0.030651 
-13.260000 	 0.308784 
-13.240000 	 0.037381 
-13.220000 	 0.043640 
-13.200000 	 -0.181689 
-13.180000 	 -0.229941 
-13.160000 	 -0.137570 
-13.140000 	 -0.124346 
-13.120000 	 -0.142982 
-13.100000 	 -0.080758 
-13.080000 	 0.031616 
-13.060000 	 -0.031858 
-13.040000 	 0.112128 
-13.020000 	 -0.095812 
-13.000000 	 -0.170936 
-12.980000 	 -0.209263 
-12.960000 	 -0.186717 
-12.940000 	 0.110760 
-12.920000 	 0.302389 
-12.900000 	 -0.023283 
-12.880000 	 -0.212891 
-12.860000 	 0.109270 
-12.840000 	 0.263120 
-12.820000 	 0.222472 
-12.800000 	 0.140184 
-12.780000 	 0.167382 
-12.760000 	 0.018378 
-12.740000 	 -0.095026 
-12.720000 	 -0.139948 
-12.700000 	 -0.303644 
-12.680000 	 0.074561 
-12.660000 	 -0.099906 
-12.640000 	 0.202464 
-12.620000 	 0.144309 
-12.600000 	 -0.141000 
-12.580000 	 0.111038 
-12.560000 	 -0.099751 
-12.540000 	 -0.085049 
-12.520000 	 0.088906 
-12.500000 	 0.103208 
-12.480000 	 0.003159 
-12.460000 	 -0.130736 
-12.440000 	 -0.157906 
-12.420000 	 -0.142248 
-12.400000 	 -0.020366 
-12.380000 	 -0.079522 
-12.360000 	 -0.037733 
-12.340000 	 -0.090631 
-12.320000 	 0.162185 
-12.300000 	 -0.066099 
-12.280000 	 -0.007395 
-12.260000 	 0.003042 
-12.240000 	 -0.074862 
-12.220000 	 0.085082 
-12.200000 	 0.088202 
-12.180000 	 -0.120246 
-12.160000 	 0.024808 
-12.140000 	 -0.097974 
-12.120000 	 0.041329 
-12.100000 	 0.162970 
-12.080000 	 0.067886 
-12.060000 	 0.224820 
-12.040000 	 -0.066266 
-12.020000 	 -0.214718 
-12.000000 	 0.126710 
-11.980000 	 0.040351 
-11.960000 	 0.028396 
-11.940000 	 -0.143211 
-11.920000 	 0.084062 
-11.900000 	 0.040298 
-11.880000 	 -0.101387 
-11.860000 	 0.077091 
-11.840000 	 0.184987 
-11.820000 	 -0.214083 
-11.800000 	 -0.118460 
-11.780000 	 -0.095352 
-11.760000 	 -0.046542 
-11.740000 	 0.005297 
-11.720000 	 0.073904 
-11.700000 	 0.065324 
-11.680000 	 -0.086857 
-11.660000 	 0.051040 
-11.640000 	 0.064276 
-11.620000 	 0.167900 
-11.600000 	 0.031254 
-11.580000 	 0.013599 
-11.560000 	 0.093657 
-11.540000 	 0.042592 
-11.520000 	 0.286549 
-11.500000 	 -0.043623 
-11.480000 	 -0.178459 
-11.460000 	 -0.051857 
-11.440000 	 -0.148910 
-11.420000 	 0.022404 
-11.400000 	 -0.157808 
-11.380000 	 -0.048934 
-11.360000 	 0.007945 
-11.340000 	 0.231277 
-11.320000 	 0.063858 
-11.300000 	 -0.003071 
-11.280000 	 -0.042594 
-11.260000 	 0.071018 
-11.240000 	 0.030108 
-11.220000 	 -0.076038 
-11.200000 	 -0.175951 
-11.180000 	 -0.174750 
-11.160000 	 0.195834 
-11.140000 	 0.017560 
-11.120000 	 0.154060 
-11.100000 	 0.070234 
-11.080000 	 0.157747 
-11.060000 	 -0.142357 
-11.040000 	 -0.028078 
-11.020000 	 -0.093294 
-11.000000 	 0.129353 
-10.980000 	 -0.074232 
-10.960000 	 0.138849 
-10.940000 	 0.226396 
-10.920000 	 -0.219340 
-10.900000 	 0.154075 
-10.880000 	 0.137165 
-10.860000 	 -0.060018 
-10.840000 	 -0.150401 
-10.820000 	 0.104886 
-10.800000 	 0.085858 
-10.780000 	 0.178568 
-10.760000 	 0.089304 
-10.740000 	 -0.457057 
-10.720000 	 0.137526 
-10.700000 	 0.093603 
-10.680000 	 0.219055 
-10.660000 	 -0.074574 
-10.640000 	 0.138092 
-10.620000 	 -0.220583 
-10.600000 	 0.181147 
-10.580000 	 0.106139 
-10.560000 	 0.136972 
-10.540000 	 -0.147970 
-10.520000 	 -0.031278 
-10.500000 	 -0.111803 
-10.480000 	 0.078309 
-10.460000 	 -0.057146 
-10.440000 	 -0.029736 
-10.420000 	 -0.002522 
-10.400000 	 -0.031423 
-10.380000 	 -0.141728 
-10.360000 	 -0.028836 
-10.340000 	 -0.091894 
-10.320000 	 -0.362775 
-10.300000 	 0.185961 
-10.280000 	 0.099933 
-10.260000 	 0.218471 
-10.240000 	 0.224767 
-10.220000 	 0.208141 
-10.200000 	 0.089560 
-10.180000 	 0.235234 
-10.160000 	 0.079766 
-10.140000 	 -0.223247 
-10.120000 	 0.040256 
-10.100000 	 0.154181 
-10.080000 	 0.202050 
-10.060000 	 -0.026006 
-10.040000 	 0.148946 
-10.020000 	 -0.172337 
-10.000000 	 0.062230 
-9.980000 	 0.085574 
-9.960000 	 0.126164 
-9.940000 	 -0.193889 
-9.920000 	 0.026083 
-9.900000 	 0.141489 
-9.880000 	 -0.129638 
-9.860000 	 -0.072882 
-9.840000 	 -0.015533 
-9.820000 	 0.132156 
-9.800000 	 -0.196256 
-9.780000 	 -0.178776 
-9.760000 	 0.045262 
-9.740000 	 -0.078011 
-9.720000 	 -0.004322 
-9.700000 	 -0.151575 
-9.680000 	 0.266068 
-9.660000 	 -0.347663 
-9.640000 	 0.112545 
-9.620000 	 0.072495 
-9.600000 	 -0.215644 
-9.580000 	 -0.052094 
-9.560000 	 0.100995 
-9.540000 	 -0.016788 
-9.520000 	 -0.044210 
-9.500000 	 0.028434 
-9.480000 	 -0.142223 
-9.460000 	 0.000520 
-9.440000 	 0.150117 
-9.420000 	 0.124635 
-9.400000 	 0.125562 
-9.380000 	 0.064132 
-9.360000 	 -0.138478 
-9.340000 	 -0.357771 
-9.320000 	 0.022386 
-9.300000 	 -0.125994 
-9.280000 	 0.081016 
-9.260000 	 -0.096663 
-9.240000 	 0.307790 
-9.220000 	 0.026787 
-9.200000 	 0.014036 
-9.180000 	 0.094924 
-9.160000 	 -0.107794 
-9.140000 	 0.055393 
-9.120000 	 -0.260523 
-9.100000 	 0.104442 
-9.080000 	 0.060226 
-9.060000 	 0.151577 
-9.040000 	 0.021129 
-9.020000 	 0.170950 
-9.000000 	 -0.149091 
-8.980000 	 -0.139658 
-8.960000 	 -0.123956 
-8.940000 	 0.159576 
-8.920000 	 0.059985 
-8.900000 	 -0.195318 
-8.880000 	 -0.013986 
-8.860000 	 -0.069320 
-8.840000 	 0.041064 
-8.820000 	 -0.001518 
-8.800000 	 0.051445 
-8.780000 	 0.257923 
-8.760000 	 0.127900 
-8.740000 	 -0.011833 
-8.720000 	 0.056712 
-8.700000 	 -0.026361 
-8.680000 	 0.295110 
-8.660000 	 0.023483 
-8.640000 	 0.099749 
-8.620000 	 0.046350 
-8.600000 	 -0.037296 
-8.580000 	 -0.253720 
-8.560000 	 0.151880 
-8.540000 	 0.035774 
-8.520000 	 0.013360 
-8.500000 	 -0.139615 
-8.480000 	 0.155476 
-8.460000 	 0.016331 
-8.440000 	 -0.080333 
-8.420000 	 0.126308 
-8.400000 	 -0.213504 
-8.380000 	 0.138691 
-8.360000 	 0.058291 
-8.340000 	 0.023297 
-8.320000 	 -0.055963 
-8.300000 	 -0.010955 
-8.280000 	 -0.004782 
-8.260000 	 0.054088 
-8.240000 	 0.218760 
-8.220000 	 0.195690 
-8.200000 	 -0.128379 
-8.180000 	 0.313868 
-8.160000 	 0.119298 
-8.140000 	 -0.263256 
-8.120000 	 0.090220 
-8.100000 	 0.365720 
-8.080000 	 -0.271421 
-8.060000 	 0.258502 
-8.040000 	 0.036287 
-8.020000 	 -0.028187 
-8.000000 	 0.215059 
-7.980000 	 0.111301 
-7.960000 	 0.132777 
-7.940000 	 -0.122359 
-7.920000 	 0.144240 
-7.900000 	 -0.164492 
-7.880000 	 0.191910 
-7.860000 	 0.129093 
-7.840000 	 -0.072083 
-7.820000 	 -0.217929 
-7.800000 	 -0.176198 
-7.780000 	 -0.257534 
-7.760000 	 0.136841 
-7.740000 	 0.025387 
-7.720000 	 0.105186 
-7.700000 	 0.123227 
-7.680000 	 -0.115549 
-7.660000 	 0.201538 
-7.640000 	 -0.218239 
-7.620000 	 -0.277606 
-7.600000 	 0.121681 
-7.580000 	 0.092300 
-7.560000 	 0.205321 
-7.540000 	 0.122579 
-7.520000 	 0.251678 
-7.500000 	 0.013222 
-7.480000 	 -0.208477 
-7.460000 	 0.024988 
-7.440000 	 0.077028 
-7.420000 	 -0.340664 
-7.400000 	 -0.004344 
-7.380000 	 0.044435 
-7.360000 	 -0.255055 
-7.340000 	 -0.265600 
-7.320000 	 -0.017106 
-7.300000 	 0.335620 
-7.280000 	 -0.183295 
-7.260000 	 -0.108782 
-7.240000 	 0.078360 
-7.220000 	 0.184015 
-7.200000 	 0.140039 
-7.180000 	 0.239558 
-7.160000 	 0.231156 
-7.140000 	 -0.020326 
-7.120000 	 0.066385 
-7.100000 	 0.023189 
-7.080000 	 -0.233311 
-7.060000 	 0.048856 
-7.040000 	 0.058322 
-7.020000 	 0.038197 
-7.000000 	 0.274507 
-6.980000 	 0.001840 
-6.960000 	 0.226306 
-6.940000 	 0.064629 
-6.920000 	 0.215373 
-6.900000 	 0.146460 
-6.880000 	 0.083398 
-6.860000 	 -0.372004 
-6.840000 	 0.020667 
-6.820000 	 -0.081025 
-6.800000 	 0.037104 
-6.780000 	 0.209443 
-6.760000 	 0.072362 
-6.740000 	 0.074295 
-6.720000 	 0.253631 
-6.700000 	 0.079699 
-6.680000 	 0.121300 
-6.660000 	 0.062081 
-6.640000 	 0.247173 
-6.620000 	 0.111770 
-6.600000 	 -0.125839 
-6.580000 	 0.203801 
-6.560000 	 -0.185574 
-6.540000 	 0.404365 
-6.520000 	 0.007305 
-6.500000 	 0.033214 
-6.480000 	 0.088303 
-6.460000 	 0.255076 
-6.440000 	 0.028447 
-6.420000 	 0.065651 
-6.400000 	 -0.078697 
-6.380000 	 0.399354 
-6.360000 	 -0.042453 
-6.340000 	 0.298886 
-6.320000 	 0.254117 
-6.300000 	 0.175187 
-6.280000 	 -0.137537 
-6.260000 	 -0.079149 
-6.240000 	 0.280551 
-6.220000 	 0.143998 
-6.200000 	 0.076379 
-6.180000 	 -0.003426 
-6.160000 	 0.202361 
-6.140000 	 0.010001 
-6.120000 	 0.115240 
-6.100000 	 0.053409 
-6.080000 	 0.083620 
-6.060000 	 0.129321 
-6.040000 	 0.211676 
-6.020000 	 0.318068 
-6.000000 	 0.170339 
-5.980000 	 -0.104532 
-5.960000 	 0.207779 
-5.940000 	 0.192340 
-5.920000 	 0.136960 
-5.900000 	 0.010619 
-5.880000 	 0.129643 
-5.860000 	 0.306502 
-5.840000 	 -0.127115 
-5.820000 	 0.096519 
-5.800000 	 0.177105 
-5.780000 	 0.350163 
-5.760000 	 0.235386 
-5.740000 	 0.136551 
-5.720000 	 0.358233 
-5.700000 	 0.276904 
-5.680000 	 0.253885 
-5.660000 	 0.495177 
-5.640000 	 0.244535 
-5.620000 	 0.031811 
-5.600000 	 0.076203 
-5.580000 	 0.417372 
-5.560000 	 0.472980 
-5.540000 	 -0.105681 
-5.520000 	 0.543440 
-5.500000 	 0.494784 
-5.480000 	 0.314412 
-5.460000 	 0.874634 
-5.440000 	 -0.045274 
-5.420000 	 0.312202 
-5.400000 	 0.222483 
-5.380000 	 0.267987 
-5.360000 	 0.429908 
-5.340000 	 0.225061 
-5.320000 	 0.079527 
-5.300000 	 0.767506 
-5.280000 	 0.275298 
-5.260000 	 0.110649 
-5.240000 	 0.718439 
-5.220000 	 0.176725 
-5.200000 	 0.541524 
-5.180000 	 0.503011 
-5.160000 	 0.259985 
-5.140000 	 0.586551 
-5.120000 	 0.505605 
-5.100000 	 0.342213 
-5.080000 	 0.176685 
-5.060000 	 0.785891 
-5.040000 	 0.183528 
-5.020000 	 0.374501 
-5.000000 	 0.507635 
-4.980000 	 0.227968 
-4.960000 	 0.561582 
-4.940000 	 0.348034 
-4.920000 	 0.425966 
-4.900000 	 0.524171 
-4.880000 	 0.486091 
-4.860000 	 0.498921 
-4.840000 	 0.522775 
-4.820000 	 0.551745 
-4.800000 	 0.568925 
-4.780000 	 0.298899 
-4.760000 	 0.384854 
-4.740000 	 0.537385 
-4.720000 	 0.470598 
-4.700000 	 0.576950 
-4.680000 	 0.341371 
-4.660000 	 0.411635 
-4.640000 	 0.897125 
-4.620000 	 0.649509 
-4.600000 	 0.738931 
-4.580000 	 0.473431 
-4.560000 	 0.563165 
-4.540000 	 0.404603 
-4.520000 	 0.499817 
-4.500000 	 0.671901 
-4.480000 	 0.266642 
-4.460000 	 0.549104 
-4.440000 	 -0.100000 
-4.420000 	 0.234367 
-4.400000 	 0.333775 
-4.380000 	 0.468382 
-4.360000 	 0.524238 
-4.340000 	 0.564140 
-4.320000 	 0.660881 
-4.300000 	 0.576321 
-4.280000 	 0.836693 
-4.260000 	 0.637785 
-4.240000 	 0.430541 
-4.220000 	 0.565657 
-4.200000 	 0.799956 
-4.180000 	 0.293840 
-4.160000 	 0.443365 
-4.140000 	 0.514231 
-4.120000 	 0.636801 
-4.100000 	 0.654771 
-4.080000 	 0.642401 
-4.060000 	 0.345582 
-4.040000 	 0.530107 
-4.020000 	 0.629270 
-4.000000 	 0.294872 
-3.980000 	 0.544108 
-3.960000 	 0.476378 
-3.940000 	 0.490484 
-3.920000 	 0.404085 
-3.900000 	 0.316910 
-3.880000 	 0.330727 
-3.860000 	 0.296028 
-3.840000 	 0.466206 
-3.820000 	 0.529283 
-3.800000 	 0.437763 
-3.780000 	 0.727652 
-3.760000 	 0.472969 
-3.740000 	 0.513418 
-3.720000 	 0.240837 
-3.700000 	 0.576663 
-3.680000 	 0.484878 
-3.660000 	 0.550821 
-3.640000 	 0.374475 
-3.620000 	 0.487538 
-3.600000 	 0.730686 
-3.580000 	 0.582066 
-3.560000 	 0.404943 
-3.540000 	 0.321711 
-3.520000 	 0.292626 
-3.500000 	 0.579737 
-3.480000 	 0.270821 
-3.460000 	 0.578148 
-3.440000 	 0.200061 
-3.420000 	 0.453037 
-3.400000 	 0.701880 
-3.380000 	 0.222013 
-3.360000 	 0.236163 
-3.340000 	 0.473232 
-3.320000 	 0.535044 
-3.300000 	 0.556300 
-3.280000 	 0.547391 
-3.260000 	 0.877280 
-3.240000 	 0.699013 
-3.220000 	 0.517077 
-3.200000 	 0.261335 
-3.180000 	 0.429850 
-3.160000 	 0.457160 
-3.140000 	 0.415854 
-3.120000 	 0.680454 
-3.100000 	 0.626848 
-3.080000 	 0.401049 
-3.060000 	 0.343554 
-3.040000 	 0.357866 
-3.020000 	 0.676672 
-3.000000 	 0.613155 
-2.980000 	 0.179051 
-2.960000 	 0.516392 
-2.940000 	 0.277456 
-2.920000 	 0.038242 
-2.900000 	 0.337397 
-2.880000 	 0.500354 
-2.860000 	 0.621362 
-2.840000 	 0.536756 
-2.820000 	 0.083494 
-2.800000 	 0.675247 
-2.780000 	 0.394936 
-2.760000 	 0.399995 
-2.740000 	 0.621320 
-2.720000 	 0.176436 
-2.700000 	 0.320414 
-2.680000 	 0.156810 
-2.660000 	 0.310861 
-2.640000 	 0.339615 
-2.620000 	 0.205641 
-2.600000 	 0.440436 
-2.580000 	 0.554982 
-2.560000 	 0.202349 
-2.540000 	 0.373786 
-2.520000 	 0.344237 
-2.500000 	 0.270035 
-2.480000 	 0.540782 
-2.460000 	 0.144758 
-2.440000 	 0.183478 
-2.420000 	 0.317683 
-2.400000 	 0.052038 
-2.380000 	 0.133966 
-2.360000 	 0.149026 
-2.340000 	 0.464451 
-2.320000 	 0.503897 
-2.300000 	 0.259601 
-2.280000 	 0.446543 
-2.260000 	 0.250537 
-2.240000 	 0.183778 
-2.220000 	 0.170966 
-2.200000 	 0.166505 
-2.180000 	 0.155015 
-2.160000 	 0.164923 
-2.140000 	 0.397438 
-2.120000 	 0.437216 
-2.100000 	 0.543593 
-2.080000 	 0.250399 
-2.060000 	 0.130741 
-2.040000 	 0.454245 
-2.020000 	 0.117945 
-2.000000 	 0.144572 
-1.980000 	 0.248223 
-1.960000 	 0.470748 
-1.940000 	 0.069408 
-1.920000 	 0.350941 
-1.900000 	 0.072466 
-1.880000 	 0.200046 
-1.860000 	 -0.003814 
-1.840000 	 0.077014 
-1.820000 	 0.219797 
-1.800000 	 0.340678 
-1.780000 	 0.140535 
-1.760000 	 0.279692 
-1.740000 	 -0.053534 
-1.720000 	 0.114614 
-1.700000 	 0.167159 
-1.680000 	 0.079693 
-1.660000 	 0.168807 
-1.640000 	 0.107281 
-1.620000 	 0.185890 
-1.600000 	 0.031209 
-1.580000 	 0.266862 
-1.560000 	 0.343343 
-1.540000 	 0.010355 
-1.520000 	 0.295618 
-1.500000 	 0.182547 
-1.480000 	 0.345944 
-1.460000 	 -0.032480 
-1.440000 	 0.099245 
-1.420000 	 0.051151 
-1.400000 	 0.389257 
-1.380000 	 0.131646 
-1.360000 	 0.291954 
-1.340000 	 0.102936 
-1.320000 	 0.286830 
-1.300000 	 -0.277268 
-1.280000 	 0.070899 
-1.260000 	 0.290315 
-1.240000 	 0.112743 
-1.220000 	 0.075328 
-1.200000 	 0.399504 
-1.180000 	 -0.217423 
-1.160000 	 0.278031 
-1.140000 	 0.263103 
-1.120000 	 0.144336 
-1.100000 	 0.417041 
-1.080000 	 0.058308 
-1.060000 	 0.188928 
-1.040000 	 0.307884 
-1.020000 	 0.354651 
-1.000000 	 0.133683 
-0.980000 	 0.238282 
-0.960000 	 0.239164 
-0.940000 	 -0.108434 
-0.920000 	 0.018553 
-0.900000 	 0.482818 
-0.880000 	 0.442312 
-0.860000 	 0.175332 
-0.840000 	 -0.004746 
-0.820000 	 0.245395 
-0.800000 	 0.108492 
-0.780000 	 -0.082945 
-0.760000 	 0.350855 
-0.740000 	 0.190778 
-0.720000 	 -0.109387 
-0.700000 	 0.307258 
-0.680000 	 0.228193 
-0.660000 	 0.229578 
-0.640000 	 0.453316 
-0.620000 	 0.086224 
-0.600000 	 0.048840 
-0.580000 	 0.202582 
-0.560000 	 0.132212 
-0.540000 	 0.671584 
-0.520000 	 0.044086 
-0.500000 	 0.095431 
-0.480000 	 0.293381 
-0.460000 	 0.231770 
-0.440000 	 -0.011804 
-0.420000 	 0.094732 
-0.400000 	 0.093008 
-0.380000 	 0.334499 
-0.360000 	 0.166171 
-0.340000 	 0.205881 
-0.320000 	 0.313034 
-0.300000 	 -0.057844 
-0.280000 	 -0.035395 
-0.260000 	 0.409843 
-0.240000 	 0.120810 
-0.220000 	 0.044368 
-0.200000 	 0.288322 
-0.180000 	 -0.077095 
-0.160000 	 -0.074766 
-0.140000 	 0.169300 
-0.120000 	 0.050355 
-0.100000 	 0.544111 
-0.080000 	 0.408636 
-0.060000 	 0.145884 
-0.040000 	 0.476023 
-0.020000 	 0.070830 
0.000000 	 0.105077 
0.020000 	 0.335137 
0.040000 	 0.175954 
0.060000 	 0.227959 
0.080000 	 0.393082 
0.100000 	 0.437618 
0.120000 	 0.134998 
0.140000 	 0.234250 
0.160000 	 0.256772 
0.180000 	 -0.020492 
0.200000 	 0.609604 
0.220000 	 0.161915 
0.240000 	 0.117217 
0.260000 	 0.394973 
0.280000 	 0.391164 
0.300000 	 -0.007867 
0.320000 	 0.192461 
0.340000 	 0.133817 
0.360000 	 0.505815 
0.380000 	 0.231932 
0.400000 	 0.470434 
0.420000 	 0.430091 
0.440000 	 0.418661 
0.460000 	 0.525918 
0.480000 	 0.364857 
0.500000 	 0.034584 
0.520000 	 0.256725 
0.540000 	 0.370100 
0.560000 	 0.237976 
0.580000 	 0.689191 
0.600000 	 0.546650 
0.620000 	 0.430489 
0.640000 	 0.381529 
0.660000 	 0.544522 
0.680000 	 0.234121 
0.700000 	 0.407343 
0.720000 	 0.641718 
0.740000 	 0.468843 
0.760000 	 0.338178 
0.780000 	 0.363374 
0.800000 	 0.227609 
0.820000 	 0.527061 
0.840000 	 0.493767 
0.860000 	 0.457393 
0.880000 	 0.425416 
0.900000 	 0.386686 
0.920000 	 0.444215 
0.940000 	 0.234380 
0.960000 	 0.188005 
0.980000 	 0.582739 
1.000000 	 0.486862 
1.020000 	 0.608660 
1.040000 	 0.262775 
1.060000 	 0.406168 
1.080000 	 0.379885 
1.100000 	 0.454336 
1.120000 	 0.854361 
1.140000 	 0.783544 
1.160000 	 0.540636 
1.180000 	 0.558361 
1.200000 	 0.601778 
1.220000 	 0.441636 
1.240000 	 0.569818 
1.260000 	 0.515815 
1.280000 	 0.607928 
1.300000 	 0.530973 
1.320000 	 0.819140 
1.340000 	 0.760035 
1.360000 	 0.880061 
1.380000 	 0.733509 
1.400000 	 0.832082 
1.420000 	 0.680595 
1.440000 	 0.603365 
1.460000 	 0.598672 
1.480000 	 0.606311 
1.500000 	 0.844179 
1.520000 	 0.585214 
1.540000 	 0.600811 
1.560000 	 0.642774 
1.580000 	 0.674100 
1.600000 	 0.697926 
1.620000 	 0.694252 
1.640000 	 0.898192 
1.660000 	 0.857141 
1.680000 	 0.801615 
1.700000 	 0.987669 
1.720000 	 0.972755 
1.740000 	 1.028357 
1.760000 	 0.960229 
1.780000 	 1.082437 
1.800000 	 0.757045 
1.820000 	 1.090280 
1.840000 	 0.866032 
1.860000 	 0.977470 
1.880000 	 0.578571 
1.900000 	 0.822035 
1.920000 	 1.152983 
1.940000 	 0.668778 
1.960000 	 0.896408 
1.980000 	 1.000611 
2.000000 	 0.922085 
2.020000 	 1.027485 
2.040000 	 0.838683 
2.060000 	 1.064438 
2.080000 	 0.896097 
2.100000 	 1.111979 
2.120000 	 1.010893 
2.140000 	 0.833616 
2.160000 	 1.013647 
2.180000 	 1.125394 
2.200000 	 1.279311 
2.220000 	 1.315285 
2.240000 	 0.924607 
2.260000 	 1.022562 
2.280000 	 1.330477 
2.300000 	 1.339636 
2.320000 	 1.169835 
2.340000 	 1.288289 
2.360000 	 0.799876 
2.380000 	 1.203944 
2.400000 	 1.407594 
2.420000 	 1.067846 
2.440000 	 1.073541 
2.460000 	 1.341836 
2.480000 	 1.215541 
2.500000 	 1.323717 
2.520000 	 1.122173 
2.540000 	 1.271250 
2.560000 	 1.382527 
2.580000 	 1.229912 
2.600000 	 1.242563 
2.620000 	 1.464244 
2.640000 	 1.236120 
2.660000 	 1.217101 
2.680000 	 1.446060 
2.700000 	 1.150243 
2.720000 	 1.515789 
2.740000 	 1.445582 
2.760000 	 1.435588 
2.780000 	 1.527408 
2.800000 	 1.224486 
2.820000 	 1.362747 
2.840000 	 1.263495 
2.860000 	 1.343534 
2.880000 	 1.341083 
2.900000 	 1.482324 
2.920000 	 1.378183 
2.940000 	 1.368411 
2.960000 	 1.531207 
2.980000 	 1.340802 
3.000000 	 1.411643 
3.020000 	 1.327585 
3.040000 	 1.417973 
3.060000 	 1.590737 
3.080000 	 1.279287 
3.100000 	 1.392154 
3.120000 	 1.274057 
3.140000 	 1.321159 
3.160000 	 1.204780 
3.180000 	 1.331379 
3.200000 	 1.696973 
3.220000 	 1.690247 
3.240000 	 1.262178 
3.260000 	 1.668977 
3.280000 	 1.581135 
3.300000 	 1.525663 
3.320000 	 1.658717 
3.340000 	 1.549486 
3.360000 	 1.475386 
3.380000 	 1.462366 
3.400000 	 1.494015 
3.420000 	 1.673433 
3.440000 	 1.420074 
3.460000 	 1.622000 
3.480000 	 1.681077 
3.500000 	 1.544125 
3.520000 	 1.517563 
3.540000 	 1.584126 
3.560000 	 1.661332 
3.580000 	 1.544513 
3.600000 	 1.656472 
3.620000 	 1.801542 
3.640000 	 1.383797 
3.660000 	 2.078319 
3.680000 	 1.676315 
3.700000 	 1.554010 
3.720000 	 1.356441 
3.740000 	 1.584825 
3.760000 	 1.769932 
3.780000 	 1.731567 
3.800000 	 1.556397 
3.820000 	 1.478960 
3.840000 	 1.742552 
3.860000 	 1.450906 
3.880000 	 1.172362 
3.900000 	 1.658729 
3.920000 	 1.801477 
3.940000 	 1.784221 
3.960000 	 1.617385 
3.980000 	 1.521299 
4.000000 	 1.516066 
4.020000 	 1.642843 
4.040000 	 1.655400 
4.060000 	 1.660712 
4.080000 	 1.685774 
4.100000 	 1.865401 
4.120000 	 1.678535 
4.140000 	 1.707121 
4.160000 	 1.810990 
4.180000 	 1.684357 
4.200000 	 1.485633 
4.220000 	 1.474881 
4.240000 	 1.516577 
4.260000 	 1.480421 
4.280000 	 1.549239 
4.300000 	 1.489636 
4.320000 	 1.614316 
4.340000 	 1.557096 
4.360000 	 1.611856 
4.380000 	 1.447992 
4.400000 	 1.577913 
4.420000 	 1.523072 
4.440000 	 1.654842 
4.460000 	 1.935499 
4.480000 	 1.449019 
4.500000 	 1.738093 
4.520000 	 1.521893 
4.540000 	 1.547406 
4.560000 	 1.819944 
4.580000 	 1.707361 
4.600000 	 1.446723 
4.620000 	 1.819986 
4.640000 	 1.355182 
4.660000 	 1.362183 
4.680000 	 1.284316 
4.700000 	 1.358834 
4.720000 	 1.446299 
4.740000 	 1.306069 
4.760000 	 1.681858 
4.780000 	 1.329016 
4.800000 	 1.626271 
4.820000 	 1.583490 
4.840000 	 1.082078 
4.860000 	 1.486188 
4.880000 	 1.426735 
4.900000 	 1.375459 
4.920000 	 1.288129 
4.940000 	 1.388758 
4.960000 	 1.382407 
4.980000 	 1.552177 
5.000000 	 1.288054 
5.020000 	 1.470453 
5.040000 	 1.194097 
5.060000 	 1.277010 
5.080000 	 1.418124 
5.100000 	 1.335972 
5.120000 	 1.165651 
5.140000 	 1.148934 
5.160000 	 1.456588 
5.180000 	 1.281175 
5.200000 	 0.400000 
5.220000 	 1.358964 
5.240000 	 1.267589 
5.260000 	 1.111422 
5.280000 	 1.480029 
5.300000 	 1.426816 
5.320000 	 1.436243 
5.340000 	 1.151701 
5.360000 	 1.114345 
5.380000 	 1.228704 
5.400000 	 1.393387 
5.420000 	 1.350383 
5.440000 	 1.104015 
5.460000 	 1.339855 
5.480000 	 1.527970 
5.500000 	 1.479854 
5.520000 	 0.965631 
5.540000 	 1.338661 
5.560000 	 0.998078 
5.580000 	 1.036225 
5.600000 	 0.962924 
5.620000 	 1.184297 
5.640000 	 1.179392 
5.660000 	 1.052865 
5.680000 	 1.246334 
5.700000 	 1.142312 
5.720000 	 1.066049 
5.740000 	 1.243756 
5.760000 	 1.130574 
5.780000 	 1.183080 
5.800000 	 0.996749 
5.820000 	 1.115251 
5.840000 	 0.963234 
5.860000 	 1.130329 
5.880000 	 0.939543 
5.900000 	 0.998004 
5.920000 	 1.120617 
5.940000 	 0.911475 
5.960000 	 1.151297 
5.980000 	 0.761993 
6.000000 	 1.175078 
6.020000 	 1.000259 
6.040000 	 1.053857 
6.060000 	 0.991510 
6.080000 	 1.079041 
6.100000 	 0.958240 
6.120000 	 0.756066 
6.140000 	 0.855428 
6.160000 	 0.945751 
6.180000 	 0.918449 
6.200000 	 1.059999 
6.220000 	 0.890107 
6.240000 	 0.690374 
6.260000 	 1.070309 
6.280000 	 0.670530 
6.300000 	 0.858970 
6.320000 	 0.914790 
6.340000 	 0.698553 
6.360000 	 0.801109 
6.380000 	 0.791087 
6.400000 	 0.825640 
6.420000 	 1.062519 
6.440000 	 0.664535 
6.460000 	 0.527132 
6.480000 	 0.496252 
6.500000 	 0.801468 
6.520000 	 -0.300000 
6.540000 	 0.903032 
6.560000 	 0.849990 
6.580000 	 0.745979 
6.600000 	 0.750443 
6.620000 	 0.652657 
6.640000 	 0.615381 
6.660000 	 0.712051 
6.680000 	 0.608416 
6.700000 	 0.558649 
6.720000 	 0.563136 
6.740000 	 0.756617 
6.760000 	 0.648069 
6.780000 	 0.464035 
6.800000 	 0.550982 
6.820000 	 0.469779 
6.840000 	 0.715678 
6.860000 	 0.593263 
6.880000 	 0.573905 
6.900000 	 0.581706 
6.920000 	 0.600209 
6.940000 	 0.412168 
6.960000 	 0.524275 
6.980000 	 0.205230 
7.000000 	 0.619715 
7.020000 	 0.450194 
7.040000 	 0.473010 
7.060000 	 0.445613 
7.080000 	 0.425746 
7.100000 	 0.514898 
7.120000 	 0.579411 
7.140000 	 0.290102 
7.160000 	 0.537885 
7.180000 	 0.606589 
7.200000 	 0.381412 
7.220000 	 0.127905 
7.240000 	 0.345001 
7.260000 	 0.546458 
7.280000 	 0.499920 
7.300000 	 0.349812 
7.320000 	 0.540207 
7.340000 	 0.165950 
7.360000 	 0.576421 
7.380000 	 0.427233 
7.400000 	 0.028763 
7.420000 	 0.359949 
7.440000 	 0.530831 
7.460000 	 0.581050 
7.480000 	 0.344018 
7.500000 	 0.515954 
7.520000 	 0.479738 
7.540000 	 0.332257 
7.560000 	 0.546390 
7.580000 	 0.497246 
7.600000 	 0.356468 
7.620000 	 0.239264 
7.640000 	 0.391029 
7.660000 	 0.472892 
7.680000 	 0.144472 
7.700000 	 0.180450 
7.720000 	 0.061095 
7.740000 	 0.008299 
7.760000 	 0.279114 
7.780000 	 0.087173 
7.800000 	 0.291785 
7.820000 	 0.339513 
7.840000 	 0.165846 
7.860000 	 0.277436 
7.880000 	 0.331533 
7.900000 	 0.331426 
7.920000 	 0.175577 
7.940000 	 0.334327 
7.960000 	 0.381215 
7.980000 	 0.089830 
8.000000 	 0.238653 
8.020000 	 0.153547 
8.040000 	 0.133438 
8.060000 	 0.203310 
8.080000 	 0.099252 
8.100000 	 -0.090642 
8.120000 	 0.102415 
8.140000 	 0.181085 
8.160000 	 0.218171 
8.180000 	 0.072901 
8.200000 	 0.181977 
8.220000 	 0.452094 
8.240000 	 0.185779 
8.260000 	 0.105139 
8.280000 	 0.053712 
8.300000 	 0.427180 
8.320000 	 0.411713 
8.340000 	 0.320818 
8.360000 	 0.343844 
8.380000 	 0.322393 
8.400000 	 0.157436 
8.420000 	 -0.046245 
8.440000 	 0.052744 
8.460000 	 0.033564 
8.480000 	 0.207551 
8.500000 	 -0.006410 
8.520000 	 0.317237 
8.540000 	 0.432687 
8.560000 	 0.136320 
8.580000 	 -0.107193 
8.600000 	 0.155538 
8.620000 	 0.190872 
8.640000 	 0.088371 
8.660000 	 -0.144935 
8.680000 	 0.396969 
8.700000 	 0.063807 
8.720000 	 0.119532 
8.740000 	 0.167731 
8.760000 	 -0.040612 
8.780000 	 0.038990 
8.800000 	 0.006379 
8.820000 	 -0.030799 
8.840000 	 0.026221 
8.860000 	 0.165766 
8.880000 	 0.092594 
8.900000 	 0.102849 
8.920000 	 -0.308091 
8.940000 	 0.059570 
8.960000 	 -0.169982 
8.980000 	 -0.051131 
9.000000 	 0.190932 
9.020000 	 0.027959 
9.040000 	 -0.063278 
9.060000 	 0.202921 
9.080000 	 -0.055489 
9.100000 	 0.086741 
9.120000 	 -0.216162 
9.140000 	 -0.029430 
9.160000 	 0.072161 
9.180000 	 0.149234 
9.200000 	 -0.036483 
9.220000 	 -0.307869 
9.240000 	 -0.010024 
9.260000 	 0.017673 
9.280000 	 -0.084324 
9.300000 	 -0.041431 
9.320000 	 0.226865 
9.340000 	 0.049119 
9.360000 	 0.021614 
9.380000 	 0.151685 
9.400000 	 0.196619 
9.420000 	 -0.175363 
9.440000 	 0.013075 
9.460000 	 0.200074 
9.480000 	 0.041118 
9.500000 	 0.064004 
9.520000 	 -0.192306 
9.540000 	 0.217616 
9.560000 	 0.143066 
9.580000 	 -0.014125 
9.600000 	 -0.074317 
9.620000 	 0.094372 
9.640000 	 0.094178 
9.660000 	 0.025483 
9.680000 	 -0.173876 
9.700000 	 -0.072777 
9.720000 	 -0.096440 
9.740000 	 0.075387 
9.760000 	 -0.004453 
9.780000 	 0.002257 
9.800000 	 -0.023051 
9.820000 	 -0.123957 
9.840000 	 0.229411 
9.860000 	 -0.046825 
9.880000 	 -0.049861 
9.900000 	 0.162312 
9.920000 	 0.111205 
9.940000 	 -0.260980 
9.960000 	 0.079503 
9.980000 	 -0.020155 
10.000000 	 0.060984 
10.020000 	 0.118152 
10.040000 	 0.039389 
10.060000 	 0.295861 
10.080000 	 0.162415 
10.100000 	 -0.087072 
10.120000 	 0.089520 
10.140000 	 0.091751 
10.160000 	 0.137618 
10.180000 	 -0.064935 
10.200000 	 0.043833 
10.220000 	 0.404444 
10.240000 	 -0.213427 
10.260000 	 0.274038 
10.280000 	 -0.225272 
10.300000 	 -0.196836 
10.320000 	 -0.088019 
10.340000 	 0.002897 
10.360000 	 0.140357 
10.380000 	 0.303778 
10.400000 	 -0.280205 
10.420000 	 -0.011760 
10.440000 	 0.028049 
10.460000 	 0.027307 
10.480000 	 0.414660 
10.500000 	 0.057636 
10.520000 	 -0.066804 
10.540000 	 0.126500 
10.560000 	 0.093723 
10.580000 	 0.096267 
10.600000 	 0.085071 
10.620000 	 0.078322 
10.640000 	 0.023942 
10.660000 	 0.012772 
10.680000 	 -0.026758 
10.700000 	 -0.126036 
10.720000 	 0.087208 
10.740000 	 -0.182080 
10.760000 	 0.122457 
10.780000 	 -0.107401 
10.800000 	 -0.141413 
10.820000 	 0.028902 
10.840000 	 0.298662 
10.860000 	 -0.062872 
10.880000 	 -0.079736 
10.900000 	 -0.026250 
10.920000 	 0.024609 
10.940000 	 0.097080 
10.960000 	 0.075587 
10.980000 	 0.129704 
11.000000 	 -0.201461 
11.020000 	 0.001021 
11.040000 	 0.025026 
11.060000 	 0.055476 
11.080000 	 0.012137 
11.100000 	 0.018918 
11.120000 	 0.030758 
11.140000 	 0.021629 
11.160000 	 0.112586 
11.180000 	 -0.187679 
11.200000 	 -0.055195 
11.220000 	 -0.077820 
11.240000 	 -0.115865 
11.260000 	 -0.128832 
11.280000 	 -0.108348 
11.300000 	 0.397965 
11.320000 	 0.038942 
11.340000 	 0.295962 
11.360000 	 0.041447 
11.380000 	 0.260640 
11.400000 	 -0.106754 
11.420000 	 -0.218386 
11.440000 	 0.352969 
11.460000 	 0.345292 
11.480000 	 0.072531 
11.500000 	 0.258666 
11.520000 	 -0.000613 
11.540000 	 0.140591 
11.560000 	 0.188862 
11.580000 	 -0.058137 
11.600000 	 -0.099569 
11.620000 	 -0.045397 
11.640000 	 0.198743 
11.660000 	 0.238966 
11.680000 	 -0.103468 
11.700000 	 -0.065676 
11.720000 	 0.055134 
11.740000 	 -0.090427 
11.760000 	 0.125604 
11.780000 	 0.098035 
11.800000 	 0.264794 
11.820000 	 0.038594 
11.840000 	 0.036153 
11.860000 	 0.021317 
11.880000 	 0.071710 
11.900000 	 0.003043 
11.920000 	 -0.349572 
11.940000 	 0.066679 
11.960000 	 -0.127044 
11.980000 	 0.139674 
12.000000 	 -0.086876 
12.020000 	 0.067188 
12.040000 	 0.209125 
12.060000 	 -0.142194 
12.080000 	 -0.202502 
12.100000 	 -0.070491 
12.120000 	 -0.157984 
12.140000 	 -0.085051 
12.160000 	 -0.119587 
12.180000 	 0.054945 
12.200000 	 0.264784 
12.220000 	 0.242661 
12.240000 	 -0.098176 
12.260000 	 -0.052656 
12.280000 	 0.149600 
12.300000 	 -0.188854 
12.320000 	 0.046349 
12.340000 	 0.087642 
12.360000 	 -0.151299 
12.380000 	 0.131972 
12.400000 	 -0.054192 
12.420000 	 -0.012920 
12.440000 	 0.072891 
12.460000 	 -0.049339 
12.480000 	 0.016244 
12.500000 	 -0.045193 
12.520000 	 0.048415 
12.540000 	 0.328761 
12.560000 	 -0.151264 
12.580000 	 0.104598 
12.600000 	 -0.024258 
12.620000 	 0.271828 
12.640000 	 0.039618 
12.660000 	 -0.125032 
12.680000 	 -0.353975 
12.700000 	 0.022080 
12.720000 	 0.037750 
12.740000 	 0.175377 
12.760000 	 -0.273281 
12.780000 	 -0.052062 
12.800000 	 -0.380420 
12.820000 	 0.086804 
12.840000 	 0.072091 
12.860000 	 0.093337 
12.880000 	 -0.104694 
12.900000 	 -0.029722 
12.920000 	 -0.057590 
12.940000 	 0.000000 
12.960000 	 0.186074 
12.980000 	 -0.106703 
13.000000 	 0.700000 
13.020000 	 -0.042671 
13.040000 	 0.171594 
13.060000 	 0.023084 
13.080000 	 0.037973 
13.100000 	 -0.129630 
13.120000 	 -0.277145 
13.140000 	 -0.223895 
13.160000 	 -0.048059 
13.180000 	 0.199803 
13.200000 	 0.037943 
13.220000 	 -0.174834 
13.240000 	 -0.013740 
13.260000 	 -0.086374 
13.280000 	 0.165849 
13.300000 	 -0.093280 
13.320000 	 -0.087181 
13.340000 	 -0.152725 
13.360000 	 0.066555 
13.380000 	 0.022226 
13.400000 	 0.147424 
13.420000 	 0.142241 
13.440000 	 -0.127288 
13.460000 	 0.093733 
13.480000 	 -0.093008 
13.500000 	 -0.160310 
13.520000 	 0.098793 
13.540000 	 0.190284 
13.560000 	 -0.045326 
13.580000 	 -0.138611 
13.600000 	 -0.121837 
13.620000 	 0.127403 
13.640000 	 0.069039 
13.660000 	 -0.075230 
13.680000 	 -0.199315 
13.700000 	 0.108181 
13.720000 	 0.105350 
13.740000 	 -0.162160 
13.760000 	 0.031872 
13.780000 	 0.031416 
13.800000 	 -0.110638 
13.820000 	 -0.175561 
13.840000 	 -0.209182 
13.860000 	 -0.153495 
13.880000 	 0.020754 
13.900000 	 0.086466 
13.920000 	 0.023437 
13.940000 	 -0.164946 
13.960000 	 -0.272710 
13.980000 	 0.027447 
14.000000 	 -0.113475 
14.020000 	 -0.011704 
14.040000 	 -0.357271 
14.060000 	 0.010680 
14.080000 	 -0.065514 
14.100000 	 0.129146 
14.120000 	 0.106763 
14.140000 	 0.137065 
14.160000 	 0.054059 
14.180000 	 -0.045021 
14.200000 	 0.075640 
14.220000 	 0.239992 
14.240000 	 -0.018884 
14.260000 	 0.166508 
14.280000 	 0.027592 
14.300000 	 0.309459 
14.320000 	 -0.106175 
14.340000 	 -0.136488 
14.360000 	 0.180099 
14.380000 	 0.119284 
14.400000 	 0.237935 
14.420000 	 -0.018674 
14.440000 	 0.035880 
14.460000 	 0.179440 
14.480000 	 0.207097 
14.500000 	 0.053772 
14.520000 	 -0.112014 
14.540000 	 0.044153 
14.560000 	 0.158661 
14.580000 	 -0.095442 
14.600000 	 0.039486 
14.620000 	 -0.017080 
14.640000 	 -0.156073 
14.660000 	 0.017312 
14.680000 	 -0.052534 
14.700000 	 0.200775 
14.720000 	 0.085952 
14.740000 	 -0.169701 
14.760000 	 0.002981 
14.780000 	 0.300758 
14.800000 	 -0.081303 
14.820000 	 0.025051 
14.840000 	 0.056463 
14.860000 	 0.038392 
14.880000 	 -0.089295 
14.900000 	 0.223417 
14.920000 	 0.186292 
14.940000 	 0.226821 
14.960000 	 0.152429 
14.980000 	 0.106728 
15.000000 	 -0.032189 
