-15.000000 	 -0.159684 
-14.980000 	 0.205182 
-14.960000 	 -0.103573 
-14.940000 	 -0.036928 
-14.920000 	 0.160152 
-14.900000 	 -0.074325 
-14.880000 	 -0.110347 
-14.860000 	 -0.183493 
-14.840000 	 -0.226618 
-14.820000 	 -0.014338 
-14.800000 	 0.192669 
-14.780000 	 0.118467 
-14.760000 	 -0.160623 
-14.740000 	 -0.010693 
-14.720000 	 -0.160037 
-14.700000 	 0.055059 
-14.680000 	 0.306258 
-14.660000 	 0.126153 
-14.640000 	 -0.161295 
-14.620000 	 -0.147647 
-14.600000 	 -0.109382 
-14.580000 	 0.026682 
-14.560000 	 0.101506 
-14.540000 	 -0.267612 
-14.520000 	 0.110555 
-14.500000 	 -0.079840 
-14.480000 	 0.246822 
-14.460000 	 -0.326333 
-14.440000 	 -0.146026 
-14.420000 	 -0.048750 
-14.400000 	 0.144927 
-14.380000 	 -0.139569 
-14.360000 	 -0.059746 
-14.340000 	 0.215119 
-14.320000 	 0.229340 
-14.300000 	 0.204022 
-14.280000 	 -0.041141 
-14.260000 	 0.136226 
-14.240000 	 0.149446 
-14.220000 	 -0.148124 
-14.200000 	 0.231065 
-14.180000 	 0.069930 
-14.160000 	 -0.030604 
-14.140000 	 -0.259582 
-14.120000 	 -0.425508 
-14.100000 	 -0.180735 
-14.080000 	 0.071540 
-14.060000 	 -0.111252 
-14.040000 	 -0.376924 
-14.020000 	 0.020894 
-14.000000 	 -0.123110 
-13.980000 	 -0.093750 
-13.960000 	 0.208745 
-13.940000 	 0.032891 
-13.920000 	 -0.218088 
-13.900000 	 -0.178334 
-13.880000 	 -0.043684 
-13.860000 	 -0.057133 
-13.840000 	 -0.405801 
-13.820000 	 -0.124672 
-13.800000 	 0.080218 
-13.780000 	 -0.077674 
-13.760000 	 -0.187310 
-13.740000 	 -0.105460 
-13.720000 	 -0.067098 
-13.700000 	 -0.121999 
-13.680000 	 -0.029716 
-13.660000 	 0.063881 
-13.640000 	 0.052189 
-13.620000 	 0.021217 
-13.600000 	 -0.081486 
-13.580000 	 0.196386 
-13.560000 	 0.153871 
-13.540000 	 -0.166129 
-13.520000 	 0.263813 
-13.500000 	 -0.275845 
-13.480000 	 0.118612 
-13.460000 	 0.073695 
-13.440000 	 0.409541 
-13.420000 	 -0.005452 
-13.400000 	 -0.139373 
-13.380000 	 -0.209883 
-13.360000 	 -0.124117 
-13.340000 	 -0.050041 
-13.320000 	 -0.188216 
-13.300000 	 -0.101103 
-13.280000 	 0.291643 
-13.260000 	 -0.154678 
-13.240000 	 -0.018027 
-13.220000 	 0.105038 
-13.200000 	 0.008119 
-13.180000 	 -0.071841 
-13.160000 	 0.079641 
-13.140000 	 0.032485 
-13.120000 	 0.141095 
-13.100000 	 0.151761 
-13.080000 	 0.244282 
-13.060000 	 0.169572 
-13.040000 	 -0.203276 
-13.020000 	 -0.002649 
-13.000000 	 0.116252 
-12.980000 	 -0.101860 
-12.960000 	 -0.098039 
-12.940000 	 0.070536 
-12.920000 	 0.017651 
-12.900000 	 -0.057399 
-12.880000 	 -0.105902 
-12.860000 	 0.113486 
-12.840000 	 -0.267230 
-12.820000 	 0.320885 
-12.800000 	 0.038504 
-12.780000 	 0.217640 
-12.760000 	 -0.218179 
-12.740000 	 -0.113453 
-12.720000 	 0.093853 
-12.700000 	 -0.066178 
-12.680000 	 -0.047416 
-12.660000 	 0.251890 
-12.640000 	 0.055770 
-12.620000 	 0.069849 
-12.600000 	 -0.312015 
-12.580000 	 0.033318 
-12.560000 	 0.039876 
-12.540000 	 -0.002999 
-12.520000 	 0.067387 
-12.500000 	 0.066291 
-12.480000 	 -0.132999 
-12.460000 	 -0.107739 
-12.440000 	 -0.130407 
-12.420000 	 0.097884 
-12.400000 	 0.040326 
-12.380000 	 0.091941 
-12.360000 	 -0.046531 
-12.340000 	 -0.036468 
-12.320000 	 0.034394 
-12.300000 	 -0.004176 
-12.280000 	 -0.005272 
-12.260000 	 -0.301522 
-12.240000 	 -0.152794 
-12.220000 	 -0.085623 
-12.200000 	 -0.157082 
-12.180000 	 -0.095677 
-12.160000 	 -0.070676 
-12.140000 	 -0.338956 
-12.120000 	 -0.016205 
-12.100000 	 0.067080 
-12.080000 	 0.046394 
-12.060000 	 -0.132566 
-12.040000 	 0.249417 
-12.020000 	 -0.139267 
-12.000000 	 0.027897 
-11.980000 	 0.088185 
-11.960000 	 0.017674 
-11.940000 	 -0.356195 
-11.920000 	 0.116842 
-11.900000 	 -0.044899 
-11.880000 	 -0.060538 
-11.860000 	 0.036283 
-11.840000 	 -0.244027 
-11.820000 	 -0.026030 
-11.800000 	 0.077799 
-11.780000 	 -0.089335 
-11.760000 	 -0.183964 
-11.740000 	 0.043980 
-11.720000 	 -0.070599 
-11.700000 	 0.089997 
-11.680000 	 0.046512 
-11.660000 	 0.236697 
-11.640000 	 -0.030908 
-11.620000 	 -0.184289 
-11.600000 	 0.036274 
-11.580000 	 0.009663 
-11.560000 	 -0.040893 
-11.540000 	 0.047195 
-11.520000 	 0.176549 
-11.500000 	 0.318243 
-11.480000 	 -0.003770 
-11.460000 	 -0.404875 
-11.440000 	 -0.184334 
-11.420000 	 -0.039071 
-11.400000 	 0.089441 
-11.380000 	 0.165098 
-11.360000 	 0.015386 
-11.340000 	 -0.013393 
-11.320000 	 0.900000 
-11.300000 	 0.119058 
-11.280000 	 0.081184 
-11.260000 	 -0.004906 
-11.240000 	 0.089853 
-11.220000 	 -0.106173 
-11.200000 	 -0.155357 
-11.180000 	 0.030698 
-11.160000 	 -0.027275 
-11.140000 	 0.050829 
-11.120000 	 0.288025 
-11.100000 	 -0.096821 
-11.080000 	 -0.089864 
-11.060000 	 -0.027059 
-11.040000 	 0.054983 
-11.020000 	 -0.052076 
-11.000000 	 0.006464 
-10.980000 	 -0.041087 
-10.960000 	 0.004916 
-10.940000 	 0.170153 
-10.920000 	 0.130695 
-10.900000 	 -0.320476 
-10.880000 	 0.057671 
-10.860000 	 0.024593 
-10.840000 	 0.011264 
-10.820000 	 -0.276832 
-10.800000 	 -0.000179 
-10.780000 	 0.003284 
-10.760000 	 0.081880 
-10.740000 	 0.075591 
-10.720000 	 0.195888 
-10.700000 	 -0.176645 
-10.680000 	 -0.124348 
-10.660000 	 0.049896 
-10.640000 	 -0.400000 
-10.620000 	 -0.152505 
-10.600000 	 -0.044751 
-10.580000 	 -0.012701 
-10.560000 	 -0.029679 
-10.540000 	 -0.189030 
-10.520000 	 0.168326 
-10.500000 	 0.048767 
-10.480000 	 -0.490909 
-10.460000 	 -0.009609 
-10.440000 	 -0.036664 
-10.420000 	 -0.446076 
-10.400000 	 0.063280 
-10.380000 	 0.115124 
-10.360000 	 0.121755 
-10.340000 	 -0.192266 
-10.320000 	 -0.120935 
-10.300000 	 0.090788 
-10.280000 	 -0.120315 
-10.260000 	 0.240008 
-10.240000 	 -0.100685 
-10.220000 	 -0.239818 
-10.200000 	 -0.122410 
-10.180000 	 0.141383 
-10.160000 	 -0.011435 
-10.140000 	 -0.254861 
-10.120000 	 0.130692 
-10.100000 	 0.073997 
-10.080000 	 0.122339 
-10.060000 	 0.038603 
-10.040000 	 0.066228 
-10.020000 	 -0.163344 
-10.000000 	 -0.162275 
-9.980000 	 -0.064780 
-9.960000 	 -0.125850 
-9.940000 	 0.129644 
-9.920000 	 0.143824 
-9.900000 	 0.144424 
-9.880000 	 -0.024922 
-9.860000 	 -0.129541 
-9.840000 	 0.071498 
-9.820000 	 -0.007116 
-9.800000 	 0.323419 
-9.780000 	 -0.022512 
-9.760000 	 0.187983 
-9.740000 	 -0.079290 
-9.720000 	 0.139614 
-9.700000 	 0.085637 
-9.680000 	 -0.054053 
-9.660000 	 0.130540 
-9.640000 	 -0.000898 
-9.620000 	 -0.087094 
-9.600000 	 0.106261 
-9.580000 	 0.122750 
-9.560000 	 -0.046370 
-9.540000 	 0.119909 
-9.520000 	 0.078722 
-9.500000 	 0.001350 
-9.480000 	 0.002457 
-9.460000 	 -0.040368 
-9.440000 	 -0.040070 
-9.420000 	 0.017975 
-9.400000 	 0.141945 
-9.380000 	 0.088805 
-9.360000 	 -0.066952 
-9.340000 	 -0.056635 
-9.320000 	 0.132844 
-9.300000 	 -0.049367 
-9.280000 	 -0.133065 
-9.260000 	 0.051945 
-9.240000 	 0.290234 
-9.220000 	 -0.048709 
-9.200000 	 -0.064576 
-9.180000 	 -0.050796 
-9.160000 	 0.033906 
-9.140000 	 0.029291 
-9.120000 	 0.024469 
-9.100000 	 -0.002433 
-9.080000 	 -0.076676 
-9.060000 	 0.112628 
-9.040000 	 -0.128382 
-9.020000 	 -0.141655 
-9.000000 	 0.088603 
-8.980000 	 -0.048602 
-8.960000 	 0.152006 
-8.940000 	 0.130535 
-8.920000 	 0.156297 
-8.900000 	 -0.020411 
-8.880000 	 0.091894 
-8.860000 	 0.046826 
-8.840000 	 0.004510 
-8.820000 	 0.006166 
-8.800000 	 -0.261439 
-8.780000 	 0.211075 
-8.760000 	 0.032802 
-8.740000 	 -0.167453 
-8.720000 	 -0.187585 
-8.700000 	 0.047440 
-8.680000 	 0.389911 
-8.660000 	 -0.268581 
-8.640000 	 -0.284637 
-8.620000 	 -0.054802 
-8.600000 	 -0.136530 
-8.580000 	 0.054151 
-8.560000 	 -0.116455 
-8.540000 	 -0.314423 
-8.520000 	 0.050609 
-8.500000 	 -0.012774 
-8.480000 	 -0.134009 
-8.460000 	 -0.090257 
-8.440000 	 0.125108 
-8.420000 	 0.095527 
-8.400000 	 -0.078071 
-8.380000 	 -0.099643 
-8.360000 	 0.101702 
-8.340000 	 0.032542 
-8.320000 	 0.227474 
-8.300000 	 0.053744 
-8.280000 	 0.015771 
-8.260000 	 -0.054238 
-8.240000 	 0.253621 
-8.220000 	 0.004562 
-8.200000 	 0.181085 
-8.180000 	 0.226674 
-8.160000 	 -0.062035 
-8.140000 	 -0.004685 
-8.120000 	 -0.134991 
-8.100000 	 0.145848 
-8.080000 	 -0.178473 
-8.060000 	 0.065652 
-8.040000 	 -0.000035 
-8.020000 	 0.309273 
-8.000000 	 0.016777 
-7.980000 	 0.005234 
-7.960000 	 -0.189585 
-7.940000 	 -0.171484 
-7.920000 	 0.005472 
-7.900000 	 0.188449 
-7.880000 	 0.113002 
-7.860000 	 -0.153290 
-7.840000 	 0.153227 
-7.820000 	 0.008224 
-7.800000 	 -0.013123 
-7.780000 	 -0.020347 
-7.760000 	 0.026118 
-7.740000 	 0.048318 
-7.720000 	 0.093057 
-7.700000 	 -0.098599 
-7.680000 	 -0.220717 
-7.660000 	 -0.014717 
-7.640000 	 0.058612 
-7.620000 	 0.064329 
-7.600000 	 -0.137170 
-7.580000 	 0.084727 
-7.560000 	 -0.117844 
-7.540000 	 0.072477 
-7.520000 	 0.046246 
-7.500000 	 0.198255 
-7.480000 	 -0.034913 
-7.460000 	 0.185955 
-7.440000 	 0.126906 
-7.420000 	 0.167892 
-7.400000 	 -0.050805 
-7.380000 	 0.064874 
-7.360000 	 -0.002528 
-7.340000 	 0.014907 
-7.320000 	 0.157765 
-7.300000 	 0.137632 
-7.280000 	 -0.083968 
-7.260000 	 -0.082518 
-7.240000 	 0.136433 
-7.220000 	 -0.026779 
-7.200000 	 0.306501 
-7.180000 	 0.003687 
-7.160000 	 -0.009621 
-7.140000 	 -0.148414 
-7.120000 	 -0.002464 
-7.100000 	 -0.108209 
-7.080000 	 0.173123 
-7.060000 	 0.195493 
-7.040000 	 0.153298 
-7.020000 	 0.190855 
-7.000000 	 0.197269 
-6.980000 	 -0.106554 
-6.960000 	 0.244589 
-6.940000 	 -0.255786 
-6.920000 	 -0.188942 
-6.900000 	 -0.047905 
-6.880000 	 0.135960 
-6.860000 	 0.178458 
-6.840000 	 0.057725 
-6.820000 	 0.358243 
-6.800000 	 0.060525 
-6.780000 	 0.120593 
-6.760000 	 0.129352 
-6.740000 	 0.028152 
-6.720000 	 0.353378 
-6.700000 	 -0.028601 
-6.680000 	 0.053408 
-6.660000 	 0.242404 
-6.640000 	 0.315182 
-6.620000 	 0.153845 
-6.600000 	 0.087274 
-6.580000 	 0.427544 
-6.560000 	 0.177985 
-6.540000 	 -0.008250 
-6.520000 	 0.107689 
-6.500000 	 -0.246234 
-6.480000 	 0.134729 
-6.460000 	 0.366507 
-6.440000 	 0.161917 
-6.420000 	 0.086348 
-6.400000 	 0.195590 
-6.380000 	 0.029632 
-6.360000 	 0.242519 
-6.340000 	 -0.220553 
-6.320000 	 -0.009343 
-6.300000 	 0.078040 
-6.280000 	 0.117432 
-6.260000 	 0.147349 
-6.240000 	 0.124861 
-6.220000 	 0.128431 
-6.200000 	 0.133069 
-6.180000 	 0.114903 
-6.160000 	 0.399878 
-6.140000 	 0.274722 
-6.120000 	 0.401459 
-6.100000 	 0.318087 
-6.080000 	 0.253048 
-6.060000 	 0.135796 
-6.040000 	 0.177670 
-6.020000 	 0.364052 
-6.000000 	 0.209188 
-5.980000 	 0.412194 
-5.960000 	 0.304023 
-5.940000 	 0.118062 
-5.920000 	 0.274052 
-5.900000 	 0.172523 
-5.880000 	 0.184893 
-5.860000 	 0.309609 
-5.840000 	 0.190680 
-5.820000 	 0.206557 
-5.800000 	 0.189317 
-5.780000 	 0.380134 
-5.760000 	 0.229429 
-5.740000 	 0.451102 
-5.720000 	 0.114230 
-5.700000 	 0.062832 
-5.680000 	 0.295379 
-5.660000 	 0.463967 
-5.640000 	 0.464820 
-5.620000 	 0.202231 
-5.600000 	 0.325058 
-5.580000 	 0.302798 
-5.560000 	 0.134345 
-5.540000 	 0.318710 
-5.520000 	 0.305463 
-5.500000 	 0.400985 
-5.480000 	 0.070976 
-5.460000 	 0.319283 
-5.440000 	 0.210670 
-5.420000 	 0.546282 
-5.400000 	 0.293227 
-5.380000 	 0.060448 
-5.360000 	 0.178864 
-5.340000 	 0.377863 
-5.320000 	 0.383263 
-5.300000 	 0.554740 
-5.280000 	 0.505220 
-5.260000 	 0.157282 
-5.240000 	 0.357929 
-5.220000 	 0.360244 
-5.200000 	 0.388159 
-5.180000 	 0.155801 
-5.160000 	 0.390500 
-5.140000 	 0.395343 
-5.120000 	 0.414026 
-5.100000 	 0.364708 
-5.080000 	 0.402154 
-5.060000 	 0.387557 
-5.040000 	 0.476761 
-5.020000 	 0.600000 
-5.000000 	 0.169912 
-4.980000 	 0.368393 
-4.960000 	 0.287619 
-4.940000 	 0.236779 
-4.920000 	 0.541021 
-4.900000 	 0.463679 
-4.880000 	 0.203965 
-4.860000 	 0.410128 
-4.840000 	 0.542107 
-4.820000 	 0.073281 
-4.800000 	 0.445162 
-4.780000 	 0.404746 
-4.760000 	 0.431246 
-4.740000 	 0.204580 
-4.720000 	 0.410492 
-4.700000 	 0.540918 
-4.680000 	 0.495220 
-4.660000 	 0.574790 
-4.640000 	 0.314294 
-4.620000 	 -0.200000 
-4.600000 	 0.436170 
-4.580000 	 0.594539 
-4.560000 	 0.582995 
-4.540000 	 0.439491 
-4.520000 	 0.286705 
-4.500000 	 0.619463 
-4.480000 	 0.594951 
-4.460000 	 0.509502 
-4.440000 	 0.559489 
-4.420000 	 0.534944 
-4.400000 	 0.396739 
-4.380000 	 0.577544 
-4.360000 	 0.592371 
-4.340000 	 0.378433 
-4.320000 	 0.448245 
-4.300000 	 0.420170 
-4.280000 	 0.143577 
-4.260000 	 0.116102 
-4.240000 	 0.331463 
-4.220000 	 0.368274 
-4.200000 	 0.459167 
-4.180000 	 0.531049 
-4.160000 	 0.467993 
-4.140000 	 0.433878 
-4.120000 	 0.728403 
-4.100000 	 0.383555 
-4.080000 	 0.378870 
-4.060000 	 0.461319 
-4.040000 	 0.491175 
-4.020000 	 0.437731 
-4.000000 	 0.583995 
-3.980000 	 0.445536 
-3.960000 	 0.462810 
-3.940000 	 0.269458 
-3.920000 	 0.449556 
-3.900000 	 0.815718 
-3.880000 	 0.576667 
-3.860000 	 0.515046 
-3.840000 	 0.358416 
-3.820000 	 0.460351 
-3.800000 	 0.485636 
-3.780000 	 0.417512 
-3.760000 	 0.347997 
-3.740000 	 0.561576 
-3.720000 	 0.523861 
-3.700000 	 0.513713 
-3.680000 	 0.259227 
-3.660000 	 0.569699 
-3.640000 	 0.655181 
-3.620000 	 0.183926 
-3.600000 	 0.717224 
-3.580000 	 0.657377 
-3.560000 	 0.431835 
-3.540000 	 0.608293 
-3.520000 	 0.488968 
-3.500000 	 0.487471 
-3.480000 	 0.431648 
-3.460000 	 0.396310 
-3.440000 	 0.649038 
-3.420000 	 0.494598 
-3.400000 	 0.187491 
-3.380000 	 0.398129 
-3.360000 	 0.458473 
-3.340000 	 0.261715 
-3.320000 	 0.523322 
-3.300000 	 0.322103 
-3.280000 	 0.267899 
-3.260000 	 0.577632 
-3.240000 	 0.518592 
-3.220000 	 0.347936 
-3.200000 	 0.334782 
-3.180000 	 0.566751 
-3.160000 	 0.595182 
-3.140000 	 0.522441 
-3.120000 	 0.510908 
-3.100000 	 0.418918 
-3.080000 	 0.199665 
-3.060000 	 0.176962 
-3.040000 	 0.572935 
-3.020000 	 0.371486 
-3.000000 	 0.273493 
-2.980000 	 0.549881 
-2.960000 	 0.134808 
-2.940000 	 0.461653 
-2.920000 	 0.551240 
-2.900000 	 0.265067 
-2.880000 	 0.244405 
-2.860000 	 0.573576 
-2.840000 	 0.210279 
-2.820000 	 0.351898 
-2.800000 	 0.326267 
-2.780000 	 0.341346 
-2.760000 	 0.346144 
-2.740000 	 0.400327 
-2.720000 	 0.245006 
-2.700000 	 0.229400 
-2.680000 	 0.191418 
-2.660000 	 0.259570 
-2.640000 	 0.310630 
-2.620000 	 0.109170 
-2.600000 	 0.161670 
-2.580000 	 0.188159 
-2.560000 	 0.288079 
-2.540000 	 0.116986 
-2.520000 	 0.220156 
-2.500000 	 0.358190 
-2.480000 	 0.358466 
-2.460000 	 0.331189 
-2.440000 	 0.463889 
-2.420000 	 0.177979 
-2.400000 	 0.279758 
-2.380000 	 0.126222 
-2.360000 	 0.394832 
-2.340000 	 -0.032912 
-2.320000 	 0.468767 
-2.300000 	 0.445202 
-2.280000 	 0.467528 
-2.260000 	 0.223887 
-2.240000 	 0.581243 
-2.220000 	 0.192414 
-2.200000 	 0.298628 
-2.180000 	 0.347838 
-2.160000 	 0.273893 
-2.140000 	 0.338621 
-2.120000 	 0.474476 
-2.100000 	 0.189758 
-2.080000 	 0.250563 
-2.060000 	 0.122255 
-2.040000 	 0.198015 
-2.020000 	 0.019457 
-2.000000 	 0.553911 
-1.980000 	 0.291394 
-1.960000 	 0.403119 
-1.940000 	 0.460380 
-1.920000 	 0.169285 
-1.900000 	 -0.060443 
-1.880000 	 -0.015344 
-1.860000 	 0.318171 
-1.840000 	 0.237285 
-1.820000 	 0.267617 
-1.800000 	 0.079988 
-1.780000 	 0.264315 
-1.760000 	 0.372569 
-1.740000 	 -0.095255 
-1.720000 	 0.045174 
-1.700000 	 -0.049073 
-1.680000 	 0.265467 
-1.660000 	 0.225260 
-1.640000 	 0.239665 
-1.620000 	 0.039941 
-1.600000 	 0.450825 
-1.580000 	 0.055705 
-1.560000 	 0.162331 
-1.540000 	 0.068834 
-1.520000 	 0.102755 
-1.500000 	 0.035228 
-1.480000 	 0.193849 
-1.460000 	 0.358179 
-1.440000 	 -0.019921 
-1.420000 	 0.095439 
-1.400000 	 0.103487 
-1.380000 	 0.427553 
-1.360000 	 0.178145 
-1.340000 	 0.135246 
-1.320000 	 0.016391 
-1.300000 	 0.289952 
-1.280000 	 0.028345 
-1.260000 	 0.190876 
-1.240000 	 -0.413552 
-1.220000 	 0.159568 
-1.200000 	 0.255771 
-1.180000 	 0.023675 
-1.160000 	 0.291077 
-1.140000 	 -0.115065 
-1.120000 	 -0.070725 
-1.100000 	 0.210132 
-1.080000 	 0.211674 
-1.060000 	 0.143633 
-1.040000 	 0.404931 
-1.020000 	 -0.110255 
-1.000000 	 0.166445 
-0.980000 	 -0.015337 
-0.960000 	 0.327927 
-0.940000 	 0.007506 
-0.920000 	 -0.014749 
-0.900000 	 0.318814 
-0.880000 	 0.040133 
-0.860000 	 0.317437 
-0.840000 	 0.120223 
-0.820000 	 0.161451 
-0.800000 	 0.367588 
-0.780000 	 0.096875 
-0.760000 	 0.115373 
-0.740000 	 0.048575 
-0.720000 	 0.202429 
-0.700000 	 0.111492 
-0.680000 	 0.220642 
-0.660000 	 0.329219 
-0.640000 	 0.000093 
-0.620000 	 0.034257 
-0.600000 	 0.137857 
-0.580000 	 0.048474 
-0.560000 	 0.173618 
-0.540000 	 0.262478 
-0.520000 	 0.300312 
-0.500000 	 0.387413 
-0.480000 	 0.231814 
-0.460000 	 0.381426 
-0.440000 	 -0.146247 
-0.420000 	 0.137556 
-0.400000 	 0.176661 
-0.380000 	 0.006498 
-0.360000 	 0.274220 
-0.340000 	 0.062556 
-0.320000 	 0.398605 
-0.300000 	 -0.116849 
-0.280000 	 -0.162191 
-0.260000 	 0.029852 
-0.240000 	 0.128825 
-0.220000 	 -0.105049 
-0.200000 	 0.135972 
-0.180000 	 0.127208 
-0.160000 	 0.407078 
-0.140000 	 0.251581 
-0.120000 	 0.350225 
-0.100000 	 0.051503 
-0.080000 	 0.303688 
-0.060000 	 0.176462 
-0.040000 	 0.532937 
-0.020000 	 0.419364 
0.000000 	 0.281269 
0.020000 	 0.267366 
0.040000 	 0.424078 
0.060000 	 -0.068831 
0.080000 	 0.197771 
0.100000 	 0.184008 
0.120000 	 0.320035 
0.140000 	 0.176903 
0.160000 	 0.528958 
0.180000 	 0.284500 
0.200000 	 0.140788 
0.220000 	 0.445550 
0.240000 	 0.327351 
0.260000 	 0.433315 
0.280000 	 0.238656 
0.300000 	 0.072712 
0.320000 	 0.456656 
0.340000 	 0.217080 
0.360000 	 0.284415 
0.380000 	 0.393899 
0.400000 	 0.139833 
0.420000 	 0.215321 
0.440000 	 0.321182 
0.460000 	 0.394909 
0.480000 	 0.162746 
0.500000 	 0.304712 
0.520000 	 0.049951 
0.540000 	 0.219630 
0.560000 	 0.502468 
0.580000 	 0.435791 
0.600000 	 0.296078 
0.620000 	 0.289313 
0.640000 	 0.546140 
0.660000 	 0.330831 
0.680000 	 0.592873 
0.700000 	 0.426780 
0.720000 	 0.273091 
0.740000 	 0.459835 
0.760000 	 0.623318 
0.780000 	 0.577997 
0.800000 	 0.473780 
0.820000 	 0.319923 
0.840000 	 0.479154 
0.860000 	 0.233799 
0.880000 	 0.312434 
0.900000 	 0.546799 
0.920000 	 0.690886 
0.940000 	 0.516621 
0.960000 	 0.351621 
0.980000 	 0.562988 
1.000000 	 0.485971 
1.020000 	 0.322414 
1.040000 	 0.690952 
1.060000 	 0.577478 
1.080000 	 0.794162 
1.100000 	 0.440602 
1.120000 	 0.762337 
1.140000 	 0.744766 
1.160000 	 0.588691 
1.180000 	 0.366538 
1.200000 	 0.686205 
1.220000 	 0.283479 
1.240000 	 0.740056 
1.260000 	 0.593441 
1.280000 	 0.957525 
1.300000 	 0.710072 
1.320000 	 0.715779 
1.340000 	 0.812508 
1.360000 	 0.835241 
1.380000 	 0.848512 
1.400000 	 0.439055 
1.420000 	 0.607810 
1.440000 	 0.788121 
1.460000 	 0.815717 
1.480000 	 0.585609 
1.500000 	 0.786325 
1.520000 	 0.987727 
1.540000 	 0.831230 
1.560000 	 0.776960 
1.580000 	 0.645432 
1.600000 	 0.718180 
1.620000 	 0.764782 
1.640000 	 0.729823 
1.660000 	 0.726014 
1.680000 	 1.055329 
1.700000 	 0.981731 
1.720000 	 0.782866 
1.740000 	 0.828077 
1.760000 	 0.892608 
1.780000 	 0.773893 
1.800000 	 0.740043 
1.820000 	 0.681272 
1.840000 	 0.745193 
1.860000 	 0.998513 
1.880000 	 1.015022 
1.900000 	 0.933255 
1.920000 	 0.785578 
1.940000 	 1.045993 
1.960000 	 1.095879 
1.980000 	 1.074386 
2.000000 	 0.889439 
2.020000 	 0.975956 
2.040000 	 1.157583 
2.060000 	 1.149564 
2.080000 	 1.035568 
2.100000 	 1.035523 
2.120000 	 0.871972 
2.140000 	 1.004575 
2.160000 	 0.917962 
2.180000 	 0.937592 
2.200000 	 1.405377 
2.220000 	 1.028550 
2.240000 	 1.175984 
2.260000 	 0.824497 
2.280000 	 1.083536 
2.300000 	 1.161564 
2.320000 	 1.161463 
2.340000 	 1.189058 
2.360000 	 1.185834 
2.380000 	 1.312789 
2.400000 	 1.143361 
2.420000 	 1.245272 
2.440000 	 1.043784 
2.460000 	 1.425267 
2.480000 	 1.250144 
2.500000 	 1.430497 
2.520000 	 1.057185 
2.540000 	 1.283088 
2.560000 	 1.151436 
2.580000 	 1.147436 
2.600000 	 1.269353 
2.620000 	 1.570852 
2.640000 	 1.189239 
2.660000 	 1.419224 
2.680000 	 1.551399 
2.700000 	 1.305237 
2.720000 	 1.264943 
2.740000 	 1.428321 
2.760000 	 1.236188 
2.780000 	 1.107803 
2.800000 	 1.246553 
2.820000 	 1.355287 
2.840000 	 1.305891 
2.860000 	 1.371919 
2.880000 	 1.361815 
2.900000 	 1.299710 
2.920000 	 1.276910 
2.940000 	 1.582914 
2.960000 	 1.270699 
2.980000 	 1.390106 
3.000000 	 1.579752 
3.020000 	 1.262556 
3.040000 	 1.460940 
3.060000 	 1.316186 
3.080000 	 1.725989 
3.100000 	 1.488596 
3.120000 	 1.503947 
3.140000 	 1.442052 
3.160000 	 1.318809 
3.180000 	 1.478349 
3.200000 	 1.585584 
3.220000 	 1.508459 
3.240000 	 1.364053 
3.260000 	 1.392256 
3.280000 	 1.499142 
3.300000 	 1.769842 
3.320000 	 1.430659 
3.340000 	 1.182799 
3.360000 	 1.711534 
3.380000 	 1.547864 
3.400000 	 1.547448 
3.420000 	 1.896895 
3.440000 	 1.283642 
3.460000 	 1.732293 
3.480000 	 1.722939 
3.500000 	 1.520491 
3.520000 	 1.556477 
3.540000 	 1.804245 
3.560000 	 1.432959 
3.580000 	 1.451361 
3.600000 	 1.503546 
3.620000 	 1.500812 
3.640000 	 1.766862 
3.660000 	 1.540706 
3.680000 	 1.599865 
3.700000 	 1.773491 
3.720000 	 1.702523 
3.740000 	 1.730456 
3.760000 	 1.671267 
3.780000 	 1.588434 
3.800000 	 1.523754 
3.820000 	 1.480192 
3.840000 	 1.612833 
3.860000 	 1.539165 
3.880000 	 1.413948 
3.900000 	 1.735324 
3.920000 	 1.512108 
3.940000 	 1.733673 
3.960000 	 1.785357 
3.980000 	 1.828234 
4.000000 	 1.759465 
4.020000 	 1.682148 
4.040000 	 1.572744 
4.060000 	 1.459082 
4.080000 	 1.661785 
4.100000 	 1.690456 
4.120000 	 1.778436 
4.140000 	 1.607315 
4.160000 	 1.589724 
4.180000 	 1.392614 
4.200000 	 1.522983 
4.220000 	 1.488846 
4.240000 	 1.547861 
4.260000 	 1.501274 
4.280000 	 1.589370 
4.300000 	 1.496790 
4.320000 	 1.725269 
4.340000 	 1.630935 
4.360000 	 1.711909 
4.380000 	 1.463149 
4.400000 	 1.685877 
4.420000 	 1.605853 
4.440000 	 1.702053 
4.460000 	 1.632230 
4.480000 	 1.795601 
4.500000 	 1.909621 
4.520000 	 1.542057 
4.540000 	 1.624910 
4.560000 	 1.437148 
4.580000 	 1.412977 
4.600000 	 1.467402 
4.620000 	 1.524460 
4.640000 	 1.611907 
4.660000 	 1.677229 
4.680000 	 1.278058 
4.700000 	 1.825175 
4.720000 	 1.424132 
4.740000 	 1.369352 
4.760000 	 1.455386 
4.780000 	 1.421148 
4.800000 	 1.661709 
4.820000 	 1.455151 
4.840000 	 1.301587 
4.860000 	 1.251535 
4.880000 	 1.153195 
4.900000 	 1.538704 
4.920000 	 1.572577 
4.940000 	 1.486673 
4.960000 	 1.421355 
4.980000 	 1.227011 
5.000000 	 1.445325 
5.020000 	 1.353766 
5.040000 	 1.372463 
5.060000 	 1.278635 
5.080000 	 1.329769 
5.100000 	 1.242805 
5.120000 	 1.382552 
5.140000 	 1.540011 
5.160000 	 1.245526 
5.180000 	 1.429001 
5.200000 	 1.275761 
5.220000 	 1.578156 
5.240000 	 1.203783 
5.260000 	 1.578586 
5.280000 	 1.171985 
5.300000 	 1.419499 
5.320000 	 1.443337 
5.340000 	 1.497569 
5.360000 	 1.375070 
5.380000 	 1.272628 
5.400000 	 1.383107 
5.420000 	 1.132219 
5.440000 	 0.982492 
5.460000 	 1.369428 
5.480000 	 1.151820 
5.500000 	 1.286175 
5.520000 	 1.540730 
5.540000 	 1.141462 
5.560000 	 1.461946 
5.580000 	 1.045128 
5.600000 	 1.202622 
5.620000 	 1.189413 
5.640000 	 0.969890 
5.660000 	 1.166389 
5.680000 	 1.302926 
5.700000 	 1.111666 
5.720000 	 1.423659 
5.740000 	 0.833570 
5.760000 	 1.187282 
5.780000 	 1.124210 
5.800000 	 1.060909 
5.820000 	 0.775785 
5.840000 	 0.926588 
5.860000 	 1.029803 
5.880000 	 1.099401 
5.900000 	 1.311647 
5.920000 	 1.040434 
5.940000 	 0.841593 
5.960000 	 0.879589 
5.980000 	 1.072829 
6.000000 	 0.551196 
6.020000 	 1.138243 
6.040000 	 0.880492 
6.060000 	 0.840288 
6.080000 	 0.904507 
6.100000 	 0.891752 
6.120000 	 1.008507 
6.140000 	 1.075803 
6.160000 	 1.172931 
6.180000 	 0.826018 
6.200000 	 0.987977 
6.220000 	 0.767896 
6.240000 	 0.613925 
6.260000 	 1.004323 
6.280000 	 1.081722 
6.300000 	 0.824454 
6.320000 	 0.885469 
6.340000 	 0.728903 
6.360000 	 0.967503 
6.380000 	 1.057702 
6.400000 	 0.803749 
6.420000 	 0.549464 
6.440000 	 0.856834 
6.460000 	 0.755474 
6.480000 	 0.620318 
6.500000 	 0.291495 
6.520000 	 0.726487 
6.540000 	 0.786942 
6.560000 	 0.755533 
6.580000 	 0.414146 
6.600000 	 0.692495 
6.620000 	 1.008391 
6.640000 	 0.799783 
6.660000 	 0.597539 
6.680000 	 0.353339 
6.700000 	 0.471350 
6.720000 	 0.595764 
6.740000 	 0.869790 
6.760000 	 0.676824 
6.780000 	 0.608559 
6.800000 	 0.574399 
6.820000 	 0.301954 
6.840000 	 0.591313 
6.860000 	 0.520375 
6.880000 	 0.588740 
6.900000 	 0.660929 
6.920000 	 0.682044 
6.940000 	 0.497028 
6.960000 	 0.508995 
6.980000 	 0.479151 
7.000000 	 0.687497 
7.020000 	 0.448363 
7.040000 	 0.383479 
7.060000 	 0.706863 
7.080000 	 0.582354 
7.100000 	 0.284240 
7.120000 	 0.243813 
7.140000 	 0.403565 
7.160000 	 0.546992 
7.180000 	 0.593908 
7.200000 	 0.263502 
7.220000 	 0.508467 
7.240000 	 0.642856 
7.260000 	 0.595201 
7.280000 	 0.376044 
7.300000 	 0.426416 
7.320000 	 0.501104 
7.340000 	 0.688219 
7.360000 	 0.378546 
7.380000 	 0.111628 
7.400000 	 0.276480 
7.420000 	 0.100000 
7.440000 	 0.398981 
7.460000 	 0.099166 
7.480000 	 0.323502 
7.500000 	 0.466447 
7.520000 	 0.440180 
7.540000 	 0.293405 
7.560000 	 0.494933 
7.580000 	 0.457933 
7.600000 	 0.477614 
7.620000 	 0.233979 
7.640000 	 0.181091 
7.660000 	 0.455933 
7.680000 	 0.268754 
7.700000 	 0.427071 
7.720000 	 0.410333 
7.740000 	 0.273580 
7.760000 	 0.348972 
7.780000 	 0.299010 
7.800000 	 0.439587 
7.820000 	 0.432950 
7.840000 	 0.323723 
7.860000 	 -0.038569 
7.880000 	 0.309403 
7.900000 	 0.176312 
7.920000 	 -0.010598 
7.940000 	 0.187215 
7.960000 	 0.274609 
7.980000 	 0.033081 
8.000000 	 0.134832 
8.020000 	 0.348297 
8.040000 	 0.198005 
8.060000 	 0.364231 
8.080000 	 0.283972 
8.100000 	 0.103590 
8.120000 	 0.116246 
8.140000 	 0.294810 
8.160000 	 0.195449 
8.180000 	 0.207783 
8.200000 	 0.463922 
8.220000 	 0.053088 
8.240000 	 0.137757 
8.260000 	 0.109857 
8.280000 	 0.159623 
8.300000 	 0.295684 
8.320000 	 0.078226 
8.340000 	 -0.029355 
8.360000 	 0.129856 
8.380000 	 -0.061455 
8.400000 	 0.092696 
8.420000 	 0.041869 
8.440000 	 -0.053346 
8.460000 	 0.045420 
8.480000 	 0.319199 
8.500000 	 -0.072863 
8.520000 	 -0.025394 
8.540000 	 0.154681 
8.560000 	 0.067290 
8.580000 	 0.171924 
8.600000 	 -0.014204 
8.620000 	 0.217629 
8.640000 	 0.367063 
8.660000 	 0.121501 
8.680000 	 0.203673 
8.700000 	 -0.142357 
8.720000 	 0.186300 
8.740000 	 0.015451 
8.760000 	 0.528183 
8.780000 	 0.178521 
8.800000 	 0.090297 
8.820000 	 -0.147774 
8.840000 	 0.209289 
8.860000 	 0.467612 
8.880000 	 0.310780 
8.900000 	 -0.003419 
8.920000 	 0.013228 
8.940000 	 0.077450 
8.960000 	 0.005776 
8.980000 	 0.029414 
9.000000 	 -0.045353 
9.020000 	 0.165842 
9.040000 	 -0.073434 
9.060000 	 0.062833 
9.080000 	 0.342693 
9.100000 	 0.288668 
9.120000 	 0.154633 
9.140000 	 0.107113 
9.160000 	 0.292404 
9.180000 	 -0.048837 
9.200000 	 0.056303 
9.220000 	 -0.055277 
9.240000 	 0.203998 
9.260000 	 0.042073 
9.280000 	 0.057241 
9.300000 	 0.083276 
9.320000 	 -0.111766 
9.340000 	 0.258588 
9.360000 	 0.117604 
9.380000 	 0.027770 
9.400000 	 -0.051255 
9.420000 	 -0.068296 
9.440000 	 0.123832 
9.460000 	 -0.049939 
9.480000 	 -0.011397 
9.500000 	 0.164361 
9.520000 	 0.496513 
9.540000 	 0.021500 
9.560000 	 0.191310 
9.580000 	 0.166439 
9.600000 	 0.084589 
9.620000 	 0.098556 
9.640000 	 -0.276628 
9.660000 	 0.132083 
9.680000 	 -0.218212 
9.700000 	 0.294243 
9.720000 	 0.073203 
9.740000 	 -0.154266 
9.760000 	 -0.038960 
9.780000 	 0.034447 
9.800000 	 0.142269 
9.820000 	 0.081047 
9.840000 	 0.062677 
9.860000 	 -0.008149 
9.880000 	 -0.284126 
9.900000 	 0.094448 
9.920000 	 0.032227 
9.940000 	 0.066544 
9.960000 	 0.219164 
9.980000 	 -0.076475 
10.000000 	 0.204990 
10.020000 	 0.016302 
10.040000 	 -0.294392 
10.060000 	 -0.023874 
10.080000 	 0.051042 
10.100000 	 0.055907 
10.120000 	 0.069907 
10.140000 	 -0.091329 
10.160000 	 -0.057524 
10.180000 	 -0.077990 
10.200000 	 -0.101578 
10.220000 	 0.053030 
10.240000 	 -0.003847 
10.260000 	 0.072869 
10.280000 	 -0.106212 
10.300000 	 0.014888 
10.320000 	 0.086517 
10.340000 	 0.098237 
10.360000 	 -0.044514 
10.380000 	 -0.022193 
10.400000 	 -0.174699 
10.420000 	 0.088958 
10.440000 	 -0.049213 
10.460000 	 0.331738 
10.480000 	 -0.122389 
10.500000 	 0.302353 
10.520000 	 0.217146 
10.540000 	 -0.000352 
10.560000 	 0.039486 
10.580000 	 0.062718 
10.600000 	 0.371621 
10.620000 	 0.108041 
10.640000 	 -0.349574 
10.660000 	 0.164724 
10.680000 	 0.123748 
10.700000 	 0.033206 
10.720000 	 0.112439 
10.740000 	 0.024193 
10.760000 	 0.150921 
10.780000 	 -0.220698 
10.800000 	 -0.136001 
10.820000 	 -0.007937 
10.840000 	 0.136801 
10.860000 	 0.121349 
10.880000 	 0.201347 
10.900000 	 0.170098 
10.920000 	 0.034186 
10.940000 	 -0.229485 
10.960000 	 -0.048975 
10.980000 	 -0.266830 
11.000000 	 0.108019 
11.020000 	 0.249451 
11.040000 	 -0.202861 
11.060000 	 -0.266760 
11.080000 	 0.037003 
11.100000 	 0.084086 
11.120000 	 0.052608 
11.140000 	 -0.249040 
11.160000 	 0.223634 
11.180000 	 -0.074282 
11.200000 	 0.293738 
11.220000 	 0.130052 
11.240000 	 -0.022211 
11.260000 	 0.364831 
11.280000 	 0.017869 
11.300000 	 -0.143990 
11.320000 	 0.037577 
11.340000 	 0.067175 
11.360000 	 -0.313285 
11.380000 	 -0.150915 
11.400000 	 0.261066 
11.420000 	 -0.239529 
11.440000 	 0.111937 
11.460000 	 -0.137697 
11.480000 	 -0.386980 
11.500000 	 0.110020 
11.520000 	 0.250618 
11.540000 	 -0.029992 
11.560000 	 -0.210774 
11.580000 	 -0.031343 
11.600000 	 0.179690 
11.620000 	 -0.047590 
11.640000 	 0.111479 
11.660000 	 -0.008499 
11.680000 	 0.098750 
11.700000 	 -0.035550 
11.720000 	 0.354707 
11.740000 	 0.060383 
11.760000 	 0.091459 
11.780000 	 0.075259 
11.800000 	 -0.033203 
11.820000 	 -0.130560 
11.840000 	 -0.072441 
11.860000 	 -0.240307 
11.880000 	 -0.045193 
11.900000 	 -0.084141 
11.920000 	 0.026697 
11.940000 	 0.000764 
11.960000 	 0.077611 
11.980000 	 0.063184 
12.000000 	 -0.014551 
12.020000 	 0.035145 
12.040000 	 0.213974 
12.060000 	 -0.086608 
12.080000 	 -0.164979 
12.100000 	 -0.012299 
12.120000 	 -0.029621 
12.140000 	 0.140713 
12.160000 	 0.060778 
12.180000 	 -0.021021 
12.200000 	 -0.246209 
12.220000 	 -0.073089 
12.240000 	 -0.029729 
12.260000 	 0.174970 
12.280000 	 0.174351 
12.300000 	 -0.087567 
12.320000 	 0.357360 
12.340000 	 0.075569 
12.360000 	 0.150948 
12.380000 	 -0.044320 
12.400000 	 0.172437 
12.420000 	 -0.244617 
12.440000 	 -0.375544 
12.460000 	 0.151177 
12.480000 	 0.062309 
12.500000 	 -0.002708 
12.520000 	 0.055425 
12.540000 	 -0.204087 
12.560000 	 -0.015350 
12.580000 	 0.181130 
12.600000 	 -0.125958 
12.620000 	 -0.083120 
12.640000 	 0.339896 
12.660000 	 -0.044610 
12.680000 	 0.012970 
12.700000 	 0.132108 
12.720000 	 0.083532 
12.740000 	 0.094972 
12.760000 	 0.026407 
12.780000 	 0.154219 
12.800000 	 0.003657 
12.820000 	 0.165260 
12.840000 	 -0.281670 
12.860000 	 0.013650 
12.880000 	 0.023998 
12.900000 	 0.252613 
12.920000 	 0.061921 
12.940000 	 0.042076 
12.960000 	 0.175830 
12.980000 	 -0.119774 
13.000000 	 0.165935 
13.020000 	 0.036222 
13.040000 	 -0.143255 
13.060000 	 -0.005354 
13.080000 	 -0.302704 
13.100000 	 0.109158 
13.120000 	 -0.018177 
13.140000 	 0.058243 
13.160000 	 -0.006030 
13.180000 	 0.103698 
13.200000 	 0.205631 
13.220000 	 -0.026770 
13.240000 	 -0.234099 
13.260000 	 0.105287 
13.280000 	 0.038765 
13.300000 	 -0.250009 
13.320000 	 -0.088228 
13.340000 	 -0.100716 
13.360000 	 0.129928 
13.380000 	 -0.039836 
13.400000 	 0.089790 
13.420000 	 -0.016368 
13.440000 	 -0.005751 
13.460000 	 0.117143 
13.480000 	 0.021607 
13.500000 	 0.034840 
13.520000 	 0.166460 
13.540000 	 0.047518 
13.560000 	 0.174013 
13.580000 	 -0.199922 
13.600000 	 0.024905 
13.620000 	 -0.031760 
13.640000 	 -0.054042 
13.660000 	 0.135941 
13.680000 	 0.322044 
13.700000 	 -0.021999 
13.720000 	 -0.261100 
13.740000 	 -0.034211 
13.760000 	 0.210609 
13.780000 	 0.060345 
13.800000 	 -0.168017 
13.820000 	 -0.465971 
13.840000 	 0.319641 
13.860000 	 -0.066032 
13.880000 	 0.049056 
13.900000 	 -0.234753 
13.920000 	 -0.256810 
13.940000 	 0.072574 
13.960000 	 0.098071 
13.980000 	 -0.162205 
14.000000 	 -0.321071 
14.020000 	 -0.195966 
14.040000 	 0.025845 
14.060000 	 -0.026909 
14.080000 	 0.047921 
14.100000 	 -0.409002 
14.120000 	 0.107655 
14.140000 	 -0.043680 
14.160000 	 0.046248 
14.180000 	 0.247599 
14.200000 	 -0.235638 
14.220000 	 -0.083268 
14.240000 	 -0.031389 
14.260000 	 -0.000044 
14.280000 	 0.150956 
14.300000 	 -0.110702 
14.320000 	 0.010132 
14.340000 	 -0.075860 
14.360000 	 -0.176762 
14.380000 	 -0.117085 
14.400000 	 0.109965 
14.420000 	 0.217164 
14.440000 	 0.026355 
14.460000 	 0.000637 
14.480000 	 0.080406 
14.500000 	 0.080790 
14.520000 	 -0.003858 
14.540000 	 -0.140287 
14.560000 	 0.065805 
14.580000 	 0.034042 
14.600000 	 -0.142783 
14.620000 	 -0.195061 
14.640000 	 -0.219998 
14.660000 	 0.032274 
14.680000 	 -0.126509 
14.700000 	 -0.316887 
14.720000 	 0.194478 
14.740000 	 -0.082949 
14.760000 	 0.032789 
14.780000 	 0.011828 
14.800000 	 0.063449 
14.820000 	 -0.098977 
14.840000 	 -0.026761 
14.860000 	 -0.101138 
14.880000 	 0.195691 
14.900000 	 -0.206350 
14.920000 	 -0.099328 
14.940000 	 -0.155331 
14.960000 	 0.004827 
14.980000 	 -0.185272 
15.000000 	 0.085163 
