-15.000000 	 -0.055119 
-14.980000 	 0.123151 
-14.960000 	 -0.093887 
-14.940000 	 -0.067584 
-14.920000 	 -0.194081 
-14.900000 	 -0.059955 
-14.880000 	 -0.054143 
-14.860000 	 -0.196185 
-14.840000 	 0.166215 
-14.820000 	 0.087166 
-14.800000 	 0.102562 
-14.780000 	 0.024728 
-14.760000 	 -0.038561 
-14.740000 	 0.093659 
-14.720000 	 -0.059775 
-14.700000 	 0.346578 
-14.680000 	 0.199132 
-14.660000 	 -0.244527 
-14.640000 	 -0.047439 
-14.620000 	 0.214074 
-14.600000 	 -0.157508 
-14.580000 	 -0.180578 
-14.560000 	 -0.077201 
-14.540000 	 -0.000947 
-14.520000 	 -0.044502 
-14.500000 	 -0.102134 
-14.480000 	 -0.001117 
-14.460000 	 0.105124 
-14.440000 	 -0.127753 
-14.420000 	 0.050795 
-14.400000 	 -0.240535 
-14.380000 	 0.110862 
-14.360000 	 0.027924 
-14.340000 	 -0.147841 
-14.320000 	 -0.401215 
-14.300000 	 -0.095519 
-14.280000 	 -0.349605 
-14.260000 	 -0.154326 
-14.240000 	 -0.073596 
-14.220000 	 -0.068154 
-14.200000 	 -0.064017 
-14.180000 	 0.348252 
-14.160000 	 -0.073679 
-14.140000 	 -0.006147 
-14.120000 	 -0.082134 
-14.100000 	 -0.065263 
-14.080000 	 -0.323530 
-14.060000 	 -0.156576 
-14.040000 	 -0.168366 
-14.020000 	 0.197680 
-14.000000 	 -0.183139 
-13.980000 	 -0.034621 
-13.960000 	 0.325877 
-13.940000 	 0.007846 
-13.920000 	 0.138879 
-13.900000 	 -0.187627 
-13.880000 	 0.124726 
-13.860000 	 -0.008692 
-13.840000 	 0.139167 
-13.820000 	 0.147455 
-13.800000 	 0.151024 
-13.780000 	 -0.025514 
-13.760000 	 -0.196352 
-13.740000 	 -0.047196 
-13.720000 	 0.140117 
-13.700000 	 -0.045582 
-13.680000 	 -0.018459 
-13.660000 	 0.093196 
-13.640000 	 0.054858 
-13.620000 	 0.151570 
-13.600000 	 -0.077396 
-13.580000 	 -0.213991 
-13.560000 	 -0.036803 
-13.540000 	 0.092142 
-13.520000 	 0.012390 
-13.500000 	 0.102214 
-13.480000 	 -0.061299 
-13.460000 	 -0.084622 
-13.440000 	 -0.007378 
-13.420000 	 0.061900 
-13.400000 	 0.384207 
-13.380000 	 0.349072 
-13.360000 	 -0.104568 
-13.340000 	 0.140326 
-13.320000 	 0.042941 
-13.300000 	 0.011175 
-13.280000 	 -0.127904 
-13.260000 	 0.089078 
-13.240000 	 0.039061 
-13.220000 	 0.069444 
-13.200000 	 -0.096915 
-13.180000 	 -0.018418 
-13.160000 	 -0.300814 
-13.140000 	 -0.042485 
-13.120000 	 0.154699 
-13.100000 	 0.268091 
-13.080000 	 0.006764 
-13.060000 	 0.182515 
-13.040000 	 0.002747 
-13.020000 	 0.030608 
-13.000000 	 0.224328 
-12.980000 	 -0.218705 
-12.960000 	 -0.034410 
-12.940000 	 -0.141283 
-12.920000 	 -0.073492 
-12.900000 	 0.180266 
-12.880000 	 0.021982 
-12.860000 	 -0.022746 
-12.840000 	 -0.111963 
-12.820000 	 -0.190825 
-12.800000 	 -0.168636 
-12.780000 	 0.087032 
-12.760000 	 0.267547 
-12.740000 	 0.426369 
-12.720000 	 -0.039856 
-12.700000 	 -0.116489 
-12.680000 	 -0.039878 
-12.660000 	 -0.135080 
-12.640000 	 -0.010202 
-12.620000 	 -0.178721 
-12.600000 	 -0.239403 
-12.580000 	 0.043905 
-12.560000 	 -0.101775 
-12.540000 	 -0.260154 
-12.520000 	 0.344231 
-12.500000 	 -0.121581 
-12.480000 	 -0.085426 
-12.460000 	 0.128635 
-12.440000 	 -0.113616 
-12.420000 	 -0.018416 
-12.400000 	 -0.035749 
-12.380000 	 -0.142872 
-12.360000 	 -0.340763 
-12.340000 	 -0.183060 
-12.320000 	 -0.227051 
-12.300000 	 -0.079141 
-12.280000 	 0.175719 
-12.260000 	 0.167883 
-12.240000 	 -0.038756 
-12.220000 	 -0.152827 
-12.200000 	 -0.107242 
-12.180000 	 0.191515 
-12.160000 	 0.516851 
-12.140000 	 -0.101412 
-12.120000 	 -0.048960 
-12.100000 	 -0.151661 
-12.080000 	 -0.077214 
-12.060000 	 -0.179993 
-12.040000 	 0.362878 
-12.020000 	 0.240526 
-12.000000 	 0.076907 
-11.980000 	 0.085972 
-11.960000 	 -0.134794 
-11.940000 	 -0.407714 
-11.920000 	 -0.122178 
-11.900000 	 0.025717 
-11.880000 	 0.118241 
-11.860000 	 0.070277 
-11.840000 	 -0.019045 
-11.820000 	 0.065763 
-11.800000 	 0.088939 
-11.780000 	 -0.083728 
-11.760000 	 0.064115 
-11.740000 	 -0.195657 
-11.720000 	 0.214541 
-11.700000 	 0.472134 
-11.680000 	 -0.240685 
-11.660000 	 -0.146183 
-11.640000 	 -0.017535 
-11.620000 	 -0.227845 
-11.600000 	 0.270631 
-11.580000 	 0.112973 
-11.560000 	 0.096685 
-11.540000 	 -0.160961 
-11.520000 	 -0.247841 
-11.500000 	 0.232496 
-11.480000 	 -0.072684 
-11.460000 	 0.163133 
-11.440000 	 0.059779 
-11.420000 	 -0.260823 
-11.400000 	 -0.014529 
-11.380000 	 0.026195 
-11.360000 	 -0.054399 
-11.340000 	 -0.024323 
-11.320000 	 -0.061057 
-11.300000 	 -0.237340 
-11.280000 	 0.165201 
-11.260000 	 0.125409 
-11.240000 	 -0.036458 
-11.220000 	 0.104756 
-11.200000 	 -0.035932 
-11.180000 	 0.046214 
-11.160000 	 0.085819 
-11.140000 	 -0.055770 
-11.120000 	 0.200406 
-11.100000 	 0.065037 
-11.080000 	 0.021577 
-11.060000 	 -0.021578 
-11.040000 	 -0.354878 
-11.020000 	 0.106297 
-11.000000 	 0.116562 
-10.980000 	 0.246825 
-10.960000 	 0.032895 
-10.940000 	 0.282705 
-10.920000 	 -0.111824 
-10.900000 	 0.266584 
-10.880000 	 -0.050276 
-10.860000 	 -0.107659 
-10.840000 	 -0.018552 
-10.820000 	 -0.090691 
-10.800000 	 0.061337 
-10.780000 	 0.146968 
-10.760000 	 -0.030258 
-10.740000 	 -0.060466 
-10.720000 	 -0.158479 
-10.700000 	 0.253734 
-10.680000 	 -0.260207 
-10.660000 	 0.059830 
-10.640000 	 -0.233320 
-10.620000 	 0.026297 
-10.600000 	 -0.014465 
-10.580000 	 0.096607 
-10.560000 	 -0.044265 
-10.540000 	 0.130217 
-10.520000 	 0.153039 
-10.500000 	 -0.043930 
-10.480000 	 0.004806 
-10.460000 	 0.134909 
-10.440000 	 0.307693 
-10.420000 	 -0.244249 
-10.400000 	 -0.040767 
-10.380000 	 -0.061469 
-10.360000 	 -0.004978 
-10.340000 	 0.159520 
-10.320000 	 -0.100641 
-10.300000 	 0.223606 
-10.280000 	 0.053078 
-10.260000 	 -0.259056 
-10.240000 	 0.307855 
-10.220000 	 0.160636 
-10.200000 	 0.027006 
-10.180000 	 0.151407 
-10.160000 	 -0.134599 
-10.140000 	 -0.067793 
-10.120000 	 0.006860 
-10.100000 	 -0.021185 
-10.080000 	 -0.246740 
-10.060000 	 0.090990 
-10.040000 	 -0.140065 
-10.020000 	 0.241713 
-10.000000 	 0.138239 
-9.980000 	 0.133988 
-9.960000 	 0.043611 
-9.940000 	 0.059529 
-9.920000 	 -0.059594 
-9.900000 	 -0.063894 
-9.880000 	 0.062862 
-9.860000 	 0.269478 
-9.840000 	 -0.053126 
-9.820000 	 0.064300 
-9.800000 	 -0.266878 
-9.780000 	 0.022653 
-9.760000 	 -0.169938 
-9.740000 	 -0.182463 
-9.720000 	 -0.085636 
-9.700000 	 -0.132136 
-9.680000 	 -0.279396 
-9.660000 	 -0.040552 
-9.640000 	 -0.003395 
-9.620000 	 0.216185 
-9.600000 	 0.104843 
-9.580000 	 0.025126 
-9.560000 	 0.012316 
-9.540000 	 0.207115 
-9.520000 	 -0.171425 
-9.500000 	 -0.158524 
-9.480000 	 -0.263994 
-9.460000 	 0.171078 
-9.440000 	 -0.135308 
-9.420000 	 0.033272 
-9.400000 	 -0.108756 
-9.380000 	 -0.122909 
-9.360000 	 -0.022284 
-9.340000 	 0.107272 
-9.320000 	 0.079162 
-9.300000 	 -0.202371 
-9.280000 	 -0.197230 
-9.260000 	 0.073572 
-9.240000 	 -0.187555 
-9.220000 	 0.175759 
-9.200000 	 -0.079063 
-9.180000 	 0.359932 
-9.160000 	 -0.078979 
-9.140000 	 -0.000982 
-9.120000 	 0.065262 
-9.100000 	 0.138787 
-9.080000 	 -0.055704 
-9.060000 	 -0.065282 
-9.040000 	 -0.101155 
-9.020000 	 -0.017621 
-9.000000 	 -0.014272 
-8.980000 	 -0.167597 
-8.960000 	 -0.059635 
-8.940000 	 -0.115523 
-8.920000 	 0.079133 
-8.900000 	 -0.015339 
-8.880000 	 0.128595 
-8.860000 	 -0.259322 
-8.840000 	 0.259232 
-8.820000 	 0.162821 
-8.800000 	 -0.071353 
-8.780000 	 -0.049082 
-8.760000 	 -0.004990 
-8.740000 	 0.182442 
-8.720000 	 0.065320 
-8.700000 	 -0.138745 
-8.680000 	 -0.033571 
-8.660000 	 0.006993 
-8.640000 	 0.031613 
-8.620000 	 -0.143649 
-8.600000 	 0.060607 
-8.580000 	 -0.126260 
-8.560000 	 0.112405 
-8.540000 	 0.182572 
-8.520000 	 0.132903 
-8.500000 	 -0.046771 
-8.480000 	 0.016315 
-8.460000 	 0.163338 
-8.440000 	 0.026836 
-8.420000 	 0.143142 
-8.400000 	 0.288569 
-8.380000 	 0.001104 
-8.360000 	 0.186970 
-8.340000 	 -0.035380 
-8.320000 	 0.394298 
-8.300000 	 -0.033090 
-8.280000 	 0.296500 
-8.260000 	 -0.006461 
-8.240000 	 0.046331 
-8.220000 	 0.216712 
-8.200000 	 0.070982 
-8.180000 	 0.150356 
-8.160000 	 -0.013377 
-8.140000 	 -0.259004 
-8.120000 	 0.172482 
-8.100000 	 -0.114686 
-8.080000 	 0.139405 
-8.060000 	 0.127654 
-8.040000 	 -0.209899 
-8.020000 	 -0.060015 
-8.000000 	 0.120782 
-7.980000 	 0.005421 
-7.960000 	 -0.027115 
-7.940000 	 0.246338 
-7.920000 	 0.126324 
-7.900000 	 0.080708 
-7.880000 	 -0.049216 
-7.860000 	 0.025051 
-7.840000 	 -0.012317 
-7.820000 	 0.052148 
-7.800000 	 -0.084384 
-7.780000 	 0.078157 
-7.760000 	 0.227506 
-7.740000 	 -0.095216 
-7.720000 	 -0.057941 
-7.700000 	 0.035558 
-7.680000 	 0.049118 
-7.660000 	 0.012752 
-7.640000 	 0.272970 
-7.620000 	 0.365660 
-7.600000 	 -0.127176 
-7.580000 	 -0.058074 
-7.560000 	 0.268485 
-7.540000 	 -0.060140 
-7.520000 	 0.004692 
-7.500000 	 -0.189435 
-7.480000 	 0.470374 
-7.460000 	 0.161502 
-7.440000 	 0.019319 
-7.420000 	 -0.238671 
-7.400000 	 0.167150 
-7.380000 	 -0.123643 
-7.360000 	 0.202602 
-7.340000 	 0.049163 
-7.320000 	 0.211736 
-7.300000 	 -0.086723 
-7.280000 	 -0.096433 
-7.260000 	 0.066013 
-7.240000 	 -0.015452 
-7.220000 	 0.318258 
-7.200000 	 -0.106857 
-7.180000 	 0.173820 
-7.160000 	 0.137139 
-7.140000 	 0.014180 
-7.120000 	 0.387223 
-7.100000 	 0.093798 
-7.080000 	 0.103782 
-7.060000 	 -0.014655 
-7.040000 	 0.034525 
-7.020000 	 0.110336 
-7.000000 	 0.222787 
-6.980000 	 -0.082280 
-6.960000 	 -0.049277 
-6.940000 	 0.122259 
-6.920000 	 0.040266 
-6.900000 	 0.123526 
-6.880000 	 0.073145 
-6.860000 	 -0.036580 
-6.840000 	 -0.052638 
-6.820000 	 -0.173411 
-6.800000 	 0.064461 
-6.780000 	 -0.096116 
-6.760000 	 0.081257 
-6.740000 	 -0.057039 
-6.720000 	 -0.103169 
-6.700000 	 0.113554 
-6.680000 	 -0.233431 
-6.660000 	 0.010015 
-6.640000 	 0.220461 
-6.620000 	 0.288618 
-6.600000 	 0.216389 
-6.580000 	 0.052094 
-6.560000 	 0.206273 
-6.540000 	 0.004546 
-6.520000 	 -0.041785 
-6.500000 	 -0.028807 
-6.480000 	 0.277786 
-6.460000 	 -0.210735 
-6.440000 	 0.141157 
-6.420000 	 -0.246420 
-6.400000 	 0.312850 
-6.380000 	 0.453320 
-6.360000 	 -0.041847 
-6.340000 	 0.372687 
-6.320000 	 0.269615 
-6.300000 	 0.151313 
-6.280000 	 0.061224 
-6.260000 	 0.362168 
-6.240000 	 0.194095 
-6.220000 	 0.130634 
-6.200000 	 0.245203 
-6.180000 	 0.022425 
-6.160000 	 0.029407 
-6.140000 	 -0.100846 
-6.120000 	 0.077460 
-6.100000 	 0.340081 
-6.080000 	 0.091236 
-6.060000 	 -0.032233 
-6.040000 	 0.371376 
-6.020000 	 0.354254 
-6.000000 	 0.201265 
-5.980000 	 0.301982 
-5.960000 	 0.161040 
-5.940000 	 0.448979 
-5.920000 	 0.188820 
-5.900000 	 0.129687 
-5.880000 	 0.217331 
-5.860000 	 0.085081 
-5.840000 	 0.409981 
-5.820000 	 0.305438 
-5.800000 	 0.154599 
-5.780000 	 -0.168282 
-5.760000 	 0.283833 
-5.740000 	 0.211821 
-5.720000 	 0.274790 
-5.700000 	 0.169056 
-5.680000 	 0.244033 
-5.660000 	 -0.080323 
-5.640000 	 0.131588 
-5.620000 	 0.567634 
-5.600000 	 0.487727 
-5.580000 	 0.386629 
-5.560000 	 0.067708 
-5.540000 	 0.407608 
-5.520000 	 0.338959 
-5.500000 	 0.487377 
-5.480000 	 0.267269 
-5.460000 	 0.291707 
-5.440000 	 0.494003 
-5.420000 	 0.375994 
-5.400000 	 0.359312 
-5.380000 	 0.382167 
-5.360000 	 0.380888 
-5.340000 	 0.546954 
-5.320000 	 0.110516 
-5.300000 	 0.146939 
-5.280000 	 0.410999 
-5.260000 	 0.299970 
-5.240000 	 0.269422 
-5.220000 	 0.402074 
-5.200000 	 0.160585 
-5.180000 	 0.659621 
-5.160000 	 0.534961 
-5.140000 	 0.418678 
-5.120000 	 0.307271 
-5.100000 	 0.426266 
-5.080000 	 0.129136 
-5.060000 	 0.237244 
-5.040000 	 0.541356 
-5.020000 	 0.169874 
-5.000000 	 0.442417 
-4.980000 	 0.461588 
-4.960000 	 0.592068 
-4.940000 	 0.527815 
-4.920000 	 0.307786 
-4.900000 	 0.210633 
-4.880000 	 0.378324 
-4.860000 	 0.411731 
-4.840000 	 0.393254 
-4.820000 	 0.417344 
-4.800000 	 0.445167 
-4.780000 	 0.186582 
-4.760000 	 0.541316 
-4.740000 	 0.439375 
-4.720000 	 0.334341 
-4.700000 	 0.385139 
-4.680000 	 0.309811 
-4.660000 	 0.347751 
-4.640000 	 0.345460 
-4.620000 	 0.573875 
-4.600000 	 0.469780 
-4.580000 	 0.436182 
-4.560000 	 0.393629 
-4.540000 	 0.371181 
-4.520000 	 0.491962 
-4.500000 	 0.582506 
-4.480000 	 0.333342 
-4.460000 	 0.660966 
-4.440000 	 0.644253 
-4.420000 	 0.553961 
-4.400000 	 0.679723 
-4.380000 	 0.527500 
-4.360000 	 0.574453 
-4.340000 	 0.569896 
-4.320000 	 0.579379 
-4.300000 	 0.155700 
-4.280000 	 0.397095 
-4.260000 	 0.651814 
-4.240000 	 0.700592 
-4.220000 	 0.474928 
-4.200000 	 0.308513 
-4.180000 	 0.873053 
-4.160000 	 0.438893 
-4.140000 	 0.210626 
-4.120000 	 0.593826 
-4.100000 	 0.569520 
-4.080000 	 0.375940 
-4.060000 	 0.766113 
-4.040000 	 0.434291 
-4.020000 	 0.421957 
-4.000000 	 0.367192 
-3.980000 	 0.471483 
-3.960000 	 0.540570 
-3.940000 	 0.439714 
-3.920000 	 0.670676 
-3.900000 	 0.651084 
-3.880000 	 0.644597 
-3.860000 	 0.275942 
-3.840000 	 0.507282 
-3.820000 	 0.224234 
-3.800000 	 0.378991 
-3.780000 	 0.569794 
-3.760000 	 0.519686 
-3.740000 	 0.540324 
-3.720000 	 0.568832 
-3.700000 	 0.748008 
-3.680000 	 0.806663 
-3.660000 	 0.745377 
-3.640000 	 0.484784 
-3.620000 	 0.324186 
-3.600000 	 0.436667 
-3.580000 	 0.300817 
-3.560000 	 0.583194 
-3.540000 	 0.227482 
-3.520000 	 0.272637 
-3.500000 	 0.677097 
-3.480000 	 0.716315 
-3.460000 	 0.570975 
-3.440000 	 0.326494 
-3.420000 	 0.455120 
-3.400000 	 0.396485 
-3.380000 	 0.605684 
-3.360000 	 0.444161 
-3.340000 	 0.530423 
-3.320000 	 0.275737 
-3.300000 	 0.301776 
-3.280000 	 0.357171 
-3.260000 	 0.452411 
-3.240000 	 0.387238 
-3.220000 	 0.586207 
-3.200000 	 0.523284 
-3.180000 	 0.491513 
-3.160000 	 0.684811 
-3.140000 	 0.509025 
-3.120000 	 0.123271 
-3.100000 	 0.549098 
-3.080000 	 0.308047 
-3.060000 	 0.626542 
-3.040000 	 0.432951 
-3.020000 	 0.440363 
-3.000000 	 0.440799 
-2.980000 	 0.255158 
-2.960000 	 0.349353 
-2.940000 	 0.519703 
-2.920000 	 0.398930 
-2.900000 	 0.472088 
-2.880000 	 0.219862 
-2.860000 	 0.462589 
-2.840000 	 0.348132 
-2.820000 	 0.185047 
-2.800000 	 0.336756 
-2.780000 	 0.373423 
-2.760000 	 -0.018824 
-2.740000 	 0.563922 
-2.720000 	 0.335911 
-2.700000 	 0.335491 
-2.680000 	 0.528962 
-2.660000 	 0.315760 
-2.640000 	 0.238377 
-2.620000 	 0.260549 
-2.600000 	 0.564427 
-2.580000 	 0.022514 
-2.560000 	 0.176378 
-2.540000 	 0.309657 
-2.520000 	 0.165727 
-2.500000 	 -0.002410 
-2.480000 	 0.387384 
-2.460000 	 0.282670 
-2.440000 	 0.119197 
-2.420000 	 0.411742 
-2.400000 	 0.101643 
-2.380000 	 0.219985 
-2.360000 	 0.271492 
-2.340000 	 0.446564 
-2.320000 	 0.175487 
-2.300000 	 0.343048 
-2.280000 	 0.237076 
-2.260000 	 -0.354532 
-2.240000 	 0.415927 
-2.220000 	 0.222278 
-2.200000 	 0.328701 
-2.180000 	 0.267392 
-2.160000 	 0.386323 
-2.140000 	 0.256716 
-2.120000 	 0.443291 
-2.100000 	 0.182798 
-2.080000 	 0.241734 
-2.060000 	 0.244275 
-2.040000 	 0.270113 
-2.020000 	 0.402228 
-2.000000 	 -0.042995 
-1.980000 	 0.074318 
-1.960000 	 0.066229 
-1.940000 	 -0.095535 
-1.920000 	 0.326658 
-1.900000 	 -0.053910 
-1.880000 	 0.282274 
-1.860000 	 0.107324 
-1.840000 	 0.151801 
-1.820000 	 0.518119 
-1.800000 	 0.316937 
-1.780000 	 0.097720 
-1.760000 	 0.090623 
-1.740000 	 -0.129708 
-1.720000 	 0.039033 
-1.700000 	 0.165077 
-1.680000 	 0.153815 
-1.660000 	 0.522930 
-1.640000 	 0.260126 
-1.620000 	 0.189619 
-1.600000 	 0.149520 
-1.580000 	 0.426692 
-1.560000 	 0.111039 
-1.540000 	 0.240328 
-1.520000 	 0.237792 
-1.500000 	 0.101721 
-1.480000 	 0.339574 
-1.460000 	 0.157451 
-1.440000 	 0.312321 
-1.420000 	 0.110881 
-1.400000 	 0.280998 
-1.380000 	 0.170531 
-1.360000 	 0.044296 
-1.340000 	 0.114476 
-1.320000 	 0.196514 
-1.300000 	 0.325658 
-1.280000 	 0.288851 
-1.260000 	 0.331593 
-1.240000 	 0.186730 
-1.220000 	 -0.019067 
-1.200000 	 0.247238 
-1.180000 	 0.144189 
-1.160000 	 0.017047 
-1.140000 	 0.366415 
-1.120000 	 -0.109618 
-1.100000 	 0.128346 
-1.080000 	 0.096691 
-1.060000 	 0.175991 
-1.040000 	 0.176924 
-1.020000 	 0.147313 
-1.000000 	 0.273928 
-0.980000 	 0.537791 
-0.960000 	 -0.090969 
-0.940000 	 0.186455 
-0.920000 	 0.115791 
-0.900000 	 -0.100000 
-0.880000 	 0.285062 
-0.860000 	 -0.004634 
-0.840000 	 0.093228 
-0.820000 	 0.316334 
-0.800000 	 0.347183 
-0.780000 	 0.097375 
-0.760000 	 0.163479 
-0.740000 	 0.185735 
-0.720000 	 0.101677 
-0.700000 	 0.298069 
-0.680000 	 -0.299286 
-0.660000 	 0.056320 
-0.640000 	 -0.124963 
-0.620000 	 0.163625 
-0.600000 	 0.064112 
-0.580000 	 0.120990 
-0.560000 	 0.103530 
-0.540000 	 0.338838 
-0.520000 	 0.084023 
-0.500000 	 0.047189 
-0.480000 	 -0.007714 
-0.460000 	 0.251556 
-0.440000 	 0.266354 
-0.420000 	 0.067303 
-0.400000 	 0.138187 
-0.380000 	 0.356516 
-0.360000 	 0.076955 
-0.340000 	 0.176725 
-0.320000 	 0.106712 
-0.300000 	 0.237849 
-0.280000 	 0.288077 
-0.260000 	 0.238313 
-0.240000 	 0.131195 
-0.220000 	 0.225656 
-0.200000 	 -0.039529 
-0.180000 	 0.562555 
-0.160000 	 0.283013 
-0.140000 	 0.195095 
-0.120000 	 0.091924 
-0.100000 	 0.313755 
-0.080000 	 0.347195 
-0.060000 	 0.296291 
-0.040000 	 0.113733 
-0.020000 	 0.325303 
0.000000 	 0.304145 
0.020000 	 0.178310 
0.040000 	 0.014137 
0.060000 	 -0.125714 
0.080000 	 0.198436 
0.100000 	 0.008163 
0.120000 	 0.073800 
0.140000 	 0.255783 
0.160000 	 0.371126 
0.180000 	 0.322503 
0.200000 	 0.230710 
0.220000 	 0.900000 
0.240000 	 0.093243 
0.260000 	 0.217213 
0.280000 	 -0.159280 
0.300000 	 0.311696 
0.320000 	 0.157326 
0.340000 	 0.330012 
0.360000 	 0.340266 
0.380000 	 0.029971 
0.400000 	 0.317816 
0.420000 	 0.509820 
0.440000 	 0.380466 
0.460000 	 0.241353 
0.480000 	 0.495978 
0.500000 	 0.147143 
0.520000 	 0.348787 
0.540000 	 0.473145 
0.560000 	 0.253555 
0.580000 	 0.571276 
0.600000 	 0.290912 
0.620000 	 0.405472 
0.640000 	 0.778686 
0.660000 	 0.538340 
0.680000 	 0.288996 
0.700000 	 0.593215 
0.720000 	 0.075888 
0.740000 	 0.462188 
0.760000 	 0.435934 
0.780000 	 0.530329 
0.800000 	 0.610664 
0.820000 	 0.641253 
0.840000 	 0.338963 
0.860000 	 0.455944 
0.880000 	 0.374849 
0.900000 	 0.596997 
0.920000 	 0.675557 
0.940000 	 0.540820 
0.960000 	 0.601290 
0.980000 	 0.372926 
1.000000 	 0.424773 
1.020000 	 0.475080 
1.040000 	 0.872791 
1.060000 	 0.368953 
1.080000 	 0.616185 
1.100000 	 0.179755 
1.120000 	 0.595967 
1.140000 	 0.500679 
1.160000 	 0.519452 
1.180000 	 0.512253 
1.200000 	 0.830425 
1.220000 	 0.717261 
1.240000 	 0.899906 
1.260000 	 0.601190 
1.280000 	 0.881044 
1.300000 	 0.670127 
1.320000 	 0.693729 
1.340000 	 0.762543 
1.360000 	 0.891385 
1.380000 	 0.553104 
1.400000 	 0.319070 
1.420000 	 0.784366 
1.440000 	 0.654837 
1.460000 	 0.611331 
1.480000 	 0.915048 
1.500000 	 0.698238 
1.520000 	 0.582778 
1.540000 	 0.717525 
1.560000 	 0.589980 
1.580000 	 0.764917 
1.600000 	 0.854036 
1.620000 	 0.671134 
1.640000 	 0.912533 
1.660000 	 0.867634 
1.680000 	 0.893238 
1.700000 	 0.813814 
1.720000 	 0.860180 
1.740000 	 0.790730 
1.760000 	 0.670300 
1.780000 	 0.581225 
1.800000 	 0.998074 
1.820000 	 0.691613 
1.840000 	 1.208787 
1.860000 	 0.878951 
1.880000 	 0.830093 
1.900000 	 0.825566 
1.920000 	 0.808583 
1.940000 	 0.730662 
1.960000 	 1.019096 
1.980000 	 1.103073 
2.000000 	 1.069438 
2.020000 	 1.199802 
2.040000 	 0.766721 
2.060000 	 1.039196 
2.080000 	 1.161720 
2.100000 	 1.034479 
2.120000 	 1.231611 
2.140000 	 1.000430 
2.160000 	 0.940624 
2.180000 	 1.142932 
2.200000 	 0.972879 
2.220000 	 1.047230 
2.240000 	 1.111101 
2.260000 	 1.250695 
2.280000 	 1.155372 
2.300000 	 0.940049 
2.320000 	 1.270273 
2.340000 	 1.256846 
2.360000 	 1.179901 
2.380000 	 1.074275 
2.400000 	 1.282529 
2.420000 	 1.053226 
2.440000 	 1.117546 
2.460000 	 1.398280 
2.480000 	 1.297821 
2.500000 	 1.174076 
2.520000 	 1.495297 
2.540000 	 1.063597 
2.560000 	 1.495816 
2.580000 	 1.100309 
2.600000 	 1.508709 
2.620000 	 1.230654 
2.640000 	 1.534811 
2.660000 	 1.330662 
2.680000 	 1.617600 
2.700000 	 1.074229 
2.720000 	 1.135131 
2.740000 	 1.425059 
2.760000 	 1.364254 
2.780000 	 1.299554 
2.800000 	 1.249067 
2.820000 	 1.262475 
2.840000 	 1.367816 
2.860000 	 1.550019 
2.880000 	 1.700044 
2.900000 	 1.553048 
2.920000 	 1.581061 
2.940000 	 1.448905 
2.960000 	 1.453907 
2.980000 	 1.732869 
3.000000 	 1.294717 
3.020000 	 1.303156 
3.040000 	 1.447996 
3.060000 	 1.430773 
3.080000 	 1.461362 
3.100000 	 1.267818 
3.120000 	 1.438204 
3.140000 	 1.657392 
3.160000 	 1.278445 
3.180000 	 1.636428 
3.200000 	 1.242664 
3.220000 	 1.391802 
3.240000 	 1.244931 
3.260000 	 1.397909 
3.280000 	 1.576187 
3.300000 	 1.677805 
3.320000 	 1.364199 
3.340000 	 1.348374 
3.360000 	 1.391607 
3.380000 	 1.606946 
3.400000 	 1.663221 
3.420000 	 1.306607 
3.440000 	 1.595978 
3.460000 	 1.564687 
3.480000 	 1.686780 
3.500000 	 1.284587 
3.520000 	 1.317942 
3.540000 	 1.777601 
3.560000 	 1.839097 
3.580000 	 1.405406 
3.600000 	 1.518018 
3.620000 	 1.872842 
3.640000 	 1.519698 
3.660000 	 1.446191 
3.680000 	 1.530605 
3.700000 	 1.328848 
3.720000 	 1.798934 
3.740000 	 1.659390 
3.760000 	 1.926166 
3.780000 	 1.779460 
3.800000 	 1.480376 
3.820000 	 1.663027 
3.840000 	 1.385519 
3.860000 	 1.685691 
3.880000 	 1.753447 
3.900000 	 1.636593 
3.920000 	 1.349108 
3.940000 	 1.715997 
3.960000 	 1.612199 
3.980000 	 1.603153 
4.000000 	 1.586334 
4.020000 	 1.505778 
4.040000 	 1.537760 
4.060000 	 1.410781 
4.080000 	 1.568372 
4.100000 	 1.551047 
4.120000 	 1.592779 
4.140000 	 1.415688 
4.160000 	 1.728211 
4.180000 	 1.497341 
4.200000 	 1.560055 
4.220000 	 1.679524 
4.240000 	 1.367643 
4.260000 	 1.927412 
4.280000 	 1.821803 
4.300000 	 1.449779 
4.320000 	 1.669864 
4.340000 	 1.636590 
4.360000 	 1.488277 
4.380000 	 1.754238 
4.400000 	 1.485650 
4.420000 	 1.393028 
4.440000 	 1.381522 
4.460000 	 1.514844 
4.480000 	 1.324179 
4.500000 	 1.555378 
4.520000 	 1.363004 
4.540000 	 1.501485 
4.560000 	 1.392232 
4.580000 	 1.474399 
4.600000 	 1.258835 
4.620000 	 1.475201 
4.640000 	 1.313899 
4.660000 	 1.293198 
4.680000 	 1.613286 
4.700000 	 1.547942 
4.720000 	 1.407890 
4.740000 	 1.484018 
4.760000 	 1.536141 
4.780000 	 1.552826 
4.800000 	 1.560261 
4.820000 	 1.199969 
4.840000 	 1.368797 
4.860000 	 1.359591 
4.880000 	 1.754079 
4.900000 	 1.688795 
4.920000 	 1.489299 
4.940000 	 1.448816 
4.960000 	 1.578340 
4.980000 	 1.320566 
5.000000 	 1.493563 
5.020000 	 1.339735 
5.040000 	 1.218222 
5.060000 	 1.363727 
5.080000 	 1.158091 
5.100000 	 1.231723 
5.120000 	 1.272649 
5.140000 	 1.757514 
5.160000 	 1.619917 
5.180000 	 1.377401 
5.200000 	 1.405216 
5.220000 	 1.167915 
5.240000 	 0.985047 
5.260000 	 1.191257 
5.280000 	 1.141137 
5.300000 	 1.242015 
5.320000 	 1.373622 
5.340000 	 1.616863 
5.360000 	 1.291672 
5.380000 	 1.028668 
5.400000 	 1.363916 
5.420000 	 1.314557 
5.440000 	 1.138418 
5.460000 	 1.359794 
5.480000 	 1.408332 
5.500000 	 1.064272 
5.520000 	 1.424740 
5.540000 	 1.301384 
5.560000 	 1.101963 
5.580000 	 1.087042 
5.600000 	 1.079248 
5.620000 	 1.187372 
5.640000 	 1.527799 
5.660000 	 1.192188 
5.680000 	 1.285591 
5.700000 	 0.990034 
5.720000 	 0.718422 
5.740000 	 1.142672 
5.760000 	 1.278574 
5.780000 	 1.043523 
5.800000 	 1.024237 
5.820000 	 1.118088 
5.840000 	 0.956077 
5.860000 	 1.017558 
5.880000 	 1.070280 
5.900000 	 0.949901 
5.920000 	 0.960456 
5.940000 	 0.923718 
5.960000 	 0.893939 
5.980000 	 0.952177 
6.000000 	 1.192186 
6.020000 	 0.857767 
6.040000 	 1.045882 
6.060000 	 0.829612 
6.080000 	 1.212875 
6.100000 	 0.840506 
6.120000 	 1.105708 
6.140000 	 0.809097 
6.160000 	 0.942268 
6.180000 	 0.829924 
6.200000 	 0.893873 
6.220000 	 0.715303 
6.240000 	 0.929294 
6.260000 	 0.881687 
6.280000 	 0.669331 
6.300000 	 0.595089 
6.320000 	 0.781271 
6.340000 	 0.708541 
6.360000 	 0.740929 
6.380000 	 0.710981 
6.400000 	 0.476459 
6.420000 	 0.734045 
6.440000 	 0.620482 
6.460000 	 0.866066 
6.480000 	 0.529590 
6.500000 	 0.662605 
6.520000 	 0.814630 
6.540000 	 0.836897 
6.560000 	 0.580782 
6.580000 	 0.932428 
6.600000 	 0.564888 
6.620000 	 0.591493 
6.640000 	 0.883933 
6.660000 	 0.860826 
6.680000 	 0.712757 
6.700000 	 0.660896 
6.720000 	 0.454236 
6.740000 	 0.925971 
6.760000 	 0.499206 
6.780000 	 0.573919 
6.800000 	 0.390510 
6.820000 	 0.498177 
6.840000 	 0.626551 
6.860000 	 0.530249 
6.880000 	 0.468108 
6.900000 	 0.763501 
6.920000 	 0.464072 
6.940000 	 0.594490 
6.960000 	 0.404804 
6.980000 	 0.507039 
7.000000 	 0.503132 
7.020000 	 0.641492 
7.040000 	 0.677494 
7.060000 	 0.479226 
7.080000 	 0.496134 
7.100000 	 0.458007 
7.120000 	 0.565030 
7.140000 	 0.521634 
7.160000 	 0.430308 
7.180000 	 0.584987 
7.200000 	 0.289887 
7.220000 	 0.252357 
7.240000 	 0.298012 
7.260000 	 0.176166 
7.280000 	 0.580189 
7.300000 	 0.321788 
7.320000 	 0.246837 
7.340000 	 0.446130 
7.360000 	 0.348104 
7.380000 	 0.372001 
7.400000 	 0.408650 
7.420000 	 0.348380 
7.440000 	 0.509081 
7.460000 	 0.438049 
7.480000 	 0.432347 
7.500000 	 0.447556 
7.520000 	 0.401299 
7.540000 	 0.091750 
7.560000 	 0.187824 
7.580000 	 0.236454 
7.600000 	 0.544844 
7.620000 	 0.424046 
7.640000 	 0.277065 
7.660000 	 0.425058 
7.680000 	 0.127200 
7.700000 	 0.250993 
7.720000 	 0.078570 
7.740000 	 0.275589 
7.760000 	 0.054441 
7.780000 	 0.368810 
7.800000 	 0.265827 
7.820000 	 0.358065 
7.840000 	 0.312871 
7.860000 	 0.295407 
7.880000 	 0.229731 
7.900000 	 0.399863 
7.920000 	 0.469320 
7.940000 	 0.145504 
7.960000 	 0.353107 
7.980000 	 0.321196 
8.000000 	 0.158236 
8.020000 	 0.171459 
8.040000 	 0.228672 
8.060000 	 0.422304 
8.080000 	 0.228323 
8.100000 	 0.044101 
8.120000 	 0.158484 
8.140000 	 0.368496 
8.160000 	 0.256542 
8.180000 	 -0.208946 
8.200000 	 0.155036 
8.220000 	 0.042204 
8.240000 	 0.105122 
8.260000 	 0.274570 
8.280000 	 0.115830 
8.300000 	 0.177294 
8.320000 	 0.463480 
8.340000 	 0.279923 
8.360000 	 0.459687 
8.380000 	 -0.061713 
8.400000 	 0.279872 
8.420000 	 0.207213 
8.440000 	 0.153186 
8.460000 	 0.412875 
8.480000 	 0.022760 
8.500000 	 0.088478 
8.520000 	 -0.100000 
8.540000 	 -0.063594 
8.560000 	 0.181514 
8.580000 	 0.101732 
8.600000 	 -0.060957 
8.620000 	 0.102875 
8.640000 	 0.106687 
8.660000 	 0.163937 
8.680000 	 0.222996 
8.700000 	 0.085540 
8.720000 	 0.175165 
8.740000 	 0.069003 
8.760000 	 0.099996 
8.780000 	 0.014705 
8.800000 	 0.324068 
8.820000 	 -0.016581 
8.840000 	 0.182408 
8.860000 	 0.034695 
8.880000 	 0.220255 
8.900000 	 -0.152011 
8.920000 	 0.278466 
8.940000 	 0.075414 
8.960000 	 0.056038 
8.980000 	 0.035038 
9.000000 	 0.218358 
9.020000 	 -0.034873 
9.040000 	 0.386733 
9.060000 	 0.056213 
9.080000 	 0.211801 
9.100000 	 0.272171 
9.120000 	 0.184965 
9.140000 	 -0.022485 
9.160000 	 0.124770 
9.180000 	 0.104110 
9.200000 	 -0.101743 
9.220000 	 0.107531 
9.240000 	 -0.040088 
9.260000 	 -0.042869 
9.280000 	 0.381340 
9.300000 	 0.116748 
9.320000 	 0.158292 
9.340000 	 0.205644 
9.360000 	 0.066184 
9.380000 	 -0.010203 
9.400000 	 -0.003722 
9.420000 	 -0.231916 
9.440000 	 -0.014533 
9.460000 	 -0.074403 
9.480000 	 -0.234543 
9.500000 	 -0.059494 
9.520000 	 -0.042808 
9.540000 	 -0.060294 
9.560000 	 -0.032730 
9.580000 	 -0.125711 
9.600000 	 -0.051876 
9.620000 	 -0.137279 
9.640000 	 -0.057025 
9.660000 	 -0.099212 
9.680000 	 -0.139784 
9.700000 	 -0.084409 
9.720000 	 0.128642 
9.740000 	 0.004747 
9.760000 	 0.197364 
9.780000 	 0.027581 
9.800000 	 0.081746 
9.820000 	 -0.158693 
9.840000 	 0.186293 
9.860000 	 -0.030453 
9.880000 	 -0.200640 
9.900000 	 -0.291740 
9.920000 	 0.037851 
9.940000 	 -0.077854 
9.960000 	 -0.013994 
9.980000 	 0.111338 
10.000000 	 0.134374 
10.020000 	 -0.199022 
10.040000 	 -0.302248 
10.060000 	 -0.019715 
10.080000 	 0.228198 
10.100000 	 0.138842 
10.120000 	 0.171353 
10.140000 	 -0.044680 
10.160000 	 0.393212 
10.180000 	 0.282163 
10.200000 	 -0.010555 
10.220000 	 0.434099 
10.240000 	 0.186092 
10.260000 	 -0.161615 
10.280000 	 -0.219934 
10.300000 	 0.018385 
10.320000 	 -0.066435 
10.340000 	 -0.029682 
10.360000 	 -0.009061 
10.380000 	 0.140970 
10.400000 	 0.007286 
10.420000 	 0.097437 
10.440000 	 0.110767 
10.460000 	 -0.049127 
10.480000 	 0.054263 
10.500000 	 -0.201356 
10.520000 	 0.093978 
10.540000 	 0.091201 
10.560000 	 0.033677 
10.580000 	 0.037606 
10.600000 	 0.070026 
10.620000 	 0.064840 
10.640000 	 0.082137 
10.660000 	 0.130951 
10.680000 	 -0.159702 
10.700000 	 -0.079006 
10.720000 	 -0.212718 
10.740000 	 -0.235040 
10.760000 	 0.169426 
10.780000 	 0.076048 
10.800000 	 -0.253495 
10.820000 	 0.001467 
10.840000 	 0.233149 
10.860000 	 -0.006455 
10.880000 	 0.213813 
10.900000 	 0.226252 
10.920000 	 -0.006683 
10.940000 	 0.109404 
10.960000 	 -0.027843 
10.980000 	 0.183858 
11.000000 	 0.001008 
11.020000 	 0.081296 
11.040000 	 -0.027611 
11.060000 	 -0.041765 
11.080000 	 0.113401 
11.100000 	 0.226281 
11.120000 	 0.180018 
11.140000 	 0.076300 
11.160000 	 0.167638 
11.180000 	 -0.012469 
11.200000 	 -0.120080 
11.220000 	 0.101779 
11.240000 	 0.049602 
11.260000 	 -0.060538 
11.280000 	 0.087380 
11.300000 	 -0.128463 
11.320000 	 0.170915 
11.340000 	 0.077527 
11.360000 	 -0.127168 
11.380000 	 -0.290985 
11.400000 	 -0.069612 
11.420000 	 -0.128147 
11.440000 	 0.082265 
11.460000 	 0.186049 
11.480000 	 -0.174051 
11.500000 	 -0.008328 
11.520000 	 -0.000034 
11.540000 	 0.023570 
11.560000 	 -0.243745 
11.580000 	 -0.113812 
11.600000 	 -0.159858 
11.620000 	 -0.061434 
11.640000 	 0.123963 
11.660000 	 0.088556 
11.680000 	 0.211200 
11.700000 	 0.066830 
11.720000 	 -0.283687 
11.740000 	 -0.024988 
11.760000 	 0.237111 
11.780000 	 -0.006877 
11.800000 	 0.066863 
11.820000 	 0.025581 
11.840000 	 -0.046970 
11.860000 	 -0.081326 
11.880000 	 0.400000 
11.900000 	 0.153494 
11.920000 	 0.252552 
11.940000 	 0.117475 
11.960000 	 0.164825 
11.980000 	 0.230273 
12.000000 	 0.024571 
12.020000 	 0.122897 
12.040000 	 0.191294 
12.060000 	 -0.075453 
12.080000 	 0.040446 
12.100000 	 -0.183276 
12.120000 	 -0.240161 
12.140000 	 -0.054176 
12.160000 	 0.177616 
12.180000 	 -0.004987 
12.200000 	 0.003914 
12.220000 	 0.183089 
12.240000 	 0.070182 
12.260000 	 -0.121008 
12.280000 	 0.355506 
12.300000 	 0.234384 
12.320000 	 -0.147095 
12.340000 	 -0.123651 
12.360000 	 -0.098084 
12.380000 	 -0.280254 
12.400000 	 0.088146 
12.420000 	 -0.128689 
12.440000 	 0.056684 
12.460000 	 -0.271155 
12.480000 	 0.031574 
12.500000 	 0.086144 
12.520000 	 0.090784 
12.540000 	 -0.127042 
12.560000 	 0.157032 
12.580000 	 -0.097539 
12.600000 	 -0.095105 
12.620000 	 -0.025904 
12.640000 	 -0.071772 
12.660000 	 -0.072010 
12.680000 	 -0.044143 
12.700000 	 -0.324523 
12.720000 	 0.046329 
12.740000 	 -0.135695 
12.760000 	 -0.019040 
12.780000 	 0.319331 
12.800000 	 0.292535 
12.820000 	 -0.016048 
12.840000 	 0.070990 
12.860000 	 0.068543 
12.880000 	 0.094364 
12.900000 	 0.004913 
12.920000 	 -0.044846 
12.940000 	 0.059336 
12.960000 	 -0.170815 
12.980000 	 -0.129050 
13.000000 	 -0.077929 
13.020000 	 0.211616 
13.040000 	 0.287334 
13.060000 	 -0.271394 
13.080000 	 0.347890 
13.100000 	 -0.216626 
13.120000 	 0.165985 
13.140000 	 0.167247 
13.160000 	 -0.227584 
13.180000 	 0.048139 
13.200000 	 -0.334883 
13.220000 	 -0.024676 
13.240000 	 0.017731 
13.260000 	 0.030693 
13.280000 	 -0.060404 
13.300000 	 -0.075528 
13.320000 	 -0.008375 
13.340000 	 0.206680 
13.360000 	 0.107607 
13.380000 	 0.111054 
13.400000 	 0.008080 
13.420000 	 0.082612 
13.440000 	 0.327240 
13.460000 	 -0.052329 
13.480000 	 0.150182 
13.500000 	 -0.048665 
13.520000 	 -0.234334 
13.540000 	 0.097077 
13.560000 	 0.177218 
13.580000 	 0.112420 
13.600000 	 0.068314 
13.620000 	 -0.190221 
13.640000 	 0.237106 
13.660000 	 -0.035414 
13.680000 	 -0.039069 
13.700000 	 -0.058412 
13.720000 	 -0.115298 
13.740000 	 -0.114564 
13.760000 	 -0.050076 
13.780000 	 0.169904 
13.800000 	 -0.025715 
13.820000 	 -0.287343 
13.840000 	 0.007610 
13.860000 	 0.045637 
13.880000 	 -0.087665 
13.900000 	 0.381738 
13.920000 	 -0.009186 
13.940000 	 -0.068933 
13.960000 	 -0.074393 
13.980000 	 -0.163655 
14.000000 	 -0.227874 
14.020000 	 -0.026199 
14.040000 	 0.068819 
14.060000 	 0.149454 
14.080000 	 -0.027211 
14.100000 	 0.127553 
14.120000 	 -0.387095 
14.140000 	 0.141156 
14.160000 	 -0.095707 
14.180000 	 0.019695 
14.200000 	 -0.125190 
14.220000 	 -0.151386 
14.240000 	 -0.137051 
14.260000 	 0.137895 
14.280000 	 -0.066159 
14.300000 	 0.055845 
14.320000 	 -0.219499 
14.340000 	 0.104943 
14.360000 	 -0.113505 
14.380000 	 -0.015444 
14.400000 	 0.046255 
14.420000 	 0.030814 
14.440000 	 0.019804 
14.460000 	 -0.192522 
14.480000 	 0.112517 
14.500000 	 0.225673 
14.520000 	 0.099644 
14.540000 	 -0.082656 
14.560000 	 -0.248711 
14.580000 	 -0.064158 
14.600000 	 0.045721 
14.620000 	 -0.229756 
14.640000 	 0.098337 
14.660000 	 -0.181332 
14.680000 	 0.170870 
14.700000 	 -0.007512 
14.720000 	 -0.089350 
14.740000 	 -0.200555 
14.760000 	 -0.148206 
14.780000 	 0.149204 
14.800000 	 0.112173 
14.820000 	 0.115113 
14.840000 	 0.049773 
14.860000 	 -0.259261 
14.880000 	 0.500000 
14.900000 	 0.150676 
14.920000 	 -0.160162 
14.940000 	 -0.159179 
14.960000 	 0.010307 
14.980000 	 -0.046440 
15.000000 	 0.111412 
