-15.000000 	 0.174086 
-14.980000 	 0.001439 
-14.960000 	 0.153577 
-14.940000 	 -0.064722 
-14.920000 	 0.079779 
-14.900000 	 0.297727 
-14.880000 	 0.236118 
-14.860000 	 -0.067887 
-14.840000 	 0.007841 
-14.820000 	 0.121702 
-14.800000 	 -0.020413 
-14.780000 	 -0.070259 
-14.760000 	 -0.140866 
-14.740000 	 -0.026317 
-14.720000 	 0.256425 
-14.700000 	 0.050213 
-14.680000 	 0.057265 
-14.660000 	 -0.106765 
-14.640000 	 -0.143453 
-14.620000 	 -0.122431 
-14.600000 	 0.053792 
-14.580000 	 -0.137167 
-14.560000 	 -0.062711 
-14.540000 	 -0.240300 
-14.520000 	 -0.225662 
-14.500000 	 0.053381 
-14.480000 	 -0.021444 
-14.460000 	 -0.062679 
-14.440000 	 -0.156385 
-14.420000 	 0.197348 
-14.400000 	 0.007669 
-14.380000 	 -0.239751 
-14.360000 	 0.095013 
-14.340000 	 0.162820 
-14.320000 	 0.027023 
-14.300000 	 -0.038806 
-14.280000 	 -0.104335 
-14.260000 	 -0.094013 
-14.240000 	 0.062435 
-14.220000 	 -0.036587 
-14.200000 	 -0.102667 
-14.180000 	 -0.021333 
-14.160000 	 0.064713 
-14.140000 	 -0.096051 
-14.120000 	 -0.163834 
-14.100000 	 -0.055734 
-14.080000 	 0.242986 
-14.060000 	 -0.044049 
-14.040000 	 -0.198702 
-14.020000 	 0.144173 
-14.000000 	 -0.027996 
-13.980000 	 -0.079218 
-13.960000 	 -0.246155 
-13.940000 	 -0.065770 
-13.920000 	 -0.116758 
-13.900000 	 -0.126508 
-13.880000 	 0.041716 
-13.860000 	 0.128810 
-13.840000 	 -0.045122 
-13.820000 	 -0.055596 
-13.800000 	 0.123401 
-13.780000 	 -0.001158 
-13.760000 	 0.055404 
-13.740000 	 0.041769 
-13.720000 	 -0.170308 
-13.700000 	 -0.081388 
-13.680000 	 -0.086280 
-13.660000 	 0.165428 
-13.640000 	 -0.161245 
-13.620000 	 -0.008895 
-13.600000 	 -0.043372 
-13.580000 	 0.182419 
-13.560000 	 -0.122170 
-13.540000 	 0.123109 
-13.520000 	 -0.062310 
-13.500000 	 -0.046347 
-13.480000 	 0.135054 
-13.460000 	 -0.019961 
-13.440000 	 0.318096 
-13.420000 	 -0.094404 
-13.400000 	 -0.225801 
-13.380000 	 0.031447 
-13.360000 	 0.081040 
-13.340000 	 0.220198 
-13.320000 	 -0.157002 
-13.300000 	 0.065373 
-13.280000 	 -0.049113 
-13.260000 	 0.034750 
-13.240000 	 0.238638 
-13.220000 	 0.152571 
-13.200000 	 0.189069 
-13.180000 	 0.405133 
-13.160000 	 -0.325847 
-13.140000 	 0.050091 
-13.120000 	 -0.147947 
-13.100000 	 0.123848 
-13.080000 	 -0.134998 
-13.060000 	 0.026681 
-13.040000 	 -0.221548 
-13.020000 	 0.186301 
-13.000000 	 0.044541 
-12.980000 	 0.050903 
-12.960000 	 0.015263 
-12.940000 	 -0.054631 
-12.920000 	 0.123424 
-12.900000 	 0.221271 
-12.880000 	 -0.102861 
-12.860000 	 -0.051611 
-12.840000 	 0.182996 
-12.820000 	 0.071337 
-12.800000 	 0.076455 
-12.780000 	 0.095336 
-12.760000 	 -0.005670 
-12.740000 	 0.079455 
-12.720000 	 -0.124413 
-12.700000 	 0.221527 
-12.680000 	 -0.221561 
-12.660000 	 -0.119897 
-12.640000 	 0.017480 
-12.620000 	 -0.214209 
-12.600000 	 -0.036991 
-12.580000 	 -0.019658 
-12.560000 	 -0.096196 
-12.540000 	 0.069451 
-12.520000 	 -0.057560 
-12.500000 	 0.032839 
-12.480000 	 0.166437 
-12.460000 	 0.101442 
-12.440000 	 0.012647 
-12.420000 	 -0.108592 
-12.400000 	 0.121127 
-12.380000 	 0.039364 
-12.360000 	 0.123426 
-12.340000 	 -0.030542 
-12.320000 	 -0.106565 
-12.300000 	 -0.300000 
-12.280000 	 0.012103 
-12.260000 	 0.096124 
-12.240000 	 -0.060662 
-12.220000 	 -0.094133 
-12.200000 	 -0.052951 
-12.180000 	 0.090888 
-12.160000 	 0.141581 
-12.140000 	 0.029311 
-12.120000 	 -0.184374 
-12.100000 	 0.121766 
-12.080000 	 0.157909 
-12.060000 	 0.329156 
-12.040000 	 -0.079612 
-12.020000 	 0.171851 
-12.000000 	 0.159451 
-11.980000 	 0.050701 
-11.960000 	 -0.273717 
-11.940000 	 0.215168 
-11.920000 	 -0.001519 
-11.900000 	 0.081308 
-11.880000 	 0.095016 
-11.860000 	 0.058729 
-11.840000 	 -0.049206 
-11.820000 	 -0.111438 
-11.800000 	 0.069543 
-11.780000 	 0.013322 
-11.760000 	 -0.104214 
-11.740000 	 0.169930 
-11.720000 	 0.118356 
-11.700000 	 -0.061182 
-11.680000 	 -0.141433 
-11.660000 	 -0.287316 
-11.640000 	 -0.464620 
-11.620000 	 0.111485 
-11.600000 	 0.001739 
-11.580000 	 -0.037788 
-11.560000 	 0.034365 
-11.540000 	 0.091624 
-11.520000 	 0.132774 
-11.500000 	 -0.128374 
-11.480000 	 -0.075643 
-11.460000 	 0.283243 
-11.440000 	 -0.081451 
-11.420000 	 -0.168998 
-11.400000 	 -0.035767 
-11.380000 	 0.142167 
-11.360000 	 -0.297115 
-11.340000 	 0.025784 
-11.320000 	 -0.254795 
-11.300000 	 0.067754 
-11.280000 	 -0.038221 
-11.260000 	 -0.283202 
-11.240000 	 -0.076163 
-11.220000 	 -0.074387 
-11.200000 	 -0.096136 
-11.180000 	 -0.010801 
-11.160000 	 0.090941 
-11.140000 	 -0.036926 
-11.120000 	 0.331669 
-11.100000 	 -0.415827 
-11.080000 	 0.080358 
-11.060000 	 0.019940 
-11.040000 	 0.340558 
-11.020000 	 0.141344 
-11.000000 	 -0.188728 
-10.980000 	 -0.095314 
-10.960000 	 -0.140210 
-10.940000 	 0.028905 
-10.920000 	 -0.121665 
-10.900000 	 -0.243616 
-10.880000 	 -0.038930 
-10.860000 	 0.118748 
-10.840000 	 -0.125049 
-10.820000 	 -0.021163 
-10.800000 	 0.036315 
-10.780000 	 0.106771 
-10.760000 	 -0.020424 
-10.740000 	 -0.230727 
-10.720000 	 -0.107034 
-10.700000 	 -0.025654 
-10.680000 	 -0.100976 
-10.660000 	 -0.166717 
-10.640000 	 -0.229944 
-10.620000 	 -0.210254 
-10.600000 	 -0.068701 
-10.580000 	 0.362191 
-10.560000 	 -0.028766 
-10.540000 	 0.067607 
-10.520000 	 0.149540 
-10.500000 	 0.025472 
-10.480000 	 0.034853 
-10.460000 	 -0.011977 
-10.440000 	 -0.063716 
-10.420000 	 -0.018165 
-10.400000 	 -0.111836 
-10.380000 	 0.031019 
-10.360000 	 0.131400 
-10.340000 	 -0.111171 
-10.320000 	 -0.267429 
-10.300000 	 -0.102158 
-10.280000 	 -0.119331 
-10.260000 	 0.065224 
-10.240000 	 0.105563 
-10.220000 	 0.143959 
-10.200000 	 0.056398 
-10.180000 	 0.134733 
-10.160000 	 0.006387 
-10.140000 	 -0.039702 
-10.120000 	 -0.175887 
-10.100000 	 -0.135663 
-10.080000 	 -0.240186 
-10.060000 	 -0.098267 
-10.040000 	 0.083815 
-10.020000 	 -0.066041 
-10.000000 	 -0.068685 
-9.980000 	 0.201875 
-9.960000 	 -0.293406 
-9.940000 	 -0.102535 
-9.920000 	 0.050837 
-9.900000 	 -0.114527 
-9.880000 	 -0.067760 
-9.860000 	 -0.118440 
-9.840000 	 -0.068106 
-9.820000 	 0.007060 
-9.800000 	 0.049020 
-9.780000 	 -0.082820 
-9.760000 	 0.023180 
-9.740000 	 -0.256499 
-9.720000 	 0.003485 
-9.700000 	 -0.005487 
-9.680000 	 0.105175 
-9.660000 	 0.141714 
-9.640000 	 0.030439 
-9.620000 	 -0.002237 
-9.600000 	 -0.225304 
-9.580000 	 -0.011723 
-9.560000 	 0.327764 
-9.540000 	 -0.060632 
-9.520000 	 0.062061 
-9.500000 	 -0.242317 
-9.480000 	 0.108388 
-9.460000 	 0.256899 
-9.440000 	 0.175709 
-9.420000 	 -0.106286 
-9.400000 	 0.125501 
-9.380000 	 0.155862 
-9.360000 	 0.225684 
-9.340000 	 -0.266404 
-9.320000 	 -0.228068 
-9.300000 	 -0.129073 
-9.280000 	 0.247264 
-9.260000 	 0.055834 
-9.240000 	 0.273413 
-9.220000 	 0.026118 
-9.200000 	 -0.084046 
-9.180000 	 0.049444 
-9.160000 	 -0.163839 
-9.140000 	 0.119370 
-9.120000 	 -0.010531 
-9.100000 	 -0.140331 
-9.080000 	 -0.088203 
-9.060000 	 -0.386551 
-9.040000 	 -0.029777 
-9.020000 	 0.104691 
-9.000000 	 0.161808 
-8.980000 	 0.036236 
-8.960000 	 0.070835 
-8.940000 	 -0.031113 
-8.920000 	 -0.018777 
-8.900000 	 0.077367 
-8.880000 	 0.017660 
-8.860000 	 -0.192253 
-8.840000 	 0.089394 
-8.820000 	 0.056975 
-8.800000 	 0.081358 
-8.780000 	 -0.021218 
-8.760000 	 0.129949 
-8.740000 	 0.000962 
-8.720000 	 0.044447 
-8.700000 	 -0.081078 
-8.680000 	 -0.189760 
-8.660000 	 0.325643 
-8.640000 	 -0.198180 
-8.620000 	 0.109831 
-8.600000 	 0.233216 
-8.580000 	 -0.040967 
-8.560000 	 0.316081 
-8.540000 	 -0.191734 
-8.520000 	 -0.127139 
-8.500000 	 -0.210146 
-8.480000 	 -0.010817 
-8.460000 	 0.040274 
-8.440000 	 -0.070617 
-8.420000 	 0.221148 
-8.400000 	 -0.360659 
-8.380000 	 -0.170355 
-8.360000 	 -0.268088 
-8.340000 	 0.162623 
-8.320000 	 -0.047004 
-8.300000 	 0.127802 
-8.280000 	 -0.026155 
-8.260000 	 0.069318 
-8.240000 	 -0.183447 
-8.220000 	 0.058766 
-8.200000 	 -0.106716 
-8.180000 	 0.172313 
-8.160000 	 -0.157802 
-8.140000 	 -0.064888 
-8.120000 	 0.141837 
-8.100000 	 0.146411 
-8.080000 	 0.142863 
-8.060000 	 -0.096720 
-8.040000 	 0.049409 
-8.020000 	 -0.015269 
-8.000000 	 -0.090732 
-7.980000 	 0.061373 
-7.960000 	 0.008416 
-7.940000 	 -0.005560 
-7.920000 	 -0.099744 
-7.900000 	 -0.044591 
-7.880000 	 0.311143 
-7.860000 	 -0.088178 
-7.840000 	 -0.024881 
-7.820000 	 0.083701 
-7.800000 	 0.181415 
-7.780000 	 0.039821 
-7.760000 	 -0.155124 
-7.740000 	 0.257167 
-7.720000 	 0.054870 
-7.700000 	 -0.032019 
-7.680000 	 0.306475 
-7.660000 	 -0.152862 
-7.640000 	 0.071767 
-7.620000 	 0.121278 
-7.600000 	 -0.041983 
-7.580000 	 -0.156588 
-7.560000 	 0.171706 
-7.540000 	 0.065146 
-7.520000 	 0.020478 
-7.500000 	 0.096065 
-7.480000 	 -0.007762 
-7.460000 	 -0.038436 
-7.440000 	 0.061152 
-7.420000 	 0.000665 
-7.400000 	 0.035659 
-7.380000 	 0.059898 
-7.360000 	 -0.036907 
-7.340000 	 0.167550 
-7.320000 	 0.309466 
-7.300000 	 -0.079236 
-7.280000 	 0.192082 
-7.260000 	 0.113273 
-7.240000 	 0.191984 
-7.220000 	 0.166407 
-7.200000 	 -0.075569 
-7.180000 	 -0.035699 
-7.160000 	 0.007083 
-7.140000 	 -0.248253 
-7.120000 	 0.112172 
-7.100000 	 -0.099371 
-7.080000 	 -0.063054 
-7.060000 	 -0.116341 
-7.040000 	 0.217834 
-7.020000 	 0.424783 
-7.000000 	 0.058336 
-6.980000 	 0.080835 
-6.960000 	 0.340490 
-6.940000 	 0.143870 
-6.920000 	 -0.010488 
-6.900000 	 0.126708 
-6.880000 	 -0.018631 
-6.860000 	 -0.182810 
-6.840000 	 -0.045427 
-6.820000 	 -0.028649 
-6.800000 	 0.085148 
-6.780000 	 0.293588 
-6.760000 	 -0.207426 
-6.740000 	 -0.017828 
-6.720000 	 0.131679 
-6.700000 	 -0.153510 
-6.680000 	 -0.154848 
-6.660000 	 0.077470 
-6.640000 	 0.081269 
-6.620000 	 0.059645 
-6.600000 	 0.141278 
-6.580000 	 0.077205 
-6.560000 	 0.194982 
-6.540000 	 0.230468 
-6.520000 	 0.224732 
-6.500000 	 0.116763 
-6.480000 	 0.186258 
-6.460000 	 0.113274 
-6.440000 	 0.072709 
-6.420000 	 0.078255 
-6.400000 	 0.137994 
-6.380000 	 0.206966 
-6.360000 	 0.073700 
-6.340000 	 0.279125 
-6.320000 	 -0.009892 
-6.300000 	 0.223187 
-6.280000 	 0.415456 
-6.260000 	 0.340421 
-6.240000 	 0.338334 
-6.220000 	 -0.021995 
-6.200000 	 -0.000126 
-6.180000 	 0.094811 
-6.160000 	 0.296505 
-6.140000 	 0.069423 
-6.120000 	 0.129475 
-6.100000 	 0.162314 
-6.080000 	 -0.043243 
-6.060000 	 0.364404 
-6.040000 	 0.468384 
-6.020000 	 0.423457 
-6.000000 	 0.342640 
-5.980000 	 0.255790 
-5.960000 	 0.129808 
-5.940000 	 0.051960 
-5.920000 	 0.353884 
-5.900000 	 0.126586 
-5.880000 	 0.228919 
-5.860000 	 0.369601 
-5.840000 	 0.493647 
-5.820000 	 0.427087 
-5.800000 	 0.274541 
-5.780000 	 0.418288 
-5.760000 	 0.443279 
-5.740000 	 -0.092606 
-5.720000 	 0.275233 
-5.700000 	 0.011508 
-5.680000 	 0.437275 
-5.660000 	 0.536330 
-5.640000 	 0.034757 
-5.620000 	 0.266674 
-5.600000 	 0.357598 
-5.580000 	 -0.024965 
-5.560000 	 0.226333 
-5.540000 	 0.344541 
-5.520000 	 0.317798 
-5.500000 	 0.386688 
-5.480000 	 0.171177 
-5.460000 	 0.356546 
-5.440000 	 0.320748 
-5.420000 	 0.581889 
-5.400000 	 0.305475 
-5.380000 	 0.471248 
-5.360000 	 0.238877 
-5.340000 	 0.326665 
-5.320000 	 0.116947 
-5.300000 	 0.380564 
-5.280000 	 0.313120 
-5.260000 	 0.143197 
-5.240000 	 0.481968 
-5.220000 	 0.343809 
-5.200000 	 0.554718 
-5.180000 	 0.620561 
-5.160000 	 0.454609 
-5.140000 	 0.294842 
-5.120000 	 0.330026 
-5.100000 	 0.232859 
-5.080000 	 0.680566 
-5.060000 	 0.414318 
-5.040000 	 0.506536 
-5.020000 	 0.326817 
-5.000000 	 0.334778 
-4.980000 	 0.060540 
-4.960000 	 0.453151 
-4.940000 	 0.456563 
-4.920000 	 0.512378 
-4.900000 	 0.360607 
-4.880000 	 0.199369 
-4.860000 	 0.364949 
-4.840000 	 0.612186 
-4.820000 	 0.395200 
-4.800000 	 0.413552 
-4.780000 	 0.363367 
-4.760000 	 0.422615 
-4.740000 	 0.289466 
-4.720000 	 0.418468 
-4.700000 	 0.477124 
-4.680000 	 0.506436 
-4.660000 	 0.206239 
-4.640000 	 0.430285 
-4.620000 	 0.456440 
-4.600000 	 0.628395 
-4.580000 	 0.477032 
-4.560000 	 0.493044 
-4.540000 	 0.520439 
-4.520000 	 0.578223 
-4.500000 	 0.334704 
-4.480000 	 0.561482 
-4.460000 	 0.394530 
-4.440000 	 0.150980 
-4.420000 	 0.488721 
-4.400000 	 0.530444 
-4.380000 	 0.650605 
-4.360000 	 0.405333 
-4.340000 	 0.468697 
-4.320000 	 0.433443 
-4.300000 	 0.706355 
-4.280000 	 0.547034 
-4.260000 	 0.670126 
-4.240000 	 0.572675 
-4.220000 	 0.550586 
-4.200000 	 0.316259 
-4.180000 	 0.469961 
-4.160000 	 0.408341 
-4.140000 	 0.637370 
-4.120000 	 0.558577 
-4.100000 	 0.467579 
-4.080000 	 0.327546 
-4.060000 	 0.413044 
-4.040000 	 0.535688 
-4.020000 	 0.601013 
-4.000000 	 0.635384 
-3.980000 	 0.326919 
-3.960000 	 0.631778 
-3.940000 	 0.396153 
-3.920000 	 0.442456 
-3.900000 	 0.242250 
-3.880000 	 0.736969 
-3.860000 	 0.715655 
-3.840000 	 0.396745 
-3.820000 	 0.392041 
-3.800000 	 0.344189 
-3.780000 	 0.474302 
-3.760000 	 0.329924 
-3.740000 	 0.364397 
-3.720000 	 0.497914 
-3.700000 	 0.567605 
-3.680000 	 0.873185 
-3.660000 	 0.426579 
-3.640000 	 0.479681 
-3.620000 	 0.531201 
-3.600000 	 0.268177 
-3.580000 	 0.297933 
-3.560000 	 0.461245 
-3.540000 	 0.573874 
-3.520000 	 0.533608 
-3.500000 	 0.495441 
-3.480000 	 0.268571 
-3.460000 	 0.415404 
-3.440000 	 0.653689 
-3.420000 	 0.478830 
-3.400000 	 0.526492 
-3.380000 	 0.331421 
-3.360000 	 0.406202 
-3.340000 	 0.579411 
-3.320000 	 0.441117 
-3.300000 	 0.725948 
-3.280000 	 0.160740 
-3.260000 	 0.311736 
-3.240000 	 0.477320 
-3.220000 	 0.340154 
-3.200000 	 0.348941 
-3.180000 	 0.394401 
-3.160000 	 0.520160 
-3.140000 	 0.660663 
-3.120000 	 0.239305 
-3.100000 	 0.343599 
-3.080000 	 0.374078 
-3.060000 	 0.307694 
-3.040000 	 0.499798 
-3.020000 	 0.193428 
-3.000000 	 0.632893 
-2.980000 	 0.354085 
-2.960000 	 0.473825 
-2.940000 	 0.433451 
-2.920000 	 0.388692 
-2.900000 	 0.207234 
-2.880000 	 0.484698 
-2.860000 	 0.192490 
-2.840000 	 0.629757 
-2.820000 	 0.446614 
-2.800000 	 0.448404 
-2.780000 	 0.591422 
-2.760000 	 0.150655 
-2.740000 	 0.488981 
-2.720000 	 0.279097 
-2.700000 	 0.294863 
-2.680000 	 0.493857 
-2.660000 	 0.265393 
-2.640000 	 0.390724 
-2.620000 	 0.356071 
-2.600000 	 0.074155 
-2.580000 	 0.004634 
-2.560000 	 0.391197 
-2.540000 	 0.294924 
-2.520000 	 0.255914 
-2.500000 	 0.247339 
-2.480000 	 0.241850 
-2.460000 	 0.454423 
-2.440000 	 0.483328 
-2.420000 	 0.542358 
-2.400000 	 0.447234 
-2.380000 	 0.286831 
-2.360000 	 0.111719 
-2.340000 	 0.426810 
-2.320000 	 0.203614 
-2.300000 	 0.244578 
-2.280000 	 0.111012 
-2.260000 	 0.355975 
-2.240000 	 0.221081 
-2.220000 	 0.173197 
-2.200000 	 0.059636 
-2.180000 	 0.371792 
-2.160000 	 0.198903 
-2.140000 	 0.426554 
-2.120000 	 0.201103 
-2.100000 	 0.215802 
-2.080000 	 0.335202 
-2.060000 	 0.044130 
-2.040000 	 0.360260 
-2.020000 	 0.244808 
-2.000000 	 -0.002559 
-1.980000 	 0.327898 
-1.960000 	 0.309141 
-1.940000 	 0.233515 
-1.920000 	 0.357117 
-1.900000 	 0.239958 
-1.880000 	 0.007793 
-1.860000 	 0.375087 
-1.840000 	 0.129805 
-1.820000 	 0.172981 
-1.800000 	 0.112738 
-1.780000 	 -0.030523 
-1.760000 	 0.139067 
-1.740000 	 0.209849 
-1.720000 	 0.182803 
-1.700000 	 0.141493 
-1.680000 	 0.056779 
-1.660000 	 0.314861 
-1.640000 	 0.089592 
-1.620000 	 0.079427 
-1.600000 	 0.372731 
-1.580000 	 0.205284 
-1.560000 	 0.247028 
-1.540000 	 0.143928 
-1.520000 	 0.900000 
-1.500000 	 0.200940 
-1.480000 	 0.007305 
-1.460000 	 0.053452 
-1.440000 	 0.280646 
-1.420000 	 0.083772 
-1.400000 	 0.064963 
-1.380000 	 -0.141494 
-1.360000 	 0.076207 
-1.340000 	 0.259099 
-1.320000 	 0.139979 
-1.300000 	 0.335225 
-1.280000 	 0.269217 
-1.260000 	 -0.067847 
-1.240000 	 0.104946 
-1.220000 	 0.075210 
-1.200000 	 0.271752 
-1.180000 	 0.165234 
-1.160000 	 -0.001298 
-1.140000 	 0.342107 
-1.120000 	 -0.180058 
-1.100000 	 0.036586 
-1.080000 	 0.003230 
-1.060000 	 0.177913 
-1.040000 	 0.147225 
-1.020000 	 0.069004 
-1.000000 	 0.283985 
-0.980000 	 0.196730 
-0.960000 	 0.186254 
-0.940000 	 0.167440 
-0.920000 	 0.144740 
-0.900000 	 -0.045307 
-0.880000 	 0.109631 
-0.860000 	 0.443622 
-0.840000 	 -0.111100 
-0.820000 	 -0.034281 
-0.800000 	 0.288484 
-0.780000 	 0.000800 
-0.760000 	 0.224627 
-0.740000 	 0.196463 
-0.720000 	 -0.008788 
-0.700000 	 0.030330 
-0.680000 	 0.017410 
-0.660000 	 0.106126 
-0.640000 	 -0.079291 
-0.620000 	 0.237360 
-0.600000 	 0.034870 
-0.580000 	 0.356393 
-0.560000 	 0.253160 
-0.540000 	 0.064604 
-0.520000 	 -0.085431 
-0.500000 	 0.159054 
-0.480000 	 0.283070 
-0.460000 	 0.172426 
-0.440000 	 0.023771 
-0.420000 	 0.067714 
-0.400000 	 0.238123 
-0.380000 	 0.072465 
-0.360000 	 0.213535 
-0.340000 	 -0.033786 
-0.320000 	 0.461558 
-0.300000 	 0.123722 
-0.280000 	 0.154064 
-0.260000 	 0.215255 
-0.240000 	 0.294030 
-0.220000 	 0.166231 
-0.200000 	 0.375768 
-0.180000 	 -0.079472 
-0.160000 	 0.097174 
-0.140000 	 0.138923 
-0.120000 	 0.086376 
-0.100000 	 0.385323 
-0.080000 	 0.236384 
-0.060000 	 0.302220 
-0.040000 	 0.372510 
-0.020000 	 0.226564 
0.000000 	 0.311819 
0.020000 	 0.121672 
0.040000 	 0.346944 
0.060000 	 0.331644 
0.080000 	 0.195538 
0.100000 	 0.150304 
0.120000 	 0.243429 
0.140000 	 0.205470 
0.160000 	 0.252845 
0.180000 	 0.084449 
0.200000 	 0.283909 
0.220000 	 0.050188 
0.240000 	 0.113459 
0.260000 	 0.252126 
0.280000 	 0.081646 
0.300000 	 0.219528 
0.320000 	 0.479455 
0.340000 	 0.445839 
0.360000 	 0.242282 
0.380000 	 0.198142 
0.400000 	 0.345782 
0.420000 	 0.251543 
0.440000 	 0.547122 
0.460000 	 0.414513 
0.480000 	 0.615399 
0.500000 	 0.192150 
0.520000 	 0.202132 
0.540000 	 0.397670 
0.560000 	 0.355570 
0.580000 	 0.407196 
0.600000 	 0.437023 
0.620000 	 0.588334 
0.640000 	 0.344825 
0.660000 	 0.417420 
0.680000 	 0.323160 
0.700000 	 0.581957 
0.720000 	 0.403986 
0.740000 	 0.566904 
0.760000 	 0.422427 
0.780000 	 0.473042 
0.800000 	 0.611673 
0.820000 	 0.551964 
0.840000 	 0.523152 
0.860000 	 0.412210 
0.880000 	 0.405676 
0.900000 	 0.298799 
0.920000 	 0.575632 
0.940000 	 0.431251 
0.960000 	 0.381677 
0.980000 	 0.553239 
1.000000 	 0.397905 
1.020000 	 0.638424 
1.040000 	 0.453212 
1.060000 	 0.676174 
1.080000 	 0.667353 
1.100000 	 0.204943 
1.120000 	 0.596385 
1.140000 	 0.672506 
1.160000 	 0.611465 
1.180000 	 0.667642 
1.200000 	 0.496781 
1.220000 	 0.724717 
1.240000 	 0.351587 
1.260000 	 0.658262 
1.280000 	 0.667884 
1.300000 	 0.733501 
1.320000 	 0.665087 
1.340000 	 0.596770 
1.360000 	 0.683926 
1.380000 	 0.828304 
1.400000 	 0.589220 
1.420000 	 0.595791 
1.440000 	 0.898059 
1.460000 	 0.639898 
1.480000 	 0.745860 
1.500000 	 0.714693 
1.520000 	 0.944690 
1.540000 	 0.715929 
1.560000 	 0.369394 
1.580000 	 0.823666 
1.600000 	 0.721567 
1.620000 	 1.106461 
1.640000 	 0.725380 
1.660000 	 0.834152 
1.680000 	 0.728162 
1.700000 	 0.986898 
1.720000 	 0.746772 
1.740000 	 0.913320 
1.760000 	 0.800000 
1.780000 	 0.930909 
1.800000 	 0.993492 
1.820000 	 0.813382 
1.840000 	 1.004856 
1.860000 	 0.709983 
1.880000 	 0.729783 
1.900000 	 0.864583 
1.920000 	 0.947920 
1.940000 	 0.938368 
1.960000 	 0.863882 
1.980000 	 0.613822 
2.000000 	 1.092611 
2.020000 	 1.084211 
2.040000 	 0.842344 
2.060000 	 1.149273 
2.080000 	 0.756308 
2.100000 	 1.459176 
2.120000 	 1.095079 
2.140000 	 1.119271 
2.160000 	 1.086509 
2.180000 	 1.147077 
2.200000 	 1.186387 
2.220000 	 1.087776 
2.240000 	 1.086111 
2.260000 	 1.140731 
2.280000 	 1.188633 
2.300000 	 1.109380 
2.320000 	 0.992627 
2.340000 	 1.014677 
2.360000 	 1.498374 
2.380000 	 1.222465 
2.400000 	 1.395547 
2.420000 	 1.038532 
2.440000 	 1.128620 
2.460000 	 1.317983 
2.480000 	 1.351454 
2.500000 	 1.162380 
2.520000 	 1.333183 
2.540000 	 1.323229 
2.560000 	 1.156523 
2.580000 	 1.375991 
2.600000 	 1.221860 
2.620000 	 1.253741 
2.640000 	 1.228831 
2.660000 	 0.918673 
2.680000 	 1.100646 
2.700000 	 1.312782 
2.720000 	 1.198327 
2.740000 	 1.250397 
2.760000 	 1.491091 
2.780000 	 1.242350 
2.800000 	 1.253757 
2.820000 	 1.508414 
2.840000 	 1.401958 
2.860000 	 1.410580 
2.880000 	 1.529816 
2.900000 	 1.514313 
2.920000 	 1.368205 
2.940000 	 1.209074 
2.960000 	 1.547164 
2.980000 	 1.186295 
3.000000 	 1.475726 
3.020000 	 1.177318 
3.040000 	 1.472614 
3.060000 	 1.229215 
3.080000 	 1.317671 
3.100000 	 1.393677 
3.120000 	 1.381918 
3.140000 	 1.691270 
3.160000 	 1.508190 
3.180000 	 1.450119 
3.200000 	 1.506717 
3.220000 	 1.701635 
3.240000 	 1.516958 
3.260000 	 1.558803 
3.280000 	 1.762118 
3.300000 	 1.623879 
3.320000 	 1.552809 
3.340000 	 1.442076 
3.360000 	 1.449652 
3.380000 	 1.543196 
3.400000 	 1.861256 
3.420000 	 1.510854 
3.440000 	 1.392916 
3.460000 	 1.428355 
3.480000 	 1.397795 
3.500000 	 1.137888 
3.520000 	 1.580099 
3.540000 	 1.340935 
3.560000 	 1.680658 
3.580000 	 1.421589 
3.600000 	 1.493545 
3.620000 	 1.436890 
3.640000 	 1.580874 
3.660000 	 1.776467 
3.680000 	 1.492220 
3.700000 	 1.428294 
3.720000 	 2.078037 
3.740000 	 1.595633 
3.760000 	 1.840236 
3.780000 	 1.712371 
3.800000 	 1.830333 
3.820000 	 1.941663 
3.840000 	 1.453272 
3.860000 	 1.803798 
3.880000 	 1.608048 
3.900000 	 1.697693 
3.920000 	 1.525725 
3.940000 	 1.431010 
3.960000 	 1.745790 
3.980000 	 1.409288 
4.000000 	 1.539036 
4.020000 	 1.447794 
4.040000 	 1.898126 
4.060000 	 1.623163 
4.080000 	 1.617461 
4.100000 	 1.743893 
4.120000 	 1.400463 
4.140000 	 1.753006 
4.160000 	 1.509376 
4.180000 	 1.491414 
4.200000 	 1.715150 
4.220000 	 1.369718 
4.240000 	 1.642122 
4.260000 	 1.661295 
4.280000 	 1.459624 
4.300000 	 1.587558 
4.320000 	 1.975108 
4.340000 	 1.713175 
4.360000 	 1.566924 
4.380000 	 1.732469 
4.400000 	 1.803911 
4.420000 	 1.492290 
4.440000 	 1.513070 
4.460000 	 1.604303 
4.480000 	 1.711919 
4.500000 	 1.762837 
4.520000 	 1.512553 
4.540000 	 1.394971 
4.560000 	 1.421328 
4.580000 	 1.436213 
4.600000 	 1.649080 
4.620000 	 1.484814 
4.640000 	 1.732881 
4.660000 	 1.437034 
4.680000 	 1.556064 
4.700000 	 1.591959 
4.720000 	 1.561779 
4.740000 	 1.233373 
4.760000 	 1.466893 
4.780000 	 1.528640 
4.800000 	 1.476858 
4.820000 	 1.773812 
4.840000 	 1.293894 
4.860000 	 1.518451 
4.880000 	 1.670375 
4.900000 	 1.351659 
4.920000 	 1.531984 
4.940000 	 1.544926 
4.960000 	 1.232306 
4.980000 	 1.363158 
5.000000 	 1.508599 
5.020000 	 1.561948 
5.040000 	 1.540871 
5.060000 	 1.218306 
5.080000 	 1.301416 
5.100000 	 1.286298 
5.120000 	 1.381033 
5.140000 	 1.382699 
5.160000 	 1.197613 
5.180000 	 1.295806 
5.200000 	 1.091255 
5.220000 	 1.360825 
5.240000 	 1.067580 
5.260000 	 1.171275 
5.280000 	 1.342234 
5.300000 	 1.474333 
5.320000 	 1.320542 
5.340000 	 1.383658 
5.360000 	 1.136478 
5.380000 	 1.208918 
5.400000 	 1.492877 
5.420000 	 1.207703 
5.440000 	 1.349088 
5.460000 	 1.281483 
5.480000 	 1.383876 
5.500000 	 1.413430 
5.520000 	 1.224295 
5.540000 	 1.225499 
5.560000 	 1.210699 
5.580000 	 1.222043 
5.600000 	 1.192020 
5.620000 	 1.064436 
5.640000 	 1.382954 
5.660000 	 1.192116 
5.680000 	 0.972546 
5.700000 	 1.321705 
5.720000 	 1.442898 
5.740000 	 1.438449 
5.760000 	 1.013770 
5.780000 	 1.220395 
5.800000 	 1.123136 
5.820000 	 1.173453 
5.840000 	 0.968287 
5.860000 	 0.914213 
5.880000 	 0.726858 
5.900000 	 0.966502 
5.920000 	 0.995041 
5.940000 	 0.853936 
5.960000 	 1.107036 
5.980000 	 0.994664 
6.000000 	 0.997796 
6.020000 	 0.911121 
6.040000 	 0.910113 
6.060000 	 0.786166 
6.080000 	 0.853089 
6.100000 	 0.568417 
6.120000 	 1.155238 
6.140000 	 0.772206 
6.160000 	 0.845597 
6.180000 	 0.684095 
6.200000 	 0.906264 
6.220000 	 0.833915 
6.240000 	 0.827324 
6.260000 	 0.796991 
6.280000 	 0.938416 
6.300000 	 0.861468 
6.320000 	 0.810004 
6.340000 	 0.755090 
6.360000 	 0.813728 
6.380000 	 0.801485 
6.400000 	 0.738340 
6.420000 	 0.549698 
6.440000 	 0.931165 
6.460000 	 0.887943 
6.480000 	 0.986401 
6.500000 	 0.867601 
6.520000 	 0.967625 
6.540000 	 0.883641 
6.560000 	 0.966270 
6.580000 	 0.785043 
6.600000 	 0.929930 
6.620000 	 0.586002 
6.640000 	 0.540525 
6.660000 	 0.727537 
6.680000 	 0.758459 
6.700000 	 0.567599 
6.720000 	 0.678643 
6.740000 	 0.461297 
6.760000 	 0.307860 
6.780000 	 0.749477 
6.800000 	 0.623408 
6.820000 	 0.603165 
6.840000 	 0.449189 
6.860000 	 0.743608 
6.880000 	 0.813376 
6.900000 	 0.648891 
6.920000 	 0.429786 
6.940000 	 0.502564 
6.960000 	 0.549243 
6.980000 	 0.518362 
7.000000 	 0.330020 
7.020000 	 0.479018 
7.040000 	 0.502951 
7.060000 	 0.836204 
7.080000 	 0.231129 
7.100000 	 0.439716 
7.120000 	 0.434032 
7.140000 	 0.585488 
7.160000 	 0.042102 
7.180000 	 0.241987 
7.200000 	 0.253150 
7.220000 	 0.487055 
7.240000 	 0.296462 
7.260000 	 0.447114 
7.280000 	 0.692290 
7.300000 	 0.269896 
7.320000 	 0.457503 
7.340000 	 0.357571 
7.360000 	 0.287512 
7.380000 	 0.291780 
7.400000 	 0.455988 
7.420000 	 0.310585 
7.440000 	 0.282619 
7.460000 	 0.314701 
7.480000 	 0.135967 
7.500000 	 0.490002 
7.520000 	 0.262308 
7.540000 	 0.250482 
7.560000 	 0.280245 
7.580000 	 0.378427 
7.600000 	 0.396151 
7.620000 	 0.364274 
7.640000 	 0.563146 
7.660000 	 0.167902 
7.680000 	 0.205549 
7.700000 	 0.363774 
7.720000 	 0.261236 
7.740000 	 0.503990 
7.760000 	 0.095045 
7.780000 	 0.212001 
7.800000 	 0.379743 
7.820000 	 -0.037005 
7.840000 	 0.027350 
7.860000 	 0.091401 
7.880000 	 0.425354 
7.900000 	 0.545716 
7.920000 	 0.206291 
7.940000 	 0.431141 
7.960000 	 0.197037 
7.980000 	 0.277966 
8.000000 	 0.297432 
8.020000 	 0.090471 
8.040000 	 0.343339 
8.060000 	 0.142273 
8.080000 	 0.384189 
8.100000 	 0.244996 
8.120000 	 0.220516 
8.140000 	 0.301309 
8.160000 	 0.004146 
8.180000 	 0.210486 
8.200000 	 0.089378 
8.220000 	 0.243519 
8.240000 	 0.262243 
8.260000 	 0.238377 
8.280000 	 0.300435 
8.300000 	 -0.022723 
8.320000 	 -0.197664 
8.340000 	 0.145381 
8.360000 	 0.092791 
8.380000 	 0.103304 
8.400000 	 0.035928 
8.420000 	 0.108752 
8.440000 	 0.239210 
8.460000 	 0.132629 
8.480000 	 0.027822 
8.500000 	 0.473036 
8.520000 	 0.427488 
8.540000 	 0.243238 
8.560000 	 0.348691 
8.580000 	 0.116414 
8.600000 	 0.193269 
8.620000 	 0.367108 
8.640000 	 0.058525 
8.660000 	 0.076239 
8.680000 	 0.067551 
8.700000 	 0.108840 
8.720000 	 -0.039369 
8.740000 	 0.261424 
8.760000 	 0.131813 
8.780000 	 0.313346 
8.800000 	 0.094637 
8.820000 	 0.229112 
8.840000 	 0.190250 
8.860000 	 -0.100801 
8.880000 	 -0.099499 
8.900000 	 0.037629 
8.920000 	 0.191351 
8.940000 	 -0.204949 
8.960000 	 -0.051352 
8.980000 	 0.118453 
9.000000 	 0.220704 
9.020000 	 0.047491 
9.040000 	 -0.103078 
9.060000 	 0.125994 
9.080000 	 -0.032098 
9.100000 	 0.228927 
9.120000 	 0.031312 
9.140000 	 -0.069019 
9.160000 	 0.104975 
9.180000 	 0.173373 
9.200000 	 0.171232 
9.220000 	 -0.161070 
9.240000 	 0.324256 
9.260000 	 -0.062924 
9.280000 	 -0.014767 
9.300000 	 0.111396 
9.320000 	 -0.078406 
9.340000 	 -0.189523 
9.360000 	 -0.092550 
9.380000 	 -0.011226 
9.400000 	 0.281551 
9.420000 	 0.062424 
9.440000 	 -0.114779 
9.460000 	 -0.067792 
9.480000 	 0.193553 
9.500000 	 -0.108269 
9.520000 	 0.039625 
9.540000 	 0.114903 
9.560000 	 0.314992 
9.580000 	 -0.034564 
9.600000 	 0.290548 
9.620000 	 0.338251 
9.640000 	 -0.088014 
9.660000 	 0.110832 
9.680000 	 -0.246382 
9.700000 	 -0.083367 
9.720000 	 -0.200000 
9.740000 	 -0.109512 
9.760000 	 0.003133 
9.780000 	 0.257962 
9.800000 	 0.118728 
9.820000 	 0.028546 
9.840000 	 -0.099246 
9.860000 	 0.036886 
9.880000 	 0.196778 
9.900000 	 -0.200952 
9.920000 	 0.148362 
9.940000 	 -0.106084 
9.960000 	 -0.195511 
9.980000 	 -0.154176 
10.000000 	 0.184378 
10.020000 	 -0.183721 
10.040000 	 -0.078443 
10.060000 	 -0.024153 
10.080000 	 0.110312 
10.100000 	 0.001348 
10.120000 	 0.004799 
10.140000 	 0.208490 
10.160000 	 0.046202 
10.180000 	 0.056137 
10.200000 	 -0.215511 
10.220000 	 0.213899 
10.240000 	 0.196304 
10.260000 	 0.175813 
10.280000 	 -0.311292 
10.300000 	 -0.084995 
10.320000 	 0.067891 
10.340000 	 0.103704 
10.360000 	 -0.185367 
10.380000 	 -0.087627 
10.400000 	 -0.117269 
10.420000 	 -0.192965 
10.440000 	 0.066673 
10.460000 	 -0.205431 
10.480000 	 0.273536 
10.500000 	 0.427784 
10.520000 	 -0.081491 
10.540000 	 0.232694 
10.560000 	 0.094348 
10.580000 	 -0.127223 
10.600000 	 -0.156606 
10.620000 	 0.146143 
10.640000 	 -0.005952 
10.660000 	 -0.085243 
10.680000 	 0.163058 
10.700000 	 0.031414 
10.720000 	 0.004699 
10.740000 	 -0.262271 
10.760000 	 -0.258592 
10.780000 	 -0.122733 
10.800000 	 0.167005 
10.820000 	 -0.091375 
10.840000 	 0.348674 
10.860000 	 0.063086 
10.880000 	 -0.052759 
10.900000 	 0.202808 
10.920000 	 -0.194813 
10.940000 	 -0.168722 
10.960000 	 0.251844 
10.980000 	 -0.028235 
11.000000 	 0.158246 
11.020000 	 -0.132528 
11.040000 	 0.098675 
11.060000 	 -0.256669 
11.080000 	 -0.007914 
11.100000 	 -0.071985 
11.120000 	 0.285731 
11.140000 	 -0.163432 
11.160000 	 -0.229744 
11.180000 	 -0.137604 
11.200000 	 0.076717 
11.220000 	 0.075247 
11.240000 	 -0.230959 
11.260000 	 0.032364 
11.280000 	 -0.098813 
11.300000 	 -0.167985 
11.320000 	 -0.004051 
11.340000 	 0.014340 
11.360000 	 0.344083 
11.380000 	 -0.055932 
11.400000 	 -0.019902 
11.420000 	 -0.228654 
11.440000 	 -0.205022 
11.460000 	 -0.025086 
11.480000 	 0.052165 
11.500000 	 0.466834 
11.520000 	 0.076776 
11.540000 	 -0.129439 
11.560000 	 0.240134 
11.580000 	 0.235130 
11.600000 	 0.198963 
11.620000 	 0.238680 
11.640000 	 0.083074 
11.660000 	 -0.043814 
11.680000 	 0.035784 
11.700000 	 -0.002908 
11.720000 	 -0.109939 
11.740000 	 -0.117684 
11.760000 	 -0.119662 
11.780000 	 0.195666 
11.800000 	 -0.020578 
11.820000 	 0.079504 
11.840000 	 0.215801 
11.860000 	 -0.019581 
11.880000 	 -0.196608 
11.900000 	 0.255656 
11.920000 	 0.027437 
11.940000 	 -0.048598 
11.960000 	 -0.036792 
11.980000 	 0.046195 
12.000000 	 0.086069 
12.020000 	 -0.038511 
12.040000 	 0.026420 
12.060000 	 -0.106270 
12.080000 	 -0.168281 
12.100000 	 0.154890 
12.120000 	 -0.018134 
12.140000 	 -0.067826 
12.160000 	 -0.190608 
12.180000 	 -0.308208 
12.200000 	 -0.070917 
12.220000 	 -0.088693 
12.240000 	 0.090354 
12.260000 	 -0.029809 
12.280000 	 -0.190986 
12.300000 	 -0.070581 
12.320000 	 -0.050296 
12.340000 	 0.187610 
12.360000 	 0.117904 
12.380000 	 0.177469 
12.400000 	 0.086720 
12.420000 	 0.088910 
12.440000 	 0.134689 
12.460000 	 -0.124222 
12.480000 	 -0.035968 
12.500000 	 0.151914 
12.520000 	 0.323999 
12.540000 	 -0.030829 
12.560000 	 0.253161 
12.580000 	 -0.271123 
12.600000 	 0.012439 
12.620000 	 -0.114978 
12.640000 	 0.101887 
12.660000 	 0.125148 
12.680000 	 -0.035253 
12.700000 	 0.197598 
12.720000 	 -0.089060 
12.740000 	 0.252863 
12.760000 	 -0.189083 
12.780000 	 -0.070401 
12.800000 	 0.025943 
12.820000 	 0.028626 
12.840000 	 -0.009867 
12.860000 	 0.029495 
12.880000 	 0.192354 
12.900000 	 0.066597 
12.920000 	 -0.302881 
12.940000 	 0.084294 
12.960000 	 0.105248 
12.980000 	 0.140990 
13.000000 	 0.084560 
13.020000 	 0.105690 
13.040000 	 0.045576 
13.060000 	 -0.118882 
13.080000 	 -0.121810 
13.100000 	 -0.033503 
13.120000 	 0.180018 
13.140000 	 0.022751 
13.160000 	 0.185328 
13.180000 	 -0.020376 
13.200000 	 0.065535 
13.220000 	 0.032682 
13.240000 	 -0.056514 
13.260000 	 0.024175 
13.280000 	 0.170481 
13.300000 	 -0.216660 
13.320000 	 -0.137293 
13.340000 	 0.078090 
13.360000 	 0.255798 
13.380000 	 0.034252 
13.400000 	 -0.026663 
13.420000 	 0.051039 
13.440000 	 0.092527 
13.460000 	 0.273800 
13.480000 	 -0.211658 
13.500000 	 -0.046970 
13.520000 	 0.323037 
13.540000 	 0.207066 
13.560000 	 -0.018408 
13.580000 	 -0.174514 
13.600000 	 -0.076706 
13.620000 	 -0.147395 
13.640000 	 0.157876 
13.660000 	 0.277818 
13.680000 	 -0.021851 
13.700000 	 -0.458356 
13.720000 	 -0.085563 
13.740000 	 0.180274 
13.760000 	 0.044246 
13.780000 	 -0.011084 
13.800000 	 0.006660 
13.820000 	 0.081286 
13.840000 	 0.136485 
13.860000 	 -0.295065 
13.880000 	 0.031634 
13.900000 	 0.073212 
13.920000 	 0.300000 
13.940000 	 -0.016586 
13.960000 	 0.145601 
13.980000 	 0.000614 
14.000000 	 -0.089716 
14.020000 	 -0.275373 
14.040000 	 -0.181153 
14.060000 	 0.001195 
14.080000 	 0.201393 
14.100000 	 -0.234108 
14.120000 	 -0.028791 
14.140000 	 0.317975 
14.160000 	 -0.227466 
14.180000 	 0.028077 
14.200000 	 0.107820 
14.220000 	 -0.099946 
14.240000 	 0.304682 
14.260000 	 -0.012727 
14.280000 	 -0.090415 
14.300000 	 0.039729 
14.320000 	 0.126190 
14.340000 	 -0.246303 
14.360000 	 0.256066 
14.380000 	 0.080090 
14.400000 	 -0.099242 
14.420000 	 -0.034550 
14.440000 	 0.415312 
14.460000 	 0.042011 
14.480000 	 0.014430 
14.500000 	 -0.062604 
14.520000 	 0.126802 
14.540000 	 -0.025565 
14.560000 	 0.077160 
14.580000 	 -0.121504 
14.600000 	 0.124802 
14.620000 	 -0.106711 
14.640000 	 -0.170166 
14.660000 	 0.066300 
14.680000 	 -0.003796 
14.700000 	 -0.035839 
14.720000 	 -0.000474 
14.740000 	 -0.096594 
14.760000 	 -0.125378 
14.780000 	 0.070354 
14.800000 	 -0.211963 
14.820000 	 -0.103063 
14.840000 	 -0.161506 
14.860000 	 0.126361 
14.880000 	 -0.184188 
14.900000 	 0.133260 
14.920000 	 0.071135 
14.940000 	 -0.088862 
14.960000 	 0.065875 
14.980000 	 -0.060816 
15.000000 	 0.296251 
