-15.000000 	 0.012843 
-14.980000 	 -0.064537 
-14.960000 	 -0.111955 
-14.940000 	 -0.147580 
-14.920000 	 0.236031 
-14.900000 	 -0.030903 
-14.880000 	 -0.024845 
-14.860000 	 -0.033627 
-14.840000 	 -0.246601 
-14.820000 	 0.018385 
-14.800000 	 -0.241311 
-14.780000 	 -0.231719 
-14.760000 	 0.038939 
-14.740000 	 -0.150375 
-14.720000 	 -0.125111 
-14.700000 	 -0.087474 
-14.680000 	 0.242169 
-14.660000 	 0.249097 
-14.640000 	 -0.340820 
-14.620000 	 0.021571 
-14.600000 	 0.157193 
-14.580000 	 0.053775 
-14.560000 	 0.342801 
-14.540000 	 -0.399928 
-14.520000 	 -0.164342 
-14.500000 	 0.116565 
-14.480000 	 -0.119007 
-14.460000 	 -0.023281 
-14.440000 	 0.420966 
-14.420000 	 -0.018180 
-14.400000 	 -0.079365 
-14.380000 	 -0.064201 
-14.360000 	 -0.129359 
-14.340000 	 -0.192784 
-14.320000 	 -0.054749 
-14.300000 	 -0.099779 
-14.280000 	 0.036210 
-14.260000 	 -0.155947 
-14.240000 	 -0.080394 
-14.220000 	 -0.141738 
-14.200000 	 0.008989 
-14.180000 	 -0.033084 
-14.160000 	 0.009596 
-14.140000 	 0.088896 
-14.120000 	 0.095438 
-14.100000 	 -0.287142 
-14.080000 	 -0.217265 
-14.060000 	 -0.035430 
-14.040000 	 -0.115124 
-14.020000 	 0.181886 
-14.000000 	 -0.013535 
-13.980000 	 0.069638 
-13.960000 	 -0.142423 
-13.940000 	 0.015825 
-13.920000 	 -0.093797 
-13.900000 	 -0.023460 
-13.880000 	 0.111929 
-13.860000 	 0.129383 
-13.840000 	 -0.019801 
-13.820000 	 0.042710 
-13.800000 	 -0.151477 
-13.780000 	 0.038380 
-13.760000 	 -0.103951 
-13.740000 	 0.056833 
-13.720000 	 -0.048289 
-13.700000 	 0.277918 
-13.680000 	 -0.121594 
-13.660000 	 -0.278225 
-13.640000 	 -0.012977 
-13.620000 	 -0.241090 
-13.600000 	 -0.077228 
-13.580000 	 -0.077300 
-13.560000 	 -0.090403 
-13.540000 	 0.149708 
-13.520000 	 0.053515 
-13.500000 	 0.206773 
-13.480000 	 0.030821 
-13.460000 	 0.107971 
-13.440000 	 -0.017517 
-13.420000 	 -0.101911 
-13.400000 	 -0.203679 
-13.380000 	 0.274605 
-13.360000 	 0.001813 
-13.340000 	 0.151633 
-13.320000 	 -0.163039 
-13.300000 	 0.187546 
-13.280000 	 0.210834 
-13.260000 	 0.157444 
-13.240000 	 -0.157659 
-13.220000 	 -0.070412 
-13.200000 	 0.008383 
-13.180000 	 0.131305 
-13.160000 	 0.099767 
-13.140000 	 -0.089620 
-13.120000 	 0.154939 
-13.100000 	 -0.106608 
-13.080000 	 -0.073948 
-13.060000 	 -0.366761 
-13.040000 	 -0.028401 
-13.020000 	 -0.239282 
-13.000000 	 -0.267911 
-12.980000 	 0.214512 
-12.960000 	 0.138049 
-12.940000 	 -0.207743 
-12.920000 	 -0.293362 
-12.900000 	 -0.017115 
-12.880000 	 0.212204 
-12.860000 	 0.023377 
-12.840000 	 0.317445 
-12.820000 	 0.148667 
-12.800000 	 -0.248065 
-12.780000 	 -0.280799 
-12.760000 	 0.000458 
-12.740000 	 0.037319 
-12.720000 	 -0.026897 
-12.700000 	 0.074527 
-12.680000 	 0.044696 
-12.660000 	 -0.330330 
-12.640000 	 -0.009527 
-12.620000 	 -0.052968 
-12.600000 	 -0.052822 
-12.580000 	 0.092670 
-12.560000 	 0.217372 
-12.540000 	 -0.092153 
-12.520000 	 -0.213636 
-12.500000 	 -0.153011 
-12.480000 	 0.372487 
-12.460000 	 0.370002 
-12.440000 	 -0.050393 
-12.420000 	 0.201445 
-12.400000 	 -0.120230 
-12.380000 	 -0.017745 
-12.360000 	 -0.075110 
-12.340000 	 -0.150328 
-12.320000 	 0.136687 
-12.300000 	 0.365050 
-12.280000 	 0.048463 
-12.260000 	 -0.030277 
-12.240000 	 0.081489 
-12.220000 	 -0.204256 
-12.200000 	 0.151377 
-12.180000 	 0.216766 
-12.160000 	 0.073183 
-12.140000 	 -0.285334 
-12.120000 	 0.141881 
-12.100000 	 0.019234 
-12.080000 	 0.125445 
-12.060000 	 0.018550 
-12.040000 	 -0.043653 
-12.020000 	 0.001066 
-12.000000 	 -0.094598 
-11.980000 	 0.002103 
-11.960000 	 -0.600000 
-11.940000 	 0.009149 
-11.920000 	 -0.058106 
-11.900000 	 0.112021 
-11.880000 	 -0.234715 
-11.860000 	 -0.405458 
-11.840000 	 0.035916 
-11.820000 	 -0.038445 
-11.800000 	 0.020518 
-11.780000 	 -0.156272 
-11.760000 	 0.328899 
-11.740000 	 -0.052668 
-11.720000 	 -0.067903 
-11.700000 	 0.132757 
-11.680000 	 -0.189721 
-11.660000 	 -0.276220 
-11.640000 	 0.062453 
-11.620000 	 -0.262782 
-11.600000 	 0.205581 
-11.580000 	 0.098019 
-11.560000 	 0.037262 
-11.540000 	 0.031148 
-11.520000 	 0.109783 
-11.500000 	 -0.138057 
-11.480000 	 0.080602 
-11.460000 	 0.112179 
-11.440000 	 0.022401 
-11.420000 	 -0.023606 
-11.400000 	 -0.012473 
-11.380000 	 0.006598 
-11.360000 	 0.166953 
-11.340000 	 -0.193846 
-11.320000 	 0.036900 
-11.300000 	 0.112450 
-11.280000 	 -0.026743 
-11.260000 	 0.069853 
-11.240000 	 -0.115876 
-11.220000 	 0.106460 
-11.200000 	 0.270778 
-11.180000 	 -0.126521 
-11.160000 	 0.371338 
-11.140000 	 0.366056 
-11.120000 	 0.099638 
-11.100000 	 0.030151 
-11.080000 	 0.145416 
-11.060000 	 0.273500 
-11.040000 	 0.120388 
-11.020000 	 -0.000646 
-11.000000 	 0.111757 
-10.980000 	 0.217800 
-10.960000 	 0.202132 
-10.940000 	 -0.132080 
-10.920000 	 -0.277326 
-10.900000 	 -0.100691 
-10.880000 	 -0.074266 
-10.860000 	 0.033082 
-10.840000 	 0.102260 
-10.820000 	 0.021422 
-10.800000 	 0.115767 
-10.780000 	 -0.249143 
-10.760000 	 0.076598 
-10.740000 	 -0.189920 
-10.720000 	 0.014437 
-10.700000 	 -0.130538 
-10.680000 	 0.098590 
-10.660000 	 -0.009472 
-10.640000 	 -0.068428 
-10.620000 	 -0.258855 
-10.600000 	 0.012046 
-10.580000 	 -0.051858 
-10.560000 	 0.014823 
-10.540000 	 0.021295 
-10.520000 	 -0.002301 
-10.500000 	 -0.191804 
-10.480000 	 -0.066308 
-10.460000 	 0.270281 
-10.440000 	 -0.129492 
-10.420000 	 0.115807 
-10.400000 	 0.048072 
-10.380000 	 -0.041703 
-10.360000 	 0.005480 
-10.340000 	 -0.018608 
-10.320000 	 0.043556 
-10.300000 	 0.000958 
-10.280000 	 0.190398 
-10.260000 	 -0.036177 
-10.240000 	 0.358216 
-10.220000 	 0.202183 
-10.200000 	 -0.070751 
-10.180000 	 0.230656 
-10.160000 	 -0.054864 
-10.140000 	 0.186992 
-10.120000 	 -0.301333 
-10.100000 	 -0.083391 
-10.080000 	 0.072000 
-10.060000 	 -0.081624 
-10.040000 	 0.046972 
-10.020000 	 1.000000 
-10.000000 	 -0.085884 
-9.980000 	 -0.048931 
-9.960000 	 0.112509 
-9.940000 	 0.066682 
-9.920000 	 -0.109899 
-9.900000 	 -0.029403 
-9.880000 	 0.158716 
-9.860000 	 -0.089267 
-9.840000 	 0.156581 
-9.820000 	 0.206490 
-9.800000 	 0.220862 
-9.780000 	 0.021964 
-9.760000 	 -0.120241 
-9.740000 	 0.044697 
-9.720000 	 -0.099430 
-9.700000 	 0.149219 
-9.680000 	 0.150649 
-9.660000 	 -0.180729 
-9.640000 	 -0.046826 
-9.620000 	 0.203278 
-9.600000 	 0.003311 
-9.580000 	 -0.100202 
-9.560000 	 -0.185008 
-9.540000 	 0.093275 
-9.520000 	 -0.130594 
-9.500000 	 -0.022896 
-9.480000 	 -0.025062 
-9.460000 	 0.111005 
-9.440000 	 0.325872 
-9.420000 	 -0.149680 
-9.400000 	 -0.140654 
-9.380000 	 -0.265224 
-9.360000 	 -0.049778 
-9.340000 	 0.085457 
-9.320000 	 -0.121041 
-9.300000 	 0.130892 
-9.280000 	 -0.026694 
-9.260000 	 -0.071685 
-9.240000 	 -0.202653 
-9.220000 	 -0.160387 
-9.200000 	 0.034881 
-9.180000 	 -0.038424 
-9.160000 	 -0.237261 
-9.140000 	 0.274742 
-9.120000 	 0.010442 
-9.100000 	 -0.179010 
-9.080000 	 0.013378 
-9.060000 	 -0.007963 
-9.040000 	 -0.172494 
-9.020000 	 0.117054 
-9.000000 	 -0.173621 
-8.980000 	 0.176106 
-8.960000 	 0.030234 
-8.940000 	 0.047437 
-8.920000 	 -0.055881 
-8.900000 	 0.000901 
-8.880000 	 0.061776 
-8.860000 	 0.267885 
-8.840000 	 -0.143437 
-8.820000 	 -0.080381 
-8.800000 	 0.059669 
-8.780000 	 -0.024586 
-8.760000 	 -0.094858 
-8.740000 	 0.019440 
-8.720000 	 0.032306 
-8.700000 	 0.093931 
-8.680000 	 0.043847 
-8.660000 	 0.045685 
-8.640000 	 0.063051 
-8.620000 	 -0.123775 
-8.600000 	 0.293538 
-8.580000 	 -0.056205 
-8.560000 	 0.314644 
-8.540000 	 0.143668 
-8.520000 	 -0.115201 
-8.500000 	 0.086469 
-8.480000 	 -0.209112 
-8.460000 	 -0.039973 
-8.440000 	 -0.290247 
-8.420000 	 0.141059 
-8.400000 	 0.086137 
-8.380000 	 -0.152379 
-8.360000 	 0.033356 
-8.340000 	 0.072405 
-8.320000 	 -0.255399 
-8.300000 	 0.176737 
-8.280000 	 0.131307 
-8.260000 	 0.271574 
-8.240000 	 -0.155338 
-8.220000 	 -0.082943 
-8.200000 	 -0.017350 
-8.180000 	 -0.084626 
-8.160000 	 -0.106178 
-8.140000 	 -0.016852 
-8.120000 	 -0.002850 
-8.100000 	 0.197522 
-8.080000 	 -0.002416 
-8.060000 	 -0.010728 
-8.040000 	 -0.158239 
-8.020000 	 0.110208 
-8.000000 	 -0.168439 
-7.980000 	 0.192143 
-7.960000 	 -0.011095 
-7.940000 	 0.046730 
-7.920000 	 -0.241137 
-7.900000 	 -0.298144 
-7.880000 	 0.040901 
-7.860000 	 -0.060570 
-7.840000 	 0.137392 
-7.820000 	 -0.017431 
-7.800000 	 -0.066056 
-7.780000 	 0.252475 
-7.760000 	 -0.104423 
-7.740000 	 -0.055035 
-7.720000 	 0.030696 
-7.700000 	 -0.143722 
-7.680000 	 0.256798 
-7.660000 	 0.226949 
-7.640000 	 0.397024 
-7.620000 	 -0.096060 
-7.600000 	 -0.207296 
-7.580000 	 -0.221784 
-7.560000 	 0.257761 
-7.540000 	 -0.209778 
-7.520000 	 -0.093041 
-7.500000 	 -0.040720 
-7.480000 	 0.034375 
-7.460000 	 0.031121 
-7.440000 	 -0.081379 
-7.420000 	 -0.090106 
-7.400000 	 0.131562 
-7.380000 	 0.158104 
-7.360000 	 0.149315 
-7.340000 	 0.393249 
-7.320000 	 -0.211327 
-7.300000 	 -0.014970 
-7.280000 	 -0.016994 
-7.260000 	 0.124108 
-7.240000 	 -0.018349 
-7.220000 	 0.017675 
-7.200000 	 0.261670 
-7.180000 	 -0.012542 
-7.160000 	 0.171990 
-7.140000 	 0.278681 
-7.120000 	 0.233477 
-7.100000 	 -0.100799 
-7.080000 	 -0.105782 
-7.060000 	 0.154438 
-7.040000 	 -0.129125 
-7.020000 	 0.147615 
-7.000000 	 -0.058501 
-6.980000 	 0.055158 
-6.960000 	 -0.112823 
-6.940000 	 0.197479 
-6.920000 	 0.081247 
-6.900000 	 0.056649 
-6.880000 	 0.019055 
-6.860000 	 -0.084874 
-6.840000 	 -0.007138 
-6.820000 	 0.151547 
-6.800000 	 0.217907 
-6.780000 	 0.241820 
-6.760000 	 0.271117 
-6.740000 	 0.138048 
-6.720000 	 0.110601 
-6.700000 	 0.134930 
-6.680000 	 0.287166 
-6.660000 	 0.059377 
-6.640000 	 -0.018202 
-6.620000 	 0.111035 
-6.600000 	 0.180412 
-6.580000 	 -0.249812 
-6.560000 	 0.168284 
-6.540000 	 0.407799 
-6.520000 	 -0.025402 
-6.500000 	 0.337023 
-6.480000 	 0.088905 
-6.460000 	 0.200366 
-6.440000 	 0.119064 
-6.420000 	 0.253282 
-6.400000 	 0.159980 
-6.380000 	 -0.030406 
-6.360000 	 0.257781 
-6.340000 	 -0.098414 
-6.320000 	 0.184344 
-6.300000 	 -0.054232 
-6.280000 	 0.329066 
-6.260000 	 0.054791 
-6.240000 	 0.368351 
-6.220000 	 0.153841 
-6.200000 	 0.223885 
-6.180000 	 0.405838 
-6.160000 	 0.110487 
-6.140000 	 0.033197 
-6.120000 	 0.100000 
-6.100000 	 -0.031772 
-6.080000 	 0.567088 
-6.060000 	 0.326655 
-6.040000 	 0.273664 
-6.020000 	 0.199537 
-6.000000 	 0.095546 
-5.980000 	 0.019070 
-5.960000 	 0.197084 
-5.940000 	 0.262298 
-5.920000 	 0.163493 
-5.900000 	 0.397768 
-5.880000 	 0.673280 
-5.860000 	 0.073498 
-5.840000 	 0.121365 
-5.820000 	 0.343139 
-5.800000 	 0.130686 
-5.780000 	 0.120060 
-5.760000 	 0.078108 
-5.740000 	 0.036085 
-5.720000 	 0.172101 
-5.700000 	 0.127583 
-5.680000 	 0.258440 
-5.660000 	 0.339612 
-5.640000 	 0.158430 
-5.620000 	 0.321020 
-5.600000 	 0.383904 
-5.580000 	 0.249397 
-5.560000 	 0.116964 
-5.540000 	 0.368101 
-5.520000 	 0.545233 
-5.500000 	 0.185834 
-5.480000 	 0.224567 
-5.460000 	 0.256841 
-5.440000 	 0.089229 
-5.420000 	 0.015663 
-5.400000 	 0.644949 
-5.380000 	 0.239800 
-5.360000 	 0.150283 
-5.340000 	 0.339638 
-5.320000 	 0.449715 
-5.300000 	 0.280069 
-5.280000 	 0.498738 
-5.260000 	 0.532301 
-5.240000 	 0.579553 
-5.220000 	 0.518544 
-5.200000 	 0.004982 
-5.180000 	 0.582041 
-5.160000 	 0.347935 
-5.140000 	 0.320951 
-5.120000 	 0.385638 
-5.100000 	 0.543288 
-5.080000 	 0.324909 
-5.060000 	 0.070972 
-5.040000 	 0.279794 
-5.020000 	 0.356451 
-5.000000 	 0.715750 
-4.980000 	 0.245116 
-4.960000 	 0.512724 
-4.940000 	 0.552708 
-4.920000 	 0.386172 
-4.900000 	 0.571988 
-4.880000 	 0.302222 
-4.860000 	 0.407605 
-4.840000 	 0.175453 
-4.820000 	 0.501452 
-4.800000 	 0.500980 
-4.780000 	 0.317830 
-4.760000 	 0.612926 
-4.740000 	 0.397448 
-4.720000 	 0.359626 
-4.700000 	 0.503454 
-4.680000 	 0.425347 
-4.660000 	 0.470233 
-4.640000 	 0.176834 
-4.620000 	 0.290604 
-4.600000 	 0.273357 
-4.580000 	 0.396713 
-4.560000 	 0.254517 
-4.540000 	 0.354437 
-4.520000 	 0.707535 
-4.500000 	 0.726019 
-4.480000 	 0.339923 
-4.460000 	 0.346270 
-4.440000 	 0.407674 
-4.420000 	 0.469425 
-4.400000 	 0.553849 
-4.380000 	 0.517275 
-4.360000 	 0.670063 
-4.340000 	 0.309078 
-4.320000 	 0.299625 
-4.300000 	 0.577904 
-4.280000 	 0.401604 
-4.260000 	 0.608926 
-4.240000 	 0.777575 
-4.220000 	 0.368018 
-4.200000 	 0.376283 
-4.180000 	 0.572530 
-4.160000 	 0.525200 
-4.140000 	 0.693933 
-4.120000 	 0.508700 
-4.100000 	 0.574884 
-4.080000 	 0.773124 
-4.060000 	 0.482363 
-4.040000 	 0.434609 
-4.020000 	 0.649897 
-4.000000 	 0.432933 
-3.980000 	 0.327051 
-3.960000 	 0.424770 
-3.940000 	 0.603343 
-3.920000 	 0.398325 
-3.900000 	 0.473456 
-3.880000 	 0.592177 
-3.860000 	 0.477296 
-3.840000 	 0.622035 
-3.820000 	 0.432417 
-3.800000 	 0.661260 
-3.780000 	 0.704058 
-3.760000 	 0.342857 
-3.740000 	 0.620459 
-3.720000 	 0.438000 
-3.700000 	 0.288655 
-3.680000 	 0.203037 
-3.660000 	 0.506744 
-3.640000 	 0.628421 
-3.620000 	 0.520160 
-3.600000 	 0.446666 
-3.580000 	 0.341915 
-3.560000 	 0.632006 
-3.540000 	 0.462092 
-3.520000 	 0.842318 
-3.500000 	 0.337232 
-3.480000 	 0.368833 
-3.460000 	 0.565747 
-3.440000 	 0.601871 
-3.420000 	 0.775236 
-3.400000 	 0.423448 
-3.380000 	 0.288327 
-3.360000 	 0.378832 
-3.340000 	 0.306929 
-3.320000 	 0.386729 
-3.300000 	 0.389743 
-3.280000 	 0.497959 
-3.260000 	 0.727952 
-3.240000 	 0.563335 
-3.220000 	 0.506483 
-3.200000 	 0.287755 
-3.180000 	 0.569579 
-3.160000 	 0.387106 
-3.140000 	 0.266021 
-3.120000 	 0.525857 
-3.100000 	 0.544625 
-3.080000 	 0.484763 
-3.060000 	 0.524643 
-3.040000 	 0.298221 
-3.020000 	 0.363278 
-3.000000 	 0.486097 
-2.980000 	 0.488493 
-2.960000 	 0.610493 
-2.940000 	 0.482967 
-2.920000 	 0.637734 
-2.900000 	 0.324209 
-2.880000 	 0.302336 
-2.860000 	 0.394679 
-2.840000 	 0.554467 
-2.820000 	 0.181126 
-2.800000 	 0.351247 
-2.780000 	 0.399727 
-2.760000 	 0.543001 
-2.740000 	 0.474795 
-2.720000 	 0.236449 
-2.700000 	 0.318043 
-2.680000 	 0.622491 
-2.660000 	 0.260305 
-2.640000 	 0.206006 
-2.620000 	 0.163120 
-2.600000 	 0.481832 
-2.580000 	 0.318727 
-2.560000 	 0.143613 
-2.540000 	 0.515046 
-2.520000 	 0.327985 
-2.500000 	 0.185901 
-2.480000 	 0.035100 
-2.460000 	 0.258548 
-2.440000 	 0.099973 
-2.420000 	 0.244564 
-2.400000 	 0.306302 
-2.380000 	 0.291814 
-2.360000 	 0.354156 
-2.340000 	 0.412782 
-2.320000 	 0.725365 
-2.300000 	 -0.033266 
-2.280000 	 0.134622 
-2.260000 	 0.481658 
-2.240000 	 0.368322 
-2.220000 	 0.211524 
-2.200000 	 0.100071 
-2.180000 	 0.269006 
-2.160000 	 0.417052 
-2.140000 	 0.226535 
-2.120000 	 0.361066 
-2.100000 	 0.290931 
-2.080000 	 0.094873 
-2.060000 	 0.225999 
-2.040000 	 -0.091715 
-2.020000 	 0.293813 
-2.000000 	 0.357763 
-1.980000 	 0.208016 
-1.960000 	 0.526186 
-1.940000 	 0.275811 
-1.920000 	 0.528495 
-1.900000 	 0.185862 
-1.880000 	 0.163336 
-1.860000 	 0.317763 
-1.840000 	 0.011631 
-1.820000 	 0.005028 
-1.800000 	 0.131475 
-1.780000 	 0.256006 
-1.760000 	 0.243855 
-1.740000 	 0.106651 
-1.720000 	 0.338665 
-1.700000 	 0.044057 
-1.680000 	 0.154639 
-1.660000 	 0.266752 
-1.640000 	 0.075377 
-1.620000 	 -0.016413 
-1.600000 	 0.453504 
-1.580000 	 0.219201 
-1.560000 	 -0.020790 
-1.540000 	 0.024182 
-1.520000 	 0.009818 
-1.500000 	 0.350632 
-1.480000 	 0.204175 
-1.460000 	 -0.017288 
-1.440000 	 0.229565 
-1.420000 	 0.220017 
-1.400000 	 0.371388 
-1.380000 	 0.116727 
-1.360000 	 0.453435 
-1.340000 	 -0.115555 
-1.320000 	 0.216453 
-1.300000 	 0.265000 
-1.280000 	 -0.168744 
-1.260000 	 0.002866 
-1.240000 	 0.130520 
-1.220000 	 0.157471 
-1.200000 	 0.195826 
-1.180000 	 0.202543 
-1.160000 	 0.056957 
-1.140000 	 0.375564 
-1.120000 	 0.219284 
-1.100000 	 0.243115 
-1.080000 	 0.335550 
-1.060000 	 0.141249 
-1.040000 	 -0.057794 
-1.020000 	 0.022512 
-1.000000 	 0.127412 
-0.980000 	 0.151304 
-0.960000 	 -0.130572 
-0.940000 	 -0.059692 
-0.920000 	 0.261960 
-0.900000 	 0.266570 
-0.880000 	 -0.019055 
-0.860000 	 0.254875 
-0.840000 	 0.422541 
-0.820000 	 0.327241 
-0.800000 	 0.137765 
-0.780000 	 0.137740 
-0.760000 	 -0.023317 
-0.740000 	 0.134874 
-0.720000 	 0.020200 
-0.700000 	 -0.106331 
-0.680000 	 0.031272 
-0.660000 	 0.120604 
-0.640000 	 0.244805 
-0.620000 	 0.440832 
-0.600000 	 -0.070967 
-0.580000 	 0.199802 
-0.560000 	 0.164965 
-0.540000 	 0.447428 
-0.520000 	 0.417575 
-0.500000 	 0.344161 
-0.480000 	 0.116855 
-0.460000 	 0.083878 
-0.440000 	 0.055012 
-0.420000 	 0.243000 
-0.400000 	 0.068252 
-0.380000 	 0.266079 
-0.360000 	 -0.026098 
-0.340000 	 0.256333 
-0.320000 	 0.130211 
-0.300000 	 0.053663 
-0.280000 	 0.148768 
-0.260000 	 0.165450 
-0.240000 	 0.012571 
-0.220000 	 0.115621 
-0.200000 	 0.321074 
-0.180000 	 0.105262 
-0.160000 	 -0.035621 
-0.140000 	 0.275023 
-0.120000 	 0.200460 
-0.100000 	 0.077548 
-0.080000 	 0.078426 
-0.060000 	 0.002998 
-0.040000 	 0.504966 
-0.020000 	 0.160079 
0.000000 	 0.239549 
0.020000 	 0.515432 
0.040000 	 0.097308 
0.060000 	 0.333978 
0.080000 	 0.577251 
0.100000 	 0.228229 
0.120000 	 0.394960 
0.140000 	 0.104027 
0.160000 	 0.384461 
0.180000 	 0.073139 
0.200000 	 0.423287 
0.220000 	 0.291523 
0.240000 	 0.287035 
0.260000 	 0.236843 
0.280000 	 0.298501 
0.300000 	 0.267420 
0.320000 	 0.274368 
0.340000 	 0.387895 
0.360000 	 0.107280 
0.380000 	 0.279917 
0.400000 	 0.356139 
0.420000 	 0.215554 
0.440000 	 0.271753 
0.460000 	 0.490222 
0.480000 	 0.067757 
0.500000 	 0.263570 
0.520000 	 0.352144 
0.540000 	 0.145682 
0.560000 	 0.364506 
0.580000 	 0.618461 
0.600000 	 0.495146 
0.620000 	 0.416106 
0.640000 	 0.181425 
0.660000 	 0.243129 
0.680000 	 0.496454 
0.700000 	 0.408547 
0.720000 	 0.501454 
0.740000 	 0.222179 
0.760000 	 0.649413 
0.780000 	 0.223854 
0.800000 	 0.688196 
0.820000 	 0.306720 
0.840000 	 0.367341 
0.860000 	 0.749613 
0.880000 	 0.484200 
0.900000 	 0.516026 
0.920000 	 0.318436 
0.940000 	 0.661892 
0.960000 	 0.436446 
0.980000 	 0.212283 
1.000000 	 0.505223 
1.020000 	 0.550680 
1.040000 	 0.718862 
1.060000 	 0.308951 
1.080000 	 0.571303 
1.100000 	 0.829233 
1.120000 	 0.725005 
1.140000 	 0.361070 
1.160000 	 0.732695 
1.180000 	 0.878101 
1.200000 	 0.274795 
1.220000 	 0.712042 
1.240000 	 0.651349 
1.260000 	 0.923167 
1.280000 	 0.584039 
1.300000 	 0.627947 
1.320000 	 0.594180 
1.340000 	 0.825949 
1.360000 	 0.827286 
1.380000 	 0.745821 
1.400000 	 0.297203 
1.420000 	 0.617324 
1.440000 	 0.783121 
1.460000 	 0.546012 
1.480000 	 0.646156 
1.500000 	 0.772984 
1.520000 	 0.497244 
1.540000 	 0.795874 
1.560000 	 0.732451 
1.580000 	 0.581529 
1.600000 	 0.833669 
1.620000 	 0.825688 
1.640000 	 0.914379 
1.660000 	 0.950965 
1.680000 	 0.801259 
1.700000 	 0.100000 
1.720000 	 0.798576 
1.740000 	 0.793037 
1.760000 	 0.932398 
1.780000 	 0.600909 
1.800000 	 0.789780 
1.820000 	 0.954680 
1.840000 	 0.882730 
1.860000 	 0.895276 
1.880000 	 1.054003 
1.900000 	 0.846076 
1.920000 	 0.932138 
1.940000 	 0.902527 
1.960000 	 1.325087 
1.980000 	 1.074435 
2.000000 	 0.808708 
2.020000 	 1.062539 
2.040000 	 0.922117 
2.060000 	 1.019715 
2.080000 	 1.058404 
2.100000 	 1.280280 
2.120000 	 0.899236 
2.140000 	 1.058942 
2.160000 	 1.067287 
2.180000 	 1.115889 
2.200000 	 0.751409 
2.220000 	 1.029926 
2.240000 	 1.123614 
2.260000 	 1.100697 
2.280000 	 1.249360 
2.300000 	 1.160799 
2.320000 	 1.044684 
2.340000 	 1.493481 
2.360000 	 1.095527 
2.380000 	 0.960397 
2.400000 	 1.122467 
2.420000 	 1.137933 
2.440000 	 0.956515 
2.460000 	 1.135110 
2.480000 	 1.053282 
2.500000 	 1.191009 
2.520000 	 1.294646 
2.540000 	 1.201847 
2.560000 	 1.129770 
2.580000 	 1.223210 
2.600000 	 1.260159 
2.620000 	 1.432054 
2.640000 	 1.089188 
2.660000 	 1.028212 
2.680000 	 1.396693 
2.700000 	 1.664606 
2.720000 	 1.054384 
2.740000 	 1.281650 
2.760000 	 1.463831 
2.780000 	 1.209394 
2.800000 	 1.226707 
2.820000 	 1.300746 
2.840000 	 1.293232 
2.860000 	 1.083871 
2.880000 	 1.333192 
2.900000 	 1.276123 
2.920000 	 1.487090 
2.940000 	 1.100192 
2.960000 	 1.009324 
2.980000 	 1.262220 
3.000000 	 1.094235 
3.020000 	 1.399652 
3.040000 	 1.297292 
3.060000 	 1.445483 
3.080000 	 1.341265 
3.100000 	 1.574757 
3.120000 	 1.275019 
3.140000 	 1.579781 
3.160000 	 1.190771 
3.180000 	 1.506954 
3.200000 	 1.405692 
3.220000 	 1.628698 
3.240000 	 1.423981 
3.260000 	 1.241268 
3.280000 	 1.227278 
3.300000 	 1.670336 
3.320000 	 1.389390 
3.340000 	 1.636853 
3.360000 	 1.243582 
3.380000 	 1.337948 
3.400000 	 1.568767 
3.420000 	 1.576196 
3.440000 	 1.590394 
3.460000 	 1.560889 
3.480000 	 1.831596 
3.500000 	 1.740091 
3.520000 	 1.294581 
3.540000 	 1.728688 
3.560000 	 1.750543 
3.580000 	 1.465816 
3.600000 	 1.490688 
3.620000 	 1.893969 
3.640000 	 1.547672 
3.660000 	 1.514610 
3.680000 	 1.410314 
3.700000 	 1.632110 
3.720000 	 1.489730 
3.740000 	 1.923532 
3.760000 	 1.535553 
3.780000 	 1.891485 
3.800000 	 1.768720 
3.820000 	 1.702074 
3.840000 	 1.569138 
3.860000 	 1.553414 
3.880000 	 1.679932 
3.900000 	 1.528130 
3.920000 	 1.527089 
3.940000 	 1.740549 
3.960000 	 1.473851 
3.980000 	 1.732870 
4.000000 	 1.636400 
4.020000 	 1.482513 
4.040000 	 1.443161 
4.060000 	 1.940244 
4.080000 	 1.575555 
4.100000 	 1.658060 
4.120000 	 1.589955 
4.140000 	 1.678329 
4.160000 	 1.721018 
4.180000 	 1.604093 
4.200000 	 1.573334 
4.220000 	 1.849348 
4.240000 	 1.399352 
4.260000 	 1.452139 
4.280000 	 1.614032 
4.300000 	 1.684804 
4.320000 	 1.549536 
4.340000 	 1.394933 
4.360000 	 1.713731 
4.380000 	 1.653695 
4.400000 	 1.732042 
4.420000 	 1.515998 
4.440000 	 1.553394 
4.460000 	 1.824741 
4.480000 	 1.440172 
4.500000 	 1.578705 
4.520000 	 1.521119 
4.540000 	 1.582350 
4.560000 	 1.149867 
4.580000 	 1.291959 
4.600000 	 1.596042 
4.620000 	 1.589531 
4.640000 	 1.687817 
4.660000 	 1.515116 
4.680000 	 1.475773 
4.700000 	 1.697752 
4.720000 	 1.361325 
4.740000 	 1.637518 
4.760000 	 1.718780 
4.780000 	 1.525817 
4.800000 	 1.372589 
4.820000 	 1.542569 
4.840000 	 1.541387 
4.860000 	 1.225819 
4.880000 	 1.461324 
4.900000 	 1.544517 
4.920000 	 1.226863 
4.940000 	 1.434537 
4.960000 	 1.540660 
4.980000 	 1.401234 
5.000000 	 1.408352 
5.020000 	 1.547417 
5.040000 	 1.473050 
5.060000 	 1.215151 
5.080000 	 1.551856 
5.100000 	 1.695785 
5.120000 	 1.294204 
5.140000 	 1.480672 
5.160000 	 1.438908 
5.180000 	 1.405556 
5.200000 	 1.458338 
5.220000 	 1.341981 
5.240000 	 1.323670 
5.260000 	 1.350737 
5.280000 	 1.240349 
5.300000 	 1.342916 
5.320000 	 0.993606 
5.340000 	 1.241029 
5.360000 	 1.127127 
5.380000 	 1.344030 
5.400000 	 1.374042 
5.420000 	 1.421071 
5.440000 	 1.392329 
5.460000 	 1.141389 
5.480000 	 1.508316 
5.500000 	 1.130787 
5.520000 	 1.269908 
5.540000 	 1.241344 
5.560000 	 1.227797 
5.580000 	 1.254810 
5.600000 	 0.953536 
5.620000 	 1.061875 
5.640000 	 1.140895 
5.660000 	 0.907135 
5.680000 	 1.192253 
5.700000 	 1.052825 
5.720000 	 0.822032 
5.740000 	 1.184045 
5.760000 	 1.173652 
5.780000 	 1.177574 
5.800000 	 0.986548 
5.820000 	 1.306264 
5.840000 	 0.939910 
5.860000 	 0.954362 
5.880000 	 0.975924 
5.900000 	 1.035885 
5.920000 	 1.185908 
5.940000 	 1.114681 
5.960000 	 1.243523 
5.980000 	 0.768276 
6.000000 	 1.102810 
6.020000 	 0.933345 
6.040000 	 0.970048 
6.060000 	 1.104781 
6.080000 	 0.635410 
6.100000 	 0.923442 
6.120000 	 0.698959 
6.140000 	 0.914145 
6.160000 	 0.912046 
6.180000 	 1.184585 
6.200000 	 0.805077 
6.220000 	 0.972131 
6.240000 	 0.950678 
6.260000 	 0.559788 
6.280000 	 0.753246 
6.300000 	 0.857303 
6.320000 	 0.593815 
6.340000 	 0.953904 
6.360000 	 0.715429 
6.380000 	 0.739379 
6.400000 	 0.741799 
6.420000 	 0.617798 
6.440000 	 0.726857 
6.460000 	 0.693374 
6.480000 	 0.793125 
6.500000 	 0.856442 
6.520000 	 0.635547 
6.540000 	 0.735545 
6.560000 	 0.528491 
6.580000 	 0.738854 
6.600000 	 0.876343 
6.620000 	 0.435067 
6.640000 	 0.738161 
6.660000 	 0.949257 
6.680000 	 0.818584 
6.700000 	 0.988549 
6.720000 	 0.474657 
6.740000 	 0.824868 
6.760000 	 0.634985 
6.780000 	 0.969549 
6.800000 	 0.709929 
6.820000 	 0.315321 
6.840000 	 0.573119 
6.860000 	 0.585741 
6.880000 	 0.652578 
6.900000 	 0.697367 
6.920000 	 0.537859 
6.940000 	 0.514573 
6.960000 	 0.502841 
6.980000 	 0.490385 
7.000000 	 0.525858 
7.020000 	 0.371483 
7.040000 	 0.407322 
7.060000 	 0.684338 
7.080000 	 0.516362 
7.100000 	 0.819655 
7.120000 	 0.574961 
7.140000 	 0.341115 
7.160000 	 0.614514 
7.180000 	 0.687938 
7.200000 	 0.380254 
7.220000 	 0.642177 
7.240000 	 0.569814 
7.260000 	 0.788366 
7.280000 	 0.476928 
7.300000 	 0.445294 
7.320000 	 0.197898 
7.340000 	 0.218873 
7.360000 	 0.163858 
7.380000 	 0.149281 
7.400000 	 0.481356 
7.420000 	 0.519481 
7.440000 	 0.323475 
7.460000 	 0.452960 
7.480000 	 0.404166 
7.500000 	 0.399000 
7.520000 	 0.267642 
7.540000 	 0.155677 
7.560000 	 0.387008 
7.580000 	 0.616423 
7.600000 	 0.368366 
7.620000 	 0.385400 
7.640000 	 0.477292 
7.660000 	 0.277722 
7.680000 	 0.412163 
7.700000 	 0.136164 
7.720000 	 0.386489 
7.740000 	 0.391676 
7.760000 	 0.204556 
7.780000 	 0.427773 
7.800000 	 0.188758 
7.820000 	 0.212895 
7.840000 	 0.236945 
7.860000 	 0.104124 
7.880000 	 0.448195 
7.900000 	 0.385478 
7.920000 	 0.171866 
7.940000 	 0.215639 
7.960000 	 0.228997 
7.980000 	 0.180962 
8.000000 	 0.239183 
8.020000 	 -0.017653 
8.040000 	 0.079852 
8.060000 	 0.311516 
8.080000 	 0.415611 
8.100000 	 0.400847 
8.120000 	 0.246193 
8.140000 	 0.453042 
8.160000 	 0.034802 
8.180000 	 -0.159335 
8.200000 	 0.046374 
8.220000 	 -0.011604 
8.240000 	 0.491341 
8.260000 	 0.209043 
8.280000 	 0.215757 
8.300000 	 0.272472 
8.320000 	 0.390521 
8.340000 	 0.171574 
8.360000 	 0.053814 
8.380000 	 0.395721 
8.400000 	 0.188901 
8.420000 	 0.014687 
8.440000 	 -0.115515 
8.460000 	 -0.102415 
8.480000 	 0.256540 
8.500000 	 -0.000569 
8.520000 	 0.293744 
8.540000 	 0.076805 
8.560000 	 0.139613 
8.580000 	 0.043589 
8.600000 	 0.059957 
8.620000 	 0.071542 
8.640000 	 0.057976 
8.660000 	 0.009560 
8.680000 	 0.271335 
8.700000 	 -0.165899 
8.720000 	 -0.011227 
8.740000 	 -0.102616 
8.760000 	 0.219793 
8.780000 	 -0.007706 
8.800000 	 0.137702 
8.820000 	 -0.025645 
8.840000 	 0.201655 
8.860000 	 0.375901 
8.880000 	 0.219650 
8.900000 	 0.355796 
8.920000 	 -0.035695 
8.940000 	 0.307288 
8.960000 	 -0.026226 
8.980000 	 0.289855 
9.000000 	 0.252102 
9.020000 	 -0.045444 
9.040000 	 0.242592 
9.060000 	 0.106355 
9.080000 	 0.142933 
9.100000 	 0.133445 
9.120000 	 -0.223562 
9.140000 	 0.113432 
9.160000 	 0.056823 
9.180000 	 0.246868 
9.200000 	 0.125426 
9.220000 	 0.282536 
9.240000 	 0.086357 
9.260000 	 0.093250 
9.280000 	 -0.100839 
9.300000 	 0.170184 
9.320000 	 0.156200 
9.340000 	 0.017558 
9.360000 	 0.318058 
9.380000 	 0.411774 
9.400000 	 0.056757 
9.420000 	 0.071845 
9.440000 	 0.008021 
9.460000 	 -0.138515 
9.480000 	 -0.075055 
9.500000 	 -0.064534 
9.520000 	 -0.029069 
9.540000 	 -0.013256 
9.560000 	 0.003728 
9.580000 	 0.184568 
9.600000 	 0.225559 
9.620000 	 -0.179953 
9.640000 	 0.188719 
9.660000 	 0.032844 
9.680000 	 -0.144447 
9.700000 	 0.242241 
9.720000 	 0.037821 
9.740000 	 -0.055294 
9.760000 	 -0.086240 
9.780000 	 0.057514 
9.800000 	 -0.023273 
9.820000 	 0.138165 
9.840000 	 -0.076433 
9.860000 	 0.053222 
9.880000 	 0.016170 
9.900000 	 0.009422 
9.920000 	 -0.270432 
9.940000 	 -0.270890 
9.960000 	 0.104303 
9.980000 	 0.047446 
10.000000 	 0.229185 
10.020000 	 -0.196316 
10.040000 	 0.014636 
10.060000 	 0.220899 
10.080000 	 0.206310 
10.100000 	 -0.008726 
10.120000 	 0.142570 
10.140000 	 -0.037704 
10.160000 	 0.141203 
10.180000 	 -0.171020 
10.200000 	 0.049444 
10.220000 	 0.050144 
10.240000 	 -0.208510 
10.260000 	 -0.029234 
10.280000 	 0.054319 
10.300000 	 0.080979 
10.320000 	 -0.023067 
10.340000 	 0.069003 
10.360000 	 0.232224 
10.380000 	 -0.117989 
10.400000 	 -0.056081 
10.420000 	 -0.098259 
10.440000 	 0.051523 
10.460000 	 0.138521 
10.480000 	 -0.241118 
10.500000 	 0.104769 
10.520000 	 -0.021582 
10.540000 	 -0.175420 
10.560000 	 -0.031386 
10.580000 	 0.225412 
10.600000 	 0.037466 
10.620000 	 -0.207972 
10.640000 	 -0.000007 
10.660000 	 -0.039124 
10.680000 	 0.130049 
10.700000 	 -0.163290 
10.720000 	 -0.093562 
10.740000 	 -0.214414 
10.760000 	 0.198534 
10.780000 	 0.249073 
10.800000 	 0.364333 
10.820000 	 0.084763 
10.840000 	 0.247457 
10.860000 	 -0.254698 
10.880000 	 0.077564 
10.900000 	 -0.045836 
10.920000 	 0.207765 
10.940000 	 0.114193 
10.960000 	 0.058899 
10.980000 	 0.100332 
11.000000 	 0.161103 
11.020000 	 -0.084941 
11.040000 	 -0.095269 
11.060000 	 -0.207280 
11.080000 	 0.228986 
11.100000 	 0.212346 
11.120000 	 0.269083 
11.140000 	 -0.201114 
11.160000 	 -0.073435 
11.180000 	 -0.048960 
11.200000 	 0.099118 
11.220000 	 0.180620 
11.240000 	 -0.118216 
11.260000 	 0.053179 
11.280000 	 0.085537 
11.300000 	 0.006334 
11.320000 	 0.015843 
11.340000 	 0.002842 
11.360000 	 -0.237689 
11.380000 	 0.073306 
11.400000 	 -0.043905 
11.420000 	 -0.046787 
11.440000 	 0.031480 
11.460000 	 0.116539 
11.480000 	 0.290137 
11.500000 	 0.245024 
11.520000 	 -0.176416 
11.540000 	 0.009242 
11.560000 	 0.087196 
11.580000 	 -0.142796 
11.600000 	 0.037417 
11.620000 	 0.127458 
11.640000 	 0.007097 
11.660000 	 0.113123 
11.680000 	 -0.043491 
11.700000 	 0.091071 
11.720000 	 0.001959 
11.740000 	 0.064507 
11.760000 	 -0.003328 
11.780000 	 0.071368 
11.800000 	 0.079433 
11.820000 	 0.278103 
11.840000 	 0.108850 
11.860000 	 0.003661 
11.880000 	 -0.099286 
11.900000 	 0.031750 
11.920000 	 0.250382 
11.940000 	 0.090216 
11.960000 	 -0.207587 
11.980000 	 -0.185379 
12.000000 	 -0.097136 
12.020000 	 -0.010480 
12.040000 	 0.295010 
12.060000 	 0.016541 
12.080000 	 -0.088801 
12.100000 	 0.052925 
12.120000 	 -0.058206 
12.140000 	 0.059936 
12.160000 	 -0.186205 
12.180000 	 -0.146838 
12.200000 	 -0.241847 
12.220000 	 0.156633 
12.240000 	 -0.061077 
12.260000 	 0.293268 
12.280000 	 -0.037365 
12.300000 	 0.078278 
12.320000 	 -0.080443 
12.340000 	 -0.035454 
12.360000 	 -0.306048 
12.380000 	 0.041218 
12.400000 	 -0.125474 
12.420000 	 0.083741 
12.440000 	 0.121349 
12.460000 	 0.238666 
12.480000 	 -0.109936 
12.500000 	 -0.133518 
12.520000 	 -0.074585 
12.540000 	 -0.074710 
12.560000 	 -0.491001 
12.580000 	 0.056240 
12.600000 	 -0.203524 
12.620000 	 -0.006309 
12.640000 	 0.081684 
12.660000 	 0.043412 
12.680000 	 0.209374 
12.700000 	 0.029403 
12.720000 	 -0.197336 
12.740000 	 -0.190277 
12.760000 	 0.038324 
12.780000 	 0.028201 
12.800000 	 -0.178825 
12.820000 	 0.133955 
12.840000 	 0.103752 
12.860000 	 -0.046428 
12.880000 	 -0.050384 
12.900000 	 -0.132016 
12.920000 	 -0.286703 
12.940000 	 0.188498 
12.960000 	 0.016070 
12.980000 	 -0.040781 
13.000000 	 0.192315 
13.020000 	 0.193411 
13.040000 	 0.075368 
13.060000 	 -0.083441 
13.080000 	 -0.022422 
13.100000 	 -0.079201 
13.120000 	 -0.026794 
13.140000 	 -0.085621 
13.160000 	 -0.043295 
13.180000 	 -0.163438 
13.200000 	 -0.173879 
13.220000 	 0.043196 
13.240000 	 0.062485 
13.260000 	 0.043511 
13.280000 	 0.024499 
13.300000 	 -0.071049 
13.320000 	 -0.500000 
13.340000 	 0.019874 
13.360000 	 0.044841 
13.380000 	 -0.132876 
13.400000 	 0.072813 
13.420000 	 0.014490 
13.440000 	 -0.065008 
13.460000 	 0.128785 
13.480000 	 -0.027666 
13.500000 	 -0.167102 
13.520000 	 -0.004641 
13.540000 	 0.008961 
13.560000 	 0.220475 
13.580000 	 -0.092594 
13.600000 	 0.187307 
13.620000 	 -0.515849 
13.640000 	 0.095653 
13.660000 	 -0.128050 
13.680000 	 -0.144911 
13.700000 	 0.004304 
13.720000 	 -0.002075 
13.740000 	 -0.088384 
13.760000 	 -0.096454 
13.780000 	 -0.009612 
13.800000 	 0.062867 
13.820000 	 -0.048047 
13.840000 	 0.163549 
13.860000 	 0.036132 
13.880000 	 0.218884 
13.900000 	 0.186421 
13.920000 	 -0.205223 
13.940000 	 -0.046092 
13.960000 	 -0.117531 
13.980000 	 -0.048227 
14.000000 	 -0.247327 
14.020000 	 -0.052761 
14.040000 	 0.276278 
14.060000 	 0.154791 
14.080000 	 0.095687 
14.100000 	 -0.104793 
14.120000 	 -0.044818 
14.140000 	 0.053614 
14.160000 	 0.183652 
14.180000 	 -0.054263 
14.200000 	 -0.064700 
14.220000 	 -0.193524 
14.240000 	 -0.106653 
14.260000 	 0.045803 
14.280000 	 -0.164027 
14.300000 	 -0.217375 
14.320000 	 -0.107367 
14.340000 	 -0.051224 
14.360000 	 -0.136746 
14.380000 	 -0.255328 
14.400000 	 -0.006958 
14.420000 	 -0.005916 
14.440000 	 0.009691 
14.460000 	 0.298453 
14.480000 	 0.078530 
14.500000 	 0.257160 
14.520000 	 -0.123167 
14.540000 	 -0.505291 
14.560000 	 0.078412 
14.580000 	 -0.023671 
14.600000 	 0.127639 
14.620000 	 -0.282375 
14.640000 	 0.087854 
14.660000 	 0.077225 
14.680000 	 0.239339 
14.700000 	 0.091928 
14.720000 	 0.101533 
14.740000 	 0.017944 
14.760000 	 0.027049 
14.780000 	 -0.033600 
14.800000 	 0.202882 
14.820000 	 -0.135329 
14.840000 	 -0.045110 
14.860000 	 -0.008308 
14.880000 	 0.057647 
14.900000 	 0.207122 
14.920000 	 -0.094584 
14.940000 	 0.069035 
14.960000 	 0.139362 
14.980000 	 0.091636 
15.000000 	 0.030106 
