-15.000000 	 0.192379 
-14.980000 	 0.000573 
-14.960000 	 -0.192397 
-14.940000 	 0.001007 
-14.920000 	 0.147313 
-14.900000 	 -0.041568 
-14.880000 	 -0.058068 
-14.860000 	 -0.108989 
-14.840000 	 -0.055701 
-14.820000 	 0.082639 
-14.800000 	 -0.168487 
-14.780000 	 0.127805 
-14.760000 	 0.007671 
-14.740000 	 -0.220647 
-14.720000 	 -0.182267 
-14.700000 	 -0.059415 
-14.680000 	 -0.135632 
-14.660000 	 0.047935 
-14.640000 	 0.253554 
-14.620000 	 0.193617 
-14.600000 	 0.011821 
-14.580000 	 -0.051935 
-14.560000 	 0.068704 
-14.540000 	 -0.078532 
-14.520000 	 -0.036874 
-14.500000 	 -0.247211 
-14.480000 	 0.034992 
-14.460000 	 -0.093502 
-14.440000 	 0.067974 
-14.420000 	 0.238879 
-14.400000 	 0.146407 
-14.380000 	 0.061673 
-14.360000 	 0.005625 
-14.340000 	 0.157727 
-14.320000 	 -0.416027 
-14.300000 	 0.295503 
-14.280000 	 0.135381 
-14.260000 	 -0.033373 
-14.240000 	 0.203023 
-14.220000 	 -0.405092 
-14.200000 	 -0.058826 
-14.180000 	 -0.064086 
-14.160000 	 0.213169 
-14.140000 	 -0.067229 
-14.120000 	 -0.020934 
-14.100000 	 0.186208 
-14.080000 	 -0.277790 
-14.060000 	 -0.014423 
-14.040000 	 0.038186 
-14.020000 	 -0.033170 
-14.000000 	 -0.198328 
-13.980000 	 -0.082414 
-13.960000 	 0.055658 
-13.940000 	 -0.117001 
-13.920000 	 -0.014566 
-13.900000 	 -0.027944 
-13.880000 	 0.034920 
-13.860000 	 0.041462 
-13.840000 	 0.075632 
-13.820000 	 -0.046904 
-13.800000 	 -0.067846 
-13.780000 	 -0.291377 
-13.760000 	 0.078172 
-13.740000 	 -0.066550 
-13.720000 	 -0.158717 
-13.700000 	 -0.015801 
-13.680000 	 0.148367 
-13.660000 	 0.000209 
-13.640000 	 -0.306728 
-13.620000 	 0.000229 
-13.600000 	 -0.137548 
-13.580000 	 -0.064715 
-13.560000 	 0.028762 
-13.540000 	 0.114482 
-13.520000 	 -0.097773 
-13.500000 	 0.204273 
-13.480000 	 -0.048872 
-13.460000 	 0.121253 
-13.440000 	 0.113413 
-13.420000 	 0.227471 
-13.400000 	 -0.084054 
-13.380000 	 -0.050182 
-13.360000 	 -0.028070 
-13.340000 	 -0.150294 
-13.320000 	 0.032101 
-13.300000 	 -0.031341 
-13.280000 	 -0.071329 
-13.260000 	 -0.038145 
-13.240000 	 0.001118 
-13.220000 	 -0.061686 
-13.200000 	 0.052079 
-13.180000 	 -0.044021 
-13.160000 	 0.111960 
-13.140000 	 -0.045490 
-13.120000 	 0.269133 
-13.100000 	 0.087185 
-13.080000 	 0.036786 
-13.060000 	 0.136930 
-13.040000 	 0.077287 
-13.020000 	 0.080432 
-13.000000 	 0.216754 
-12.980000 	 -0.090411 
-12.960000 	 -0.051732 
-12.940000 	 0.038076 
-12.920000 	 -0.055927 
-12.900000 	 -0.338045 
-12.880000 	 0.122220 
-12.860000 	 0.189764 
-12.840000 	 0.286523 
-12.820000 	 -0.088861 
-12.800000 	 0.237764 
-12.780000 	 0.278231 
-12.760000 	 0.057973 
-12.740000 	 -0.000388 
-12.720000 	 0.148934 
-12.700000 	 -0.005208 
-12.680000 	 -0.193925 
-12.660000 	 -0.121233 
-12.640000 	 -0.019363 
-12.620000 	 -0.028448 
-12.600000 	 0.800000 
-12.580000 	 -0.140813 
-12.560000 	 -0.111493 
-12.540000 	 0.016948 
-12.520000 	 0.081042 
-12.500000 	 0.237360 
-12.480000 	 -0.253701 
-12.460000 	 -0.023682 
-12.440000 	 -0.197560 
-12.420000 	 -0.103617 
-12.400000 	 -0.107355 
-12.380000 	 -0.118907 
-12.360000 	 -0.089846 
-12.340000 	 0.176925 
-12.320000 	 -0.086429 
-12.300000 	 0.182511 
-12.280000 	 -0.092967 
-12.260000 	 0.008002 
-12.240000 	 -0.031761 
-12.220000 	 0.185596 
-12.200000 	 0.202345 
-12.180000 	 0.160347 
-12.160000 	 0.104697 
-12.140000 	 0.076528 
-12.120000 	 -0.089995 
-12.100000 	 0.041163 
-12.080000 	 -0.049730 
-12.060000 	 0.238335 
-12.040000 	 0.149521 
-12.020000 	 0.097903 
-12.000000 	 0.042386 
-11.980000 	 -0.298263 
-11.960000 	 -0.051449 
-11.940000 	 0.157822 
-11.920000 	 -0.181306 
-11.900000 	 0.118229 
-11.880000 	 0.089024 
-11.860000 	 -0.083988 
-11.840000 	 -0.001206 
-11.820000 	 -0.035014 
-11.800000 	 -0.195098 
-11.780000 	 0.216644 
-11.760000 	 0.063266 
-11.740000 	 0.039015 
-11.720000 	 -0.148267 
-11.700000 	 0.156272 
-11.680000 	 0.184137 
-11.660000 	 -0.150314 
-11.640000 	 0.000510 
-11.620000 	 0.210986 
-11.600000 	 0.153705 
-11.580000 	 -0.066002 
-11.560000 	 -0.069397 
-11.540000 	 0.270321 
-11.520000 	 0.035964 
-11.500000 	 0.026326 
-11.480000 	 -0.116991 
-11.460000 	 -0.018703 
-11.440000 	 0.211266 
-11.420000 	 -0.012321 
-11.400000 	 0.067384 
-11.380000 	 0.226085 
-11.360000 	 -0.123122 
-11.340000 	 -0.065893 
-11.320000 	 0.124838 
-11.300000 	 0.043938 
-11.280000 	 -0.159918 
-11.260000 	 -0.076296 
-11.240000 	 -0.149015 
-11.220000 	 -0.019753 
-11.200000 	 -0.057997 
-11.180000 	 -0.143996 
-11.160000 	 -0.013951 
-11.140000 	 -0.182963 
-11.120000 	 0.011166 
-11.100000 	 0.128626 
-11.080000 	 -0.068695 
-11.060000 	 0.153131 
-11.040000 	 -0.093635 
-11.020000 	 0.047573 
-11.000000 	 0.122255 
-10.980000 	 -0.015174 
-10.960000 	 0.175940 
-10.940000 	 0.212961 
-10.920000 	 -0.037379 
-10.900000 	 0.188245 
-10.880000 	 -0.046530 
-10.860000 	 -0.120142 
-10.840000 	 -0.250655 
-10.820000 	 -0.109189 
-10.800000 	 0.044951 
-10.780000 	 0.122858 
-10.760000 	 0.150907 
-10.740000 	 -0.117850 
-10.720000 	 -0.006249 
-10.700000 	 -0.081304 
-10.680000 	 -0.234825 
-10.660000 	 -0.102214 
-10.640000 	 0.107494 
-10.620000 	 0.312338 
-10.600000 	 0.055270 
-10.580000 	 -0.008595 
-10.560000 	 -0.026402 
-10.540000 	 -0.208624 
-10.520000 	 -0.093817 
-10.500000 	 -0.094203 
-10.480000 	 -0.059533 
-10.460000 	 -0.065194 
-10.440000 	 0.052707 
-10.420000 	 -0.105902 
-10.400000 	 0.050769 
-10.380000 	 -0.066563 
-10.360000 	 0.177088 
-10.340000 	 0.074766 
-10.320000 	 -0.242205 
-10.300000 	 -0.033334 
-10.280000 	 -0.062652 
-10.260000 	 0.116071 
-10.240000 	 -0.114934 
-10.220000 	 -0.057740 
-10.200000 	 0.013406 
-10.180000 	 0.060462 
-10.160000 	 -0.029510 
-10.140000 	 0.148333 
-10.120000 	 0.363803 
-10.100000 	 0.353301 
-10.080000 	 0.001514 
-10.060000 	 0.040122 
-10.040000 	 0.299921 
-10.020000 	 -0.039385 
-10.000000 	 0.289189 
-9.980000 	 -0.015125 
-9.960000 	 -0.007454 
-9.940000 	 -0.167702 
-9.920000 	 0.121860 
-9.900000 	 -0.142903 
-9.880000 	 -0.056561 
-9.860000 	 -0.201956 
-9.840000 	 0.120835 
-9.820000 	 -0.250813 
-9.800000 	 -0.070299 
-9.780000 	 0.023993 
-9.760000 	 0.101359 
-9.740000 	 -0.078788 
-9.720000 	 0.029954 
-9.700000 	 -0.020856 
-9.680000 	 -0.043787 
-9.660000 	 -0.074356 
-9.640000 	 0.050013 
-9.620000 	 0.041114 
-9.600000 	 -0.225106 
-9.580000 	 -0.066965 
-9.560000 	 0.091875 
-9.540000 	 0.054534 
-9.520000 	 -0.005632 
-9.500000 	 0.227056 
-9.480000 	 0.403372 
-9.460000 	 0.104960 
-9.440000 	 -0.070891 
-9.420000 	 -0.563817 
-9.400000 	 0.080988 
-9.380000 	 0.392052 
-9.360000 	 0.139266 
-9.340000 	 0.087291 
-9.320000 	 0.205618 
-9.300000 	 -0.101020 
-9.280000 	 -0.058256 
-9.260000 	 -0.198344 
-9.240000 	 -0.116585 
-9.220000 	 0.269476 
-9.200000 	 0.108902 
-9.180000 	 0.042085 
-9.160000 	 -0.035926 
-9.140000 	 0.900000 
-9.120000 	 -0.173117 
-9.100000 	 0.297990 
-9.080000 	 -0.077737 
-9.060000 	 -0.063723 
-9.040000 	 -0.214974 
-9.020000 	 -0.080979 
-9.000000 	 0.184733 
-8.980000 	 0.290967 
-8.960000 	 -0.047365 
-8.940000 	 -0.000116 
-8.920000 	 0.000205 
-8.900000 	 -0.110101 
-8.880000 	 0.268127 
-8.860000 	 0.207344 
-8.840000 	 -0.024231 
-8.820000 	 -0.009775 
-8.800000 	 -0.217656 
-8.780000 	 -0.170019 
-8.760000 	 -0.064617 
-8.740000 	 0.003724 
-8.720000 	 0.342018 
-8.700000 	 -0.143157 
-8.680000 	 0.121037 
-8.660000 	 0.034093 
-8.640000 	 0.152979 
-8.620000 	 -0.031720 
-8.600000 	 0.096281 
-8.580000 	 -0.343954 
-8.560000 	 0.087130 
-8.540000 	 0.170482 
-8.520000 	 -0.003227 
-8.500000 	 0.046835 
-8.480000 	 -0.147701 
-8.460000 	 -0.139618 
-8.440000 	 -0.167903 
-8.420000 	 0.076504 
-8.400000 	 0.390476 
-8.380000 	 0.129693 
-8.360000 	 0.055772 
-8.340000 	 0.109693 
-8.320000 	 -0.087131 
-8.300000 	 0.132593 
-8.280000 	 0.200770 
-8.260000 	 -0.039421 
-8.240000 	 0.372936 
-8.220000 	 -0.129325 
-8.200000 	 0.000101 
-8.180000 	 0.009786 
-8.160000 	 0.143042 
-8.140000 	 0.037374 
-8.120000 	 -0.176071 
-8.100000 	 0.190855 
-8.080000 	 -0.042257 
-8.060000 	 -0.134589 
-8.040000 	 -0.046111 
-8.020000 	 0.262162 
-8.000000 	 -0.005672 
-7.980000 	 0.106163 
-7.960000 	 0.172325 
-7.940000 	 0.006910 
-7.920000 	 -0.062565 
-7.900000 	 0.221412 
-7.880000 	 0.075434 
-7.860000 	 0.057830 
-7.840000 	 0.317894 
-7.820000 	 -0.018942 
-7.800000 	 0.274469 
-7.780000 	 0.251899 
-7.760000 	 -0.093131 
-7.740000 	 0.026547 
-7.720000 	 0.012505 
-7.700000 	 0.070589 
-7.680000 	 0.138441 
-7.660000 	 0.172741 
-7.640000 	 0.011543 
-7.620000 	 -0.124470 
-7.600000 	 -0.082588 
-7.580000 	 0.346998 
-7.560000 	 0.231819 
-7.540000 	 0.137244 
-7.520000 	 0.030220 
-7.500000 	 -0.115979 
-7.480000 	 0.083649 
-7.460000 	 -0.104902 
-7.440000 	 0.063715 
-7.420000 	 0.069984 
-7.400000 	 0.222723 
-7.380000 	 -0.002551 
-7.360000 	 0.027740 
-7.340000 	 0.112676 
-7.320000 	 0.173637 
-7.300000 	 -0.053656 
-7.280000 	 0.116789 
-7.260000 	 -0.026904 
-7.240000 	 0.131090 
-7.220000 	 -0.005240 
-7.200000 	 0.160278 
-7.180000 	 0.021874 
-7.160000 	 0.215348 
-7.140000 	 0.151951 
-7.120000 	 0.120945 
-7.100000 	 0.189722 
-7.080000 	 -0.218808 
-7.060000 	 0.013322 
-7.040000 	 0.142601 
-7.020000 	 0.073349 
-7.000000 	 0.262720 
-6.980000 	 -0.029241 
-6.960000 	 -0.078240 
-6.940000 	 -0.071004 
-6.920000 	 0.003827 
-6.900000 	 -0.027823 
-6.880000 	 -0.046235 
-6.860000 	 0.063884 
-6.840000 	 0.210412 
-6.820000 	 0.253916 
-6.800000 	 0.040489 
-6.780000 	 0.274170 
-6.760000 	 0.198589 
-6.740000 	 0.025777 
-6.720000 	 -0.118004 
-6.700000 	 0.212084 
-6.680000 	 0.600000 
-6.660000 	 0.293684 
-6.640000 	 0.028236 
-6.620000 	 0.267650 
-6.600000 	 -0.134916 
-6.580000 	 0.244946 
-6.560000 	 0.275099 
-6.540000 	 0.088028 
-6.520000 	 0.130923 
-6.500000 	 0.152312 
-6.480000 	 0.170271 
-6.460000 	 -0.128789 
-6.440000 	 0.181395 
-6.420000 	 -0.020795 
-6.400000 	 0.168608 
-6.380000 	 0.177478 
-6.360000 	 0.400766 
-6.340000 	 -0.118718 
-6.320000 	 0.255819 
-6.300000 	 0.272921 
-6.280000 	 0.407313 
-6.260000 	 -0.004290 
-6.240000 	 0.243266 
-6.220000 	 0.474678 
-6.200000 	 0.044628 
-6.180000 	 0.357129 
-6.160000 	 0.051265 
-6.140000 	 0.147163 
-6.120000 	 0.271453 
-6.100000 	 0.259420 
-6.080000 	 0.249417 
-6.060000 	 0.148170 
-6.040000 	 0.229926 
-6.020000 	 0.299021 
-6.000000 	 0.303489 
-5.980000 	 0.401306 
-5.960000 	 0.125711 
-5.940000 	 0.229013 
-5.920000 	 0.425938 
-5.900000 	 0.335168 
-5.880000 	 0.159719 
-5.860000 	 0.223159 
-5.840000 	 0.337327 
-5.820000 	 0.117044 
-5.800000 	 0.206442 
-5.780000 	 0.097216 
-5.760000 	 0.316122 
-5.740000 	 0.291952 
-5.720000 	 0.256434 
-5.700000 	 0.093007 
-5.680000 	 0.141149 
-5.660000 	 0.417681 
-5.640000 	 0.068235 
-5.620000 	 0.081843 
-5.600000 	 0.313216 
-5.580000 	 0.337288 
-5.560000 	 0.411892 
-5.540000 	 0.394345 
-5.520000 	 0.536265 
-5.500000 	 0.371694 
-5.480000 	 0.123879 
-5.460000 	 0.338413 
-5.440000 	 0.243189 
-5.420000 	 0.297695 
-5.400000 	 0.326572 
-5.380000 	 0.512581 
-5.360000 	 0.562990 
-5.340000 	 0.377662 
-5.320000 	 0.344465 
-5.300000 	 0.602629 
-5.280000 	 0.404668 
-5.260000 	 0.001550 
-5.240000 	 0.419979 
-5.220000 	 0.231676 
-5.200000 	 0.377536 
-5.180000 	 0.229085 
-5.160000 	 -0.006270 
-5.140000 	 0.307415 
-5.120000 	 0.376126 
-5.100000 	 0.666931 
-5.080000 	 0.441995 
-5.060000 	 0.548402 
-5.040000 	 0.403003 
-5.020000 	 0.512007 
-5.000000 	 0.459394 
-4.980000 	 0.463733 
-4.960000 	 0.407927 
-4.940000 	 0.510916 
-4.920000 	 0.361566 
-4.900000 	 0.248795 
-4.880000 	 0.561993 
-4.860000 	 0.442275 
-4.840000 	 0.699902 
-4.820000 	 0.369738 
-4.800000 	 0.239994 
-4.780000 	 0.388555 
-4.760000 	 0.310932 
-4.740000 	 0.500704 
-4.720000 	 0.431658 
-4.700000 	 0.581283 
-4.680000 	 0.575377 
-4.660000 	 0.488249 
-4.640000 	 0.255577 
-4.620000 	 0.749866 
-4.600000 	 0.826493 
-4.580000 	 0.792975 
-4.560000 	 0.583009 
-4.540000 	 0.482151 
-4.520000 	 0.216776 
-4.500000 	 0.196339 
-4.480000 	 0.577255 
-4.460000 	 0.368717 
-4.440000 	 0.453607 
-4.420000 	 0.359175 
-4.400000 	 0.467708 
-4.380000 	 0.274132 
-4.360000 	 0.357653 
-4.340000 	 0.331081 
-4.320000 	 0.725171 
-4.300000 	 0.637188 
-4.280000 	 0.624855 
-4.260000 	 0.393061 
-4.240000 	 0.370449 
-4.220000 	 0.607794 
-4.200000 	 0.521204 
-4.180000 	 0.696297 
-4.160000 	 0.432820 
-4.140000 	 0.823047 
-4.120000 	 0.764364 
-4.100000 	 0.367466 
-4.080000 	 0.310655 
-4.060000 	 0.640135 
-4.040000 	 0.357886 
-4.020000 	 0.475210 
-4.000000 	 0.350111 
-3.980000 	 0.331280 
-3.960000 	 0.630841 
-3.940000 	 0.281038 
-3.920000 	 0.390985 
-3.900000 	 0.583567 
-3.880000 	 0.406742 
-3.860000 	 0.317513 
-3.840000 	 0.357247 
-3.820000 	 0.558159 
-3.800000 	 0.487165 
-3.780000 	 0.462117 
-3.760000 	 0.594501 
-3.740000 	 0.564269 
-3.720000 	 0.537937 
-3.700000 	 0.502059 
-3.680000 	 0.203716 
-3.660000 	 0.565834 
-3.640000 	 0.542834 
-3.620000 	 0.553457 
-3.600000 	 0.663482 
-3.580000 	 0.424666 
-3.560000 	 0.356661 
-3.540000 	 0.757972 
-3.520000 	 0.706627 
-3.500000 	 0.356832 
-3.480000 	 0.707730 
-3.460000 	 0.498315 
-3.440000 	 0.389272 
-3.420000 	 0.314342 
-3.400000 	 0.511209 
-3.380000 	 0.542974 
-3.360000 	 0.290227 
-3.340000 	 0.517688 
-3.320000 	 0.501258 
-3.300000 	 0.524732 
-3.280000 	 0.530775 
-3.260000 	 0.476829 
-3.240000 	 0.671893 
-3.220000 	 0.522152 
-3.200000 	 0.301964 
-3.180000 	 0.272854 
-3.160000 	 0.890569 
-3.140000 	 0.363191 
-3.120000 	 0.269873 
-3.100000 	 0.633346 
-3.080000 	 0.419428 
-3.060000 	 0.300352 
-3.040000 	 0.738162 
-3.020000 	 0.357824 
-3.000000 	 0.356450 
-2.980000 	 0.367615 
-2.960000 	 0.034159 
-2.940000 	 0.227240 
-2.920000 	 0.261024 
-2.900000 	 0.493558 
-2.880000 	 0.544250 
-2.860000 	 0.597074 
-2.840000 	 0.346079 
-2.820000 	 0.342419 
-2.800000 	 0.390492 
-2.780000 	 0.173791 
-2.760000 	 0.483740 
-2.740000 	 0.297615 
-2.720000 	 0.330437 
-2.700000 	 0.246335 
-2.680000 	 0.360670 
-2.660000 	 0.531682 
-2.640000 	 0.447985 
-2.620000 	 0.583938 
-2.600000 	 0.361107 
-2.580000 	 0.558637 
-2.560000 	 0.498089 
-2.540000 	 0.342239 
-2.520000 	 0.245922 
-2.500000 	 0.562102 
-2.480000 	 0.297651 
-2.460000 	 0.673746 
-2.440000 	 0.130148 
-2.420000 	 0.473441 
-2.400000 	 0.193313 
-2.380000 	 0.538565 
-2.360000 	 0.335378 
-2.340000 	 0.089758 
-2.320000 	 0.180850 
-2.300000 	 0.558871 
-2.280000 	 0.360744 
-2.260000 	 0.152751 
-2.240000 	 0.172227 
-2.220000 	 0.394574 
-2.200000 	 0.201504 
-2.180000 	 0.163553 
-2.160000 	 0.430188 
-2.140000 	 0.207829 
-2.120000 	 0.109128 
-2.100000 	 0.145796 
-2.080000 	 0.291329 
-2.060000 	 0.436761 
-2.040000 	 0.033345 
-2.020000 	 0.357251 
-2.000000 	 0.519496 
-1.980000 	 0.129767 
-1.960000 	 0.150406 
-1.940000 	 0.233860 
-1.920000 	 0.281452 
-1.900000 	 0.331787 
-1.880000 	 0.002763 
-1.860000 	 0.042108 
-1.840000 	 0.134259 
-1.820000 	 0.150739 
-1.800000 	 0.133843 
-1.780000 	 -0.097988 
-1.760000 	 0.037603 
-1.740000 	 0.348828 
-1.720000 	 0.157120 
-1.700000 	 0.414757 
-1.680000 	 0.174270 
-1.660000 	 0.328285 
-1.640000 	 0.215751 
-1.620000 	 0.040868 
-1.600000 	 0.156666 
-1.580000 	 0.079311 
-1.560000 	 0.177272 
-1.540000 	 -0.003112 
-1.520000 	 -0.064931 
-1.500000 	 0.146522 
-1.480000 	 0.248851 
-1.460000 	 0.121982 
-1.440000 	 0.140777 
-1.420000 	 0.109394 
-1.400000 	 0.527509 
-1.380000 	 0.136385 
-1.360000 	 0.255317 
-1.340000 	 0.467014 
-1.320000 	 0.158579 
-1.300000 	 0.109864 
-1.280000 	 -0.127703 
-1.260000 	 0.184919 
-1.240000 	 0.192584 
-1.220000 	 -0.099014 
-1.200000 	 0.123802 
-1.180000 	 -0.249873 
-1.160000 	 0.069655 
-1.140000 	 0.261937 
-1.120000 	 0.377731 
-1.100000 	 0.061211 
-1.080000 	 0.131330 
-1.060000 	 0.083597 
-1.040000 	 0.106164 
-1.020000 	 0.238533 
-1.000000 	 0.014290 
-0.980000 	 0.007267 
-0.960000 	 0.198839 
-0.940000 	 0.307677 
-0.920000 	 -0.227071 
-0.900000 	 0.094828 
-0.880000 	 0.265210 
-0.860000 	 0.164952 
-0.840000 	 0.375983 
-0.820000 	 -0.128478 
-0.800000 	 0.138464 
-0.780000 	 0.164076 
-0.760000 	 0.379289 
-0.740000 	 0.024280 
-0.720000 	 0.280449 
-0.700000 	 0.179321 
-0.680000 	 -0.136514 
-0.660000 	 0.216731 
-0.640000 	 0.287350 
-0.620000 	 0.102839 
-0.600000 	 0.141092 
-0.580000 	 0.090988 
-0.560000 	 0.223743 
-0.540000 	 0.326103 
-0.520000 	 0.072626 
-0.500000 	 0.178341 
-0.480000 	 0.138847 
-0.460000 	 -0.043581 
-0.440000 	 0.014998 
-0.420000 	 0.145114 
-0.400000 	 0.155193 
-0.380000 	 0.380109 
-0.360000 	 0.247746 
-0.340000 	 0.045753 
-0.320000 	 0.151142 
-0.300000 	 -0.084946 
-0.280000 	 0.064189 
-0.260000 	 0.012294 
-0.240000 	 0.114207 
-0.220000 	 0.496230 
-0.200000 	 0.020477 
-0.180000 	 0.293999 
-0.160000 	 0.328517 
-0.140000 	 0.193758 
-0.120000 	 0.012042 
-0.100000 	 0.176934 
-0.080000 	 0.115996 
-0.060000 	 -0.237481 
-0.040000 	 0.206763 
-0.020000 	 0.144340 
0.000000 	 0.105341 
0.020000 	 0.272195 
0.040000 	 0.147364 
0.060000 	 0.409483 
0.080000 	 0.304195 
0.100000 	 0.376750 
0.120000 	 0.521671 
0.140000 	 0.295620 
0.160000 	 0.165913 
0.180000 	 0.357151 
0.200000 	 0.126758 
0.220000 	 0.511980 
0.240000 	 0.258535 
0.260000 	 0.456618 
0.280000 	 0.220424 
0.300000 	 0.534367 
0.320000 	 0.476028 
0.340000 	 0.219949 
0.360000 	 0.514528 
0.380000 	 0.289670 
0.400000 	 0.684376 
0.420000 	 0.387273 
0.440000 	 -0.002009 
0.460000 	 0.241239 
0.480000 	 0.450137 
0.500000 	 0.448967 
0.520000 	 0.241016 
0.540000 	 0.540411 
0.560000 	 0.411914 
0.580000 	 0.300653 
0.600000 	 0.426642 
0.620000 	 0.537040 
0.640000 	 0.251088 
0.660000 	 0.207438 
0.680000 	 0.428627 
0.700000 	 0.652524 
0.720000 	 0.488126 
0.740000 	 0.561417 
0.760000 	 0.466420 
0.780000 	 0.245571 
0.800000 	 0.359022 
0.820000 	 0.390473 
0.840000 	 0.260169 
0.860000 	 0.550122 
0.880000 	 0.563725 
0.900000 	 0.355131 
0.920000 	 0.531712 
0.940000 	 0.463997 
0.960000 	 0.384901 
0.980000 	 0.557272 
1.000000 	 0.353777 
1.020000 	 0.465574 
1.040000 	 0.785112 
1.060000 	 0.438191 
1.080000 	 0.668941 
1.100000 	 0.601245 
1.120000 	 0.445242 
1.140000 	 0.473654 
1.160000 	 0.557762 
1.180000 	 0.752916 
1.200000 	 0.588796 
1.220000 	 0.731429 
1.240000 	 0.664724 
1.260000 	 0.549664 
1.280000 	 0.626650 
1.300000 	 0.531270 
1.320000 	 0.705750 
1.340000 	 0.534601 
1.360000 	 0.586680 
1.380000 	 0.546260 
1.400000 	 0.764159 
1.420000 	 0.724666 
1.440000 	 0.430869 
1.460000 	 0.726447 
1.480000 	 0.634029 
1.500000 	 0.355962 
1.520000 	 0.681995 
1.540000 	 0.937232 
1.560000 	 0.677900 
1.580000 	 0.840715 
1.600000 	 0.770808 
1.620000 	 0.951293 
1.640000 	 0.843972 
1.660000 	 1.170543 
1.680000 	 0.886661 
1.700000 	 0.751394 
1.720000 	 0.709034 
1.740000 	 0.646787 
1.760000 	 0.830016 
1.780000 	 0.918133 
1.800000 	 0.815032 
1.820000 	 1.137822 
1.840000 	 0.738826 
1.860000 	 0.781918 
1.880000 	 0.761135 
1.900000 	 1.003747 
1.920000 	 0.850145 
1.940000 	 0.762816 
1.960000 	 0.895723 
1.980000 	 0.618067 
2.000000 	 0.743284 
2.020000 	 1.088152 
2.040000 	 1.183383 
2.060000 	 0.949693 
2.080000 	 0.832968 
2.100000 	 0.995579 
2.120000 	 1.161564 
2.140000 	 0.992396 
2.160000 	 1.106803 
2.180000 	 0.972565 
2.200000 	 0.990770 
2.220000 	 0.953808 
2.240000 	 1.223238 
2.260000 	 1.016984 
2.280000 	 1.080058 
2.300000 	 1.032255 
2.320000 	 0.915566 
2.340000 	 1.286315 
2.360000 	 1.217789 
2.380000 	 0.950840 
2.400000 	 0.963818 
2.420000 	 1.345833 
2.440000 	 1.220298 
2.460000 	 1.347337 
2.480000 	 0.993464 
2.500000 	 1.507158 
2.520000 	 1.641319 
2.540000 	 1.124047 
2.560000 	 1.233680 
2.580000 	 1.265880 
2.600000 	 1.152573 
2.620000 	 1.357806 
2.640000 	 1.187078 
2.660000 	 1.010795 
2.680000 	 1.271779 
2.700000 	 1.368465 
2.720000 	 1.184803 
2.740000 	 1.397932 
2.760000 	 1.012187 
2.780000 	 1.285640 
2.800000 	 -0.300000 
2.820000 	 1.547855 
2.840000 	 1.540570 
2.860000 	 1.612844 
2.880000 	 1.344973 
2.900000 	 1.549150 
2.920000 	 1.328334 
2.940000 	 1.370691 
2.960000 	 1.368688 
2.980000 	 1.331317 
3.000000 	 1.572050 
3.020000 	 1.359822 
3.040000 	 1.358349 
3.060000 	 1.440904 
3.080000 	 1.438746 
3.100000 	 1.612491 
3.120000 	 1.299929 
3.140000 	 1.420541 
3.160000 	 1.438479 
3.180000 	 1.630670 
3.200000 	 1.528574 
3.220000 	 1.277568 
3.240000 	 1.469985 
3.260000 	 1.669293 
3.280000 	 1.709651 
3.300000 	 1.318962 
3.320000 	 1.732274 
3.340000 	 1.577720 
3.360000 	 1.569638 
3.380000 	 1.498975 
3.400000 	 1.611878 
3.420000 	 1.696250 
3.440000 	 1.682952 
3.460000 	 1.357896 
3.480000 	 1.594511 
3.500000 	 1.455384 
3.520000 	 1.450634 
3.540000 	 1.482140 
3.560000 	 1.569283 
3.580000 	 1.990907 
3.600000 	 1.636137 
3.620000 	 1.760752 
3.640000 	 1.707761 
3.660000 	 1.405908 
3.680000 	 1.362564 
3.700000 	 1.439820 
3.720000 	 1.624360 
3.740000 	 1.545262 
3.760000 	 1.782245 
3.780000 	 1.556813 
3.800000 	 1.808249 
3.820000 	 1.733896 
3.840000 	 1.414227 
3.860000 	 1.520115 
3.880000 	 1.628089 
3.900000 	 1.549009 
3.920000 	 1.582228 
3.940000 	 1.331296 
3.960000 	 1.489235 
3.980000 	 1.741446 
4.000000 	 1.667098 
4.020000 	 1.622532 
4.040000 	 1.614252 
4.060000 	 1.440628 
4.080000 	 1.648023 
4.100000 	 1.827127 
4.120000 	 1.519988 
4.140000 	 1.961045 
4.160000 	 1.672115 
4.180000 	 1.681940 
4.200000 	 1.570376 
4.220000 	 1.585366 
4.240000 	 1.289301 
4.260000 	 1.327656 
4.280000 	 1.549235 
4.300000 	 1.610832 
4.320000 	 1.585208 
4.340000 	 1.814288 
4.360000 	 1.654725 
4.380000 	 1.145584 
4.400000 	 1.378882 
4.420000 	 1.496859 
4.440000 	 1.491578 
4.460000 	 1.481165 
4.480000 	 1.480611 
4.500000 	 1.638293 
4.520000 	 1.626478 
4.540000 	 1.338501 
4.560000 	 1.596847 
4.580000 	 1.460561 
4.600000 	 1.687275 
4.620000 	 1.258513 
4.640000 	 1.566718 
4.660000 	 1.563615 
4.680000 	 1.567377 
4.700000 	 1.485073 
4.720000 	 1.578615 
4.740000 	 1.415845 
4.760000 	 1.522348 
4.780000 	 1.461741 
4.800000 	 1.633147 
4.820000 	 1.419724 
4.840000 	 1.501999 
4.860000 	 1.370131 
4.880000 	 1.536236 
4.900000 	 1.492327 
4.920000 	 1.427538 
4.940000 	 1.277085 
4.960000 	 1.723649 
4.980000 	 1.117478 
5.000000 	 1.316986 
5.020000 	 1.511494 
5.040000 	 1.570805 
5.060000 	 1.435358 
5.080000 	 1.180813 
5.100000 	 1.200654 
5.120000 	 1.164763 
5.140000 	 1.523481 
5.160000 	 1.486138 
5.180000 	 1.280329 
5.200000 	 1.482626 
5.220000 	 1.343089 
5.240000 	 1.388173 
5.260000 	 1.316962 
5.280000 	 1.312954 
5.300000 	 1.362595 
5.320000 	 1.444672 
5.340000 	 1.062316 
5.360000 	 1.328093 
5.380000 	 1.453905 
5.400000 	 1.227301 
5.420000 	 0.969077 
5.440000 	 1.380154 
5.460000 	 1.433137 
5.480000 	 1.290636 
5.500000 	 1.147013 
5.520000 	 1.119693 
5.540000 	 1.206500 
5.560000 	 1.157232 
5.580000 	 1.444046 
5.600000 	 1.348066 
5.620000 	 0.000000 
5.640000 	 1.338403 
5.660000 	 1.106646 
5.680000 	 1.064936 
5.700000 	 1.008626 
5.720000 	 0.841732 
5.740000 	 1.163196 
5.760000 	 1.054487 
5.780000 	 1.012778 
5.800000 	 1.126417 
5.820000 	 1.172451 
5.840000 	 1.115736 
5.860000 	 1.203475 
5.880000 	 0.968259 
5.900000 	 1.137838 
5.920000 	 0.888893 
5.940000 	 1.041554 
5.960000 	 1.011906 
5.980000 	 1.264706 
6.000000 	 1.147726 
6.020000 	 1.090075 
6.040000 	 0.692811 
6.060000 	 0.972854 
6.080000 	 0.966939 
6.100000 	 0.895982 
6.120000 	 1.006287 
6.140000 	 1.015505 
6.160000 	 1.019217 
6.180000 	 1.144196 
6.200000 	 0.806708 
6.220000 	 0.922545 
6.240000 	 0.759207 
6.260000 	 0.719569 
6.280000 	 0.881126 
6.300000 	 0.952069 
6.320000 	 0.834597 
6.340000 	 0.784418 
6.360000 	 0.681921 
6.380000 	 0.785408 
6.400000 	 0.561047 
6.420000 	 0.855706 
6.440000 	 0.743608 
6.460000 	 0.448961 
6.480000 	 0.852993 
6.500000 	 0.998351 
6.520000 	 0.453398 
6.540000 	 0.948600 
6.560000 	 0.608608 
6.580000 	 0.410505 
6.600000 	 0.688884 
6.620000 	 0.700085 
6.640000 	 0.403130 
6.660000 	 0.658420 
6.680000 	 0.503882 
6.700000 	 0.751577 
6.720000 	 0.607202 
6.740000 	 0.708658 
6.760000 	 0.506635 
6.780000 	 0.631627 
6.800000 	 0.389609 
6.820000 	 0.493601 
6.840000 	 0.396122 
6.860000 	 0.478179 
6.880000 	 0.768716 
6.900000 	 0.497126 
6.920000 	 0.465276 
6.940000 	 0.503597 
6.960000 	 0.374882 
6.980000 	 0.517479 
7.000000 	 0.679388 
7.020000 	 0.785595 
7.040000 	 0.283238 
7.060000 	 0.540093 
7.080000 	 0.514114 
7.100000 	 0.579837 
7.120000 	 0.833626 
7.140000 	 0.436288 
7.160000 	 0.259270 
7.180000 	 0.542562 
7.200000 	 0.583033 
7.220000 	 0.402754 
7.240000 	 0.435253 
7.260000 	 0.555698 
7.280000 	 0.497977 
7.300000 	 0.442910 
7.320000 	 0.770069 
7.340000 	 0.281787 
7.360000 	 0.307747 
7.380000 	 0.546959 
7.400000 	 0.166540 
7.420000 	 0.372496 
7.440000 	 0.572376 
7.460000 	 0.384056 
7.480000 	 0.209053 
7.500000 	 0.589989 
7.520000 	 0.409630 
7.540000 	 0.265118 
7.560000 	 0.519496 
7.580000 	 0.253475 
7.600000 	 0.040439 
7.620000 	 0.471264 
7.640000 	 0.264426 
7.660000 	 0.108069 
7.680000 	 0.132064 
7.700000 	 0.348764 
7.720000 	 0.225656 
7.740000 	 0.185512 
7.760000 	 0.083040 
7.780000 	 0.216303 
7.800000 	 0.171175 
7.820000 	 0.425036 
7.840000 	 0.249206 
7.860000 	 0.193213 
7.880000 	 0.121497 
7.900000 	 0.347532 
7.920000 	 -0.007236 
7.940000 	 0.116594 
7.960000 	 0.167255 
7.980000 	 0.244105 
8.000000 	 0.086161 
8.020000 	 0.210754 
8.040000 	 0.228709 
8.060000 	 0.414670 
8.080000 	 0.343830 
8.100000 	 0.157116 
8.120000 	 0.227139 
8.140000 	 0.349820 
8.160000 	 0.355620 
8.180000 	 0.274621 
8.200000 	 0.126817 
8.220000 	 0.254726 
8.240000 	 0.317438 
8.260000 	 0.427575 
8.280000 	 0.190830 
8.300000 	 0.162115 
8.320000 	 0.076236 
8.340000 	 0.230555 
8.360000 	 0.089468 
8.380000 	 -0.182943 
8.400000 	 -0.139650 
8.420000 	 0.136844 
8.440000 	 0.082140 
8.460000 	 0.064067 
8.480000 	 0.286496 
8.500000 	 0.201601 
8.520000 	 -0.034064 
8.540000 	 -0.015477 
8.560000 	 0.124217 
8.580000 	 0.093949 
8.600000 	 -0.023636 
8.620000 	 0.191100 
8.640000 	 0.025896 
8.660000 	 0.234530 
8.680000 	 0.254578 
8.700000 	 -0.047297 
8.720000 	 -0.092923 
8.740000 	 0.225238 
8.760000 	 -0.049752 
8.780000 	 0.408266 
8.800000 	 -0.098406 
8.820000 	 0.085834 
8.840000 	 0.300349 
8.860000 	 -0.277061 
8.880000 	 0.314277 
8.900000 	 0.263891 
8.920000 	 0.090357 
8.940000 	 -0.047664 
8.960000 	 0.001241 
8.980000 	 0.305263 
9.000000 	 0.056349 
9.020000 	 0.077939 
9.040000 	 0.137385 
9.060000 	 -0.197419 
9.080000 	 0.315288 
9.100000 	 0.058000 
9.120000 	 -0.112201 
9.140000 	 0.118992 
9.160000 	 0.004875 
9.180000 	 -0.044388 
9.200000 	 0.136440 
9.220000 	 0.310681 
9.240000 	 0.002960 
9.260000 	 0.259252 
9.280000 	 0.387034 
9.300000 	 0.164233 
9.320000 	 0.113795 
9.340000 	 0.169898 
9.360000 	 0.075206 
9.380000 	 0.071335 
9.400000 	 0.024933 
9.420000 	 -0.098462 
9.440000 	 0.230012 
9.460000 	 0.179589 
9.480000 	 0.106722 
9.500000 	 -0.035130 
9.520000 	 0.105554 
9.540000 	 0.033967 
9.560000 	 0.562991 
9.580000 	 0.004228 
9.600000 	 -0.039784 
9.620000 	 -0.041227 
9.640000 	 0.305360 
9.660000 	 0.116941 
9.680000 	 0.017008 
9.700000 	 0.168666 
9.720000 	 0.016379 
9.740000 	 0.075441 
9.760000 	 -0.067977 
9.780000 	 0.086297 
9.800000 	 0.017170 
9.820000 	 -0.032797 
9.840000 	 0.152851 
9.860000 	 0.123678 
9.880000 	 0.143712 
9.900000 	 -0.143329 
9.920000 	 0.234737 
9.940000 	 0.063104 
9.960000 	 0.064429 
9.980000 	 -0.042952 
10.000000 	 -0.198034 
10.020000 	 0.019833 
10.040000 	 0.043300 
10.060000 	 0.015109 
10.080000 	 0.095882 
10.100000 	 0.087789 
10.120000 	 -0.204122 
10.140000 	 -0.120736 
10.160000 	 0.110079 
10.180000 	 -0.153527 
10.200000 	 0.211942 
10.220000 	 -0.077046 
10.240000 	 0.121497 
10.260000 	 0.089050 
10.280000 	 -0.081737 
10.300000 	 -0.056984 
10.320000 	 0.067873 
10.340000 	 -0.043268 
10.360000 	 -0.011136 
10.380000 	 0.016779 
10.400000 	 -0.023904 
10.420000 	 0.220808 
10.440000 	 -0.297497 
10.460000 	 0.076398 
10.480000 	 -0.123540 
10.500000 	 0.034106 
10.520000 	 0.131081 
10.540000 	 -0.037526 
10.560000 	 0.065300 
10.580000 	 0.006784 
10.600000 	 0.124954 
10.620000 	 0.267624 
10.640000 	 -0.014867 
10.660000 	 0.020222 
10.680000 	 0.123142 
10.700000 	 0.055907 
10.720000 	 -0.112719 
10.740000 	 0.009337 
10.760000 	 0.001289 
10.780000 	 -0.057336 
10.800000 	 0.162689 
10.820000 	 0.009593 
10.840000 	 -0.020954 
10.860000 	 0.051227 
10.880000 	 0.152592 
10.900000 	 0.079138 
10.920000 	 0.153447 
10.940000 	 -0.036480 
10.960000 	 0.122828 
10.980000 	 -0.041173 
11.000000 	 0.038606 
11.020000 	 0.031384 
11.040000 	 -0.438131 
11.060000 	 0.368974 
11.080000 	 -0.134640 
11.100000 	 0.146989 
11.120000 	 -0.054190 
11.140000 	 -0.131767 
11.160000 	 -0.005371 
11.180000 	 0.142032 
11.200000 	 0.037356 
11.220000 	 0.239595 
11.240000 	 -0.029285 
11.260000 	 0.006454 
11.280000 	 0.071475 
11.300000 	 -0.091834 
11.320000 	 -0.147440 
11.340000 	 -0.028322 
11.360000 	 0.211871 
11.380000 	 -0.025325 
11.400000 	 -0.075173 
11.420000 	 -0.251729 
11.440000 	 -0.095089 
11.460000 	 0.083218 
11.480000 	 0.031698 
11.500000 	 -0.307141 
11.520000 	 0.277658 
11.540000 	 0.133865 
11.560000 	 0.082553 
11.580000 	 0.163591 
11.600000 	 -0.121432 
11.620000 	 -0.035708 
11.640000 	 -0.092575 
11.660000 	 0.106146 
11.680000 	 -0.003331 
11.700000 	 0.119140 
11.720000 	 -0.153900 
11.740000 	 -0.224005 
11.760000 	 -0.205844 
11.780000 	 0.133309 
11.800000 	 0.121449 
11.820000 	 -0.005144 
11.840000 	 0.251470 
11.860000 	 0.011251 
11.880000 	 -0.109800 
11.900000 	 -0.025621 
11.920000 	 0.073512 
11.940000 	 -0.113040 
11.960000 	 0.138503 
11.980000 	 0.100066 
12.000000 	 -0.022025 
12.020000 	 0.221656 
12.040000 	 -0.166003 
12.060000 	 0.084077 
12.080000 	 0.097577 
12.100000 	 0.053519 
12.120000 	 0.107018 
12.140000 	 0.134934 
12.160000 	 -0.151351 
12.180000 	 -0.080327 
12.200000 	 -0.012487 
12.220000 	 0.173083 
12.240000 	 0.198766 
12.260000 	 -0.004679 
12.280000 	 0.181074 
12.300000 	 -0.029028 
12.320000 	 0.277927 
12.340000 	 0.033083 
12.360000 	 0.012943 
12.380000 	 0.408720 
12.400000 	 -0.187900 
12.420000 	 -0.104432 
12.440000 	 -0.152000 
12.460000 	 0.250446 
12.480000 	 0.112514 
12.500000 	 0.091748 
12.520000 	 -0.036957 
12.540000 	 -0.128718 
12.560000 	 -0.120191 
12.580000 	 -0.006387 
12.600000 	 -0.014737 
12.620000 	 0.031785 
12.640000 	 0.331517 
12.660000 	 0.168919 
12.680000 	 0.131235 
12.700000 	 0.159901 
12.720000 	 -0.046867 
12.740000 	 0.117821 
12.760000 	 -0.105851 
12.780000 	 0.120077 
12.800000 	 -0.137147 
12.820000 	 -0.119471 
12.840000 	 0.014842 
12.860000 	 -0.037391 
12.880000 	 -0.114423 
12.900000 	 0.104799 
12.920000 	 -0.009129 
12.940000 	 -0.237151 
12.960000 	 -0.011602 
12.980000 	 -0.049281 
13.000000 	 -0.206610 
13.020000 	 0.010912 
13.040000 	 0.003365 
13.060000 	 -0.082100 
13.080000 	 -0.039847 
13.100000 	 0.050359 
13.120000 	 -0.027282 
13.140000 	 0.199338 
13.160000 	 0.094737 
13.180000 	 -0.270176 
13.200000 	 0.113915 
13.220000 	 0.057080 
13.240000 	 0.185529 
13.260000 	 0.039655 
13.280000 	 0.192494 
13.300000 	 -0.240714 
13.320000 	 0.110384 
13.340000 	 0.174497 
13.360000 	 0.033473 
13.380000 	 0.166384 
13.400000 	 -0.058187 
13.420000 	 0.137501 
13.440000 	 0.239549 
13.460000 	 -0.022612 
13.480000 	 0.027306 
13.500000 	 -0.294284 
13.520000 	 0.190716 
13.540000 	 0.362475 
13.560000 	 -0.272498 
13.580000 	 0.105379 
13.600000 	 0.084919 
13.620000 	 0.096018 
13.640000 	 -0.214124 
13.660000 	 0.209745 
13.680000 	 -0.252870 
13.700000 	 0.073800 
13.720000 	 0.236745 
13.740000 	 -0.149498 
13.760000 	 -0.150870 
13.780000 	 -0.049135 
13.800000 	 0.236478 
13.820000 	 -0.050044 
13.840000 	 0.497398 
13.860000 	 0.039069 
13.880000 	 0.172182 
13.900000 	 -0.149328 
13.920000 	 0.038670 
13.940000 	 -0.050453 
13.960000 	 0.083101 
13.980000 	 0.317823 
14.000000 	 -0.047896 
14.020000 	 -0.243004 
14.040000 	 -0.256115 
14.060000 	 -0.057303 
14.080000 	 0.270899 
14.100000 	 0.018480 
14.120000 	 0.122835 
14.140000 	 0.304375 
14.160000 	 0.065305 
14.180000 	 0.028278 
14.200000 	 -0.381667 
14.220000 	 -0.072927 
14.240000 	 0.024962 
14.260000 	 -0.172163 
14.280000 	 -0.007408 
14.300000 	 0.195607 
14.320000 	 -0.044280 
14.340000 	 -0.226460 
14.360000 	 0.031720 
14.380000 	 -0.339014 
14.400000 	 0.051974 
14.420000 	 0.105452 
14.440000 	 0.147892 
14.460000 	 0.022297 
14.480000 	 0.216775 
14.500000 	 -0.073261 
14.520000 	 -0.074474 
14.540000 	 -0.103722 
14.560000 	 -0.321409 
14.580000 	 0.070552 
14.600000 	 -0.060201 
14.620000 	 -0.124205 
14.640000 	 -0.007279 
14.660000 	 -0.281658 
14.680000 	 -0.079991 
14.700000 	 -0.103038 
14.720000 	 0.025974 
14.740000 	 0.103658 
14.760000 	 0.009209 
14.780000 	 -0.147919 
14.800000 	 -0.034566 
14.820000 	 -0.003817 
14.840000 	 0.114204 
14.860000 	 -0.129696 
14.880000 	 -0.003307 
14.900000 	 -0.368383 
14.920000 	 -0.001198 
14.940000 	 0.132171 
14.960000 	 0.205871 
14.980000 	 -0.040690 
15.000000 	 0.028027 
