-15.000000 	 0.080771 
-14.980000 	 0.037612 
-14.960000 	 -0.023988 
-14.940000 	 -0.271085 
-14.920000 	 0.037719 
-14.900000 	 -0.118070 
-14.880000 	 0.054996 
-14.860000 	 0.063777 
-14.840000 	 0.074383 
-14.820000 	 -0.138311 
-14.800000 	 -0.237612 
-14.780000 	 0.189798 
-14.760000 	 -0.133381 
-14.740000 	 0.015242 
-14.720000 	 0.106119 
-14.700000 	 -0.109267 
-14.680000 	 0.182728 
-14.660000 	 -0.162223 
-14.640000 	 -0.137722 
-14.620000 	 -0.148975 
-14.600000 	 -0.068106 
-14.580000 	 0.348313 
-14.560000 	 0.240542 
-14.540000 	 -0.112637 
-14.520000 	 0.069995 
-14.500000 	 0.018947 
-14.480000 	 0.046309 
-14.460000 	 -0.059751 
-14.440000 	 -0.136245 
-14.420000 	 -0.004993 
-14.400000 	 0.094774 
-14.380000 	 -0.016253 
-14.360000 	 0.006753 
-14.340000 	 -0.177818 
-14.320000 	 -0.057028 
-14.300000 	 0.208094 
-14.280000 	 -0.200000 
-14.260000 	 -0.002122 
-14.240000 	 -0.160827 
-14.220000 	 -0.170734 
-14.200000 	 -0.198796 
-14.180000 	 -0.073437 
-14.160000 	 0.084679 
-14.140000 	 0.103121 
-14.120000 	 0.045609 
-14.100000 	 0.016376 
-14.080000 	 -0.235639 
-14.060000 	 -0.219105 
-14.040000 	 -0.173481 
-14.020000 	 0.037189 
-14.000000 	 -0.088620 
-13.980000 	 -0.017167 
-13.960000 	 0.170157 
-13.940000 	 -0.093866 
-13.920000 	 0.008971 
-13.900000 	 -0.279477 
-13.880000 	 -0.017892 
-13.860000 	 -0.210313 
-13.840000 	 -0.084016 
-13.820000 	 0.135387 
-13.800000 	 -0.180784 
-13.780000 	 0.002142 
-13.760000 	 0.153201 
-13.740000 	 0.146643 
-13.720000 	 0.146882 
-13.700000 	 0.056529 
-13.680000 	 -0.032966 
-13.660000 	 -0.069924 
-13.640000 	 -0.034949 
-13.620000 	 0.220037 
-13.600000 	 -0.305146 
-13.580000 	 0.108758 
-13.560000 	 -0.149738 
-13.540000 	 0.017916 
-13.520000 	 0.031952 
-13.500000 	 0.027778 
-13.480000 	 0.140920 
-13.460000 	 -0.172313 
-13.440000 	 0.006050 
-13.420000 	 -0.128978 
-13.400000 	 0.051186 
-13.380000 	 -0.276515 
-13.360000 	 0.060353 
-13.340000 	 0.045253 
-13.320000 	 0.013158 
-13.300000 	 0.284488 
-13.280000 	 -0.292968 
-13.260000 	 0.015580 
-13.240000 	 0.151865 
-13.220000 	 -0.156093 
-13.200000 	 0.152089 
-13.180000 	 0.110417 
-13.160000 	 0.194086 
-13.140000 	 0.207396 
-13.120000 	 0.066697 
-13.100000 	 -0.267610 
-13.080000 	 -0.001778 
-13.060000 	 -0.022702 
-13.040000 	 -0.110632 
-13.020000 	 0.055556 
-13.000000 	 -0.086001 
-12.980000 	 0.167054 
-12.960000 	 -0.234226 
-12.940000 	 -0.156135 
-12.920000 	 0.271858 
-12.900000 	 0.126081 
-12.880000 	 0.135642 
-12.860000 	 -0.228735 
-12.840000 	 -0.019369 
-12.820000 	 0.192352 
-12.800000 	 -0.003544 
-12.780000 	 0.143078 
-12.760000 	 -0.318902 
-12.740000 	 0.114854 
-12.720000 	 -0.307480 
-12.700000 	 0.384293 
-12.680000 	 0.093568 
-12.660000 	 0.297345 
-12.640000 	 0.234636 
-12.620000 	 0.203490 
-12.600000 	 0.109293 
-12.580000 	 -0.177125 
-12.560000 	 -0.038296 
-12.540000 	 0.106606 
-12.520000 	 -0.196965 
-12.500000 	 0.017246 
-12.480000 	 -0.052689 
-12.460000 	 -0.087650 
-12.440000 	 0.020565 
-12.420000 	 0.245918 
-12.400000 	 -0.184386 
-12.380000 	 -0.028034 
-12.360000 	 0.064718 
-12.340000 	 -0.138323 
-12.320000 	 -0.151783 
-12.300000 	 0.097817 
-12.280000 	 -0.047072 
-12.260000 	 -0.253183 
-12.240000 	 -0.006568 
-12.220000 	 0.040943 
-12.200000 	 -0.041157 
-12.180000 	 0.059995 
-12.160000 	 0.147840 
-12.140000 	 -0.073733 
-12.120000 	 0.109699 
-12.100000 	 0.045481 
-12.080000 	 -0.074400 
-12.060000 	 0.031768 
-12.040000 	 0.125168 
-12.020000 	 0.174758 
-12.000000 	 0.208403 
-11.980000 	 -0.511500 
-11.960000 	 0.347017 
-11.940000 	 -0.112107 
-11.920000 	 -0.169849 
-11.900000 	 0.117855 
-11.880000 	 0.059382 
-11.860000 	 0.100684 
-11.840000 	 -0.143846 
-11.820000 	 0.156798 
-11.800000 	 -0.117167 
-11.780000 	 0.058564 
-11.760000 	 -0.307754 
-11.740000 	 -0.010334 
-11.720000 	 0.202287 
-11.700000 	 0.162916 
-11.680000 	 0.298335 
-11.660000 	 -0.084009 
-11.640000 	 -0.048537 
-11.620000 	 0.193046 
-11.600000 	 0.063849 
-11.580000 	 0.051069 
-11.560000 	 -0.153772 
-11.540000 	 0.116416 
-11.520000 	 -0.240299 
-11.500000 	 -0.145664 
-11.480000 	 0.263859 
-11.460000 	 0.127730 
-11.440000 	 0.071758 
-11.420000 	 -0.267058 
-11.400000 	 -0.019372 
-11.380000 	 0.088815 
-11.360000 	 -0.106130 
-11.340000 	 -0.135572 
-11.320000 	 0.202202 
-11.300000 	 0.149218 
-11.280000 	 0.010064 
-11.260000 	 -0.700000 
-11.240000 	 -0.181107 
-11.220000 	 0.028771 
-11.200000 	 0.096983 
-11.180000 	 0.093634 
-11.160000 	 0.192295 
-11.140000 	 -0.174279 
-11.120000 	 0.217421 
-11.100000 	 0.140462 
-11.080000 	 0.285609 
-11.060000 	 -0.205080 
-11.040000 	 0.067513 
-11.020000 	 0.182253 
-11.000000 	 0.014576 
-10.980000 	 0.040069 
-10.960000 	 0.248990 
-10.940000 	 0.045428 
-10.920000 	 0.133755 
-10.900000 	 -0.196227 
-10.880000 	 0.211820 
-10.860000 	 0.026093 
-10.840000 	 -0.157847 
-10.820000 	 -0.012680 
-10.800000 	 0.054449 
-10.780000 	 0.039248 
-10.760000 	 -0.011079 
-10.740000 	 -0.034654 
-10.720000 	 0.077996 
-10.700000 	 0.239853 
-10.680000 	 -0.019585 
-10.660000 	 -0.030336 
-10.640000 	 -0.055645 
-10.620000 	 0.289789 
-10.600000 	 0.193457 
-10.580000 	 0.171688 
-10.560000 	 -0.060556 
-10.540000 	 -0.057821 
-10.520000 	 0.383383 
-10.500000 	 0.017228 
-10.480000 	 -0.261361 
-10.460000 	 -0.319232 
-10.440000 	 -0.121753 
-10.420000 	 0.055149 
-10.400000 	 -0.026101 
-10.380000 	 0.112309 
-10.360000 	 -0.181404 
-10.340000 	 0.045790 
-10.320000 	 0.192904 
-10.300000 	 -0.341655 
-10.280000 	 -0.103288 
-10.260000 	 -0.111082 
-10.240000 	 0.112867 
-10.220000 	 0.101759 
-10.200000 	 -0.074035 
-10.180000 	 0.700000 
-10.160000 	 0.055457 
-10.140000 	 0.133589 
-10.120000 	 0.047613 
-10.100000 	 -0.074779 
-10.080000 	 0.187989 
-10.060000 	 0.058072 
-10.040000 	 0.184290 
-10.020000 	 -0.087120 
-10.000000 	 0.027484 
-9.980000 	 0.044088 
-9.960000 	 0.171358 
-9.940000 	 -0.005377 
-9.920000 	 0.153682 
-9.900000 	 0.237973 
-9.880000 	 0.086889 
-9.860000 	 0.032872 
-9.840000 	 -0.112478 
-9.820000 	 -0.077644 
-9.800000 	 0.156941 
-9.780000 	 -0.229326 
-9.760000 	 0.045136 
-9.740000 	 0.093029 
-9.720000 	 -0.144061 
-9.700000 	 -0.200000 
-9.680000 	 0.111187 
-9.660000 	 -0.156199 
-9.640000 	 -0.093944 
-9.620000 	 0.032650 
-9.600000 	 -0.190984 
-9.580000 	 -0.044280 
-9.560000 	 -0.194300 
-9.540000 	 -0.091199 
-9.520000 	 -0.067512 
-9.500000 	 0.223834 
-9.480000 	 0.150035 
-9.460000 	 0.047435 
-9.440000 	 -0.016250 
-9.420000 	 -0.173694 
-9.400000 	 -0.017204 
-9.380000 	 -0.005647 
-9.360000 	 0.180270 
-9.340000 	 -0.151323 
-9.320000 	 0.053926 
-9.300000 	 -0.044315 
-9.280000 	 -0.203922 
-9.260000 	 -0.229216 
-9.240000 	 0.094581 
-9.220000 	 -0.155993 
-9.200000 	 0.056976 
-9.180000 	 -0.156845 
-9.160000 	 0.055740 
-9.140000 	 0.091948 
-9.120000 	 0.114577 
-9.100000 	 0.151860 
-9.080000 	 0.079680 
-9.060000 	 -0.145809 
-9.040000 	 0.096407 
-9.020000 	 -0.055421 
-9.000000 	 0.034711 
-8.980000 	 0.195704 
-8.960000 	 -0.155834 
-8.940000 	 0.023845 
-8.920000 	 0.026661 
-8.900000 	 0.142096 
-8.880000 	 0.162430 
-8.860000 	 -0.044638 
-8.840000 	 -0.171099 
-8.820000 	 -0.093579 
-8.800000 	 -0.028383 
-8.780000 	 -0.179733 
-8.760000 	 0.239452 
-8.740000 	 0.192974 
-8.720000 	 -0.084128 
-8.700000 	 -0.280881 
-8.680000 	 -0.145502 
-8.660000 	 -0.150230 
-8.640000 	 -0.066329 
-8.620000 	 -0.277613 
-8.600000 	 0.301346 
-8.580000 	 0.268953 
-8.560000 	 -0.039555 
-8.540000 	 0.043288 
-8.520000 	 0.291430 
-8.500000 	 -0.234245 
-8.480000 	 0.138259 
-8.460000 	 -0.110028 
-8.440000 	 0.067960 
-8.420000 	 0.096055 
-8.400000 	 -0.001646 
-8.380000 	 0.083079 
-8.360000 	 0.089402 
-8.340000 	 0.068092 
-8.320000 	 0.135182 
-8.300000 	 0.071670 
-8.280000 	 -0.039616 
-8.260000 	 0.023347 
-8.240000 	 -0.048795 
-8.220000 	 0.168706 
-8.200000 	 -0.288313 
-8.180000 	 0.113432 
-8.160000 	 0.045173 
-8.140000 	 -0.176829 
-8.120000 	 -0.030966 
-8.100000 	 0.046674 
-8.080000 	 0.421715 
-8.060000 	 0.012678 
-8.040000 	 0.080483 
-8.020000 	 -0.232595 
-8.000000 	 -0.049460 
-7.980000 	 -0.026475 
-7.960000 	 0.102086 
-7.940000 	 0.043575 
-7.920000 	 0.206848 
-7.900000 	 0.201884 
-7.880000 	 0.143992 
-7.860000 	 0.253916 
-7.840000 	 0.145686 
-7.820000 	 0.044661 
-7.800000 	 0.192608 
-7.780000 	 0.008033 
-7.760000 	 -0.119185 
-7.740000 	 -0.268002 
-7.720000 	 0.232316 
-7.700000 	 0.050488 
-7.680000 	 0.117257 
-7.660000 	 -0.050619 
-7.640000 	 0.054080 
-7.620000 	 -0.127941 
-7.600000 	 -0.021127 
-7.580000 	 -0.031714 
-7.560000 	 -0.140433 
-7.540000 	 -0.261660 
-7.520000 	 0.107329 
-7.500000 	 -0.104950 
-7.480000 	 0.148579 
-7.460000 	 0.077630 
-7.440000 	 -0.032632 
-7.420000 	 -0.076052 
-7.400000 	 0.087944 
-7.380000 	 -0.079609 
-7.360000 	 -0.317662 
-7.340000 	 0.101243 
-7.320000 	 0.352243 
-7.300000 	 0.021472 
-7.280000 	 -0.047314 
-7.260000 	 0.200217 
-7.240000 	 0.025969 
-7.220000 	 0.395879 
-7.200000 	 -0.138442 
-7.180000 	 0.165469 
-7.160000 	 0.193641 
-7.140000 	 -0.222517 
-7.120000 	 0.143831 
-7.100000 	 0.401176 
-7.080000 	 0.207099 
-7.060000 	 0.260425 
-7.040000 	 0.017386 
-7.020000 	 0.260894 
-7.000000 	 0.386495 
-6.980000 	 0.016662 
-6.960000 	 -0.015898 
-6.940000 	 -0.085477 
-6.920000 	 -0.103707 
-6.900000 	 -0.033632 
-6.880000 	 0.026086 
-6.860000 	 0.186884 
-6.840000 	 0.154442 
-6.820000 	 -0.068537 
-6.800000 	 0.181838 
-6.780000 	 0.076915 
-6.760000 	 0.028375 
-6.740000 	 0.210858 
-6.720000 	 0.121185 
-6.700000 	 0.420289 
-6.680000 	 -0.005644 
-6.660000 	 0.040838 
-6.640000 	 0.433610 
-6.620000 	 -0.171379 
-6.600000 	 -0.024351 
-6.580000 	 -0.017681 
-6.560000 	 0.140433 
-6.540000 	 0.060849 
-6.520000 	 0.087264 
-6.500000 	 0.337359 
-6.480000 	 0.333495 
-6.460000 	 0.204496 
-6.440000 	 0.091376 
-6.420000 	 0.216593 
-6.400000 	 0.103098 
-6.380000 	 -0.057851 
-6.360000 	 0.035983 
-6.340000 	 0.099424 
-6.320000 	 0.113397 
-6.300000 	 -0.060744 
-6.280000 	 0.189054 
-6.260000 	 0.125827 
-6.240000 	 0.232957 
-6.220000 	 0.008437 
-6.200000 	 0.328331 
-6.180000 	 0.198859 
-6.160000 	 -0.061060 
-6.140000 	 0.337811 
-6.120000 	 0.104750 
-6.100000 	 0.067697 
-6.080000 	 0.116038 
-6.060000 	 0.240697 
-6.040000 	 0.505114 
-6.020000 	 0.217239 
-6.000000 	 0.454741 
-5.980000 	 0.234003 
-5.960000 	 -0.030739 
-5.940000 	 0.175831 
-5.920000 	 0.088234 
-5.900000 	 0.320595 
-5.880000 	 0.278945 
-5.860000 	 0.610953 
-5.840000 	 0.116302 
-5.820000 	 0.315631 
-5.800000 	 0.022432 
-5.780000 	 0.416981 
-5.760000 	 0.136180 
-5.740000 	 0.384302 
-5.720000 	 0.210846 
-5.700000 	 0.281574 
-5.680000 	 0.260574 
-5.660000 	 0.354059 
-5.640000 	 0.211866 
-5.620000 	 0.226631 
-5.600000 	 0.377973 
-5.580000 	 0.260282 
-5.560000 	 0.400068 
-5.540000 	 0.177893 
-5.520000 	 0.255126 
-5.500000 	 0.247629 
-5.480000 	 0.537794 
-5.460000 	 0.382347 
-5.440000 	 0.351760 
-5.420000 	 0.482764 
-5.400000 	 0.287302 
-5.380000 	 0.201308 
-5.360000 	 0.249525 
-5.340000 	 0.319982 
-5.320000 	 0.418525 
-5.300000 	 0.464919 
-5.280000 	 0.642893 
-5.260000 	 0.511544 
-5.240000 	 0.494917 
-5.220000 	 0.447756 
-5.200000 	 0.308687 
-5.180000 	 0.287295 
-5.160000 	 0.509037 
-5.140000 	 0.359272 
-5.120000 	 0.233426 
-5.100000 	 0.242276 
-5.080000 	 0.170191 
-5.060000 	 0.216136 
-5.040000 	 0.157280 
-5.020000 	 0.504625 
-5.000000 	 0.319381 
-4.980000 	 0.394885 
-4.960000 	 0.263867 
-4.940000 	 0.630701 
-4.920000 	 0.248564 
-4.900000 	 0.250673 
-4.880000 	 0.394861 
-4.860000 	 0.486485 
-4.840000 	 0.330033 
-4.820000 	 0.522149 
-4.800000 	 0.574953 
-4.780000 	 0.537414 
-4.760000 	 0.661492 
-4.740000 	 0.296673 
-4.720000 	 0.325893 
-4.700000 	 0.414414 
-4.680000 	 0.591262 
-4.660000 	 0.575878 
-4.640000 	 0.306428 
-4.620000 	 0.503370 
-4.600000 	 0.212800 
-4.580000 	 0.442017 
-4.560000 	 0.515861 
-4.540000 	 0.231560 
-4.520000 	 0.410853 
-4.500000 	 0.550801 
-4.480000 	 0.356089 
-4.460000 	 0.372537 
-4.440000 	 0.422607 
-4.420000 	 0.602072 
-4.400000 	 0.219658 
-4.380000 	 0.513157 
-4.360000 	 0.311507 
-4.340000 	 0.863686 
-4.320000 	 0.351770 
-4.300000 	 0.397583 
-4.280000 	 0.483573 
-4.260000 	 0.564687 
-4.240000 	 0.263193 
-4.220000 	 0.544310 
-4.200000 	 0.508719 
-4.180000 	 0.525598 
-4.160000 	 0.510255 
-4.140000 	 0.222446 
-4.120000 	 0.525733 
-4.100000 	 0.287072 
-4.080000 	 0.587305 
-4.060000 	 0.460619 
-4.040000 	 0.562780 
-4.020000 	 0.587311 
-4.000000 	 0.428892 
-3.980000 	 0.452897 
-3.960000 	 0.472389 
-3.940000 	 0.775864 
-3.920000 	 0.563680 
-3.900000 	 0.791802 
-3.880000 	 0.615882 
-3.860000 	 0.568721 
-3.840000 	 0.665258 
-3.820000 	 0.552348 
-3.800000 	 0.450396 
-3.780000 	 0.411812 
-3.760000 	 0.765909 
-3.740000 	 0.240664 
-3.720000 	 0.667052 
-3.700000 	 0.507684 
-3.680000 	 0.498664 
-3.660000 	 0.664396 
-3.640000 	 0.475122 
-3.620000 	 0.320975 
-3.600000 	 0.690465 
-3.580000 	 0.437692 
-3.560000 	 0.465649 
-3.540000 	 0.523086 
-3.520000 	 0.260175 
-3.500000 	 0.496112 
-3.480000 	 0.366762 
-3.460000 	 0.498353 
-3.440000 	 0.666824 
-3.420000 	 0.427847 
-3.400000 	 0.547116 
-3.380000 	 0.369040 
-3.360000 	 0.617141 
-3.340000 	 0.534624 
-3.320000 	 0.415280 
-3.300000 	 0.414766 
-3.280000 	 0.391305 
-3.260000 	 0.515040 
-3.240000 	 0.399637 
-3.220000 	 0.471911 
-3.200000 	 0.323017 
-3.180000 	 0.490787 
-3.160000 	 0.481987 
-3.140000 	 0.437682 
-3.120000 	 0.485639 
-3.100000 	 0.369573 
-3.080000 	 0.553910 
-3.060000 	 0.365187 
-3.040000 	 0.423762 
-3.020000 	 0.527305 
-3.000000 	 0.462390 
-2.980000 	 0.220915 
-2.960000 	 0.000534 
-2.940000 	 0.371473 
-2.920000 	 0.395836 
-2.900000 	 0.353757 
-2.880000 	 0.275638 
-2.860000 	 0.363968 
-2.840000 	 0.284644 
-2.820000 	 0.343566 
-2.800000 	 0.286603 
-2.780000 	 0.403098 
-2.760000 	 0.419328 
-2.740000 	 0.250467 
-2.720000 	 0.224224 
-2.700000 	 0.188959 
-2.680000 	 0.229649 
-2.660000 	 0.328805 
-2.640000 	 0.498258 
-2.620000 	 0.444035 
-2.600000 	 0.133126 
-2.580000 	 0.387378 
-2.560000 	 0.255980 
-2.540000 	 0.457462 
-2.520000 	 0.194582 
-2.500000 	 0.244463 
-2.480000 	 0.609301 
-2.460000 	 0.405812 
-2.440000 	 0.266567 
-2.420000 	 0.137603 
-2.400000 	 0.458264 
-2.380000 	 0.288889 
-2.360000 	 0.133818 
-2.340000 	 0.215692 
-2.320000 	 0.294479 
-2.300000 	 0.352489 
-2.280000 	 0.139020 
-2.260000 	 0.372032 
-2.240000 	 0.201699 
-2.220000 	 0.537586 
-2.200000 	 0.388435 
-2.180000 	 0.269681 
-2.160000 	 0.181255 
-2.140000 	 0.344596 
-2.120000 	 0.075747 
-2.100000 	 0.421370 
-2.080000 	 -0.034982 
-2.060000 	 0.338109 
-2.040000 	 0.284487 
-2.020000 	 0.616900 
-2.000000 	 0.015000 
-1.980000 	 0.300559 
-1.960000 	 0.273286 
-1.940000 	 0.157398 
-1.920000 	 0.028825 
-1.900000 	 0.227637 
-1.880000 	 0.103428 
-1.860000 	 0.167910 
-1.840000 	 -0.022134 
-1.820000 	 0.547093 
-1.800000 	 0.205290 
-1.780000 	 0.273867 
-1.760000 	 0.092235 
-1.740000 	 -0.066261 
-1.720000 	 0.073547 
-1.700000 	 0.393773 
-1.680000 	 0.388312 
-1.660000 	 0.151650 
-1.640000 	 0.342852 
-1.620000 	 0.247154 
-1.600000 	 0.178199 
-1.580000 	 -0.086956 
-1.560000 	 0.027877 
-1.540000 	 0.049182 
-1.520000 	 0.433330 
-1.500000 	 0.086695 
-1.480000 	 0.345735 
-1.460000 	 0.322072 
-1.440000 	 0.177930 
-1.420000 	 0.052279 
-1.400000 	 0.288785 
-1.380000 	 -0.021263 
-1.360000 	 -0.064111 
-1.340000 	 0.057278 
-1.320000 	 -0.019102 
-1.300000 	 0.094294 
-1.280000 	 0.161052 
-1.260000 	 0.211395 
-1.240000 	 0.419095 
-1.220000 	 0.046038 
-1.200000 	 0.161237 
-1.180000 	 0.051368 
-1.160000 	 0.243497 
-1.140000 	 0.493593 
-1.120000 	 0.011008 
-1.100000 	 0.037267 
-1.080000 	 0.244413 
-1.060000 	 0.372045 
-1.040000 	 0.128681 
-1.020000 	 0.128467 
-1.000000 	 0.206505 
-0.980000 	 0.235814 
-0.960000 	 -0.197155 
-0.940000 	 0.033927 
-0.920000 	 0.378676 
-0.900000 	 0.076210 
-0.880000 	 -0.025606 
-0.860000 	 0.164888 
-0.840000 	 0.195977 
-0.820000 	 -0.037912 
-0.800000 	 0.076577 
-0.780000 	 0.271635 
-0.760000 	 0.181281 
-0.740000 	 0.437008 
-0.720000 	 -0.015260 
-0.700000 	 0.215773 
-0.680000 	 0.218096 
-0.660000 	 0.346158 
-0.640000 	 0.125714 
-0.620000 	 0.236796 
-0.600000 	 0.203762 
-0.580000 	 0.150647 
-0.560000 	 0.396552 
-0.540000 	 0.126191 
-0.520000 	 0.459245 
-0.500000 	 0.121706 
-0.480000 	 0.307660 
-0.460000 	 0.114442 
-0.440000 	 -0.051145 
-0.420000 	 0.398349 
-0.400000 	 0.084931 
-0.380000 	 0.137635 
-0.360000 	 0.199226 
-0.340000 	 0.392082 
-0.320000 	 0.306471 
-0.300000 	 -0.062512 
-0.280000 	 0.521816 
-0.260000 	 0.547906 
-0.240000 	 0.237462 
-0.220000 	 0.292897 
-0.200000 	 0.292634 
-0.180000 	 0.137771 
-0.160000 	 0.328001 
-0.140000 	 0.320715 
-0.120000 	 -0.015888 
-0.100000 	 0.379707 
-0.080000 	 0.196239 
-0.060000 	 -0.054654 
-0.040000 	 -0.295738 
-0.020000 	 0.195096 
0.000000 	 0.303053 
0.020000 	 0.124139 
0.040000 	 0.092171 
0.060000 	 0.273988 
0.080000 	 0.359691 
0.100000 	 0.235595 
0.120000 	 0.234019 
0.140000 	 0.242614 
0.160000 	 0.098667 
0.180000 	 0.138687 
0.200000 	 0.413398 
0.220000 	 0.348975 
0.240000 	 0.191697 
0.260000 	 0.108854 
0.280000 	 0.348313 
0.300000 	 0.332033 
0.320000 	 0.212293 
0.340000 	 0.114376 
0.360000 	 0.253256 
0.380000 	 0.406360 
0.400000 	 0.417291 
0.420000 	 0.231293 
0.440000 	 0.245142 
0.460000 	 0.543657 
0.480000 	 0.429876 
0.500000 	 0.599465 
0.520000 	 0.397090 
0.540000 	 0.178199 
0.560000 	 0.532656 
0.580000 	 0.483684 
0.600000 	 0.679294 
0.620000 	 0.564261 
0.640000 	 0.246337 
0.660000 	 0.399885 
0.680000 	 0.610817 
0.700000 	 0.298696 
0.720000 	 0.575613 
0.740000 	 0.388030 
0.760000 	 0.473109 
0.780000 	 0.556860 
0.800000 	 0.236453 
0.820000 	 0.336812 
0.840000 	 0.528052 
0.860000 	 0.517554 
0.880000 	 0.398244 
0.900000 	 0.696034 
0.920000 	 0.341914 
0.940000 	 0.393466 
0.960000 	 0.479228 
0.980000 	 0.448784 
1.000000 	 0.599264 
1.020000 	 0.616351 
1.040000 	 0.385912 
1.060000 	 0.612559 
1.080000 	 0.406568 
1.100000 	 0.632637 
1.120000 	 0.687658 
1.140000 	 0.875310 
1.160000 	 0.474291 
1.180000 	 0.785283 
1.200000 	 0.516327 
1.220000 	 0.711588 
1.240000 	 0.961087 
1.260000 	 1.072644 
1.280000 	 0.609926 
1.300000 	 0.489963 
1.320000 	 0.624846 
1.340000 	 0.704678 
1.360000 	 0.774889 
1.380000 	 0.615522 
1.400000 	 0.488689 
1.420000 	 0.972700 
1.440000 	 0.766120 
1.460000 	 0.690543 
1.480000 	 0.738014 
1.500000 	 0.779440 
1.520000 	 0.854053 
1.540000 	 0.742165 
1.560000 	 0.739459 
1.580000 	 0.653814 
1.600000 	 0.890954 
1.620000 	 0.848452 
1.640000 	 1.068450 
1.660000 	 0.677653 
1.680000 	 0.758719 
1.700000 	 0.528918 
1.720000 	 0.842225 
1.740000 	 1.000720 
1.760000 	 0.658530 
1.780000 	 1.135624 
1.800000 	 0.834013 
1.820000 	 0.709902 
1.840000 	 0.962278 
1.860000 	 0.971875 
1.880000 	 1.081307 
1.900000 	 0.710774 
1.920000 	 1.089131 
1.940000 	 1.359907 
1.960000 	 1.201584 
1.980000 	 0.860240 
2.000000 	 0.985756 
2.020000 	 1.005885 
2.040000 	 0.900443 
2.060000 	 0.932754 
2.080000 	 0.911359 
2.100000 	 0.907394 
2.120000 	 1.143987 
2.140000 	 0.978844 
2.160000 	 1.025248 
2.180000 	 0.907655 
2.200000 	 0.937950 
2.220000 	 0.976028 
2.240000 	 1.097573 
2.260000 	 1.131489 
2.280000 	 1.149418 
2.300000 	 1.049971 
2.320000 	 1.425979 
2.340000 	 1.280327 
2.360000 	 1.285957 
2.380000 	 0.963400 
2.400000 	 1.052488 
2.420000 	 1.411767 
2.440000 	 1.072914 
2.460000 	 1.202464 
2.480000 	 1.264660 
2.500000 	 1.388815 
2.520000 	 1.137292 
2.540000 	 1.256980 
2.560000 	 1.290533 
2.580000 	 1.373885 
2.600000 	 1.243460 
2.620000 	 1.307359 
2.640000 	 1.417922 
2.660000 	 1.318054 
2.680000 	 1.210549 
2.700000 	 1.023842 
2.720000 	 1.330844 
2.740000 	 1.138320 
2.760000 	 1.297901 
2.780000 	 1.417014 
2.800000 	 1.400871 
2.820000 	 1.471920 
2.840000 	 1.304329 
2.860000 	 1.285874 
2.880000 	 1.555380 
2.900000 	 1.214237 
2.920000 	 1.247493 
2.940000 	 1.574845 
2.960000 	 1.225998 
2.980000 	 1.466576 
3.000000 	 1.333439 
3.020000 	 1.427132 
3.040000 	 1.257760 
3.060000 	 1.493400 
3.080000 	 1.317564 
3.100000 	 1.572186 
3.120000 	 1.412341 
3.140000 	 1.620985 
3.160000 	 1.390725 
3.180000 	 1.620635 
3.200000 	 1.244754 
3.220000 	 1.480402 
3.240000 	 1.509510 
3.260000 	 1.368264 
3.280000 	 1.729628 
3.300000 	 1.474820 
3.320000 	 1.799053 
3.340000 	 1.710706 
3.360000 	 1.709776 
3.380000 	 1.637721 
3.400000 	 1.167589 
3.420000 	 1.481394 
3.440000 	 1.270241 
3.460000 	 1.730966 
3.480000 	 1.661368 
3.500000 	 1.466642 
3.520000 	 1.514848 
3.540000 	 1.628399 
3.560000 	 1.820546 
3.580000 	 1.550807 
3.600000 	 1.660638 
3.620000 	 1.345635 
3.640000 	 1.759593 
3.660000 	 1.727043 
3.680000 	 1.916517 
3.700000 	 1.522630 
3.720000 	 1.750019 
3.740000 	 1.525517 
3.760000 	 1.730307 
3.780000 	 1.496329 
3.800000 	 1.645309 
3.820000 	 1.598268 
3.840000 	 1.461466 
3.860000 	 1.270763 
3.880000 	 1.473990 
3.900000 	 1.480133 
3.920000 	 1.400456 
3.940000 	 1.458004 
3.960000 	 1.591463 
3.980000 	 1.441795 
4.000000 	 1.404240 
4.020000 	 1.529888 
4.040000 	 1.554244 
4.060000 	 1.745444 
4.080000 	 1.697706 
4.100000 	 1.443076 
4.120000 	 1.803300 
4.140000 	 1.739912 
4.160000 	 1.423022 
4.180000 	 1.579635 
4.200000 	 1.683209 
4.220000 	 1.620514 
4.240000 	 1.582280 
4.260000 	 1.802319 
4.280000 	 1.773701 
4.300000 	 1.666333 
4.320000 	 1.635987 
4.340000 	 1.469755 
4.360000 	 1.598683 
4.380000 	 1.455743 
4.400000 	 1.322953 
4.420000 	 1.363765 
4.440000 	 1.297624 
4.460000 	 1.710819 
4.480000 	 1.739184 
4.500000 	 1.421222 
4.520000 	 1.529590 
4.540000 	 1.419334 
4.560000 	 1.693993 
4.580000 	 1.377179 
4.600000 	 1.463621 
4.620000 	 1.264053 
4.640000 	 1.422190 
4.660000 	 1.552638 
4.680000 	 1.575559 
4.700000 	 1.432297 
4.720000 	 1.804542 
4.740000 	 1.671519 
4.760000 	 1.561309 
4.780000 	 1.612375 
4.800000 	 1.363206 
4.820000 	 1.241190 
4.840000 	 1.245880 
4.860000 	 1.487347 
4.880000 	 1.491598 
4.900000 	 1.260391 
4.920000 	 1.289192 
4.940000 	 1.172354 
4.960000 	 1.686779 
4.980000 	 1.549789 
5.000000 	 1.323443 
5.020000 	 1.277318 
5.040000 	 1.316759 
5.060000 	 1.702014 
5.080000 	 1.053037 
5.100000 	 1.410397 
5.120000 	 1.241378 
5.140000 	 1.358827 
5.160000 	 1.225472 
5.180000 	 1.583008 
5.200000 	 1.353786 
5.220000 	 1.374694 
5.240000 	 1.286724 
5.260000 	 1.323811 
5.280000 	 1.117235 
5.300000 	 1.420782 
5.320000 	 1.572100 
5.340000 	 1.257313 
5.360000 	 1.314469 
5.380000 	 1.336473 
5.400000 	 1.172393 
5.420000 	 1.171200 
5.440000 	 1.167884 
5.460000 	 1.215229 
5.480000 	 1.001387 
5.500000 	 1.394626 
5.520000 	 1.205329 
5.540000 	 1.220959 
5.560000 	 1.289049 
5.580000 	 0.759037 
5.600000 	 1.193966 
5.620000 	 1.206864 
5.640000 	 1.125605 
5.660000 	 1.465997 
5.680000 	 1.141896 
5.700000 	 1.061966 
5.720000 	 0.925174 
5.740000 	 0.787176 
5.760000 	 1.169533 
5.780000 	 1.036820 
5.800000 	 0.838718 
5.820000 	 1.020302 
5.840000 	 1.082863 
5.860000 	 1.118118 
5.880000 	 0.958914 
5.900000 	 1.053464 
5.920000 	 0.905264 
5.940000 	 0.644935 
5.960000 	 1.065140 
5.980000 	 0.860623 
6.000000 	 1.049332 
6.020000 	 1.015857 
6.040000 	 0.709264 
6.060000 	 0.978523 
6.080000 	 1.018275 
6.100000 	 0.734343 
6.120000 	 1.099302 
6.140000 	 0.828182 
6.160000 	 0.950230 
6.180000 	 0.728020 
6.200000 	 1.128859 
6.220000 	 0.779311 
6.240000 	 0.526980 
6.260000 	 0.747625 
6.280000 	 0.977070 
6.300000 	 0.613616 
6.320000 	 0.647387 
6.340000 	 0.691660 
6.360000 	 1.067714 
6.380000 	 0.657327 
6.400000 	 0.646332 
6.420000 	 0.950319 
6.440000 	 0.583272 
6.460000 	 0.598696 
6.480000 	 0.654156 
6.500000 	 0.643832 
6.520000 	 0.786442 
6.540000 	 0.524541 
6.560000 	 0.762829 
6.580000 	 0.698256 
6.600000 	 0.732829 
6.620000 	 0.964225 
6.640000 	 0.718474 
6.660000 	 0.929093 
6.680000 	 0.662627 
6.700000 	 0.534007 
6.720000 	 0.601659 
6.740000 	 0.350698 
6.760000 	 0.740293 
6.780000 	 0.724184 
6.800000 	 0.728865 
6.820000 	 0.705174 
6.840000 	 0.540762 
6.860000 	 0.340411 
6.880000 	 0.645142 
6.900000 	 0.434190 
6.920000 	 0.492969 
6.940000 	 0.491590 
6.960000 	 0.268320 
6.980000 	 0.507318 
7.000000 	 0.495484 
7.020000 	 0.526425 
7.040000 	 0.483145 
7.060000 	 0.716839 
7.080000 	 0.323085 
7.100000 	 0.274669 
7.120000 	 0.404731 
7.140000 	 0.210244 
7.160000 	 0.331580 
7.180000 	 0.553096 
7.200000 	 0.356675 
7.220000 	 0.300701 
7.240000 	 0.342129 
7.260000 	 0.356235 
7.280000 	 0.152326 
7.300000 	 0.658345 
7.320000 	 0.422232 
7.340000 	 -0.080862 
7.360000 	 0.394345 
7.380000 	 0.694716 
7.400000 	 0.489554 
7.420000 	 0.551752 
7.440000 	 0.499909 
7.460000 	 0.281852 
7.480000 	 0.226868 
7.500000 	 0.544810 
7.520000 	 0.398298 
7.540000 	 0.553168 
7.560000 	 0.411923 
7.580000 	 0.336894 
7.600000 	 0.314323 
7.620000 	 0.366432 
7.640000 	 0.305684 
7.660000 	 0.374490 
7.680000 	 0.413896 
7.700000 	 0.345223 
7.720000 	 0.221704 
7.740000 	 0.525174 
7.760000 	 0.121727 
7.780000 	 0.220694 
7.800000 	 0.357262 
7.820000 	 -0.073079 
7.840000 	 0.391555 
7.860000 	 0.277408 
7.880000 	 -0.128219 
7.900000 	 0.235773 
7.920000 	 0.059285 
7.940000 	 0.252028 
7.960000 	 0.372010 
7.980000 	 0.193262 
8.000000 	 0.368595 
8.020000 	 0.336402 
8.040000 	 0.020655 
8.060000 	 0.197132 
8.080000 	 0.044494 
8.100000 	 0.138606 
8.120000 	 0.109158 
8.140000 	 0.083164 
8.160000 	 0.131748 
8.180000 	 0.368260 
8.200000 	 -0.111495 
8.220000 	 0.049346 
8.240000 	 0.460688 
8.260000 	 0.155965 
8.280000 	 0.184481 
8.300000 	 0.215978 
8.320000 	 0.001789 
8.340000 	 0.135460 
8.360000 	 -0.160777 
8.380000 	 -0.086286 
8.400000 	 0.282572 
8.420000 	 0.201160 
8.440000 	 0.375309 
8.460000 	 0.208080 
8.480000 	 0.152362 
8.500000 	 0.079957 
8.520000 	 0.155506 
8.540000 	 0.136167 
8.560000 	 0.258584 
8.580000 	 0.054680 
8.600000 	 0.245728 
8.620000 	 -0.075652 
8.640000 	 0.293785 
8.660000 	 -0.024317 
8.680000 	 0.128824 
8.700000 	 -0.081757 
8.720000 	 -0.223563 
8.740000 	 0.170175 
8.760000 	 0.338149 
8.780000 	 -0.095221 
8.800000 	 0.066603 
8.820000 	 0.075977 
8.840000 	 -0.173731 
8.860000 	 0.437259 
8.880000 	 -0.155923 
8.900000 	 0.170788 
8.920000 	 0.249550 
8.940000 	 -0.036928 
8.960000 	 0.201307 
8.980000 	 0.164123 
9.000000 	 0.070252 
9.020000 	 0.283640 
9.040000 	 -0.034479 
9.060000 	 0.073778 
9.080000 	 -0.041222 
9.100000 	 0.150208 
9.120000 	 0.012978 
9.140000 	 0.135619 
9.160000 	 0.144075 
9.180000 	 -0.048163 
9.200000 	 -0.100208 
9.220000 	 0.271015 
9.240000 	 0.149431 
9.260000 	 0.063027 
9.280000 	 -0.037560 
9.300000 	 0.408675 
9.320000 	 0.216010 
9.340000 	 0.077178 
9.360000 	 0.010312 
9.380000 	 -0.120759 
9.400000 	 0.138396 
9.420000 	 0.170289 
9.440000 	 0.024673 
9.460000 	 0.286377 
9.480000 	 0.011674 
9.500000 	 -0.060464 
9.520000 	 -0.001658 
9.540000 	 0.197551 
9.560000 	 0.216175 
9.580000 	 0.091877 
9.600000 	 -0.070426 
9.620000 	 -0.041055 
9.640000 	 0.055267 
9.660000 	 0.076958 
9.680000 	 0.055925 
9.700000 	 0.111124 
9.720000 	 -0.060354 
9.740000 	 0.045914 
9.760000 	 0.021601 
9.780000 	 0.260534 
9.800000 	 0.143950 
9.820000 	 -0.089955 
9.840000 	 0.083806 
9.860000 	 0.095079 
9.880000 	 0.195012 
9.900000 	 0.150758 
9.920000 	 0.008169 
9.940000 	 0.029652 
9.960000 	 0.194866 
9.980000 	 0.058923 
10.000000 	 0.112551 
10.020000 	 0.151318 
10.040000 	 -0.035321 
10.060000 	 -0.421423 
10.080000 	 0.039626 
10.100000 	 -0.007130 
10.120000 	 0.024821 
10.140000 	 0.087477 
10.160000 	 -0.251530 
10.180000 	 -0.126946 
10.200000 	 -0.117194 
10.220000 	 -0.124882 
10.240000 	 -0.083571 
10.260000 	 -0.030212 
10.280000 	 0.104312 
10.300000 	 0.269020 
10.320000 	 -0.060540 
10.340000 	 -0.063984 
10.360000 	 -0.166852 
10.380000 	 0.147088 
10.400000 	 -0.038048 
10.420000 	 -0.111375 
10.440000 	 -0.197325 
10.460000 	 -0.199659 
10.480000 	 -0.171167 
10.500000 	 0.071983 
10.520000 	 0.022727 
10.540000 	 -0.102509 
10.560000 	 -0.006836 
10.580000 	 0.167325 
10.600000 	 -0.072329 
10.620000 	 0.130026 
10.640000 	 0.141555 
10.660000 	 -0.149059 
10.680000 	 0.158725 
10.700000 	 -0.072147 
10.720000 	 -0.054489 
10.740000 	 0.489736 
10.760000 	 -0.183529 
10.780000 	 -0.088123 
10.800000 	 -0.086039 
10.820000 	 -0.127738 
10.840000 	 -0.081390 
10.860000 	 0.083044 
10.880000 	 0.168555 
10.900000 	 0.054496 
10.920000 	 -0.000068 
10.940000 	 0.104465 
10.960000 	 -0.096762 
10.980000 	 0.148976 
11.000000 	 -0.012758 
11.020000 	 -0.265862 
11.040000 	 -0.093737 
11.060000 	 -0.004178 
11.080000 	 -0.360481 
11.100000 	 -0.206967 
11.120000 	 0.014133 
11.140000 	 -0.073064 
11.160000 	 -0.262522 
11.180000 	 0.145797 
11.200000 	 -0.184130 
11.220000 	 -0.111683 
11.240000 	 0.071512 
11.260000 	 -0.182950 
11.280000 	 0.183199 
11.300000 	 0.044782 
11.320000 	 -0.032768 
11.340000 	 0.023387 
11.360000 	 0.116519 
11.380000 	 0.190501 
11.400000 	 0.071762 
11.420000 	 -0.156979 
11.440000 	 0.034155 
11.460000 	 0.083773 
11.480000 	 -0.046819 
11.500000 	 0.241926 
11.520000 	 0.013117 
11.540000 	 0.237978 
11.560000 	 0.049950 
11.580000 	 -0.104525 
11.600000 	 0.068667 
11.620000 	 0.026075 
11.640000 	 -0.123495 
11.660000 	 0.236411 
11.680000 	 -0.129599 
11.700000 	 -0.162494 
11.720000 	 -0.080236 
11.740000 	 0.007301 
11.760000 	 -0.021320 
11.780000 	 -0.031837 
11.800000 	 -0.077537 
11.820000 	 0.072679 
11.840000 	 0.097225 
11.860000 	 0.051136 
11.880000 	 0.057450 
11.900000 	 0.134744 
11.920000 	 -0.006871 
11.940000 	 0.224956 
11.960000 	 0.156685 
11.980000 	 -0.195820 
12.000000 	 -0.037328 
12.020000 	 0.043557 
12.040000 	 -0.016303 
12.060000 	 -0.036486 
12.080000 	 -0.290317 
12.100000 	 0.124036 
12.120000 	 -0.066307 
12.140000 	 0.050288 
12.160000 	 0.145799 
12.180000 	 0.196619 
12.200000 	 0.235450 
12.220000 	 0.268593 
12.240000 	 -0.297520 
12.260000 	 -0.141872 
12.280000 	 0.053236 
12.300000 	 0.087481 
12.320000 	 0.070766 
12.340000 	 0.170244 
12.360000 	 -0.042020 
12.380000 	 -0.136835 
12.400000 	 0.113967 
12.420000 	 0.056798 
12.440000 	 -0.161655 
12.460000 	 0.083186 
12.480000 	 -0.082469 
12.500000 	 -0.187221 
12.520000 	 0.307368 
12.540000 	 -0.017993 
12.560000 	 0.001759 
12.580000 	 0.066753 
12.600000 	 0.100000 
12.620000 	 0.139955 
12.640000 	 -0.005530 
12.660000 	 0.453494 
12.680000 	 -0.040384 
12.700000 	 0.161929 
12.720000 	 -0.072156 
12.740000 	 -0.036260 
12.760000 	 0.275984 
12.780000 	 -0.018951 
12.800000 	 0.173705 
12.820000 	 -0.176039 
12.840000 	 -0.008259 
12.860000 	 0.027399 
12.880000 	 -0.052800 
12.900000 	 -0.113159 
12.920000 	 0.042159 
12.940000 	 -0.221987 
12.960000 	 0.154451 
12.980000 	 0.139525 
13.000000 	 -0.181970 
13.020000 	 -0.014777 
13.040000 	 -0.006970 
13.060000 	 -0.132625 
13.080000 	 0.064761 
13.100000 	 0.147602 
13.120000 	 -0.046416 
13.140000 	 0.269366 
13.160000 	 -0.211101 
13.180000 	 0.030746 
13.200000 	 0.031152 
13.220000 	 -0.275428 
13.240000 	 0.164745 
13.260000 	 -0.028048 
13.280000 	 0.258063 
13.300000 	 0.352119 
13.320000 	 0.110879 
13.340000 	 -0.037782 
13.360000 	 0.344937 
13.380000 	 -0.225625 
13.400000 	 0.082043 
13.420000 	 0.078910 
13.440000 	 -0.204991 
13.460000 	 0.045029 
13.480000 	 0.141158 
13.500000 	 0.182503 
13.520000 	 0.079925 
13.540000 	 -0.220011 
13.560000 	 0.058312 
13.580000 	 -0.010794 
13.600000 	 0.083718 
13.620000 	 0.009082 
13.640000 	 -0.051178 
13.660000 	 0.098574 
13.680000 	 -0.008296 
13.700000 	 -0.022801 
13.720000 	 0.108478 
13.740000 	 0.068587 
13.760000 	 0.223193 
13.780000 	 0.062747 
13.800000 	 -0.014569 
13.820000 	 -0.022882 
13.840000 	 -0.042674 
13.860000 	 0.326919 
13.880000 	 0.034498 
13.900000 	 0.109059 
13.920000 	 0.051219 
13.940000 	 0.006447 
13.960000 	 0.076548 
13.980000 	 0.200261 
14.000000 	 -0.263514 
14.020000 	 0.113879 
14.040000 	 -0.180165 
14.060000 	 0.200937 
14.080000 	 -0.083923 
14.100000 	 0.197111 
14.120000 	 -0.012150 
14.140000 	 0.157334 
14.160000 	 -0.316415 
14.180000 	 -0.020328 
14.200000 	 0.345888 
14.220000 	 -0.327070 
14.240000 	 -0.080403 
14.260000 	 0.207205 
14.280000 	 -0.048690 
14.300000 	 0.158943 
14.320000 	 -0.020660 
14.340000 	 0.050640 
14.360000 	 -0.157791 
14.380000 	 0.023399 
14.400000 	 0.175450 
14.420000 	 -0.596411 
14.440000 	 -0.166875 
14.460000 	 -0.265099 
14.480000 	 -0.212931 
14.500000 	 0.019429 
14.520000 	 -0.076397 
14.540000 	 0.081818 
14.560000 	 -0.116959 
14.580000 	 0.024483 
14.600000 	 0.000416 
14.620000 	 -0.073074 
14.640000 	 -0.113035 
14.660000 	 -0.020993 
14.680000 	 -0.010659 
14.700000 	 -0.097447 
14.720000 	 0.211325 
14.740000 	 -0.027635 
14.760000 	 -0.054519 
14.780000 	 0.066545 
14.800000 	 0.131851 
14.820000 	 0.097965 
14.840000 	 -0.020075 
14.860000 	 0.145200 
14.880000 	 0.000963 
14.900000 	 0.261612 
14.920000 	 0.408857 
14.940000 	 -0.014049 
14.960000 	 0.140246 
14.980000 	 0.229487 
15.000000 	 0.009011 
