-15.000000 	 -0.110571 
-14.980000 	 0.169625 
-14.960000 	 -0.013053 
-14.940000 	 -0.065754 
-14.920000 	 -0.224884 
-14.900000 	 -0.138030 
-14.880000 	 -0.136698 
-14.860000 	 -0.039189 
-14.840000 	 0.009218 
-14.820000 	 -0.254995 
-14.800000 	 -0.261509 
-14.780000 	 -0.196942 
-14.760000 	 -0.238507 
-14.740000 	 0.061281 
-14.720000 	 0.163179 
-14.700000 	 0.155114 
-14.680000 	 0.035810 
-14.660000 	 -0.236546 
-14.640000 	 0.027286 
-14.620000 	 -0.339329 
-14.600000 	 -0.098179 
-14.580000 	 0.358284 
-14.560000 	 -0.282039 
-14.540000 	 0.400309 
-14.520000 	 -0.084329 
-14.500000 	 0.086771 
-14.480000 	 0.050155 
-14.460000 	 -0.208751 
-14.440000 	 0.151924 
-14.420000 	 0.240198 
-14.400000 	 0.158099 
-14.380000 	 -0.303865 
-14.360000 	 -0.191610 
-14.340000 	 -0.289242 
-14.320000 	 -0.225931 
-14.300000 	 -0.074598 
-14.280000 	 0.066710 
-14.260000 	 0.225269 
-14.240000 	 0.286754 
-14.220000 	 0.153855 
-14.200000 	 -0.120127 
-14.180000 	 -0.004002 
-14.160000 	 0.130430 
-14.140000 	 -0.078769 
-14.120000 	 0.023745 
-14.100000 	 0.241633 
-14.080000 	 -0.002387 
-14.060000 	 -0.056107 
-14.040000 	 0.162700 
-14.020000 	 -0.178634 
-14.000000 	 -0.272591 
-13.980000 	 -0.122017 
-13.960000 	 0.095264 
-13.940000 	 0.050389 
-13.920000 	 -0.041809 
-13.900000 	 -0.283267 
-13.880000 	 0.060158 
-13.860000 	 -0.087322 
-13.840000 	 0.058955 
-13.820000 	 0.072005 
-13.800000 	 0.042925 
-13.780000 	 -0.383703 
-13.760000 	 -0.047536 
-13.740000 	 -0.190602 
-13.720000 	 -0.008756 
-13.700000 	 0.068921 
-13.680000 	 0.046825 
-13.660000 	 0.174099 
-13.640000 	 0.144555 
-13.620000 	 -0.263946 
-13.600000 	 -0.150869 
-13.580000 	 -0.260738 
-13.560000 	 -0.147345 
-13.540000 	 -0.069699 
-13.520000 	 0.052978 
-13.500000 	 0.156271 
-13.480000 	 0.126969 
-13.460000 	 0.081732 
-13.440000 	 0.074111 
-13.420000 	 -0.194401 
-13.400000 	 0.091487 
-13.380000 	 0.006812 
-13.360000 	 -0.170955 
-13.340000 	 -0.019159 
-13.320000 	 -0.337440 
-13.300000 	 0.051013 
-13.280000 	 -0.070602 
-13.260000 	 -0.110863 
-13.240000 	 0.043500 
-13.220000 	 -0.052605 
-13.200000 	 -0.028242 
-13.180000 	 -0.037521 
-13.160000 	 0.156655 
-13.140000 	 -0.052650 
-13.120000 	 0.011371 
-13.100000 	 0.223604 
-13.080000 	 0.244221 
-13.060000 	 0.053772 
-13.040000 	 0.191802 
-13.020000 	 0.126804 
-13.000000 	 0.068800 
-12.980000 	 -0.188228 
-12.960000 	 -0.131236 
-12.940000 	 -0.003631 
-12.920000 	 0.003431 
-12.900000 	 0.093108 
-12.880000 	 -0.029316 
-12.860000 	 0.039261 
-12.840000 	 0.089849 
-12.820000 	 0.036185 
-12.800000 	 -0.271327 
-12.780000 	 0.170653 
-12.760000 	 -0.214596 
-12.740000 	 -0.150142 
-12.720000 	 -0.013886 
-12.700000 	 -0.121010 
-12.680000 	 0.117405 
-12.660000 	 -0.086273 
-12.640000 	 0.013938 
-12.620000 	 0.015693 
-12.600000 	 0.388339 
-12.580000 	 0.011522 
-12.560000 	 -0.242521 
-12.540000 	 0.191631 
-12.520000 	 0.078419 
-12.500000 	 0.082698 
-12.480000 	 0.007409 
-12.460000 	 0.039402 
-12.440000 	 0.211527 
-12.420000 	 -0.178174 
-12.400000 	 -0.014220 
-12.380000 	 -0.234687 
-12.360000 	 -0.147565 
-12.340000 	 -0.115564 
-12.320000 	 -0.304849 
-12.300000 	 -0.124218 
-12.280000 	 0.200044 
-12.260000 	 -0.088875 
-12.240000 	 -0.214566 
-12.220000 	 -0.097282 
-12.200000 	 -0.170710 
-12.180000 	 -0.011743 
-12.160000 	 -0.189888 
-12.140000 	 -0.214687 
-12.120000 	 -0.080579 
-12.100000 	 -0.081830 
-12.080000 	 0.290164 
-12.060000 	 0.363168 
-12.040000 	 -0.079912 
-12.020000 	 0.066659 
-12.000000 	 -0.184167 
-11.980000 	 0.133023 
-11.960000 	 -0.159971 
-11.940000 	 -0.226180 
-11.920000 	 0.134896 
-11.900000 	 0.090373 
-11.880000 	 0.049686 
-11.860000 	 0.112429 
-11.840000 	 0.027955 
-11.820000 	 0.067173 
-11.800000 	 0.101022 
-11.780000 	 -0.052195 
-11.760000 	 -0.001140 
-11.740000 	 -0.095123 
-11.720000 	 -0.259663 
-11.700000 	 0.192189 
-11.680000 	 -0.138406 
-11.660000 	 -0.111117 
-11.640000 	 -0.107087 
-11.620000 	 -0.038867 
-11.600000 	 -0.126926 
-11.580000 	 -0.135715 
-11.560000 	 0.071305 
-11.540000 	 0.387466 
-11.520000 	 -0.178172 
-11.500000 	 -0.192305 
-11.480000 	 -0.354460 
-11.460000 	 0.071317 
-11.440000 	 -0.031044 
-11.420000 	 0.094846 
-11.400000 	 -0.094022 
-11.380000 	 -0.047815 
-11.360000 	 -0.295504 
-11.340000 	 -0.151725 
-11.320000 	 -0.020020 
-11.300000 	 0.158718 
-11.280000 	 0.226871 
-11.260000 	 0.284178 
-11.240000 	 -0.125249 
-11.220000 	 0.058448 
-11.200000 	 -0.048557 
-11.180000 	 -0.091171 
-11.160000 	 0.157730 
-11.140000 	 0.147398 
-11.120000 	 0.078030 
-11.100000 	 -0.197898 
-11.080000 	 -0.021065 
-11.060000 	 0.030900 
-11.040000 	 0.032326 
-11.020000 	 -0.068231 
-11.000000 	 -0.125764 
-10.980000 	 -0.027117 
-10.960000 	 -0.085244 
-10.940000 	 -0.046436 
-10.920000 	 0.213237 
-10.900000 	 -0.060350 
-10.880000 	 -0.107900 
-10.860000 	 -0.078514 
-10.840000 	 -0.203605 
-10.820000 	 0.196893 
-10.800000 	 0.019919 
-10.780000 	 0.100890 
-10.760000 	 0.109350 
-10.740000 	 0.125081 
-10.720000 	 0.075926 
-10.700000 	 -0.177349 
-10.680000 	 0.008127 
-10.660000 	 -0.091908 
-10.640000 	 0.153833 
-10.620000 	 0.015958 
-10.600000 	 -0.070153 
-10.580000 	 -0.086366 
-10.560000 	 -0.083074 
-10.540000 	 -0.130616 
-10.520000 	 0.124721 
-10.500000 	 0.060439 
-10.480000 	 0.268780 
-10.460000 	 0.184828 
-10.440000 	 -0.113433 
-10.420000 	 -0.047060 
-10.400000 	 0.132936 
-10.380000 	 0.115027 
-10.360000 	 0.051642 
-10.340000 	 0.045499 
-10.320000 	 -0.165946 
-10.300000 	 -0.279110 
-10.280000 	 0.170712 
-10.260000 	 -0.064729 
-10.240000 	 -0.075819 
-10.220000 	 -0.034781 
-10.200000 	 0.105921 
-10.180000 	 0.137209 
-10.160000 	 0.064279 
-10.140000 	 -0.040622 
-10.120000 	 0.133438 
-10.100000 	 0.334243 
-10.080000 	 -0.221357 
-10.060000 	 0.274912 
-10.040000 	 0.104350 
-10.020000 	 -0.160925 
-10.000000 	 -0.113132 
-9.980000 	 0.265654 
-9.960000 	 -0.051853 
-9.940000 	 0.086965 
-9.920000 	 0.026895 
-9.900000 	 0.162876 
-9.880000 	 -0.117820 
-9.860000 	 0.222165 
-9.840000 	 -0.036789 
-9.820000 	 -0.027688 
-9.800000 	 0.003471 
-9.780000 	 0.059510 
-9.760000 	 -0.175567 
-9.740000 	 -0.062649 
-9.720000 	 -0.162324 
-9.700000 	 -0.196811 
-9.680000 	 0.057741 
-9.660000 	 -0.002010 
-9.640000 	 0.016424 
-9.620000 	 0.235973 
-9.600000 	 -0.082419 
-9.580000 	 -0.097536 
-9.560000 	 -0.204555 
-9.540000 	 0.159307 
-9.520000 	 0.096807 
-9.500000 	 0.142675 
-9.480000 	 0.065826 
-9.460000 	 0.199793 
-9.440000 	 -0.026477 
-9.420000 	 -0.025809 
-9.400000 	 0.050549 
-9.380000 	 0.120162 
-9.360000 	 0.121903 
-9.340000 	 0.062289 
-9.320000 	 -0.119521 
-9.300000 	 0.287795 
-9.280000 	 -0.036561 
-9.260000 	 -0.183470 
-9.240000 	 0.104964 
-9.220000 	 -0.285092 
-9.200000 	 0.010228 
-9.180000 	 -0.040422 
-9.160000 	 -0.109555 
-9.140000 	 0.240993 
-9.120000 	 -0.020149 
-9.100000 	 0.372828 
-9.080000 	 0.100244 
-9.060000 	 0.093033 
-9.040000 	 -0.017068 
-9.020000 	 0.095738 
-9.000000 	 0.247847 
-8.980000 	 -0.276881 
-8.960000 	 -0.184931 
-8.940000 	 0.153056 
-8.920000 	 -0.186924 
-8.900000 	 0.056224 
-8.880000 	 -0.188327 
-8.860000 	 0.047135 
-8.840000 	 -0.156289 
-8.820000 	 0.112452 
-8.800000 	 0.458179 
-8.780000 	 0.196495 
-8.760000 	 -0.133722 
-8.740000 	 -0.177190 
-8.720000 	 -0.072220 
-8.700000 	 0.137582 
-8.680000 	 -0.083092 
-8.660000 	 0.011037 
-8.640000 	 -0.020527 
-8.620000 	 0.091464 
-8.600000 	 0.027620 
-8.580000 	 -0.015297 
-8.560000 	 0.004362 
-8.540000 	 0.190919 
-8.520000 	 -0.090494 
-8.500000 	 0.000146 
-8.480000 	 0.257836 
-8.460000 	 0.092295 
-8.440000 	 -0.068322 
-8.420000 	 -0.209133 
-8.400000 	 -0.290529 
-8.380000 	 -0.008447 
-8.360000 	 -0.149845 
-8.340000 	 -0.117498 
-8.320000 	 0.027701 
-8.300000 	 0.228927 
-8.280000 	 -0.076037 
-8.260000 	 0.067764 
-8.240000 	 -0.110822 
-8.220000 	 0.010022 
-8.200000 	 0.122257 
-8.180000 	 -0.178849 
-8.160000 	 -0.130617 
-8.140000 	 0.096841 
-8.120000 	 0.064714 
-8.100000 	 -0.028429 
-8.080000 	 0.100447 
-8.060000 	 -0.075148 
-8.040000 	 -0.065334 
-8.020000 	 -0.260272 
-8.000000 	 0.064413 
-7.980000 	 -0.183416 
-7.960000 	 0.147278 
-7.940000 	 -0.095341 
-7.920000 	 0.015363 
-7.900000 	 0.155042 
-7.880000 	 -0.020084 
-7.860000 	 -0.139486 
-7.840000 	 0.081976 
-7.820000 	 0.132335 
-7.800000 	 -0.064444 
-7.780000 	 0.012291 
-7.760000 	 -0.078702 
-7.740000 	 0.124134 
-7.720000 	 0.217396 
-7.700000 	 0.096757 
-7.680000 	 -0.244804 
-7.660000 	 -0.136311 
-7.640000 	 0.128989 
-7.620000 	 0.303676 
-7.600000 	 0.033945 
-7.580000 	 -0.191745 
-7.560000 	 0.038875 
-7.540000 	 0.087022 
-7.520000 	 0.183760 
-7.500000 	 0.011592 
-7.480000 	 0.227741 
-7.460000 	 0.090685 
-7.440000 	 -0.134535 
-7.420000 	 -0.149916 
-7.400000 	 0.358031 
-7.380000 	 -0.101378 
-7.360000 	 0.200755 
-7.340000 	 -0.029730 
-7.320000 	 0.074810 
-7.300000 	 -0.089699 
-7.280000 	 -0.072660 
-7.260000 	 -0.061469 
-7.240000 	 -0.100513 
-7.220000 	 0.159604 
-7.200000 	 0.138052 
-7.180000 	 0.084930 
-7.160000 	 -0.123709 
-7.140000 	 -0.002970 
-7.120000 	 0.006375 
-7.100000 	 0.020617 
-7.080000 	 -0.178685 
-7.060000 	 0.018338 
-7.040000 	 -0.011393 
-7.020000 	 0.211704 
-7.000000 	 0.152778 
-6.980000 	 0.205120 
-6.960000 	 0.162247 
-6.940000 	 -0.115182 
-6.920000 	 -0.025844 
-6.900000 	 0.321215 
-6.880000 	 0.036618 
-6.860000 	 0.060617 
-6.840000 	 -0.125319 
-6.820000 	 0.153455 
-6.800000 	 0.279943 
-6.780000 	 0.006869 
-6.760000 	 0.379504 
-6.740000 	 0.026502 
-6.720000 	 -0.087540 
-6.700000 	 0.159142 
-6.680000 	 0.090037 
-6.660000 	 0.128844 
-6.640000 	 0.156808 
-6.620000 	 0.234247 
-6.600000 	 0.269592 
-6.580000 	 0.083971 
-6.560000 	 0.164724 
-6.540000 	 0.137006 
-6.520000 	 0.072452 
-6.500000 	 0.132509 
-6.480000 	 0.132127 
-6.460000 	 0.020807 
-6.440000 	 0.361623 
-6.420000 	 -0.128080 
-6.400000 	 0.030346 
-6.380000 	 0.002685 
-6.360000 	 0.199801 
-6.340000 	 0.074606 
-6.320000 	 0.117618 
-6.300000 	 0.110749 
-6.280000 	 -0.035532 
-6.260000 	 0.136095 
-6.240000 	 0.259991 
-6.220000 	 0.323456 
-6.200000 	 0.259361 
-6.180000 	 0.142509 
-6.160000 	 0.093966 
-6.140000 	 0.338587 
-6.120000 	 0.545580 
-6.100000 	 0.342559 
-6.080000 	 0.021767 
-6.060000 	 -0.036815 
-6.040000 	 0.027525 
-6.020000 	 -0.040285 
-6.000000 	 -0.016582 
-5.980000 	 0.089337 
-5.960000 	 0.272897 
-5.940000 	 0.136201 
-5.920000 	 0.283488 
-5.900000 	 0.245084 
-5.880000 	 0.358735 
-5.860000 	 0.310744 
-5.840000 	 0.250984 
-5.820000 	 0.111575 
-5.800000 	 0.318435 
-5.780000 	 0.248269 
-5.760000 	 0.022848 
-5.740000 	 0.437613 
-5.720000 	 0.120015 
-5.700000 	 0.346286 
-5.680000 	 -0.224708 
-5.660000 	 0.609889 
-5.640000 	 0.288159 
-5.620000 	 0.157495 
-5.600000 	 0.353810 
-5.580000 	 0.643278 
-5.560000 	 0.201447 
-5.540000 	 0.281461 
-5.520000 	 0.446348 
-5.500000 	 0.163863 
-5.480000 	 0.003203 
-5.460000 	 -0.100000 
-5.440000 	 0.395484 
-5.420000 	 0.458616 
-5.400000 	 0.048838 
-5.380000 	 0.521306 
-5.360000 	 0.361976 
-5.340000 	 0.217900 
-5.320000 	 0.258553 
-5.300000 	 0.075268 
-5.280000 	 0.061027 
-5.260000 	 0.399733 
-5.240000 	 0.167801 
-5.220000 	 0.303164 
-5.200000 	 0.494731 
-5.180000 	 0.409181 
-5.160000 	 0.501916 
-5.140000 	 0.449836 
-5.120000 	 0.460871 
-5.100000 	 0.171894 
-5.080000 	 0.620807 
-5.060000 	 0.271369 
-5.040000 	 0.611753 
-5.020000 	 0.316599 
-5.000000 	 0.302944 
-4.980000 	 0.453145 
-4.960000 	 0.255607 
-4.940000 	 0.408490 
-4.920000 	 0.289716 
-4.900000 	 0.484968 
-4.880000 	 0.198127 
-4.860000 	 0.492776 
-4.840000 	 0.349029 
-4.820000 	 0.453119 
-4.800000 	 0.492446 
-4.780000 	 0.648141 
-4.760000 	 0.564708 
-4.740000 	 0.375359 
-4.720000 	 0.343537 
-4.700000 	 0.438650 
-4.680000 	 0.518884 
-4.660000 	 0.438013 
-4.640000 	 0.429781 
-4.620000 	 0.609161 
-4.600000 	 0.764084 
-4.580000 	 0.732363 
-4.560000 	 0.429968 
-4.540000 	 0.216151 
-4.520000 	 0.424789 
-4.500000 	 0.633479 
-4.480000 	 0.648132 
-4.460000 	 0.191447 
-4.440000 	 0.304022 
-4.420000 	 0.625954 
-4.400000 	 0.400826 
-4.380000 	 0.331251 
-4.360000 	 0.509233 
-4.340000 	 0.414665 
-4.320000 	 0.292889 
-4.300000 	 0.545919 
-4.280000 	 0.476049 
-4.260000 	 0.795094 
-4.240000 	 0.796902 
-4.220000 	 0.196767 
-4.200000 	 0.476718 
-4.180000 	 0.522558 
-4.160000 	 0.738008 
-4.140000 	 0.596752 
-4.120000 	 0.506886 
-4.100000 	 0.324569 
-4.080000 	 0.607474 
-4.060000 	 0.293787 
-4.040000 	 0.561460 
-4.020000 	 0.503136 
-4.000000 	 0.597443 
-3.980000 	 0.448752 
-3.960000 	 0.498329 
-3.940000 	 0.748858 
-3.920000 	 0.494276 
-3.900000 	 0.540165 
-3.880000 	 0.497010 
-3.860000 	 0.495818 
-3.840000 	 0.261953 
-3.820000 	 0.668659 
-3.800000 	 0.460702 
-3.780000 	 0.439033 
-3.760000 	 0.428293 
-3.740000 	 0.559273 
-3.720000 	 0.502174 
-3.700000 	 0.632027 
-3.680000 	 0.635317 
-3.660000 	 0.691997 
-3.640000 	 0.377514 
-3.620000 	 0.294395 
-3.600000 	 0.404723 
-3.580000 	 0.437935 
-3.560000 	 0.487277 
-3.540000 	 0.540800 
-3.520000 	 0.349675 
-3.500000 	 0.531886 
-3.480000 	 0.532802 
-3.460000 	 0.482553 
-3.440000 	 0.379256 
-3.420000 	 0.478607 
-3.400000 	 0.378418 
-3.380000 	 0.670022 
-3.360000 	 0.301082 
-3.340000 	 0.493766 
-3.320000 	 0.220472 
-3.300000 	 0.299736 
-3.280000 	 0.245195 
-3.260000 	 0.373713 
-3.240000 	 0.394809 
-3.220000 	 0.467089 
-3.200000 	 0.361354 
-3.180000 	 0.682537 
-3.160000 	 0.484149 
-3.140000 	 0.478634 
-3.120000 	 0.578842 
-3.100000 	 0.421578 
-3.080000 	 0.344935 
-3.060000 	 0.447190 
-3.040000 	 0.092373 
-3.020000 	 0.590462 
-3.000000 	 0.314270 
-2.980000 	 0.450641 
-2.960000 	 0.373666 
-2.940000 	 0.558701 
-2.920000 	 0.321331 
-2.900000 	 0.436826 
-2.880000 	 0.724717 
-2.860000 	 0.422880 
-2.840000 	 0.479365 
-2.820000 	 0.273214 
-2.800000 	 0.080805 
-2.780000 	 0.479307 
-2.760000 	 0.339990 
-2.740000 	 0.245994 
-2.720000 	 0.397408 
-2.700000 	 0.426068 
-2.680000 	 0.398136 
-2.660000 	 0.312153 
-2.640000 	 0.293545 
-2.620000 	 0.686900 
-2.600000 	 0.394944 
-2.580000 	 0.513261 
-2.560000 	 0.304000 
-2.540000 	 0.281785 
-2.520000 	 0.606195 
-2.500000 	 0.532878 
-2.480000 	 0.114279 
-2.460000 	 0.063186 
-2.440000 	 0.140432 
-2.420000 	 0.244407 
-2.400000 	 0.173870 
-2.380000 	 0.258090 
-2.360000 	 0.233434 
-2.340000 	 0.136856 
-2.320000 	 0.049809 
-2.300000 	 0.363250 
-2.280000 	 0.149428 
-2.260000 	 0.175361 
-2.240000 	 0.326450 
-2.220000 	 0.440924 
-2.200000 	 0.209927 
-2.180000 	 0.197652 
-2.160000 	 0.086053 
-2.140000 	 0.160823 
-2.120000 	 0.247937 
-2.100000 	 0.320133 
-2.080000 	 0.262894 
-2.060000 	 0.068069 
-2.040000 	 0.143494 
-2.020000 	 0.238305 
-2.000000 	 0.332285 
-1.980000 	 0.292118 
-1.960000 	 0.016506 
-1.940000 	 0.287200 
-1.920000 	 0.502815 
-1.900000 	 -0.051915 
-1.880000 	 0.200891 
-1.860000 	 0.117443 
-1.840000 	 0.437568 
-1.820000 	 -0.199857 
-1.800000 	 0.356841 
-1.780000 	 0.296186 
-1.760000 	 0.106276 
-1.740000 	 0.373436 
-1.720000 	 0.214131 
-1.700000 	 0.287480 
-1.680000 	 -0.051648 
-1.660000 	 0.234759 
-1.640000 	 0.034784 
-1.620000 	 -0.009816 
-1.600000 	 0.298276 
-1.580000 	 0.302594 
-1.560000 	 0.348931 
-1.540000 	 0.150238 
-1.520000 	 0.278978 
-1.500000 	 0.202139 
-1.480000 	 0.296972 
-1.460000 	 0.225177 
-1.440000 	 -0.173884 
-1.420000 	 0.615418 
-1.400000 	 0.146191 
-1.380000 	 0.079257 
-1.360000 	 0.039310 
-1.340000 	 0.037464 
-1.320000 	 0.271292 
-1.300000 	 0.454779 
-1.280000 	 0.343548 
-1.260000 	 0.092523 
-1.240000 	 -0.025691 
-1.220000 	 0.066955 
-1.200000 	 0.030147 
-1.180000 	 -0.126549 
-1.160000 	 0.395967 
-1.140000 	 -0.010068 
-1.120000 	 0.209223 
-1.100000 	 0.099935 
-1.080000 	 0.030850 
-1.060000 	 0.014025 
-1.040000 	 0.210727 
-1.020000 	 0.247295 
-1.000000 	 0.102542 
-0.980000 	 -0.014751 
-0.960000 	 -0.229384 
-0.940000 	 0.096960 
-0.920000 	 0.088089 
-0.900000 	 -0.054557 
-0.880000 	 0.256071 
-0.860000 	 0.004704 
-0.840000 	 0.297509 
-0.820000 	 0.251524 
-0.800000 	 -0.095686 
-0.780000 	 0.054316 
-0.760000 	 0.114952 
-0.740000 	 0.250640 
-0.720000 	 0.264198 
-0.700000 	 -0.056935 
-0.680000 	 0.178742 
-0.660000 	 0.378041 
-0.640000 	 0.382487 
-0.620000 	 0.295071 
-0.600000 	 0.055878 
-0.580000 	 0.372550 
-0.560000 	 0.350783 
-0.540000 	 -0.089334 
-0.520000 	 0.195779 
-0.500000 	 0.205464 
-0.480000 	 -0.050856 
-0.460000 	 -0.007193 
-0.440000 	 -0.007653 
-0.420000 	 0.004773 
-0.400000 	 0.254353 
-0.380000 	 0.066701 
-0.360000 	 0.043611 
-0.340000 	 0.061082 
-0.320000 	 0.194016 
-0.300000 	 0.450351 
-0.280000 	 0.082669 
-0.260000 	 0.442749 
-0.240000 	 0.099442 
-0.220000 	 0.114949 
-0.200000 	 0.346423 
-0.180000 	 0.369587 
-0.160000 	 0.260652 
-0.140000 	 0.347081 
-0.120000 	 0.182044 
-0.100000 	 0.092779 
-0.080000 	 0.208354 
-0.060000 	 0.245954 
-0.040000 	 0.514343 
-0.020000 	 0.344862 
0.000000 	 -0.000905 
0.020000 	 0.343246 
0.040000 	 0.370018 
0.060000 	 0.269547 
0.080000 	 0.121728 
0.100000 	 0.207800 
0.120000 	 0.297267 
0.140000 	 0.900000 
0.160000 	 -0.246735 
0.180000 	 0.288385 
0.200000 	 0.047135 
0.220000 	 0.380498 
0.240000 	 0.154630 
0.260000 	 0.641615 
0.280000 	 0.227409 
0.300000 	 0.274762 
0.320000 	 0.397733 
0.340000 	 0.381690 
0.360000 	 0.301454 
0.380000 	 0.350094 
0.400000 	 0.414323 
0.420000 	 0.293822 
0.440000 	 0.237365 
0.460000 	 0.165896 
0.480000 	 0.310965 
0.500000 	 0.256125 
0.520000 	 0.538007 
0.540000 	 0.656899 
0.560000 	 0.127314 
0.580000 	 0.305425 
0.600000 	 0.388203 
0.620000 	 0.590444 
0.640000 	 0.254591 
0.660000 	 0.571928 
0.680000 	 0.373527 
0.700000 	 0.430587 
0.720000 	 0.584412 
0.740000 	 0.132587 
0.760000 	 0.208667 
0.780000 	 0.497484 
0.800000 	 0.462210 
0.820000 	 0.372368 
0.840000 	 0.445406 
0.860000 	 0.619107 
0.880000 	 0.480576 
0.900000 	 0.541057 
0.920000 	 0.598839 
0.940000 	 0.373669 
0.960000 	 0.343472 
0.980000 	 0.636369 
1.000000 	 0.518862 
1.020000 	 0.739057 
1.040000 	 0.441387 
1.060000 	 0.621035 
1.080000 	 0.585415 
1.100000 	 0.666324 
1.120000 	 0.627296 
1.140000 	 0.390746 
1.160000 	 0.671652 
1.180000 	 0.404302 
1.200000 	 0.399735 
1.220000 	 0.913558 
1.240000 	 0.631643 
1.260000 	 0.500257 
1.280000 	 0.774019 
1.300000 	 0.491394 
1.320000 	 0.896033 
1.340000 	 0.286629 
1.360000 	 0.663771 
1.380000 	 0.635323 
1.400000 	 0.826883 
1.420000 	 0.718574 
1.440000 	 0.631516 
1.460000 	 0.798319 
1.480000 	 0.788598 
1.500000 	 0.647536 
1.520000 	 0.521277 
1.540000 	 0.907500 
1.560000 	 0.540457 
1.580000 	 0.563340 
1.600000 	 0.691528 
1.620000 	 0.561047 
1.640000 	 0.736657 
1.660000 	 0.817236 
1.680000 	 0.861124 
1.700000 	 0.640741 
1.720000 	 0.902166 
1.740000 	 0.787903 
1.760000 	 1.057577 
1.780000 	 0.983298 
1.800000 	 0.982006 
1.820000 	 0.804767 
1.840000 	 1.144484 
1.860000 	 1.070213 
1.880000 	 0.870866 
1.900000 	 0.877592 
1.920000 	 0.945779 
1.940000 	 1.095450 
1.960000 	 0.979191 
1.980000 	 1.002758 
2.000000 	 1.008017 
2.020000 	 0.883252 
2.040000 	 1.039671 
2.060000 	 -0.800000 
2.080000 	 1.176491 
2.100000 	 1.095761 
2.120000 	 1.247115 
2.140000 	 0.742181 
2.160000 	 0.891935 
2.180000 	 0.951913 
2.200000 	 0.987444 
2.220000 	 0.980328 
2.240000 	 0.932667 
2.260000 	 1.209404 
2.280000 	 0.923979 
2.300000 	 0.995013 
2.320000 	 1.011043 
2.340000 	 0.961027 
2.360000 	 1.095515 
2.380000 	 1.377083 
2.400000 	 1.231476 
2.420000 	 1.521590 
2.440000 	 1.275723 
2.460000 	 1.044277 
2.480000 	 0.912350 
2.500000 	 1.187389 
2.520000 	 1.020305 
2.540000 	 1.045703 
2.560000 	 1.193979 
2.580000 	 1.364953 
2.600000 	 1.227510 
2.620000 	 0.956597 
2.640000 	 1.079924 
2.660000 	 1.386213 
2.680000 	 1.370345 
2.700000 	 1.423245 
2.720000 	 1.567902 
2.740000 	 1.569247 
2.760000 	 1.191604 
2.780000 	 1.217260 
2.800000 	 1.692157 
2.820000 	 1.736029 
2.840000 	 1.588894 
2.860000 	 0.983735 
2.880000 	 1.325604 
2.900000 	 1.355750 
2.920000 	 1.461842 
2.940000 	 1.222206 
2.960000 	 1.369988 
2.980000 	 1.224296 
3.000000 	 1.539789 
3.020000 	 1.558721 
3.040000 	 1.368431 
3.060000 	 1.366655 
3.080000 	 1.413231 
3.100000 	 1.272747 
3.120000 	 1.309552 
3.140000 	 1.712997 
3.160000 	 1.483126 
3.180000 	 1.732987 
3.200000 	 1.367466 
3.220000 	 1.487262 
3.240000 	 1.343474 
3.260000 	 1.519214 
3.280000 	 1.818924 
3.300000 	 1.507370 
3.320000 	 1.346972 
3.340000 	 1.551566 
3.360000 	 1.762498 
3.380000 	 1.686561 
3.400000 	 1.663909 
3.420000 	 1.401834 
3.440000 	 1.475250 
3.460000 	 1.669133 
3.480000 	 1.590866 
3.500000 	 1.418041 
3.520000 	 1.583509 
3.540000 	 1.511122 
3.560000 	 1.330420 
3.580000 	 1.415594 
3.600000 	 1.370491 
3.620000 	 1.742872 
3.640000 	 1.443146 
3.660000 	 1.654968 
3.680000 	 1.633372 
3.700000 	 1.611595 
3.720000 	 1.584920 
3.740000 	 1.376219 
3.760000 	 1.770592 
3.780000 	 1.536162 
3.800000 	 1.701892 
3.820000 	 2.022784 
3.840000 	 1.650333 
3.860000 	 1.933348 
3.880000 	 1.765895 
3.900000 	 1.819873 
3.920000 	 1.748410 
3.940000 	 1.829997 
3.960000 	 1.482179 
3.980000 	 1.481854 
4.000000 	 1.599037 
4.020000 	 1.573587 
4.040000 	 1.659170 
4.060000 	 1.482048 
4.080000 	 1.670994 
4.100000 	 1.618735 
4.120000 	 1.502855 
4.140000 	 1.537567 
4.160000 	 1.578740 
4.180000 	 1.572213 
4.200000 	 1.494137 
4.220000 	 1.812579 
4.240000 	 1.632190 
4.260000 	 1.534109 
4.280000 	 1.472368 
4.300000 	 1.679922 
4.320000 	 1.515004 
4.340000 	 1.650862 
4.360000 	 1.515034 
4.380000 	 1.709428 
4.400000 	 1.586064 
4.420000 	 1.668586 
4.440000 	 1.489600 
4.460000 	 1.504514 
4.480000 	 1.672052 
4.500000 	 1.572840 
4.520000 	 1.542280 
4.540000 	 1.574431 
4.560000 	 1.446960 
4.580000 	 1.357291 
4.600000 	 1.484759 
4.620000 	 1.547750 
4.640000 	 1.610608 
4.660000 	 1.624271 
4.680000 	 1.499436 
4.700000 	 1.493645 
4.720000 	 1.291890 
4.740000 	 1.496173 
4.760000 	 1.515460 
4.780000 	 1.438500 
4.800000 	 1.303792 
4.820000 	 1.713454 
4.840000 	 1.397372 
4.860000 	 1.440398 
4.880000 	 1.472430 
4.900000 	 1.408692 
4.920000 	 1.370975 
4.940000 	 1.436286 
4.960000 	 1.430511 
4.980000 	 1.244887 
5.000000 	 1.647871 
5.020000 	 1.188646 
5.040000 	 1.563763 
5.060000 	 1.244200 
5.080000 	 1.425049 
5.100000 	 1.350378 
5.120000 	 1.498504 
5.140000 	 1.391116 
5.160000 	 1.584435 
5.180000 	 1.473816 
5.200000 	 1.377124 
5.220000 	 1.294374 
5.240000 	 1.296800 
5.260000 	 1.156674 
5.280000 	 1.412893 
5.300000 	 1.095666 
5.320000 	 1.472319 
5.340000 	 1.237481 
5.360000 	 1.026914 
5.380000 	 1.332814 
5.400000 	 1.332435 
5.420000 	 1.129411 
5.440000 	 1.209482 
5.460000 	 1.419475 
5.480000 	 1.354533 
5.500000 	 1.189040 
5.520000 	 1.263565 
5.540000 	 1.440528 
5.560000 	 1.012309 
5.580000 	 1.247833 
5.600000 	 1.348951 
5.620000 	 1.356184 
5.640000 	 1.245689 
5.660000 	 1.364843 
5.680000 	 -0.600000 
5.700000 	 1.011525 
5.720000 	 1.117674 
5.740000 	 1.010140 
5.760000 	 1.118202 
5.780000 	 1.415612 
5.800000 	 0.852468 
5.820000 	 1.249216 
5.840000 	 0.997030 
5.860000 	 1.338514 
5.880000 	 0.775358 
5.900000 	 1.197291 
5.920000 	 0.719922 
5.940000 	 1.221458 
5.960000 	 1.069244 
5.980000 	 0.906603 
6.000000 	 0.817970 
6.020000 	 0.903725 
6.040000 	 1.085514 
6.060000 	 1.036552 
6.080000 	 0.941965 
6.100000 	 0.764527 
6.120000 	 1.044931 
6.140000 	 0.917108 
6.160000 	 0.829717 
6.180000 	 0.864336 
6.200000 	 0.983672 
6.220000 	 0.835932 
6.240000 	 0.808184 
6.260000 	 0.996495 
6.280000 	 0.839969 
6.300000 	 0.377566 
6.320000 	 0.996930 
6.340000 	 0.992187 
6.360000 	 0.647494 
6.380000 	 0.951893 
6.400000 	 0.797067 
6.420000 	 0.889453 
6.440000 	 0.611228 
6.460000 	 0.785828 
6.480000 	 0.802688 
6.500000 	 0.758109 
6.520000 	 -0.800000 
6.540000 	 0.637044 
6.560000 	 0.716673 
6.580000 	 0.543610 
6.600000 	 0.563839 
6.620000 	 0.420289 
6.640000 	 0.543264 
6.660000 	 0.421859 
6.680000 	 0.628999 
6.700000 	 0.720515 
6.720000 	 0.611219 
6.740000 	 0.603374 
6.760000 	 0.581160 
6.780000 	 0.599036 
6.800000 	 0.651807 
6.820000 	 0.870307 
6.840000 	 0.538037 
6.860000 	 0.582187 
6.880000 	 0.307438 
6.900000 	 0.579630 
6.920000 	 0.318504 
6.940000 	 0.371144 
6.960000 	 0.491068 
6.980000 	 0.250090 
7.000000 	 0.255045 
7.020000 	 0.428633 
7.040000 	 0.419255 
7.060000 	 0.543601 
7.080000 	 0.588712 
7.100000 	 0.385282 
7.120000 	 0.308247 
7.140000 	 0.297742 
7.160000 	 0.416121 
7.180000 	 0.482501 
7.200000 	 0.674981 
7.220000 	 0.440714 
7.240000 	 0.465721 
7.260000 	 0.498757 
7.280000 	 0.090041 
7.300000 	 0.351204 
7.320000 	 0.375957 
7.340000 	 0.290270 
7.360000 	 0.484803 
7.380000 	 0.453023 
7.400000 	 0.420017 
7.420000 	 0.564009 
7.440000 	 0.568038 
7.460000 	 0.348425 
7.480000 	 0.342362 
7.500000 	 0.342635 
7.520000 	 0.432944 
7.540000 	 0.064870 
7.560000 	 0.126442 
7.580000 	 0.332460 
7.600000 	 0.504549 
7.620000 	 0.334538 
7.640000 	 0.187829 
7.660000 	 0.354584 
7.680000 	 -0.040326 
7.700000 	 0.501524 
7.720000 	 0.142674 
7.740000 	 0.337532 
7.760000 	 0.134567 
7.780000 	 0.115358 
7.800000 	 0.292229 
7.820000 	 0.195777 
7.840000 	 0.094473 
7.860000 	 0.309785 
7.880000 	 0.202050 
7.900000 	 0.362213 
7.920000 	 0.495071 
7.940000 	 0.295075 
7.960000 	 0.125002 
7.980000 	 0.143932 
8.000000 	 0.138732 
8.020000 	 0.216382 
8.040000 	 0.450867 
8.060000 	 0.449491 
8.080000 	 0.194721 
8.100000 	 -0.100255 
8.120000 	 0.078260 
8.140000 	 0.131812 
8.160000 	 0.018065 
8.180000 	 0.319060 
8.200000 	 0.199290 
8.220000 	 0.211287 
8.240000 	 0.231448 
8.260000 	 0.084463 
8.280000 	 -0.042102 
8.300000 	 -0.046606 
8.320000 	 0.144375 
8.340000 	 0.236251 
8.360000 	 -0.026949 
8.380000 	 0.206042 
8.400000 	 0.071585 
8.420000 	 0.059753 
8.440000 	 0.124007 
8.460000 	 0.148702 
8.480000 	 0.121168 
8.500000 	 0.128127 
8.520000 	 0.099299 
8.540000 	 0.111854 
8.560000 	 0.214072 
8.580000 	 0.210981 
8.600000 	 0.076923 
8.620000 	 0.239272 
8.640000 	 0.373050 
8.660000 	 0.364621 
8.680000 	 0.158440 
8.700000 	 0.151954 
8.720000 	 0.159613 
8.740000 	 -0.147598 
8.760000 	 0.113535 
8.780000 	 -0.196836 
8.800000 	 0.253337 
8.820000 	 -0.049624 
8.840000 	 0.299720 
8.860000 	 -0.218172 
8.880000 	 0.023434 
8.900000 	 0.095651 
8.920000 	 0.100580 
8.940000 	 -0.018501 
8.960000 	 0.217541 
8.980000 	 0.041947 
9.000000 	 0.129269 
9.020000 	 -0.085043 
9.040000 	 0.059235 
9.060000 	 -0.306668 
9.080000 	 0.120450 
9.100000 	 -0.101304 
9.120000 	 0.400098 
9.140000 	 0.023563 
9.160000 	 0.066900 
9.180000 	 0.035143 
9.200000 	 0.236499 
9.220000 	 0.154400 
9.240000 	 -0.004228 
9.260000 	 -0.140840 
9.280000 	 -0.181965 
9.300000 	 0.160363 
9.320000 	 0.100520 
9.340000 	 0.104936 
9.360000 	 -0.064300 
9.380000 	 0.083976 
9.400000 	 0.315971 
9.420000 	 0.199352 
9.440000 	 -0.110514 
9.460000 	 -0.036925 
9.480000 	 -0.165374 
9.500000 	 0.117882 
9.520000 	 0.174001 
9.540000 	 0.166065 
9.560000 	 -0.002579 
9.580000 	 -0.058352 
9.600000 	 0.034822 
9.620000 	 0.170297 
9.640000 	 -0.087980 
9.660000 	 -0.119804 
9.680000 	 -0.154624 
9.700000 	 0.071827 
9.720000 	 -0.043504 
9.740000 	 -0.081616 
9.760000 	 -0.071386 
9.780000 	 0.236510 
9.800000 	 0.396314 
9.820000 	 0.053533 
9.840000 	 0.101252 
9.860000 	 0.089519 
9.880000 	 -0.020224 
9.900000 	 -0.016077 
9.920000 	 -0.157846 
9.940000 	 -0.074011 
9.960000 	 0.060022 
9.980000 	 0.002641 
10.000000 	 0.106919 
10.020000 	 -0.127766 
10.040000 	 -0.167694 
10.060000 	 -0.186158 
10.080000 	 -0.051064 
10.100000 	 -0.087260 
10.120000 	 0.017129 
10.140000 	 0.202379 
10.160000 	 -0.107616 
10.180000 	 0.088557 
10.200000 	 -0.022578 
10.220000 	 0.050942 
10.240000 	 -0.211227 
10.260000 	 -0.194348 
10.280000 	 0.111137 
10.300000 	 -0.122087 
10.320000 	 0.210514 
10.340000 	 0.154628 
10.360000 	 0.340321 
10.380000 	 0.092680 
10.400000 	 -0.184897 
10.420000 	 0.062469 
10.440000 	 -0.233372 
10.460000 	 0.026217 
10.480000 	 -0.069596 
10.500000 	 0.044138 
10.520000 	 0.252682 
10.540000 	 -0.179404 
10.560000 	 0.050858 
10.580000 	 0.017331 
10.600000 	 0.036834 
10.620000 	 -0.064870 
10.640000 	 0.031692 
10.660000 	 -0.006237 
10.680000 	 0.202821 
10.700000 	 0.072453 
10.720000 	 -0.110283 
10.740000 	 -0.120536 
10.760000 	 0.047312 
10.780000 	 0.082519 
10.800000 	 -0.147900 
10.820000 	 0.017831 
10.840000 	 0.192400 
10.860000 	 -0.040421 
10.880000 	 -0.157290 
10.900000 	 0.254921 
10.920000 	 0.079710 
10.940000 	 0.132951 
10.960000 	 0.172406 
10.980000 	 -0.287918 
11.000000 	 0.111540 
11.020000 	 -0.164053 
11.040000 	 -0.052412 
11.060000 	 0.342413 
11.080000 	 -0.091822 
11.100000 	 -0.058502 
11.120000 	 0.022031 
11.140000 	 -0.108844 
11.160000 	 -0.078793 
11.180000 	 -0.171694 
11.200000 	 0.085925 
11.220000 	 -0.034902 
11.240000 	 -0.145917 
11.260000 	 0.022037 
11.280000 	 0.142244 
11.300000 	 -0.017442 
11.320000 	 0.042118 
11.340000 	 -0.013856 
11.360000 	 0.081657 
11.380000 	 -0.061855 
11.400000 	 -0.146929 
11.420000 	 0.077792 
11.440000 	 -0.232358 
11.460000 	 -0.148974 
11.480000 	 0.308730 
11.500000 	 -0.158888 
11.520000 	 -0.256850 
11.540000 	 -0.152958 
11.560000 	 0.002078 
11.580000 	 0.269551 
11.600000 	 -0.075854 
11.620000 	 0.161737 
11.640000 	 0.059885 
11.660000 	 0.044758 
11.680000 	 0.244861 
11.700000 	 0.150743 
11.720000 	 0.122107 
11.740000 	 0.069645 
11.760000 	 -0.148077 
11.780000 	 -0.100702 
11.800000 	 0.268345 
11.820000 	 -0.253822 
11.840000 	 0.021189 
11.860000 	 0.050391 
11.880000 	 -0.163907 
11.900000 	 0.029301 
11.920000 	 -0.032298 
11.940000 	 0.462706 
11.960000 	 0.081271 
11.980000 	 -0.069610 
12.000000 	 0.006928 
12.020000 	 0.223331 
12.040000 	 -0.031702 
12.060000 	 -0.034203 
12.080000 	 0.012446 
12.100000 	 -0.061911 
12.120000 	 0.212146 
12.140000 	 -0.001819 
12.160000 	 -0.208390 
12.180000 	 -0.043314 
12.200000 	 0.278456 
12.220000 	 0.376431 
12.240000 	 -0.222486 
12.260000 	 -0.189882 
12.280000 	 0.065483 
12.300000 	 0.306987 
12.320000 	 -0.015447 
12.340000 	 -0.017451 
12.360000 	 0.210651 
12.380000 	 0.109627 
12.400000 	 -0.117480 
12.420000 	 -0.156859 
12.440000 	 0.159008 
12.460000 	 0.002828 
12.480000 	 0.098257 
12.500000 	 -0.020595 
12.520000 	 -0.052590 
12.540000 	 -0.068432 
12.560000 	 0.096654 
12.580000 	 0.157981 
12.600000 	 -0.020930 
12.620000 	 -0.176175 
12.640000 	 -0.242551 
12.660000 	 0.214605 
12.680000 	 0.157238 
12.700000 	 0.088946 
12.720000 	 -0.188340 
12.740000 	 -0.123194 
12.760000 	 -0.159707 
12.780000 	 -0.094296 
12.800000 	 -0.122579 
12.820000 	 0.066134 
12.840000 	 -0.156603 
12.860000 	 0.170739 
12.880000 	 0.217334 
12.900000 	 0.099812 
12.920000 	 0.011319 
12.940000 	 -0.111809 
12.960000 	 -0.016636 
12.980000 	 0.119370 
13.000000 	 -0.039272 
13.020000 	 -0.076721 
13.040000 	 0.057530 
13.060000 	 0.168866 
13.080000 	 0.165942 
13.100000 	 0.087874 
13.120000 	 -0.052518 
13.140000 	 -0.082125 
13.160000 	 0.054054 
13.180000 	 0.014419 
13.200000 	 0.097757 
13.220000 	 -0.101543 
13.240000 	 -0.425904 
13.260000 	 -0.152947 
13.280000 	 -0.068872 
13.300000 	 0.261883 
13.320000 	 0.128341 
13.340000 	 0.119787 
13.360000 	 0.066194 
13.380000 	 0.090442 
13.400000 	 -0.037883 
13.420000 	 -0.254365 
13.440000 	 -0.048042 
13.460000 	 0.191138 
13.480000 	 0.071542 
13.500000 	 -0.347172 
13.520000 	 -0.180283 
13.540000 	 -0.022223 
13.560000 	 0.061484 
13.580000 	 0.082043 
13.600000 	 0.034397 
13.620000 	 0.031822 
13.640000 	 -0.067964 
13.660000 	 -0.035408 
13.680000 	 -0.088767 
13.700000 	 0.084798 
13.720000 	 0.015470 
13.740000 	 0.016161 
13.760000 	 0.174882 
13.780000 	 0.043521 
13.800000 	 0.048138 
13.820000 	 0.121698 
13.840000 	 0.110095 
13.860000 	 -0.081632 
13.880000 	 -0.082742 
13.900000 	 -0.261802 
13.920000 	 -0.111545 
13.940000 	 -0.062768 
13.960000 	 -0.060966 
13.980000 	 -0.054250 
14.000000 	 -0.069767 
14.020000 	 0.267011 
14.040000 	 -0.026971 
14.060000 	 0.088583 
14.080000 	 -0.155266 
14.100000 	 0.125118 
14.120000 	 -0.079899 
14.140000 	 0.207722 
14.160000 	 0.064983 
14.180000 	 0.204967 
14.200000 	 -0.037225 
14.220000 	 -0.046069 
14.240000 	 0.132417 
14.260000 	 -0.222238 
14.280000 	 0.266817 
14.300000 	 -0.104200 
14.320000 	 0.050398 
14.340000 	 0.229017 
14.360000 	 0.038315 
14.380000 	 -0.098283 
14.400000 	 -0.154884 
14.420000 	 -0.094044 
14.440000 	 0.099118 
14.460000 	 -0.346071 
14.480000 	 -0.078587 
14.500000 	 0.071727 
14.520000 	 0.038719 
14.540000 	 -0.024134 
14.560000 	 0.196462 
14.580000 	 0.101780 
14.600000 	 0.149500 
14.620000 	 0.038519 
14.640000 	 -0.099779 
14.660000 	 -0.150643 
14.680000 	 -0.494579 
14.700000 	 0.205749 
14.720000 	 -0.150175 
14.740000 	 -0.071216 
14.760000 	 0.022535 
14.780000 	 0.025713 
14.800000 	 0.065938 
14.820000 	 -0.032923 
14.840000 	 -0.107511 
14.860000 	 0.158299 
14.880000 	 -0.147591 
14.900000 	 0.115481 
14.920000 	 0.005742 
14.940000 	 -0.199932 
14.960000 	 -0.061833 
14.980000 	 -0.023092 
15.000000 	 0.004562 
