-15.000000 	 0.148852 
-14.980000 	 -0.019628 
-14.960000 	 -0.184546 
-14.940000 	 0.053565 
-14.920000 	 -0.153237 
-14.900000 	 -0.213488 
-14.880000 	 0.275098 
-14.860000 	 -0.035744 
-14.840000 	 0.191814 
-14.820000 	 -0.066238 
-14.800000 	 0.044289 
-14.780000 	 0.182033 
-14.760000 	 -0.092044 
-14.740000 	 0.101794 
-14.720000 	 0.054739 
-14.700000 	 0.204534 
-14.680000 	 0.032494 
-14.660000 	 0.235102 
-14.640000 	 -0.064828 
-14.620000 	 0.146297 
-14.600000 	 0.186036 
-14.580000 	 0.095809 
-14.560000 	 -0.029434 
-14.540000 	 0.035596 
-14.520000 	 0.353933 
-14.500000 	 0.056039 
-14.480000 	 0.036388 
-14.460000 	 0.177013 
-14.440000 	 -0.334669 
-14.420000 	 0.283081 
-14.400000 	 -0.151274 
-14.380000 	 -0.025104 
-14.360000 	 -0.371674 
-14.340000 	 -0.106599 
-14.320000 	 -0.002801 
-14.300000 	 0.096113 
-14.280000 	 -0.006952 
-14.260000 	 0.327709 
-14.240000 	 0.100594 
-14.220000 	 -0.278386 
-14.200000 	 0.211132 
-14.180000 	 -0.066733 
-14.160000 	 0.255867 
-14.140000 	 0.232805 
-14.120000 	 -0.063581 
-14.100000 	 -0.051749 
-14.080000 	 0.261074 
-14.060000 	 -0.196641 
-14.040000 	 0.275454 
-14.020000 	 -0.014929 
-14.000000 	 -0.062092 
-13.980000 	 -0.068104 
-13.960000 	 -0.300000 
-13.940000 	 -0.024702 
-13.920000 	 -0.194897 
-13.900000 	 0.162671 
-13.880000 	 -0.268038 
-13.860000 	 0.304207 
-13.840000 	 -0.112128 
-13.820000 	 0.418828 
-13.800000 	 0.134898 
-13.780000 	 -0.076417 
-13.760000 	 0.123756 
-13.740000 	 0.067284 
-13.720000 	 -0.049401 
-13.700000 	 0.140227 
-13.680000 	 -0.050869 
-13.660000 	 -0.018436 
-13.640000 	 -0.256571 
-13.620000 	 0.184026 
-13.600000 	 0.103931 
-13.580000 	 0.312240 
-13.560000 	 -0.294869 
-13.540000 	 -0.025053 
-13.520000 	 0.089724 
-13.500000 	 -0.142908 
-13.480000 	 0.073621 
-13.460000 	 0.103822 
-13.440000 	 -0.128632 
-13.420000 	 -0.081531 
-13.400000 	 -0.189026 
-13.380000 	 -0.023687 
-13.360000 	 0.128004 
-13.340000 	 -0.022887 
-13.320000 	 -0.054937 
-13.300000 	 0.152790 
-13.280000 	 -0.050687 
-13.260000 	 -0.087055 
-13.240000 	 -0.236259 
-13.220000 	 0.052599 
-13.200000 	 -0.333468 
-13.180000 	 -0.016840 
-13.160000 	 0.073670 
-13.140000 	 -0.184091 
-13.120000 	 0.075062 
-13.100000 	 -0.025439 
-13.080000 	 0.231210 
-13.060000 	 0.145010 
-13.040000 	 -0.000257 
-13.020000 	 0.097598 
-13.000000 	 0.207802 
-12.980000 	 -0.104747 
-12.960000 	 0.029645 
-12.940000 	 0.035091 
-12.920000 	 0.218275 
-12.900000 	 0.010634 
-12.880000 	 0.104070 
-12.860000 	 -0.107515 
-12.840000 	 -0.020873 
-12.820000 	 -0.021215 
-12.800000 	 -0.047274 
-12.780000 	 0.052847 
-12.760000 	 -0.286434 
-12.740000 	 -0.136859 
-12.720000 	 0.030631 
-12.700000 	 0.203045 
-12.680000 	 0.149402 
-12.660000 	 0.058338 
-12.640000 	 -0.154606 
-12.620000 	 0.304042 
-12.600000 	 -0.300470 
-12.580000 	 -0.157372 
-12.560000 	 -0.210394 
-12.540000 	 -0.045347 
-12.520000 	 0.158469 
-12.500000 	 -0.125973 
-12.480000 	 0.400000 
-12.460000 	 0.005676 
-12.440000 	 -0.021695 
-12.420000 	 -0.028601 
-12.400000 	 -0.196584 
-12.380000 	 0.051606 
-12.360000 	 0.026670 
-12.340000 	 0.259458 
-12.320000 	 0.010811 
-12.300000 	 -0.033404 
-12.280000 	 0.285320 
-12.260000 	 0.072711 
-12.240000 	 0.040260 
-12.220000 	 0.053755 
-12.200000 	 0.165435 
-12.180000 	 0.033284 
-12.160000 	 -0.223873 
-12.140000 	 -0.155504 
-12.120000 	 -0.064130 
-12.100000 	 -0.023440 
-12.080000 	 -0.255039 
-12.060000 	 -0.003829 
-12.040000 	 -0.045711 
-12.020000 	 0.147567 
-12.000000 	 0.055286 
-11.980000 	 -0.041027 
-11.960000 	 0.072416 
-11.940000 	 0.068821 
-11.920000 	 0.106262 
-11.900000 	 -0.140973 
-11.880000 	 -0.027493 
-11.860000 	 0.210146 
-11.840000 	 -0.079971 
-11.820000 	 0.188524 
-11.800000 	 -0.244054 
-11.780000 	 0.092111 
-11.760000 	 -0.105312 
-11.740000 	 0.102633 
-11.720000 	 -0.188330 
-11.700000 	 0.073557 
-11.680000 	 -0.233193 
-11.660000 	 0.137346 
-11.640000 	 0.014834 
-11.620000 	 -0.092640 
-11.600000 	 0.048357 
-11.580000 	 -0.103952 
-11.560000 	 -0.110163 
-11.540000 	 -0.114843 
-11.520000 	 -0.141545 
-11.500000 	 0.193147 
-11.480000 	 0.128365 
-11.460000 	 -0.192297 
-11.440000 	 0.172710 
-11.420000 	 0.009189 
-11.400000 	 0.028186 
-11.380000 	 0.059635 
-11.360000 	 0.070719 
-11.340000 	 -0.068966 
-11.320000 	 -0.092063 
-11.300000 	 -0.056624 
-11.280000 	 -0.800000 
-11.260000 	 -0.093701 
-11.240000 	 -0.030112 
-11.220000 	 -0.230361 
-11.200000 	 0.146705 
-11.180000 	 -0.095892 
-11.160000 	 -0.079608 
-11.140000 	 -0.003224 
-11.120000 	 0.071879 
-11.100000 	 0.294021 
-11.080000 	 -0.213595 
-11.060000 	 -0.135381 
-11.040000 	 0.123895 
-11.020000 	 -0.152594 
-11.000000 	 0.354161 
-10.980000 	 0.158702 
-10.960000 	 -0.236935 
-10.940000 	 0.147893 
-10.920000 	 -0.348017 
-10.900000 	 0.198581 
-10.880000 	 -0.082513 
-10.860000 	 0.096220 
-10.840000 	 0.148882 
-10.820000 	 0.000747 
-10.800000 	 0.100573 
-10.780000 	 -0.241703 
-10.760000 	 -0.041940 
-10.740000 	 0.185842 
-10.720000 	 -0.091988 
-10.700000 	 0.008409 
-10.680000 	 -0.055025 
-10.660000 	 -0.094243 
-10.640000 	 -0.101961 
-10.620000 	 -0.060915 
-10.600000 	 -0.028524 
-10.580000 	 -0.095480 
-10.560000 	 0.051031 
-10.540000 	 -0.104886 
-10.520000 	 -0.054192 
-10.500000 	 0.039385 
-10.480000 	 -0.145176 
-10.460000 	 -0.094338 
-10.440000 	 0.072581 
-10.420000 	 -0.037530 
-10.400000 	 -0.038932 
-10.380000 	 0.133046 
-10.360000 	 -0.070706 
-10.340000 	 -0.131788 
-10.320000 	 -0.064651 
-10.300000 	 0.180587 
-10.280000 	 0.184568 
-10.260000 	 -0.041844 
-10.240000 	 0.075679 
-10.220000 	 -0.178288 
-10.200000 	 0.380176 
-10.180000 	 -0.136323 
-10.160000 	 0.144519 
-10.140000 	 0.028344 
-10.120000 	 -0.086298 
-10.100000 	 0.058282 
-10.080000 	 0.083987 
-10.060000 	 -0.239907 
-10.040000 	 -0.094151 
-10.020000 	 -0.024103 
-10.000000 	 -0.119495 
-9.980000 	 -0.017838 
-9.960000 	 0.281415 
-9.940000 	 0.195775 
-9.920000 	 0.080689 
-9.900000 	 -0.323112 
-9.880000 	 -0.167794 
-9.860000 	 -0.013119 
-9.840000 	 -0.329234 
-9.820000 	 0.020730 
-9.800000 	 0.344454 
-9.780000 	 0.103074 
-9.760000 	 0.178814 
-9.740000 	 -0.161835 
-9.720000 	 0.015131 
-9.700000 	 0.042637 
-9.680000 	 0.095146 
-9.660000 	 -0.122688 
-9.640000 	 -0.061771 
-9.620000 	 -0.112810 
-9.600000 	 -0.105969 
-9.580000 	 -0.011263 
-9.560000 	 -0.186785 
-9.540000 	 0.259303 
-9.520000 	 0.130762 
-9.500000 	 -0.261556 
-9.480000 	 -0.057117 
-9.460000 	 -0.001974 
-9.440000 	 0.140681 
-9.420000 	 0.191549 
-9.400000 	 0.100883 
-9.380000 	 0.069347 
-9.360000 	 -0.165311 
-9.340000 	 -0.093628 
-9.320000 	 -0.042078 
-9.300000 	 0.184731 
-9.280000 	 -0.268739 
-9.260000 	 0.023977 
-9.240000 	 -0.161903 
-9.220000 	 0.046761 
-9.200000 	 0.252987 
-9.180000 	 -0.065099 
-9.160000 	 0.035187 
-9.140000 	 -0.402568 
-9.120000 	 0.403926 
-9.100000 	 -0.122663 
-9.080000 	 -0.261875 
-9.060000 	 0.341997 
-9.040000 	 -0.075782 
-9.020000 	 -0.188436 
-9.000000 	 -0.131948 
-8.980000 	 -0.194867 
-8.960000 	 0.039432 
-8.940000 	 0.116934 
-8.920000 	 -0.009366 
-8.900000 	 0.022306 
-8.880000 	 0.175632 
-8.860000 	 0.107841 
-8.840000 	 -0.167367 
-8.820000 	 -0.097438 
-8.800000 	 0.211526 
-8.780000 	 0.049537 
-8.760000 	 -0.100294 
-8.740000 	 -0.152079 
-8.720000 	 0.005977 
-8.700000 	 -0.079323 
-8.680000 	 0.021110 
-8.660000 	 0.057651 
-8.640000 	 -0.046757 
-8.620000 	 0.000161 
-8.600000 	 0.040739 
-8.580000 	 -0.405804 
-8.560000 	 0.175911 
-8.540000 	 -0.145865 
-8.520000 	 0.166643 
-8.500000 	 0.041750 
-8.480000 	 -0.189588 
-8.460000 	 -0.115096 
-8.440000 	 -0.046791 
-8.420000 	 -0.225281 
-8.400000 	 -0.271696 
-8.380000 	 -0.113427 
-8.360000 	 0.076802 
-8.340000 	 -0.044310 
-8.320000 	 0.033309 
-8.300000 	 0.269851 
-8.280000 	 0.012189 
-8.260000 	 0.092592 
-8.240000 	 0.221820 
-8.220000 	 0.017980 
-8.200000 	 0.305296 
-8.180000 	 -0.032022 
-8.160000 	 0.167692 
-8.140000 	 0.056891 
-8.120000 	 0.031126 
-8.100000 	 0.013404 
-8.080000 	 -0.145284 
-8.060000 	 -0.147698 
-8.040000 	 0.105966 
-8.020000 	 0.039167 
-8.000000 	 0.095432 
-7.980000 	 0.047169 
-7.960000 	 0.027775 
-7.940000 	 -0.118960 
-7.920000 	 0.198820 
-7.900000 	 0.008729 
-7.880000 	 0.216478 
-7.860000 	 0.120088 
-7.840000 	 -0.088698 
-7.820000 	 0.279341 
-7.800000 	 -0.120981 
-7.780000 	 0.258879 
-7.760000 	 0.196093 
-7.740000 	 -0.067185 
-7.720000 	 -0.054365 
-7.700000 	 0.029422 
-7.680000 	 0.184504 
-7.660000 	 0.243804 
-7.640000 	 0.060242 
-7.620000 	 0.233034 
-7.600000 	 -0.141000 
-7.580000 	 0.182535 
-7.560000 	 -0.039762 
-7.540000 	 0.211240 
-7.520000 	 0.000565 
-7.500000 	 -0.095375 
-7.480000 	 0.002033 
-7.460000 	 0.189104 
-7.440000 	 -0.070195 
-7.420000 	 0.215786 
-7.400000 	 0.004870 
-7.380000 	 0.059620 
-7.360000 	 0.308495 
-7.340000 	 0.102587 
-7.320000 	 -0.223755 
-7.300000 	 0.099542 
-7.280000 	 0.315810 
-7.260000 	 0.203675 
-7.240000 	 0.107604 
-7.220000 	 -0.155556 
-7.200000 	 0.202843 
-7.180000 	 0.109427 
-7.160000 	 -0.110542 
-7.140000 	 0.245182 
-7.120000 	 0.059539 
-7.100000 	 0.195726 
-7.080000 	 -0.091816 
-7.060000 	 0.231985 
-7.040000 	 -0.096141 
-7.020000 	 0.105271 
-7.000000 	 0.117416 
-6.980000 	 0.318193 
-6.960000 	 0.001887 
-6.940000 	 0.203139 
-6.920000 	 0.086701 
-6.900000 	 0.285794 
-6.880000 	 0.300325 
-6.860000 	 0.293335 
-6.840000 	 0.147381 
-6.820000 	 0.072501 
-6.800000 	 0.192344 
-6.780000 	 0.120973 
-6.760000 	 0.362956 
-6.740000 	 0.066879 
-6.720000 	 0.156958 
-6.700000 	 0.270163 
-6.680000 	 -0.097184 
-6.660000 	 -0.068460 
-6.640000 	 0.388589 
-6.620000 	 -0.020470 
-6.600000 	 0.002050 
-6.580000 	 -0.132598 
-6.560000 	 0.011184 
-6.540000 	 0.086578 
-6.520000 	 -0.078400 
-6.500000 	 -0.343021 
-6.480000 	 0.116390 
-6.460000 	 0.161658 
-6.440000 	 0.291076 
-6.420000 	 0.224870 
-6.400000 	 0.100572 
-6.380000 	 0.090510 
-6.360000 	 0.043288 
-6.340000 	 0.540855 
-6.320000 	 0.216420 
-6.300000 	 0.000621 
-6.280000 	 0.054676 
-6.260000 	 0.176859 
-6.240000 	 0.294673 
-6.220000 	 0.236856 
-6.200000 	 0.319845 
-6.180000 	 -0.019684 
-6.160000 	 0.253522 
-6.140000 	 0.132996 
-6.120000 	 -0.005035 
-6.100000 	 0.029968 
-6.080000 	 0.243730 
-6.060000 	 0.134595 
-6.040000 	 0.210260 
-6.020000 	 0.384857 
-6.000000 	 0.370045 
-5.980000 	 0.207141 
-5.960000 	 0.286370 
-5.940000 	 0.162533 
-5.920000 	 0.199360 
-5.900000 	 0.020943 
-5.880000 	 0.320916 
-5.860000 	 0.066466 
-5.840000 	 0.224867 
-5.820000 	 0.258350 
-5.800000 	 0.480028 
-5.780000 	 0.201907 
-5.760000 	 0.381651 
-5.740000 	 0.563267 
-5.720000 	 0.358005 
-5.700000 	 0.061444 
-5.680000 	 0.351573 
-5.660000 	 0.076185 
-5.640000 	 0.377449 
-5.620000 	 0.375716 
-5.600000 	 0.283542 
-5.580000 	 0.077488 
-5.560000 	 0.184885 
-5.540000 	 0.336980 
-5.520000 	 0.299457 
-5.500000 	 0.541542 
-5.480000 	 0.451213 
-5.460000 	 0.416718 
-5.440000 	 0.275695 
-5.420000 	 -0.002643 
-5.400000 	 0.475110 
-5.380000 	 0.219278 
-5.360000 	 0.578595 
-5.340000 	 0.505986 
-5.320000 	 0.642975 
-5.300000 	 0.236142 
-5.280000 	 0.286103 
-5.260000 	 0.339549 
-5.240000 	 0.405788 
-5.220000 	 0.429969 
-5.200000 	 0.318689 
-5.180000 	 0.399903 
-5.160000 	 0.621077 
-5.140000 	 0.163031 
-5.120000 	 0.228862 
-5.100000 	 0.672308 
-5.080000 	 0.503654 
-5.060000 	 0.274355 
-5.040000 	 0.492796 
-5.020000 	 0.332370 
-5.000000 	 0.097722 
-4.980000 	 0.589552 
-4.960000 	 0.362500 
-4.940000 	 0.377421 
-4.920000 	 0.370711 
-4.900000 	 0.370603 
-4.880000 	 0.486493 
-4.860000 	 0.153584 
-4.840000 	 0.444747 
-4.820000 	 0.412632 
-4.800000 	 0.563836 
-4.780000 	 0.744688 
-4.760000 	 0.415842 
-4.740000 	 0.483099 
-4.720000 	 0.445331 
-4.700000 	 0.405402 
-4.680000 	 0.552028 
-4.660000 	 0.391423 
-4.640000 	 0.549802 
-4.620000 	 0.492362 
-4.600000 	 0.486486 
-4.580000 	 0.515880 
-4.560000 	 0.458833 
-4.540000 	 0.574361 
-4.520000 	 0.251408 
-4.500000 	 0.376409 
-4.480000 	 0.379688 
-4.460000 	 0.643515 
-4.440000 	 0.168349 
-4.420000 	 0.627169 
-4.400000 	 0.364301 
-4.380000 	 0.306680 
-4.360000 	 0.594168 
-4.340000 	 0.612548 
-4.320000 	 0.763698 
-4.300000 	 0.660775 
-4.280000 	 0.494350 
-4.260000 	 0.417915 
-4.240000 	 0.463372 
-4.220000 	 0.403811 
-4.200000 	 0.575802 
-4.180000 	 0.336387 
-4.160000 	 0.604070 
-4.140000 	 0.302340 
-4.120000 	 0.496089 
-4.100000 	 0.663115 
-4.080000 	 0.162369 
-4.060000 	 0.816463 
-4.040000 	 0.373858 
-4.020000 	 0.499518 
-4.000000 	 0.706571 
-3.980000 	 0.533075 
-3.960000 	 0.629797 
-3.940000 	 0.343064 
-3.920000 	 0.402946 
-3.900000 	 0.381039 
-3.880000 	 0.801051 
-3.860000 	 0.708366 
-3.840000 	 0.535437 
-3.820000 	 0.648055 
-3.800000 	 0.634407 
-3.780000 	 0.410654 
-3.760000 	 0.456999 
-3.740000 	 0.359669 
-3.720000 	 0.195090 
-3.700000 	 0.404786 
-3.680000 	 0.457313 
-3.660000 	 0.791684 
-3.640000 	 0.210832 
-3.620000 	 0.564176 
-3.600000 	 0.414579 
-3.580000 	 0.378671 
-3.560000 	 0.765145 
-3.540000 	 0.137850 
-3.520000 	 0.353677 
-3.500000 	 0.502835 
-3.480000 	 0.457737 
-3.460000 	 0.331996 
-3.440000 	 0.486389 
-3.420000 	 0.527777 
-3.400000 	 0.583595 
-3.380000 	 0.581057 
-3.360000 	 0.384624 
-3.340000 	 0.528003 
-3.320000 	 0.360718 
-3.300000 	 0.281113 
-3.280000 	 0.475237 
-3.260000 	 0.319750 
-3.240000 	 0.253887 
-3.220000 	 0.285923 
-3.200000 	 0.432643 
-3.180000 	 0.589326 
-3.160000 	 0.319741 
-3.140000 	 0.396402 
-3.120000 	 0.492371 
-3.100000 	 0.466420 
-3.080000 	 0.276292 
-3.060000 	 0.653432 
-3.040000 	 0.187845 
-3.020000 	 0.633934 
-3.000000 	 0.236454 
-2.980000 	 0.367538 
-2.960000 	 0.367097 
-2.940000 	 0.482907 
-2.920000 	 0.286711 
-2.900000 	 0.472228 
-2.880000 	 0.476923 
-2.860000 	 0.294770 
-2.840000 	 0.502499 
-2.820000 	 0.492526 
-2.800000 	 0.051115 
-2.780000 	 0.351710 
-2.760000 	 0.249177 
-2.740000 	 0.461424 
-2.720000 	 0.448571 
-2.700000 	 0.274342 
-2.680000 	 0.131015 
-2.660000 	 0.463698 
-2.640000 	 0.608819 
-2.620000 	 0.176485 
-2.600000 	 0.320769 
-2.580000 	 0.167353 
-2.560000 	 0.444153 
-2.540000 	 0.500796 
-2.520000 	 0.199014 
-2.500000 	 0.415202 
-2.480000 	 0.180215 
-2.460000 	 0.479780 
-2.440000 	 0.057149 
-2.420000 	 0.293105 
-2.400000 	 0.369836 
-2.380000 	 0.520774 
-2.360000 	 0.208078 
-2.340000 	 0.190713 
-2.320000 	 0.213245 
-2.300000 	 0.347274 
-2.280000 	 0.348209 
-2.260000 	 0.332659 
-2.240000 	 -0.034353 
-2.220000 	 0.320295 
-2.200000 	 0.276256 
-2.180000 	 0.213989 
-2.160000 	 0.089669 
-2.140000 	 0.464228 
-2.120000 	 0.284037 
-2.100000 	 0.147691 
-2.080000 	 0.295660 
-2.060000 	 0.288953 
-2.040000 	 0.352474 
-2.020000 	 0.190761 
-2.000000 	 0.198669 
-1.980000 	 0.061768 
-1.960000 	 0.407989 
-1.940000 	 0.047721 
-1.920000 	 0.275539 
-1.900000 	 0.439073 
-1.880000 	 0.231701 
-1.860000 	 0.234596 
-1.840000 	 0.138016 
-1.820000 	 0.169473 
-1.800000 	 0.098657 
-1.780000 	 -0.011834 
-1.760000 	 -0.101921 
-1.740000 	 0.245706 
-1.720000 	 0.150861 
-1.700000 	 0.335844 
-1.680000 	 0.063065 
-1.660000 	 0.137059 
-1.640000 	 0.264981 
-1.620000 	 0.293085 
-1.600000 	 0.130087 
-1.580000 	 0.158225 
-1.560000 	 -0.005285 
-1.540000 	 0.390766 
-1.520000 	 0.089651 
-1.500000 	 0.140182 
-1.480000 	 -0.038850 
-1.460000 	 0.041309 
-1.440000 	 0.154219 
-1.420000 	 0.158993 
-1.400000 	 0.263339 
-1.380000 	 0.264657 
-1.360000 	 -0.066745 
-1.340000 	 0.200875 
-1.320000 	 0.123288 
-1.300000 	 0.068517 
-1.280000 	 0.233180 
-1.260000 	 0.202553 
-1.240000 	 0.245470 
-1.220000 	 0.197529 
-1.200000 	 -0.108862 
-1.180000 	 0.237889 
-1.160000 	 -0.061621 
-1.140000 	 0.259480 
-1.120000 	 0.114786 
-1.100000 	 0.051281 
-1.080000 	 0.049571 
-1.060000 	 0.382186 
-1.040000 	 0.025019 
-1.020000 	 0.154546 
-1.000000 	 0.340748 
-0.980000 	 0.201442 
-0.960000 	 -0.104845 
-0.940000 	 -0.166309 
-0.920000 	 0.056854 
-0.900000 	 0.477655 
-0.880000 	 0.096514 
-0.860000 	 -0.089808 
-0.840000 	 0.328141 
-0.820000 	 0.316486 
-0.800000 	 0.242846 
-0.780000 	 0.019429 
-0.760000 	 0.143373 
-0.740000 	 0.218400 
-0.720000 	 0.102516 
-0.700000 	 0.034544 
-0.680000 	 0.206100 
-0.660000 	 0.073228 
-0.640000 	 0.238746 
-0.620000 	 0.190952 
-0.600000 	 0.285387 
-0.580000 	 0.188193 
-0.560000 	 0.159826 
-0.540000 	 0.210735 
-0.520000 	 0.064659 
-0.500000 	 0.011532 
-0.480000 	 0.319344 
-0.460000 	 0.304986 
-0.440000 	 0.501763 
-0.420000 	 0.453410 
-0.400000 	 0.234568 
-0.380000 	 0.237581 
-0.360000 	 0.012943 
-0.340000 	 0.153118 
-0.320000 	 0.316938 
-0.300000 	 0.193738 
-0.280000 	 0.012795 
-0.260000 	 0.104097 
-0.240000 	 0.384114 
-0.220000 	 0.469401 
-0.200000 	 0.494237 
-0.180000 	 0.044224 
-0.160000 	 0.112370 
-0.140000 	 0.295144 
-0.120000 	 0.110631 
-0.100000 	 0.454840 
-0.080000 	 0.053847 
-0.060000 	 0.150596 
-0.040000 	 0.080973 
-0.020000 	 -0.035564 
0.000000 	 0.162494 
0.020000 	 0.547059 
0.040000 	 0.040728 
0.060000 	 0.281116 
0.080000 	 0.160608 
0.100000 	 0.084525 
0.120000 	 0.139932 
0.140000 	 -0.005329 
0.160000 	 0.416426 
0.180000 	 0.488624 
0.200000 	 -0.072554 
0.220000 	 0.455240 
0.240000 	 0.237039 
0.260000 	 0.217107 
0.280000 	 0.290998 
0.300000 	 0.286991 
0.320000 	 0.217584 
0.340000 	 -0.002596 
0.360000 	 0.410577 
0.380000 	 0.271328 
0.400000 	 0.284451 
0.420000 	 0.390802 
0.440000 	 0.193700 
0.460000 	 0.568392 
0.480000 	 0.217288 
0.500000 	 0.478293 
0.520000 	 0.491051 
0.540000 	 0.297294 
0.560000 	 0.682337 
0.580000 	 0.213134 
0.600000 	 0.781201 
0.620000 	 0.267697 
0.640000 	 0.353768 
0.660000 	 0.685179 
0.680000 	 0.456237 
0.700000 	 0.400000 
0.720000 	 0.325043 
0.740000 	 0.253506 
0.760000 	 0.410367 
0.780000 	 0.484867 
0.800000 	 0.399895 
0.820000 	 0.350133 
0.840000 	 0.505495 
0.860000 	 0.576023 
0.880000 	 0.482492 
0.900000 	 0.629552 
0.920000 	 0.751839 
0.940000 	 0.502397 
0.960000 	 0.498381 
0.980000 	 0.370739 
1.000000 	 0.513514 
1.020000 	 0.804756 
1.040000 	 0.310132 
1.060000 	 0.647341 
1.080000 	 0.575801 
1.100000 	 0.633896 
1.120000 	 0.473481 
1.140000 	 0.395133 
1.160000 	 0.720969 
1.180000 	 0.380637 
1.200000 	 0.302613 
1.220000 	 0.563006 
1.240000 	 0.605125 
1.260000 	 0.673270 
1.280000 	 0.706138 
1.300000 	 0.664717 
1.320000 	 0.556369 
1.340000 	 0.567015 
1.360000 	 0.708570 
1.380000 	 0.806278 
1.400000 	 0.756878 
1.420000 	 0.331452 
1.440000 	 0.728306 
1.460000 	 0.708724 
1.480000 	 0.880319 
1.500000 	 0.368062 
1.520000 	 0.525604 
1.540000 	 0.764015 
1.560000 	 0.835856 
1.580000 	 0.836888 
1.600000 	 1.209168 
1.620000 	 0.737762 
1.640000 	 0.524279 
1.660000 	 0.789391 
1.680000 	 0.594792 
1.700000 	 0.785501 
1.720000 	 0.653139 
1.740000 	 1.014820 
1.760000 	 0.935973 
1.780000 	 0.986549 
1.800000 	 0.860591 
1.820000 	 1.120450 
1.840000 	 0.849412 
1.860000 	 1.020347 
1.880000 	 0.984888 
1.900000 	 0.906162 
1.920000 	 1.058726 
1.940000 	 0.904418 
1.960000 	 0.916906 
1.980000 	 1.161687 
2.000000 	 1.058214 
2.020000 	 1.358081 
2.040000 	 0.928248 
2.060000 	 1.158506 
2.080000 	 0.651599 
2.100000 	 0.914350 
2.120000 	 0.881320 
2.140000 	 0.812353 
2.160000 	 1.104970 
2.180000 	 0.902686 
2.200000 	 1.188074 
2.220000 	 0.895524 
2.240000 	 1.154772 
2.260000 	 1.090532 
2.280000 	 1.153543 
2.300000 	 1.179807 
2.320000 	 1.023914 
2.340000 	 1.166198 
2.360000 	 1.196976 
2.380000 	 1.288792 
2.400000 	 1.276290 
2.420000 	 1.087191 
2.440000 	 1.142036 
2.460000 	 1.203367 
2.480000 	 1.105220 
2.500000 	 1.143740 
2.520000 	 1.183523 
2.540000 	 1.263610 
2.560000 	 1.175399 
2.580000 	 1.224772 
2.600000 	 1.333948 
2.620000 	 1.237806 
2.640000 	 1.340664 
2.660000 	 1.521356 
2.680000 	 1.193875 
2.700000 	 1.055786 
2.720000 	 1.340657 
2.740000 	 1.261480 
2.760000 	 1.042223 
2.780000 	 1.344014 
2.800000 	 1.402743 
2.820000 	 1.242959 
2.840000 	 1.440610 
2.860000 	 1.461696 
2.880000 	 1.140818 
2.900000 	 1.490506 
2.920000 	 1.208613 
2.940000 	 1.468798 
2.960000 	 1.585298 
2.980000 	 1.151459 
3.000000 	 1.484511 
3.020000 	 1.384672 
3.040000 	 1.370268 
3.060000 	 1.156610 
3.080000 	 1.467479 
3.100000 	 1.402019 
3.120000 	 1.549322 
3.140000 	 1.723193 
3.160000 	 1.770306 
3.180000 	 1.613383 
3.200000 	 1.574046 
3.220000 	 1.647973 
3.240000 	 1.566719 
3.260000 	 1.124437 
3.280000 	 1.529438 
3.300000 	 1.351998 
3.320000 	 1.476459 
3.340000 	 1.710104 
3.360000 	 1.426742 
3.380000 	 1.594266 
3.400000 	 1.381504 
3.420000 	 1.462063 
3.440000 	 1.543853 
3.460000 	 1.434772 
3.480000 	 1.429362 
3.500000 	 1.756765 
3.520000 	 1.359122 
3.540000 	 1.738472 
3.560000 	 1.740731 
3.580000 	 1.439736 
3.600000 	 1.680222 
3.620000 	 1.591313 
3.640000 	 1.905603 
3.660000 	 1.567665 
3.680000 	 1.751967 
3.700000 	 1.452016 
3.720000 	 1.772004 
3.740000 	 1.957840 
3.760000 	 1.499963 
3.780000 	 1.501449 
3.800000 	 1.536948 
3.820000 	 1.398385 
3.840000 	 1.377391 
3.860000 	 1.589774 
3.880000 	 1.634217 
3.900000 	 1.882397 
3.920000 	 1.565882 
3.940000 	 1.316970 
3.960000 	 1.821813 
3.980000 	 1.704197 
4.000000 	 1.591265 
4.020000 	 1.654206 
4.040000 	 1.474902 
4.060000 	 1.653259 
4.080000 	 1.591682 
4.100000 	 1.680628 
4.120000 	 1.356989 
4.140000 	 1.553408 
4.160000 	 1.612068 
4.180000 	 1.465547 
4.200000 	 1.263943 
4.220000 	 1.271159 
4.240000 	 1.523516 
4.260000 	 1.843170 
4.280000 	 1.946093 
4.300000 	 1.469532 
4.320000 	 1.619004 
4.340000 	 1.368004 
4.360000 	 1.608026 
4.380000 	 1.458499 
4.400000 	 1.649194 
4.420000 	 1.448117 
4.440000 	 1.560741 
4.460000 	 1.589975 
4.480000 	 1.744014 
4.500000 	 1.702252 
4.520000 	 1.590489 
4.540000 	 1.550111 
4.560000 	 1.627594 
4.580000 	 1.601252 
4.600000 	 1.665735 
4.620000 	 1.548938 
4.640000 	 1.362744 
4.660000 	 1.523751 
4.680000 	 1.347217 
4.700000 	 1.483893 
4.720000 	 1.478290 
4.740000 	 1.692196 
4.760000 	 1.400560 
4.780000 	 1.316005 
4.800000 	 1.557688 
4.820000 	 1.389245 
4.840000 	 1.591175 
4.860000 	 1.874360 
4.880000 	 1.627565 
4.900000 	 1.468319 
4.920000 	 1.331463 
4.940000 	 1.405701 
4.960000 	 1.375846 
4.980000 	 1.610691 
5.000000 	 1.426629 
5.020000 	 1.541111 
5.040000 	 1.312077 
5.060000 	 1.283250 
5.080000 	 1.150141 
5.100000 	 1.404357 
5.120000 	 1.268254 
5.140000 	 1.328726 
5.160000 	 1.534245 
5.180000 	 1.344373 
5.200000 	 1.165997 
5.220000 	 1.455041 
5.240000 	 1.483390 
5.260000 	 1.351174 
5.280000 	 1.334465 
5.300000 	 1.489348 
5.320000 	 1.290222 
5.340000 	 1.505358 
5.360000 	 1.470081 
5.380000 	 1.068434 
5.400000 	 1.241431 
5.420000 	 1.404660 
5.440000 	 1.223733 
5.460000 	 1.143900 
5.480000 	 1.206005 
5.500000 	 1.221237 
5.520000 	 1.276858 
5.540000 	 1.189369 
5.560000 	 1.142486 
5.580000 	 1.418211 
5.600000 	 1.465541 
5.620000 	 0.903625 
5.640000 	 1.210646 
5.660000 	 1.075935 
5.680000 	 1.267758 
5.700000 	 1.238179 
5.720000 	 1.017670 
5.740000 	 1.216033 
5.760000 	 1.154700 
5.780000 	 1.191309 
5.800000 	 0.738830 
5.820000 	 0.702560 
5.840000 	 1.040700 
5.860000 	 1.035654 
5.880000 	 1.295560 
5.900000 	 0.867259 
5.920000 	 0.847644 
5.940000 	 1.215425 
5.960000 	 0.983548 
5.980000 	 0.915953 
6.000000 	 0.895209 
6.020000 	 0.845330 
6.040000 	 0.870486 
6.060000 	 0.917253 
6.080000 	 0.907598 
6.100000 	 1.078599 
6.120000 	 0.609622 
6.140000 	 0.971975 
6.160000 	 0.583050 
6.180000 	 1.122832 
6.200000 	 1.127329 
6.220000 	 1.186754 
6.240000 	 0.685409 
6.260000 	 0.677847 
6.280000 	 0.715006 
6.300000 	 0.411381 
6.320000 	 0.481934 
6.340000 	 0.678839 
6.360000 	 0.773312 
6.380000 	 0.723150 
6.400000 	 0.860407 
6.420000 	 0.690857 
6.440000 	 0.681220 
6.460000 	 0.817904 
6.480000 	 0.673238 
6.500000 	 0.568758 
6.520000 	 0.895649 
6.540000 	 0.709146 
6.560000 	 0.865289 
6.580000 	 0.584861 
6.600000 	 0.742319 
6.620000 	 0.464154 
6.640000 	 0.872754 
6.660000 	 0.699777 
6.680000 	 0.588416 
6.700000 	 0.518355 
6.720000 	 0.454293 
6.740000 	 0.403645 
6.760000 	 0.578258 
6.780000 	 0.557956 
6.800000 	 0.817959 
6.820000 	 0.644577 
6.840000 	 0.763109 
6.860000 	 0.515284 
6.880000 	 0.600420 
6.900000 	 0.581919 
6.920000 	 0.583442 
6.940000 	 0.630313 
6.960000 	 0.687770 
6.980000 	 0.509710 
7.000000 	 0.648788 
7.020000 	 0.462765 
7.040000 	 0.419637 
7.060000 	 0.185126 
7.080000 	 0.426843 
7.100000 	 0.575697 
7.120000 	 0.698409 
7.140000 	 0.342816 
7.160000 	 0.170598 
7.180000 	 0.326311 
7.200000 	 0.626608 
7.220000 	 0.293955 
7.240000 	 0.723628 
7.260000 	 0.350360 
7.280000 	 0.323123 
7.300000 	 0.512155 
7.320000 	 0.356676 
7.340000 	 0.481043 
7.360000 	 0.334355 
7.380000 	 0.594824 
7.400000 	 0.739789 
7.420000 	 0.319718 
7.440000 	 0.307745 
7.460000 	 0.226444 
7.480000 	 0.129247 
7.500000 	 0.606929 
7.520000 	 0.181875 
7.540000 	 0.435499 
7.560000 	 0.424418 
7.580000 	 0.123196 
7.600000 	 0.237675 
7.620000 	 0.107487 
7.640000 	 0.417343 
7.660000 	 0.467381 
7.680000 	 0.201421 
7.700000 	 0.281974 
7.720000 	 0.029646 
7.740000 	 -0.032947 
7.760000 	 0.405869 
7.780000 	 0.348314 
7.800000 	 0.227361 
7.820000 	 0.032121 
7.840000 	 0.501231 
7.860000 	 0.331001 
7.880000 	 0.505967 
7.900000 	 0.443386 
7.920000 	 0.094632 
7.940000 	 0.382403 
7.960000 	 0.087954 
7.980000 	 0.013197 
8.000000 	 0.447119 
8.020000 	 0.358244 
8.040000 	 0.169673 
8.060000 	 0.520777 
8.080000 	 -0.091869 
8.100000 	 0.241024 
8.120000 	 0.409365 
8.140000 	 0.009140 
8.160000 	 0.289147 
8.180000 	 0.113607 
8.200000 	 0.192235 
8.220000 	 0.211443 
8.240000 	 0.055909 
8.260000 	 0.107307 
8.280000 	 0.112161 
8.300000 	 0.440990 
8.320000 	 -0.036464 
8.340000 	 0.299562 
8.360000 	 0.105579 
8.380000 	 0.071078 
8.400000 	 0.168650 
8.420000 	 0.324778 
8.440000 	 0.021706 
8.460000 	 0.061406 
8.480000 	 0.072123 
8.500000 	 0.042235 
8.520000 	 0.220572 
8.540000 	 0.307600 
8.560000 	 -0.002003 
8.580000 	 0.189351 
8.600000 	 0.128289 
8.620000 	 0.129516 
8.640000 	 -0.117853 
8.660000 	 0.188908 
8.680000 	 0.304013 
8.700000 	 0.180374 
8.720000 	 -0.069370 
8.740000 	 0.227515 
8.760000 	 0.088059 
8.780000 	 0.015226 
8.800000 	 -0.136492 
8.820000 	 0.195839 
8.840000 	 0.073957 
8.860000 	 0.238127 
8.880000 	 0.011029 
8.900000 	 -0.089188 
8.920000 	 0.168093 
8.940000 	 -0.256975 
8.960000 	 0.106165 
8.980000 	 0.157949 
9.000000 	 0.073782 
9.020000 	 0.042375 
9.040000 	 -0.037460 
9.060000 	 0.149864 
9.080000 	 0.177004 
9.100000 	 0.021081 
9.120000 	 0.071785 
9.140000 	 0.155043 
9.160000 	 -0.260597 
9.180000 	 0.107650 
9.200000 	 0.149585 
9.220000 	 0.017526 
9.240000 	 0.127138 
9.260000 	 0.142521 
9.280000 	 -0.180630 
9.300000 	 0.045742 
9.320000 	 0.087384 
9.340000 	 -0.020652 
9.360000 	 0.240195 
9.380000 	 0.064315 
9.400000 	 0.114915 
9.420000 	 -0.171576 
9.440000 	 -0.060623 
9.460000 	 -0.145524 
9.480000 	 0.151108 
9.500000 	 0.230269 
9.520000 	 -0.089866 
9.540000 	 0.233269 
9.560000 	 -0.047768 
9.580000 	 0.069965 
9.600000 	 0.115559 
9.620000 	 -0.276138 
9.640000 	 0.067246 
9.660000 	 -0.000220 
9.680000 	 0.104437 
9.700000 	 0.208571 
9.720000 	 -0.097780 
9.740000 	 -0.187376 
9.760000 	 0.241005 
9.780000 	 0.061715 
9.800000 	 0.600000 
9.820000 	 -0.038969 
9.840000 	 -0.111414 
9.860000 	 0.276062 
9.880000 	 0.028428 
9.900000 	 -0.128988 
9.920000 	 -0.147038 
9.940000 	 -0.089479 
9.960000 	 0.424273 
9.980000 	 0.153496 
10.000000 	 0.063493 
10.020000 	 0.016030 
10.040000 	 0.152825 
10.060000 	 -0.275071 
10.080000 	 0.236915 
10.100000 	 -0.113689 
10.120000 	 0.288770 
10.140000 	 0.079026 
10.160000 	 -0.203110 
10.180000 	 -0.087428 
10.200000 	 0.101283 
10.220000 	 0.173019 
10.240000 	 0.084353 
10.260000 	 0.068962 
10.280000 	 -0.031374 
10.300000 	 0.092244 
10.320000 	 -0.246808 
10.340000 	 0.127006 
10.360000 	 0.124261 
10.380000 	 0.116710 
10.400000 	 0.135953 
10.420000 	 0.133668 
10.440000 	 -0.101918 
10.460000 	 -0.150751 
10.480000 	 -0.059070 
10.500000 	 0.113450 
10.520000 	 0.057789 
10.540000 	 0.082358 
10.560000 	 0.126237 
10.580000 	 -0.286098 
10.600000 	 0.124518 
10.620000 	 -0.007697 
10.640000 	 -0.052193 
10.660000 	 0.389824 
10.680000 	 -0.338170 
10.700000 	 -0.141959 
10.720000 	 0.174181 
10.740000 	 -0.061395 
10.760000 	 -0.114188 
10.780000 	 0.127968 
10.800000 	 0.046217 
10.820000 	 0.028999 
10.840000 	 -0.061323 
10.860000 	 -0.203011 
10.880000 	 -0.174460 
10.900000 	 -0.081156 
10.920000 	 0.109249 
10.940000 	 0.179457 
10.960000 	 -0.058821 
10.980000 	 0.081085 
11.000000 	 -0.052764 
11.020000 	 0.275656 
11.040000 	 -0.110673 
11.060000 	 0.122090 
11.080000 	 -0.010372 
11.100000 	 0.129882 
11.120000 	 -0.027575 
11.140000 	 -0.070894 
11.160000 	 0.371177 
11.180000 	 -0.220963 
11.200000 	 0.282862 
11.220000 	 0.164852 
11.240000 	 -0.027006 
11.260000 	 0.088529 
11.280000 	 0.185497 
11.300000 	 -0.195685 
11.320000 	 0.013899 
11.340000 	 -0.203678 
11.360000 	 -0.271607 
11.380000 	 0.114312 
11.400000 	 -0.260949 
11.420000 	 -0.181687 
11.440000 	 0.044087 
11.460000 	 -0.018634 
11.480000 	 -0.067503 
11.500000 	 -0.184589 
11.520000 	 0.192965 
11.540000 	 -0.047545 
11.560000 	 0.003045 
11.580000 	 -0.214820 
11.600000 	 0.167220 
11.620000 	 -0.091932 
11.640000 	 -0.178233 
11.660000 	 0.106531 
11.680000 	 -0.035910 
11.700000 	 -0.001632 
11.720000 	 0.008496 
11.740000 	 -0.026554 
11.760000 	 -0.104394 
11.780000 	 0.085789 
11.800000 	 -0.335078 
11.820000 	 0.246291 
11.840000 	 0.120301 
11.860000 	 -0.327389 
11.880000 	 -0.123822 
11.900000 	 0.146914 
11.920000 	 0.017385 
11.940000 	 0.159773 
11.960000 	 0.233229 
11.980000 	 0.177428 
12.000000 	 0.035283 
12.020000 	 -0.265409 
12.040000 	 0.069540 
12.060000 	 0.033340 
12.080000 	 0.000971 
12.100000 	 -0.019779 
12.120000 	 0.111683 
12.140000 	 -0.171778 
12.160000 	 -0.071702 
12.180000 	 0.010477 
12.200000 	 0.249025 
12.220000 	 -0.027433 
12.240000 	 -0.040499 
12.260000 	 -0.198675 
12.280000 	 -0.180499 
12.300000 	 -0.084919 
12.320000 	 -0.055011 
12.340000 	 0.119282 
12.360000 	 0.381896 
12.380000 	 -0.087585 
12.400000 	 0.084350 
12.420000 	 -0.012512 
12.440000 	 0.190851 
12.460000 	 -0.215076 
12.480000 	 -0.100495 
12.500000 	 -0.113039 
12.520000 	 0.001573 
12.540000 	 -0.075414 
12.560000 	 0.112453 
12.580000 	 -0.092442 
12.600000 	 -0.122185 
12.620000 	 -0.029407 
12.640000 	 -0.088758 
12.660000 	 0.084066 
12.680000 	 -0.128209 
12.700000 	 0.015695 
12.720000 	 -0.413673 
12.740000 	 -0.233274 
12.760000 	 -0.098283 
12.780000 	 -0.104490 
12.800000 	 -0.296318 
12.820000 	 -0.151589 
12.840000 	 -0.041397 
12.860000 	 -0.053569 
12.880000 	 -0.070320 
12.900000 	 -0.101381 
12.920000 	 -0.189246 
12.940000 	 -0.171386 
12.960000 	 -0.223990 
12.980000 	 0.096858 
13.000000 	 -0.080543 
13.020000 	 0.026120 
13.040000 	 0.025774 
13.060000 	 0.080315 
13.080000 	 0.225023 
13.100000 	 0.013421 
13.120000 	 -0.157169 
13.140000 	 -0.063683 
13.160000 	 0.087416 
13.180000 	 -0.206392 
13.200000 	 -0.063086 
13.220000 	 0.038477 
13.240000 	 0.190858 
13.260000 	 -0.013440 
13.280000 	 -0.070409 
13.300000 	 0.199877 
13.320000 	 -0.057913 
13.340000 	 -0.104831 
13.360000 	 -0.205097 
13.380000 	 0.264470 
13.400000 	 0.002717 
13.420000 	 0.002642 
13.440000 	 0.010831 
13.460000 	 -0.163262 
13.480000 	 -0.116204 
13.500000 	 0.093112 
13.520000 	 -0.067274 
13.540000 	 0.217948 
13.560000 	 -0.178693 
13.580000 	 0.139998 
13.600000 	 -0.039030 
13.620000 	 0.259264 
13.640000 	 -0.213868 
13.660000 	 -0.233291 
13.680000 	 -0.127804 
13.700000 	 -0.106644 
13.720000 	 -0.226929 
13.740000 	 -0.035003 
13.760000 	 -0.081661 
13.780000 	 0.166973 
13.800000 	 -0.067264 
13.820000 	 0.035588 
13.840000 	 0.229377 
13.860000 	 -0.178114 
13.880000 	 0.169394 
13.900000 	 0.022879 
13.920000 	 0.086234 
13.940000 	 -0.005894 
13.960000 	 0.103751 
13.980000 	 0.109922 
14.000000 	 0.051470 
14.020000 	 0.105646 
14.040000 	 0.074799 
14.060000 	 0.107860 
14.080000 	 0.350063 
14.100000 	 -0.090696 
14.120000 	 0.037525 
14.140000 	 0.166346 
14.160000 	 0.033821 
14.180000 	 -0.082246 
14.200000 	 -0.003831 
14.220000 	 0.011276 
14.240000 	 -0.239739 
14.260000 	 0.006310 
14.280000 	 -0.102133 
14.300000 	 0.032939 
14.320000 	 0.085336 
14.340000 	 0.217352 
14.360000 	 0.112058 
14.380000 	 -0.205617 
14.400000 	 -0.094827 
14.420000 	 -0.056637 
14.440000 	 0.233956 
14.460000 	 -0.033360 
14.480000 	 -0.165020 
14.500000 	 -0.048542 
14.520000 	 0.197114 
14.540000 	 -0.060078 
14.560000 	 -0.087061 
14.580000 	 0.214358 
14.600000 	 -0.265477 
14.620000 	 0.163491 
14.640000 	 -0.111896 
14.660000 	 0.184532 
14.680000 	 0.144646 
14.700000 	 -0.005247 
14.720000 	 -0.176356 
14.740000 	 0.065208 
14.760000 	 -0.058011 
14.780000 	 -0.068590 
14.800000 	 0.128526 
14.820000 	 -0.088418 
14.840000 	 0.076550 
14.860000 	 -0.223649 
14.880000 	 0.160247 
14.900000 	 -0.294537 
14.920000 	 -0.231170 
14.940000 	 -0.119639 
14.960000 	 -0.133553 
14.980000 	 0.048755 
15.000000 	 -0.272285 
