-15.000000 	 0.122467 
-14.980000 	 0.110510 
-14.960000 	 0.002256 
-14.940000 	 -0.069749 
-14.920000 	 -0.318232 
-14.900000 	 0.087981 
-14.880000 	 -0.052237 
-14.860000 	 -0.027379 
-14.840000 	 0.092990 
-14.820000 	 -0.090432 
-14.800000 	 -0.002734 
-14.780000 	 0.136949 
-14.760000 	 -0.103064 
-14.740000 	 -0.061365 
-14.720000 	 0.120707 
-14.700000 	 0.145603 
-14.680000 	 -0.167779 
-14.660000 	 -0.783909 
-14.640000 	 -0.068019 
-14.620000 	 -0.120906 
-14.600000 	 -0.201462 
-14.580000 	 -0.138725 
-14.560000 	 0.055014 
-14.540000 	 0.236249 
-14.520000 	 0.064622 
-14.500000 	 0.472221 
-14.480000 	 0.087982 
-14.460000 	 -0.297246 
-14.440000 	 -0.024190 
-14.420000 	 -0.092402 
-14.400000 	 -0.008665 
-14.380000 	 0.168971 
-14.360000 	 0.053962 
-14.340000 	 0.166960 
-14.320000 	 0.151154 
-14.300000 	 -0.108486 
-14.280000 	 0.106067 
-14.260000 	 -0.003929 
-14.240000 	 -0.110778 
-14.220000 	 0.005175 
-14.200000 	 -0.244362 
-14.180000 	 -0.003121 
-14.160000 	 -0.241964 
-14.140000 	 -0.021408 
-14.120000 	 0.326049 
-14.100000 	 -0.068223 
-14.080000 	 -0.022548 
-14.060000 	 -0.088508 
-14.040000 	 0.045718 
-14.020000 	 0.107241 
-14.000000 	 0.040113 
-13.980000 	 0.054908 
-13.960000 	 -0.011772 
-13.940000 	 -0.214327 
-13.920000 	 -0.086510 
-13.900000 	 0.068184 
-13.880000 	 -0.199488 
-13.860000 	 0.017697 
-13.840000 	 0.159525 
-13.820000 	 0.171399 
-13.800000 	 -0.020746 
-13.780000 	 -0.222671 
-13.760000 	 -0.041606 
-13.740000 	 -0.044246 
-13.720000 	 -0.071748 
-13.700000 	 0.091879 
-13.680000 	 -0.000058 
-13.660000 	 0.251171 
-13.640000 	 0.038566 
-13.620000 	 0.157038 
-13.600000 	 0.054720 
-13.580000 	 -0.052387 
-13.560000 	 -0.390135 
-13.540000 	 0.190515 
-13.520000 	 0.264825 
-13.500000 	 -0.076387 
-13.480000 	 0.240136 
-13.460000 	 -0.022081 
-13.440000 	 -0.114674 
-13.420000 	 0.146503 
-13.400000 	 -0.244805 
-13.380000 	 0.188614 
-13.360000 	 -0.316363 
-13.340000 	 0.173503 
-13.320000 	 0.052640 
-13.300000 	 -0.000640 
-13.280000 	 0.058588 
-13.260000 	 0.309678 
-13.240000 	 0.096093 
-13.220000 	 -0.095604 
-13.200000 	 0.093463 
-13.180000 	 -0.451063 
-13.160000 	 -0.099495 
-13.140000 	 -0.002761 
-13.120000 	 0.092113 
-13.100000 	 0.057391 
-13.080000 	 -0.143683 
-13.060000 	 0.229905 
-13.040000 	 0.202647 
-13.020000 	 0.034583 
-13.000000 	 -0.338438 
-12.980000 	 0.202892 
-12.960000 	 0.010236 
-12.940000 	 0.091235 
-12.920000 	 -0.169181 
-12.900000 	 0.115275 
-12.880000 	 -0.002402 
-12.860000 	 -0.214380 
-12.840000 	 0.021640 
-12.820000 	 0.012401 
-12.800000 	 0.154657 
-12.780000 	 0.080066 
-12.760000 	 -0.007585 
-12.740000 	 -0.007123 
-12.720000 	 0.011535 
-12.700000 	 -0.065004 
-12.680000 	 0.409409 
-12.660000 	 -0.172603 
-12.640000 	 0.141666 
-12.620000 	 -0.207097 
-12.600000 	 -0.018692 
-12.580000 	 -0.101168 
-12.560000 	 -0.282923 
-12.540000 	 0.204030 
-12.520000 	 -0.056484 
-12.500000 	 0.221069 
-12.480000 	 -0.115862 
-12.460000 	 -0.031262 
-12.440000 	 -0.129169 
-12.420000 	 0.405978 
-12.400000 	 0.137558 
-12.380000 	 -0.147378 
-12.360000 	 -0.313430 
-12.340000 	 0.004412 
-12.320000 	 0.033072 
-12.300000 	 -0.020619 
-12.280000 	 -0.235109 
-12.260000 	 0.086698 
-12.240000 	 -0.064141 
-12.220000 	 -0.108163 
-12.200000 	 0.013065 
-12.180000 	 0.371942 
-12.160000 	 0.000579 
-12.140000 	 0.147487 
-12.120000 	 0.134916 
-12.100000 	 0.317738 
-12.080000 	 0.030452 
-12.060000 	 -0.266626 
-12.040000 	 -0.214420 
-12.020000 	 0.017712 
-12.000000 	 -0.231021 
-11.980000 	 -0.099774 
-11.960000 	 0.091499 
-11.940000 	 0.051648 
-11.920000 	 -0.146377 
-11.900000 	 -0.086931 
-11.880000 	 0.258377 
-11.860000 	 0.014761 
-11.840000 	 0.159546 
-11.820000 	 -0.042278 
-11.800000 	 -0.010244 
-11.780000 	 0.080068 
-11.760000 	 -0.184241 
-11.740000 	 -0.080138 
-11.720000 	 -0.156915 
-11.700000 	 -0.327895 
-11.680000 	 0.015394 
-11.660000 	 0.250044 
-11.640000 	 0.247096 
-11.620000 	 0.341576 
-11.600000 	 0.334021 
-11.580000 	 0.030370 
-11.560000 	 0.058824 
-11.540000 	 0.046029 
-11.520000 	 -0.183719 
-11.500000 	 0.136224 
-11.480000 	 0.057993 
-11.460000 	 -0.031435 
-11.440000 	 0.352602 
-11.420000 	 -0.349031 
-11.400000 	 -0.139369 
-11.380000 	 -0.157699 
-11.360000 	 -0.113197 
-11.340000 	 0.004020 
-11.320000 	 -0.036880 
-11.300000 	 -0.230833 
-11.280000 	 -0.001375 
-11.260000 	 0.133062 
-11.240000 	 0.046366 
-11.220000 	 -0.205576 
-11.200000 	 0.116314 
-11.180000 	 0.025248 
-11.160000 	 -0.107713 
-11.140000 	 0.104130 
-11.120000 	 0.231147 
-11.100000 	 0.109901 
-11.080000 	 0.024298 
-11.060000 	 -0.028139 
-11.040000 	 0.205857 
-11.020000 	 0.101310 
-11.000000 	 -0.198221 
-10.980000 	 -0.289082 
-10.960000 	 0.132522 
-10.940000 	 -0.139524 
-10.920000 	 0.225650 
-10.900000 	 -0.062760 
-10.880000 	 0.142173 
-10.860000 	 0.077122 
-10.840000 	 0.172591 
-10.820000 	 -0.148676 
-10.800000 	 -0.311155 
-10.780000 	 -0.042585 
-10.760000 	 -0.293463 
-10.740000 	 0.111794 
-10.720000 	 0.000385 
-10.700000 	 -0.144345 
-10.680000 	 0.126240 
-10.660000 	 -0.152170 
-10.640000 	 0.027055 
-10.620000 	 0.112045 
-10.600000 	 -0.015532 
-10.580000 	 0.056409 
-10.560000 	 -0.134047 
-10.540000 	 -0.120843 
-10.520000 	 -0.007853 
-10.500000 	 0.097735 
-10.480000 	 -0.212499 
-10.460000 	 -0.271807 
-10.440000 	 0.018044 
-10.420000 	 -0.023077 
-10.400000 	 0.038397 
-10.380000 	 -0.304031 
-10.360000 	 -0.130814 
-10.340000 	 0.172216 
-10.320000 	 0.007281 
-10.300000 	 0.068119 
-10.280000 	 -0.049155 
-10.260000 	 -0.208861 
-10.240000 	 -0.329130 
-10.220000 	 0.027044 
-10.200000 	 0.021229 
-10.180000 	 0.288735 
-10.160000 	 -0.194693 
-10.140000 	 0.045552 
-10.120000 	 -0.034664 
-10.100000 	 0.049942 
-10.080000 	 -0.011032 
-10.060000 	 -0.145613 
-10.040000 	 0.190160 
-10.020000 	 0.100570 
-10.000000 	 0.171649 
-9.980000 	 0.145214 
-9.960000 	 0.162605 
-9.940000 	 -0.003406 
-9.920000 	 -0.098396 
-9.900000 	 0.122784 
-9.880000 	 0.143756 
-9.860000 	 0.128033 
-9.840000 	 -0.099150 
-9.820000 	 0.086202 
-9.800000 	 0.234651 
-9.780000 	 0.121758 
-9.760000 	 0.094511 
-9.740000 	 -0.132638 
-9.720000 	 -0.069259 
-9.700000 	 -0.133420 
-9.680000 	 -0.229165 
-9.660000 	 -0.044951 
-9.640000 	 0.190623 
-9.620000 	 0.189117 
-9.600000 	 -0.024372 
-9.580000 	 -0.071864 
-9.560000 	 0.075518 
-9.540000 	 -0.079850 
-9.520000 	 -0.198388 
-9.500000 	 -0.022563 
-9.480000 	 0.127390 
-9.460000 	 -0.130599 
-9.440000 	 -0.151417 
-9.420000 	 0.200392 
-9.400000 	 0.200000 
-9.380000 	 -0.053610 
-9.360000 	 -0.077327 
-9.340000 	 0.124243 
-9.320000 	 0.050911 
-9.300000 	 0.006615 
-9.280000 	 -0.152327 
-9.260000 	 -0.048793 
-9.240000 	 -0.222703 
-9.220000 	 0.063565 
-9.200000 	 -0.090369 
-9.180000 	 -0.210800 
-9.160000 	 0.260125 
-9.140000 	 0.008130 
-9.120000 	 0.307282 
-9.100000 	 0.089383 
-9.080000 	 -0.130078 
-9.060000 	 -0.037003 
-9.040000 	 0.019352 
-9.020000 	 0.079631 
-9.000000 	 -0.037886 
-8.980000 	 0.135650 
-8.960000 	 -0.067281 
-8.940000 	 -0.201201 
-8.920000 	 0.126152 
-8.900000 	 0.006781 
-8.880000 	 -0.080167 
-8.860000 	 -0.000298 
-8.840000 	 0.105531 
-8.820000 	 -0.221435 
-8.800000 	 -0.180376 
-8.780000 	 0.027892 
-8.760000 	 0.192564 
-8.740000 	 -0.334711 
-8.720000 	 0.107179 
-8.700000 	 0.144696 
-8.680000 	 -0.088266 
-8.660000 	 -0.061247 
-8.640000 	 0.098603 
-8.620000 	 -0.060453 
-8.600000 	 0.004055 
-8.580000 	 0.234353 
-8.560000 	 0.091480 
-8.540000 	 0.128022 
-8.520000 	 -0.089620 
-8.500000 	 -0.031291 
-8.480000 	 -0.073070 
-8.460000 	 0.240090 
-8.440000 	 -0.085753 
-8.420000 	 0.008470 
-8.400000 	 0.196338 
-8.380000 	 0.189584 
-8.360000 	 0.099455 
-8.340000 	 0.288448 
-8.320000 	 0.164231 
-8.300000 	 -0.104136 
-8.280000 	 -0.044421 
-8.260000 	 0.201437 
-8.240000 	 -0.153926 
-8.220000 	 -0.061098 
-8.200000 	 -0.162815 
-8.180000 	 -0.162930 
-8.160000 	 0.041065 
-8.140000 	 0.046963 
-8.120000 	 -0.113405 
-8.100000 	 -0.215229 
-8.080000 	 0.036561 
-8.060000 	 -0.030625 
-8.040000 	 0.077599 
-8.020000 	 0.122138 
-8.000000 	 -0.093667 
-7.980000 	 -0.146656 
-7.960000 	 -0.080876 
-7.940000 	 0.800000 
-7.920000 	 0.087562 
-7.900000 	 0.294847 
-7.880000 	 0.335316 
-7.860000 	 -0.024302 
-7.840000 	 -0.019881 
-7.820000 	 -0.232864 
-7.800000 	 -0.043279 
-7.780000 	 -0.069763 
-7.760000 	 0.032913 
-7.740000 	 0.372720 
-7.720000 	 0.019143 
-7.700000 	 0.195754 
-7.680000 	 0.109701 
-7.660000 	 0.006707 
-7.640000 	 -0.010918 
-7.620000 	 0.319322 
-7.600000 	 -0.190687 
-7.580000 	 -0.037411 
-7.560000 	 -0.039737 
-7.540000 	 -0.042018 
-7.520000 	 0.226041 
-7.500000 	 -0.023477 
-7.480000 	 0.039951 
-7.460000 	 -0.211626 
-7.440000 	 -0.000520 
-7.420000 	 0.085059 
-7.400000 	 -0.080775 
-7.380000 	 -0.040232 
-7.360000 	 -0.278841 
-7.340000 	 0.160531 
-7.320000 	 0.144334 
-7.300000 	 0.231343 
-7.280000 	 0.300312 
-7.260000 	 0.104460 
-7.240000 	 0.304907 
-7.220000 	 -0.114342 
-7.200000 	 -0.161272 
-7.180000 	 -0.016852 
-7.160000 	 -0.121037 
-7.140000 	 -0.013603 
-7.120000 	 0.067585 
-7.100000 	 -0.086559 
-7.080000 	 0.456011 
-7.060000 	 0.192338 
-7.040000 	 -0.004035 
-7.020000 	 0.223990 
-7.000000 	 0.008743 
-6.980000 	 0.335876 
-6.960000 	 0.009565 
-6.940000 	 0.181085 
-6.920000 	 -0.068197 
-6.900000 	 0.006973 
-6.880000 	 0.141432 
-6.860000 	 0.112886 
-6.840000 	 0.338454 
-6.820000 	 -0.037178 
-6.800000 	 -0.214685 
-6.780000 	 -0.072508 
-6.760000 	 0.286294 
-6.740000 	 0.100095 
-6.720000 	 -0.286255 
-6.700000 	 0.074482 
-6.680000 	 0.221661 
-6.660000 	 -0.030369 
-6.640000 	 0.156090 
-6.620000 	 -0.082073 
-6.600000 	 -0.171759 
-6.580000 	 -0.084875 
-6.560000 	 -0.041329 
-6.540000 	 0.404070 
-6.520000 	 -0.087350 
-6.500000 	 0.130817 
-6.480000 	 0.249206 
-6.460000 	 0.110693 
-6.440000 	 0.073148 
-6.420000 	 0.022476 
-6.400000 	 0.237492 
-6.380000 	 0.127869 
-6.360000 	 0.235617 
-6.340000 	 0.378390 
-6.320000 	 0.254845 
-6.300000 	 -0.039947 
-6.280000 	 0.169887 
-6.260000 	 0.360047 
-6.240000 	 0.227107 
-6.220000 	 0.055118 
-6.200000 	 0.273857 
-6.180000 	 0.077348 
-6.160000 	 0.269881 
-6.140000 	 0.213274 
-6.120000 	 -0.007039 
-6.100000 	 0.199663 
-6.080000 	 0.352025 
-6.060000 	 0.123950 
-6.040000 	 0.096742 
-6.020000 	 0.313124 
-6.000000 	 0.101304 
-5.980000 	 -0.069129 
-5.960000 	 0.125214 
-5.940000 	 0.079645 
-5.920000 	 0.311124 
-5.900000 	 0.463949 
-5.880000 	 0.350885 
-5.860000 	 0.397061 
-5.840000 	 0.092894 
-5.820000 	 0.297609 
-5.800000 	 0.087978 
-5.780000 	 0.352470 
-5.760000 	 0.365266 
-5.740000 	 0.263134 
-5.720000 	 -0.118025 
-5.700000 	 0.346060 
-5.680000 	 0.368589 
-5.660000 	 0.330164 
-5.640000 	 0.179423 
-5.620000 	 0.308039 
-5.600000 	 0.367431 
-5.580000 	 0.371574 
-5.560000 	 0.157162 
-5.540000 	 0.003144 
-5.520000 	 0.256545 
-5.500000 	 0.380949 
-5.480000 	 0.191895 
-5.460000 	 0.404274 
-5.440000 	 0.253500 
-5.420000 	 0.356630 
-5.400000 	 0.038514 
-5.380000 	 0.233224 
-5.360000 	 0.381070 
-5.340000 	 0.210717 
-5.320000 	 0.402052 
-5.300000 	 0.346721 
-5.280000 	 0.716658 
-5.260000 	 0.241859 
-5.240000 	 0.254389 
-5.220000 	 0.647507 
-5.200000 	 0.235706 
-5.180000 	 0.234967 
-5.160000 	 0.369597 
-5.140000 	 0.230310 
-5.120000 	 0.295053 
-5.100000 	 0.508472 
-5.080000 	 0.576697 
-5.060000 	 0.236259 
-5.040000 	 0.290664 
-5.020000 	 0.549115 
-5.000000 	 0.357409 
-4.980000 	 0.484882 
-4.960000 	 0.849133 
-4.940000 	 0.441955 
-4.920000 	 0.455641 
-4.900000 	 0.520016 
-4.880000 	 0.285539 
-4.860000 	 0.551567 
-4.840000 	 0.473045 
-4.820000 	 0.269278 
-4.800000 	 0.749464 
-4.780000 	 0.197374 
-4.760000 	 0.511612 
-4.740000 	 0.540367 
-4.720000 	 0.626382 
-4.700000 	 0.607743 
-4.680000 	 0.338352 
-4.660000 	 0.277443 
-4.640000 	 0.548964 
-4.620000 	 0.603904 
-4.600000 	 0.186495 
-4.580000 	 0.433689 
-4.560000 	 0.609249 
-4.540000 	 0.440148 
-4.520000 	 0.178972 
-4.500000 	 0.490900 
-4.480000 	 0.309815 
-4.460000 	 0.631124 
-4.440000 	 0.449880 
-4.420000 	 0.633087 
-4.400000 	 0.480715 
-4.380000 	 0.287669 
-4.360000 	 0.781726 
-4.340000 	 0.354448 
-4.320000 	 0.348876 
-4.300000 	 0.347222 
-4.280000 	 0.415830 
-4.260000 	 0.384176 
-4.240000 	 0.493651 
-4.220000 	 0.467043 
-4.200000 	 0.487442 
-4.180000 	 0.257902 
-4.160000 	 0.754700 
-4.140000 	 0.882480 
-4.120000 	 0.784376 
-4.100000 	 0.370290 
-4.080000 	 0.203781 
-4.060000 	 0.732517 
-4.040000 	 0.531421 
-4.020000 	 0.520819 
-4.000000 	 0.059162 
-3.980000 	 0.422621 
-3.960000 	 0.557690 
-3.940000 	 0.165045 
-3.920000 	 0.454012 
-3.900000 	 0.466852 
-3.880000 	 0.431557 
-3.860000 	 0.524686 
-3.840000 	 0.644406 
-3.820000 	 0.515932 
-3.800000 	 0.558971 
-3.780000 	 0.769239 
-3.760000 	 0.483875 
-3.740000 	 0.491985 
-3.720000 	 0.664124 
-3.700000 	 0.503453 
-3.680000 	 0.201155 
-3.660000 	 0.430644 
-3.640000 	 0.438929 
-3.620000 	 0.700121 
-3.600000 	 0.391020 
-3.580000 	 0.593815 
-3.560000 	 0.333258 
-3.540000 	 0.252711 
-3.520000 	 0.533814 
-3.500000 	 0.375924 
-3.480000 	 0.374774 
-3.460000 	 0.461044 
-3.440000 	 0.395392 
-3.420000 	 0.396525 
-3.400000 	 0.638931 
-3.380000 	 0.230514 
-3.360000 	 0.498663 
-3.340000 	 0.410289 
-3.320000 	 0.366879 
-3.300000 	 0.544543 
-3.280000 	 0.626636 
-3.260000 	 0.415659 
-3.240000 	 0.426284 
-3.220000 	 0.546699 
-3.200000 	 0.574448 
-3.180000 	 0.486830 
-3.160000 	 0.527235 
-3.140000 	 0.430678 
-3.120000 	 0.494719 
-3.100000 	 0.349348 
-3.080000 	 0.284818 
-3.060000 	 0.476354 
-3.040000 	 0.380156 
-3.020000 	 0.314540 
-3.000000 	 0.397958 
-2.980000 	 0.310340 
-2.960000 	 0.355154 
-2.940000 	 0.602011 
-2.920000 	 0.388117 
-2.900000 	 0.254885 
-2.880000 	 0.380749 
-2.860000 	 0.343893 
-2.840000 	 0.385719 
-2.820000 	 0.545323 
-2.800000 	 0.310842 
-2.780000 	 0.661074 
-2.760000 	 0.307678 
-2.740000 	 0.522649 
-2.720000 	 0.409259 
-2.700000 	 0.228121 
-2.680000 	 0.008471 
-2.660000 	 0.371990 
-2.640000 	 0.383674 
-2.620000 	 0.302331 
-2.600000 	 0.170122 
-2.580000 	 0.544865 
-2.560000 	 0.503671 
-2.540000 	 0.484757 
-2.520000 	 0.497026 
-2.500000 	 0.257167 
-2.480000 	 0.350072 
-2.460000 	 0.372451 
-2.440000 	 0.423149 
-2.420000 	 0.300988 
-2.400000 	 0.026143 
-2.380000 	 0.312751 
-2.360000 	 0.412410 
-2.340000 	 0.312641 
-2.320000 	 0.554847 
-2.300000 	 0.281665 
-2.280000 	 0.443395 
-2.260000 	 0.306821 
-2.240000 	 0.214368 
-2.220000 	 0.564889 
-2.200000 	 0.298477 
-2.180000 	 0.195859 
-2.160000 	 0.538666 
-2.140000 	 0.101253 
-2.120000 	 0.056680 
-2.100000 	 0.248290 
-2.080000 	 0.185107 
-2.060000 	 0.063573 
-2.040000 	 0.322404 
-2.020000 	 0.321819 
-2.000000 	 0.139490 
-1.980000 	 0.181878 
-1.960000 	 0.135338 
-1.940000 	 0.248425 
-1.920000 	 -0.400000 
-1.900000 	 0.322762 
-1.880000 	 0.312616 
-1.860000 	 0.298041 
-1.840000 	 0.300496 
-1.820000 	 0.238909 
-1.800000 	 0.147074 
-1.780000 	 0.104576 
-1.760000 	 0.189378 
-1.740000 	 0.255834 
-1.720000 	 0.272750 
-1.700000 	 0.311994 
-1.680000 	 0.256440 
-1.660000 	 0.070303 
-1.640000 	 0.167526 
-1.620000 	 0.220258 
-1.600000 	 0.286358 
-1.580000 	 0.189004 
-1.560000 	 0.282538 
-1.540000 	 0.270016 
-1.520000 	 0.072292 
-1.500000 	 0.588646 
-1.480000 	 0.285889 
-1.460000 	 0.140148 
-1.440000 	 0.191827 
-1.420000 	 0.253563 
-1.400000 	 -0.074902 
-1.380000 	 0.156654 
-1.360000 	 0.071223 
-1.340000 	 -0.034764 
-1.320000 	 0.004019 
-1.300000 	 0.172729 
-1.280000 	 -0.114054 
-1.260000 	 -0.007102 
-1.240000 	 -0.102980 
-1.220000 	 0.040088 
-1.200000 	 0.700000 
-1.180000 	 0.176464 
-1.160000 	 0.195385 
-1.140000 	 -0.017679 
-1.120000 	 0.113860 
-1.100000 	 0.274826 
-1.080000 	 0.094971 
-1.060000 	 0.378577 
-1.040000 	 0.127704 
-1.020000 	 0.161368 
-1.000000 	 0.000620 
-0.980000 	 -0.079798 
-0.960000 	 0.289663 
-0.940000 	 0.273916 
-0.920000 	 0.424782 
-0.900000 	 0.230266 
-0.880000 	 0.023003 
-0.860000 	 0.058288 
-0.840000 	 0.015802 
-0.820000 	 0.537500 
-0.800000 	 0.265257 
-0.780000 	 0.243936 
-0.760000 	 0.138138 
-0.740000 	 0.397193 
-0.720000 	 -0.053054 
-0.700000 	 0.341128 
-0.680000 	 0.439868 
-0.660000 	 0.235923 
-0.640000 	 0.201630 
-0.620000 	 0.245071 
-0.600000 	 0.230375 
-0.580000 	 0.099829 
-0.560000 	 0.037954 
-0.540000 	 0.406188 
-0.520000 	 0.054668 
-0.500000 	 -0.400000 
-0.480000 	 0.127442 
-0.460000 	 0.036279 
-0.440000 	 0.262490 
-0.420000 	 0.273772 
-0.400000 	 0.233941 
-0.380000 	 0.362063 
-0.360000 	 0.033812 
-0.340000 	 0.114035 
-0.320000 	 0.095026 
-0.300000 	 0.198223 
-0.280000 	 0.470315 
-0.260000 	 0.408200 
-0.240000 	 0.174302 
-0.220000 	 0.055454 
-0.200000 	 0.151112 
-0.180000 	 0.279762 
-0.160000 	 0.211795 
-0.140000 	 0.171610 
-0.120000 	 0.288961 
-0.100000 	 -0.085933 
-0.080000 	 0.065944 
-0.060000 	 0.413349 
-0.040000 	 0.475058 
-0.020000 	 0.127129 
0.000000 	 0.191243 
0.020000 	 -0.143365 
0.040000 	 0.217291 
0.060000 	 0.441841 
0.080000 	 0.245779 
0.100000 	 0.354010 
0.120000 	 0.267294 
0.140000 	 0.357305 
0.160000 	 0.486646 
0.180000 	 0.506046 
0.200000 	 0.493362 
0.220000 	 0.307199 
0.240000 	 0.280720 
0.260000 	 0.368702 
0.280000 	 0.015864 
0.300000 	 0.419358 
0.320000 	 0.549580 
0.340000 	 0.202565 
0.360000 	 0.421524 
0.380000 	 0.650972 
0.400000 	 0.102717 
0.420000 	 0.180415 
0.440000 	 0.255091 
0.460000 	 0.341526 
0.480000 	 0.087443 
0.500000 	 0.342492 
0.520000 	 0.676267 
0.540000 	 0.379382 
0.560000 	 0.187864 
0.580000 	 0.404145 
0.600000 	 0.608172 
0.620000 	 0.184536 
0.640000 	 0.604358 
0.660000 	 0.410161 
0.680000 	 0.570995 
0.700000 	 0.505337 
0.720000 	 0.409825 
0.740000 	 0.404569 
0.760000 	 0.295112 
0.780000 	 0.436671 
0.800000 	 0.517331 
0.820000 	 0.518021 
0.840000 	 0.684643 
0.860000 	 0.379725 
0.880000 	 0.809206 
0.900000 	 0.569743 
0.920000 	 0.471395 
0.940000 	 0.425052 
0.960000 	 0.273589 
0.980000 	 0.414517 
1.000000 	 0.405071 
1.020000 	 0.509169 
1.040000 	 0.498648 
1.060000 	 0.488597 
1.080000 	 0.398411 
1.100000 	 0.193333 
1.120000 	 0.507767 
1.140000 	 0.510902 
1.160000 	 0.671399 
1.180000 	 0.473614 
1.200000 	 0.653089 
1.220000 	 0.671648 
1.240000 	 0.764296 
1.260000 	 0.526619 
1.280000 	 0.661818 
1.300000 	 0.703053 
1.320000 	 0.487638 
1.340000 	 0.769132 
1.360000 	 0.498585 
1.380000 	 0.734884 
1.400000 	 0.778351 
1.420000 	 0.787715 
1.440000 	 0.503931 
1.460000 	 0.770934 
1.480000 	 0.676844 
1.500000 	 0.539850 
1.520000 	 0.788261 
1.540000 	 0.821691 
1.560000 	 0.981971 
1.580000 	 0.860224 
1.600000 	 0.744010 
1.620000 	 0.731578 
1.640000 	 0.934565 
1.660000 	 1.010322 
1.680000 	 0.835776 
1.700000 	 1.002642 
1.720000 	 0.895988 
1.740000 	 0.911726 
1.760000 	 0.981603 
1.780000 	 0.847018 
1.800000 	 0.892321 
1.820000 	 0.639746 
1.840000 	 0.798625 
1.860000 	 0.922033 
1.880000 	 0.760585 
1.900000 	 0.836833 
1.920000 	 0.883613 
1.940000 	 0.777962 
1.960000 	 0.673921 
1.980000 	 1.017944 
2.000000 	 0.987089 
2.020000 	 1.082392 
2.040000 	 1.212797 
2.060000 	 0.903540 
2.080000 	 1.276650 
2.100000 	 1.026386 
2.120000 	 0.981125 
2.140000 	 0.785214 
2.160000 	 1.194375 
2.180000 	 1.254321 
2.200000 	 1.056124 
2.220000 	 0.969883 
2.240000 	 1.166886 
2.260000 	 1.087997 
2.280000 	 1.044350 
2.300000 	 1.250273 
2.320000 	 1.132876 
2.340000 	 1.132593 
2.360000 	 1.626071 
2.380000 	 0.977848 
2.400000 	 1.189724 
2.420000 	 1.306102 
2.440000 	 1.273058 
2.460000 	 1.157745 
2.480000 	 1.265765 
2.500000 	 1.074573 
2.520000 	 1.491916 
2.540000 	 1.372008 
2.560000 	 1.074252 
2.580000 	 1.450360 
2.600000 	 1.140161 
2.620000 	 1.150038 
2.640000 	 1.514029 
2.660000 	 1.446509 
2.680000 	 1.376709 
2.700000 	 1.300083 
2.720000 	 1.180269 
2.740000 	 1.392536 
2.760000 	 1.125463 
2.780000 	 1.064885 
2.800000 	 1.278641 
2.820000 	 1.273034 
2.840000 	 1.304413 
2.860000 	 1.339272 
2.880000 	 1.395272 
2.900000 	 1.452498 
2.920000 	 1.467103 
2.940000 	 1.419413 
2.960000 	 1.276998 
2.980000 	 1.242811 
3.000000 	 1.300830 
3.020000 	 1.477400 
3.040000 	 1.407196 
3.060000 	 1.514313 
3.080000 	 1.595631 
3.100000 	 1.437558 
3.120000 	 1.706457 
3.140000 	 1.551152 
3.160000 	 1.425836 
3.180000 	 1.831432 
3.200000 	 1.568204 
3.220000 	 1.459610 
3.240000 	 1.547546 
3.260000 	 1.514546 
3.280000 	 1.538750 
3.300000 	 1.689479 
3.320000 	 1.456743 
3.340000 	 1.465668 
3.360000 	 1.581183 
3.380000 	 1.278134 
3.400000 	 1.338644 
3.420000 	 1.435838 
3.440000 	 1.596922 
3.460000 	 1.748366 
3.480000 	 1.365620 
3.500000 	 1.250627 
3.520000 	 1.570186 
3.540000 	 1.459321 
3.560000 	 1.377811 
3.580000 	 1.578775 
3.600000 	 1.465360 
3.620000 	 1.572328 
3.640000 	 1.733047 
3.660000 	 1.704905 
3.680000 	 1.532448 
3.700000 	 1.655444 
3.720000 	 1.545918 
3.740000 	 1.663889 
3.760000 	 1.752697 
3.780000 	 1.326021 
3.800000 	 1.451075 
3.820000 	 1.527620 
3.840000 	 1.588619 
3.860000 	 1.467450 
3.880000 	 1.688769 
3.900000 	 1.827438 
3.920000 	 1.734114 
3.940000 	 1.500876 
3.960000 	 1.469631 
3.980000 	 1.747189 
4.000000 	 1.333866 
4.020000 	 1.718561 
4.040000 	 1.981379 
4.060000 	 1.559238 
4.080000 	 1.629006 
4.100000 	 1.669938 
4.120000 	 1.427615 
4.140000 	 1.743992 
4.160000 	 1.407368 
4.180000 	 1.566150 
4.200000 	 1.558335 
4.220000 	 1.364088 
4.240000 	 1.675558 
4.260000 	 1.588740 
4.280000 	 1.483290 
4.300000 	 1.681852 
4.320000 	 1.572934 
4.340000 	 1.556403 
4.360000 	 1.772736 
4.380000 	 1.453030 
4.400000 	 1.616107 
4.420000 	 1.467366 
4.440000 	 1.579263 
4.460000 	 1.572223 
4.480000 	 1.532094 
4.500000 	 1.475093 
4.520000 	 1.453065 
4.540000 	 1.574266 
4.560000 	 1.522210 
4.580000 	 1.426378 
4.600000 	 1.547208 
4.620000 	 1.219943 
4.640000 	 1.539660 
4.660000 	 1.326618 
4.680000 	 1.597328 
4.700000 	 1.345527 
4.720000 	 1.909927 
4.740000 	 1.347202 
4.760000 	 1.554760 
4.780000 	 1.687412 
4.800000 	 1.768344 
4.820000 	 1.616872 
4.840000 	 1.472591 
4.860000 	 1.303772 
4.880000 	 1.387767 
4.900000 	 1.199920 
4.920000 	 1.407012 
4.940000 	 1.435575 
4.960000 	 1.743376 
4.980000 	 1.449340 
5.000000 	 1.344929 
5.020000 	 1.234949 
5.040000 	 1.392914 
5.060000 	 1.578206 
5.080000 	 1.359764 
5.100000 	 1.427548 
5.120000 	 1.499738 
5.140000 	 1.576494 
5.160000 	 1.519216 
5.180000 	 1.251684 
5.200000 	 1.229770 
5.220000 	 1.456741 
5.240000 	 1.436824 
5.260000 	 1.446879 
5.280000 	 1.317430 
5.300000 	 1.409977 
5.320000 	 1.204128 
5.340000 	 1.381632 
5.360000 	 1.203310 
5.380000 	 1.359219 
5.400000 	 1.141082 
5.420000 	 1.039498 
5.440000 	 1.447244 
5.460000 	 1.304049 
5.480000 	 0.984031 
5.500000 	 1.366365 
5.520000 	 1.206899 
5.540000 	 1.199239 
5.560000 	 1.415095 
5.580000 	 1.065835 
5.600000 	 0.969386 
5.620000 	 1.194656 
5.640000 	 1.223934 
5.660000 	 1.083366 
5.680000 	 1.024114 
5.700000 	 1.150665 
5.720000 	 1.191358 
5.740000 	 0.952656 
5.760000 	 1.014359 
5.780000 	 1.284906 
5.800000 	 0.947276 
5.820000 	 0.854569 
5.840000 	 0.723115 
5.860000 	 1.102790 
5.880000 	 1.018595 
5.900000 	 1.135711 
5.920000 	 1.143836 
5.940000 	 0.801016 
5.960000 	 1.098847 
5.980000 	 1.089887 
6.000000 	 1.097656 
6.020000 	 0.972901 
6.040000 	 1.036556 
6.060000 	 0.976940 
6.080000 	 0.926112 
6.100000 	 1.160813 
6.120000 	 0.663189 
6.140000 	 0.686529 
6.160000 	 0.753939 
6.180000 	 0.871843 
6.200000 	 0.728320 
6.220000 	 0.979368 
6.240000 	 0.880913 
6.260000 	 0.576920 
6.280000 	 0.752974 
6.300000 	 0.785838 
6.320000 	 0.871205 
6.340000 	 1.096067 
6.360000 	 1.167531 
6.380000 	 0.762778 
6.400000 	 0.745759 
6.420000 	 0.607218 
6.440000 	 0.637795 
6.460000 	 0.755600 
6.480000 	 0.765688 
6.500000 	 0.816565 
6.520000 	 0.684452 
6.540000 	 0.776438 
6.560000 	 0.891842 
6.580000 	 0.819171 
6.600000 	 0.646997 
6.620000 	 0.646896 
6.640000 	 0.567628 
6.660000 	 0.591612 
6.680000 	 0.690474 
6.700000 	 0.338106 
6.720000 	 0.394279 
6.740000 	 0.521903 
6.760000 	 1.048556 
6.780000 	 0.517917 
6.800000 	 0.355864 
6.820000 	 0.679382 
6.840000 	 0.832993 
6.860000 	 0.463888 
6.880000 	 0.477763 
6.900000 	 0.391215 
6.920000 	 0.483691 
6.940000 	 0.700902 
6.960000 	 0.600619 
6.980000 	 0.633163 
7.000000 	 0.321967 
7.020000 	 0.597813 
7.040000 	 0.514377 
7.060000 	 0.490210 
7.080000 	 0.571618 
7.100000 	 0.351212 
7.120000 	 0.575096 
7.140000 	 0.643406 
7.160000 	 0.681857 
7.180000 	 0.381060 
7.200000 	 0.310081 
7.220000 	 0.537247 
7.240000 	 0.543440 
7.260000 	 0.442384 
7.280000 	 0.316802 
7.300000 	 0.384388 
7.320000 	 0.215338 
7.340000 	 0.042555 
7.360000 	 0.423231 
7.380000 	 0.122115 
7.400000 	 0.343680 
7.420000 	 0.221102 
7.440000 	 0.253606 
7.460000 	 0.160838 
7.480000 	 0.281184 
7.500000 	 0.032655 
7.520000 	 0.267360 
7.540000 	 0.412438 
7.560000 	 0.563843 
7.580000 	 0.099126 
7.600000 	 0.391969 
7.620000 	 0.364891 
7.640000 	 0.439261 
7.660000 	 0.421919 
7.680000 	 0.555599 
7.700000 	 0.089323 
7.720000 	 0.118248 
7.740000 	 0.170092 
7.760000 	 0.028354 
7.780000 	 0.403668 
7.800000 	 0.340495 
7.820000 	 0.607305 
7.840000 	 0.409217 
7.860000 	 0.374652 
7.880000 	 0.437245 
7.900000 	 0.373690 
7.920000 	 0.263619 
7.940000 	 0.422908 
7.960000 	 0.508170 
7.980000 	 0.316607 
8.000000 	 0.332589 
8.020000 	 0.090010 
8.040000 	 0.140065 
8.060000 	 0.180492 
8.080000 	 0.130701 
8.100000 	 0.373465 
8.120000 	 0.338516 
8.140000 	 0.049684 
8.160000 	 0.416618 
8.180000 	 0.262733 
8.200000 	 0.132972 
8.220000 	 0.240370 
8.240000 	 0.291030 
8.260000 	 0.200835 
8.280000 	 -0.060241 
8.300000 	 0.190647 
8.320000 	 0.305085 
8.340000 	 -0.307521 
8.360000 	 0.003980 
8.380000 	 0.300057 
8.400000 	 0.178854 
8.420000 	 0.144697 
8.440000 	 0.332327 
8.460000 	 -0.032297 
8.480000 	 0.405412 
8.500000 	 0.278620 
8.520000 	 0.079352 
8.540000 	 0.065106 
8.560000 	 0.054527 
8.580000 	 0.218545 
8.600000 	 -0.005866 
8.620000 	 -0.272302 
8.640000 	 -0.065663 
8.660000 	 0.109156 
8.680000 	 0.228871 
8.700000 	 -0.125820 
8.720000 	 0.028348 
8.740000 	 0.137774 
8.760000 	 -0.069313 
8.780000 	 0.017568 
8.800000 	 0.078505 
8.820000 	 -0.293610 
8.840000 	 -0.053493 
8.860000 	 0.149556 
8.880000 	 0.248194 
8.900000 	 0.266083 
8.920000 	 -0.331578 
8.940000 	 -0.139025 
8.960000 	 0.152009 
8.980000 	 -0.274627 
9.000000 	 0.040059 
9.020000 	 0.156947 
9.040000 	 -0.180238 
9.060000 	 -0.192708 
9.080000 	 0.102213 
9.100000 	 0.057536 
9.120000 	 0.317697 
9.140000 	 0.143807 
9.160000 	 0.056604 
9.180000 	 0.234394 
9.200000 	 0.053016 
9.220000 	 0.202081 
9.240000 	 0.219456 
9.260000 	 0.078339 
9.280000 	 -0.331508 
9.300000 	 -0.024277 
9.320000 	 -0.126675 
9.340000 	 -0.099880 
9.360000 	 0.161553 
9.380000 	 0.201217 
9.400000 	 -0.004025 
9.420000 	 0.005442 
9.440000 	 0.159374 
9.460000 	 -0.202036 
9.480000 	 -0.013096 
9.500000 	 0.002703 
9.520000 	 -0.150047 
9.540000 	 0.170766 
9.560000 	 0.089925 
9.580000 	 -0.119228 
9.600000 	 0.086732 
9.620000 	 0.245887 
9.640000 	 -0.133937 
9.660000 	 0.217743 
9.680000 	 -0.199689 
9.700000 	 -0.096567 
9.720000 	 0.151249 
9.740000 	 -0.030479 
9.760000 	 -0.151128 
9.780000 	 -0.052679 
9.800000 	 -0.023916 
9.820000 	 0.298606 
9.840000 	 -0.233748 
9.860000 	 -0.024723 
9.880000 	 0.106990 
9.900000 	 -0.235463 
9.920000 	 0.277571 
9.940000 	 0.288249 
9.960000 	 -0.027591 
9.980000 	 0.058435 
10.000000 	 -0.226377 
10.020000 	 -0.031195 
10.040000 	 -0.017860 
10.060000 	 0.069469 
10.080000 	 -0.063283 
10.100000 	 0.067171 
10.120000 	 0.206393 
10.140000 	 -0.112500 
10.160000 	 -0.156309 
10.180000 	 0.063881 
10.200000 	 0.029867 
10.220000 	 -0.077601 
10.240000 	 0.037682 
10.260000 	 0.085706 
10.280000 	 0.074435 
10.300000 	 -0.005748 
10.320000 	 -0.039242 
10.340000 	 -0.004496 
10.360000 	 -0.075489 
10.380000 	 0.048396 
10.400000 	 0.078652 
10.420000 	 -0.020517 
10.440000 	 0.000750 
10.460000 	 0.019720 
10.480000 	 -0.264784 
10.500000 	 -0.196306 
10.520000 	 0.036422 
10.540000 	 0.153550 
10.560000 	 -0.034712 
10.580000 	 0.271334 
10.600000 	 -0.130702 
10.620000 	 -0.223153 
10.640000 	 -0.069374 
10.660000 	 0.221246 
10.680000 	 0.061647 
10.700000 	 0.015102 
10.720000 	 0.019630 
10.740000 	 0.186422 
10.760000 	 0.167641 
10.780000 	 0.104203 
10.800000 	 -0.011804 
10.820000 	 -0.011137 
10.840000 	 -0.071862 
10.860000 	 0.062615 
10.880000 	 0.024003 
10.900000 	 0.129612 
10.920000 	 0.004289 
10.940000 	 0.137549 
10.960000 	 0.323970 
10.980000 	 -0.058297 
11.000000 	 0.240035 
11.020000 	 -0.225955 
11.040000 	 0.097111 
11.060000 	 0.039115 
11.080000 	 0.089400 
11.100000 	 0.183756 
11.120000 	 -0.148535 
11.140000 	 -0.061893 
11.160000 	 -0.183434 
11.180000 	 -0.168531 
11.200000 	 0.011453 
11.220000 	 -0.078205 
11.240000 	 -0.130268 
11.260000 	 0.136004 
11.280000 	 0.161847 
11.300000 	 0.242923 
11.320000 	 0.137549 
11.340000 	 0.130425 
11.360000 	 0.152073 
11.380000 	 -0.097396 
11.400000 	 0.050881 
11.420000 	 0.226623 
11.440000 	 0.034111 
11.460000 	 0.167717 
11.480000 	 0.459663 
11.500000 	 0.141142 
11.520000 	 0.152653 
11.540000 	 0.054493 
11.560000 	 -0.026235 
11.580000 	 0.233482 
11.600000 	 -0.044937 
11.620000 	 -0.103241 
11.640000 	 0.015768 
11.660000 	 0.266810 
11.680000 	 0.285349 
11.700000 	 -0.279522 
11.720000 	 0.159873 
11.740000 	 0.101897 
11.760000 	 -0.017571 
11.780000 	 0.020546 
11.800000 	 -0.017889 
11.820000 	 0.050575 
11.840000 	 -0.069009 
11.860000 	 0.168939 
11.880000 	 -0.130180 
11.900000 	 -0.043351 
11.920000 	 -0.023173 
11.940000 	 -0.028259 
11.960000 	 -0.098188 
11.980000 	 -0.245372 
12.000000 	 0.134827 
12.020000 	 -0.035469 
12.040000 	 0.037496 
12.060000 	 0.146723 
12.080000 	 0.043608 
12.100000 	 -0.167293 
12.120000 	 -0.111378 
12.140000 	 -0.101065 
12.160000 	 -0.013852 
12.180000 	 -0.073032 
12.200000 	 -0.039678 
12.220000 	 0.093560 
12.240000 	 0.307337 
12.260000 	 -0.026261 
12.280000 	 0.029587 
12.300000 	 0.052478 
12.320000 	 -0.211391 
12.340000 	 0.164623 
12.360000 	 -0.100183 
12.380000 	 -0.139060 
12.400000 	 0.120547 
12.420000 	 0.179258 
12.440000 	 -0.087291 
12.460000 	 -0.063915 
12.480000 	 -0.035142 
12.500000 	 0.057876 
12.520000 	 0.039856 
12.540000 	 0.021902 
12.560000 	 -0.169659 
12.580000 	 -0.034023 
12.600000 	 0.002223 
12.620000 	 0.052714 
12.640000 	 -0.055306 
12.660000 	 -0.184897 
12.680000 	 0.095072 
12.700000 	 0.050938 
12.720000 	 0.299111 
12.740000 	 0.240157 
12.760000 	 -0.044440 
12.780000 	 -0.007393 
12.800000 	 -0.198120 
12.820000 	 0.203281 
12.840000 	 -0.102687 
12.860000 	 -0.221531 
12.880000 	 -0.357922 
12.900000 	 0.064570 
12.920000 	 -0.016920 
12.940000 	 -0.070394 
12.960000 	 -0.033470 
12.980000 	 0.312174 
13.000000 	 -0.000691 
13.020000 	 -0.137990 
13.040000 	 0.007358 
13.060000 	 0.067323 
13.080000 	 -0.030371 
13.100000 	 0.019850 
13.120000 	 -0.238362 
13.140000 	 0.192266 
13.160000 	 -0.026602 
13.180000 	 -0.077643 
13.200000 	 0.067685 
13.220000 	 -0.040762 
13.240000 	 0.072580 
13.260000 	 0.092793 
13.280000 	 -0.011799 
13.300000 	 -0.025511 
13.320000 	 0.052122 
13.340000 	 0.120618 
13.360000 	 -0.014309 
13.380000 	 -0.029248 
13.400000 	 -0.044842 
13.420000 	 -0.083739 
13.440000 	 -0.257775 
13.460000 	 -0.253247 
13.480000 	 0.053362 
13.500000 	 -0.035962 
13.520000 	 -0.180843 
13.540000 	 -0.002977 
13.560000 	 0.020492 
13.580000 	 0.029376 
13.600000 	 -0.239690 
13.620000 	 -0.257016 
13.640000 	 0.234299 
13.660000 	 0.178711 
13.680000 	 0.114544 
13.700000 	 -0.027126 
13.720000 	 -0.049202 
13.740000 	 -0.076516 
13.760000 	 0.066820 
13.780000 	 0.078360 
13.800000 	 0.223220 
13.820000 	 0.003898 
13.840000 	 0.024908 
13.860000 	 -0.019390 
13.880000 	 -0.046573 
13.900000 	 -0.084433 
13.920000 	 0.133578 
13.940000 	 0.023702 
13.960000 	 -0.126260 
13.980000 	 0.091044 
14.000000 	 0.111710 
14.020000 	 -0.134274 
14.040000 	 0.029041 
14.060000 	 0.257058 
14.080000 	 0.265857 
14.100000 	 0.048318 
14.120000 	 0.042315 
14.140000 	 -0.077179 
14.160000 	 0.298524 
14.180000 	 -0.014465 
14.200000 	 0.014063 
14.220000 	 0.004648 
14.240000 	 -0.487534 
14.260000 	 -0.124970 
14.280000 	 0.096672 
14.300000 	 0.077331 
14.320000 	 0.120292 
14.340000 	 0.135204 
14.360000 	 0.015397 
14.380000 	 -0.087055 
14.400000 	 0.057970 
14.420000 	 -0.155618 
14.440000 	 0.111922 
14.460000 	 0.374965 
14.480000 	 0.076927 
14.500000 	 0.262338 
14.520000 	 0.043006 
14.540000 	 -0.100119 
14.560000 	 0.010100 
14.580000 	 0.115943 
14.600000 	 0.276416 
14.620000 	 0.002753 
14.640000 	 -0.110077 
14.660000 	 -0.033824 
14.680000 	 -0.070075 
14.700000 	 0.181832 
14.720000 	 0.233254 
14.740000 	 0.116345 
14.760000 	 0.060175 
14.780000 	 0.036444 
14.800000 	 -0.105600 
14.820000 	 0.048356 
14.840000 	 0.025280 
14.860000 	 -0.249973 
14.880000 	 0.189107 
14.900000 	 0.123035 
14.920000 	 -0.163516 
14.940000 	 -0.068110 
14.960000 	 0.353838 
14.980000 	 0.202624 
15.000000 	 0.390770 
