-15.000000 	 -0.269637 
-14.980000 	 -0.123171 
-14.960000 	 0.139178 
-14.940000 	 0.072142 
-14.920000 	 -0.034375 
-14.900000 	 0.021077 
-14.880000 	 0.137915 
-14.860000 	 0.012467 
-14.840000 	 0.273544 
-14.820000 	 -0.077019 
-14.800000 	 0.027241 
-14.780000 	 -0.042143 
-14.760000 	 -0.064132 
-14.740000 	 0.125732 
-14.720000 	 -0.074074 
-14.700000 	 -0.034108 
-14.680000 	 0.216643 
-14.660000 	 0.172217 
-14.640000 	 -0.083214 
-14.620000 	 -0.040064 
-14.600000 	 0.111631 
-14.580000 	 -0.134473 
-14.560000 	 -0.150253 
-14.540000 	 0.151236 
-14.520000 	 -0.014106 
-14.500000 	 0.045680 
-14.480000 	 0.166322 
-14.460000 	 -0.009167 
-14.440000 	 -0.176620 
-14.420000 	 -0.071440 
-14.400000 	 0.176466 
-14.380000 	 0.097864 
-14.360000 	 -0.093699 
-14.340000 	 0.199879 
-14.320000 	 -0.238876 
-14.300000 	 0.200246 
-14.280000 	 -0.104997 
-14.260000 	 -0.013413 
-14.240000 	 -0.127365 
-14.220000 	 -0.088023 
-14.200000 	 0.395362 
-14.180000 	 0.136853 
-14.160000 	 -0.143447 
-14.140000 	 -0.155444 
-14.120000 	 0.101821 
-14.100000 	 -0.169931 
-14.080000 	 -0.085452 
-14.060000 	 -0.003019 
-14.040000 	 -0.037897 
-14.020000 	 0.029605 
-14.000000 	 0.131026 
-13.980000 	 -0.105284 
-13.960000 	 -0.277934 
-13.940000 	 -0.031707 
-13.920000 	 -0.123493 
-13.900000 	 -0.202003 
-13.880000 	 -0.214730 
-13.860000 	 0.271151 
-13.840000 	 -0.185081 
-13.820000 	 0.280920 
-13.800000 	 -0.044998 
-13.780000 	 -0.047004 
-13.760000 	 0.106477 
-13.740000 	 -0.009864 
-13.720000 	 0.043283 
-13.700000 	 -0.028715 
-13.680000 	 -0.044568 
-13.660000 	 -0.016375 
-13.640000 	 -0.023457 
-13.620000 	 -0.065137 
-13.600000 	 0.130351 
-13.580000 	 -0.076285 
-13.560000 	 -0.036073 
-13.540000 	 -0.126469 
-13.520000 	 -0.039933 
-13.500000 	 -0.046774 
-13.480000 	 -0.133725 
-13.460000 	 0.189026 
-13.440000 	 -0.065303 
-13.420000 	 0.040159 
-13.400000 	 -0.030977 
-13.380000 	 -0.024776 
-13.360000 	 -0.065929 
-13.340000 	 0.245988 
-13.320000 	 0.156093 
-13.300000 	 0.122350 
-13.280000 	 0.009300 
-13.260000 	 0.061332 
-13.240000 	 -0.109419 
-13.220000 	 0.279599 
-13.200000 	 0.151705 
-13.180000 	 -0.040410 
-13.160000 	 0.187125 
-13.140000 	 0.125125 
-13.120000 	 -0.051649 
-13.100000 	 -0.020720 
-13.080000 	 0.019934 
-13.060000 	 -0.241265 
-13.040000 	 0.093268 
-13.020000 	 0.010115 
-13.000000 	 0.116682 
-12.980000 	 0.027138 
-12.960000 	 0.096064 
-12.940000 	 -0.101921 
-12.920000 	 0.052229 
-12.900000 	 -0.256586 
-12.880000 	 0.102987 
-12.860000 	 0.059408 
-12.840000 	 0.039365 
-12.820000 	 0.299404 
-12.800000 	 -0.000703 
-12.780000 	 -0.205454 
-12.760000 	 0.033048 
-12.740000 	 -0.182685 
-12.720000 	 -0.195558 
-12.700000 	 -0.082113 
-12.680000 	 0.016017 
-12.660000 	 0.000795 
-12.640000 	 -0.040413 
-12.620000 	 0.162524 
-12.600000 	 -0.209858 
-12.580000 	 0.210509 
-12.560000 	 0.500000 
-12.540000 	 -0.082175 
-12.520000 	 0.010506 
-12.500000 	 -0.350753 
-12.480000 	 -0.022135 
-12.460000 	 -0.080493 
-12.440000 	 -0.284354 
-12.420000 	 -0.022395 
-12.400000 	 0.079576 
-12.380000 	 -0.098759 
-12.360000 	 -0.223535 
-12.340000 	 -0.075032 
-12.320000 	 0.147255 
-12.300000 	 0.090103 
-12.280000 	 0.048540 
-12.260000 	 -0.019117 
-12.240000 	 -0.142167 
-12.220000 	 0.148442 
-12.200000 	 -0.156363 
-12.180000 	 0.079550 
-12.160000 	 0.017455 
-12.140000 	 0.116107 
-12.120000 	 0.122503 
-12.100000 	 -0.157897 
-12.080000 	 -0.054077 
-12.060000 	 -0.087292 
-12.040000 	 -0.113858 
-12.020000 	 0.354837 
-12.000000 	 0.206140 
-11.980000 	 0.132450 
-11.960000 	 -0.098249 
-11.940000 	 0.125963 
-11.920000 	 -0.048022 
-11.900000 	 0.022107 
-11.880000 	 0.188133 
-11.860000 	 -0.042117 
-11.840000 	 -0.140658 
-11.820000 	 0.024644 
-11.800000 	 -0.055434 
-11.780000 	 0.081623 
-11.760000 	 0.064289 
-11.740000 	 0.074171 
-11.720000 	 0.046963 
-11.700000 	 0.143867 
-11.680000 	 -0.020407 
-11.660000 	 -0.403761 
-11.640000 	 0.100237 
-11.620000 	 -0.270185 
-11.600000 	 0.009854 
-11.580000 	 0.101845 
-11.560000 	 0.068423 
-11.540000 	 -0.074052 
-11.520000 	 -0.013244 
-11.500000 	 0.110615 
-11.480000 	 0.085209 
-11.460000 	 0.234192 
-11.440000 	 -0.039044 
-11.420000 	 -0.018412 
-11.400000 	 0.045574 
-11.380000 	 0.053369 
-11.360000 	 -0.138880 
-11.340000 	 -0.160007 
-11.320000 	 -0.131179 
-11.300000 	 0.111236 
-11.280000 	 -0.310725 
-11.260000 	 0.079460 
-11.240000 	 -0.021546 
-11.220000 	 0.067352 
-11.200000 	 0.259129 
-11.180000 	 0.170470 
-11.160000 	 -0.062201 
-11.140000 	 -0.021443 
-11.120000 	 -0.053947 
-11.100000 	 0.217766 
-11.080000 	 0.092420 
-11.060000 	 -0.264055 
-11.040000 	 -0.007162 
-11.020000 	 0.022063 
-11.000000 	 -0.029675 
-10.980000 	 -0.110677 
-10.960000 	 0.157327 
-10.940000 	 -0.071103 
-10.920000 	 0.047136 
-10.900000 	 0.265330 
-10.880000 	 0.125941 
-10.860000 	 -0.105615 
-10.840000 	 -0.021396 
-10.820000 	 -0.096930 
-10.800000 	 0.335615 
-10.780000 	 0.124715 
-10.760000 	 -0.102654 
-10.740000 	 0.256321 
-10.720000 	 0.004906 
-10.700000 	 0.187170 
-10.680000 	 0.287331 
-10.660000 	 -0.071098 
-10.640000 	 0.225450 
-10.620000 	 0.179694 
-10.600000 	 0.005819 
-10.580000 	 -0.164627 
-10.560000 	 -0.073431 
-10.540000 	 0.290676 
-10.520000 	 0.203042 
-10.500000 	 0.047812 
-10.480000 	 -0.289249 
-10.460000 	 -0.109269 
-10.440000 	 0.553510 
-10.420000 	 -0.174633 
-10.400000 	 -0.084371 
-10.380000 	 -0.281882 
-10.360000 	 -0.155334 
-10.340000 	 0.062723 
-10.320000 	 -0.121709 
-10.300000 	 0.015578 
-10.280000 	 -0.253072 
-10.260000 	 -0.141300 
-10.240000 	 -0.053693 
-10.220000 	 -0.168859 
-10.200000 	 -0.115791 
-10.180000 	 0.152441 
-10.160000 	 -0.038936 
-10.140000 	 0.025366 
-10.120000 	 -0.070610 
-10.100000 	 -0.059473 
-10.080000 	 -0.109762 
-10.060000 	 0.427273 
-10.040000 	 0.282113 
-10.020000 	 -0.073860 
-10.000000 	 -0.005338 
-9.980000 	 -0.091032 
-9.960000 	 -0.015058 
-9.940000 	 -0.317293 
-9.920000 	 0.377919 
-9.900000 	 -0.039083 
-9.880000 	 -0.140115 
-9.860000 	 -0.009704 
-9.840000 	 0.140919 
-9.820000 	 0.070167 
-9.800000 	 -0.077620 
-9.780000 	 -0.016989 
-9.760000 	 0.179086 
-9.740000 	 0.216761 
-9.720000 	 0.280535 
-9.700000 	 -0.141248 
-9.680000 	 -0.056367 
-9.660000 	 0.212116 
-9.640000 	 0.185703 
-9.620000 	 0.029680 
-9.600000 	 0.052386 
-9.580000 	 0.187693 
-9.560000 	 0.063556 
-9.540000 	 -0.209754 
-9.520000 	 -0.120669 
-9.500000 	 0.078483 
-9.480000 	 -0.129238 
-9.460000 	 0.006275 
-9.440000 	 -0.234729 
-9.420000 	 -0.089730 
-9.400000 	 -0.079292 
-9.380000 	 0.406858 
-9.360000 	 -0.178373 
-9.340000 	 -0.134940 
-9.320000 	 0.125061 
-9.300000 	 -0.053902 
-9.280000 	 0.462061 
-9.260000 	 0.004762 
-9.240000 	 0.096387 
-9.220000 	 0.056575 
-9.200000 	 0.119849 
-9.180000 	 0.094429 
-9.160000 	 0.115480 
-9.140000 	 -0.052580 
-9.120000 	 -0.197364 
-9.100000 	 -0.037790 
-9.080000 	 0.053293 
-9.060000 	 0.102583 
-9.040000 	 0.118474 
-9.020000 	 -0.012521 
-9.000000 	 0.062980 
-8.980000 	 -0.057908 
-8.960000 	 -0.147696 
-8.940000 	 -0.151039 
-8.920000 	 -0.111920 
-8.900000 	 -0.113388 
-8.880000 	 0.435774 
-8.860000 	 0.024952 
-8.840000 	 0.056098 
-8.820000 	 -0.234387 
-8.800000 	 0.299212 
-8.780000 	 -0.023735 
-8.760000 	 -0.217141 
-8.740000 	 0.001927 
-8.720000 	 0.239387 
-8.700000 	 0.119192 
-8.680000 	 -0.131931 
-8.660000 	 -0.134691 
-8.640000 	 0.175301 
-8.620000 	 -0.063373 
-8.600000 	 0.005142 
-8.580000 	 -0.276420 
-8.560000 	 0.114501 
-8.540000 	 0.252526 
-8.520000 	 -0.073137 
-8.500000 	 -0.039036 
-8.480000 	 -0.042881 
-8.460000 	 0.208850 
-8.440000 	 0.052180 
-8.420000 	 0.026536 
-8.400000 	 0.086884 
-8.380000 	 0.216053 
-8.360000 	 0.013156 
-8.340000 	 -0.130541 
-8.320000 	 -0.099530 
-8.300000 	 0.213250 
-8.280000 	 0.041901 
-8.260000 	 -0.037018 
-8.240000 	 -0.158089 
-8.220000 	 -0.029996 
-8.200000 	 0.217373 
-8.180000 	 -0.084587 
-8.160000 	 0.198155 
-8.140000 	 0.021480 
-8.120000 	 -0.030549 
-8.100000 	 0.040867 
-8.080000 	 -0.178984 
-8.060000 	 -0.231134 
-8.040000 	 -0.199984 
-8.020000 	 0.038068 
-8.000000 	 0.116758 
-7.980000 	 0.010382 
-7.960000 	 0.079581 
-7.940000 	 0.142632 
-7.920000 	 -0.114773 
-7.900000 	 -0.062454 
-7.880000 	 0.142102 
-7.860000 	 0.448572 
-7.840000 	 -0.032849 
-7.820000 	 0.046335 
-7.800000 	 -0.223295 
-7.780000 	 -0.166135 
-7.760000 	 0.193356 
-7.740000 	 0.007334 
-7.720000 	 0.270478 
-7.700000 	 -0.074658 
-7.680000 	 -0.092043 
-7.660000 	 -0.155594 
-7.640000 	 -0.068803 
-7.620000 	 0.071441 
-7.600000 	 0.060169 
-7.580000 	 0.054737 
-7.560000 	 0.059622 
-7.540000 	 -0.227211 
-7.520000 	 0.353632 
-7.500000 	 -0.067472 
-7.480000 	 0.038351 
-7.460000 	 -0.004568 
-7.440000 	 0.121830 
-7.420000 	 -0.166775 
-7.400000 	 -0.060692 
-7.380000 	 -0.023553 
-7.360000 	 0.178136 
-7.340000 	 0.165021 
-7.320000 	 0.274498 
-7.300000 	 0.170259 
-7.280000 	 -0.006790 
-7.260000 	 0.092543 
-7.240000 	 0.114190 
-7.220000 	 -0.091628 
-7.200000 	 -0.028374 
-7.180000 	 0.176251 
-7.160000 	 -0.012942 
-7.140000 	 0.046213 
-7.120000 	 -0.000357 
-7.100000 	 -0.037918 
-7.080000 	 0.074915 
-7.060000 	 0.032143 
-7.040000 	 -0.069090 
-7.020000 	 0.119319 
-7.000000 	 0.168003 
-6.980000 	 -0.229930 
-6.960000 	 0.168199 
-6.940000 	 0.304935 
-6.920000 	 0.256182 
-6.900000 	 0.324195 
-6.880000 	 0.156239 
-6.860000 	 0.176904 
-6.840000 	 0.008934 
-6.820000 	 0.031214 
-6.800000 	 0.039229 
-6.780000 	 -0.020669 
-6.760000 	 0.011054 
-6.740000 	 -0.004649 
-6.720000 	 0.081368 
-6.700000 	 0.044479 
-6.680000 	 0.010103 
-6.660000 	 -0.065265 
-6.640000 	 0.439680 
-6.620000 	 0.041035 
-6.600000 	 0.094283 
-6.580000 	 0.161907 
-6.560000 	 -0.085160 
-6.540000 	 -0.054131 
-6.520000 	 0.038963 
-6.500000 	 0.111326 
-6.480000 	 0.222849 
-6.460000 	 -0.189382 
-6.440000 	 0.277750 
-6.420000 	 0.231265 
-6.400000 	 0.027802 
-6.380000 	 0.276681 
-6.360000 	 -0.037067 
-6.340000 	 0.282901 
-6.320000 	 0.248719 
-6.300000 	 0.262357 
-6.280000 	 0.082797 
-6.260000 	 -0.037756 
-6.240000 	 0.057349 
-6.220000 	 0.110223 
-6.200000 	 0.361287 
-6.180000 	 0.154771 
-6.160000 	 -0.033264 
-6.140000 	 0.288893 
-6.120000 	 0.140775 
-6.100000 	 0.159490 
-6.080000 	 0.250644 
-6.060000 	 0.291114 
-6.040000 	 0.227496 
-6.020000 	 0.153626 
-6.000000 	 0.077815 
-5.980000 	 0.087939 
-5.960000 	 0.052976 
-5.940000 	 0.174840 
-5.920000 	 0.379250 
-5.900000 	 0.509504 
-5.880000 	 0.152850 
-5.860000 	 0.039935 
-5.840000 	 0.482043 
-5.820000 	 0.183148 
-5.800000 	 0.264112 
-5.780000 	 0.259257 
-5.760000 	 0.408506 
-5.740000 	 0.250551 
-5.720000 	 0.054907 
-5.700000 	 0.334517 
-5.680000 	 0.015355 
-5.660000 	 0.189404 
-5.640000 	 0.034767 
-5.620000 	 0.162511 
-5.600000 	 0.245117 
-5.580000 	 0.356148 
-5.560000 	 0.388052 
-5.540000 	 0.362248 
-5.520000 	 -0.600000 
-5.500000 	 0.383252 
-5.480000 	 0.137389 
-5.460000 	 0.140696 
-5.440000 	 0.335150 
-5.420000 	 0.565484 
-5.400000 	 0.382648 
-5.380000 	 0.179059 
-5.360000 	 0.415709 
-5.340000 	 0.088959 
-5.320000 	 0.399743 
-5.300000 	 0.165702 
-5.280000 	 0.427571 
-5.260000 	 0.330625 
-5.240000 	 0.263288 
-5.220000 	 0.317639 
-5.200000 	 0.708883 
-5.180000 	 0.184438 
-5.160000 	 0.098427 
-5.140000 	 0.241134 
-5.120000 	 0.006888 
-5.100000 	 0.374270 
-5.080000 	 0.413180 
-5.060000 	 0.557109 
-5.040000 	 0.494376 
-5.020000 	 0.430522 
-5.000000 	 0.400164 
-4.980000 	 0.555589 
-4.960000 	 0.502812 
-4.940000 	 0.559012 
-4.920000 	 0.453208 
-4.900000 	 0.273977 
-4.880000 	 0.407097 
-4.860000 	 0.506067 
-4.840000 	 0.725236 
-4.820000 	 0.754978 
-4.800000 	 0.630326 
-4.780000 	 0.460735 
-4.760000 	 0.308768 
-4.740000 	 0.360636 
-4.720000 	 0.418518 
-4.700000 	 0.411358 
-4.680000 	 0.495944 
-4.660000 	 0.425948 
-4.640000 	 0.575467 
-4.620000 	 0.574167 
-4.600000 	 0.076688 
-4.580000 	 0.514410 
-4.560000 	 0.463077 
-4.540000 	 0.444169 
-4.520000 	 0.360298 
-4.500000 	 0.304349 
-4.480000 	 0.513936 
-4.460000 	 0.191067 
-4.440000 	 0.386079 
-4.420000 	 0.442201 
-4.400000 	 0.565071 
-4.380000 	 0.625724 
-4.360000 	 0.412129 
-4.340000 	 0.483356 
-4.320000 	 0.276879 
-4.300000 	 0.331215 
-4.280000 	 0.495985 
-4.260000 	 0.497979 
-4.240000 	 0.584761 
-4.220000 	 0.843382 
-4.200000 	 0.816347 
-4.180000 	 0.520445 
-4.160000 	 0.248631 
-4.140000 	 0.719282 
-4.120000 	 0.504614 
-4.100000 	 0.480542 
-4.080000 	 0.530491 
-4.060000 	 0.551755 
-4.040000 	 0.588452 
-4.020000 	 0.334085 
-4.000000 	 0.621159 
-3.980000 	 0.566763 
-3.960000 	 0.492401 
-3.940000 	 0.370994 
-3.920000 	 0.492447 
-3.900000 	 0.606465 
-3.880000 	 0.567618 
-3.860000 	 0.808764 
-3.840000 	 0.409232 
-3.820000 	 0.419369 
-3.800000 	 0.392128 
-3.780000 	 0.715731 
-3.760000 	 0.472735 
-3.740000 	 0.687306 
-3.720000 	 0.683065 
-3.700000 	 0.426793 
-3.680000 	 0.430857 
-3.660000 	 0.324385 
-3.640000 	 0.481043 
-3.620000 	 0.499601 
-3.600000 	 0.513497 
-3.580000 	 0.242882 
-3.560000 	 0.342320 
-3.540000 	 0.247997 
-3.520000 	 0.639013 
-3.500000 	 0.045656 
-3.480000 	 0.625517 
-3.460000 	 0.404811 
-3.440000 	 0.381564 
-3.420000 	 0.535582 
-3.400000 	 0.433363 
-3.380000 	 0.401215 
-3.360000 	 0.626814 
-3.340000 	 0.456730 
-3.320000 	 0.289425 
-3.300000 	 0.582958 
-3.280000 	 0.548668 
-3.260000 	 0.101054 
-3.240000 	 0.410402 
-3.220000 	 0.322780 
-3.200000 	 0.675148 
-3.180000 	 0.312905 
-3.160000 	 0.598035 
-3.140000 	 0.263780 
-3.120000 	 0.106691 
-3.100000 	 0.665856 
-3.080000 	 0.360232 
-3.060000 	 0.413619 
-3.040000 	 0.208008 
-3.020000 	 0.431933 
-3.000000 	 0.625839 
-2.980000 	 0.644916 
-2.960000 	 0.609399 
-2.940000 	 0.331154 
-2.920000 	 0.308533 
-2.900000 	 0.436468 
-2.880000 	 0.260555 
-2.860000 	 0.412522 
-2.840000 	 0.225083 
-2.820000 	 0.204311 
-2.800000 	 0.471081 
-2.780000 	 0.269521 
-2.760000 	 0.534169 
-2.740000 	 0.212654 
-2.720000 	 0.222308 
-2.700000 	 0.411994 
-2.680000 	 0.400399 
-2.660000 	 0.528343 
-2.640000 	 0.238885 
-2.620000 	 0.358068 
-2.600000 	 0.308829 
-2.580000 	 0.321098 
-2.560000 	 0.372452 
-2.540000 	 0.133022 
-2.520000 	 0.276677 
-2.500000 	 0.290936 
-2.480000 	 0.165169 
-2.460000 	 0.130750 
-2.440000 	 0.123720 
-2.420000 	 0.449198 
-2.400000 	 0.125739 
-2.380000 	 0.256220 
-2.360000 	 0.125122 
-2.340000 	 0.026250 
-2.320000 	 0.164353 
-2.300000 	 0.200200 
-2.280000 	 0.207506 
-2.260000 	 0.307847 
-2.240000 	 0.202886 
-2.220000 	 -0.208220 
-2.200000 	 0.465880 
-2.180000 	 0.112902 
-2.160000 	 0.329619 
-2.140000 	 0.379711 
-2.120000 	 0.180299 
-2.100000 	 0.222845 
-2.080000 	 0.222184 
-2.060000 	 0.467756 
-2.040000 	 0.203678 
-2.020000 	 0.292340 
-2.000000 	 0.293520 
-1.980000 	 0.283196 
-1.960000 	 0.260977 
-1.940000 	 0.279261 
-1.920000 	 0.251270 
-1.900000 	 0.068643 
-1.880000 	 0.203908 
-1.860000 	 0.191216 
-1.840000 	 0.214874 
-1.820000 	 0.260480 
-1.800000 	 0.086660 
-1.780000 	 0.274986 
-1.760000 	 0.257395 
-1.740000 	 0.059311 
-1.720000 	 0.094386 
-1.700000 	 0.426057 
-1.680000 	 0.115436 
-1.660000 	 0.028853 
-1.640000 	 0.045663 
-1.620000 	 0.123690 
-1.600000 	 0.139215 
-1.580000 	 -0.123622 
-1.560000 	 0.088283 
-1.540000 	 0.016566 
-1.520000 	 0.102499 
-1.500000 	 0.189577 
-1.480000 	 0.000345 
-1.460000 	 0.248666 
-1.440000 	 -0.007515 
-1.420000 	 -0.006930 
-1.400000 	 0.195273 
-1.380000 	 -0.109776 
-1.360000 	 0.150597 
-1.340000 	 -0.005755 
-1.320000 	 0.022175 
-1.300000 	 0.175948 
-1.280000 	 0.369807 
-1.260000 	 0.127651 
-1.240000 	 0.159465 
-1.220000 	 0.112859 
-1.200000 	 0.214238 
-1.180000 	 0.163037 
-1.160000 	 0.168084 
-1.140000 	 0.405401 
-1.120000 	 0.130539 
-1.100000 	 0.393754 
-1.080000 	 0.021395 
-1.060000 	 0.205488 
-1.040000 	 0.165800 
-1.020000 	 -0.006047 
-1.000000 	 0.601321 
-0.980000 	 0.127426 
-0.960000 	 0.124757 
-0.940000 	 0.052215 
-0.920000 	 0.365115 
-0.900000 	 -0.002655 
-0.880000 	 0.140617 
-0.860000 	 0.025332 
-0.840000 	 -0.126307 
-0.820000 	 0.340560 
-0.800000 	 0.089033 
-0.780000 	 0.238118 
-0.760000 	 0.090912 
-0.740000 	 -0.114247 
-0.720000 	 0.024469 
-0.700000 	 0.125593 
-0.680000 	 0.125043 
-0.660000 	 0.299377 
-0.640000 	 -0.171706 
-0.620000 	 0.201233 
-0.600000 	 0.111339 
-0.580000 	 -0.077773 
-0.560000 	 0.020784 
-0.540000 	 0.135447 
-0.520000 	 0.039763 
-0.500000 	 0.162940 
-0.480000 	 0.099857 
-0.460000 	 0.320334 
-0.440000 	 0.444530 
-0.420000 	 0.101884 
-0.400000 	 0.083507 
-0.380000 	 -0.043756 
-0.360000 	 0.207553 
-0.340000 	 0.179677 
-0.320000 	 0.310519 
-0.300000 	 0.015925 
-0.280000 	 0.256120 
-0.260000 	 0.312042 
-0.240000 	 0.172427 
-0.220000 	 0.420461 
-0.200000 	 0.332707 
-0.180000 	 0.084005 
-0.160000 	 0.113312 
-0.140000 	 -0.120024 
-0.120000 	 0.245890 
-0.100000 	 0.384348 
-0.080000 	 0.231945 
-0.060000 	 0.276706 
-0.040000 	 0.282103 
-0.020000 	 0.111473 
0.000000 	 0.033441 
0.020000 	 0.158518 
0.040000 	 0.071683 
0.060000 	 0.330155 
0.080000 	 0.363035 
0.100000 	 0.178618 
0.120000 	 0.165164 
0.140000 	 0.326280 
0.160000 	 0.331584 
0.180000 	 0.288078 
0.200000 	 0.217008 
0.220000 	 0.491153 
0.240000 	 0.109723 
0.260000 	 0.298095 
0.280000 	 0.440279 
0.300000 	 0.137613 
0.320000 	 0.284074 
0.340000 	 0.059701 
0.360000 	 0.241743 
0.380000 	 0.290018 
0.400000 	 0.332058 
0.420000 	 0.340616 
0.440000 	 0.298211 
0.460000 	 -0.800000 
0.480000 	 0.219304 
0.500000 	 0.517432 
0.520000 	 0.317165 
0.540000 	 0.257650 
0.560000 	 0.121775 
0.580000 	 0.880841 
0.600000 	 0.440830 
0.620000 	 0.239074 
0.640000 	 0.384987 
0.660000 	 0.142702 
0.680000 	 0.269301 
0.700000 	 0.612284 
0.720000 	 0.360491 
0.740000 	 0.420223 
0.760000 	 0.562693 
0.780000 	 0.316238 
0.800000 	 0.494223 
0.820000 	 0.245605 
0.840000 	 0.616172 
0.860000 	 0.113034 
0.880000 	 0.491660 
0.900000 	 0.437941 
0.920000 	 0.337245 
0.940000 	 0.706809 
0.960000 	 0.613896 
0.980000 	 0.358016 
1.000000 	 0.523601 
1.020000 	 0.581901 
1.040000 	 0.365938 
1.060000 	 0.326784 
1.080000 	 0.694328 
1.100000 	 0.608037 
1.120000 	 0.339643 
1.140000 	 0.398022 
1.160000 	 0.228850 
1.180000 	 0.310213 
1.200000 	 0.557902 
1.220000 	 0.711034 
1.240000 	 0.739478 
1.260000 	 0.803312 
1.280000 	 0.614426 
1.300000 	 0.621662 
1.320000 	 0.792538 
1.340000 	 0.819178 
1.360000 	 0.476506 
1.380000 	 0.755766 
1.400000 	 0.766119 
1.420000 	 0.944467 
1.440000 	 0.903682 
1.460000 	 0.454078 
1.480000 	 0.768918 
1.500000 	 0.671277 
1.520000 	 0.842959 
1.540000 	 0.644439 
1.560000 	 0.667322 
1.580000 	 0.634047 
1.600000 	 0.838937 
1.620000 	 0.785854 
1.640000 	 0.793338 
1.660000 	 0.697004 
1.680000 	 1.039444 
1.700000 	 0.963043 
1.720000 	 0.589429 
1.740000 	 0.729054 
1.760000 	 0.958604 
1.780000 	 0.818859 
1.800000 	 0.767390 
1.820000 	 0.859059 
1.840000 	 0.904939 
1.860000 	 0.779660 
1.880000 	 0.713373 
1.900000 	 1.070869 
1.920000 	 0.999656 
1.940000 	 1.044627 
1.960000 	 0.505118 
1.980000 	 1.078218 
2.000000 	 1.130438 
2.020000 	 1.108213 
2.040000 	 0.871040 
2.060000 	 0.806002 
2.080000 	 1.099053 
2.100000 	 1.078735 
2.120000 	 1.026848 
2.140000 	 1.221016 
2.160000 	 0.999918 
2.180000 	 1.018690 
2.200000 	 1.390089 
2.220000 	 1.052186 
2.240000 	 0.987281 
2.260000 	 1.099592 
2.280000 	 1.075967 
2.300000 	 1.072931 
2.320000 	 1.234762 
2.340000 	 1.239197 
2.360000 	 0.848488 
2.380000 	 0.983987 
2.400000 	 1.343803 
2.420000 	 1.355384 
2.440000 	 1.094597 
2.460000 	 1.115084 
2.480000 	 1.475466 
2.500000 	 1.229052 
2.520000 	 1.229866 
2.540000 	 1.164883 
2.560000 	 1.238907 
2.580000 	 1.493338 
2.600000 	 1.262896 
2.620000 	 1.235089 
2.640000 	 1.179654 
2.660000 	 1.388696 
2.680000 	 1.168801 
2.700000 	 1.491714 
2.720000 	 1.445214 
2.740000 	 1.193211 
2.760000 	 1.208191 
2.780000 	 1.400489 
2.800000 	 1.323030 
2.820000 	 1.443037 
2.840000 	 1.234666 
2.860000 	 1.337169 
2.880000 	 1.225194 
2.900000 	 1.289717 
2.920000 	 1.459120 
2.940000 	 1.165659 
2.960000 	 1.498182 
2.980000 	 1.113780 
3.000000 	 1.529200 
3.020000 	 1.445291 
3.040000 	 1.589099 
3.060000 	 1.593340 
3.080000 	 1.642265 
3.100000 	 1.268698 
3.120000 	 1.400022 
3.140000 	 1.334435 
3.160000 	 1.572239 
3.180000 	 1.431471 
3.200000 	 1.520687 
3.220000 	 1.674125 
3.240000 	 1.664063 
3.260000 	 1.644143 
3.280000 	 1.342911 
3.300000 	 1.539977 
3.320000 	 1.686119 
3.340000 	 1.581891 
3.360000 	 1.237939 
3.380000 	 1.524189 
3.400000 	 1.452662 
3.420000 	 1.314114 
3.440000 	 1.601774 
3.460000 	 1.622174 
3.480000 	 1.798175 
3.500000 	 1.500647 
3.520000 	 1.584419 
3.540000 	 1.422519 
3.560000 	 1.763441 
3.580000 	 1.568557 
3.600000 	 1.663436 
3.620000 	 1.477592 
3.640000 	 1.438537 
3.660000 	 1.414559 
3.680000 	 1.464526 
3.700000 	 1.520881 
3.720000 	 1.525132 
3.740000 	 1.607940 
3.760000 	 1.432737 
3.780000 	 1.646763 
3.800000 	 1.569992 
3.820000 	 1.422303 
3.840000 	 1.790578 
3.860000 	 1.482673 
3.880000 	 1.621079 
3.900000 	 1.909091 
3.920000 	 1.393622 
3.940000 	 1.595837 
3.960000 	 1.757747 
3.980000 	 1.899710 
4.000000 	 1.404583 
4.020000 	 1.342829 
4.040000 	 1.752053 
4.060000 	 1.639767 
4.080000 	 1.707784 
4.100000 	 1.668753 
4.120000 	 1.551275 
4.140000 	 1.290632 
4.160000 	 1.725303 
4.180000 	 1.532464 
4.200000 	 1.729961 
4.220000 	 1.716528 
4.240000 	 1.733491 
4.260000 	 1.705384 
4.280000 	 1.491064 
4.300000 	 1.314413 
4.320000 	 1.524305 
4.340000 	 1.660586 
4.360000 	 1.829871 
4.380000 	 1.726533 
4.400000 	 1.710079 
4.420000 	 1.709639 
4.440000 	 1.392549 
4.460000 	 1.479191 
4.480000 	 2.021561 
4.500000 	 1.301546 
4.520000 	 1.620447 
4.540000 	 1.447855 
4.560000 	 1.668394 
4.580000 	 1.622507 
4.600000 	 1.430124 
4.620000 	 1.291983 
4.640000 	 1.677519 
4.660000 	 1.341181 
4.680000 	 1.644042 
4.700000 	 1.476504 
4.720000 	 1.592808 
4.740000 	 1.273132 
4.760000 	 1.527801 
4.780000 	 1.376903 
4.800000 	 1.640140 
4.820000 	 1.545283 
4.840000 	 1.378124 
4.860000 	 1.511997 
4.880000 	 1.509041 
4.900000 	 1.481836 
4.920000 	 1.504945 
4.940000 	 1.527176 
4.960000 	 1.313987 
4.980000 	 1.432158 
5.000000 	 1.395191 
5.020000 	 1.345405 
5.040000 	 1.387969 
5.060000 	 1.535645 
5.080000 	 1.279859 
5.100000 	 1.559608 
5.120000 	 1.274689 
5.140000 	 1.440277 
5.160000 	 1.267662 
5.180000 	 1.378943 
5.200000 	 1.457575 
5.220000 	 1.405583 
5.240000 	 1.178462 
5.260000 	 1.295946 
5.280000 	 1.267752 
5.300000 	 1.218366 
5.320000 	 1.174408 
5.340000 	 1.158548 
5.360000 	 1.216277 
5.380000 	 1.486292 
5.400000 	 1.012048 
5.420000 	 1.458535 
5.440000 	 1.162543 
5.460000 	 1.251991 
5.480000 	 1.090362 
5.500000 	 1.513263 
5.520000 	 0.962778 
5.540000 	 1.170208 
5.560000 	 1.479754 
5.580000 	 0.967862 
5.600000 	 1.291398 
5.620000 	 1.297586 
5.640000 	 1.320356 
5.660000 	 1.183222 
5.680000 	 1.294787 
5.700000 	 0.775980 
5.720000 	 0.924941 
5.740000 	 1.119333 
5.760000 	 1.074385 
5.780000 	 1.216463 
5.800000 	 1.057381 
5.820000 	 1.124817 
5.840000 	 1.182475 
5.860000 	 1.158792 
5.880000 	 1.096245 
5.900000 	 0.928708 
5.920000 	 1.220334 
5.940000 	 1.015372 
5.960000 	 1.258256 
5.980000 	 1.110852 
6.000000 	 1.280755 
6.020000 	 0.819749 
6.040000 	 0.970871 
6.060000 	 0.889184 
6.080000 	 0.811000 
6.100000 	 0.941129 
6.120000 	 1.133050 
6.140000 	 0.869280 
6.160000 	 0.687564 
6.180000 	 0.722866 
6.200000 	 0.840251 
6.220000 	 0.953143 
6.240000 	 1.050701 
6.260000 	 0.894323 
6.280000 	 0.779490 
6.300000 	 0.982036 
6.320000 	 0.830354 
6.340000 	 0.835220 
6.360000 	 0.611538 
6.380000 	 0.586007 
6.400000 	 0.858013 
6.420000 	 0.735318 
6.440000 	 0.782796 
6.460000 	 0.510551 
6.480000 	 0.731891 
6.500000 	 0.627807 
6.520000 	 0.674909 
6.540000 	 0.704759 
6.560000 	 0.818961 
6.580000 	 0.544786 
6.600000 	 0.874532 
6.620000 	 0.627409 
6.640000 	 0.625608 
6.660000 	 0.668139 
6.680000 	 0.723345 
6.700000 	 0.706645 
6.720000 	 0.518626 
6.740000 	 0.582372 
6.760000 	 0.776159 
6.780000 	 0.756199 
6.800000 	 0.627493 
6.820000 	 0.361393 
6.840000 	 0.432113 
6.860000 	 0.623928 
6.880000 	 0.659145 
6.900000 	 0.550767 
6.920000 	 0.635346 
6.940000 	 0.221301 
6.960000 	 0.609342 
6.980000 	 0.783486 
7.000000 	 0.452816 
7.020000 	 0.319455 
7.040000 	 0.439505 
7.060000 	 0.284513 
7.080000 	 0.189893 
7.100000 	 0.473302 
7.120000 	 0.449731 
7.140000 	 0.466222 
7.160000 	 0.438976 
7.180000 	 0.504392 
7.200000 	 -0.011836 
7.220000 	 0.296906 
7.240000 	 0.472404 
7.260000 	 0.361546 
7.280000 	 0.335186 
7.300000 	 0.442421 
7.320000 	 0.377275 
7.340000 	 0.584187 
7.360000 	 0.481599 
7.380000 	 0.438334 
7.400000 	 0.502094 
7.420000 	 0.544111 
7.440000 	 0.487667 
7.460000 	 0.464206 
7.480000 	 0.410382 
7.500000 	 0.195302 
7.520000 	 0.319571 
7.540000 	 0.514489 
7.560000 	 0.385540 
7.580000 	 0.147113 
7.600000 	 0.111264 
7.620000 	 0.391329 
7.640000 	 0.288711 
7.660000 	 0.397035 
7.680000 	 0.099907 
7.700000 	 0.236619 
7.720000 	 0.520241 
7.740000 	 0.245468 
7.760000 	 0.298064 
7.780000 	 0.341177 
7.800000 	 0.018530 
7.820000 	 0.377893 
7.840000 	 0.398612 
7.860000 	 0.195969 
7.880000 	 0.259383 
7.900000 	 0.089742 
7.920000 	 0.150454 
7.940000 	 0.048261 
7.960000 	 0.323472 
7.980000 	 0.091792 
8.000000 	 0.265953 
8.020000 	 0.202961 
8.040000 	 0.335966 
8.060000 	 0.100000 
8.080000 	 0.265071 
8.100000 	 0.155045 
8.120000 	 0.290520 
8.140000 	 0.228865 
8.160000 	 0.352924 
8.180000 	 0.222290 
8.200000 	 0.150899 
8.220000 	 0.019744 
8.240000 	 -0.060898 
8.260000 	 -0.026604 
8.280000 	 0.281906 
8.300000 	 0.123416 
8.320000 	 0.204495 
8.340000 	 0.392893 
8.360000 	 -0.086941 
8.380000 	 0.101446 
8.400000 	 0.337326 
8.420000 	 -0.002623 
8.440000 	 0.638123 
8.460000 	 0.281020 
8.480000 	 -0.209086 
8.500000 	 0.088931 
8.520000 	 -0.031282 
8.540000 	 0.138181 
8.560000 	 0.393174 
8.580000 	 0.314947 
8.600000 	 0.375028 
8.620000 	 0.393318 
8.640000 	 0.117405 
8.660000 	 -0.102877 
8.680000 	 0.029356 
8.700000 	 -0.084866 
8.720000 	 -0.209338 
8.740000 	 0.289949 
8.760000 	 0.294925 
8.780000 	 0.062437 
8.800000 	 -0.336292 
8.820000 	 0.012412 
8.840000 	 -0.058401 
8.860000 	 0.278107 
8.880000 	 0.204177 
8.900000 	 -0.048921 
8.920000 	 -0.166365 
8.940000 	 -0.195231 
8.960000 	 0.250853 
8.980000 	 -0.011753 
9.000000 	 0.163800 
9.020000 	 0.341321 
9.040000 	 -0.011328 
9.060000 	 0.250382 
9.080000 	 -0.007395 
9.100000 	 0.161915 
9.120000 	 0.218264 
9.140000 	 0.047512 
9.160000 	 0.265944 
9.180000 	 0.285439 
9.200000 	 -0.116987 
9.220000 	 0.010209 
9.240000 	 0.179244 
9.260000 	 -0.160483 
9.280000 	 0.010355 
9.300000 	 0.164964 
9.320000 	 0.192355 
9.340000 	 -0.019386 
9.360000 	 0.000215 
9.380000 	 -0.238819 
9.400000 	 -0.027872 
9.420000 	 0.131324 
9.440000 	 -0.206793 
9.460000 	 0.129124 
9.480000 	 0.079086 
9.500000 	 0.161050 
9.520000 	 -0.010122 
9.540000 	 -0.016279 
9.560000 	 0.275736 
9.580000 	 -0.028270 
9.600000 	 -0.085186 
9.620000 	 -0.048820 
9.640000 	 -0.094935 
9.660000 	 -0.209932 
9.680000 	 -0.123007 
9.700000 	 0.054312 
9.720000 	 0.002459 
9.740000 	 0.004968 
9.760000 	 0.037127 
9.780000 	 -0.035666 
9.800000 	 0.107034 
9.820000 	 0.108031 
9.840000 	 0.035091 
9.860000 	 0.018095 
9.880000 	 0.171853 
9.900000 	 -0.244991 
9.920000 	 -0.149180 
9.940000 	 0.071465 
9.960000 	 0.119944 
9.980000 	 -0.173084 
10.000000 	 -0.083139 
10.020000 	 -0.069679 
10.040000 	 -0.015321 
10.060000 	 -0.154178 
10.080000 	 0.057275 
10.100000 	 -0.070426 
10.120000 	 0.028249 
10.140000 	 0.194827 
10.160000 	 0.008476 
10.180000 	 -0.127715 
10.200000 	 0.251888 
10.220000 	 -0.045630 
10.240000 	 -0.091369 
10.260000 	 0.191979 
10.280000 	 0.038376 
10.300000 	 0.258752 
10.320000 	 -0.020239 
10.340000 	 -0.206044 
10.360000 	 0.074437 
10.380000 	 -0.065782 
10.400000 	 0.101042 
10.420000 	 0.170363 
10.440000 	 -0.094341 
10.460000 	 -0.219266 
10.480000 	 0.023049 
10.500000 	 0.035064 
10.520000 	 0.012711 
10.540000 	 -0.044189 
10.560000 	 -0.161180 
10.580000 	 0.062600 
10.600000 	 -0.036703 
10.620000 	 -0.017461 
10.640000 	 -0.074238 
10.660000 	 -0.201797 
10.680000 	 -0.000743 
10.700000 	 0.277187 
10.720000 	 0.103322 
10.740000 	 0.178222 
10.760000 	 0.114544 
10.780000 	 0.126484 
10.800000 	 -0.190951 
10.820000 	 0.156582 
10.840000 	 -0.027289 
10.860000 	 -0.119958 
10.880000 	 0.028805 
10.900000 	 0.068957 
10.920000 	 -0.297114 
10.940000 	 -0.366480 
10.960000 	 0.175710 
10.980000 	 -0.059001 
11.000000 	 0.126534 
11.020000 	 -0.030314 
11.040000 	 -0.054843 
11.060000 	 0.047677 
11.080000 	 0.087657 
11.100000 	 0.158859 
11.120000 	 0.203035 
11.140000 	 0.171320 
11.160000 	 0.140994 
11.180000 	 -0.070022 
11.200000 	 0.034651 
11.220000 	 0.041118 
11.240000 	 -0.133711 
11.260000 	 0.228684 
11.280000 	 -0.045756 
11.300000 	 -0.057645 
11.320000 	 -0.055301 
11.340000 	 -0.071018 
11.360000 	 0.250456 
11.380000 	 -0.009996 
11.400000 	 -0.280872 
11.420000 	 0.015772 
11.440000 	 0.068386 
11.460000 	 0.125854 
11.480000 	 -0.014779 
11.500000 	 0.134229 
11.520000 	 -0.077760 
11.540000 	 -0.087792 
11.560000 	 -0.122177 
11.580000 	 -0.128005 
11.600000 	 -0.229510 
11.620000 	 0.066573 
11.640000 	 -0.055524 
11.660000 	 0.059668 
11.680000 	 -0.005823 
11.700000 	 0.322599 
11.720000 	 -0.145008 
11.740000 	 -0.052868 
11.760000 	 -0.035241 
11.780000 	 0.097908 
11.800000 	 -0.077928 
11.820000 	 -0.171538 
11.840000 	 -0.144566 
11.860000 	 0.217433 
11.880000 	 -0.105720 
11.900000 	 -0.111204 
11.920000 	 -0.038004 
11.940000 	 -0.012719 
11.960000 	 -0.054111 
11.980000 	 0.040290 
12.000000 	 0.310358 
12.020000 	 -0.096573 
12.040000 	 0.089149 
12.060000 	 -0.163624 
12.080000 	 -0.187189 
12.100000 	 -0.174892 
12.120000 	 0.027467 
12.140000 	 0.158740 
12.160000 	 -0.004177 
12.180000 	 0.167340 
12.200000 	 -0.049728 
12.220000 	 -0.216803 
12.240000 	 -0.080835 
12.260000 	 0.137986 
12.280000 	 -0.178010 
12.300000 	 -0.119102 
12.320000 	 0.031933 
12.340000 	 0.019784 
12.360000 	 0.131568 
12.380000 	 -0.141366 
12.400000 	 -0.001488 
12.420000 	 0.310635 
12.440000 	 -0.091281 
12.460000 	 0.178466 
12.480000 	 -0.113870 
12.500000 	 0.039752 
12.520000 	 -0.007669 
12.540000 	 0.035135 
12.560000 	 -0.400148 
12.580000 	 0.161462 
12.600000 	 0.010232 
12.620000 	 -0.068277 
12.640000 	 0.157996 
12.660000 	 -0.051696 
12.680000 	 0.190276 
12.700000 	 -0.026413 
12.720000 	 -0.169694 
12.740000 	 0.162790 
12.760000 	 -0.117996 
12.780000 	 0.125427 
12.800000 	 0.018620 
12.820000 	 -0.243197 
12.840000 	 0.099359 
12.860000 	 0.119415 
12.880000 	 0.500000 
12.900000 	 0.102292 
12.920000 	 -0.000217 
12.940000 	 0.136787 
12.960000 	 -0.073544 
12.980000 	 0.204754 
13.000000 	 0.033325 
13.020000 	 -0.012627 
13.040000 	 0.051075 
13.060000 	 -0.107240 
13.080000 	 0.153543 
13.100000 	 -0.228689 
13.120000 	 -0.041160 
13.140000 	 -0.058742 
13.160000 	 0.218135 
13.180000 	 0.047480 
13.200000 	 -0.010889 
13.220000 	 -0.102839 
13.240000 	 -0.055537 
13.260000 	 0.003560 
13.280000 	 0.170472 
13.300000 	 -0.119891 
13.320000 	 0.375740 
13.340000 	 -0.026473 
13.360000 	 -0.165922 
13.380000 	 -0.113290 
13.400000 	 -0.038459 
13.420000 	 -0.120656 
13.440000 	 0.049553 
13.460000 	 0.003459 
13.480000 	 -0.114983 
13.500000 	 0.175973 
13.520000 	 -0.138658 
13.540000 	 -0.173722 
13.560000 	 -0.097353 
13.580000 	 0.017886 
13.600000 	 -0.006544 
13.620000 	 0.194394 
13.640000 	 0.245422 
13.660000 	 0.047440 
13.680000 	 -0.159289 
13.700000 	 0.040351 
13.720000 	 -0.006980 
13.740000 	 -0.083284 
13.760000 	 -0.061136 
13.780000 	 0.082513 
13.800000 	 0.004351 
13.820000 	 0.051399 
13.840000 	 0.194668 
13.860000 	 0.052832 
13.880000 	 -0.133525 
13.900000 	 -0.211450 
13.920000 	 0.294558 
13.940000 	 0.177878 
13.960000 	 0.313274 
13.980000 	 0.135478 
14.000000 	 -0.061072 
14.020000 	 -0.117310 
14.040000 	 0.084057 
14.060000 	 -0.093502 
14.080000 	 -0.012279 
14.100000 	 0.065014 
14.120000 	 -0.147683 
14.140000 	 -0.092349 
14.160000 	 0.060628 
14.180000 	 0.067905 
14.200000 	 -0.020633 
14.220000 	 -0.120777 
14.240000 	 -0.072114 
14.260000 	 -0.167775 
14.280000 	 -0.132602 
14.300000 	 -0.118270 
14.320000 	 0.163831 
14.340000 	 0.191832 
14.360000 	 0.111190 
14.380000 	 0.117056 
14.400000 	 -0.211289 
14.420000 	 0.043928 
14.440000 	 0.233826 
14.460000 	 -0.085337 
14.480000 	 -0.012216 
14.500000 	 -0.247751 
14.520000 	 -0.047592 
14.540000 	 -0.200938 
14.560000 	 -0.092922 
14.580000 	 0.018831 
14.600000 	 -0.006206 
14.620000 	 -0.037982 
14.640000 	 -0.194594 
14.660000 	 -0.055173 
14.680000 	 0.036828 
14.700000 	 0.032432 
14.720000 	 0.227764 
14.740000 	 0.034901 
14.760000 	 0.157736 
14.780000 	 -0.029692 
14.800000 	 -0.145412 
14.820000 	 0.170452 
14.840000 	 0.194906 
14.860000 	 -0.158587 
14.880000 	 -0.101695 
14.900000 	 -0.076916 
14.920000 	 0.139161 
14.940000 	 0.093145 
14.960000 	 0.016136 
14.980000 	 -0.029350 
15.000000 	 -0.015134 
