-15.000000 	 0.253772 
-14.980000 	 -0.048724 
-14.960000 	 0.009395 
-14.940000 	 0.048257 
-14.920000 	 -0.220763 
-14.900000 	 0.120460 
-14.880000 	 0.124047 
-14.860000 	 -0.044428 
-14.840000 	 -0.011633 
-14.820000 	 -0.043000 
-14.800000 	 -0.050457 
-14.780000 	 -0.061454 
-14.760000 	 0.132224 
-14.740000 	 0.143245 
-14.720000 	 0.065421 
-14.700000 	 -0.014761 
-14.680000 	 -0.124018 
-14.660000 	 -0.086546 
-14.640000 	 0.105077 
-14.620000 	 -0.148269 
-14.600000 	 0.084979 
-14.580000 	 0.256301 
-14.560000 	 -0.189854 
-14.540000 	 0.108075 
-14.520000 	 0.074555 
-14.500000 	 -0.001301 
-14.480000 	 0.088542 
-14.460000 	 -0.018168 
-14.440000 	 -0.174458 
-14.420000 	 0.187954 
-14.400000 	 -0.071407 
-14.380000 	 -0.355104 
-14.360000 	 -0.131728 
-14.340000 	 0.069135 
-14.320000 	 0.152778 
-14.300000 	 0.208920 
-14.280000 	 -0.067284 
-14.260000 	 0.058193 
-14.240000 	 0.070549 
-14.220000 	 0.001687 
-14.200000 	 1.000000 
-14.180000 	 0.094276 
-14.160000 	 0.060384 
-14.140000 	 0.033937 
-14.120000 	 0.089537 
-14.100000 	 -0.245815 
-14.080000 	 0.091534 
-14.060000 	 -0.007927 
-14.040000 	 -0.260088 
-14.020000 	 0.152268 
-14.000000 	 -0.039551 
-13.980000 	 0.268483 
-13.960000 	 0.160570 
-13.940000 	 -0.162175 
-13.920000 	 -0.090789 
-13.900000 	 -0.281600 
-13.880000 	 -0.358725 
-13.860000 	 -0.141751 
-13.840000 	 0.103217 
-13.820000 	 0.036812 
-13.800000 	 -0.190267 
-13.780000 	 -0.119010 
-13.760000 	 0.186863 
-13.740000 	 -0.030891 
-13.720000 	 0.010786 
-13.700000 	 0.302843 
-13.680000 	 -0.199149 
-13.660000 	 0.014580 
-13.640000 	 -0.103365 
-13.620000 	 0.091715 
-13.600000 	 0.036905 
-13.580000 	 0.133721 
-13.560000 	 0.107331 
-13.540000 	 0.059505 
-13.520000 	 -0.063397 
-13.500000 	 0.099592 
-13.480000 	 -0.059829 
-13.460000 	 -0.221496 
-13.440000 	 -0.163318 
-13.420000 	 0.142689 
-13.400000 	 0.503838 
-13.380000 	 0.117300 
-13.360000 	 -0.017648 
-13.340000 	 0.079627 
-13.320000 	 0.051990 
-13.300000 	 0.202336 
-13.280000 	 -0.007986 
-13.260000 	 0.178857 
-13.240000 	 0.069642 
-13.220000 	 -0.260104 
-13.200000 	 -0.184182 
-13.180000 	 0.038982 
-13.160000 	 -0.076243 
-13.140000 	 -0.126413 
-13.120000 	 -0.085614 
-13.100000 	 -0.159204 
-13.080000 	 -0.136805 
-13.060000 	 0.011704 
-13.040000 	 0.036122 
-13.020000 	 -0.127100 
-13.000000 	 0.082665 
-12.980000 	 0.900000 
-12.960000 	 -0.067174 
-12.940000 	 0.088294 
-12.920000 	 -0.011538 
-12.900000 	 0.028039 
-12.880000 	 -0.113323 
-12.860000 	 0.355945 
-12.840000 	 0.318408 
-12.820000 	 -0.073314 
-12.800000 	 -0.158627 
-12.780000 	 -0.030510 
-12.760000 	 0.157428 
-12.740000 	 -0.013477 
-12.720000 	 -0.123955 
-12.700000 	 0.120330 
-12.680000 	 -0.094764 
-12.660000 	 0.090491 
-12.640000 	 -0.051917 
-12.620000 	 0.127148 
-12.600000 	 -0.202175 
-12.580000 	 0.143093 
-12.560000 	 0.027426 
-12.540000 	 0.181411 
-12.520000 	 -0.080315 
-12.500000 	 0.162342 
-12.480000 	 0.038783 
-12.460000 	 0.031959 
-12.440000 	 -0.050210 
-12.420000 	 0.161019 
-12.400000 	 0.165949 
-12.380000 	 0.073163 
-12.360000 	 -0.298793 
-12.340000 	 -0.349318 
-12.320000 	 0.277246 
-12.300000 	 0.038946 
-12.280000 	 -0.059737 
-12.260000 	 -0.214932 
-12.240000 	 -0.056311 
-12.220000 	 -0.102607 
-12.200000 	 -0.203124 
-12.180000 	 -0.134693 
-12.160000 	 0.054298 
-12.140000 	 -0.018097 
-12.120000 	 0.014384 
-12.100000 	 -0.231714 
-12.080000 	 0.147706 
-12.060000 	 -0.114675 
-12.040000 	 -0.173423 
-12.020000 	 -0.063538 
-12.000000 	 0.126746 
-11.980000 	 -0.048257 
-11.960000 	 -0.298368 
-11.940000 	 0.327535 
-11.920000 	 0.125351 
-11.900000 	 0.134297 
-11.880000 	 -0.156446 
-11.860000 	 0.218351 
-11.840000 	 -0.157355 
-11.820000 	 0.139080 
-11.800000 	 -0.009943 
-11.780000 	 -0.083852 
-11.760000 	 0.083579 
-11.740000 	 -0.060190 
-11.720000 	 0.128314 
-11.700000 	 0.015103 
-11.680000 	 -0.151092 
-11.660000 	 0.005293 
-11.640000 	 -0.013355 
-11.620000 	 0.110675 
-11.600000 	 -0.047607 
-11.580000 	 -0.124298 
-11.560000 	 -0.003970 
-11.540000 	 -0.084875 
-11.520000 	 0.261737 
-11.500000 	 -0.080137 
-11.480000 	 0.197732 
-11.460000 	 -0.156068 
-11.440000 	 0.005358 
-11.420000 	 0.079705 
-11.400000 	 0.017463 
-11.380000 	 0.252248 
-11.360000 	 -0.149317 
-11.340000 	 0.207082 
-11.320000 	 0.116844 
-11.300000 	 -0.004348 
-11.280000 	 0.025159 
-11.260000 	 -0.130991 
-11.240000 	 -0.230951 
-11.220000 	 -0.069404 
-11.200000 	 -0.120520 
-11.180000 	 -0.011453 
-11.160000 	 -0.138006 
-11.140000 	 -0.078392 
-11.120000 	 0.067633 
-11.100000 	 0.061396 
-11.080000 	 0.162885 
-11.060000 	 0.019209 
-11.040000 	 0.018621 
-11.020000 	 -0.105624 
-11.000000 	 -0.206768 
-10.980000 	 0.184712 
-10.960000 	 -0.187636 
-10.940000 	 0.306556 
-10.920000 	 0.020488 
-10.900000 	 0.061174 
-10.880000 	 0.014648 
-10.860000 	 -0.136728 
-10.840000 	 -0.151021 
-10.820000 	 0.039476 
-10.800000 	 0.110843 
-10.780000 	 0.077174 
-10.760000 	 -0.099207 
-10.740000 	 0.144996 
-10.720000 	 0.239888 
-10.700000 	 0.055310 
-10.680000 	 -0.126420 
-10.660000 	 -0.231269 
-10.640000 	 0.307026 
-10.620000 	 -0.300988 
-10.600000 	 0.158400 
-10.580000 	 -0.036888 
-10.560000 	 0.209328 
-10.540000 	 -0.193915 
-10.520000 	 0.041311 
-10.500000 	 -0.040867 
-10.480000 	 -0.048389 
-10.460000 	 0.251613 
-10.440000 	 0.106041 
-10.420000 	 0.066192 
-10.400000 	 0.160049 
-10.380000 	 0.163097 
-10.360000 	 0.310869 
-10.340000 	 -0.154297 
-10.320000 	 0.092578 
-10.300000 	 0.111829 
-10.280000 	 -0.123966 
-10.260000 	 0.015267 
-10.240000 	 0.096322 
-10.220000 	 0.114086 
-10.200000 	 -0.094874 
-10.180000 	 0.016250 
-10.160000 	 0.027529 
-10.140000 	 -0.237010 
-10.120000 	 0.072531 
-10.100000 	 -0.056146 
-10.080000 	 -0.185412 
-10.060000 	 -0.119678 
-10.040000 	 -0.316442 
-10.020000 	 -0.148080 
-10.000000 	 0.129553 
-9.980000 	 0.018220 
-9.960000 	 -0.177584 
-9.940000 	 -0.028962 
-9.920000 	 0.040170 
-9.900000 	 -0.075239 
-9.880000 	 -0.312132 
-9.860000 	 0.106546 
-9.840000 	 -0.144168 
-9.820000 	 0.088590 
-9.800000 	 -0.077204 
-9.780000 	 0.053751 
-9.760000 	 0.184237 
-9.740000 	 0.140858 
-9.720000 	 0.189638 
-9.700000 	 -0.163426 
-9.680000 	 0.053993 
-9.660000 	 -0.166429 
-9.640000 	 -0.124466 
-9.620000 	 0.301009 
-9.600000 	 0.230973 
-9.580000 	 -0.080777 
-9.560000 	 -0.205093 
-9.540000 	 -0.173692 
-9.520000 	 -0.187876 
-9.500000 	 0.115035 
-9.480000 	 -0.044608 
-9.460000 	 0.241116 
-9.440000 	 -0.228891 
-9.420000 	 0.384957 
-9.400000 	 -0.168205 
-9.380000 	 0.118516 
-9.360000 	 -0.016859 
-9.340000 	 0.240675 
-9.320000 	 0.133145 
-9.300000 	 -0.268011 
-9.280000 	 0.174167 
-9.260000 	 -0.046027 
-9.240000 	 -0.166900 
-9.220000 	 0.000339 
-9.200000 	 0.481151 
-9.180000 	 -0.160195 
-9.160000 	 0.077725 
-9.140000 	 -0.005008 
-9.120000 	 0.071146 
-9.100000 	 0.214376 
-9.080000 	 -0.215010 
-9.060000 	 0.041406 
-9.040000 	 0.114902 
-9.020000 	 -0.163259 
-9.000000 	 -0.298980 
-8.980000 	 0.159504 
-8.960000 	 -0.296608 
-8.940000 	 -0.068789 
-8.920000 	 -0.045508 
-8.900000 	 -0.013323 
-8.880000 	 -0.141662 
-8.860000 	 0.208764 
-8.840000 	 -0.036688 
-8.820000 	 -0.136326 
-8.800000 	 0.163108 
-8.780000 	 0.152059 
-8.760000 	 0.295992 
-8.740000 	 -0.208690 
-8.720000 	 0.141519 
-8.700000 	 0.042824 
-8.680000 	 -0.000866 
-8.660000 	 0.016038 
-8.640000 	 0.163363 
-8.620000 	 -0.079710 
-8.600000 	 0.044655 
-8.580000 	 0.208151 
-8.560000 	 0.250521 
-8.540000 	 0.065277 
-8.520000 	 0.025927 
-8.500000 	 -0.129471 
-8.480000 	 0.244576 
-8.460000 	 -0.134413 
-8.440000 	 0.087191 
-8.420000 	 0.190247 
-8.400000 	 -0.106907 
-8.380000 	 0.120516 
-8.360000 	 0.017144 
-8.340000 	 -0.006533 
-8.320000 	 0.175356 
-8.300000 	 -0.010875 
-8.280000 	 0.052579 
-8.260000 	 0.121332 
-8.240000 	 0.193466 
-8.220000 	 -0.143749 
-8.200000 	 0.229290 
-8.180000 	 -0.059575 
-8.160000 	 0.174849 
-8.140000 	 0.321135 
-8.120000 	 0.339104 
-8.100000 	 -0.053903 
-8.080000 	 0.005931 
-8.060000 	 -0.064381 
-8.040000 	 -0.117413 
-8.020000 	 -0.112777 
-8.000000 	 -0.014514 
-7.980000 	 0.148723 
-7.960000 	 -0.091343 
-7.940000 	 -0.046012 
-7.920000 	 0.171608 
-7.900000 	 0.235038 
-7.880000 	 0.143118 
-7.860000 	 -0.169557 
-7.840000 	 0.196539 
-7.820000 	 -0.134285 
-7.800000 	 -0.171146 
-7.780000 	 0.003142 
-7.760000 	 0.125783 
-7.740000 	 -0.060709 
-7.720000 	 0.201411 
-7.700000 	 0.018108 
-7.680000 	 0.116290 
-7.660000 	 0.051132 
-7.640000 	 0.016969 
-7.620000 	 0.062678 
-7.600000 	 0.070076 
-7.580000 	 -0.153049 
-7.560000 	 0.364559 
-7.540000 	 0.243056 
-7.520000 	 0.176255 
-7.500000 	 0.002541 
-7.480000 	 0.333116 
-7.460000 	 0.061643 
-7.440000 	 0.024508 
-7.420000 	 0.101636 
-7.400000 	 0.016639 
-7.380000 	 -0.151748 
-7.360000 	 -0.263386 
-7.340000 	 -0.110037 
-7.320000 	 0.067655 
-7.300000 	 -0.006026 
-7.280000 	 0.181258 
-7.260000 	 0.152565 
-7.240000 	 0.015639 
-7.220000 	 0.133559 
-7.200000 	 -0.202422 
-7.180000 	 0.225319 
-7.160000 	 -0.001372 
-7.140000 	 -0.155486 
-7.120000 	 -0.046732 
-7.100000 	 -0.106912 
-7.080000 	 -0.179351 
-7.060000 	 0.098427 
-7.040000 	 0.102020 
-7.020000 	 -0.006239 
-7.000000 	 0.113335 
-6.980000 	 -0.101372 
-6.960000 	 -0.089463 
-6.940000 	 -0.052331 
-6.920000 	 0.360609 
-6.900000 	 0.215324 
-6.880000 	 0.159337 
-6.860000 	 -0.080955 
-6.840000 	 0.000032 
-6.820000 	 -0.068983 
-6.800000 	 0.355399 
-6.780000 	 0.017526 
-6.760000 	 0.130660 
-6.740000 	 -0.006907 
-6.720000 	 0.154871 
-6.700000 	 0.334829 
-6.680000 	 0.256318 
-6.660000 	 0.190924 
-6.640000 	 -0.024189 
-6.620000 	 0.104358 
-6.600000 	 0.227111 
-6.580000 	 0.123912 
-6.560000 	 0.465584 
-6.540000 	 0.288388 
-6.520000 	 -0.070063 
-6.500000 	 0.090299 
-6.480000 	 0.016480 
-6.460000 	 -0.212420 
-6.440000 	 -0.011326 
-6.420000 	 -0.088027 
-6.400000 	 0.002783 
-6.380000 	 0.304402 
-6.360000 	 0.218488 
-6.340000 	 0.150104 
-6.320000 	 0.164555 
-6.300000 	 0.033624 
-6.280000 	 0.250208 
-6.260000 	 0.051332 
-6.240000 	 -0.002518 
-6.220000 	 0.003777 
-6.200000 	 0.473031 
-6.180000 	 0.185097 
-6.160000 	 0.052503 
-6.140000 	 0.048107 
-6.120000 	 0.083824 
-6.100000 	 0.124402 
-6.080000 	 0.289024 
-6.060000 	 0.376871 
-6.040000 	 0.292789 
-6.020000 	 0.188669 
-6.000000 	 0.044573 
-5.980000 	 0.121632 
-5.960000 	 0.543764 
-5.940000 	 0.313450 
-5.920000 	 0.101731 
-5.900000 	 0.323932 
-5.880000 	 -0.007607 
-5.860000 	 0.234060 
-5.840000 	 0.107930 
-5.820000 	 0.458823 
-5.800000 	 0.319377 
-5.780000 	 0.158161 
-5.760000 	 0.142953 
-5.740000 	 0.408896 
-5.720000 	 0.254092 
-5.700000 	 0.367014 
-5.680000 	 0.441600 
-5.660000 	 0.385237 
-5.640000 	 0.621498 
-5.620000 	 0.294917 
-5.600000 	 0.278026 
-5.580000 	 0.183782 
-5.560000 	 0.233512 
-5.540000 	 0.530092 
-5.520000 	 0.295324 
-5.500000 	 -0.002496 
-5.480000 	 0.582654 
-5.460000 	 0.156405 
-5.440000 	 0.396317 
-5.420000 	 0.513082 
-5.400000 	 0.359755 
-5.380000 	 0.070249 
-5.360000 	 0.461950 
-5.340000 	 0.416995 
-5.320000 	 0.717799 
-5.300000 	 0.296578 
-5.280000 	 0.184358 
-5.260000 	 0.711552 
-5.240000 	 0.432109 
-5.220000 	 0.050368 
-5.200000 	 0.640483 
-5.180000 	 0.348394 
-5.160000 	 0.398112 
-5.140000 	 0.567442 
-5.120000 	 0.150030 
-5.100000 	 0.400211 
-5.080000 	 0.481485 
-5.060000 	 0.316323 
-5.040000 	 0.568620 
-5.020000 	 0.345140 
-5.000000 	 0.451573 
-4.980000 	 0.350867 
-4.960000 	 0.454016 
-4.940000 	 0.591753 
-4.920000 	 0.469430 
-4.900000 	 0.415180 
-4.880000 	 0.479114 
-4.860000 	 0.330287 
-4.840000 	 0.379909 
-4.820000 	 0.778437 
-4.800000 	 0.536642 
-4.780000 	 0.268424 
-4.760000 	 0.562849 
-4.740000 	 0.271503 
-4.720000 	 0.774959 
-4.700000 	 0.435697 
-4.680000 	 0.392558 
-4.660000 	 0.761513 
-4.640000 	 0.764104 
-4.620000 	 0.411908 
-4.600000 	 0.367793 
-4.580000 	 0.121317 
-4.560000 	 0.346215 
-4.540000 	 0.627452 
-4.520000 	 0.408775 
-4.500000 	 0.492481 
-4.480000 	 0.562501 
-4.460000 	 0.301808 
-4.440000 	 0.403440 
-4.420000 	 0.469627 
-4.400000 	 0.606239 
-4.380000 	 0.372744 
-4.360000 	 0.461999 
-4.340000 	 0.336759 
-4.320000 	 0.508394 
-4.300000 	 0.468840 
-4.280000 	 0.302569 
-4.260000 	 0.699328 
-4.240000 	 0.418028 
-4.220000 	 0.573650 
-4.200000 	 0.272121 
-4.180000 	 0.669712 
-4.160000 	 0.752758 
-4.140000 	 0.405708 
-4.120000 	 0.317726 
-4.100000 	 0.433256 
-4.080000 	 0.426358 
-4.060000 	 0.437482 
-4.040000 	 0.600446 
-4.020000 	 0.532625 
-4.000000 	 0.668612 
-3.980000 	 0.419103 
-3.960000 	 0.517073 
-3.940000 	 0.576950 
-3.920000 	 0.593339 
-3.900000 	 0.396536 
-3.880000 	 0.294041 
-3.860000 	 0.475565 
-3.840000 	 0.598475 
-3.820000 	 0.176956 
-3.800000 	 0.805902 
-3.780000 	 0.476839 
-3.760000 	 0.477280 
-3.740000 	 0.417871 
-3.720000 	 0.389828 
-3.700000 	 0.532162 
-3.680000 	 0.823106 
-3.660000 	 0.285840 
-3.640000 	 0.405450 
-3.620000 	 0.633380 
-3.600000 	 0.712824 
-3.580000 	 0.483943 
-3.560000 	 0.474275 
-3.540000 	 0.641280 
-3.520000 	 0.621804 
-3.500000 	 0.722702 
-3.480000 	 0.437059 
-3.460000 	 0.478750 
-3.440000 	 0.588411 
-3.420000 	 0.465315 
-3.400000 	 0.286264 
-3.380000 	 0.595621 
-3.360000 	 0.240522 
-3.340000 	 0.480879 
-3.320000 	 0.420512 
-3.300000 	 0.453714 
-3.280000 	 0.428170 
-3.260000 	 0.184045 
-3.240000 	 0.793349 
-3.220000 	 -0.014526 
-3.200000 	 0.461128 
-3.180000 	 0.372563 
-3.160000 	 0.648784 
-3.140000 	 0.553174 
-3.120000 	 0.119960 
-3.100000 	 0.216420 
-3.080000 	 0.430801 
-3.060000 	 0.375492 
-3.040000 	 0.498106 
-3.020000 	 0.453436 
-3.000000 	 0.379271 
-2.980000 	 0.578265 
-2.960000 	 0.451078 
-2.940000 	 0.312015 
-2.920000 	 -0.001418 
-2.900000 	 0.418296 
-2.880000 	 0.380611 
-2.860000 	 0.320078 
-2.840000 	 0.442705 
-2.820000 	 0.397146 
-2.800000 	 0.394899 
-2.780000 	 0.558833 
-2.760000 	 0.161753 
-2.740000 	 0.477442 
-2.720000 	 0.269981 
-2.700000 	 0.381001 
-2.680000 	 0.277819 
-2.660000 	 0.322386 
-2.640000 	 0.135228 
-2.620000 	 0.479179 
-2.600000 	 0.299097 
-2.580000 	 0.321201 
-2.560000 	 0.306761 
-2.540000 	 0.295079 
-2.520000 	 0.375034 
-2.500000 	 0.380973 
-2.480000 	 0.421720 
-2.460000 	 0.389432 
-2.440000 	 0.460482 
-2.420000 	 0.536557 
-2.400000 	 0.527858 
-2.380000 	 0.269794 
-2.360000 	 0.470042 
-2.340000 	 0.148509 
-2.320000 	 0.324271 
-2.300000 	 0.318712 
-2.280000 	 0.187832 
-2.260000 	 0.151957 
-2.240000 	 0.366106 
-2.220000 	 0.200390 
-2.200000 	 0.182759 
-2.180000 	 0.351969 
-2.160000 	 0.337931 
-2.140000 	 0.059328 
-2.120000 	 0.390334 
-2.100000 	 0.236946 
-2.080000 	 -0.076872 
-2.060000 	 0.172208 
-2.040000 	 0.290054 
-2.020000 	 0.150772 
-2.000000 	 0.286642 
-1.980000 	 0.067766 
-1.960000 	 0.163824 
-1.940000 	 0.088490 
-1.920000 	 0.141273 
-1.900000 	 0.048847 
-1.880000 	 0.202129 
-1.860000 	 0.182864 
-1.840000 	 0.259179 
-1.820000 	 0.192158 
-1.800000 	 0.059760 
-1.780000 	 0.463057 
-1.760000 	 0.201730 
-1.740000 	 0.167946 
-1.720000 	 0.086578 
-1.700000 	 -0.020587 
-1.680000 	 0.027011 
-1.660000 	 0.070490 
-1.640000 	 0.190740 
-1.620000 	 -0.145702 
-1.600000 	 0.018838 
-1.580000 	 0.484834 
-1.560000 	 0.278017 
-1.540000 	 0.072969 
-1.520000 	 0.000567 
-1.500000 	 -0.045001 
-1.480000 	 -0.133202 
-1.460000 	 0.363380 
-1.440000 	 0.145093 
-1.420000 	 0.332849 
-1.400000 	 0.096299 
-1.380000 	 0.036941 
-1.360000 	 0.173964 
-1.340000 	 0.067858 
-1.320000 	 0.109646 
-1.300000 	 0.014853 
-1.280000 	 0.055816 
-1.260000 	 0.045872 
-1.240000 	 0.147111 
-1.220000 	 0.481597 
-1.200000 	 0.035187 
-1.180000 	 -0.212594 
-1.160000 	 0.420617 
-1.140000 	 0.034750 
-1.120000 	 -0.035652 
-1.100000 	 0.185037 
-1.080000 	 0.372766 
-1.060000 	 -0.018409 
-1.040000 	 0.144669 
-1.020000 	 -0.063565 
-1.000000 	 0.101151 
-0.980000 	 0.602798 
-0.960000 	 0.057660 
-0.940000 	 0.396184 
-0.920000 	 -0.052131 
-0.900000 	 0.132721 
-0.880000 	 0.019783 
-0.860000 	 -0.031904 
-0.840000 	 -0.048243 
-0.820000 	 0.176666 
-0.800000 	 0.153288 
-0.780000 	 0.178887 
-0.760000 	 0.128817 
-0.740000 	 0.045534 
-0.720000 	 0.065013 
-0.700000 	 0.081639 
-0.680000 	 0.223152 
-0.660000 	 0.067164 
-0.640000 	 0.084439 
-0.620000 	 0.201053 
-0.600000 	 0.063481 
-0.580000 	 0.178920 
-0.560000 	 0.035988 
-0.540000 	 0.110325 
-0.520000 	 0.283818 
-0.500000 	 0.122205 
-0.480000 	 0.275202 
-0.460000 	 0.339947 
-0.440000 	 0.169990 
-0.420000 	 0.321525 
-0.400000 	 0.073709 
-0.380000 	 0.055668 
-0.360000 	 0.279115 
-0.340000 	 0.300341 
-0.320000 	 0.018669 
-0.300000 	 0.126615 
-0.280000 	 0.185047 
-0.260000 	 0.270381 
-0.240000 	 0.184205 
-0.220000 	 0.109925 
-0.200000 	 0.127764 
-0.180000 	 0.015690 
-0.160000 	 0.227178 
-0.140000 	 0.155467 
-0.120000 	 -0.214910 
-0.100000 	 -0.097525 
-0.080000 	 0.161062 
-0.060000 	 0.165722 
-0.040000 	 0.298522 
-0.020000 	 0.223142 
0.000000 	 -0.055290 
0.020000 	 0.153557 
0.040000 	 0.054074 
0.060000 	 0.311068 
0.080000 	 0.199836 
0.100000 	 0.575005 
0.120000 	 0.519068 
0.140000 	 0.564723 
0.160000 	 0.373578 
0.180000 	 -0.003279 
0.200000 	 0.305005 
0.220000 	 0.313633 
0.240000 	 0.092013 
0.260000 	 -0.045444 
0.280000 	 0.426380 
0.300000 	 0.339386 
0.320000 	 0.171672 
0.340000 	 0.274131 
0.360000 	 0.546345 
0.380000 	 0.484414 
0.400000 	 0.142060 
0.420000 	 0.421777 
0.440000 	 0.293234 
0.460000 	 0.414425 
0.480000 	 0.463496 
0.500000 	 0.399193 
0.520000 	 0.360341 
0.540000 	 0.407195 
0.560000 	 0.239449 
0.580000 	 0.485388 
0.600000 	 0.457845 
0.620000 	 0.218428 
0.640000 	 0.260951 
0.660000 	 0.262417 
0.680000 	 0.103447 
0.700000 	 0.168994 
0.720000 	 -0.500000 
0.740000 	 0.376411 
0.760000 	 0.346707 
0.780000 	 0.568587 
0.800000 	 0.426841 
0.820000 	 0.531894 
0.840000 	 0.668201 
0.860000 	 0.688772 
0.880000 	 0.237984 
0.900000 	 0.489087 
0.920000 	 0.466862 
0.940000 	 0.740524 
0.960000 	 0.434555 
0.980000 	 0.559318 
1.000000 	 0.700802 
1.020000 	 0.545885 
1.040000 	 0.527797 
1.060000 	 0.606857 
1.080000 	 0.377043 
1.100000 	 0.456577 
1.120000 	 1.078935 
1.140000 	 0.613381 
1.160000 	 0.497481 
1.180000 	 0.402868 
1.200000 	 0.840523 
1.220000 	 0.862167 
1.240000 	 0.576581 
1.260000 	 0.648779 
1.280000 	 0.645422 
1.300000 	 0.490208 
1.320000 	 0.722898 
1.340000 	 0.708666 
1.360000 	 0.780996 
1.380000 	 0.576396 
1.400000 	 0.779026 
1.420000 	 0.835934 
1.440000 	 1.058451 
1.460000 	 0.754470 
1.480000 	 0.685464 
1.500000 	 0.479531 
1.520000 	 0.666637 
1.540000 	 1.051951 
1.560000 	 0.551150 
1.580000 	 0.602357 
1.600000 	 0.472573 
1.620000 	 0.736888 
1.640000 	 0.801780 
1.660000 	 0.642594 
1.680000 	 1.067236 
1.700000 	 0.576553 
1.720000 	 1.179661 
1.740000 	 0.934824 
1.760000 	 0.668181 
1.780000 	 0.765167 
1.800000 	 0.826053 
1.820000 	 1.108761 
1.840000 	 1.121125 
1.860000 	 0.825870 
1.880000 	 0.785543 
1.900000 	 0.791278 
1.920000 	 1.069411 
1.940000 	 1.088245 
1.960000 	 0.784904 
1.980000 	 1.119357 
2.000000 	 1.112447 
2.020000 	 1.080400 
2.040000 	 1.119154 
2.060000 	 0.830089 
2.080000 	 1.135105 
2.100000 	 1.183438 
2.120000 	 0.888183 
2.140000 	 1.103626 
2.160000 	 0.943987 
2.180000 	 1.244617 
2.200000 	 1.037965 
2.220000 	 1.113560 
2.240000 	 1.210909 
2.260000 	 1.257025 
2.280000 	 1.200898 
2.300000 	 1.029834 
2.320000 	 0.668926 
2.340000 	 1.146539 
2.360000 	 0.878970 
2.380000 	 1.066881 
2.400000 	 1.321024 
2.420000 	 1.260789 
2.440000 	 1.302110 
2.460000 	 0.959623 
2.480000 	 0.927727 
2.500000 	 1.060593 
2.520000 	 1.315491 
2.540000 	 1.222371 
2.560000 	 1.314950 
2.580000 	 1.071184 
2.600000 	 1.043708 
2.620000 	 1.227207 
2.640000 	 1.182639 
2.660000 	 1.043326 
2.680000 	 1.414471 
2.700000 	 1.602067 
2.720000 	 1.396788 
2.740000 	 1.364890 
2.760000 	 1.160441 
2.780000 	 1.067692 
2.800000 	 1.385121 
2.820000 	 1.322122 
2.840000 	 1.436298 
2.860000 	 1.471461 
2.880000 	 1.358663 
2.900000 	 1.355752 
2.920000 	 1.410113 
2.940000 	 1.388088 
2.960000 	 1.254999 
2.980000 	 1.234318 
3.000000 	 1.492943 
3.020000 	 1.444279 
3.040000 	 1.647650 
3.060000 	 1.658951 
3.080000 	 1.375602 
3.100000 	 1.507200 
3.120000 	 1.270366 
3.140000 	 1.719895 
3.160000 	 1.450487 
3.180000 	 1.823229 
3.200000 	 1.442944 
3.220000 	 1.472245 
3.240000 	 1.317885 
3.260000 	 1.684656 
3.280000 	 1.558072 
3.300000 	 1.840744 
3.320000 	 1.519752 
3.340000 	 1.757439 
3.360000 	 1.693414 
3.380000 	 1.718654 
3.400000 	 1.310348 
3.420000 	 1.546282 
3.440000 	 1.457158 
3.460000 	 1.574828 
3.480000 	 1.347901 
3.500000 	 1.720262 
3.520000 	 1.567412 
3.540000 	 1.564207 
3.560000 	 1.593964 
3.580000 	 1.803885 
3.600000 	 1.341887 
3.620000 	 1.685529 
3.640000 	 1.075052 
3.660000 	 1.453023 
3.680000 	 1.651946 
3.700000 	 1.452964 
3.720000 	 1.554277 
3.740000 	 1.640038 
3.760000 	 1.438798 
3.780000 	 1.513725 
3.800000 	 1.607145 
3.820000 	 1.745376 
3.840000 	 1.457611 
3.860000 	 1.442775 
3.880000 	 1.437321 
3.900000 	 1.684879 
3.920000 	 1.508639 
3.940000 	 1.635049 
3.960000 	 1.794292 
3.980000 	 1.644337 
4.000000 	 1.759306 
4.020000 	 1.725244 
4.040000 	 1.625209 
4.060000 	 1.455326 
4.080000 	 1.371063 
4.100000 	 1.556222 
4.120000 	 1.772114 
4.140000 	 1.370305 
4.160000 	 1.599131 
4.180000 	 1.547957 
4.200000 	 1.145583 
4.220000 	 1.500616 
4.240000 	 1.674862 
4.260000 	 1.718205 
4.280000 	 1.533780 
4.300000 	 1.840869 
4.320000 	 1.552297 
4.340000 	 1.766742 
4.360000 	 1.700562 
4.380000 	 1.647907 
4.400000 	 1.823240 
4.420000 	 1.416684 
4.440000 	 1.723179 
4.460000 	 1.757047 
4.480000 	 1.514150 
4.500000 	 1.320915 
4.520000 	 1.362644 
4.540000 	 1.657913 
4.560000 	 1.522035 
4.580000 	 1.644260 
4.600000 	 1.461519 
4.620000 	 1.531927 
4.640000 	 1.561655 
4.660000 	 1.373790 
4.680000 	 1.466181 
4.700000 	 1.603442 
4.720000 	 1.402122 
4.740000 	 1.394353 
4.760000 	 1.575317 
4.780000 	 1.322148 
4.800000 	 1.464496 
4.820000 	 1.446512 
4.840000 	 1.251851 
4.860000 	 1.525855 
4.880000 	 1.601886 
4.900000 	 1.570867 
4.920000 	 1.375137 
4.940000 	 1.783306 
4.960000 	 1.245203 
4.980000 	 1.423697 
5.000000 	 1.274007 
5.020000 	 1.336462 
5.040000 	 1.088660 
5.060000 	 1.460835 
5.080000 	 1.447009 
5.100000 	 1.260575 
5.120000 	 1.087305 
5.140000 	 1.316344 
5.160000 	 1.596355 
5.180000 	 1.432688 
5.200000 	 1.296883 
5.220000 	 1.280722 
5.240000 	 1.299129 
5.260000 	 1.558861 
5.280000 	 1.241776 
5.300000 	 1.317790 
5.320000 	 1.146058 
5.340000 	 1.066766 
5.360000 	 1.607888 
5.380000 	 1.385177 
5.400000 	 1.194890 
5.420000 	 1.344927 
5.440000 	 0.877856 
5.460000 	 1.269616 
5.480000 	 0.976446 
5.500000 	 1.266315 
5.520000 	 1.218884 
5.540000 	 1.304415 
5.560000 	 1.250267 
5.580000 	 1.126953 
5.600000 	 1.100393 
5.620000 	 1.132151 
5.640000 	 1.369891 
5.660000 	 0.996309 
5.680000 	 0.974077 
5.700000 	 1.002463 
5.720000 	 1.070672 
5.740000 	 1.165347 
5.760000 	 0.956457 
5.780000 	 1.062288 
5.800000 	 1.166309 
5.820000 	 1.122100 
5.840000 	 1.174665 
5.860000 	 1.096635 
5.880000 	 1.080722 
5.900000 	 1.035453 
5.920000 	 1.016468 
5.940000 	 0.996530 
5.960000 	 0.875722 
5.980000 	 0.733061 
6.000000 	 0.913072 
6.020000 	 0.998033 
6.040000 	 1.083508 
6.060000 	 0.760726 
6.080000 	 1.144876 
6.100000 	 0.909502 
6.120000 	 1.257019 
6.140000 	 0.842378 
6.160000 	 1.041127 
6.180000 	 0.802387 
6.200000 	 1.035071 
6.220000 	 1.135939 
6.240000 	 0.765203 
6.260000 	 0.736729 
6.280000 	 0.784311 
6.300000 	 0.643181 
6.320000 	 0.592615 
6.340000 	 0.924761 
6.360000 	 0.752233 
6.380000 	 0.672099 
6.400000 	 0.475879 
6.420000 	 0.626881 
6.440000 	 0.813815 
6.460000 	 0.750571 
6.480000 	 0.655387 
6.500000 	 0.797095 
6.520000 	 0.657211 
6.540000 	 0.776543 
6.560000 	 0.772587 
6.580000 	 1.030915 
6.600000 	 0.707048 
6.620000 	 0.579515 
6.640000 	 0.494268 
6.660000 	 0.973560 
6.680000 	 0.552651 
6.700000 	 0.604810 
6.720000 	 0.716805 
6.740000 	 0.809421 
6.760000 	 0.726290 
6.780000 	 0.670685 
6.800000 	 0.699815 
6.820000 	 0.558009 
6.840000 	 0.663328 
6.860000 	 0.531802 
6.880000 	 0.765212 
6.900000 	 0.696501 
6.920000 	 0.446945 
6.940000 	 0.635579 
6.960000 	 0.517985 
6.980000 	 0.645574 
7.000000 	 0.665281 
7.020000 	 0.411891 
7.040000 	 0.546541 
7.060000 	 0.454437 
7.080000 	 0.698217 
7.100000 	 0.404201 
7.120000 	 0.502972 
7.140000 	 0.571556 
7.160000 	 0.709251 
7.180000 	 0.337821 
7.200000 	 0.367723 
7.220000 	 0.372141 
7.240000 	 0.535487 
7.260000 	 0.416111 
7.280000 	 0.440113 
7.300000 	 0.526270 
7.320000 	 0.164044 
7.340000 	 0.153594 
7.360000 	 0.171514 
7.380000 	 0.275605 
7.400000 	 0.231637 
7.420000 	 0.477543 
7.440000 	 0.359596 
7.460000 	 0.218745 
7.480000 	 0.332277 
7.500000 	 0.087454 
7.520000 	 0.307986 
7.540000 	 0.565970 
7.560000 	 0.393420 
7.580000 	 0.162452 
7.600000 	 0.241964 
7.620000 	 0.393831 
7.640000 	 0.077732 
7.660000 	 0.224246 
7.680000 	 0.317640 
7.700000 	 0.255878 
7.720000 	 0.248472 
7.740000 	 0.286777 
7.760000 	 0.286668 
7.780000 	 0.528403 
7.800000 	 0.277755 
7.820000 	 0.262223 
7.840000 	 0.237567 
7.860000 	 0.358111 
7.880000 	 0.067517 
7.900000 	 0.154331 
7.920000 	 0.313764 
7.940000 	 0.441874 
7.960000 	 0.345430 
7.980000 	 0.212294 
8.000000 	 0.245481 
8.020000 	 0.113412 
8.040000 	 0.120023 
8.060000 	 0.274403 
8.080000 	 0.027094 
8.100000 	 0.350056 
8.120000 	 0.220745 
8.140000 	 0.223066 
8.160000 	 0.647700 
8.180000 	 0.510678 
8.200000 	 0.236799 
8.220000 	 0.456678 
8.240000 	 0.207666 
8.260000 	 0.128845 
8.280000 	 0.109718 
8.300000 	 -0.004163 
8.320000 	 0.182595 
8.340000 	 -0.106595 
8.360000 	 0.103178 
8.380000 	 0.109541 
8.400000 	 0.124358 
8.420000 	 0.219892 
8.440000 	 -0.007206 
8.460000 	 -0.130858 
8.480000 	 0.285529 
8.500000 	 0.031306 
8.520000 	 0.233295 
8.540000 	 0.287097 
8.560000 	 -0.283143 
8.580000 	 0.147596 
8.600000 	 0.121570 
8.620000 	 0.065649 
8.640000 	 -0.124471 
8.660000 	 0.119881 
8.680000 	 0.167350 
8.700000 	 0.095667 
8.720000 	 0.172589 
8.740000 	 0.080256 
8.760000 	 -0.131224 
8.780000 	 0.001680 
8.800000 	 0.164803 
8.820000 	 0.196670 
8.840000 	 0.016747 
8.860000 	 -0.009468 
8.880000 	 0.545337 
8.900000 	 0.164280 
8.920000 	 0.120601 
8.940000 	 -0.104910 
8.960000 	 0.198604 
8.980000 	 0.248359 
9.000000 	 0.131273 
9.020000 	 -0.053383 
9.040000 	 -0.120549 
9.060000 	 0.199558 
9.080000 	 0.116534 
9.100000 	 -0.127344 
9.120000 	 -0.046952 
9.140000 	 -0.038019 
9.160000 	 -0.027050 
9.180000 	 -0.124082 
9.200000 	 0.091806 
9.220000 	 0.149112 
9.240000 	 -0.051229 
9.260000 	 -0.028624 
9.280000 	 0.122890 
9.300000 	 0.052711 
9.320000 	 0.126607 
9.340000 	 0.209618 
9.360000 	 -0.024757 
9.380000 	 0.051870 
9.400000 	 0.041258 
9.420000 	 0.328762 
9.440000 	 0.221117 
9.460000 	 0.274526 
9.480000 	 0.036255 
9.500000 	 0.149107 
9.520000 	 0.122932 
9.540000 	 0.094250 
9.560000 	 0.181010 
9.580000 	 0.194524 
9.600000 	 0.130914 
9.620000 	 0.045413 
9.640000 	 0.080851 
9.660000 	 -0.153721 
9.680000 	 0.255333 
9.700000 	 -0.112472 
9.720000 	 -0.019011 
9.740000 	 -0.002273 
9.760000 	 0.014268 
9.780000 	 0.095669 
9.800000 	 0.373127 
9.820000 	 0.177243 
9.840000 	 -0.027251 
9.860000 	 0.085210 
9.880000 	 -0.011983 
9.900000 	 0.179690 
9.920000 	 -0.090588 
9.940000 	 0.190520 
9.960000 	 0.182975 
9.980000 	 -0.088936 
10.000000 	 -0.111649 
10.020000 	 -0.129800 
10.040000 	 -0.039895 
10.060000 	 0.078105 
10.080000 	 0.065898 
10.100000 	 -0.043984 
10.120000 	 0.002412 
10.140000 	 0.256105 
10.160000 	 -0.110129 
10.180000 	 -0.076463 
10.200000 	 0.072268 
10.220000 	 0.098269 
10.240000 	 0.043930 
10.260000 	 0.215649 
10.280000 	 -0.233934 
10.300000 	 0.106253 
10.320000 	 -0.014707 
10.340000 	 -0.030861 
10.360000 	 0.299469 
10.380000 	 -0.209461 
10.400000 	 0.173320 
10.420000 	 -0.094187 
10.440000 	 -0.007212 
10.460000 	 -0.097563 
10.480000 	 -0.059989 
10.500000 	 -0.263416 
10.520000 	 0.112126 
10.540000 	 -0.155182 
10.560000 	 0.061339 
10.580000 	 0.209197 
10.600000 	 -0.195737 
10.620000 	 0.047357 
10.640000 	 -0.139868 
10.660000 	 0.055367 
10.680000 	 -0.152891 
10.700000 	 -0.197774 
10.720000 	 -0.175868 
10.740000 	 0.106300 
10.760000 	 0.023643 
10.780000 	 -0.104079 
10.800000 	 0.106018 
10.820000 	 0.129414 
10.840000 	 -0.209120 
10.860000 	 -0.290264 
10.880000 	 -0.106327 
10.900000 	 0.105320 
10.920000 	 -0.175251 
10.940000 	 -0.020482 
10.960000 	 -0.138151 
10.980000 	 0.035925 
11.000000 	 0.154168 
11.020000 	 0.096041 
11.040000 	 0.392641 
11.060000 	 0.121195 
11.080000 	 -0.098291 
11.100000 	 0.112870 
11.120000 	 -0.083832 
11.140000 	 -0.249069 
11.160000 	 -0.102778 
11.180000 	 0.021783 
11.200000 	 -0.270781 
11.220000 	 0.219328 
11.240000 	 0.112922 
11.260000 	 -0.166246 
11.280000 	 0.205973 
11.300000 	 0.073174 
11.320000 	 0.224916 
11.340000 	 0.172384 
11.360000 	 0.233848 
11.380000 	 -0.001002 
11.400000 	 -0.023066 
11.420000 	 -0.083853 
11.440000 	 0.030423 
11.460000 	 -0.261372 
11.480000 	 -0.053441 
11.500000 	 0.024111 
11.520000 	 0.031177 
11.540000 	 0.163904 
11.560000 	 0.128965 
11.580000 	 -0.175535 
11.600000 	 -0.137045 
11.620000 	 -0.001236 
11.640000 	 0.013043 
11.660000 	 -0.056764 
11.680000 	 -0.027872 
11.700000 	 -0.078250 
11.720000 	 0.009719 
11.740000 	 0.008891 
11.760000 	 -0.096999 
11.780000 	 -0.040769 
11.800000 	 0.172850 
11.820000 	 -0.101497 
11.840000 	 0.061418 
11.860000 	 0.076549 
11.880000 	 -0.076710 
11.900000 	 0.296318 
11.920000 	 0.258385 
11.940000 	 -0.133636 
11.960000 	 -0.032085 
11.980000 	 -0.195693 
12.000000 	 -0.148791 
12.020000 	 -0.374644 
12.040000 	 0.096595 
12.060000 	 0.085951 
12.080000 	 -0.111666 
12.100000 	 -0.070887 
12.120000 	 -0.099693 
12.140000 	 -0.123194 
12.160000 	 0.015546 
12.180000 	 -0.145806 
12.200000 	 -0.049245 
12.220000 	 0.019067 
12.240000 	 -0.047004 
12.260000 	 0.700000 
12.280000 	 -0.171209 
12.300000 	 0.122744 
12.320000 	 0.149193 
12.340000 	 0.028834 
12.360000 	 0.089726 
12.380000 	 -0.134521 
12.400000 	 -0.084778 
12.420000 	 0.068581 
12.440000 	 0.065502 
12.460000 	 0.088236 
12.480000 	 0.162431 
12.500000 	 -0.064305 
12.520000 	 0.173442 
12.540000 	 0.014852 
12.560000 	 0.319566 
12.580000 	 -0.117292 
12.600000 	 0.150856 
12.620000 	 0.093053 
12.640000 	 -0.056654 
12.660000 	 -0.174110 
12.680000 	 -0.183971 
12.700000 	 0.243289 
12.720000 	 -0.121759 
12.740000 	 0.009318 
12.760000 	 -0.217891 
12.780000 	 -0.301554 
12.800000 	 -0.011720 
12.820000 	 0.046950 
12.840000 	 0.060238 
12.860000 	 -0.144000 
12.880000 	 -0.061913 
12.900000 	 0.059425 
12.920000 	 0.231969 
12.940000 	 -0.125151 
12.960000 	 -0.010206 
12.980000 	 0.168184 
13.000000 	 -0.186288 
13.020000 	 0.130138 
13.040000 	 0.085433 
13.060000 	 -0.168024 
13.080000 	 -0.096136 
13.100000 	 -0.215397 
13.120000 	 0.183191 
13.140000 	 -0.153555 
13.160000 	 -0.153040 
13.180000 	 -0.037156 
13.200000 	 0.259815 
13.220000 	 -0.348633 
13.240000 	 0.026130 
13.260000 	 -0.031133 
13.280000 	 0.022909 
13.300000 	 0.118886 
13.320000 	 -0.028187 
13.340000 	 0.164157 
13.360000 	 0.101520 
13.380000 	 -0.026442 
13.400000 	 0.221043 
13.420000 	 0.017078 
13.440000 	 0.107918 
13.460000 	 -0.215393 
13.480000 	 0.176514 
13.500000 	 -0.124241 
13.520000 	 0.125564 
13.540000 	 -0.083246 
13.560000 	 -0.170553 
13.580000 	 0.046792 
13.600000 	 0.048474 
13.620000 	 -0.008097 
13.640000 	 0.025319 
13.660000 	 -0.069908 
13.680000 	 -0.038807 
13.700000 	 -0.084521 
13.720000 	 -0.003080 
13.740000 	 0.040026 
13.760000 	 -0.082210 
13.780000 	 0.100000 
13.800000 	 -0.059536 
13.820000 	 0.288578 
13.840000 	 -0.286658 
13.860000 	 -0.063356 
13.880000 	 -0.004499 
13.900000 	 0.136904 
13.920000 	 -0.158222 
13.940000 	 -0.056870 
13.960000 	 0.056739 
13.980000 	 0.216016 
14.000000 	 -0.378186 
14.020000 	 0.051328 
14.040000 	 0.081362 
14.060000 	 -0.070781 
14.080000 	 0.053865 
14.100000 	 0.255476 
14.120000 	 0.038699 
14.140000 	 -0.011188 
14.160000 	 0.066891 
14.180000 	 -0.125282 
14.200000 	 -0.045628 
14.220000 	 -0.058745 
14.240000 	 -0.020987 
14.260000 	 0.139551 
14.280000 	 0.289035 
14.300000 	 0.003616 
14.320000 	 0.003326 
14.340000 	 0.177585 
14.360000 	 -0.105015 
14.380000 	 0.050755 
14.400000 	 -0.143764 
14.420000 	 0.037539 
14.440000 	 0.040104 
14.460000 	 0.132846 
14.480000 	 -0.214354 
14.500000 	 -0.146772 
14.520000 	 0.048891 
14.540000 	 -0.048069 
14.560000 	 0.058467 
14.580000 	 -0.001728 
14.600000 	 0.281747 
14.620000 	 -0.077305 
14.640000 	 -0.015794 
14.660000 	 -0.130902 
14.680000 	 0.059450 
14.700000 	 -0.111671 
14.720000 	 0.080047 
14.740000 	 -0.009990 
14.760000 	 -0.228785 
14.780000 	 0.176203 
14.800000 	 0.117834 
14.820000 	 -0.158006 
14.840000 	 0.261075 
14.860000 	 0.179503 
14.880000 	 0.029657 
14.900000 	 0.278977 
14.920000 	 -0.042103 
14.940000 	 0.025268 
14.960000 	 -0.026366 
14.980000 	 -0.140466 
15.000000 	 -0.056915 
