-15.000000 	 -0.102041 
-14.980000 	 0.089393 
-14.960000 	 0.097203 
-14.940000 	 0.251012 
-14.920000 	 -0.197158 
-14.900000 	 0.111195 
-14.880000 	 -0.059550 
-14.860000 	 -0.022203 
-14.840000 	 0.084683 
-14.820000 	 -0.086731 
-14.800000 	 -0.025166 
-14.780000 	 -0.029616 
-14.760000 	 0.189423 
-14.740000 	 0.150615 
-14.720000 	 0.011610 
-14.700000 	 -0.054296 
-14.680000 	 0.189168 
-14.660000 	 -0.075221 
-14.640000 	 -0.055549 
-14.620000 	 -0.134482 
-14.600000 	 0.351658 
-14.580000 	 0.116116 
-14.560000 	 -0.141227 
-14.540000 	 -0.026500 
-14.520000 	 0.038736 
-14.500000 	 -0.124941 
-14.480000 	 -0.060057 
-14.460000 	 -0.223330 
-14.440000 	 -0.005341 
-14.420000 	 -0.095795 
-14.400000 	 0.215230 
-14.380000 	 -0.437826 
-14.360000 	 0.207524 
-14.340000 	 0.133964 
-14.320000 	 -0.040846 
-14.300000 	 0.095794 
-14.280000 	 0.019204 
-14.260000 	 0.085807 
-14.240000 	 0.234490 
-14.220000 	 0.098718 
-14.200000 	 0.059794 
-14.180000 	 0.036011 
-14.160000 	 0.242742 
-14.140000 	 0.219569 
-14.120000 	 0.210617 
-14.100000 	 0.114472 
-14.080000 	 -0.062545 
-14.060000 	 0.088364 
-14.040000 	 0.214483 
-14.020000 	 0.024696 
-14.000000 	 0.184709 
-13.980000 	 0.247685 
-13.960000 	 0.306083 
-13.940000 	 -0.082059 
-13.920000 	 -0.036876 
-13.900000 	 0.230813 
-13.880000 	 -0.115241 
-13.860000 	 0.193587 
-13.840000 	 0.033583 
-13.820000 	 0.030695 
-13.800000 	 -0.043005 
-13.780000 	 -0.015354 
-13.760000 	 0.588948 
-13.740000 	 0.133550 
-13.720000 	 -0.090416 
-13.700000 	 -0.062149 
-13.680000 	 0.145005 
-13.660000 	 -0.114105 
-13.640000 	 -0.011739 
-13.620000 	 -0.056529 
-13.600000 	 -0.103910 
-13.580000 	 0.079080 
-13.560000 	 0.076100 
-13.540000 	 0.044153 
-13.520000 	 -0.010353 
-13.500000 	 -0.095368 
-13.480000 	 0.141233 
-13.460000 	 0.044323 
-13.440000 	 -0.112393 
-13.420000 	 0.162625 
-13.400000 	 0.066786 
-13.380000 	 -0.070953 
-13.360000 	 -0.170261 
-13.340000 	 0.006914 
-13.320000 	 -0.049028 
-13.300000 	 0.138988 
-13.280000 	 0.056602 
-13.260000 	 -0.023168 
-13.240000 	 0.008801 
-13.220000 	 -0.120039 
-13.200000 	 -0.274772 
-13.180000 	 -0.114416 
-13.160000 	 0.302673 
-13.140000 	 -0.086878 
-13.120000 	 -0.326348 
-13.100000 	 0.077270 
-13.080000 	 -0.174256 
-13.060000 	 0.119407 
-13.040000 	 0.103838 
-13.020000 	 0.206323 
-13.000000 	 0.245247 
-12.980000 	 0.067957 
-12.960000 	 0.036916 
-12.940000 	 -0.079283 
-12.920000 	 -0.023005 
-12.900000 	 -0.016627 
-12.880000 	 -0.146780 
-12.860000 	 -0.065373 
-12.840000 	 -0.138825 
-12.820000 	 -0.071765 
-12.800000 	 0.157636 
-12.780000 	 0.013400 
-12.760000 	 -0.053077 
-12.740000 	 -0.280369 
-12.720000 	 0.154437 
-12.700000 	 -0.009449 
-12.680000 	 -0.011731 
-12.660000 	 -0.016734 
-12.640000 	 0.128832 
-12.620000 	 0.079443 
-12.600000 	 0.036564 
-12.580000 	 -0.031884 
-12.560000 	 -0.273661 
-12.540000 	 0.132600 
-12.520000 	 -0.065860 
-12.500000 	 -0.047141 
-12.480000 	 0.105767 
-12.460000 	 0.065029 
-12.440000 	 -0.125601 
-12.420000 	 -0.150500 
-12.400000 	 0.070449 
-12.380000 	 0.194640 
-12.360000 	 0.299893 
-12.340000 	 0.155403 
-12.320000 	 -0.210695 
-12.300000 	 -0.249488 
-12.280000 	 0.161997 
-12.260000 	 -0.171059 
-12.240000 	 0.049770 
-12.220000 	 0.114979 
-12.200000 	 0.249416 
-12.180000 	 -0.389096 
-12.160000 	 -0.083474 
-12.140000 	 0.122697 
-12.120000 	 -0.212595 
-12.100000 	 0.183512 
-12.080000 	 0.248048 
-12.060000 	 0.082808 
-12.040000 	 -0.157411 
-12.020000 	 -0.136764 
-12.000000 	 0.204319 
-11.980000 	 0.188395 
-11.960000 	 0.206151 
-11.940000 	 0.023963 
-11.920000 	 -0.175339 
-11.900000 	 0.223752 
-11.880000 	 0.113875 
-11.860000 	 0.170443 
-11.840000 	 -0.298230 
-11.820000 	 0.101077 
-11.800000 	 -0.029340 
-11.780000 	 -0.288145 
-11.760000 	 0.183139 
-11.740000 	 0.006324 
-11.720000 	 0.139616 
-11.700000 	 0.146566 
-11.680000 	 0.058531 
-11.660000 	 -0.115359 
-11.640000 	 0.150587 
-11.620000 	 -0.216696 
-11.600000 	 0.034788 
-11.580000 	 -0.109001 
-11.560000 	 -0.172621 
-11.540000 	 0.120978 
-11.520000 	 0.379024 
-11.500000 	 -0.119219 
-11.480000 	 0.187117 
-11.460000 	 -0.102759 
-11.440000 	 -0.025879 
-11.420000 	 -0.013928 
-11.400000 	 0.032683 
-11.380000 	 -0.136685 
-11.360000 	 -0.120760 
-11.340000 	 -0.124480 
-11.320000 	 -0.096360 
-11.300000 	 -0.208979 
-11.280000 	 -0.133568 
-11.260000 	 0.060653 
-11.240000 	 0.012602 
-11.220000 	 -0.047982 
-11.200000 	 0.146245 
-11.180000 	 0.318736 
-11.160000 	 -0.050843 
-11.140000 	 -0.145392 
-11.120000 	 -0.113108 
-11.100000 	 -0.262386 
-11.080000 	 0.178690 
-11.060000 	 0.181482 
-11.040000 	 0.138729 
-11.020000 	 0.188422 
-11.000000 	 0.068131 
-10.980000 	 0.022490 
-10.960000 	 -0.037961 
-10.940000 	 0.073371 
-10.920000 	 -0.177821 
-10.900000 	 0.328283 
-10.880000 	 0.200142 
-10.860000 	 -0.009172 
-10.840000 	 -0.016010 
-10.820000 	 0.242954 
-10.800000 	 -0.105799 
-10.780000 	 0.029762 
-10.760000 	 0.146969 
-10.740000 	 -0.156558 
-10.720000 	 0.121308 
-10.700000 	 -0.079762 
-10.680000 	 -0.082417 
-10.660000 	 0.124198 
-10.640000 	 -0.146346 
-10.620000 	 0.254577 
-10.600000 	 0.296520 
-10.580000 	 -0.122790 
-10.560000 	 0.135783 
-10.540000 	 -0.112670 
-10.520000 	 -0.073827 
-10.500000 	 0.158474 
-10.480000 	 -0.076737 
-10.460000 	 -0.000991 
-10.440000 	 0.027319 
-10.420000 	 -0.048011 
-10.400000 	 0.064792 
-10.380000 	 0.191095 
-10.360000 	 -0.095532 
-10.340000 	 0.210276 
-10.320000 	 -0.037450 
-10.300000 	 -0.023650 
-10.280000 	 -0.230861 
-10.260000 	 0.147699 
-10.240000 	 -0.102596 
-10.220000 	 0.022300 
-10.200000 	 0.323978 
-10.180000 	 -0.108819 
-10.160000 	 -0.198319 
-10.140000 	 0.130656 
-10.120000 	 0.033129 
-10.100000 	 0.102171 
-10.080000 	 0.232866 
-10.060000 	 -0.130380 
-10.040000 	 -0.093037 
-10.020000 	 -0.178063 
-10.000000 	 -0.033691 
-9.980000 	 -0.014002 
-9.960000 	 -0.128602 
-9.940000 	 -0.124568 
-9.920000 	 -0.181481 
-9.900000 	 0.096790 
-9.880000 	 -0.034149 
-9.860000 	 0.225351 
-9.840000 	 0.161122 
-9.820000 	 0.074372 
-9.800000 	 0.179571 
-9.780000 	 0.404104 
-9.760000 	 -0.253480 
-9.740000 	 -0.158335 
-9.720000 	 0.054745 
-9.700000 	 -0.177266 
-9.680000 	 0.058870 
-9.660000 	 0.360713 
-9.640000 	 -0.143198 
-9.620000 	 -0.099793 
-9.600000 	 -0.043329 
-9.580000 	 0.062601 
-9.560000 	 0.103884 
-9.540000 	 0.085081 
-9.520000 	 0.282975 
-9.500000 	 0.021711 
-9.480000 	 0.146276 
-9.460000 	 0.003419 
-9.440000 	 0.224545 
-9.420000 	 0.039794 
-9.400000 	 -0.054588 
-9.380000 	 -0.084693 
-9.360000 	 0.242473 
-9.340000 	 0.104065 
-9.320000 	 0.023873 
-9.300000 	 -0.258216 
-9.280000 	 -0.128877 
-9.260000 	 0.080484 
-9.240000 	 0.114717 
-9.220000 	 0.016636 
-9.200000 	 0.080330 
-9.180000 	 -0.296328 
-9.160000 	 0.044538 
-9.140000 	 -0.166222 
-9.120000 	 0.061604 
-9.100000 	 0.800000 
-9.080000 	 -0.082296 
-9.060000 	 0.012576 
-9.040000 	 -0.194291 
-9.020000 	 -0.089297 
-9.000000 	 -0.201750 
-8.980000 	 0.248637 
-8.960000 	 -0.213193 
-8.940000 	 0.099961 
-8.920000 	 0.243082 
-8.900000 	 0.134464 
-8.880000 	 0.271590 
-8.860000 	 -0.205913 
-8.840000 	 0.225571 
-8.820000 	 -0.118578 
-8.800000 	 -0.026166 
-8.780000 	 0.088304 
-8.760000 	 -0.221714 
-8.740000 	 0.125714 
-8.720000 	 0.059556 
-8.700000 	 0.216314 
-8.680000 	 -0.293595 
-8.660000 	 0.010572 
-8.640000 	 0.195974 
-8.620000 	 -0.098627 
-8.600000 	 0.161700 
-8.580000 	 -0.050213 
-8.560000 	 0.099358 
-8.540000 	 -0.017584 
-8.520000 	 -0.085006 
-8.500000 	 -0.091946 
-8.480000 	 -0.071824 
-8.460000 	 0.175200 
-8.440000 	 -0.176460 
-8.420000 	 0.044655 
-8.400000 	 0.162256 
-8.380000 	 -0.025275 
-8.360000 	 0.074843 
-8.340000 	 0.058826 
-8.320000 	 0.096095 
-8.300000 	 -0.210887 
-8.280000 	 -0.114945 
-8.260000 	 0.005874 
-8.240000 	 0.249433 
-8.220000 	 -0.168514 
-8.200000 	 0.047261 
-8.180000 	 -0.155911 
-8.160000 	 0.091313 
-8.140000 	 0.098804 
-8.120000 	 -0.107428 
-8.100000 	 0.044617 
-8.080000 	 0.225874 
-8.060000 	 0.257943 
-8.040000 	 -0.154608 
-8.020000 	 -0.107520 
-8.000000 	 -0.018954 
-7.980000 	 0.026822 
-7.960000 	 0.283746 
-7.940000 	 -0.085615 
-7.920000 	 -0.012135 
-7.900000 	 0.058704 
-7.880000 	 0.150708 
-7.860000 	 -0.162963 
-7.840000 	 -0.081241 
-7.820000 	 0.178646 
-7.800000 	 0.036432 
-7.780000 	 0.240579 
-7.760000 	 -0.011626 
-7.740000 	 -0.028579 
-7.720000 	 0.114818 
-7.700000 	 0.046800 
-7.680000 	 0.000981 
-7.660000 	 0.069680 
-7.640000 	 -0.132208 
-7.620000 	 0.014933 
-7.600000 	 0.102317 
-7.580000 	 -0.128881 
-7.560000 	 0.007065 
-7.540000 	 -0.246853 
-7.520000 	 -0.090651 
-7.500000 	 0.417691 
-7.480000 	 -0.012346 
-7.460000 	 0.089815 
-7.440000 	 0.052382 
-7.420000 	 0.308254 
-7.400000 	 -0.119804 
-7.380000 	 0.154975 
-7.360000 	 -0.071690 
-7.340000 	 0.029969 
-7.320000 	 -0.157944 
-7.300000 	 -0.009149 
-7.280000 	 0.045629 
-7.260000 	 0.128526 
-7.240000 	 -0.067815 
-7.220000 	 -0.130826 
-7.200000 	 0.113632 
-7.180000 	 0.367858 
-7.160000 	 0.075613 
-7.140000 	 -0.148362 
-7.120000 	 0.099478 
-7.100000 	 0.200746 
-7.080000 	 0.118002 
-7.060000 	 0.224077 
-7.040000 	 0.057657 
-7.020000 	 0.208248 
-7.000000 	 0.324250 
-6.980000 	 -0.110202 
-6.960000 	 0.123263 
-6.940000 	 -0.013532 
-6.920000 	 0.261863 
-6.900000 	 0.347329 
-6.880000 	 0.099531 
-6.860000 	 -0.082178 
-6.840000 	 -0.042081 
-6.820000 	 0.093100 
-6.800000 	 0.006976 
-6.780000 	 0.386275 
-6.760000 	 0.133365 
-6.740000 	 0.370679 
-6.720000 	 -0.143981 
-6.700000 	 0.319846 
-6.680000 	 0.143842 
-6.660000 	 -0.052764 
-6.640000 	 0.333229 
-6.620000 	 0.170614 
-6.600000 	 0.138818 
-6.580000 	 0.030081 
-6.560000 	 0.178761 
-6.540000 	 0.154450 
-6.520000 	 0.096369 
-6.500000 	 0.233361 
-6.480000 	 0.272681 
-6.460000 	 -0.022611 
-6.440000 	 0.183563 
-6.420000 	 -0.037492 
-6.400000 	 0.004931 
-6.380000 	 0.183203 
-6.360000 	 0.069318 
-6.340000 	 0.247527 
-6.320000 	 0.236624 
-6.300000 	 0.430928 
-6.280000 	 -0.031574 
-6.260000 	 0.041901 
-6.240000 	 0.048603 
-6.220000 	 0.362902 
-6.200000 	 0.192266 
-6.180000 	 0.025381 
-6.160000 	 0.355457 
-6.140000 	 0.229918 
-6.120000 	 -0.027718 
-6.100000 	 0.169936 
-6.080000 	 0.342391 
-6.060000 	 0.348116 
-6.040000 	 0.270432 
-6.020000 	 0.475170 
-6.000000 	 0.325713 
-5.980000 	 0.209479 
-5.960000 	 0.185275 
-5.940000 	 0.160936 
-5.920000 	 0.159209 
-5.900000 	 0.240218 
-5.880000 	 0.394174 
-5.860000 	 0.200411 
-5.840000 	 0.011688 
-5.820000 	 0.115980 
-5.800000 	 0.149803 
-5.780000 	 0.097439 
-5.760000 	 0.620768 
-5.740000 	 0.523485 
-5.720000 	 0.548529 
-5.700000 	 0.434955 
-5.680000 	 0.282447 
-5.660000 	 0.118175 
-5.640000 	 0.353229 
-5.620000 	 0.391679 
-5.600000 	 0.383033 
-5.580000 	 0.244609 
-5.560000 	 0.232138 
-5.540000 	 0.267745 
-5.520000 	 0.190127 
-5.500000 	 0.292988 
-5.480000 	 0.236477 
-5.460000 	 0.381141 
-5.440000 	 0.169563 
-5.420000 	 0.266930 
-5.400000 	 0.374773 
-5.380000 	 0.375056 
-5.360000 	 0.271755 
-5.340000 	 0.493519 
-5.320000 	 0.406787 
-5.300000 	 0.088540 
-5.280000 	 0.160817 
-5.260000 	 0.460920 
-5.240000 	 0.604111 
-5.220000 	 0.347995 
-5.200000 	 0.389978 
-5.180000 	 0.337778 
-5.160000 	 0.333486 
-5.140000 	 0.360181 
-5.120000 	 0.571511 
-5.100000 	 0.530090 
-5.080000 	 0.352891 
-5.060000 	 0.419528 
-5.040000 	 0.397588 
-5.020000 	 0.295863 
-5.000000 	 0.380343 
-4.980000 	 0.464130 
-4.960000 	 0.582132 
-4.940000 	 0.305583 
-4.920000 	 0.487699 
-4.900000 	 0.223673 
-4.880000 	 0.421699 
-4.860000 	 0.409336 
-4.840000 	 0.615885 
-4.820000 	 0.354663 
-4.800000 	 0.433746 
-4.780000 	 0.502340 
-4.760000 	 0.508025 
-4.740000 	 0.341991 
-4.720000 	 0.289452 
-4.700000 	 0.617178 
-4.680000 	 0.622011 
-4.660000 	 0.525172 
-4.640000 	 0.541786 
-4.620000 	 0.490056 
-4.600000 	 0.542175 
-4.580000 	 0.280810 
-4.560000 	 0.547050 
-4.540000 	 0.393371 
-4.520000 	 0.335267 
-4.500000 	 0.735184 
-4.480000 	 0.721649 
-4.460000 	 0.759459 
-4.440000 	 0.546654 
-4.420000 	 0.581161 
-4.400000 	 0.651561 
-4.380000 	 0.546378 
-4.360000 	 0.589680 
-4.340000 	 0.339813 
-4.320000 	 0.510380 
-4.300000 	 0.393937 
-4.280000 	 0.341984 
-4.260000 	 0.401358 
-4.240000 	 0.556884 
-4.220000 	 0.716030 
-4.200000 	 0.599383 
-4.180000 	 0.755063 
-4.160000 	 0.481244 
-4.140000 	 0.375822 
-4.120000 	 0.652412 
-4.100000 	 0.194432 
-4.080000 	 0.482399 
-4.060000 	 0.543100 
-4.040000 	 0.820069 
-4.020000 	 0.286387 
-4.000000 	 0.923567 
-3.980000 	 0.380454 
-3.960000 	 0.534290 
-3.940000 	 0.684097 
-3.920000 	 0.414458 
-3.900000 	 0.498232 
-3.880000 	 0.393299 
-3.860000 	 0.412481 
-3.840000 	 0.566079 
-3.820000 	 0.547552 
-3.800000 	 0.514108 
-3.780000 	 0.715804 
-3.760000 	 0.552338 
-3.740000 	 0.339427 
-3.720000 	 0.384589 
-3.700000 	 0.517377 
-3.680000 	 0.504514 
-3.660000 	 0.438855 
-3.640000 	 0.531789 
-3.620000 	 0.342103 
-3.600000 	 0.636170 
-3.580000 	 0.588882 
-3.560000 	 0.401455 
-3.540000 	 0.627092 
-3.520000 	 0.184584 
-3.500000 	 0.454874 
-3.480000 	 0.692914 
-3.460000 	 0.470665 
-3.440000 	 0.369656 
-3.420000 	 0.443169 
-3.400000 	 0.697667 
-3.380000 	 0.623823 
-3.360000 	 0.409193 
-3.340000 	 0.489615 
-3.320000 	 0.292491 
-3.300000 	 0.430600 
-3.280000 	 0.641418 
-3.260000 	 0.412695 
-3.240000 	 0.133597 
-3.220000 	 0.409456 
-3.200000 	 0.456928 
-3.180000 	 0.372784 
-3.160000 	 0.472719 
-3.140000 	 0.369015 
-3.120000 	 0.567371 
-3.100000 	 0.269625 
-3.080000 	 0.682687 
-3.060000 	 0.557536 
-3.040000 	 0.230207 
-3.020000 	 0.402612 
-3.000000 	 0.387500 
-2.980000 	 0.338804 
-2.960000 	 0.344707 
-2.940000 	 0.415720 
-2.920000 	 0.190729 
-2.900000 	 0.294798 
-2.880000 	 0.166408 
-2.860000 	 0.550232 
-2.840000 	 0.265813 
-2.820000 	 0.263644 
-2.800000 	 0.167054 
-2.780000 	 0.507854 
-2.760000 	 0.261860 
-2.740000 	 0.626933 
-2.720000 	 0.543971 
-2.700000 	 0.248178 
-2.680000 	 0.207243 
-2.660000 	 0.437718 
-2.640000 	 0.397874 
-2.620000 	 0.474446 
-2.600000 	 0.235136 
-2.580000 	 -0.005357 
-2.560000 	 0.115192 
-2.540000 	 0.453155 
-2.520000 	 0.361449 
-2.500000 	 0.420850 
-2.480000 	 0.166591 
-2.460000 	 0.326071 
-2.440000 	 0.525061 
-2.420000 	 0.124266 
-2.400000 	 0.281031 
-2.380000 	 0.540970 
-2.360000 	 0.471404 
-2.340000 	 0.605879 
-2.320000 	 0.434641 
-2.300000 	 0.477081 
-2.280000 	 0.139029 
-2.260000 	 0.405443 
-2.240000 	 0.288958 
-2.220000 	 0.153979 
-2.200000 	 0.297032 
-2.180000 	 0.310023 
-2.160000 	 0.069368 
-2.140000 	 0.236036 
-2.120000 	 0.294561 
-2.100000 	 0.445524 
-2.080000 	 0.160905 
-2.060000 	 0.209066 
-2.040000 	 0.327746 
-2.020000 	 0.037370 
-2.000000 	 0.250321 
-1.980000 	 0.352668 
-1.960000 	 -0.134071 
-1.940000 	 0.721006 
-1.920000 	 0.192794 
-1.900000 	 0.122819 
-1.880000 	 -0.061066 
-1.860000 	 0.215981 
-1.840000 	 -0.023967 
-1.820000 	 0.147107 
-1.800000 	 0.594441 
-1.780000 	 0.213406 
-1.760000 	 0.285357 
-1.740000 	 0.211872 
-1.720000 	 0.125940 
-1.700000 	 0.636796 
-1.680000 	 0.394228 
-1.660000 	 -0.096626 
-1.640000 	 0.223883 
-1.620000 	 -0.096927 
-1.600000 	 0.039316 
-1.580000 	 0.469733 
-1.560000 	 0.075004 
-1.540000 	 0.403424 
-1.520000 	 0.175594 
-1.500000 	 0.073547 
-1.480000 	 0.102173 
-1.460000 	 0.157298 
-1.440000 	 -0.183589 
-1.420000 	 0.393700 
-1.400000 	 0.131773 
-1.380000 	 0.010569 
-1.360000 	 0.411109 
-1.340000 	 0.206346 
-1.320000 	 0.021492 
-1.300000 	 0.348393 
-1.280000 	 0.071319 
-1.260000 	 0.083042 
-1.240000 	 0.258134 
-1.220000 	 0.058369 
-1.200000 	 0.134263 
-1.180000 	 0.175019 
-1.160000 	 0.383416 
-1.140000 	 0.350174 
-1.120000 	 0.003279 
-1.100000 	 0.408104 
-1.080000 	 0.328183 
-1.060000 	 -0.097478 
-1.040000 	 0.285409 
-1.020000 	 0.439582 
-1.000000 	 0.081581 
-0.980000 	 0.108855 
-0.960000 	 0.336424 
-0.940000 	 0.379687 
-0.920000 	 -0.054615 
-0.900000 	 0.097913 
-0.880000 	 0.133024 
-0.860000 	 0.094694 
-0.840000 	 1.000000 
-0.820000 	 0.047514 
-0.800000 	 -0.061601 
-0.780000 	 0.111870 
-0.760000 	 0.077639 
-0.740000 	 0.334896 
-0.720000 	 0.124682 
-0.700000 	 0.191938 
-0.680000 	 0.070668 
-0.660000 	 0.107167 
-0.640000 	 0.156898 
-0.620000 	 0.139925 
-0.600000 	 0.329868 
-0.580000 	 0.054674 
-0.560000 	 0.222652 
-0.540000 	 0.199363 
-0.520000 	 0.318324 
-0.500000 	 0.251282 
-0.480000 	 -0.022492 
-0.460000 	 0.258093 
-0.440000 	 -0.180419 
-0.420000 	 0.365529 
-0.400000 	 0.163460 
-0.380000 	 0.217646 
-0.360000 	 0.116076 
-0.340000 	 0.071218 
-0.320000 	 0.332160 
-0.300000 	 0.089880 
-0.280000 	 0.308507 
-0.260000 	 -0.126801 
-0.240000 	 0.218129 
-0.220000 	 0.092740 
-0.200000 	 0.328266 
-0.180000 	 0.257897 
-0.160000 	 0.168975 
-0.140000 	 0.233742 
-0.120000 	 0.168922 
-0.100000 	 0.439699 
-0.080000 	 0.337282 
-0.060000 	 0.138747 
-0.040000 	 0.549305 
-0.020000 	 0.016090 
0.000000 	 0.085372 
0.020000 	 0.198817 
0.040000 	 0.372107 
0.060000 	 0.193370 
0.080000 	 0.150375 
0.100000 	 0.168654 
0.120000 	 0.209660 
0.140000 	 0.245254 
0.160000 	 0.525033 
0.180000 	 0.441435 
0.200000 	 0.240727 
0.220000 	 0.496348 
0.240000 	 0.307489 
0.260000 	 0.081127 
0.280000 	 0.415960 
0.300000 	 0.447471 
0.320000 	 0.095196 
0.340000 	 0.483595 
0.360000 	 0.297464 
0.380000 	 0.587822 
0.400000 	 0.341903 
0.420000 	 0.309296 
0.440000 	 0.273056 
0.460000 	 0.098836 
0.480000 	 0.308949 
0.500000 	 0.306394 
0.520000 	 0.551695 
0.540000 	 0.225143 
0.560000 	 0.336628 
0.580000 	 0.578537 
0.600000 	 0.229273 
0.620000 	 0.294801 
0.640000 	 0.305577 
0.660000 	 0.378757 
0.680000 	 0.752879 
0.700000 	 0.154756 
0.720000 	 0.265751 
0.740000 	 0.353047 
0.760000 	 0.215427 
0.780000 	 0.144316 
0.800000 	 0.325694 
0.820000 	 0.465713 
0.840000 	 0.635508 
0.860000 	 0.282120 
0.880000 	 0.194649 
0.900000 	 0.421460 
0.920000 	 0.386868 
0.940000 	 0.382387 
0.960000 	 0.641257 
0.980000 	 0.359274 
1.000000 	 0.557420 
1.020000 	 0.550805 
1.040000 	 0.537496 
1.060000 	 0.761159 
1.080000 	 0.681066 
1.100000 	 0.308871 
1.120000 	 0.837027 
1.140000 	 0.514397 
1.160000 	 0.586058 
1.180000 	 0.540203 
1.200000 	 0.584833 
1.220000 	 0.601285 
1.240000 	 0.579848 
1.260000 	 0.795892 
1.280000 	 0.649504 
1.300000 	 0.815112 
1.320000 	 0.268824 
1.340000 	 0.656071 
1.360000 	 0.904966 
1.380000 	 0.887724 
1.400000 	 0.658579 
1.420000 	 0.624070 
1.440000 	 0.817885 
1.460000 	 0.970083 
1.480000 	 0.668721 
1.500000 	 0.579062 
1.520000 	 0.763767 
1.540000 	 0.575909 
1.560000 	 0.681757 
1.580000 	 0.980261 
1.600000 	 0.783310 
1.620000 	 0.827573 
1.640000 	 0.617129 
1.660000 	 0.767077 
1.680000 	 1.021762 
1.700000 	 1.033333 
1.720000 	 0.879607 
1.740000 	 1.012641 
1.760000 	 1.169488 
1.780000 	 0.672052 
1.800000 	 0.847713 
1.820000 	 1.199866 
1.840000 	 0.613815 
1.860000 	 1.096927 
1.880000 	 1.006036 
1.900000 	 0.878858 
1.920000 	 1.182458 
1.940000 	 0.813577 
1.960000 	 0.977497 
1.980000 	 0.661023 
2.000000 	 1.047114 
2.020000 	 0.659054 
2.040000 	 1.070855 
2.060000 	 1.229637 
2.080000 	 0.934911 
2.100000 	 0.878868 
2.120000 	 0.973195 
2.140000 	 1.071354 
2.160000 	 1.293336 
2.180000 	 1.099747 
2.200000 	 1.054454 
2.220000 	 0.906686 
2.240000 	 1.199634 
2.260000 	 1.111992 
2.280000 	 1.176941 
2.300000 	 1.014546 
2.320000 	 1.068685 
2.340000 	 1.106268 
2.360000 	 1.143309 
2.380000 	 1.065209 
2.400000 	 0.992708 
2.420000 	 0.896566 
2.440000 	 1.172644 
2.460000 	 0.900000 
2.480000 	 1.175980 
2.500000 	 1.165384 
2.520000 	 1.331075 
2.540000 	 1.228437 
2.560000 	 1.399529 
2.580000 	 1.346551 
2.600000 	 1.207706 
2.620000 	 1.105585 
2.640000 	 1.564228 
2.660000 	 1.362572 
2.680000 	 1.153141 
2.700000 	 1.457145 
2.720000 	 1.193044 
2.740000 	 1.190128 
2.760000 	 1.435794 
2.780000 	 1.325467 
2.800000 	 1.563408 
2.820000 	 1.431580 
2.840000 	 1.608438 
2.860000 	 1.462980 
2.880000 	 1.101093 
2.900000 	 1.312419 
2.920000 	 1.206529 
2.940000 	 1.270221 
2.960000 	 1.400789 
2.980000 	 1.317495 
3.000000 	 1.639352 
3.020000 	 1.524534 
3.040000 	 1.531440 
3.060000 	 1.491788 
3.080000 	 1.411893 
3.100000 	 1.854966 
3.120000 	 1.501625 
3.140000 	 1.354258 
3.160000 	 1.738172 
3.180000 	 1.608741 
3.200000 	 1.419717 
3.220000 	 1.590669 
3.240000 	 1.350790 
3.260000 	 1.280210 
3.280000 	 1.729699 
3.300000 	 1.605528 
3.320000 	 1.720376 
3.340000 	 1.883799 
3.360000 	 1.740954 
3.380000 	 1.524858 
3.400000 	 1.320588 
3.420000 	 1.362417 
3.440000 	 1.578606 
3.460000 	 1.876957 
3.480000 	 1.478781 
3.500000 	 1.405112 
3.520000 	 1.796759 
3.540000 	 1.250244 
3.560000 	 1.193992 
3.580000 	 1.508708 
3.600000 	 1.670899 
3.620000 	 1.617921 
3.640000 	 1.566920 
3.660000 	 1.520053 
3.680000 	 1.499205 
3.700000 	 1.352076 
3.720000 	 1.469005 
3.740000 	 1.402684 
3.760000 	 1.588375 
3.780000 	 1.650366 
3.800000 	 1.379353 
3.820000 	 1.496855 
3.840000 	 1.688810 
3.860000 	 1.614927 
3.880000 	 1.642253 
3.900000 	 1.509416 
3.920000 	 1.372138 
3.940000 	 1.509466 
3.960000 	 1.757959 
3.980000 	 1.510659 
4.000000 	 1.744725 
4.020000 	 1.699192 
4.040000 	 1.542450 
4.060000 	 1.711352 
4.080000 	 1.605223 
4.100000 	 1.559415 
4.120000 	 1.505997 
4.140000 	 1.476027 
4.160000 	 1.558435 
4.180000 	 1.458138 
4.200000 	 1.498467 
4.220000 	 1.794749 
4.240000 	 1.756913 
4.260000 	 1.445112 
4.280000 	 1.759368 
4.300000 	 1.756936 
4.320000 	 1.682681 
4.340000 	 1.790323 
4.360000 	 1.683258 
4.380000 	 1.473157 
4.400000 	 1.489688 
4.420000 	 1.595523 
4.440000 	 1.531658 
4.460000 	 1.420081 
4.480000 	 1.557221 
4.500000 	 1.339386 
4.520000 	 1.567752 
4.540000 	 1.355502 
4.560000 	 1.650531 
4.580000 	 1.732274 
4.600000 	 1.121828 
4.620000 	 1.495546 
4.640000 	 1.682213 
4.660000 	 1.505503 
4.680000 	 1.571792 
4.700000 	 1.325466 
4.720000 	 1.379709 
4.740000 	 1.331593 
4.760000 	 1.422779 
4.780000 	 1.647671 
4.800000 	 1.679431 
4.820000 	 1.363085 
4.840000 	 1.607902 
4.860000 	 1.456845 
4.880000 	 1.444745 
4.900000 	 1.516116 
4.920000 	 1.622222 
4.940000 	 1.452592 
4.960000 	 1.596323 
4.980000 	 1.361261 
5.000000 	 1.673379 
5.020000 	 1.197199 
5.040000 	 1.537818 
5.060000 	 1.584138 
5.080000 	 1.580935 
5.100000 	 1.476254 
5.120000 	 1.371635 
5.140000 	 1.233041 
5.160000 	 1.396579 
5.180000 	 1.359166 
5.200000 	 1.449997 
5.220000 	 1.351964 
5.240000 	 1.249971 
5.260000 	 1.316512 
5.280000 	 1.329520 
5.300000 	 1.246451 
5.320000 	 1.364876 
5.340000 	 1.580258 
5.360000 	 1.120885 
5.380000 	 1.268886 
5.400000 	 1.528377 
5.420000 	 1.060022 
5.440000 	 1.346373 
5.460000 	 1.280634 
5.480000 	 1.120619 
5.500000 	 1.165220 
5.520000 	 1.350575 
5.540000 	 1.342590 
5.560000 	 1.332502 
5.580000 	 1.282073 
5.600000 	 1.147251 
5.620000 	 1.434940 
5.640000 	 0.883508 
5.660000 	 0.998505 
5.680000 	 1.219330 
5.700000 	 0.987706 
5.720000 	 0.917138 
5.740000 	 1.173542 
5.760000 	 1.273779 
5.780000 	 1.345448 
5.800000 	 0.962474 
5.820000 	 1.102698 
5.840000 	 1.473672 
5.860000 	 0.794409 
5.880000 	 0.869485 
5.900000 	 0.942037 
5.920000 	 1.153489 
5.940000 	 0.977172 
5.960000 	 0.930778 
5.980000 	 1.046802 
6.000000 	 0.844827 
6.020000 	 1.126238 
6.040000 	 0.822549 
6.060000 	 0.983560 
6.080000 	 0.795198 
6.100000 	 1.307067 
6.120000 	 0.867970 
6.140000 	 1.140689 
6.160000 	 0.866045 
6.180000 	 0.970369 
6.200000 	 0.916568 
6.220000 	 0.501102 
6.240000 	 0.815171 
6.260000 	 0.967915 
6.280000 	 0.815805 
6.300000 	 0.978116 
6.320000 	 0.987674 
6.340000 	 0.937843 
6.360000 	 0.867532 
6.380000 	 0.699692 
6.400000 	 0.500195 
6.420000 	 0.733512 
6.440000 	 0.965066 
6.460000 	 0.952459 
6.480000 	 0.837413 
6.500000 	 0.736627 
6.520000 	 0.841447 
6.540000 	 0.745156 
6.560000 	 0.427213 
6.580000 	 0.936902 
6.600000 	 0.584397 
6.620000 	 0.741919 
6.640000 	 0.505600 
6.660000 	 0.411811 
6.680000 	 0.562760 
6.700000 	 0.758047 
6.720000 	 0.772841 
6.740000 	 0.272190 
6.760000 	 0.443101 
6.780000 	 0.695016 
6.800000 	 0.485024 
6.820000 	 0.678259 
6.840000 	 0.816490 
6.860000 	 0.399181 
6.880000 	 0.628472 
6.900000 	 0.737796 
6.920000 	 0.628077 
6.940000 	 0.533393 
6.960000 	 0.541771 
6.980000 	 0.501887 
7.000000 	 0.750591 
7.020000 	 0.492986 
7.040000 	 0.653948 
7.060000 	 0.300019 
7.080000 	 0.504890 
7.100000 	 0.314219 
7.120000 	 0.491710 
7.140000 	 0.527760 
7.160000 	 0.414084 
7.180000 	 0.355640 
7.200000 	 0.438596 
7.220000 	 0.544600 
7.240000 	 0.542004 
7.260000 	 0.587649 
7.280000 	 0.293125 
7.300000 	 0.444735 
7.320000 	 0.200025 
7.340000 	 0.459153 
7.360000 	 0.778425 
7.380000 	 0.488457 
7.400000 	 0.420375 
7.420000 	 0.056528 
7.440000 	 0.285865 
7.460000 	 0.564013 
7.480000 	 0.324870 
7.500000 	 0.186215 
7.520000 	 0.353562 
7.540000 	 0.437218 
7.560000 	 0.366931 
7.580000 	 0.017935 
7.600000 	 0.374098 
7.620000 	 0.401945 
7.640000 	 0.145888 
7.660000 	 0.330169 
7.680000 	 0.253990 
7.700000 	 0.078331 
7.720000 	 0.397469 
7.740000 	 0.187700 
7.760000 	 0.315330 
7.780000 	 0.317649 
7.800000 	 0.451704 
7.820000 	 0.080471 
7.840000 	 0.357533 
7.860000 	 0.157119 
7.880000 	 0.410946 
7.900000 	 0.701812 
7.920000 	 0.449147 
7.940000 	 0.329449 
7.960000 	 0.182616 
7.980000 	 0.257684 
8.000000 	 0.531798 
8.020000 	 -0.089818 
8.040000 	 0.139411 
8.060000 	 0.078680 
8.080000 	 -0.067515 
8.100000 	 0.102300 
8.120000 	 0.192498 
8.140000 	 0.216642 
8.160000 	 0.009310 
8.180000 	 0.166669 
8.200000 	 -0.077172 
8.220000 	 0.228788 
8.240000 	 0.210827 
8.260000 	 0.079704 
8.280000 	 0.008755 
8.300000 	 -0.022934 
8.320000 	 0.004001 
8.340000 	 -0.091298 
8.360000 	 0.088669 
8.380000 	 -0.168625 
8.400000 	 0.046959 
8.420000 	 0.118211 
8.440000 	 0.186373 
8.460000 	 0.155596 
8.480000 	 0.397246 
8.500000 	 0.027661 
8.520000 	 0.010614 
8.540000 	 -0.018292 
8.560000 	 0.053426 
8.580000 	 -0.168503 
8.600000 	 0.342602 
8.620000 	 0.084814 
8.640000 	 0.197557 
8.660000 	 -0.149245 
8.680000 	 0.388002 
8.700000 	 0.054562 
8.720000 	 0.217124 
8.740000 	 0.123760 
8.760000 	 0.421787 
8.780000 	 0.082263 
8.800000 	 0.175541 
8.820000 	 -0.084441 
8.840000 	 0.284364 
8.860000 	 -0.116595 
8.880000 	 -0.007604 
8.900000 	 -0.129585 
8.920000 	 -0.104856 
8.940000 	 -0.013513 
8.960000 	 0.381112 
8.980000 	 0.134402 
9.000000 	 0.059810 
9.020000 	 -0.239915 
9.040000 	 0.053044 
9.060000 	 0.104559 
9.080000 	 -0.162155 
9.100000 	 0.170661 
9.120000 	 0.105524 
9.140000 	 0.130246 
9.160000 	 0.014671 
9.180000 	 0.015534 
9.200000 	 -0.163040 
9.220000 	 0.226419 
9.240000 	 0.155675 
9.260000 	 -0.102254 
9.280000 	 0.314451 
9.300000 	 0.049494 
9.320000 	 0.032112 
9.340000 	 0.017627 
9.360000 	 0.045263 
9.380000 	 0.027192 
9.400000 	 0.186460 
9.420000 	 0.133624 
9.440000 	 0.014807 
9.460000 	 0.189124 
9.480000 	 0.157665 
9.500000 	 -0.243958 
9.520000 	 -0.161205 
9.540000 	 -0.139759 
9.560000 	 0.236679 
9.580000 	 0.273581 
9.600000 	 -0.118431 
9.620000 	 0.173994 
9.640000 	 -0.008968 
9.660000 	 0.117704 
9.680000 	 -0.089127 
9.700000 	 -0.009391 
9.720000 	 0.171640 
9.740000 	 0.081449 
9.760000 	 -0.120780 
9.780000 	 0.264189 
9.800000 	 0.217063 
9.820000 	 0.280778 
9.840000 	 -0.092628 
9.860000 	 -0.168863 
9.880000 	 -0.010163 
9.900000 	 0.066097 
9.920000 	 0.165685 
9.940000 	 0.127727 
9.960000 	 0.136966 
9.980000 	 0.176589 
10.000000 	 -0.072483 
10.020000 	 -0.067912 
10.040000 	 -0.089566 
10.060000 	 -0.119319 
10.080000 	 -0.391097 
10.100000 	 0.205855 
10.120000 	 -0.188557 
10.140000 	 -0.013194 
10.160000 	 0.134644 
10.180000 	 0.245678 
10.200000 	 0.075479 
10.220000 	 0.040411 
10.240000 	 0.151891 
10.260000 	 0.080317 
10.280000 	 -0.019991 
10.300000 	 -0.011720 
10.320000 	 -0.160662 
10.340000 	 -0.012893 
10.360000 	 -0.303719 
10.380000 	 -0.203412 
10.400000 	 0.335182 
10.420000 	 -0.195165 
10.440000 	 -0.040569 
10.460000 	 -0.081751 
10.480000 	 0.152608 
10.500000 	 0.089869 
10.520000 	 -0.202443 
10.540000 	 0.009154 
10.560000 	 0.301831 
10.580000 	 -0.051640 
10.600000 	 -0.038897 
10.620000 	 -0.180302 
10.640000 	 -0.115655 
10.660000 	 -0.062322 
10.680000 	 0.123264 
10.700000 	 0.065835 
10.720000 	 0.019782 
10.740000 	 -0.183317 
10.760000 	 -0.011420 
10.780000 	 -0.149777 
10.800000 	 -0.164384 
10.820000 	 0.047661 
10.840000 	 -0.041151 
10.860000 	 0.041028 
10.880000 	 -0.208277 
10.900000 	 -0.012970 
10.920000 	 -0.002177 
10.940000 	 0.005682 
10.960000 	 -0.170166 
10.980000 	 -0.327509 
11.000000 	 0.228728 
11.020000 	 0.265839 
11.040000 	 0.182001 
11.060000 	 0.132585 
11.080000 	 -0.106067 
11.100000 	 0.188305 
11.120000 	 -0.431401 
11.140000 	 0.153268 
11.160000 	 0.196254 
11.180000 	 -0.091783 
11.200000 	 0.047042 
11.220000 	 -0.049092 
11.240000 	 -0.043106 
11.260000 	 -0.129437 
11.280000 	 0.166753 
11.300000 	 -0.133965 
11.320000 	 0.216053 
11.340000 	 -0.030285 
11.360000 	 -0.208144 
11.380000 	 -0.060550 
11.400000 	 -0.286164 
11.420000 	 0.028176 
11.440000 	 0.064552 
11.460000 	 -0.168110 
11.480000 	 -0.115869 
11.500000 	 0.073919 
11.520000 	 -0.044278 
11.540000 	 0.115790 
11.560000 	 -0.191714 
11.580000 	 -0.193053 
11.600000 	 -0.053125 
11.620000 	 0.041457 
11.640000 	 -0.025865 
11.660000 	 -0.010129 
11.680000 	 0.123349 
11.700000 	 0.132552 
11.720000 	 -0.048860 
11.740000 	 0.125174 
11.760000 	 -0.189709 
11.780000 	 -0.006269 
11.800000 	 0.080734 
11.820000 	 0.072060 
11.840000 	 0.098861 
11.860000 	 -0.110274 
11.880000 	 -0.043433 
11.900000 	 -0.006587 
11.920000 	 -0.118707 
11.940000 	 0.183772 
11.960000 	 -0.083449 
11.980000 	 -0.075338 
12.000000 	 -0.153031 
12.020000 	 0.154512 
12.040000 	 -0.039193 
12.060000 	 -0.061341 
12.080000 	 -0.117063 
12.100000 	 -0.081759 
12.120000 	 -0.101656 
12.140000 	 -0.059641 
12.160000 	 0.210997 
12.180000 	 0.200419 
12.200000 	 -0.000629 
12.220000 	 -0.240840 
12.240000 	 -0.013378 
12.260000 	 -0.009670 
12.280000 	 0.098183 
12.300000 	 -0.052401 
12.320000 	 0.109655 
12.340000 	 0.097078 
12.360000 	 -0.104640 
12.380000 	 -0.122396 
12.400000 	 0.025677 
12.420000 	 0.050568 
12.440000 	 0.053520 
12.460000 	 0.300000 
12.480000 	 0.404474 
12.500000 	 0.312389 
12.520000 	 0.088536 
12.540000 	 0.304870 
12.560000 	 -0.023671 
12.580000 	 0.111064 
12.600000 	 0.202289 
12.620000 	 0.168768 
12.640000 	 -0.093545 
12.660000 	 0.084925 
12.680000 	 -0.236514 
12.700000 	 -0.033463 
12.720000 	 -0.047869 
12.740000 	 -0.053237 
12.760000 	 0.245021 
12.780000 	 0.073272 
12.800000 	 0.150689 
12.820000 	 0.045157 
12.840000 	 0.245089 
12.860000 	 0.300502 
12.880000 	 0.041923 
12.900000 	 0.006935 
12.920000 	 0.290779 
12.940000 	 -0.058373 
12.960000 	 -0.122801 
12.980000 	 0.207608 
13.000000 	 -0.390237 
13.020000 	 -0.174701 
13.040000 	 -0.103549 
13.060000 	 -0.150553 
13.080000 	 0.034328 
13.100000 	 0.163115 
13.120000 	 -0.076641 
13.140000 	 0.018428 
13.160000 	 0.003340 
13.180000 	 0.055480 
13.200000 	 -0.099966 
13.220000 	 -0.095457 
13.240000 	 0.079727 
13.260000 	 0.034036 
13.280000 	 0.151228 
13.300000 	 0.196785 
13.320000 	 -0.070364 
13.340000 	 -0.091376 
13.360000 	 0.125918 
13.380000 	 -0.016606 
13.400000 	 -0.211974 
13.420000 	 0.128976 
13.440000 	 0.019631 
13.460000 	 0.063591 
13.480000 	 -0.143669 
13.500000 	 0.070721 
13.520000 	 -0.380809 
13.540000 	 -0.064842 
13.560000 	 -0.029902 
13.580000 	 -0.165027 
13.600000 	 0.043347 
13.620000 	 -0.153296 
13.640000 	 0.092198 
13.660000 	 -0.193887 
13.680000 	 -0.097788 
13.700000 	 0.155575 
13.720000 	 -0.178652 
13.740000 	 -0.284621 
13.760000 	 -0.046800 
13.780000 	 0.144834 
13.800000 	 0.080535 
13.820000 	 -0.346247 
13.840000 	 0.089022 
13.860000 	 -0.169410 
13.880000 	 -0.048699 
13.900000 	 -0.181881 
13.920000 	 0.255357 
13.940000 	 -0.180084 
13.960000 	 -0.044434 
13.980000 	 0.040958 
14.000000 	 -0.115078 
14.020000 	 0.178336 
14.040000 	 0.091634 
14.060000 	 -0.172798 
14.080000 	 -0.021828 
14.100000 	 -0.017011 
14.120000 	 -0.224348 
14.140000 	 -0.064723 
14.160000 	 0.172819 
14.180000 	 0.060237 
14.200000 	 -0.238704 
14.220000 	 -0.043915 
14.240000 	 0.186917 
14.260000 	 -0.456513 
14.280000 	 -0.107705 
14.300000 	 0.182460 
14.320000 	 0.045584 
14.340000 	 -0.046845 
14.360000 	 0.022265 
14.380000 	 -0.194066 
14.400000 	 -0.147658 
14.420000 	 -0.197798 
14.440000 	 0.180674 
14.460000 	 0.700000 
14.480000 	 0.133269 
14.500000 	 -0.102156 
14.520000 	 -0.109137 
14.540000 	 0.308217 
14.560000 	 -0.332076 
14.580000 	 0.039196 
14.600000 	 0.127224 
14.620000 	 -0.074546 
14.640000 	 0.061678 
14.660000 	 0.160268 
14.680000 	 0.301749 
14.700000 	 0.041269 
14.720000 	 -0.016172 
14.740000 	 -0.017555 
14.760000 	 0.072731 
14.780000 	 0.145316 
14.800000 	 0.179547 
14.820000 	 0.193617 
14.840000 	 0.273579 
14.860000 	 0.286333 
14.880000 	 0.136847 
14.900000 	 -0.082145 
14.920000 	 0.126084 
14.940000 	 -0.024047 
14.960000 	 0.122144 
14.980000 	 0.189441 
15.000000 	 0.037754 
