-15.000000 	 0.042664 
-14.980000 	 -0.153690 
-14.960000 	 -0.268437 
-14.940000 	 -0.102667 
-14.920000 	 0.021693 
-14.900000 	 -0.132054 
-14.880000 	 -0.007770 
-14.860000 	 -0.032730 
-14.840000 	 -0.358829 
-14.820000 	 -0.156279 
-14.800000 	 0.006848 
-14.780000 	 0.038840 
-14.760000 	 0.098274 
-14.740000 	 -0.195207 
-14.720000 	 -0.111022 
-14.700000 	 -0.091516 
-14.680000 	 0.064688 
-14.660000 	 -0.047476 
-14.640000 	 0.101553 
-14.620000 	 -0.096234 
-14.600000 	 -0.144682 
-14.580000 	 0.076358 
-14.560000 	 -0.002988 
-14.540000 	 0.083608 
-14.520000 	 -0.059207 
-14.500000 	 0.055831 
-14.480000 	 -0.003963 
-14.460000 	 0.076028 
-14.440000 	 0.013350 
-14.420000 	 -0.158164 
-14.400000 	 -0.164500 
-14.380000 	 -0.022291 
-14.360000 	 -0.171740 
-14.340000 	 0.053539 
-14.320000 	 0.193549 
-14.300000 	 0.003719 
-14.280000 	 0.118471 
-14.260000 	 -0.082295 
-14.240000 	 0.211999 
-14.220000 	 -0.142860 
-14.200000 	 0.052937 
-14.180000 	 0.086813 
-14.160000 	 0.401751 
-14.140000 	 -0.010001 
-14.120000 	 -0.131864 
-14.100000 	 -0.022945 
-14.080000 	 0.094542 
-14.060000 	 0.057053 
-14.040000 	 -0.029237 
-14.020000 	 0.188169 
-14.000000 	 -0.207216 
-13.980000 	 0.153098 
-13.960000 	 0.165607 
-13.940000 	 0.058229 
-13.920000 	 -0.002964 
-13.900000 	 0.136757 
-13.880000 	 0.010088 
-13.860000 	 -0.108611 
-13.840000 	 -0.066079 
-13.820000 	 -0.089216 
-13.800000 	 0.192840 
-13.780000 	 -0.180322 
-13.760000 	 0.071619 
-13.740000 	 -0.047315 
-13.720000 	 -0.149856 
-13.700000 	 -0.011888 
-13.680000 	 -0.083035 
-13.660000 	 -0.090885 
-13.640000 	 -0.028857 
-13.620000 	 -0.084586 
-13.600000 	 -0.259972 
-13.580000 	 -0.178093 
-13.560000 	 0.098333 
-13.540000 	 0.051855 
-13.520000 	 -0.260023 
-13.500000 	 0.343400 
-13.480000 	 0.012528 
-13.460000 	 0.085724 
-13.440000 	 -0.212034 
-13.420000 	 0.028916 
-13.400000 	 -0.012735 
-13.380000 	 -0.011706 
-13.360000 	 0.087870 
-13.340000 	 -0.026180 
-13.320000 	 0.255021 
-13.300000 	 0.210876 
-13.280000 	 0.097266 
-13.260000 	 -0.212783 
-13.240000 	 -0.139855 
-13.220000 	 0.018215 
-13.200000 	 -0.262372 
-13.180000 	 -0.013348 
-13.160000 	 -0.095923 
-13.140000 	 -0.210331 
-13.120000 	 0.080311 
-13.100000 	 -0.173402 
-13.080000 	 -0.099882 
-13.060000 	 0.197498 
-13.040000 	 0.260470 
-13.020000 	 0.151419 
-13.000000 	 0.033319 
-12.980000 	 0.097098 
-12.960000 	 0.277144 
-12.940000 	 0.142433 
-12.920000 	 -0.046507 
-12.900000 	 0.265484 
-12.880000 	 0.357715 
-12.860000 	 -0.221269 
-12.840000 	 -0.232425 
-12.820000 	 0.159259 
-12.800000 	 -0.003801 
-12.780000 	 0.142599 
-12.760000 	 0.022653 
-12.740000 	 -0.075134 
-12.720000 	 0.041652 
-12.700000 	 -0.345316 
-12.680000 	 -0.002046 
-12.660000 	 0.121063 
-12.640000 	 -0.124107 
-12.620000 	 0.036284 
-12.600000 	 -0.089634 
-12.580000 	 0.149016 
-12.560000 	 0.025133 
-12.540000 	 0.097175 
-12.520000 	 0.213136 
-12.500000 	 -0.042050 
-12.480000 	 0.012977 
-12.460000 	 0.124630 
-12.440000 	 -0.096596 
-12.420000 	 0.093084 
-12.400000 	 -0.034266 
-12.380000 	 -0.041893 
-12.360000 	 -0.266801 
-12.340000 	 -0.082622 
-12.320000 	 0.011212 
-12.300000 	 -0.051736 
-12.280000 	 -0.211207 
-12.260000 	 -0.083577 
-12.240000 	 0.356351 
-12.220000 	 -0.173211 
-12.200000 	 -0.021759 
-12.180000 	 -0.004770 
-12.160000 	 -0.001507 
-12.140000 	 -0.233309 
-12.120000 	 0.119679 
-12.100000 	 -0.062956 
-12.080000 	 -0.075832 
-12.060000 	 0.220245 
-12.040000 	 -0.071014 
-12.020000 	 0.015366 
-12.000000 	 -0.020212 
-11.980000 	 -0.098239 
-11.960000 	 0.036795 
-11.940000 	 -0.139754 
-11.920000 	 0.007950 
-11.900000 	 0.049846 
-11.880000 	 -0.207780 
-11.860000 	 0.183539 
-11.840000 	 0.052225 
-11.820000 	 -0.018885 
-11.800000 	 0.148579 
-11.780000 	 -0.053381 
-11.760000 	 0.066774 
-11.740000 	 -0.336130 
-11.720000 	 0.006733 
-11.700000 	 0.202420 
-11.680000 	 -0.060270 
-11.660000 	 -0.086722 
-11.640000 	 -0.184757 
-11.620000 	 0.144456 
-11.600000 	 0.213786 
-11.580000 	 -0.006049 
-11.560000 	 -0.290204 
-11.540000 	 -0.051189 
-11.520000 	 0.090923 
-11.500000 	 -0.028600 
-11.480000 	 -0.251243 
-11.460000 	 0.139042 
-11.440000 	 0.110966 
-11.420000 	 -0.145288 
-11.400000 	 -0.184622 
-11.380000 	 -0.054892 
-11.360000 	 -0.086564 
-11.340000 	 0.013752 
-11.320000 	 0.101947 
-11.300000 	 -0.040739 
-11.280000 	 -0.151517 
-11.260000 	 -0.110971 
-11.240000 	 0.079812 
-11.220000 	 -0.102757 
-11.200000 	 0.045031 
-11.180000 	 0.186639 
-11.160000 	 -0.137768 
-11.140000 	 -0.121576 
-11.120000 	 -0.026355 
-11.100000 	 0.000449 
-11.080000 	 0.269375 
-11.060000 	 -0.008055 
-11.040000 	 -0.121552 
-11.020000 	 0.093496 
-11.000000 	 -0.335327 
-10.980000 	 0.091839 
-10.960000 	 0.109441 
-10.940000 	 0.145166 
-10.920000 	 -0.093442 
-10.900000 	 -0.196048 
-10.880000 	 -0.170442 
-10.860000 	 -0.330767 
-10.840000 	 -0.042900 
-10.820000 	 -0.065775 
-10.800000 	 0.211975 
-10.780000 	 0.096173 
-10.760000 	 0.464886 
-10.740000 	 0.182309 
-10.720000 	 0.416340 
-10.700000 	 0.136727 
-10.680000 	 0.045677 
-10.660000 	 -0.145412 
-10.640000 	 -0.012300 
-10.620000 	 -0.190085 
-10.600000 	 0.185125 
-10.580000 	 0.102071 
-10.560000 	 0.076673 
-10.540000 	 0.119562 
-10.520000 	 0.173011 
-10.500000 	 0.029622 
-10.480000 	 -0.160468 
-10.460000 	 0.117994 
-10.440000 	 -0.059544 
-10.420000 	 0.168783 
-10.400000 	 -0.027217 
-10.380000 	 -0.174177 
-10.360000 	 -0.205185 
-10.340000 	 0.058535 
-10.320000 	 0.018733 
-10.300000 	 -0.141920 
-10.280000 	 0.013166 
-10.260000 	 -0.061530 
-10.240000 	 -0.018315 
-10.220000 	 -0.151259 
-10.200000 	 0.034457 
-10.180000 	 -0.100862 
-10.160000 	 -0.039688 
-10.140000 	 -0.114978 
-10.120000 	 -0.062088 
-10.100000 	 0.053046 
-10.080000 	 -0.192832 
-10.060000 	 0.284096 
-10.040000 	 0.160838 
-10.020000 	 0.013676 
-10.000000 	 0.148515 
-9.980000 	 -0.024907 
-9.960000 	 0.151842 
-9.940000 	 -0.040391 
-9.920000 	 -0.086569 
-9.900000 	 0.092282 
-9.880000 	 -0.064906 
-9.860000 	 0.288643 
-9.840000 	 0.101466 
-9.820000 	 -0.204564 
-9.800000 	 -0.184183 
-9.780000 	 0.063085 
-9.760000 	 -0.274081 
-9.740000 	 0.308381 
-9.720000 	 -0.184656 
-9.700000 	 0.003346 
-9.680000 	 0.188999 
-9.660000 	 -0.045172 
-9.640000 	 -0.077414 
-9.620000 	 0.057447 
-9.600000 	 -0.060788 
-9.580000 	 0.134360 
-9.560000 	 -0.023655 
-9.540000 	 -0.065114 
-9.520000 	 -0.042004 
-9.500000 	 0.013786 
-9.480000 	 0.067898 
-9.460000 	 0.085969 
-9.440000 	 -0.071147 
-9.420000 	 0.125000 
-9.400000 	 0.112010 
-9.380000 	 0.013074 
-9.360000 	 -0.149300 
-9.340000 	 -0.238591 
-9.320000 	 0.007802 
-9.300000 	 0.327237 
-9.280000 	 -0.369003 
-9.260000 	 -0.311553 
-9.240000 	 0.067453 
-9.220000 	 -0.079950 
-9.200000 	 0.038903 
-9.180000 	 0.107572 
-9.160000 	 -0.041630 
-9.140000 	 -0.141853 
-9.120000 	 -0.008678 
-9.100000 	 0.031770 
-9.080000 	 -0.200388 
-9.060000 	 -0.118245 
-9.040000 	 0.247009 
-9.020000 	 0.123681 
-9.000000 	 -0.165846 
-8.980000 	 0.090996 
-8.960000 	 -0.030195 
-8.940000 	 -0.093424 
-8.920000 	 -0.167993 
-8.900000 	 0.033818 
-8.880000 	 -0.020375 
-8.860000 	 0.211215 
-8.840000 	 0.020643 
-8.820000 	 0.093431 
-8.800000 	 0.007440 
-8.780000 	 -0.001191 
-8.760000 	 0.162932 
-8.740000 	 -0.230393 
-8.720000 	 0.116869 
-8.700000 	 0.033407 
-8.680000 	 0.122438 
-8.660000 	 -0.144851 
-8.640000 	 0.073022 
-8.620000 	 0.067861 
-8.600000 	 -0.129488 
-8.580000 	 0.154397 
-8.560000 	 -0.011332 
-8.540000 	 0.177052 
-8.520000 	 0.040474 
-8.500000 	 -0.207729 
-8.480000 	 0.017290 
-8.460000 	 -0.119463 
-8.440000 	 0.303022 
-8.420000 	 -0.095664 
-8.400000 	 -0.097601 
-8.380000 	 -0.179041 
-8.360000 	 -0.192207 
-8.340000 	 0.105609 
-8.320000 	 0.032085 
-8.300000 	 0.056897 
-8.280000 	 0.242589 
-8.260000 	 0.055976 
-8.240000 	 -0.136045 
-8.220000 	 0.084249 
-8.200000 	 -0.211556 
-8.180000 	 -0.061291 
-8.160000 	 -0.006031 
-8.140000 	 -0.208280 
-8.120000 	 -0.137259 
-8.100000 	 0.067835 
-8.080000 	 0.046752 
-8.060000 	 -0.061830 
-8.040000 	 -0.153098 
-8.020000 	 0.083851 
-8.000000 	 -0.212259 
-7.980000 	 0.109264 
-7.960000 	 -0.050156 
-7.940000 	 0.060152 
-7.920000 	 -0.114667 
-7.900000 	 0.155261 
-7.880000 	 0.098182 
-7.860000 	 0.093269 
-7.840000 	 -0.107540 
-7.820000 	 -0.188278 
-7.800000 	 0.087349 
-7.780000 	 0.218305 
-7.760000 	 -0.151310 
-7.740000 	 -0.029712 
-7.720000 	 0.091736 
-7.700000 	 0.220892 
-7.680000 	 -0.227607 
-7.660000 	 0.031467 
-7.640000 	 -0.130326 
-7.620000 	 -0.066953 
-7.600000 	 0.158192 
-7.580000 	 -0.230106 
-7.560000 	 -0.015043 
-7.540000 	 -0.061465 
-7.520000 	 -0.053561 
-7.500000 	 -0.054038 
-7.480000 	 0.088856 
-7.460000 	 0.380040 
-7.440000 	 0.385438 
-7.420000 	 -0.087727 
-7.400000 	 -0.028695 
-7.380000 	 0.020921 
-7.360000 	 0.026275 
-7.340000 	 0.080054 
-7.320000 	 0.205585 
-7.300000 	 0.186298 
-7.280000 	 -0.003225 
-7.260000 	 0.004696 
-7.240000 	 0.157591 
-7.220000 	 -0.008282 
-7.200000 	 -0.081866 
-7.180000 	 0.221428 
-7.160000 	 -0.130109 
-7.140000 	 0.249966 
-7.120000 	 0.103514 
-7.100000 	 0.086346 
-7.080000 	 0.257501 
-7.060000 	 -0.033830 
-7.040000 	 0.031623 
-7.020000 	 0.136648 
-7.000000 	 0.238626 
-6.980000 	 -0.001536 
-6.960000 	 0.118478 
-6.940000 	 -0.006036 
-6.920000 	 -0.073744 
-6.900000 	 0.278304 
-6.880000 	 0.144247 
-6.860000 	 -0.336166 
-6.840000 	 -0.070749 
-6.820000 	 0.250733 
-6.800000 	 0.390946 
-6.780000 	 -0.180796 
-6.760000 	 0.263233 
-6.740000 	 -0.015133 
-6.720000 	 0.113546 
-6.700000 	 0.014273 
-6.680000 	 -0.069108 
-6.660000 	 0.102889 
-6.640000 	 0.185102 
-6.620000 	 0.250601 
-6.600000 	 0.269067 
-6.580000 	 0.172879 
-6.560000 	 0.258240 
-6.540000 	 0.129397 
-6.520000 	 -0.077869 
-6.500000 	 0.201563 
-6.480000 	 0.296457 
-6.460000 	 0.048804 
-6.440000 	 0.297429 
-6.420000 	 0.171501 
-6.400000 	 0.273625 
-6.380000 	 0.251665 
-6.360000 	 -0.600000 
-6.340000 	 0.260616 
-6.320000 	 0.189976 
-6.300000 	 0.009288 
-6.280000 	 -0.016600 
-6.260000 	 0.290783 
-6.240000 	 -0.074039 
-6.220000 	 -0.023545 
-6.200000 	 0.161881 
-6.180000 	 0.055899 
-6.160000 	 0.147924 
-6.140000 	 0.232889 
-6.120000 	 0.327761 
-6.100000 	 0.350783 
-6.080000 	 0.246947 
-6.060000 	 0.359625 
-6.040000 	 0.621306 
-6.020000 	 0.431704 
-6.000000 	 0.232811 
-5.980000 	 -0.056519 
-5.960000 	 0.305424 
-5.940000 	 0.042408 
-5.920000 	 0.232052 
-5.900000 	 0.132263 
-5.880000 	 0.260778 
-5.860000 	 0.309652 
-5.840000 	 0.100000 
-5.820000 	 0.468112 
-5.800000 	 0.339304 
-5.780000 	 0.455137 
-5.760000 	 0.078527 
-5.740000 	 0.234854 
-5.720000 	 0.410483 
-5.700000 	 0.248423 
-5.680000 	 0.229922 
-5.660000 	 0.030066 
-5.640000 	 0.388545 
-5.620000 	 -0.125166 
-5.600000 	 0.317176 
-5.580000 	 -0.105907 
-5.560000 	 0.222807 
-5.540000 	 0.283110 
-5.520000 	 0.278223 
-5.500000 	 -0.099210 
-5.480000 	 0.253601 
-5.460000 	 0.275614 
-5.440000 	 0.184696 
-5.420000 	 0.394658 
-5.400000 	 0.682803 
-5.380000 	 0.442650 
-5.360000 	 0.458881 
-5.340000 	 0.424187 
-5.320000 	 0.142204 
-5.300000 	 0.437551 
-5.280000 	 0.157003 
-5.260000 	 0.276725 
-5.240000 	 0.439700 
-5.220000 	 0.253732 
-5.200000 	 0.615808 
-5.180000 	 0.291519 
-5.160000 	 0.238952 
-5.140000 	 0.405625 
-5.120000 	 0.711774 
-5.100000 	 0.229112 
-5.080000 	 0.452702 
-5.060000 	 0.237187 
-5.040000 	 0.380118 
-5.020000 	 0.473257 
-5.000000 	 0.206787 
-4.980000 	 0.296622 
-4.960000 	 0.202120 
-4.940000 	 0.503111 
-4.920000 	 0.338633 
-4.900000 	 0.346751 
-4.880000 	 0.469865 
-4.860000 	 0.499583 
-4.840000 	 0.423032 
-4.820000 	 0.365018 
-4.800000 	 0.381658 
-4.780000 	 0.418726 
-4.760000 	 0.499718 
-4.740000 	 0.404634 
-4.720000 	 0.405603 
-4.700000 	 0.238334 
-4.680000 	 0.143870 
-4.660000 	 0.418678 
-4.640000 	 0.419559 
-4.620000 	 0.663680 
-4.600000 	 0.657951 
-4.580000 	 0.614189 
-4.560000 	 0.409842 
-4.540000 	 0.489587 
-4.520000 	 0.513220 
-4.500000 	 0.579702 
-4.480000 	 0.288831 
-4.460000 	 0.513801 
-4.440000 	 0.561721 
-4.420000 	 0.715422 
-4.400000 	 0.522399 
-4.380000 	 0.528956 
-4.360000 	 0.505360 
-4.340000 	 0.505822 
-4.320000 	 0.769600 
-4.300000 	 0.711565 
-4.280000 	 0.560140 
-4.260000 	 0.332494 
-4.240000 	 0.685571 
-4.220000 	 0.638042 
-4.200000 	 0.812552 
-4.180000 	 0.567596 
-4.160000 	 0.702815 
-4.140000 	 0.556240 
-4.120000 	 0.500182 
-4.100000 	 0.636886 
-4.080000 	 0.468316 
-4.060000 	 0.296861 
-4.040000 	 0.694785 
-4.020000 	 0.618937 
-4.000000 	 0.442861 
-3.980000 	 0.208326 
-3.960000 	 0.477779 
-3.940000 	 0.470576 
-3.920000 	 0.469307 
-3.900000 	 0.677970 
-3.880000 	 0.301400 
-3.860000 	 0.421645 
-3.840000 	 0.660815 
-3.820000 	 0.724674 
-3.800000 	 0.213324 
-3.780000 	 0.604154 
-3.760000 	 0.647606 
-3.740000 	 0.387159 
-3.720000 	 0.720972 
-3.700000 	 0.234411 
-3.680000 	 0.366102 
-3.660000 	 0.515698 
-3.640000 	 0.442612 
-3.620000 	 0.243137 
-3.600000 	 0.165975 
-3.580000 	 0.597269 
-3.560000 	 0.555210 
-3.540000 	 0.587862 
-3.520000 	 0.363939 
-3.500000 	 0.456886 
-3.480000 	 0.419056 
-3.460000 	 0.730706 
-3.440000 	 0.474666 
-3.420000 	 0.521162 
-3.400000 	 0.409803 
-3.380000 	 0.596692 
-3.360000 	 0.894222 
-3.340000 	 0.311687 
-3.320000 	 0.657338 
-3.300000 	 0.455554 
-3.280000 	 0.800000 
-3.260000 	 0.505203 
-3.240000 	 0.646366 
-3.220000 	 0.479500 
-3.200000 	 0.253573 
-3.180000 	 0.496696 
-3.160000 	 0.458115 
-3.140000 	 0.333500 
-3.120000 	 0.358769 
-3.100000 	 0.399454 
-3.080000 	 0.746814 
-3.060000 	 0.025287 
-3.040000 	 0.453577 
-3.020000 	 0.596013 
-3.000000 	 0.475914 
-2.980000 	 0.589859 
-2.960000 	 0.398244 
-2.940000 	 0.378210 
-2.920000 	 0.514420 
-2.900000 	 0.365039 
-2.880000 	 0.306517 
-2.860000 	 0.883634 
-2.840000 	 0.210089 
-2.820000 	 0.576895 
-2.800000 	 0.431599 
-2.780000 	 0.401696 
-2.760000 	 0.468047 
-2.740000 	 0.516821 
-2.720000 	 0.296031 
-2.700000 	 0.282231 
-2.680000 	 0.449381 
-2.660000 	 0.370910 
-2.640000 	 0.478404 
-2.620000 	 0.184289 
-2.600000 	 0.422335 
-2.580000 	 0.461848 
-2.560000 	 0.329493 
-2.540000 	 0.368435 
-2.520000 	 0.011445 
-2.500000 	 0.567994 
-2.480000 	 0.136885 
-2.460000 	 -0.022711 
-2.440000 	 0.129280 
-2.420000 	 0.281420 
-2.400000 	 0.491679 
-2.380000 	 0.078383 
-2.360000 	 0.269656 
-2.340000 	 0.346115 
-2.320000 	 0.289160 
-2.300000 	 0.156492 
-2.280000 	 0.202739 
-2.260000 	 0.462728 
-2.240000 	 0.310393 
-2.220000 	 0.193658 
-2.200000 	 0.347047 
-2.180000 	 0.274547 
-2.160000 	 0.266289 
-2.140000 	 0.396564 
-2.120000 	 -0.083950 
-2.100000 	 -0.006223 
-2.080000 	 0.326150 
-2.060000 	 0.053227 
-2.040000 	 0.240045 
-2.020000 	 0.215179 
-2.000000 	 0.471219 
-1.980000 	 0.111259 
-1.960000 	 0.202153 
-1.940000 	 0.068286 
-1.920000 	 0.383829 
-1.900000 	 0.439861 
-1.880000 	 0.553391 
-1.860000 	 0.504895 
-1.840000 	 -0.046954 
-1.820000 	 0.101481 
-1.800000 	 0.130367 
-1.780000 	 0.282450 
-1.760000 	 0.238771 
-1.740000 	 0.205725 
-1.720000 	 0.094412 
-1.700000 	 0.294549 
-1.680000 	 0.304663 
-1.660000 	 0.195874 
-1.640000 	 0.141345 
-1.620000 	 0.293192 
-1.600000 	 0.060167 
-1.580000 	 -0.020990 
-1.560000 	 0.335522 
-1.540000 	 0.163542 
-1.520000 	 0.080327 
-1.500000 	 0.028124 
-1.480000 	 0.134964 
-1.460000 	 0.219000 
-1.440000 	 0.000861 
-1.420000 	 0.334480 
-1.400000 	 -0.074078 
-1.380000 	 0.134849 
-1.360000 	 0.016186 
-1.340000 	 0.015545 
-1.320000 	 0.026826 
-1.300000 	 0.305099 
-1.280000 	 0.060410 
-1.260000 	 0.109048 
-1.240000 	 0.057677 
-1.220000 	 0.133188 
-1.200000 	 0.289892 
-1.180000 	 -0.059133 
-1.160000 	 0.176733 
-1.140000 	 -0.042161 
-1.120000 	 0.305153 
-1.100000 	 -0.029273 
-1.080000 	 0.332425 
-1.060000 	 0.129821 
-1.040000 	 -0.023771 
-1.020000 	 0.114482 
-1.000000 	 -0.009526 
-0.980000 	 0.089058 
-0.960000 	 0.243689 
-0.940000 	 0.055526 
-0.920000 	 -0.207956 
-0.900000 	 0.167842 
-0.880000 	 0.051745 
-0.860000 	 0.120897 
-0.840000 	 0.034283 
-0.820000 	 0.192951 
-0.800000 	 0.266380 
-0.780000 	 0.572403 
-0.760000 	 0.212111 
-0.740000 	 0.191421 
-0.720000 	 0.120705 
-0.700000 	 0.283970 
-0.680000 	 0.234031 
-0.660000 	 0.296362 
-0.640000 	 0.343723 
-0.620000 	 0.242873 
-0.600000 	 0.278202 
-0.580000 	 -0.055069 
-0.560000 	 0.095461 
-0.540000 	 0.139387 
-0.520000 	 0.249519 
-0.500000 	 0.259011 
-0.480000 	 0.029072 
-0.460000 	 0.136828 
-0.440000 	 0.333135 
-0.420000 	 0.135113 
-0.400000 	 0.083451 
-0.380000 	 0.260480 
-0.360000 	 0.112417 
-0.340000 	 0.178266 
-0.320000 	 0.443216 
-0.300000 	 0.092182 
-0.280000 	 0.310613 
-0.260000 	 0.131865 
-0.240000 	 0.051900 
-0.220000 	 0.198156 
-0.200000 	 0.125108 
-0.180000 	 0.144835 
-0.160000 	 0.082612 
-0.140000 	 0.103427 
-0.120000 	 0.337940 
-0.100000 	 -0.098344 
-0.080000 	 0.058920 
-0.060000 	 0.311488 
-0.040000 	 0.365214 
-0.020000 	 -0.016216 
0.000000 	 0.268632 
0.020000 	 0.217688 
0.040000 	 0.286431 
0.060000 	 0.073702 
0.080000 	 0.031347 
0.100000 	 0.131374 
0.120000 	 0.191755 
0.140000 	 0.212002 
0.160000 	 0.265038 
0.180000 	 0.697518 
0.200000 	 0.227357 
0.220000 	 0.191959 
0.240000 	 0.237324 
0.260000 	 0.127911 
0.280000 	 0.385100 
0.300000 	 0.224318 
0.320000 	 0.283345 
0.340000 	 0.297783 
0.360000 	 0.382885 
0.380000 	 0.383967 
0.400000 	 -0.046505 
0.420000 	 0.368859 
0.440000 	 0.267383 
0.460000 	 0.312865 
0.480000 	 0.244199 
0.500000 	 0.479493 
0.520000 	 0.430021 
0.540000 	 0.497113 
0.560000 	 0.366762 
0.580000 	 0.357326 
0.600000 	 0.298561 
0.620000 	 0.380173 
0.640000 	 0.361432 
0.660000 	 0.478362 
0.680000 	 0.619291 
0.700000 	 0.538721 
0.720000 	 0.266292 
0.740000 	 0.418738 
0.760000 	 0.420980 
0.780000 	 0.584448 
0.800000 	 0.357770 
0.820000 	 0.479387 
0.840000 	 0.377660 
0.860000 	 0.558440 
0.880000 	 0.254146 
0.900000 	 0.535923 
0.920000 	 0.431826 
0.940000 	 0.338838 
0.960000 	 0.336005 
0.980000 	 0.569938 
1.000000 	 0.608490 
1.020000 	 0.391035 
1.040000 	 0.495772 
1.060000 	 0.512380 
1.080000 	 0.406299 
1.100000 	 0.510687 
1.120000 	 0.695367 
1.140000 	 0.576284 
1.160000 	 0.703488 
1.180000 	 0.587200 
1.200000 	 0.482748 
1.220000 	 0.109706 
1.240000 	 0.625232 
1.260000 	 0.899700 
1.280000 	 0.778979 
1.300000 	 0.508296 
1.320000 	 0.765580 
1.340000 	 0.659289 
1.360000 	 0.427502 
1.380000 	 0.485043 
1.400000 	 0.788710 
1.420000 	 0.680274 
1.440000 	 0.912150 
1.460000 	 0.603450 
1.480000 	 0.716691 
1.500000 	 0.951778 
1.520000 	 0.723810 
1.540000 	 0.666569 
1.560000 	 0.615631 
1.580000 	 0.881861 
1.600000 	 0.791136 
1.620000 	 0.784163 
1.640000 	 0.552738 
1.660000 	 0.772091 
1.680000 	 0.828479 
1.700000 	 0.832593 
1.720000 	 0.753400 
1.740000 	 0.800655 
1.760000 	 0.975327 
1.780000 	 1.016955 
1.800000 	 0.626520 
1.820000 	 0.974572 
1.840000 	 1.421649 
1.860000 	 1.169866 
1.880000 	 0.807833 
1.900000 	 0.915304 
1.920000 	 0.636156 
1.940000 	 1.499663 
1.960000 	 1.154864 
1.980000 	 1.095155 
2.000000 	 0.921742 
2.020000 	 0.859213 
2.040000 	 1.044388 
2.060000 	 0.819737 
2.080000 	 0.966531 
2.100000 	 0.795603 
2.120000 	 1.179760 
2.140000 	 1.065374 
2.160000 	 1.055106 
2.180000 	 0.887382 
2.200000 	 0.987948 
2.220000 	 1.279780 
2.240000 	 1.185601 
2.260000 	 1.111324 
2.280000 	 0.922828 
2.300000 	 1.081029 
2.320000 	 1.254089 
2.340000 	 0.928002 
2.360000 	 1.305946 
2.380000 	 0.400000 
2.400000 	 1.290039 
2.420000 	 1.203621 
2.440000 	 1.245428 
2.460000 	 1.053865 
2.480000 	 1.409318 
2.500000 	 1.326632 
2.520000 	 1.057707 
2.540000 	 1.548075 
2.560000 	 1.083235 
2.580000 	 1.069836 
2.600000 	 1.436288 
2.620000 	 1.347783 
2.640000 	 1.446047 
2.660000 	 1.655946 
2.680000 	 1.090561 
2.700000 	 1.071547 
2.720000 	 1.490990 
2.740000 	 0.877876 
2.760000 	 1.296378 
2.780000 	 1.693812 
2.800000 	 1.297432 
2.820000 	 1.202102 
2.840000 	 1.194112 
2.860000 	 1.368114 
2.880000 	 1.577155 
2.900000 	 1.378541 
2.920000 	 1.548213 
2.940000 	 1.245392 
2.960000 	 1.504601 
2.980000 	 1.264809 
3.000000 	 1.582365 
3.020000 	 1.230155 
3.040000 	 1.565957 
3.060000 	 1.475899 
3.080000 	 1.543456 
3.100000 	 1.536022 
3.120000 	 1.567237 
3.140000 	 1.463181 
3.160000 	 1.596104 
3.180000 	 1.540569 
3.200000 	 1.558201 
3.220000 	 1.508998 
3.240000 	 1.607974 
3.260000 	 1.363579 
3.280000 	 1.703342 
3.300000 	 1.491582 
3.320000 	 1.215879 
3.340000 	 1.252361 
3.360000 	 1.493602 
3.380000 	 1.550105 
3.400000 	 1.624174 
3.420000 	 1.433771 
3.440000 	 1.432358 
3.460000 	 1.398019 
3.480000 	 1.849533 
3.500000 	 1.503293 
3.520000 	 1.650891 
3.540000 	 1.577300 
3.560000 	 1.457067 
3.580000 	 1.838507 
3.600000 	 1.449612 
3.620000 	 1.717374 
3.640000 	 1.429674 
3.660000 	 1.794670 
3.680000 	 1.335371 
3.700000 	 1.513354 
3.720000 	 1.580501 
3.740000 	 1.410703 
3.760000 	 1.286895 
3.780000 	 1.814491 
3.800000 	 1.718634 
3.820000 	 1.299174 
3.840000 	 1.707408 
3.860000 	 1.530291 
3.880000 	 1.591079 
3.900000 	 1.708431 
3.920000 	 1.552834 
3.940000 	 1.499174 
3.960000 	 1.488629 
3.980000 	 1.864326 
4.000000 	 1.499389 
4.020000 	 1.483611 
4.040000 	 1.678922 
4.060000 	 1.581529 
4.080000 	 1.592644 
4.100000 	 1.686981 
4.120000 	 1.401871 
4.140000 	 1.527060 
4.160000 	 1.483006 
4.180000 	 1.644742 
4.200000 	 1.700005 
4.220000 	 1.652752 
4.240000 	 1.366301 
4.260000 	 1.908737 
4.280000 	 1.748843 
4.300000 	 1.693677 
4.320000 	 1.632774 
4.340000 	 1.592101 
4.360000 	 1.579339 
4.380000 	 1.789728 
4.400000 	 1.855848 
4.420000 	 1.527505 
4.440000 	 1.322048 
4.460000 	 1.367281 
4.480000 	 1.504651 
4.500000 	 1.393129 
4.520000 	 1.766481 
4.540000 	 1.561085 
4.560000 	 1.538375 
4.580000 	 1.825722 
4.600000 	 1.595132 
4.620000 	 1.260841 
4.640000 	 1.398182 
4.660000 	 1.111291 
4.680000 	 1.553383 
4.700000 	 1.596944 
4.720000 	 1.410651 
4.740000 	 1.529193 
4.760000 	 1.447868 
4.780000 	 1.425211 
4.800000 	 1.756410 
4.820000 	 1.347729 
4.840000 	 1.296134 
4.860000 	 1.363647 
4.880000 	 1.257131 
4.900000 	 1.270330 
4.920000 	 1.449306 
4.940000 	 1.549828 
4.960000 	 1.397491 
4.980000 	 1.391847 
5.000000 	 1.588834 
5.020000 	 1.034458 
5.040000 	 1.371471 
5.060000 	 1.279868 
5.080000 	 1.346468 
5.100000 	 1.301902 
5.120000 	 1.506673 
5.140000 	 1.403148 
5.160000 	 1.519410 
5.180000 	 1.437789 
5.200000 	 1.401763 
5.220000 	 1.297032 
5.240000 	 1.014431 
5.260000 	 1.307751 
5.280000 	 1.290145 
5.300000 	 1.125828 
5.320000 	 1.125166 
5.340000 	 0.916161 
5.360000 	 1.339538 
5.380000 	 1.195879 
5.400000 	 1.172495 
5.420000 	 1.053745 
5.440000 	 1.260730 
5.460000 	 1.071377 
5.480000 	 1.281788 
5.500000 	 1.338728 
5.520000 	 1.019148 
5.540000 	 1.265039 
5.560000 	 1.264064 
5.580000 	 0.952946 
5.600000 	 1.331524 
5.620000 	 1.352480 
5.640000 	 1.290944 
5.660000 	 0.982436 
5.680000 	 0.896876 
5.700000 	 1.312322 
5.720000 	 1.012551 
5.740000 	 1.425643 
5.760000 	 1.311746 
5.780000 	 0.996100 
5.800000 	 0.929667 
5.820000 	 1.071354 
5.840000 	 1.241488 
5.860000 	 1.163495 
5.880000 	 0.995015 
5.900000 	 1.100203 
5.920000 	 0.878516 
5.940000 	 1.147172 
5.960000 	 1.202566 
5.980000 	 1.266617 
6.000000 	 1.151925 
6.020000 	 1.013816 
6.040000 	 0.758740 
6.060000 	 1.206405 
6.080000 	 0.919870 
6.100000 	 0.979892 
6.120000 	 0.866319 
6.140000 	 0.748854 
6.160000 	 0.777435 
6.180000 	 0.985632 
6.200000 	 0.861405 
6.220000 	 0.768188 
6.240000 	 0.768956 
6.260000 	 1.099823 
6.280000 	 0.621024 
6.300000 	 0.789550 
6.320000 	 0.906008 
6.340000 	 0.854950 
6.360000 	 0.771189 
6.380000 	 0.902795 
6.400000 	 0.708469 
6.420000 	 0.546574 
6.440000 	 0.830122 
6.460000 	 0.631526 
6.480000 	 0.724994 
6.500000 	 0.645671 
6.520000 	 0.594859 
6.540000 	 0.705837 
6.560000 	 0.584670 
6.580000 	 0.781504 
6.600000 	 0.786852 
6.620000 	 0.648117 
6.640000 	 0.802384 
6.660000 	 0.905354 
6.680000 	 0.556242 
6.700000 	 0.851945 
6.720000 	 0.628703 
6.740000 	 0.533781 
6.760000 	 0.625713 
6.780000 	 0.525586 
6.800000 	 0.992605 
6.820000 	 0.627940 
6.840000 	 0.851844 
6.860000 	 0.771104 
6.880000 	 0.572110 
6.900000 	 0.765712 
6.920000 	 0.732800 
6.940000 	 0.477973 
6.960000 	 0.720852 
6.980000 	 0.543198 
7.000000 	 0.504873 
7.020000 	 0.522846 
7.040000 	 0.596855 
7.060000 	 0.427608 
7.080000 	 0.476447 
7.100000 	 0.285723 
7.120000 	 0.300290 
7.140000 	 0.711853 
7.160000 	 0.517620 
7.180000 	 0.564219 
7.200000 	 0.295105 
7.220000 	 0.273082 
7.240000 	 0.637204 
7.260000 	 0.390711 
7.280000 	 0.506350 
7.300000 	 0.402252 
7.320000 	 0.613347 
7.340000 	 0.332686 
7.360000 	 0.317503 
7.380000 	 0.464156 
7.400000 	 0.183699 
7.420000 	 0.274579 
7.440000 	 0.676800 
7.460000 	 0.365729 
7.480000 	 0.173211 
7.500000 	 0.407217 
7.520000 	 0.527981 
7.540000 	 0.456435 
7.560000 	 0.330246 
7.580000 	 0.197139 
7.600000 	 0.302968 
7.620000 	 0.301539 
7.640000 	 0.196894 
7.660000 	 0.309381 
7.680000 	 0.378158 
7.700000 	 0.514184 
7.720000 	 0.385080 
7.740000 	 0.190311 
7.760000 	 0.015694 
7.780000 	 0.025927 
7.800000 	 0.152070 
7.820000 	 0.389978 
7.840000 	 0.273181 
7.860000 	 0.297993 
7.880000 	 0.469359 
7.900000 	 0.120563 
7.920000 	 0.237843 
7.940000 	 0.455146 
7.960000 	 0.167821 
7.980000 	 0.213408 
8.000000 	 0.369178 
8.020000 	 0.195130 
8.040000 	 0.054815 
8.060000 	 0.364241 
8.080000 	 0.228161 
8.100000 	 0.188196 
8.120000 	 -0.017657 
8.140000 	 0.015360 
8.160000 	 0.326473 
8.180000 	 0.438222 
8.200000 	 0.065064 
8.220000 	 0.202045 
8.240000 	 0.348349 
8.260000 	 0.141582 
8.280000 	 0.199531 
8.300000 	 0.168433 
8.320000 	 0.298378 
8.340000 	 -0.031722 
8.360000 	 0.044420 
8.380000 	 0.039758 
8.400000 	 0.336806 
8.420000 	 0.002545 
8.440000 	 0.366533 
8.460000 	 -0.062546 
8.480000 	 -0.006049 
8.500000 	 0.336548 
8.520000 	 0.014284 
8.540000 	 0.079868 
8.560000 	 0.203460 
8.580000 	 0.037930 
8.600000 	 0.082480 
8.620000 	 0.359312 
8.640000 	 0.041121 
8.660000 	 0.233008 
8.680000 	 0.065227 
8.700000 	 0.081276 
8.720000 	 0.016078 
8.740000 	 -0.002155 
8.760000 	 0.056025 
8.780000 	 0.033060 
8.800000 	 0.049627 
8.820000 	 0.156130 
8.840000 	 0.062754 
8.860000 	 0.080181 
8.880000 	 -0.145315 
8.900000 	 0.060159 
8.920000 	 0.119155 
8.940000 	 0.290418 
8.960000 	 0.177306 
8.980000 	 0.328682 
9.000000 	 -0.038785 
9.020000 	 0.120072 
9.040000 	 0.275307 
9.060000 	 0.064171 
9.080000 	 0.009566 
9.100000 	 0.301857 
9.120000 	 -0.093729 
9.140000 	 0.169013 
9.160000 	 0.226784 
9.180000 	 -0.015347 
9.200000 	 0.098673 
9.220000 	 0.107404 
9.240000 	 0.003219 
9.260000 	 0.158868 
9.280000 	 0.201318 
9.300000 	 -0.167098 
9.320000 	 -0.089170 
9.340000 	 -0.169153 
9.360000 	 -0.075639 
9.380000 	 0.360083 
9.400000 	 0.074544 
9.420000 	 -0.423348 
9.440000 	 0.342689 
9.460000 	 -0.271967 
9.480000 	 0.247826 
9.500000 	 0.261895 
9.520000 	 0.312958 
9.540000 	 -0.157535 
9.560000 	 0.157556 
9.580000 	 0.026341 
9.600000 	 -0.229764 
9.620000 	 0.168041 
9.640000 	 0.154787 
9.660000 	 -0.018776 
9.680000 	 0.119814 
9.700000 	 -0.055834 
9.720000 	 0.128821 
9.740000 	 0.007057 
9.760000 	 -0.141312 
9.780000 	 0.151667 
9.800000 	 0.132892 
9.820000 	 -0.099329 
9.840000 	 0.014618 
9.860000 	 -0.016382 
9.880000 	 -0.034718 
9.900000 	 0.157736 
9.920000 	 0.088846 
9.940000 	 0.209998 
9.960000 	 0.266975 
9.980000 	 -0.001840 
10.000000 	 -0.038756 
10.020000 	 -0.035840 
10.040000 	 0.268522 
10.060000 	 0.206826 
10.080000 	 -0.058588 
10.100000 	 -0.045062 
10.120000 	 -0.030817 
10.140000 	 0.146273 
10.160000 	 0.227097 
10.180000 	 0.060412 
10.200000 	 -0.096946 
10.220000 	 0.227084 
10.240000 	 -0.175059 
10.260000 	 0.057201 
10.280000 	 -0.220950 
10.300000 	 0.055815 
10.320000 	 0.116540 
10.340000 	 0.105685 
10.360000 	 0.007880 
10.380000 	 0.127960 
10.400000 	 0.018248 
10.420000 	 0.308820 
10.440000 	 0.161132 
10.460000 	 -0.170798 
10.480000 	 -0.138938 
10.500000 	 0.292405 
10.520000 	 -0.179661 
10.540000 	 0.281989 
10.560000 	 0.068364 
10.580000 	 -0.009211 
10.600000 	 -0.107999 
10.620000 	 -0.065684 
10.640000 	 -0.098921 
10.660000 	 -0.145712 
10.680000 	 0.123550 
10.700000 	 0.190902 
10.720000 	 -0.213657 
10.740000 	 0.253265 
10.760000 	 -0.056042 
10.780000 	 0.217561 
10.800000 	 -0.100438 
10.820000 	 -0.093696 
10.840000 	 -0.139292 
10.860000 	 -0.031818 
10.880000 	 0.059420 
10.900000 	 -0.106789 
10.920000 	 0.010479 
10.940000 	 -0.237454 
10.960000 	 0.063568 
10.980000 	 -0.237144 
11.000000 	 0.077416 
11.020000 	 -0.237510 
11.040000 	 0.189470 
11.060000 	 0.175364 
11.080000 	 0.072366 
11.100000 	 0.020702 
11.120000 	 0.116647 
11.140000 	 -0.013686 
11.160000 	 0.128748 
11.180000 	 -0.173989 
11.200000 	 0.140475 
11.220000 	 -0.126542 
11.240000 	 0.094544 
11.260000 	 -0.099695 
11.280000 	 0.023167 
11.300000 	 -0.075386 
11.320000 	 -0.258249 
11.340000 	 -0.062687 
11.360000 	 0.441753 
11.380000 	 -0.119037 
11.400000 	 0.037128 
11.420000 	 0.036531 
11.440000 	 0.205551 
11.460000 	 -0.502007 
11.480000 	 0.182744 
11.500000 	 0.060160 
11.520000 	 -0.113240 
11.540000 	 0.031893 
11.560000 	 -0.320259 
11.580000 	 -0.216302 
11.600000 	 -0.259573 
11.620000 	 0.005597 
11.640000 	 0.226333 
11.660000 	 0.064662 
11.680000 	 -0.053254 
11.700000 	 0.130644 
11.720000 	 0.250517 
11.740000 	 0.197802 
11.760000 	 -0.083250 
11.780000 	 0.217013 
11.800000 	 0.045044 
11.820000 	 -0.031543 
11.840000 	 0.060486 
11.860000 	 0.214899 
11.880000 	 0.076729 
11.900000 	 -0.021834 
11.920000 	 0.127923 
11.940000 	 0.174524 
11.960000 	 0.048740 
11.980000 	 -0.050763 
12.000000 	 0.049787 
12.020000 	 0.110687 
12.040000 	 -0.058745 
12.060000 	 -0.161849 
12.080000 	 0.061907 
12.100000 	 -0.102434 
12.120000 	 0.009655 
12.140000 	 -0.327707 
12.160000 	 -0.001216 
12.180000 	 0.056673 
12.200000 	 -0.052294 
12.220000 	 0.144420 
12.240000 	 -0.370781 
12.260000 	 -0.033493 
12.280000 	 0.003496 
12.300000 	 -0.361830 
12.320000 	 -0.124070 
12.340000 	 -0.152097 
12.360000 	 -0.067779 
12.380000 	 0.067468 
12.400000 	 -0.004786 
12.420000 	 -0.004974 
12.440000 	 0.013788 
12.460000 	 -0.201271 
12.480000 	 -0.088684 
12.500000 	 -0.020455 
12.520000 	 0.189514 
12.540000 	 -0.019872 
12.560000 	 -0.021972 
12.580000 	 0.073980 
12.600000 	 -0.202800 
12.620000 	 -0.316643 
12.640000 	 -0.217794 
12.660000 	 0.044441 
12.680000 	 0.142782 
12.700000 	 -0.057668 
12.720000 	 0.214403 
12.740000 	 -0.101729 
12.760000 	 -0.139266 
12.780000 	 -0.080819 
12.800000 	 0.119530 
12.820000 	 0.013206 
12.840000 	 -0.185085 
12.860000 	 0.074769 
12.880000 	 0.103023 
12.900000 	 -0.107368 
12.920000 	 0.134793 
12.940000 	 0.089027 
12.960000 	 0.059179 
12.980000 	 -0.018747 
13.000000 	 -0.059641 
13.020000 	 0.176060 
13.040000 	 -0.161622 
13.060000 	 -0.082489 
13.080000 	 0.255753 
13.100000 	 -0.168505 
13.120000 	 -0.182717 
13.140000 	 0.063510 
13.160000 	 -0.093445 
13.180000 	 -0.041722 
13.200000 	 -0.104168 
13.220000 	 0.087006 
13.240000 	 -0.004069 
13.260000 	 0.094667 
13.280000 	 0.029555 
13.300000 	 -0.225691 
13.320000 	 0.114948 
13.340000 	 -0.040528 
13.360000 	 -0.071572 
13.380000 	 -0.117027 
13.400000 	 -0.144194 
13.420000 	 -0.195748 
13.440000 	 0.216730 
13.460000 	 -0.114983 
13.480000 	 0.031794 
13.500000 	 -0.237042 
13.520000 	 -0.063077 
13.540000 	 -0.049079 
13.560000 	 0.219334 
13.580000 	 0.052253 
13.600000 	 -0.049396 
13.620000 	 0.193822 
13.640000 	 0.004007 
13.660000 	 0.213539 
13.680000 	 0.045023 
13.700000 	 0.039674 
13.720000 	 0.019851 
13.740000 	 -0.073440 
13.760000 	 0.125990 
13.780000 	 -0.098352 
13.800000 	 0.167699 
13.820000 	 -0.061471 
13.840000 	 0.041132 
13.860000 	 -0.356652 
13.880000 	 0.095177 
13.900000 	 0.100422 
13.920000 	 -0.024163 
13.940000 	 0.043890 
13.960000 	 -0.191175 
13.980000 	 0.158034 
14.000000 	 0.030439 
14.020000 	 0.309726 
14.040000 	 0.232023 
14.060000 	 0.100517 
14.080000 	 -0.290376 
14.100000 	 0.036860 
14.120000 	 0.010611 
14.140000 	 0.123164 
14.160000 	 0.035828 
14.180000 	 0.227225 
14.200000 	 -0.019658 
14.220000 	 0.138620 
14.240000 	 -0.172872 
14.260000 	 0.098067 
14.280000 	 -0.143849 
14.300000 	 0.135690 
14.320000 	 0.071308 
14.340000 	 0.097998 
14.360000 	 -0.390171 
14.380000 	 -0.007324 
14.400000 	 -0.157060 
14.420000 	 0.108543 
14.440000 	 0.047783 
14.460000 	 0.144373 
14.480000 	 0.228251 
14.500000 	 0.119347 
14.520000 	 -0.198387 
14.540000 	 0.007203 
14.560000 	 0.700000 
14.580000 	 -0.194543 
14.600000 	 0.025419 
14.620000 	 -0.118375 
14.640000 	 0.201793 
14.660000 	 0.313214 
14.680000 	 0.038301 
14.700000 	 0.220879 
14.720000 	 -0.101376 
14.740000 	 -0.039068 
14.760000 	 0.102329 
14.780000 	 0.145966 
14.800000 	 0.137487 
14.820000 	 0.056993 
14.840000 	 -0.050227 
14.860000 	 -0.026946 
14.880000 	 0.096649 
14.900000 	 0.206494 
14.920000 	 -0.004455 
14.940000 	 -0.190315 
14.960000 	 -0.063534 
14.980000 	 0.127571 
15.000000 	 0.123033 
