-15.000000 	 0.187713 
-14.980000 	 0.179030 
-14.960000 	 -0.007200 
-14.940000 	 0.158427 
-14.920000 	 -0.293052 
-14.900000 	 -0.053570 
-14.880000 	 -0.212443 
-14.860000 	 0.006370 
-14.840000 	 0.244198 
-14.820000 	 -0.250205 
-14.800000 	 -0.100000 
-14.780000 	 -0.151018 
-14.760000 	 0.162352 
-14.740000 	 0.176865 
-14.720000 	 0.231855 
-14.700000 	 -0.016332 
-14.680000 	 0.044090 
-14.660000 	 0.362731 
-14.640000 	 -0.009279 
-14.620000 	 -0.035722 
-14.600000 	 -0.089134 
-14.580000 	 -0.118522 
-14.560000 	 0.086456 
-14.540000 	 0.037431 
-14.520000 	 -0.005249 
-14.500000 	 0.102034 
-14.480000 	 0.329528 
-14.460000 	 0.048363 
-14.440000 	 -0.278828 
-14.420000 	 -0.126907 
-14.400000 	 0.139062 
-14.380000 	 -0.062656 
-14.360000 	 0.218105 
-14.340000 	 -0.265105 
-14.320000 	 0.213628 
-14.300000 	 -0.214780 
-14.280000 	 -0.136946 
-14.260000 	 -0.045592 
-14.240000 	 0.135572 
-14.220000 	 0.204768 
-14.200000 	 -0.030090 
-14.180000 	 -0.011903 
-14.160000 	 -0.158678 
-14.140000 	 0.091822 
-14.120000 	 0.254687 
-14.100000 	 -0.277496 
-14.080000 	 -0.063269 
-14.060000 	 0.300498 
-14.040000 	 0.234727 
-14.020000 	 0.037703 
-14.000000 	 -0.187811 
-13.980000 	 0.130469 
-13.960000 	 0.208343 
-13.940000 	 0.129029 
-13.920000 	 0.008741 
-13.900000 	 -0.133259 
-13.880000 	 -0.184926 
-13.860000 	 -0.193175 
-13.840000 	 0.077131 
-13.820000 	 -0.303939 
-13.800000 	 0.101397 
-13.780000 	 -0.187458 
-13.760000 	 -0.012841 
-13.740000 	 -0.034910 
-13.720000 	 -0.300000 
-13.700000 	 -0.017388 
-13.680000 	 0.009445 
-13.660000 	 -0.390914 
-13.640000 	 0.015126 
-13.620000 	 -0.000249 
-13.600000 	 -0.086811 
-13.580000 	 0.114050 
-13.560000 	 0.095018 
-13.540000 	 -0.090910 
-13.520000 	 -0.233394 
-13.500000 	 -0.207185 
-13.480000 	 -0.138720 
-13.460000 	 -0.082413 
-13.440000 	 -0.033423 
-13.420000 	 0.033952 
-13.400000 	 -0.174188 
-13.380000 	 -0.079008 
-13.360000 	 0.243310 
-13.340000 	 -0.032781 
-13.320000 	 -0.220402 
-13.300000 	 -0.090897 
-13.280000 	 0.110223 
-13.260000 	 0.133440 
-13.240000 	 -0.140238 
-13.220000 	 0.149494 
-13.200000 	 0.102719 
-13.180000 	 0.055549 
-13.160000 	 -0.090235 
-13.140000 	 0.178759 
-13.120000 	 0.069864 
-13.100000 	 -0.017601 
-13.080000 	 -0.212974 
-13.060000 	 -0.160245 
-13.040000 	 0.175301 
-13.020000 	 -0.033589 
-13.000000 	 0.078217 
-12.980000 	 -0.193914 
-12.960000 	 -0.145810 
-12.940000 	 0.104173 
-12.920000 	 0.031650 
-12.900000 	 0.128419 
-12.880000 	 -0.034762 
-12.860000 	 -0.067982 
-12.840000 	 -0.216013 
-12.820000 	 -0.077098 
-12.800000 	 -0.230234 
-12.780000 	 0.063846 
-12.760000 	 0.123505 
-12.740000 	 -0.089894 
-12.720000 	 0.153046 
-12.700000 	 -0.136695 
-12.680000 	 0.181323 
-12.660000 	 -0.139219 
-12.640000 	 -0.168305 
-12.620000 	 0.047603 
-12.600000 	 0.065240 
-12.580000 	 0.094311 
-12.560000 	 -0.142964 
-12.540000 	 0.176066 
-12.520000 	 -0.222373 
-12.500000 	 -0.104030 
-12.480000 	 0.461319 
-12.460000 	 0.247690 
-12.440000 	 -0.182688 
-12.420000 	 0.160803 
-12.400000 	 0.034031 
-12.380000 	 0.301444 
-12.360000 	 0.196069 
-12.340000 	 -0.161497 
-12.320000 	 -0.142401 
-12.300000 	 -0.186619 
-12.280000 	 0.111990 
-12.260000 	 0.354371 
-12.240000 	 -0.042786 
-12.220000 	 0.292484 
-12.200000 	 0.090281 
-12.180000 	 0.001161 
-12.160000 	 -0.076259 
-12.140000 	 -0.217248 
-12.120000 	 0.007168 
-12.100000 	 0.115688 
-12.080000 	 0.021764 
-12.060000 	 0.035687 
-12.040000 	 0.058316 
-12.020000 	 0.280075 
-12.000000 	 0.300229 
-11.980000 	 0.105676 
-11.960000 	 0.029710 
-11.940000 	 -0.039858 
-11.920000 	 0.050949 
-11.900000 	 -0.074788 
-11.880000 	 0.172973 
-11.860000 	 0.165018 
-11.840000 	 -0.215164 
-11.820000 	 -0.044940 
-11.800000 	 -0.080554 
-11.780000 	 0.033324 
-11.760000 	 -0.324045 
-11.740000 	 0.091599 
-11.720000 	 -0.416015 
-11.700000 	 -0.230705 
-11.680000 	 0.277199 
-11.660000 	 -0.138353 
-11.640000 	 -0.137044 
-11.620000 	 0.111927 
-11.600000 	 0.049741 
-11.580000 	 0.162575 
-11.560000 	 0.246090 
-11.540000 	 -0.008127 
-11.520000 	 -0.036218 
-11.500000 	 -0.125859 
-11.480000 	 0.234360 
-11.460000 	 0.025619 
-11.440000 	 0.094223 
-11.420000 	 0.082711 
-11.400000 	 0.003099 
-11.380000 	 0.284207 
-11.360000 	 0.116674 
-11.340000 	 0.140776 
-11.320000 	 -0.034640 
-11.300000 	 -0.028088 
-11.280000 	 0.216611 
-11.260000 	 -0.103583 
-11.240000 	 -0.076162 
-11.220000 	 0.048103 
-11.200000 	 -0.057886 
-11.180000 	 0.096665 
-11.160000 	 0.087553 
-11.140000 	 0.064275 
-11.120000 	 -0.159741 
-11.100000 	 0.045811 
-11.080000 	 -0.132790 
-11.060000 	 -0.031889 
-11.040000 	 0.049305 
-11.020000 	 0.084168 
-11.000000 	 0.038099 
-10.980000 	 -0.399241 
-10.960000 	 -0.217149 
-10.940000 	 0.230278 
-10.920000 	 0.036271 
-10.900000 	 -0.171100 
-10.880000 	 -0.015144 
-10.860000 	 0.070075 
-10.840000 	 0.216608 
-10.820000 	 0.000498 
-10.800000 	 -0.110777 
-10.780000 	 -0.229156 
-10.760000 	 -0.078206 
-10.740000 	 -0.054446 
-10.720000 	 0.046099 
-10.700000 	 0.274211 
-10.680000 	 -0.205103 
-10.660000 	 -0.068082 
-10.640000 	 0.238537 
-10.620000 	 0.132533 
-10.600000 	 -0.042187 
-10.580000 	 -0.107657 
-10.560000 	 0.072118 
-10.540000 	 -0.268402 
-10.520000 	 0.041912 
-10.500000 	 -0.022595 
-10.480000 	 0.020192 
-10.460000 	 0.234915 
-10.440000 	 0.046497 
-10.420000 	 -0.018995 
-10.400000 	 0.059788 
-10.380000 	 0.229176 
-10.360000 	 -0.187315 
-10.340000 	 -0.400000 
-10.320000 	 0.113820 
-10.300000 	 0.084516 
-10.280000 	 -0.097665 
-10.260000 	 0.256150 
-10.240000 	 0.358170 
-10.220000 	 0.022680 
-10.200000 	 0.072929 
-10.180000 	 -0.186046 
-10.160000 	 -0.159171 
-10.140000 	 0.199714 
-10.120000 	 0.092962 
-10.100000 	 -0.083147 
-10.080000 	 0.146767 
-10.060000 	 0.083248 
-10.040000 	 0.043339 
-10.020000 	 -0.021614 
-10.000000 	 0.016448 
-9.980000 	 -0.147295 
-9.960000 	 0.158704 
-9.940000 	 -0.132492 
-9.920000 	 -0.306882 
-9.900000 	 -0.014779 
-9.880000 	 -0.071070 
-9.860000 	 0.048582 
-9.840000 	 -0.058682 
-9.820000 	 0.024145 
-9.800000 	 0.127181 
-9.780000 	 -0.035752 
-9.760000 	 -0.120300 
-9.740000 	 -0.090507 
-9.720000 	 -0.075760 
-9.700000 	 -0.237298 
-9.680000 	 0.075384 
-9.660000 	 -0.180585 
-9.640000 	 0.143757 
-9.620000 	 -0.123031 
-9.600000 	 0.100353 
-9.580000 	 0.068241 
-9.560000 	 -0.126895 
-9.540000 	 -0.011819 
-9.520000 	 0.129693 
-9.500000 	 0.216609 
-9.480000 	 0.240975 
-9.460000 	 0.065668 
-9.440000 	 0.171602 
-9.420000 	 0.137431 
-9.400000 	 -0.047661 
-9.380000 	 -0.078293 
-9.360000 	 -0.121968 
-9.340000 	 -0.030654 
-9.320000 	 -0.129365 
-9.300000 	 -0.096073 
-9.280000 	 -0.190063 
-9.260000 	 0.034811 
-9.240000 	 -0.018686 
-9.220000 	 -0.009188 
-9.200000 	 0.178596 
-9.180000 	 0.056282 
-9.160000 	 0.174817 
-9.140000 	 -0.071963 
-9.120000 	 -0.160477 
-9.100000 	 -0.090507 
-9.080000 	 0.086964 
-9.060000 	 -0.109702 
-9.040000 	 0.084235 
-9.020000 	 0.152981 
-9.000000 	 -0.119627 
-8.980000 	 0.172927 
-8.960000 	 -0.004690 
-8.940000 	 0.056733 
-8.920000 	 0.113732 
-8.900000 	 0.255602 
-8.880000 	 0.115020 
-8.860000 	 0.163216 
-8.840000 	 0.096450 
-8.820000 	 0.065989 
-8.800000 	 -0.120200 
-8.780000 	 -0.136445 
-8.760000 	 0.252139 
-8.740000 	 -0.077501 
-8.720000 	 0.096828 
-8.700000 	 0.023860 
-8.680000 	 -0.147529 
-8.660000 	 -0.015148 
-8.640000 	 -0.217473 
-8.620000 	 -0.110430 
-8.600000 	 -0.079911 
-8.580000 	 -0.204167 
-8.560000 	 -0.268530 
-8.540000 	 -0.089578 
-8.520000 	 -0.020729 
-8.500000 	 -0.024273 
-8.480000 	 0.021445 
-8.460000 	 0.074343 
-8.440000 	 0.044194 
-8.420000 	 -0.223516 
-8.400000 	 0.123704 
-8.380000 	 0.082213 
-8.360000 	 0.136983 
-8.340000 	 -0.031515 
-8.320000 	 -0.014269 
-8.300000 	 -0.020596 
-8.280000 	 0.167923 
-8.260000 	 -0.054592 
-8.240000 	 0.007238 
-8.220000 	 0.025719 
-8.200000 	 -0.017708 
-8.180000 	 0.004277 
-8.160000 	 0.168316 
-8.140000 	 0.304464 
-8.120000 	 -0.089502 
-8.100000 	 0.107327 
-8.080000 	 0.119044 
-8.060000 	 0.198385 
-8.040000 	 0.034725 
-8.020000 	 0.076828 
-8.000000 	 -0.063484 
-7.980000 	 -0.224447 
-7.960000 	 0.032172 
-7.940000 	 0.120008 
-7.920000 	 0.119921 
-7.900000 	 0.040900 
-7.880000 	 0.066758 
-7.860000 	 0.090937 
-7.840000 	 -0.131997 
-7.820000 	 -0.068288 
-7.800000 	 0.018709 
-7.780000 	 0.059610 
-7.760000 	 0.223855 
-7.740000 	 -0.105679 
-7.720000 	 -0.261079 
-7.700000 	 -0.076347 
-7.680000 	 0.096444 
-7.660000 	 -0.011177 
-7.640000 	 0.170664 
-7.620000 	 -0.006155 
-7.600000 	 0.012832 
-7.580000 	 0.195313 
-7.560000 	 0.014713 
-7.540000 	 -0.102045 
-7.520000 	 -0.091428 
-7.500000 	 0.154296 
-7.480000 	 0.202189 
-7.460000 	 0.068718 
-7.440000 	 0.044942 
-7.420000 	 -0.039744 
-7.400000 	 -0.063787 
-7.380000 	 0.068928 
-7.360000 	 0.183078 
-7.340000 	 -0.024789 
-7.320000 	 0.134115 
-7.300000 	 -0.058197 
-7.280000 	 0.017830 
-7.260000 	 0.167262 
-7.240000 	 -0.040345 
-7.220000 	 0.250501 
-7.200000 	 0.087737 
-7.180000 	 0.079496 
-7.160000 	 0.156552 
-7.140000 	 0.113689 
-7.120000 	 -0.029996 
-7.100000 	 -0.050165 
-7.080000 	 0.039058 
-7.060000 	 0.140638 
-7.040000 	 0.217293 
-7.020000 	 0.272953 
-7.000000 	 0.372943 
-6.980000 	 0.189322 
-6.960000 	 -0.089160 
-6.940000 	 0.134843 
-6.920000 	 0.189631 
-6.900000 	 0.267259 
-6.880000 	 0.211373 
-6.860000 	 -0.135973 
-6.840000 	 0.240194 
-6.820000 	 0.075361 
-6.800000 	 0.348021 
-6.780000 	 -0.043999 
-6.760000 	 0.322267 
-6.740000 	 0.228450 
-6.720000 	 0.056339 
-6.700000 	 0.048420 
-6.680000 	 -0.039105 
-6.660000 	 -0.082599 
-6.640000 	 0.003209 
-6.620000 	 0.073480 
-6.600000 	 -0.104155 
-6.580000 	 0.067767 
-6.560000 	 0.061007 
-6.540000 	 0.370927 
-6.520000 	 0.048407 
-6.500000 	 -0.152222 
-6.480000 	 0.045131 
-6.460000 	 0.233504 
-6.440000 	 0.178033 
-6.420000 	 0.050764 
-6.400000 	 0.307554 
-6.380000 	 0.032723 
-6.360000 	 0.180696 
-6.340000 	 0.319859 
-6.320000 	 0.127951 
-6.300000 	 0.232237 
-6.280000 	 0.222939 
-6.260000 	 0.032847 
-6.240000 	 0.192548 
-6.220000 	 0.182910 
-6.200000 	 0.081351 
-6.180000 	 0.109557 
-6.160000 	 0.132738 
-6.140000 	 0.611916 
-6.120000 	 0.580649 
-6.100000 	 0.343322 
-6.080000 	 0.333503 
-6.060000 	 0.086282 
-6.040000 	 0.234270 
-6.020000 	 0.206925 
-6.000000 	 0.115002 
-5.980000 	 -0.009839 
-5.960000 	 0.165989 
-5.940000 	 0.166994 
-5.920000 	 0.454190 
-5.900000 	 0.027972 
-5.880000 	 0.178537 
-5.860000 	 0.492221 
-5.840000 	 0.305143 
-5.820000 	 0.336044 
-5.800000 	 0.411168 
-5.780000 	 0.156915 
-5.760000 	 0.100318 
-5.740000 	 0.252353 
-5.720000 	 -0.088072 
-5.700000 	 0.106137 
-5.680000 	 0.431024 
-5.660000 	 0.099008 
-5.640000 	 0.275405 
-5.620000 	 0.116018 
-5.600000 	 0.273608 
-5.580000 	 0.227598 
-5.560000 	 0.168096 
-5.540000 	 0.100118 
-5.520000 	 0.406895 
-5.500000 	 0.206793 
-5.480000 	 0.080182 
-5.460000 	 0.313287 
-5.440000 	 0.141275 
-5.420000 	 0.082584 
-5.400000 	 0.444852 
-5.380000 	 0.349110 
-5.360000 	 0.356621 
-5.340000 	 0.464023 
-5.320000 	 0.151768 
-5.300000 	 0.124503 
-5.280000 	 0.455712 
-5.260000 	 0.503779 
-5.240000 	 0.634427 
-5.220000 	 0.281715 
-5.200000 	 0.508118 
-5.180000 	 0.352506 
-5.160000 	 0.452249 
-5.140000 	 0.681740 
-5.120000 	 0.453018 
-5.100000 	 0.573094 
-5.080000 	 0.205721 
-5.060000 	 0.606313 
-5.040000 	 0.024266 
-5.020000 	 0.370605 
-5.000000 	 0.201092 
-4.980000 	 0.483397 
-4.960000 	 0.525365 
-4.940000 	 0.491599 
-4.920000 	 0.450600 
-4.900000 	 0.424332 
-4.880000 	 0.382933 
-4.860000 	 0.713675 
-4.840000 	 0.388018 
-4.820000 	 0.362405 
-4.800000 	 0.519031 
-4.780000 	 0.543200 
-4.760000 	 0.244252 
-4.740000 	 0.443693 
-4.720000 	 0.463801 
-4.700000 	 0.349858 
-4.680000 	 0.428575 
-4.660000 	 0.482820 
-4.640000 	 0.578742 
-4.620000 	 0.620865 
-4.600000 	 0.624312 
-4.580000 	 0.587110 
-4.560000 	 0.478456 
-4.540000 	 0.460045 
-4.520000 	 0.415644 
-4.500000 	 0.354342 
-4.480000 	 0.358493 
-4.460000 	 0.427431 
-4.440000 	 0.363416 
-4.420000 	 0.460983 
-4.400000 	 0.208067 
-4.380000 	 0.569764 
-4.360000 	 0.534643 
-4.340000 	 0.386322 
-4.320000 	 0.711751 
-4.300000 	 0.431109 
-4.280000 	 0.447791 
-4.260000 	 0.231708 
-4.240000 	 0.433563 
-4.220000 	 0.657020 
-4.200000 	 0.848857 
-4.180000 	 0.312676 
-4.160000 	 0.399197 
-4.140000 	 0.600380 
-4.120000 	 0.616382 
-4.100000 	 0.347947 
-4.080000 	 0.457427 
-4.060000 	 0.534367 
-4.040000 	 0.620066 
-4.020000 	 0.378365 
-4.000000 	 0.743329 
-3.980000 	 0.673495 
-3.960000 	 0.461668 
-3.940000 	 0.449726 
-3.920000 	 0.438526 
-3.900000 	 0.230207 
-3.880000 	 0.447632 
-3.860000 	 0.633333 
-3.840000 	 0.370478 
-3.820000 	 0.529680 
-3.800000 	 0.238952 
-3.780000 	 0.581041 
-3.760000 	 0.538853 
-3.740000 	 0.720244 
-3.720000 	 0.499017 
-3.700000 	 0.843329 
-3.680000 	 0.511228 
-3.660000 	 0.431653 
-3.640000 	 0.693152 
-3.620000 	 0.289586 
-3.600000 	 0.475967 
-3.580000 	 0.473544 
-3.560000 	 0.611914 
-3.540000 	 0.371574 
-3.520000 	 0.404495 
-3.500000 	 0.566323 
-3.480000 	 0.649220 
-3.460000 	 0.553156 
-3.440000 	 0.416046 
-3.420000 	 0.283850 
-3.400000 	 0.394984 
-3.380000 	 0.510369 
-3.360000 	 0.563496 
-3.340000 	 0.656959 
-3.320000 	 0.512458 
-3.300000 	 0.374926 
-3.280000 	 0.405303 
-3.260000 	 0.433569 
-3.240000 	 0.616528 
-3.220000 	 0.516286 
-3.200000 	 0.362128 
-3.180000 	 -0.025209 
-3.160000 	 0.280370 
-3.140000 	 0.576665 
-3.120000 	 0.350776 
-3.100000 	 0.498586 
-3.080000 	 0.550769 
-3.060000 	 0.183654 
-3.040000 	 0.515990 
-3.020000 	 0.567000 
-3.000000 	 0.316758 
-2.980000 	 0.419520 
-2.960000 	 0.581841 
-2.940000 	 0.332250 
-2.920000 	 0.462127 
-2.900000 	 0.583560 
-2.880000 	 0.414513 
-2.860000 	 0.470055 
-2.840000 	 0.552114 
-2.820000 	 0.338276 
-2.800000 	 0.339808 
-2.780000 	 0.569863 
-2.760000 	 0.287121 
-2.740000 	 0.279895 
-2.720000 	 0.423550 
-2.700000 	 0.488934 
-2.680000 	 0.303605 
-2.660000 	 0.409868 
-2.640000 	 0.288723 
-2.620000 	 0.239998 
-2.600000 	 0.341540 
-2.580000 	 0.370418 
-2.560000 	 0.389661 
-2.540000 	 0.480967 
-2.520000 	 0.260502 
-2.500000 	 0.700113 
-2.480000 	 0.245121 
-2.460000 	 0.276289 
-2.440000 	 0.275365 
-2.420000 	 0.404201 
-2.400000 	 0.442973 
-2.380000 	 0.293195 
-2.360000 	 0.206335 
-2.340000 	 0.246742 
-2.320000 	 0.357232 
-2.300000 	 0.403686 
-2.280000 	 0.345862 
-2.260000 	 0.280341 
-2.240000 	 0.200297 
-2.220000 	 0.302661 
-2.200000 	 0.138336 
-2.180000 	 0.356252 
-2.160000 	 0.294423 
-2.140000 	 0.248501 
-2.120000 	 0.351406 
-2.100000 	 0.318678 
-2.080000 	 0.255423 
-2.060000 	 0.362829 
-2.040000 	 0.286703 
-2.020000 	 0.544904 
-2.000000 	 0.187708 
-1.980000 	 0.191753 
-1.960000 	 0.152291 
-1.940000 	 0.102602 
-1.920000 	 0.286867 
-1.900000 	 0.105546 
-1.880000 	 0.184646 
-1.860000 	 -0.002112 
-1.840000 	 0.292586 
-1.820000 	 0.234516 
-1.800000 	 0.399485 
-1.780000 	 0.334380 
-1.760000 	 0.154721 
-1.740000 	 0.080945 
-1.720000 	 0.286528 
-1.700000 	 0.235769 
-1.680000 	 0.279754 
-1.660000 	 0.362281 
-1.640000 	 0.222022 
-1.620000 	 0.290553 
-1.600000 	 0.248157 
-1.580000 	 -0.233379 
-1.560000 	 0.015847 
-1.540000 	 0.243472 
-1.520000 	 0.129132 
-1.500000 	 -0.071477 
-1.480000 	 0.260618 
-1.460000 	 0.342753 
-1.440000 	 0.267861 
-1.420000 	 0.203767 
-1.400000 	 0.245406 
-1.380000 	 -0.013062 
-1.360000 	 0.206932 
-1.340000 	 0.108494 
-1.320000 	 0.121149 
-1.300000 	 0.060485 
-1.280000 	 0.254431 
-1.260000 	 -0.140992 
-1.240000 	 0.174232 
-1.220000 	 0.252384 
-1.200000 	 -0.017762 
-1.180000 	 0.065444 
-1.160000 	 0.341611 
-1.140000 	 0.144057 
-1.120000 	 0.532837 
-1.100000 	 0.054377 
-1.080000 	 -0.069364 
-1.060000 	 0.257081 
-1.040000 	 0.194952 
-1.020000 	 -0.021715 
-1.000000 	 0.307852 
-0.980000 	 -0.090283 
-0.960000 	 -0.010664 
-0.940000 	 0.174639 
-0.920000 	 -0.048072 
-0.900000 	 -0.083888 
-0.880000 	 -0.152243 
-0.860000 	 0.101491 
-0.840000 	 0.236919 
-0.820000 	 0.157709 
-0.800000 	 0.194819 
-0.780000 	 0.131030 
-0.760000 	 0.182805 
-0.740000 	 0.313025 
-0.720000 	 0.312193 
-0.700000 	 0.000340 
-0.680000 	 0.166041 
-0.660000 	 0.059267 
-0.640000 	 0.151447 
-0.620000 	 0.181828 
-0.600000 	 0.262119 
-0.580000 	 0.220341 
-0.560000 	 0.372904 
-0.540000 	 -0.040704 
-0.520000 	 0.375968 
-0.500000 	 0.364493 
-0.480000 	 -0.112906 
-0.460000 	 -0.005757 
-0.440000 	 0.289345 
-0.420000 	 0.162144 
-0.400000 	 0.036360 
-0.380000 	 0.235524 
-0.360000 	 0.333421 
-0.340000 	 0.479284 
-0.320000 	 -0.034462 
-0.300000 	 0.187855 
-0.280000 	 0.237161 
-0.260000 	 0.028425 
-0.240000 	 0.231251 
-0.220000 	 0.095827 
-0.200000 	 0.278119 
-0.180000 	 0.128299 
-0.160000 	 0.205310 
-0.140000 	 0.185907 
-0.120000 	 0.417442 
-0.100000 	 0.295551 
-0.080000 	 0.199534 
-0.060000 	 0.293656 
-0.040000 	 0.320757 
-0.020000 	 0.105327 
0.000000 	 0.078875 
0.020000 	 0.147018 
0.040000 	 0.053467 
0.060000 	 0.562694 
0.080000 	 0.486613 
0.100000 	 0.593518 
0.120000 	 0.519581 
0.140000 	 0.269216 
0.160000 	 0.516643 
0.180000 	 0.404634 
0.200000 	 0.378986 
0.220000 	 0.394417 
0.240000 	 0.429194 
0.260000 	 0.183304 
0.280000 	 0.391746 
0.300000 	 0.194706 
0.320000 	 0.518465 
0.340000 	 0.254798 
0.360000 	 0.217737 
0.380000 	 0.188483 
0.400000 	 0.146663 
0.420000 	 0.474771 
0.440000 	 0.183182 
0.460000 	 0.483271 
0.480000 	 0.507580 
0.500000 	 0.132185 
0.520000 	 0.052541 
0.540000 	 0.196455 
0.560000 	 0.611068 
0.580000 	 0.365977 
0.600000 	 0.339230 
0.620000 	 0.289662 
0.640000 	 0.575933 
0.660000 	 0.250608 
0.680000 	 0.389857 
0.700000 	 0.286283 
0.720000 	 0.290220 
0.740000 	 0.299353 
0.760000 	 0.343156 
0.780000 	 0.663436 
0.800000 	 0.558148 
0.820000 	 0.591650 
0.840000 	 0.459212 
0.860000 	 0.371412 
0.880000 	 0.249649 
0.900000 	 0.608958 
0.920000 	 0.128117 
0.940000 	 0.557983 
0.960000 	 0.679026 
0.980000 	 0.419617 
1.000000 	 0.546279 
1.020000 	 0.469867 
1.040000 	 0.574704 
1.060000 	 0.356202 
1.080000 	 0.487340 
1.100000 	 0.485406 
1.120000 	 0.653729 
1.140000 	 0.568648 
1.160000 	 0.420312 
1.180000 	 0.589956 
1.200000 	 0.737748 
1.220000 	 0.501421 
1.240000 	 0.469018 
1.260000 	 0.524907 
1.280000 	 0.521521 
1.300000 	 0.355656 
1.320000 	 0.773057 
1.340000 	 0.873555 
1.360000 	 0.887245 
1.380000 	 0.682589 
1.400000 	 0.866514 
1.420000 	 0.542970 
1.440000 	 1.103061 
1.460000 	 0.641901 
1.480000 	 0.624022 
1.500000 	 0.721963 
1.520000 	 0.617144 
1.540000 	 0.787997 
1.560000 	 1.161724 
1.580000 	 0.775269 
1.600000 	 0.728577 
1.620000 	 0.770147 
1.640000 	 0.942361 
1.660000 	 0.798083 
1.680000 	 0.864848 
1.700000 	 0.767403 
1.720000 	 0.720103 
1.740000 	 0.826036 
1.760000 	 0.802223 
1.780000 	 1.163749 
1.800000 	 0.758745 
1.820000 	 0.920077 
1.840000 	 0.887012 
1.860000 	 1.020725 
1.880000 	 0.820723 
1.900000 	 1.058705 
1.920000 	 1.054413 
1.940000 	 1.004641 
1.960000 	 0.918603 
1.980000 	 0.813734 
2.000000 	 0.973918 
2.020000 	 1.208043 
2.040000 	 0.981197 
2.060000 	 0.951553 
2.080000 	 0.876749 
2.100000 	 1.175124 
2.120000 	 0.997693 
2.140000 	 0.917887 
2.160000 	 0.654353 
2.180000 	 1.083914 
2.200000 	 1.138707 
2.220000 	 1.249940 
2.240000 	 0.967258 
2.260000 	 1.085829 
2.280000 	 0.975208 
2.300000 	 1.100818 
2.320000 	 1.136388 
2.340000 	 1.005985 
2.360000 	 1.273747 
2.380000 	 1.081876 
2.400000 	 1.398422 
2.420000 	 1.022658 
2.440000 	 1.141777 
2.460000 	 1.230709 
2.480000 	 1.149119 
2.500000 	 1.182394 
2.520000 	 1.392960 
2.540000 	 1.008377 
2.560000 	 1.260011 
2.580000 	 1.140469 
2.600000 	 1.292950 
2.620000 	 1.168687 
2.640000 	 1.114834 
2.660000 	 1.185835 
2.680000 	 1.424330 
2.700000 	 1.148033 
2.720000 	 1.403445 
2.740000 	 1.453983 
2.760000 	 1.326918 
2.780000 	 1.462181 
2.800000 	 1.056028 
2.820000 	 1.525402 
2.840000 	 1.250158 
2.860000 	 1.177383 
2.880000 	 1.332384 
2.900000 	 1.275246 
2.920000 	 1.533431 
2.940000 	 1.446858 
2.960000 	 1.164779 
2.980000 	 1.495811 
3.000000 	 1.627892 
3.020000 	 1.455191 
3.040000 	 1.406243 
3.060000 	 1.379616 
3.080000 	 1.361288 
3.100000 	 1.570873 
3.120000 	 1.751434 
3.140000 	 1.406850 
3.160000 	 1.555478 
3.180000 	 1.486284 
3.200000 	 1.542703 
3.220000 	 1.275519 
3.240000 	 1.525907 
3.260000 	 1.598072 
3.280000 	 1.559309 
3.300000 	 1.773966 
3.320000 	 1.485744 
3.340000 	 1.508251 
3.360000 	 1.453273 
3.380000 	 1.504256 
3.400000 	 1.415990 
3.420000 	 1.600397 
3.440000 	 1.600763 
3.460000 	 1.448061 
3.480000 	 1.474880 
3.500000 	 1.616199 
3.520000 	 1.559808 
3.540000 	 1.481641 
3.560000 	 1.563448 
3.580000 	 1.698940 
3.600000 	 1.690100 
3.620000 	 1.639007 
3.640000 	 1.658150 
3.660000 	 1.560823 
3.680000 	 1.553511 
3.700000 	 1.581862 
3.720000 	 1.410855 
3.740000 	 1.625931 
3.760000 	 1.531244 
3.780000 	 1.581617 
3.800000 	 1.397428 
3.820000 	 1.576135 
3.840000 	 1.681231 
3.860000 	 1.381186 
3.880000 	 1.880476 
3.900000 	 1.234761 
3.920000 	 1.655365 
3.940000 	 1.513822 
3.960000 	 1.556560 
3.980000 	 1.731472 
4.000000 	 1.515718 
4.020000 	 1.705900 
4.040000 	 1.766812 
4.060000 	 1.387513 
4.080000 	 1.621342 
4.100000 	 1.513617 
4.120000 	 1.462765 
4.140000 	 1.641410 
4.160000 	 1.890374 
4.180000 	 1.557926 
4.200000 	 1.649661 
4.220000 	 1.689987 
4.240000 	 1.629308 
4.260000 	 1.634128 
4.280000 	 1.367137 
4.300000 	 1.584327 
4.320000 	 1.331610 
4.340000 	 1.687136 
4.360000 	 1.607365 
4.380000 	 1.614430 
4.400000 	 1.609929 
4.420000 	 1.418952 
4.440000 	 1.433950 
4.460000 	 1.538385 
4.480000 	 1.549779 
4.500000 	 1.493209 
4.520000 	 1.781022 
4.540000 	 1.581963 
4.560000 	 1.728201 
4.580000 	 1.251192 
4.600000 	 1.317481 
4.620000 	 1.680841 
4.640000 	 1.287146 
4.660000 	 1.246304 
4.680000 	 1.471802 
4.700000 	 1.673233 
4.720000 	 1.518599 
4.740000 	 1.515570 
4.760000 	 1.304977 
4.780000 	 1.404658 
4.800000 	 1.408980 
4.820000 	 1.182062 
4.840000 	 1.557362 
4.860000 	 1.258205 
4.880000 	 1.521205 
4.900000 	 1.578872 
4.920000 	 1.357725 
4.940000 	 1.340102 
4.960000 	 1.344451 
4.980000 	 1.500212 
5.000000 	 1.204445 
5.020000 	 1.325779 
5.040000 	 1.387843 
5.060000 	 1.337507 
5.080000 	 1.662544 
5.100000 	 1.488697 
5.120000 	 1.254480 
5.140000 	 1.411363 
5.160000 	 1.456902 
5.180000 	 1.330637 
5.200000 	 1.165103 
5.220000 	 1.331071 
5.240000 	 1.482304 
5.260000 	 1.564744 
5.280000 	 1.215083 
5.300000 	 1.361664 
5.320000 	 1.249938 
5.340000 	 1.150371 
5.360000 	 1.393952 
5.380000 	 1.283427 
5.400000 	 1.229564 
5.420000 	 1.428496 
5.440000 	 1.118735 
5.460000 	 1.253519 
5.480000 	 1.050683 
5.500000 	 1.153515 
5.520000 	 1.074667 
5.540000 	 1.161205 
5.560000 	 1.204497 
5.580000 	 1.004723 
5.600000 	 1.334832 
5.620000 	 1.095946 
5.640000 	 1.110940 
5.660000 	 1.056124 
5.680000 	 1.323381 
5.700000 	 1.382395 
5.720000 	 1.243931 
5.740000 	 1.179428 
5.760000 	 1.164991 
5.780000 	 0.986567 
5.800000 	 1.197714 
5.820000 	 0.826673 
5.840000 	 1.000195 
5.860000 	 1.029542 
5.880000 	 1.152768 
5.900000 	 0.962707 
5.920000 	 0.820613 
5.940000 	 0.773995 
5.960000 	 1.056763 
5.980000 	 0.809195 
6.000000 	 0.903890 
6.020000 	 0.954451 
6.040000 	 0.949760 
6.060000 	 0.826553 
6.080000 	 1.093990 
6.100000 	 0.935346 
6.120000 	 0.769844 
6.140000 	 0.953387 
6.160000 	 0.927245 
6.180000 	 0.618710 
6.200000 	 0.996824 
6.220000 	 1.072211 
6.240000 	 0.522951 
6.260000 	 0.904032 
6.280000 	 0.918957 
6.300000 	 0.851284 
6.320000 	 1.076357 
6.340000 	 0.567642 
6.360000 	 1.006551 
6.380000 	 0.632208 
6.400000 	 1.175869 
6.420000 	 0.653270 
6.440000 	 0.553173 
6.460000 	 0.949786 
6.480000 	 0.299326 
6.500000 	 1.048310 
6.520000 	 0.610646 
6.540000 	 0.930880 
6.560000 	 0.489630 
6.580000 	 1.023417 
6.600000 	 0.479708 
6.620000 	 0.453871 
6.640000 	 0.592057 
6.660000 	 0.760206 
6.680000 	 1.001203 
6.700000 	 0.676082 
6.720000 	 0.603972 
6.740000 	 0.787601 
6.760000 	 0.801170 
6.780000 	 0.661993 
6.800000 	 0.445593 
6.820000 	 0.536635 
6.840000 	 0.531454 
6.860000 	 0.637457 
6.880000 	 0.448435 
6.900000 	 0.547222 
6.920000 	 0.337535 
6.940000 	 0.280736 
6.960000 	 0.792804 
6.980000 	 0.387947 
7.000000 	 0.696880 
7.020000 	 0.667375 
7.040000 	 0.807722 
7.060000 	 0.434309 
7.080000 	 0.727290 
7.100000 	 0.425191 
7.120000 	 0.500091 
7.140000 	 0.636327 
7.160000 	 0.425479 
7.180000 	 0.708713 
7.200000 	 0.409399 
7.220000 	 0.606643 
7.240000 	 0.446486 
7.260000 	 0.271075 
7.280000 	 0.428540 
7.300000 	 0.358784 
7.320000 	 0.199547 
7.340000 	 0.232718 
7.360000 	 0.142169 
7.380000 	 0.234236 
7.400000 	 0.438986 
7.420000 	 0.487265 
7.440000 	 0.358108 
7.460000 	 0.443896 
7.480000 	 0.343667 
7.500000 	 0.543514 
7.520000 	 0.234473 
7.540000 	 0.443467 
7.560000 	 0.378178 
7.580000 	 0.333791 
7.600000 	 0.134522 
7.620000 	 0.561272 
7.640000 	 0.331334 
7.660000 	 0.277032 
7.680000 	 0.281706 
7.700000 	 0.339788 
7.720000 	 0.192384 
7.740000 	 0.475849 
7.760000 	 0.182910 
7.780000 	 0.185716 
7.800000 	 0.225565 
7.820000 	 0.487485 
7.840000 	 0.366884 
7.860000 	 0.410450 
7.880000 	 0.015954 
7.900000 	 0.318494 
7.920000 	 0.234599 
7.940000 	 0.529708 
7.960000 	 0.312289 
7.980000 	 0.201963 
8.000000 	 0.205268 
8.020000 	 0.193262 
8.040000 	 0.204940 
8.060000 	 0.110326 
8.080000 	 0.364166 
8.100000 	 0.376016 
8.120000 	 0.055925 
8.140000 	 0.074205 
8.160000 	 0.187551 
8.180000 	 -0.800000 
8.200000 	 0.179003 
8.220000 	 0.347346 
8.240000 	 0.041635 
8.260000 	 0.066216 
8.280000 	 -0.115911 
8.300000 	 0.144455 
8.320000 	 0.307313 
8.340000 	 0.143909 
8.360000 	 0.156446 
8.380000 	 0.126996 
8.400000 	 0.028135 
8.420000 	 0.001248 
8.440000 	 0.136394 
8.460000 	 0.306574 
8.480000 	 0.110545 
8.500000 	 -0.200655 
8.520000 	 0.172550 
8.540000 	 0.194372 
8.560000 	 0.215826 
8.580000 	 -0.179530 
8.600000 	 0.274498 
8.620000 	 -0.033535 
8.640000 	 -0.247395 
8.660000 	 0.120706 
8.680000 	 0.025649 
8.700000 	 0.297638 
8.720000 	 -0.030529 
8.740000 	 0.175375 
8.760000 	 0.049912 
8.780000 	 -0.342764 
8.800000 	 -0.043492 
8.820000 	 0.320824 
8.840000 	 0.229399 
8.860000 	 -0.066321 
8.880000 	 0.130066 
8.900000 	 0.211406 
8.920000 	 0.800000 
8.940000 	 0.074273 
8.960000 	 -0.092547 
8.980000 	 0.002866 
9.000000 	 0.114500 
9.020000 	 -0.039577 
9.040000 	 0.071806 
9.060000 	 -0.225062 
9.080000 	 0.210993 
9.100000 	 0.067931 
9.120000 	 0.153759 
9.140000 	 -0.001304 
9.160000 	 0.089861 
9.180000 	 0.212206 
9.200000 	 0.184907 
9.220000 	 -0.009339 
9.240000 	 -0.002610 
9.260000 	 0.009633 
9.280000 	 -0.109847 
9.300000 	 -0.087867 
9.320000 	 -0.044304 
9.340000 	 -0.119267 
9.360000 	 0.015890 
9.380000 	 0.189613 
9.400000 	 0.064139 
9.420000 	 0.014797 
9.440000 	 0.185964 
9.460000 	 0.103721 
9.480000 	 -0.132910 
9.500000 	 -0.117787 
9.520000 	 -0.114324 
9.540000 	 -0.123145 
9.560000 	 0.123194 
9.580000 	 -0.049856 
9.600000 	 0.133598 
9.620000 	 -0.021565 
9.640000 	 0.043563 
9.660000 	 -0.102480 
9.680000 	 -0.001477 
9.700000 	 -0.102595 
9.720000 	 -0.000094 
9.740000 	 0.202251 
9.760000 	 -0.100095 
9.780000 	 -0.016095 
9.800000 	 0.198595 
9.820000 	 0.042348 
9.840000 	 0.160092 
9.860000 	 -0.075272 
9.880000 	 0.114552 
9.900000 	 -0.040498 
9.920000 	 -0.128077 
9.940000 	 0.280462 
9.960000 	 0.028670 
9.980000 	 -0.030013 
10.000000 	 0.334479 
10.020000 	 -0.117954 
10.040000 	 -0.158146 
10.060000 	 -0.145180 
10.080000 	 0.367083 
10.100000 	 -0.001830 
10.120000 	 0.038151 
10.140000 	 -0.064414 
10.160000 	 0.190403 
10.180000 	 -0.056094 
10.200000 	 -0.053413 
10.220000 	 0.054861 
10.240000 	 0.196168 
10.260000 	 0.123283 
10.280000 	 0.097892 
10.300000 	 0.130718 
10.320000 	 0.095779 
10.340000 	 -0.055031 
10.360000 	 0.090414 
10.380000 	 -0.473372 
10.400000 	 0.160820 
10.420000 	 0.245312 
10.440000 	 0.010316 
10.460000 	 -0.058200 
10.480000 	 0.064204 
10.500000 	 0.298309 
10.520000 	 0.164841 
10.540000 	 0.057546 
10.560000 	 0.017133 
10.580000 	 -0.049058 
10.600000 	 -0.020988 
10.620000 	 0.124527 
10.640000 	 -0.025403 
10.660000 	 -0.077760 
10.680000 	 -0.099070 
10.700000 	 0.145299 
10.720000 	 -0.181181 
10.740000 	 0.349149 
10.760000 	 0.280606 
10.780000 	 0.092831 
10.800000 	 0.245461 
10.820000 	 -0.015938 
10.840000 	 0.054972 
10.860000 	 -0.142396 
10.880000 	 -0.000927 
10.900000 	 0.347973 
10.920000 	 0.028733 
10.940000 	 -0.369616 
10.960000 	 0.061468 
10.980000 	 0.019793 
11.000000 	 -0.098588 
11.020000 	 -0.116830 
11.040000 	 0.236094 
11.060000 	 0.198252 
11.080000 	 0.275180 
11.100000 	 0.117124 
11.120000 	 -0.159372 
11.140000 	 0.016787 
11.160000 	 -0.086113 
11.180000 	 0.010826 
11.200000 	 -0.150686 
11.220000 	 0.240115 
11.240000 	 0.049941 
11.260000 	 0.129247 
11.280000 	 0.181799 
11.300000 	 -0.059737 
11.320000 	 0.045166 
11.340000 	 -0.332434 
11.360000 	 -0.105379 
11.380000 	 -0.011868 
11.400000 	 -0.044442 
11.420000 	 0.086752 
11.440000 	 0.251520 
11.460000 	 -0.041261 
11.480000 	 0.026946 
11.500000 	 0.194733 
11.520000 	 -0.028483 
11.540000 	 -0.091760 
11.560000 	 0.078182 
11.580000 	 0.123220 
11.600000 	 -0.254081 
11.620000 	 0.021245 
11.640000 	 0.021961 
11.660000 	 0.015394 
11.680000 	 -0.176694 
11.700000 	 -0.215491 
11.720000 	 0.105916 
11.740000 	 -0.245595 
11.760000 	 -0.145553 
11.780000 	 0.095707 
11.800000 	 -0.203214 
11.820000 	 0.089507 
11.840000 	 0.202302 
11.860000 	 -0.052658 
11.880000 	 -0.197286 
11.900000 	 -0.047194 
11.920000 	 0.093256 
11.940000 	 -0.055628 
11.960000 	 -0.149266 
11.980000 	 0.146444 
12.000000 	 -0.157888 
12.020000 	 0.129156 
12.040000 	 -0.060196 
12.060000 	 -0.020791 
12.080000 	 0.024982 
12.100000 	 -0.064736 
12.120000 	 0.062952 
12.140000 	 -0.209234 
12.160000 	 -0.169348 
12.180000 	 -0.158607 
12.200000 	 0.202988 
12.220000 	 0.033856 
12.240000 	 -0.021773 
12.260000 	 0.265721 
12.280000 	 0.287471 
12.300000 	 -0.013598 
12.320000 	 0.039240 
12.340000 	 -0.272048 
12.360000 	 0.093414 
12.380000 	 -0.117693 
12.400000 	 -0.013865 
12.420000 	 -0.195057 
12.440000 	 0.193108 
12.460000 	 0.004133 
12.480000 	 -0.258947 
12.500000 	 0.034733 
12.520000 	 -0.086322 
12.540000 	 -0.205133 
12.560000 	 0.080824 
12.580000 	 0.025869 
12.600000 	 0.049808 
12.620000 	 -0.143025 
12.640000 	 -0.104529 
12.660000 	 -0.087619 
12.680000 	 -0.386027 
12.700000 	 0.142864 
12.720000 	 -0.062016 
12.740000 	 -0.003652 
12.760000 	 0.070650 
12.780000 	 -0.293045 
12.800000 	 -0.246104 
12.820000 	 0.134748 
12.840000 	 0.103330 
12.860000 	 0.086732 
12.880000 	 0.230884 
12.900000 	 -0.090580 
12.920000 	 -0.010272 
12.940000 	 -0.026902 
12.960000 	 -0.077187 
12.980000 	 0.042180 
13.000000 	 0.271219 
13.020000 	 0.155331 
13.040000 	 0.152085 
13.060000 	 -0.252334 
13.080000 	 -0.027434 
13.100000 	 -0.187360 
13.120000 	 -0.051046 
13.140000 	 -0.367905 
13.160000 	 -0.245864 
13.180000 	 0.070412 
13.200000 	 0.158706 
13.220000 	 -0.383233 
13.240000 	 0.103422 
13.260000 	 -0.048180 
13.280000 	 -0.005293 
13.300000 	 0.045512 
13.320000 	 -0.046003 
13.340000 	 -0.276658 
13.360000 	 -0.276482 
13.380000 	 -0.113539 
13.400000 	 -0.228319 
13.420000 	 0.020427 
13.440000 	 -0.121226 
13.460000 	 0.006291 
13.480000 	 0.149135 
13.500000 	 -0.314927 
13.520000 	 -0.263492 
13.540000 	 -0.071207 
13.560000 	 0.152759 
13.580000 	 0.383781 
13.600000 	 0.205618 
13.620000 	 -0.002188 
13.640000 	 -0.130275 
13.660000 	 -0.170049 
13.680000 	 0.088737 
13.700000 	 0.147206 
13.720000 	 0.143421 
13.740000 	 0.018587 
13.760000 	 0.214117 
13.780000 	 0.011214 
13.800000 	 -0.054788 
13.820000 	 -0.306673 
13.840000 	 0.103847 
13.860000 	 0.127056 
13.880000 	 0.065802 
13.900000 	 0.166279 
13.920000 	 0.017650 
13.940000 	 -0.164112 
13.960000 	 0.149717 
13.980000 	 -0.316578 
14.000000 	 0.272312 
14.020000 	 0.086155 
14.040000 	 -0.006280 
14.060000 	 -0.194282 
14.080000 	 0.135219 
14.100000 	 0.100827 
14.120000 	 0.064496 
14.140000 	 -0.145498 
14.160000 	 -0.250455 
14.180000 	 -0.022112 
14.200000 	 -0.064236 
14.220000 	 -0.138078 
14.240000 	 0.088653 
14.260000 	 -0.191600 
14.280000 	 -0.217897 
14.300000 	 0.247513 
14.320000 	 0.096096 
14.340000 	 -0.057037 
14.360000 	 0.069521 
14.380000 	 0.043676 
14.400000 	 -0.183033 
14.420000 	 0.224948 
14.440000 	 0.259839 
14.460000 	 0.177565 
14.480000 	 -0.084303 
14.500000 	 -0.078763 
14.520000 	 -0.212159 
14.540000 	 -0.225219 
14.560000 	 -0.289614 
14.580000 	 -0.055754 
14.600000 	 -0.049238 
14.620000 	 -0.093065 
14.640000 	 0.051520 
14.660000 	 -0.000135 
14.680000 	 0.202700 
14.700000 	 -0.390567 
14.720000 	 -0.089142 
14.740000 	 -0.021984 
14.760000 	 -0.157424 
14.780000 	 -0.198957 
14.800000 	 -0.089925 
14.820000 	 -0.420094 
14.840000 	 0.250216 
14.860000 	 0.081310 
14.880000 	 0.024990 
14.900000 	 -0.051664 
14.920000 	 -0.013731 
14.940000 	 0.103076 
14.960000 	 -0.332180 
14.980000 	 0.091037 
15.000000 	 0.097327 
