-15.000000 	 0.262002 
-14.980000 	 -0.011565 
-14.960000 	 -0.157946 
-14.940000 	 -0.049983 
-14.920000 	 0.075612 
-14.900000 	 -0.183135 
-14.880000 	 -0.138838 
-14.860000 	 -0.193057 
-14.840000 	 0.287392 
-14.820000 	 0.041555 
-14.800000 	 0.050506 
-14.780000 	 -0.034858 
-14.760000 	 -0.016896 
-14.740000 	 0.035727 
-14.720000 	 0.095943 
-14.700000 	 0.035482 
-14.680000 	 0.242880 
-14.660000 	 0.058890 
-14.640000 	 -0.064537 
-14.620000 	 -0.139836 
-14.600000 	 0.278167 
-14.580000 	 -0.500000 
-14.560000 	 -0.007868 
-14.540000 	 0.052055 
-14.520000 	 0.329845 
-14.500000 	 0.157669 
-14.480000 	 -0.190251 
-14.460000 	 0.173368 
-14.440000 	 -0.040601 
-14.420000 	 0.226611 
-14.400000 	 -0.187850 
-14.380000 	 0.025442 
-14.360000 	 -0.239191 
-14.340000 	 -0.208778 
-14.320000 	 -0.252481 
-14.300000 	 0.148048 
-14.280000 	 -0.359568 
-14.260000 	 -0.048382 
-14.240000 	 -0.071955 
-14.220000 	 -0.055708 
-14.200000 	 0.038573 
-14.180000 	 -0.336888 
-14.160000 	 -0.133044 
-14.140000 	 0.115231 
-14.120000 	 -0.232575 
-14.100000 	 0.236674 
-14.080000 	 -0.023823 
-14.060000 	 -0.423060 
-14.040000 	 -0.181970 
-14.020000 	 0.017996 
-14.000000 	 0.119492 
-13.980000 	 -0.102394 
-13.960000 	 0.079991 
-13.940000 	 -0.029758 
-13.920000 	 0.054793 
-13.900000 	 0.034021 
-13.880000 	 0.013357 
-13.860000 	 0.056221 
-13.840000 	 0.233568 
-13.820000 	 -0.112852 
-13.800000 	 -0.050466 
-13.780000 	 -0.088214 
-13.760000 	 0.048931 
-13.740000 	 -0.153418 
-13.720000 	 -0.111046 
-13.700000 	 -0.131880 
-13.680000 	 0.057139 
-13.660000 	 -0.166553 
-13.640000 	 -0.001019 
-13.620000 	 0.042848 
-13.600000 	 0.089388 
-13.580000 	 0.208792 
-13.560000 	 -0.220180 
-13.540000 	 0.113702 
-13.520000 	 0.163789 
-13.500000 	 0.190250 
-13.480000 	 -0.116941 
-13.460000 	 -0.009972 
-13.440000 	 0.034118 
-13.420000 	 -0.187794 
-13.400000 	 -0.084641 
-13.380000 	 0.311250 
-13.360000 	 -0.161449 
-13.340000 	 -0.002647 
-13.320000 	 -0.153014 
-13.300000 	 -0.057081 
-13.280000 	 0.045525 
-13.260000 	 0.015299 
-13.240000 	 -0.051488 
-13.220000 	 0.061483 
-13.200000 	 0.027369 
-13.180000 	 0.147253 
-13.160000 	 -0.076947 
-13.140000 	 -0.296959 
-13.120000 	 -0.109392 
-13.100000 	 -0.106637 
-13.080000 	 -0.191071 
-13.060000 	 -0.073632 
-13.040000 	 0.006377 
-13.020000 	 -0.168408 
-13.000000 	 0.182093 
-12.980000 	 0.244729 
-12.960000 	 -0.033738 
-12.940000 	 -0.078227 
-12.920000 	 -0.145935 
-12.900000 	 0.011947 
-12.880000 	 0.075875 
-12.860000 	 0.026519 
-12.840000 	 -0.062048 
-12.820000 	 -0.200103 
-12.800000 	 0.099609 
-12.780000 	 -0.029896 
-12.760000 	 -0.066182 
-12.740000 	 0.080094 
-12.720000 	 0.256515 
-12.700000 	 0.172383 
-12.680000 	 -0.240396 
-12.660000 	 -0.101929 
-12.640000 	 -0.092381 
-12.620000 	 0.102113 
-12.600000 	 0.000306 
-12.580000 	 -0.165210 
-12.560000 	 -0.147094 
-12.540000 	 0.232628 
-12.520000 	 -0.175867 
-12.500000 	 0.124289 
-12.480000 	 -0.166776 
-12.460000 	 -0.001627 
-12.440000 	 -0.110455 
-12.420000 	 -0.013779 
-12.400000 	 0.040913 
-12.380000 	 -0.074565 
-12.360000 	 -0.183864 
-12.340000 	 -0.063034 
-12.320000 	 -0.322672 
-12.300000 	 0.316592 
-12.280000 	 0.048446 
-12.260000 	 -0.015481 
-12.240000 	 0.124444 
-12.220000 	 0.007100 
-12.200000 	 0.040216 
-12.180000 	 -0.082764 
-12.160000 	 0.010755 
-12.140000 	 -0.096251 
-12.120000 	 -0.096007 
-12.100000 	 0.062158 
-12.080000 	 0.120890 
-12.060000 	 -0.140290 
-12.040000 	 0.211402 
-12.020000 	 -0.248143 
-12.000000 	 -0.237614 
-11.980000 	 0.056989 
-11.960000 	 -0.047993 
-11.940000 	 0.209384 
-11.920000 	 -0.000571 
-11.900000 	 -0.223141 
-11.880000 	 0.038482 
-11.860000 	 0.191472 
-11.840000 	 -0.123740 
-11.820000 	 -0.013631 
-11.800000 	 0.168175 
-11.780000 	 0.177511 
-11.760000 	 0.003920 
-11.740000 	 0.241559 
-11.720000 	 0.141304 
-11.700000 	 0.030336 
-11.680000 	 -0.150940 
-11.660000 	 -0.095996 
-11.640000 	 -0.287344 
-11.620000 	 -0.024098 
-11.600000 	 0.062415 
-11.580000 	 -0.085960 
-11.560000 	 0.081169 
-11.540000 	 0.079719 
-11.520000 	 -0.050829 
-11.500000 	 -0.124232 
-11.480000 	 0.110967 
-11.460000 	 0.104522 
-11.440000 	 0.008732 
-11.420000 	 -0.003662 
-11.400000 	 -0.085064 
-11.380000 	 -0.149124 
-11.360000 	 -0.036526 
-11.340000 	 0.038178 
-11.320000 	 -0.113044 
-11.300000 	 0.015066 
-11.280000 	 -0.112980 
-11.260000 	 -0.098228 
-11.240000 	 -0.204501 
-11.220000 	 0.237972 
-11.200000 	 -0.114757 
-11.180000 	 0.280147 
-11.160000 	 0.279055 
-11.140000 	 0.122035 
-11.120000 	 0.071237 
-11.100000 	 0.044960 
-11.080000 	 0.116937 
-11.060000 	 -0.045030 
-11.040000 	 -0.132255 
-11.020000 	 0.018372 
-11.000000 	 0.228260 
-10.980000 	 -0.220916 
-10.960000 	 0.068274 
-10.940000 	 -0.155699 
-10.920000 	 -0.113306 
-10.900000 	 -0.077368 
-10.880000 	 0.162721 
-10.860000 	 -0.170732 
-10.840000 	 -0.027910 
-10.820000 	 -0.020985 
-10.800000 	 0.110036 
-10.780000 	 -0.060304 
-10.760000 	 -0.147969 
-10.740000 	 0.189149 
-10.720000 	 0.033221 
-10.700000 	 -0.295527 
-10.680000 	 -0.094949 
-10.660000 	 -0.169349 
-10.640000 	 -0.157176 
-10.620000 	 0.208832 
-10.600000 	 -0.130713 
-10.580000 	 0.090307 
-10.560000 	 -0.020933 
-10.540000 	 0.185210 
-10.520000 	 -0.145281 
-10.500000 	 0.045751 
-10.480000 	 -0.011201 
-10.460000 	 0.016042 
-10.440000 	 -0.145023 
-10.420000 	 0.059682 
-10.400000 	 -0.271100 
-10.380000 	 0.076582 
-10.360000 	 0.130418 
-10.340000 	 -0.209073 
-10.320000 	 -0.082568 
-10.300000 	 -0.035455 
-10.280000 	 0.119656 
-10.260000 	 0.069269 
-10.240000 	 0.105290 
-10.220000 	 0.234885 
-10.200000 	 0.140329 
-10.180000 	 -0.105293 
-10.160000 	 -0.066657 
-10.140000 	 -0.174283 
-10.120000 	 0.145720 
-10.100000 	 0.031180 
-10.080000 	 -0.062233 
-10.060000 	 -0.141481 
-10.040000 	 0.157577 
-10.020000 	 0.269058 
-10.000000 	 -0.192167 
-9.980000 	 0.193095 
-9.960000 	 0.000395 
-9.940000 	 0.262591 
-9.920000 	 0.058706 
-9.900000 	 -0.113505 
-9.880000 	 0.055322 
-9.860000 	 0.011613 
-9.840000 	 0.011820 
-9.820000 	 -0.138757 
-9.800000 	 0.158978 
-9.780000 	 -0.115914 
-9.760000 	 0.213075 
-9.740000 	 -0.054495 
-9.720000 	 -0.046897 
-9.700000 	 0.111977 
-9.680000 	 0.038961 
-9.660000 	 -0.180313 
-9.640000 	 0.091820 
-9.620000 	 0.146159 
-9.600000 	 -0.171710 
-9.580000 	 0.001505 
-9.560000 	 -0.143591 
-9.540000 	 -0.237382 
-9.520000 	 0.005853 
-9.500000 	 0.017965 
-9.480000 	 0.066831 
-9.460000 	 -0.053856 
-9.440000 	 -0.024114 
-9.420000 	 0.221861 
-9.400000 	 -0.072750 
-9.380000 	 -0.007149 
-9.360000 	 -0.045879 
-9.340000 	 0.154577 
-9.320000 	 0.189517 
-9.300000 	 -0.179860 
-9.280000 	 0.130185 
-9.260000 	 0.227453 
-9.240000 	 -0.013965 
-9.220000 	 -0.125281 
-9.200000 	 -0.059985 
-9.180000 	 -0.182678 
-9.160000 	 -0.062405 
-9.140000 	 0.003048 
-9.120000 	 0.038292 
-9.100000 	 -0.135912 
-9.080000 	 0.116200 
-9.060000 	 -0.028763 
-9.040000 	 -0.097470 
-9.020000 	 0.022763 
-9.000000 	 -0.154689 
-8.980000 	 -0.057198 
-8.960000 	 0.020815 
-8.940000 	 0.153249 
-8.920000 	 0.195381 
-8.900000 	 0.100000 
-8.880000 	 0.014404 
-8.860000 	 0.003369 
-8.840000 	 0.032737 
-8.820000 	 0.154051 
-8.800000 	 0.007068 
-8.780000 	 0.182455 
-8.760000 	 -0.064273 
-8.740000 	 -0.081045 
-8.720000 	 0.100000 
-8.700000 	 -0.173992 
-8.680000 	 -0.059855 
-8.660000 	 -0.169592 
-8.640000 	 -0.132775 
-8.620000 	 0.060248 
-8.600000 	 0.025946 
-8.580000 	 0.072677 
-8.560000 	 0.011493 
-8.540000 	 -0.021925 
-8.520000 	 -0.231466 
-8.500000 	 0.002889 
-8.480000 	 0.209192 
-8.460000 	 0.191384 
-8.440000 	 0.062050 
-8.420000 	 0.040058 
-8.400000 	 0.014237 
-8.380000 	 -0.353425 
-8.360000 	 -0.056063 
-8.340000 	 0.198158 
-8.320000 	 -0.142340 
-8.300000 	 0.193819 
-8.280000 	 -0.385919 
-8.260000 	 0.003106 
-8.240000 	 0.117467 
-8.220000 	 -0.054185 
-8.200000 	 0.014301 
-8.180000 	 0.036191 
-8.160000 	 0.043201 
-8.140000 	 -0.064765 
-8.120000 	 0.234057 
-8.100000 	 -0.001876 
-8.080000 	 0.051879 
-8.060000 	 0.041809 
-8.040000 	 0.095815 
-8.020000 	 0.010123 
-8.000000 	 0.212307 
-7.980000 	 0.164010 
-7.960000 	 -0.089558 
-7.940000 	 0.048866 
-7.920000 	 -0.101390 
-7.900000 	 -0.046855 
-7.880000 	 0.074117 
-7.860000 	 0.135574 
-7.840000 	 0.112213 
-7.820000 	 -0.103972 
-7.800000 	 0.000000 
-7.780000 	 0.045211 
-7.760000 	 -0.177840 
-7.740000 	 0.164106 
-7.720000 	 0.009088 
-7.700000 	 0.064021 
-7.680000 	 0.144920 
-7.660000 	 0.104931 
-7.640000 	 0.038147 
-7.620000 	 0.069301 
-7.600000 	 0.150137 
-7.580000 	 -0.106766 
-7.560000 	 0.187543 
-7.540000 	 -0.002243 
-7.520000 	 -0.077063 
-7.500000 	 -0.063079 
-7.480000 	 -0.063716 
-7.460000 	 -0.229385 
-7.440000 	 -0.134080 
-7.420000 	 0.396309 
-7.400000 	 -0.136552 
-7.380000 	 0.160630 
-7.360000 	 -0.105291 
-7.340000 	 -0.096890 
-7.320000 	 0.038972 
-7.300000 	 0.036959 
-7.280000 	 -0.135685 
-7.260000 	 -0.021100 
-7.240000 	 -0.150961 
-7.220000 	 -0.021483 
-7.200000 	 0.117709 
-7.180000 	 0.045782 
-7.160000 	 0.084520 
-7.140000 	 -0.026200 
-7.120000 	 0.001302 
-7.100000 	 0.075976 
-7.080000 	 0.123982 
-7.060000 	 -0.108556 
-7.040000 	 -0.157276 
-7.020000 	 0.088878 
-7.000000 	 0.253106 
-6.980000 	 -0.095212 
-6.960000 	 0.020460 
-6.940000 	 0.014602 
-6.920000 	 -0.098537 
-6.900000 	 0.275096 
-6.880000 	 -0.060036 
-6.860000 	 0.193019 
-6.840000 	 0.096670 
-6.820000 	 -0.160109 
-6.800000 	 0.033487 
-6.780000 	 0.149493 
-6.760000 	 0.800000 
-6.740000 	 0.080489 
-6.720000 	 0.065459 
-6.700000 	 -0.022769 
-6.680000 	 -0.078228 
-6.660000 	 0.205571 
-6.640000 	 0.134014 
-6.620000 	 0.207047 
-6.600000 	 0.043473 
-6.580000 	 0.056696 
-6.560000 	 0.230425 
-6.540000 	 -0.060795 
-6.520000 	 -0.044753 
-6.500000 	 0.025416 
-6.480000 	 0.024892 
-6.460000 	 -0.009240 
-6.440000 	 -0.011242 
-6.420000 	 0.056231 
-6.400000 	 0.198198 
-6.380000 	 0.264456 
-6.360000 	 0.007697 
-6.340000 	 0.139261 
-6.320000 	 0.008828 
-6.300000 	 -0.052989 
-6.280000 	 0.234788 
-6.260000 	 0.305505 
-6.240000 	 0.231126 
-6.220000 	 0.209045 
-6.200000 	 0.049849 
-6.180000 	 0.019717 
-6.160000 	 0.003675 
-6.140000 	 0.043358 
-6.120000 	 -0.040041 
-6.100000 	 0.248677 
-6.080000 	 0.257286 
-6.060000 	 0.327396 
-6.040000 	 0.167062 
-6.020000 	 0.358301 
-6.000000 	 0.292648 
-5.980000 	 0.206077 
-5.960000 	 0.252290 
-5.940000 	 -0.172393 
-5.920000 	 0.241736 
-5.900000 	 0.129566 
-5.880000 	 0.362033 
-5.860000 	 0.222165 
-5.840000 	 0.067851 
-5.820000 	 0.331662 
-5.800000 	 0.310987 
-5.780000 	 0.450920 
-5.760000 	 0.093121 
-5.740000 	 0.293843 
-5.720000 	 0.123451 
-5.700000 	 0.123653 
-5.680000 	 0.134821 
-5.660000 	 0.303151 
-5.640000 	 0.118469 
-5.620000 	 -0.020401 
-5.600000 	 0.275403 
-5.580000 	 0.430559 
-5.560000 	 0.292406 
-5.540000 	 0.620478 
-5.520000 	 0.277392 
-5.500000 	 0.501188 
-5.480000 	 0.154682 
-5.460000 	 0.362474 
-5.440000 	 0.393606 
-5.420000 	 0.328183 
-5.400000 	 0.192939 
-5.380000 	 0.435644 
-5.360000 	 0.207766 
-5.340000 	 0.233218 
-5.320000 	 0.201685 
-5.300000 	 0.234272 
-5.280000 	 0.411089 
-5.260000 	 0.426053 
-5.240000 	 0.338477 
-5.220000 	 0.452557 
-5.200000 	 0.397494 
-5.180000 	 0.379378 
-5.160000 	 0.214861 
-5.140000 	 0.368357 
-5.120000 	 0.196938 
-5.100000 	 0.364900 
-5.080000 	 0.124268 
-5.060000 	 0.499112 
-5.040000 	 0.388441 
-5.020000 	 0.493929 
-5.000000 	 0.600358 
-4.980000 	 0.515407 
-4.960000 	 0.300766 
-4.940000 	 0.572281 
-4.920000 	 0.443452 
-4.900000 	 0.518294 
-4.880000 	 0.326144 
-4.860000 	 0.468054 
-4.840000 	 0.432125 
-4.820000 	 0.096997 
-4.800000 	 0.274103 
-4.780000 	 0.426637 
-4.760000 	 0.599269 
-4.740000 	 0.192111 
-4.720000 	 0.573152 
-4.700000 	 0.324608 
-4.680000 	 0.389708 
-4.660000 	 0.281675 
-4.640000 	 0.457694 
-4.620000 	 0.557118 
-4.600000 	 0.444585 
-4.580000 	 0.459022 
-4.560000 	 0.667095 
-4.540000 	 0.471293 
-4.520000 	 0.376945 
-4.500000 	 0.424153 
-4.480000 	 0.395074 
-4.460000 	 0.540969 
-4.440000 	 0.198561 
-4.420000 	 0.644573 
-4.400000 	 0.272588 
-4.380000 	 0.596359 
-4.360000 	 0.611537 
-4.340000 	 0.392385 
-4.320000 	 0.742914 
-4.300000 	 0.214192 
-4.280000 	 0.458710 
-4.260000 	 0.642557 
-4.240000 	 0.452268 
-4.220000 	 0.532214 
-4.200000 	 0.493644 
-4.180000 	 0.345320 
-4.160000 	 0.739819 
-4.140000 	 0.591114 
-4.120000 	 0.271913 
-4.100000 	 0.333907 
-4.080000 	 0.602248 
-4.060000 	 0.807439 
-4.040000 	 0.585627 
-4.020000 	 0.570260 
-4.000000 	 0.433066 
-3.980000 	 0.582311 
-3.960000 	 0.405716 
-3.940000 	 0.406482 
-3.920000 	 0.631979 
-3.900000 	 0.415527 
-3.880000 	 0.484129 
-3.860000 	 0.629367 
-3.840000 	 0.216962 
-3.820000 	 0.403878 
-3.800000 	 0.564125 
-3.780000 	 0.681156 
-3.760000 	 0.476359 
-3.740000 	 0.381476 
-3.720000 	 0.611377 
-3.700000 	 0.191101 
-3.680000 	 0.487214 
-3.660000 	 0.581551 
-3.640000 	 0.431711 
-3.620000 	 0.256408 
-3.600000 	 0.538932 
-3.580000 	 0.560816 
-3.560000 	 0.597202 
-3.540000 	 0.170418 
-3.520000 	 0.442738 
-3.500000 	 0.458917 
-3.480000 	 0.828208 
-3.460000 	 0.185321 
-3.440000 	 0.494221 
-3.420000 	 0.477034 
-3.400000 	 0.374304 
-3.380000 	 0.480153 
-3.360000 	 0.276054 
-3.340000 	 0.393269 
-3.320000 	 0.462627 
-3.300000 	 0.563972 
-3.280000 	 0.400435 
-3.260000 	 0.796208 
-3.240000 	 0.321929 
-3.220000 	 0.664001 
-3.200000 	 0.690583 
-3.180000 	 0.328195 
-3.160000 	 0.681873 
-3.140000 	 0.400218 
-3.120000 	 0.553543 
-3.100000 	 0.144548 
-3.080000 	 0.603017 
-3.060000 	 0.403095 
-3.040000 	 0.291958 
-3.020000 	 0.290792 
-3.000000 	 0.374830 
-2.980000 	 0.370828 
-2.960000 	 0.404961 
-2.940000 	 0.303919 
-2.920000 	 0.399205 
-2.900000 	 0.333966 
-2.880000 	 0.297943 
-2.860000 	 0.277220 
-2.840000 	 0.600816 
-2.820000 	 0.448344 
-2.800000 	 0.280177 
-2.780000 	 0.406289 
-2.760000 	 0.498628 
-2.740000 	 0.754520 
-2.720000 	 0.266558 
-2.700000 	 0.340909 
-2.680000 	 0.467955 
-2.660000 	 0.795461 
-2.640000 	 0.152611 
-2.620000 	 0.249219 
-2.600000 	 0.163067 
-2.580000 	 0.374806 
-2.560000 	 0.622655 
-2.540000 	 0.028810 
-2.520000 	 0.116838 
-2.500000 	 0.249442 
-2.480000 	 0.228586 
-2.460000 	 0.149464 
-2.440000 	 0.093309 
-2.420000 	 0.511184 
-2.400000 	 0.307076 
-2.380000 	 0.206554 
-2.360000 	 0.042244 
-2.340000 	 0.453219 
-2.320000 	 0.105646 
-2.300000 	 0.253113 
-2.280000 	 0.098919 
-2.260000 	 0.153000 
-2.240000 	 0.121482 
-2.220000 	 0.289706 
-2.200000 	 0.143383 
-2.180000 	 0.582716 
-2.160000 	 -0.010664 
-2.140000 	 0.114345 
-2.120000 	 0.095454 
-2.100000 	 0.292534 
-2.080000 	 0.379059 
-2.060000 	 0.190716 
-2.040000 	 0.186008 
-2.020000 	 0.136384 
-2.000000 	 0.223985 
-1.980000 	 0.225187 
-1.960000 	 0.389664 
-1.940000 	 0.420302 
-1.920000 	 -0.052003 
-1.900000 	 0.471985 
-1.880000 	 0.354260 
-1.860000 	 0.001954 
-1.840000 	 0.012194 
-1.820000 	 0.194251 
-1.800000 	 0.299958 
-1.780000 	 0.229725 
-1.760000 	 0.097074 
-1.740000 	 0.213126 
-1.720000 	 0.095409 
-1.700000 	 0.215683 
-1.680000 	 -0.013177 
-1.660000 	 0.256338 
-1.640000 	 0.487950 
-1.620000 	 0.106728 
-1.600000 	 0.364846 
-1.580000 	 0.123640 
-1.560000 	 0.335700 
-1.540000 	 0.342285 
-1.520000 	 0.183436 
-1.500000 	 0.040855 
-1.480000 	 0.354134 
-1.460000 	 0.126586 
-1.440000 	 -0.078573 
-1.420000 	 0.234458 
-1.400000 	 -0.069856 
-1.380000 	 0.161207 
-1.360000 	 0.033370 
-1.340000 	 0.104981 
-1.320000 	 0.536127 
-1.300000 	 0.286903 
-1.280000 	 -0.020455 
-1.260000 	 0.025699 
-1.240000 	 -0.034027 
-1.220000 	 0.130913 
-1.200000 	 0.265071 
-1.180000 	 0.015492 
-1.160000 	 -0.126965 
-1.140000 	 -0.065005 
-1.120000 	 0.296261 
-1.100000 	 0.231934 
-1.080000 	 0.089402 
-1.060000 	 0.096355 
-1.040000 	 -0.014426 
-1.020000 	 0.002055 
-1.000000 	 -0.036340 
-0.980000 	 0.043941 
-0.960000 	 0.205089 
-0.940000 	 0.001228 
-0.920000 	 0.227047 
-0.900000 	 0.219237 
-0.880000 	 -0.044614 
-0.860000 	 0.097275 
-0.840000 	 0.211799 
-0.820000 	 0.141871 
-0.800000 	 0.290686 
-0.780000 	 0.111295 
-0.760000 	 0.394360 
-0.740000 	 0.152144 
-0.720000 	 0.023918 
-0.700000 	 0.314727 
-0.680000 	 0.239825 
-0.660000 	 -0.010546 
-0.640000 	 0.162791 
-0.620000 	 0.190219 
-0.600000 	 0.186985 
-0.580000 	 0.198185 
-0.560000 	 0.113324 
-0.540000 	 0.263165 
-0.520000 	 -0.026760 
-0.500000 	 -0.012334 
-0.480000 	 0.222556 
-0.460000 	 0.017960 
-0.440000 	 0.415556 
-0.420000 	 0.062083 
-0.400000 	 0.283614 
-0.380000 	 0.546028 
-0.360000 	 0.172439 
-0.340000 	 0.160017 
-0.320000 	 0.322068 
-0.300000 	 -0.006454 
-0.280000 	 0.187783 
-0.260000 	 0.131045 
-0.240000 	 0.056147 
-0.220000 	 0.224547 
-0.200000 	 0.240206 
-0.180000 	 0.282650 
-0.160000 	 0.268711 
-0.140000 	 0.192252 
-0.120000 	 0.249601 
-0.100000 	 0.336367 
-0.080000 	 0.156863 
-0.060000 	 -0.200474 
-0.040000 	 0.497228 
-0.020000 	 0.108519 
0.000000 	 0.334109 
0.020000 	 -0.010434 
0.040000 	 0.177380 
0.060000 	 0.105459 
0.080000 	 0.303967 
0.100000 	 0.005141 
0.120000 	 0.071871 
0.140000 	 0.326150 
0.160000 	 0.326757 
0.180000 	 0.338573 
0.200000 	 0.329164 
0.220000 	 0.095929 
0.240000 	 0.053633 
0.260000 	 0.072033 
0.280000 	 0.284436 
0.300000 	 0.218452 
0.320000 	 0.336546 
0.340000 	 0.230795 
0.360000 	 0.362124 
0.380000 	 -0.059136 
0.400000 	 0.154578 
0.420000 	 0.219793 
0.440000 	 0.247073 
0.460000 	 0.298463 
0.480000 	 0.245765 
0.500000 	 0.533757 
0.520000 	 0.315432 
0.540000 	 0.582408 
0.560000 	 0.307564 
0.580000 	 0.318254 
0.600000 	 0.338633 
0.620000 	 0.223414 
0.640000 	 0.662620 
0.660000 	 0.333501 
0.680000 	 0.701650 
0.700000 	 0.343261 
0.720000 	 0.541019 
0.740000 	 0.549760 
0.760000 	 0.507364 
0.780000 	 0.655304 
0.800000 	 0.499483 
0.820000 	 0.369746 
0.840000 	 0.448807 
0.860000 	 0.434735 
0.880000 	 0.500320 
0.900000 	 0.538503 
0.920000 	 0.669245 
0.940000 	 0.403823 
0.960000 	 0.369608 
0.980000 	 0.497876 
1.000000 	 0.505228 
1.020000 	 0.299956 
1.040000 	 0.559001 
1.060000 	 0.346173 
1.080000 	 0.712444 
1.100000 	 0.450368 
1.120000 	 0.865753 
1.140000 	 0.750637 
1.160000 	 0.715173 
1.180000 	 0.371516 
1.200000 	 0.816105 
1.220000 	 0.524980 
1.240000 	 0.681407 
1.260000 	 0.671234 
1.280000 	 0.789814 
1.300000 	 0.830817 
1.320000 	 0.952310 
1.340000 	 0.603196 
1.360000 	 0.924794 
1.380000 	 0.657897 
1.400000 	 0.682014 
1.420000 	 0.886237 
1.440000 	 0.703502 
1.460000 	 0.739894 
1.480000 	 0.812331 
1.500000 	 0.716826 
1.520000 	 0.742373 
1.540000 	 0.579076 
1.560000 	 0.561854 
1.580000 	 1.199694 
1.600000 	 0.833625 
1.620000 	 0.603909 
1.640000 	 0.846082 
1.660000 	 0.684010 
1.680000 	 0.736409 
1.700000 	 1.105837 
1.720000 	 0.711488 
1.740000 	 0.943233 
1.760000 	 0.999793 
1.780000 	 0.838806 
1.800000 	 0.961602 
1.820000 	 0.856905 
1.840000 	 0.866751 
1.860000 	 0.894526 
1.880000 	 0.778605 
1.900000 	 0.802069 
1.920000 	 0.941201 
1.940000 	 1.183839 
1.960000 	 0.933643 
1.980000 	 0.984040 
2.000000 	 1.037511 
2.020000 	 1.038195 
2.040000 	 1.309863 
2.060000 	 1.053402 
2.080000 	 1.122037 
2.100000 	 1.080221 
2.120000 	 1.171213 
2.140000 	 1.034616 
2.160000 	 1.198697 
2.180000 	 0.854620 
2.200000 	 1.060943 
2.220000 	 1.075072 
2.240000 	 0.990842 
2.260000 	 1.171925 
2.280000 	 0.969275 
2.300000 	 1.019218 
2.320000 	 1.070454 
2.340000 	 1.547589 
2.360000 	 1.107792 
2.380000 	 0.978926 
2.400000 	 1.244803 
2.420000 	 1.214335 
2.440000 	 1.017623 
2.460000 	 1.306632 
2.480000 	 1.165218 
2.500000 	 0.989928 
2.520000 	 1.231987 
2.540000 	 1.305269 
2.560000 	 1.184046 
2.580000 	 1.126405 
2.600000 	 1.577576 
2.620000 	 1.234900 
2.640000 	 1.193587 
2.660000 	 1.481120 
2.680000 	 1.437584 
2.700000 	 1.260429 
2.720000 	 0.962364 
2.740000 	 1.354923 
2.760000 	 1.293167 
2.780000 	 1.437420 
2.800000 	 1.376098 
2.820000 	 1.501755 
2.840000 	 1.173724 
2.860000 	 1.237103 
2.880000 	 1.227348 
2.900000 	 1.278649 
2.920000 	 1.331948 
2.940000 	 1.453259 
2.960000 	 1.582160 
2.980000 	 1.035943 
3.000000 	 1.683266 
3.020000 	 1.563415 
3.040000 	 1.274532 
3.060000 	 1.493745 
3.080000 	 1.442430 
3.100000 	 1.140600 
3.120000 	 1.091869 
3.140000 	 1.257834 
3.160000 	 1.490404 
3.180000 	 1.136651 
3.200000 	 1.432654 
3.220000 	 1.428070 
3.240000 	 1.497375 
3.260000 	 1.383204 
3.280000 	 1.255379 
3.300000 	 1.329990 
3.320000 	 1.421218 
3.340000 	 1.202109 
3.360000 	 1.613336 
3.380000 	 1.590009 
3.400000 	 1.495805 
3.420000 	 1.727462 
3.440000 	 1.732407 
3.460000 	 1.617648 
3.480000 	 1.502090 
3.500000 	 1.609310 
3.520000 	 1.696924 
3.540000 	 1.307007 
3.560000 	 1.757301 
3.580000 	 1.434647 
3.600000 	 1.500051 
3.620000 	 1.813054 
3.640000 	 1.470547 
3.660000 	 1.493594 
3.680000 	 1.772123 
3.700000 	 1.795550 
3.720000 	 1.645655 
3.740000 	 1.640791 
3.760000 	 1.548919 
3.780000 	 1.712557 
3.800000 	 1.834053 
3.820000 	 1.432124 
3.840000 	 1.598319 
3.860000 	 1.614791 
3.880000 	 1.502378 
3.900000 	 1.606519 
3.920000 	 1.559051 
3.940000 	 1.408794 
3.960000 	 1.970860 
3.980000 	 1.668924 
4.000000 	 1.769758 
4.020000 	 1.410188 
4.040000 	 1.705743 
4.060000 	 1.618725 
4.080000 	 1.652520 
4.100000 	 1.345789 
4.120000 	 1.819937 
4.140000 	 1.658716 
4.160000 	 1.519896 
4.180000 	 1.624434 
4.200000 	 1.592059 
4.220000 	 1.899703 
4.240000 	 1.523783 
4.260000 	 1.658711 
4.280000 	 1.442083 
4.300000 	 1.420706 
4.320000 	 1.743099 
4.340000 	 1.528254 
4.360000 	 1.851630 
4.380000 	 1.319415 
4.400000 	 1.583426 
4.420000 	 1.773558 
4.440000 	 1.616488 
4.460000 	 1.480988 
4.480000 	 1.629572 
4.500000 	 1.423727 
4.520000 	 1.315893 
4.540000 	 1.539026 
4.560000 	 1.344229 
4.580000 	 1.603611 
4.600000 	 1.626293 
4.620000 	 1.391737 
4.640000 	 1.516553 
4.660000 	 1.473452 
4.680000 	 1.510195 
4.700000 	 1.623344 
4.720000 	 1.556829 
4.740000 	 1.574816 
4.760000 	 1.453516 
4.780000 	 1.470701 
4.800000 	 1.272347 
4.820000 	 1.186479 
4.840000 	 1.521307 
4.860000 	 1.489423 
4.880000 	 1.551935 
4.900000 	 1.566252 
4.920000 	 1.341002 
4.940000 	 1.180931 
4.960000 	 1.204294 
4.980000 	 1.521079 
5.000000 	 1.397066 
5.020000 	 1.336248 
5.040000 	 1.302076 
5.060000 	 1.395190 
5.080000 	 1.386385 
5.100000 	 1.636943 
5.120000 	 1.277501 
5.140000 	 1.221860 
5.160000 	 1.544114 
5.180000 	 1.302197 
5.200000 	 1.381770 
5.220000 	 1.367176 
5.240000 	 1.323845 
5.260000 	 1.149608 
5.280000 	 1.474061 
5.300000 	 1.311986 
5.320000 	 1.287117 
5.340000 	 1.457021 
5.360000 	 1.145056 
5.380000 	 1.212148 
5.400000 	 1.501777 
5.420000 	 1.461621 
5.440000 	 1.144904 
5.460000 	 1.521106 
5.480000 	 1.404241 
5.500000 	 1.155878 
5.520000 	 1.225725 
5.540000 	 1.239777 
5.560000 	 1.201248 
5.580000 	 1.190945 
5.600000 	 1.120397 
5.620000 	 1.179001 
5.640000 	 0.958500 
5.660000 	 1.477673 
5.680000 	 1.228228 
5.700000 	 1.177577 
5.720000 	 1.098643 
5.740000 	 1.153807 
5.760000 	 1.182982 
5.780000 	 1.050790 
5.800000 	 1.175061 
5.820000 	 1.084466 
5.840000 	 0.917879 
5.860000 	 1.226196 
5.880000 	 1.189097 
5.900000 	 0.742344 
5.920000 	 1.047326 
5.940000 	 1.154645 
5.960000 	 1.047539 
5.980000 	 0.942689 
6.000000 	 0.818693 
6.020000 	 1.085784 
6.040000 	 0.917439 
6.060000 	 0.984088 
6.080000 	 0.722330 
6.100000 	 1.049608 
6.120000 	 1.020387 
6.140000 	 0.902830 
6.160000 	 0.671862 
6.180000 	 1.119078 
6.200000 	 0.834217 
6.220000 	 0.811467 
6.240000 	 0.956089 
6.260000 	 0.978346 
6.280000 	 0.756620 
6.300000 	 0.748516 
6.320000 	 0.883335 
6.340000 	 0.515846 
6.360000 	 0.912688 
6.380000 	 0.828155 
6.400000 	 0.687737 
6.420000 	 0.938246 
6.440000 	 0.820991 
6.460000 	 0.343929 
6.480000 	 0.502271 
6.500000 	 0.940745 
6.520000 	 0.664480 
6.540000 	 0.633083 
6.560000 	 0.482855 
6.580000 	 0.613981 
6.600000 	 0.735802 
6.620000 	 0.555893 
6.640000 	 1.004615 
6.660000 	 0.683028 
6.680000 	 0.689565 
6.700000 	 0.532419 
6.720000 	 0.741730 
6.740000 	 0.535783 
6.760000 	 0.525141 
6.780000 	 0.345722 
6.800000 	 0.706668 
6.820000 	 0.933414 
6.840000 	 0.474990 
6.860000 	 0.763591 
6.880000 	 0.665418 
6.900000 	 0.388421 
6.920000 	 0.803802 
6.940000 	 0.686181 
6.960000 	 0.706835 
6.980000 	 0.433521 
7.000000 	 0.422467 
7.020000 	 0.395228 
7.040000 	 0.529402 
7.060000 	 0.490854 
7.080000 	 0.455836 
7.100000 	 0.368327 
7.120000 	 0.369712 
7.140000 	 0.406342 
7.160000 	 0.550138 
7.180000 	 0.398742 
7.200000 	 0.539890 
7.220000 	 0.300789 
7.240000 	 0.289092 
7.260000 	 0.399020 
7.280000 	 0.404100 
7.300000 	 0.527744 
7.320000 	 0.256019 
7.340000 	 0.267127 
7.360000 	 0.240694 
7.380000 	 0.297229 
7.400000 	 0.539065 
7.420000 	 0.440257 
7.440000 	 0.454201 
7.460000 	 0.120221 
7.480000 	 0.502621 
7.500000 	 0.507202 
7.520000 	 0.343351 
7.540000 	 0.239539 
7.560000 	 0.135926 
7.580000 	 0.187796 
7.600000 	 0.500834 
7.620000 	 0.392822 
7.640000 	 0.429906 
7.660000 	 0.204104 
7.680000 	 0.037871 
7.700000 	 0.258702 
7.720000 	 0.574292 
7.740000 	 0.405200 
7.760000 	 0.409221 
7.780000 	 0.126055 
7.800000 	 0.099251 
7.820000 	 0.090105 
7.840000 	 0.025455 
7.860000 	 0.336472 
7.880000 	 0.106144 
7.900000 	 0.299414 
7.920000 	 0.229897 
7.940000 	 0.102658 
7.960000 	 0.472768 
7.980000 	 0.238025 
8.000000 	 0.206520 
8.020000 	 -0.019157 
8.040000 	 0.032556 
8.060000 	 0.371408 
8.080000 	 -0.050724 
8.100000 	 0.267272 
8.120000 	 0.451354 
8.140000 	 0.157827 
8.160000 	 0.070481 
8.180000 	 0.291226 
8.200000 	 0.378948 
8.220000 	 0.194442 
8.240000 	 0.471951 
8.260000 	 0.214699 
8.280000 	 0.164905 
8.300000 	 0.311584 
8.320000 	 0.230906 
8.340000 	 -0.091893 
8.360000 	 0.030323 
8.380000 	 0.346016 
8.400000 	 0.094310 
8.420000 	 0.202587 
8.440000 	 0.096158 
8.460000 	 0.080577 
8.480000 	 0.085542 
8.500000 	 0.203398 
8.520000 	 0.186404 
8.540000 	 0.006585 
8.560000 	 0.222804 
8.580000 	 0.099709 
8.600000 	 -0.061263 
8.620000 	 0.376513 
8.640000 	 0.058873 
8.660000 	 0.249416 
8.680000 	 0.073705 
8.700000 	 -0.109462 
8.720000 	 0.241293 
8.740000 	 0.008476 
8.760000 	 0.143948 
8.780000 	 0.194137 
8.800000 	 -0.052090 
8.820000 	 0.064031 
8.840000 	 0.118358 
8.860000 	 0.305134 
8.880000 	 0.315311 
8.900000 	 0.065879 
8.920000 	 0.031521 
8.940000 	 0.017354 
8.960000 	 0.068724 
8.980000 	 0.153619 
9.000000 	 -0.017611 
9.020000 	 0.093553 
9.040000 	 0.186319 
9.060000 	 0.112964 
9.080000 	 0.069416 
9.100000 	 0.131118 
9.120000 	 0.065951 
9.140000 	 0.046970 
9.160000 	 0.237650 
9.180000 	 -0.056363 
9.200000 	 0.126522 
9.220000 	 -0.059078 
9.240000 	 -0.097127 
9.260000 	 0.057552 
9.280000 	 0.239690 
9.300000 	 -0.113314 
9.320000 	 0.001676 
9.340000 	 0.011490 
9.360000 	 0.151310 
9.380000 	 0.111052 
9.400000 	 -0.159147 
9.420000 	 0.090632 
9.440000 	 -0.093807 
9.460000 	 0.018396 
9.480000 	 0.157715 
9.500000 	 0.184195 
9.520000 	 -0.161785 
9.540000 	 0.367102 
9.560000 	 -0.063617 
9.580000 	 0.072721 
9.600000 	 0.128164 
9.620000 	 -0.065095 
9.640000 	 -0.032026 
9.660000 	 0.111063 
9.680000 	 0.294703 
9.700000 	 -0.064870 
9.720000 	 -0.151543 
9.740000 	 0.326906 
9.760000 	 -0.125962 
9.780000 	 0.228254 
9.800000 	 0.117132 
9.820000 	 0.275091 
9.840000 	 0.018806 
9.860000 	 0.039613 
9.880000 	 0.014816 
9.900000 	 0.240487 
9.920000 	 0.291706 
9.940000 	 0.130333 
9.960000 	 0.005022 
9.980000 	 0.097458 
10.000000 	 -0.133973 
10.020000 	 0.102564 
10.040000 	 -0.119057 
10.060000 	 0.131433 
10.080000 	 0.168091 
10.100000 	 -0.055191 
10.120000 	 0.395177 
10.140000 	 0.084160 
10.160000 	 0.039652 
10.180000 	 -0.194306 
10.200000 	 -0.096548 
10.220000 	 -0.014289 
10.240000 	 0.005572 
10.260000 	 0.029112 
10.280000 	 -0.158949 
10.300000 	 0.026808 
10.320000 	 -0.176119 
10.340000 	 0.194312 
10.360000 	 -0.001101 
10.380000 	 0.041819 
10.400000 	 -0.152647 
10.420000 	 0.063030 
10.440000 	 0.017782 
10.460000 	 0.311166 
10.480000 	 0.069959 
10.500000 	 -0.025962 
10.520000 	 -0.037732 
10.540000 	 0.158402 
10.560000 	 0.079974 
10.580000 	 0.312671 
10.600000 	 0.024668 
10.620000 	 0.304682 
10.640000 	 0.369866 
10.660000 	 -0.267176 
10.680000 	 0.064505 
10.700000 	 -0.221186 
10.720000 	 -0.021283 
10.740000 	 -0.053981 
10.760000 	 -0.029810 
10.780000 	 0.050179 
10.800000 	 -0.120360 
10.820000 	 -0.210407 
10.840000 	 0.321226 
10.860000 	 0.356537 
10.880000 	 0.005798 
10.900000 	 -0.149051 
10.920000 	 -0.068648 
10.940000 	 0.117014 
10.960000 	 0.097663 
10.980000 	 0.027345 
11.000000 	 -0.138873 
11.020000 	 -0.024611 
11.040000 	 -0.192864 
11.060000 	 0.029929 
11.080000 	 0.141632 
11.100000 	 -0.327994 
11.120000 	 -0.129438 
11.140000 	 -0.253082 
11.160000 	 -0.049210 
11.180000 	 0.154015 
11.200000 	 0.136067 
11.220000 	 -0.194992 
11.240000 	 0.034183 
11.260000 	 -0.246912 
11.280000 	 -0.042276 
11.300000 	 -0.083714 
11.320000 	 -0.141344 
11.340000 	 -0.183821 
11.360000 	 -0.013079 
11.380000 	 0.084711 
11.400000 	 -0.092417 
11.420000 	 0.098461 
11.440000 	 0.114666 
11.460000 	 0.283012 
11.480000 	 0.088104 
11.500000 	 0.223112 
11.520000 	 -0.063174 
11.540000 	 -0.013631 
11.560000 	 -0.010263 
11.580000 	 0.342251 
11.600000 	 0.162589 
11.620000 	 -0.177478 
11.640000 	 0.334120 
11.660000 	 -0.194600 
11.680000 	 -0.107953 
11.700000 	 -0.297644 
11.720000 	 0.065327 
11.740000 	 -0.087770 
11.760000 	 -0.186460 
11.780000 	 -0.106326 
11.800000 	 0.114182 
11.820000 	 0.138523 
11.840000 	 -0.015537 
11.860000 	 -0.196879 
11.880000 	 -0.306704 
11.900000 	 -0.148183 
11.920000 	 -0.053197 
11.940000 	 0.010183 
11.960000 	 0.134174 
11.980000 	 0.102261 
12.000000 	 0.094485 
12.020000 	 -0.458887 
12.040000 	 0.016478 
12.060000 	 -0.206116 
12.080000 	 0.084164 
12.100000 	 -0.013953 
12.120000 	 -0.039882 
12.140000 	 0.226495 
12.160000 	 -0.020875 
12.180000 	 -0.194708 
12.200000 	 -0.290076 
12.220000 	 0.132164 
12.240000 	 0.025263 
12.260000 	 0.100394 
12.280000 	 0.340954 
12.300000 	 -0.183456 
12.320000 	 -0.132857 
12.340000 	 -0.010504 
12.360000 	 0.353421 
12.380000 	 -0.033719 
12.400000 	 -0.290551 
12.420000 	 -0.129676 
12.440000 	 0.128482 
12.460000 	 0.085844 
12.480000 	 0.119899 
12.500000 	 0.139296 
12.520000 	 0.058737 
12.540000 	 0.112300 
12.560000 	 0.206783 
12.580000 	 0.117191 
12.600000 	 0.239338 
12.620000 	 -0.106113 
12.640000 	 -0.119431 
12.660000 	 0.026612 
12.680000 	 0.038273 
12.700000 	 0.036316 
12.720000 	 0.168888 
12.740000 	 0.044431 
12.760000 	 0.112712 
12.780000 	 -0.163277 
12.800000 	 0.102364 
12.820000 	 0.046253 
12.840000 	 -0.029148 
12.860000 	 -0.258032 
12.880000 	 -0.038177 
12.900000 	 0.224875 
12.920000 	 -0.149942 
12.940000 	 -0.026485 
12.960000 	 0.072924 
12.980000 	 0.108876 
13.000000 	 -0.132955 
13.020000 	 0.142028 
13.040000 	 0.061112 
13.060000 	 -0.096945 
13.080000 	 -0.400545 
13.100000 	 -0.007006 
13.120000 	 -0.034005 
13.140000 	 0.160757 
13.160000 	 0.195624 
13.180000 	 -0.084893 
13.200000 	 0.065605 
13.220000 	 -0.133563 
13.240000 	 0.076983 
13.260000 	 0.175964 
13.280000 	 -0.078046 
13.300000 	 -0.065376 
13.320000 	 -0.247055 
13.340000 	 -0.182415 
13.360000 	 0.035752 
13.380000 	 -0.040160 
13.400000 	 0.114388 
13.420000 	 -0.257316 
13.440000 	 -0.376283 
13.460000 	 -0.069598 
13.480000 	 0.210226 
13.500000 	 0.095236 
13.520000 	 0.296283 
13.540000 	 -0.151219 
13.560000 	 0.079506 
13.580000 	 0.111751 
13.600000 	 0.029203 
13.620000 	 0.195245 
13.640000 	 -0.046506 
13.660000 	 0.205057 
13.680000 	 -0.082524 
13.700000 	 0.006719 
13.720000 	 -0.028956 
13.740000 	 0.345722 
13.760000 	 -0.198455 
13.780000 	 0.088208 
13.800000 	 -0.306015 
13.820000 	 -0.006778 
13.840000 	 0.085781 
13.860000 	 0.109560 
13.880000 	 -0.105923 
13.900000 	 0.214344 
13.920000 	 -0.035873 
13.940000 	 -0.035368 
13.960000 	 0.035720 
13.980000 	 0.092589 
14.000000 	 0.261094 
14.020000 	 0.039056 
14.040000 	 -0.196816 
14.060000 	 -0.042703 
14.080000 	 0.032843 
14.100000 	 -0.114117 
14.120000 	 -0.073712 
14.140000 	 0.155269 
14.160000 	 -0.021422 
14.180000 	 -0.199173 
14.200000 	 -0.202324 
14.220000 	 0.144625 
14.240000 	 0.032675 
14.260000 	 -0.186716 
14.280000 	 0.129716 
14.300000 	 -0.094885 
14.320000 	 0.001768 
14.340000 	 0.151901 
14.360000 	 0.166664 
14.380000 	 0.176258 
14.400000 	 0.063475 
14.420000 	 -0.242304 
14.440000 	 -0.067954 
14.460000 	 -0.156401 
14.480000 	 -0.333766 
14.500000 	 0.136697 
14.520000 	 0.001641 
14.540000 	 -0.044535 
14.560000 	 -0.178134 
14.580000 	 -0.072960 
14.600000 	 -0.159686 
14.620000 	 0.024568 
14.640000 	 -0.111514 
14.660000 	 0.116467 
14.680000 	 -0.044313 
14.700000 	 -0.195885 
14.720000 	 -0.089028 
14.740000 	 -0.204453 
14.760000 	 -0.141085 
14.780000 	 0.003763 
14.800000 	 0.085896 
14.820000 	 -0.121609 
14.840000 	 -0.026515 
14.860000 	 -0.129039 
14.880000 	 0.216432 
14.900000 	 -0.261363 
14.920000 	 -0.000178 
14.940000 	 -0.182183 
14.960000 	 0.121969 
14.980000 	 -0.080265 
15.000000 	 -0.081852 
