-15.000000 	 -0.130340 
-14.980000 	 0.154716 
-14.960000 	 -0.103241 
-14.940000 	 0.082703 
-14.920000 	 -0.243743 
-14.900000 	 -0.177792 
-14.880000 	 0.013978 
-14.860000 	 0.147412 
-14.840000 	 -0.121686 
-14.820000 	 -0.076604 
-14.800000 	 0.085791 
-14.780000 	 0.056041 
-14.760000 	 0.337367 
-14.740000 	 -0.055040 
-14.720000 	 -0.236433 
-14.700000 	 -0.108531 
-14.680000 	 0.142699 
-14.660000 	 0.395413 
-14.640000 	 0.402144 
-14.620000 	 0.280013 
-14.600000 	 0.100000 
-14.580000 	 0.199261 
-14.560000 	 0.379272 
-14.540000 	 -0.020402 
-14.520000 	 -0.110894 
-14.500000 	 -0.251855 
-14.480000 	 -0.064894 
-14.460000 	 0.151552 
-14.440000 	 -0.167259 
-14.420000 	 0.056944 
-14.400000 	 0.143238 
-14.380000 	 0.241813 
-14.360000 	 0.207102 
-14.340000 	 0.016646 
-14.320000 	 0.041410 
-14.300000 	 -0.112501 
-14.280000 	 0.120642 
-14.260000 	 0.220898 
-14.240000 	 0.245046 
-14.220000 	 -0.116111 
-14.200000 	 0.085102 
-14.180000 	 -0.251469 
-14.160000 	 -0.042215 
-14.140000 	 -0.249995 
-14.120000 	 0.096561 
-14.100000 	 -0.003679 
-14.080000 	 -0.105862 
-14.060000 	 -0.072337 
-14.040000 	 -0.020876 
-14.020000 	 0.212541 
-14.000000 	 0.165736 
-13.980000 	 -0.181754 
-13.960000 	 -0.070779 
-13.940000 	 -0.131642 
-13.920000 	 -0.143823 
-13.900000 	 -0.021681 
-13.880000 	 -0.204709 
-13.860000 	 -0.070180 
-13.840000 	 -0.026589 
-13.820000 	 -0.255515 
-13.800000 	 0.028230 
-13.780000 	 0.068577 
-13.760000 	 -0.194564 
-13.740000 	 0.074072 
-13.720000 	 -0.022944 
-13.700000 	 -0.019141 
-13.680000 	 0.187512 
-13.660000 	 0.001490 
-13.640000 	 -0.043671 
-13.620000 	 -0.110155 
-13.600000 	 0.017845 
-13.580000 	 -0.151542 
-13.560000 	 0.039155 
-13.540000 	 0.250714 
-13.520000 	 0.042109 
-13.500000 	 0.280826 
-13.480000 	 0.082747 
-13.460000 	 0.208113 
-13.440000 	 0.235622 
-13.420000 	 0.160242 
-13.400000 	 0.087559 
-13.380000 	 0.121258 
-13.360000 	 -0.023201 
-13.340000 	 0.271156 
-13.320000 	 0.014313 
-13.300000 	 -0.207435 
-13.280000 	 0.032370 
-13.260000 	 0.022205 
-13.240000 	 -0.111285 
-13.220000 	 -0.050320 
-13.200000 	 0.021852 
-13.180000 	 -0.045281 
-13.160000 	 0.045855 
-13.140000 	 0.052614 
-13.120000 	 -0.122532 
-13.100000 	 0.178904 
-13.080000 	 -0.110184 
-13.060000 	 -0.111946 
-13.040000 	 0.228767 
-13.020000 	 0.152508 
-13.000000 	 -0.350070 
-12.980000 	 -0.082549 
-12.960000 	 -0.216013 
-12.940000 	 0.023124 
-12.920000 	 -0.073036 
-12.900000 	 0.137809 
-12.880000 	 0.129377 
-12.860000 	 0.185940 
-12.840000 	 0.145705 
-12.820000 	 0.005472 
-12.800000 	 -0.138447 
-12.780000 	 0.233849 
-12.760000 	 -0.402783 
-12.740000 	 -0.010505 
-12.720000 	 0.254429 
-12.700000 	 -0.143295 
-12.680000 	 0.101918 
-12.660000 	 -0.219974 
-12.640000 	 0.088052 
-12.620000 	 0.105918 
-12.600000 	 -0.366720 
-12.580000 	 0.003748 
-12.560000 	 -0.009545 
-12.540000 	 -0.022701 
-12.520000 	 -0.080455 
-12.500000 	 -0.140363 
-12.480000 	 0.105162 
-12.460000 	 -0.219743 
-12.440000 	 -0.115278 
-12.420000 	 0.003472 
-12.400000 	 0.148375 
-12.380000 	 0.110602 
-12.360000 	 0.293093 
-12.340000 	 -0.130293 
-12.320000 	 0.032544 
-12.300000 	 0.103856 
-12.280000 	 0.162378 
-12.260000 	 -0.211724 
-12.240000 	 -0.224980 
-12.220000 	 -0.158668 
-12.200000 	 -0.058983 
-12.180000 	 -0.238730 
-12.160000 	 0.131457 
-12.140000 	 -0.116273 
-12.120000 	 0.107255 
-12.100000 	 0.026073 
-12.080000 	 0.260676 
-12.060000 	 0.035041 
-12.040000 	 -0.167534 
-12.020000 	 0.025866 
-12.000000 	 0.159257 
-11.980000 	 -0.190733 
-11.960000 	 -0.197514 
-11.940000 	 -0.255345 
-11.920000 	 0.221612 
-11.900000 	 0.220652 
-11.880000 	 0.130810 
-11.860000 	 0.028089 
-11.840000 	 0.262366 
-11.820000 	 0.168597 
-11.800000 	 0.002842 
-11.780000 	 0.057810 
-11.760000 	 0.276870 
-11.740000 	 -0.037652 
-11.720000 	 0.068041 
-11.700000 	 -0.021682 
-11.680000 	 0.130427 
-11.660000 	 0.041466 
-11.640000 	 0.062575 
-11.620000 	 -0.032827 
-11.600000 	 -0.199348 
-11.580000 	 0.094316 
-11.560000 	 -0.127593 
-11.540000 	 0.273652 
-11.520000 	 -0.026004 
-11.500000 	 -0.205990 
-11.480000 	 -0.183901 
-11.460000 	 0.062540 
-11.440000 	 0.022349 
-11.420000 	 0.067749 
-11.400000 	 0.083180 
-11.380000 	 -0.125208 
-11.360000 	 0.287359 
-11.340000 	 -0.018521 
-11.320000 	 -0.200000 
-11.300000 	 -0.013726 
-11.280000 	 -0.169062 
-11.260000 	 -0.038594 
-11.240000 	 -0.219138 
-11.220000 	 0.161277 
-11.200000 	 0.138527 
-11.180000 	 0.299780 
-11.160000 	 0.124958 
-11.140000 	 0.007008 
-11.120000 	 -0.235532 
-11.100000 	 0.244985 
-11.080000 	 -0.021171 
-11.060000 	 0.254155 
-11.040000 	 0.239532 
-11.020000 	 0.197686 
-11.000000 	 -0.185334 
-10.980000 	 0.285221 
-10.960000 	 -0.173132 
-10.940000 	 -0.031610 
-10.920000 	 -0.133884 
-10.900000 	 0.292878 
-10.880000 	 -0.079767 
-10.860000 	 -0.031955 
-10.840000 	 -0.008215 
-10.820000 	 -0.081194 
-10.800000 	 -0.085985 
-10.780000 	 0.027794 
-10.760000 	 0.110955 
-10.740000 	 -0.003750 
-10.720000 	 0.162513 
-10.700000 	 0.096124 
-10.680000 	 -0.241009 
-10.660000 	 0.047572 
-10.640000 	 0.163239 
-10.620000 	 -0.138569 
-10.600000 	 0.108457 
-10.580000 	 -0.188152 
-10.560000 	 0.093370 
-10.540000 	 0.000431 
-10.520000 	 -0.179095 
-10.500000 	 -0.134994 
-10.480000 	 0.012072 
-10.460000 	 0.043790 
-10.440000 	 0.121746 
-10.420000 	 0.132641 
-10.400000 	 -0.237418 
-10.380000 	 0.066142 
-10.360000 	 0.041185 
-10.340000 	 -0.027313 
-10.320000 	 0.008020 
-10.300000 	 0.193934 
-10.280000 	 0.195242 
-10.260000 	 0.163079 
-10.240000 	 0.233207 
-10.220000 	 0.073435 
-10.200000 	 -0.076212 
-10.180000 	 -0.182179 
-10.160000 	 0.016900 
-10.140000 	 -0.021144 
-10.120000 	 -0.047081 
-10.100000 	 0.068315 
-10.080000 	 -0.041870 
-10.060000 	 -0.163300 
-10.040000 	 -0.293148 
-10.020000 	 0.130943 
-10.000000 	 -0.269153 
-9.980000 	 -0.065206 
-9.960000 	 -0.108662 
-9.940000 	 0.089269 
-9.920000 	 0.088513 
-9.900000 	 -0.126702 
-9.880000 	 0.135569 
-9.860000 	 -0.021686 
-9.840000 	 -0.192374 
-9.820000 	 0.016068 
-9.800000 	 0.134328 
-9.780000 	 -0.045923 
-9.760000 	 0.163670 
-9.740000 	 0.155016 
-9.720000 	 0.245981 
-9.700000 	 0.002036 
-9.680000 	 -0.069706 
-9.660000 	 -0.081511 
-9.640000 	 0.043081 
-9.620000 	 -0.127010 
-9.600000 	 0.208079 
-9.580000 	 -0.202538 
-9.560000 	 -0.354479 
-9.540000 	 -0.172795 
-9.520000 	 -0.152528 
-9.500000 	 -0.070208 
-9.480000 	 0.196119 
-9.460000 	 -0.187371 
-9.440000 	 -0.256269 
-9.420000 	 0.092885 
-9.400000 	 -0.070550 
-9.380000 	 -0.409491 
-9.360000 	 0.026894 
-9.340000 	 -0.024140 
-9.320000 	 0.109844 
-9.300000 	 -0.150785 
-9.280000 	 -0.026005 
-9.260000 	 -0.008949 
-9.240000 	 0.030592 
-9.220000 	 -0.107387 
-9.200000 	 0.074321 
-9.180000 	 0.002213 
-9.160000 	 0.246985 
-9.140000 	 0.183224 
-9.120000 	 -0.124342 
-9.100000 	 -0.258489 
-9.080000 	 -0.183938 
-9.060000 	 -0.070145 
-9.040000 	 0.006951 
-9.020000 	 -0.054624 
-9.000000 	 0.244604 
-8.980000 	 0.169543 
-8.960000 	 -0.068104 
-8.940000 	 -0.174748 
-8.920000 	 0.019259 
-8.900000 	 0.080745 
-8.880000 	 -0.131181 
-8.860000 	 -0.097828 
-8.840000 	 -0.065691 
-8.820000 	 -0.473416 
-8.800000 	 0.054555 
-8.780000 	 0.153708 
-8.760000 	 -0.012913 
-8.740000 	 0.050785 
-8.720000 	 -0.027603 
-8.700000 	 -0.167822 
-8.680000 	 -0.176291 
-8.660000 	 0.010549 
-8.640000 	 0.011242 
-8.620000 	 0.206657 
-8.600000 	 0.049220 
-8.580000 	 -0.256481 
-8.560000 	 0.045575 
-8.540000 	 -0.153830 
-8.520000 	 0.175050 
-8.500000 	 -0.204490 
-8.480000 	 0.050268 
-8.460000 	 -0.168375 
-8.440000 	 0.023485 
-8.420000 	 -0.397224 
-8.400000 	 0.141733 
-8.380000 	 0.105605 
-8.360000 	 0.119738 
-8.340000 	 0.088982 
-8.320000 	 0.102732 
-8.300000 	 0.133279 
-8.280000 	 -0.060492 
-8.260000 	 -0.268735 
-8.240000 	 0.115990 
-8.220000 	 0.107465 
-8.200000 	 0.055932 
-8.180000 	 -0.063291 
-8.160000 	 0.036868 
-8.140000 	 0.238863 
-8.120000 	 0.130545 
-8.100000 	 -0.307705 
-8.080000 	 0.074865 
-8.060000 	 -0.156903 
-8.040000 	 -0.122901 
-8.020000 	 0.093234 
-8.000000 	 0.058889 
-7.980000 	 0.195426 
-7.960000 	 -0.009407 
-7.940000 	 -0.080322 
-7.920000 	 -0.088564 
-7.900000 	 -0.153022 
-7.880000 	 0.195593 
-7.860000 	 0.110407 
-7.840000 	 -0.096580 
-7.820000 	 -0.070765 
-7.800000 	 -0.063498 
-7.780000 	 -0.100998 
-7.760000 	 0.132485 
-7.740000 	 0.288484 
-7.720000 	 -0.047412 
-7.700000 	 0.119322 
-7.680000 	 -0.258137 
-7.660000 	 -0.173289 
-7.640000 	 0.066094 
-7.620000 	 0.176363 
-7.600000 	 -0.257936 
-7.580000 	 0.086321 
-7.560000 	 0.281366 
-7.540000 	 -0.046147 
-7.520000 	 -0.010213 
-7.500000 	 0.154256 
-7.480000 	 -0.180370 
-7.460000 	 0.102638 
-7.440000 	 0.133037 
-7.420000 	 0.086661 
-7.400000 	 0.186607 
-7.380000 	 -0.077789 
-7.360000 	 -0.022712 
-7.340000 	 0.038743 
-7.320000 	 -0.115512 
-7.300000 	 0.296152 
-7.280000 	 -0.237020 
-7.260000 	 0.138005 
-7.240000 	 -0.238590 
-7.220000 	 0.289675 
-7.200000 	 0.079643 
-7.180000 	 -0.008510 
-7.160000 	 -0.129251 
-7.140000 	 -0.248177 
-7.120000 	 0.037444 
-7.100000 	 0.399378 
-7.080000 	 0.259474 
-7.060000 	 0.170053 
-7.040000 	 0.033341 
-7.020000 	 0.049024 
-7.000000 	 0.097875 
-6.980000 	 0.070386 
-6.960000 	 0.197458 
-6.940000 	 0.024790 
-6.920000 	 0.199299 
-6.900000 	 0.009582 
-6.880000 	 0.028738 
-6.860000 	 0.080713 
-6.840000 	 -0.120845 
-6.820000 	 0.264395 
-6.800000 	 -0.103031 
-6.780000 	 0.192595 
-6.760000 	 0.132609 
-6.740000 	 0.085642 
-6.720000 	 -0.025433 
-6.700000 	 -0.052891 
-6.680000 	 0.397842 
-6.660000 	 0.117525 
-6.640000 	 -0.007944 
-6.620000 	 0.129820 
-6.600000 	 0.113903 
-6.580000 	 -0.172477 
-6.560000 	 0.356665 
-6.540000 	 0.153035 
-6.520000 	 -0.007415 
-6.500000 	 0.148712 
-6.480000 	 -0.050187 
-6.460000 	 -0.038529 
-6.440000 	 0.222539 
-6.420000 	 0.081193 
-6.400000 	 0.074967 
-6.380000 	 -0.092975 
-6.360000 	 0.308209 
-6.340000 	 0.103051 
-6.320000 	 0.216719 
-6.300000 	 0.124550 
-6.280000 	 0.056204 
-6.260000 	 0.076661 
-6.240000 	 -0.012877 
-6.220000 	 0.314042 
-6.200000 	 0.143981 
-6.180000 	 0.373012 
-6.160000 	 0.199169 
-6.140000 	 0.212187 
-6.120000 	 0.248110 
-6.100000 	 0.376900 
-6.080000 	 -0.088124 
-6.060000 	 0.075863 
-6.040000 	 -0.040506 
-6.020000 	 0.143664 
-6.000000 	 0.202824 
-5.980000 	 0.228767 
-5.960000 	 0.331872 
-5.940000 	 0.280472 
-5.920000 	 -0.016268 
-5.900000 	 0.275417 
-5.880000 	 0.088329 
-5.860000 	 0.200152 
-5.840000 	 0.022397 
-5.820000 	 0.208191 
-5.800000 	 0.357548 
-5.780000 	 0.361495 
-5.760000 	 0.105167 
-5.740000 	 0.008696 
-5.720000 	 0.153611 
-5.700000 	 0.311856 
-5.680000 	 0.316525 
-5.660000 	 0.101284 
-5.640000 	 0.304355 
-5.620000 	 0.213020 
-5.600000 	 0.237473 
-5.580000 	 0.304454 
-5.560000 	 0.089385 
-5.540000 	 0.218646 
-5.520000 	 0.105347 
-5.500000 	 0.434009 
-5.480000 	 0.222175 
-5.460000 	 0.503384 
-5.440000 	 0.153579 
-5.420000 	 0.441238 
-5.400000 	 0.358461 
-5.380000 	 0.171588 
-5.360000 	 -0.083676 
-5.340000 	 0.234267 
-5.320000 	 0.310068 
-5.300000 	 0.171942 
-5.280000 	 0.342092 
-5.260000 	 0.587891 
-5.240000 	 0.215019 
-5.220000 	 0.451853 
-5.200000 	 0.331686 
-5.180000 	 0.295022 
-5.160000 	 0.333614 
-5.140000 	 0.303389 
-5.120000 	 0.495408 
-5.100000 	 0.690122 
-5.080000 	 0.558297 
-5.060000 	 0.508513 
-5.040000 	 0.613100 
-5.020000 	 0.546302 
-5.000000 	 0.372555 
-4.980000 	 0.070791 
-4.960000 	 0.635230 
-4.940000 	 0.420944 
-4.920000 	 0.292038 
-4.900000 	 0.435713 
-4.880000 	 0.420595 
-4.860000 	 0.540371 
-4.840000 	 0.530484 
-4.820000 	 0.592733 
-4.800000 	 0.240090 
-4.780000 	 0.232467 
-4.760000 	 0.290210 
-4.740000 	 0.546363 
-4.720000 	 0.310920 
-4.700000 	 0.942553 
-4.680000 	 0.401894 
-4.660000 	 0.440824 
-4.640000 	 0.441211 
-4.620000 	 0.421429 
-4.600000 	 0.372347 
-4.580000 	 0.444327 
-4.560000 	 0.700000 
-4.540000 	 0.435958 
-4.520000 	 0.518639 
-4.500000 	 0.361589 
-4.480000 	 0.617501 
-4.460000 	 0.336639 
-4.440000 	 0.686297 
-4.420000 	 0.717985 
-4.400000 	 0.549743 
-4.380000 	 0.465024 
-4.360000 	 0.637031 
-4.340000 	 0.545121 
-4.320000 	 0.480424 
-4.300000 	 0.457170 
-4.280000 	 0.613908 
-4.260000 	 0.418964 
-4.240000 	 0.284324 
-4.220000 	 0.135202 
-4.200000 	 0.629317 
-4.180000 	 0.529644 
-4.160000 	 0.477646 
-4.140000 	 0.687069 
-4.120000 	 0.504371 
-4.100000 	 0.377420 
-4.080000 	 0.530083 
-4.060000 	 0.644401 
-4.040000 	 0.738022 
-4.020000 	 0.332537 
-4.000000 	 0.306744 
-3.980000 	 0.487745 
-3.960000 	 0.665423 
-3.940000 	 0.678600 
-3.920000 	 0.534584 
-3.900000 	 0.424784 
-3.880000 	 0.419145 
-3.860000 	 0.249453 
-3.840000 	 0.325677 
-3.820000 	 0.536280 
-3.800000 	 0.400848 
-3.780000 	 0.433036 
-3.760000 	 0.409166 
-3.740000 	 0.492701 
-3.720000 	 0.639691 
-3.700000 	 0.631611 
-3.680000 	 0.574168 
-3.660000 	 0.607909 
-3.640000 	 0.555951 
-3.620000 	 0.321390 
-3.600000 	 0.456818 
-3.580000 	 0.596867 
-3.560000 	 0.498201 
-3.540000 	 0.476907 
-3.520000 	 0.362866 
-3.500000 	 0.708567 
-3.480000 	 0.548229 
-3.460000 	 0.495627 
-3.440000 	 0.405055 
-3.420000 	 0.473878 
-3.400000 	 0.313059 
-3.380000 	 0.329461 
-3.360000 	 0.526389 
-3.340000 	 0.478900 
-3.320000 	 0.653951 
-3.300000 	 0.423737 
-3.280000 	 0.299522 
-3.260000 	 0.449059 
-3.240000 	 0.416139 
-3.220000 	 0.585863 
-3.200000 	 0.324675 
-3.180000 	 0.496435 
-3.160000 	 0.088162 
-3.140000 	 0.449537 
-3.120000 	 0.466091 
-3.100000 	 0.555820 
-3.080000 	 0.442944 
-3.060000 	 0.782358 
-3.040000 	 0.374208 
-3.020000 	 0.640137 
-3.000000 	 0.365902 
-2.980000 	 0.385837 
-2.960000 	 0.356741 
-2.940000 	 0.672356 
-2.920000 	 0.293300 
-2.900000 	 0.566547 
-2.880000 	 0.292800 
-2.860000 	 0.747637 
-2.840000 	 0.198541 
-2.820000 	 0.164263 
-2.800000 	 0.459773 
-2.780000 	 0.368492 
-2.760000 	 0.222134 
-2.740000 	 0.238462 
-2.720000 	 0.297555 
-2.700000 	 0.234520 
-2.680000 	 0.156390 
-2.660000 	 0.430508 
-2.640000 	 0.384142 
-2.620000 	 0.489025 
-2.600000 	 0.300496 
-2.580000 	 0.243662 
-2.560000 	 0.194611 
-2.540000 	 0.370312 
-2.520000 	 0.177164 
-2.500000 	 0.494215 
-2.480000 	 0.306839 
-2.460000 	 0.022588 
-2.440000 	 0.017805 
-2.420000 	 -0.118371 
-2.400000 	 0.302937 
-2.380000 	 0.287597 
-2.360000 	 0.333211 
-2.340000 	 0.464497 
-2.320000 	 0.317889 
-2.300000 	 0.136758 
-2.280000 	 0.192957 
-2.260000 	 0.454730 
-2.240000 	 0.440821 
-2.220000 	 0.040391 
-2.200000 	 0.269648 
-2.180000 	 0.249251 
-2.160000 	 0.323841 
-2.140000 	 0.280701 
-2.120000 	 0.260121 
-2.100000 	 0.401335 
-2.080000 	 0.132783 
-2.060000 	 0.252998 
-2.040000 	 0.298926 
-2.020000 	 0.398935 
-2.000000 	 -0.201783 
-1.980000 	 0.421916 
-1.960000 	 0.137356 
-1.940000 	 0.308740 
-1.920000 	 0.459202 
-1.900000 	 0.262817 
-1.880000 	 0.334083 
-1.860000 	 -0.014923 
-1.840000 	 -0.037522 
-1.820000 	 0.362948 
-1.800000 	 0.192064 
-1.780000 	 0.458420 
-1.760000 	 0.143656 
-1.740000 	 0.266757 
-1.720000 	 0.112917 
-1.700000 	 0.193632 
-1.680000 	 0.391197 
-1.660000 	 0.182156 
-1.640000 	 0.225779 
-1.620000 	 0.047041 
-1.600000 	 0.062959 
-1.580000 	 0.110796 
-1.560000 	 0.006190 
-1.540000 	 0.244723 
-1.520000 	 0.167316 
-1.500000 	 0.398013 
-1.480000 	 0.130789 
-1.460000 	 0.155666 
-1.440000 	 -0.229816 
-1.420000 	 0.138510 
-1.400000 	 0.052589 
-1.380000 	 0.058967 
-1.360000 	 0.108474 
-1.340000 	 0.087206 
-1.320000 	 0.120893 
-1.300000 	 -0.045867 
-1.280000 	 0.046697 
-1.260000 	 0.246857 
-1.240000 	 0.234753 
-1.220000 	 -0.123516 
-1.200000 	 0.157597 
-1.180000 	 -0.064520 
-1.160000 	 0.201699 
-1.140000 	 0.099396 
-1.120000 	 0.360192 
-1.100000 	 0.113228 
-1.080000 	 0.124161 
-1.060000 	 -0.006098 
-1.040000 	 0.303417 
-1.020000 	 0.162541 
-1.000000 	 -0.124160 
-0.980000 	 0.076189 
-0.960000 	 -0.013740 
-0.940000 	 -0.073623 
-0.920000 	 0.392055 
-0.900000 	 0.326341 
-0.880000 	 0.002425 
-0.860000 	 0.028481 
-0.840000 	 0.083360 
-0.820000 	 0.103105 
-0.800000 	 -0.126456 
-0.780000 	 0.272099 
-0.760000 	 0.179454 
-0.740000 	 -0.094571 
-0.720000 	 -0.117763 
-0.700000 	 0.151617 
-0.680000 	 0.104744 
-0.660000 	 -0.053456 
-0.640000 	 -0.022408 
-0.620000 	 0.179140 
-0.600000 	 0.109731 
-0.580000 	 0.219108 
-0.560000 	 0.184606 
-0.540000 	 -0.207142 
-0.520000 	 0.061943 
-0.500000 	 0.028609 
-0.480000 	 0.147602 
-0.460000 	 0.093724 
-0.440000 	 -0.198295 
-0.420000 	 0.162836 
-0.400000 	 0.340069 
-0.380000 	 0.099768 
-0.360000 	 0.148573 
-0.340000 	 0.163146 
-0.320000 	 0.112273 
-0.300000 	 0.370027 
-0.280000 	 0.278651 
-0.260000 	 0.627176 
-0.240000 	 0.037710 
-0.220000 	 0.113347 
-0.200000 	 -0.094886 
-0.180000 	 -0.054111 
-0.160000 	 -0.148508 
-0.140000 	 0.145886 
-0.120000 	 0.121724 
-0.100000 	 0.080497 
-0.080000 	 0.326394 
-0.060000 	 0.307701 
-0.040000 	 0.239401 
-0.020000 	 0.256184 
0.000000 	 0.180429 
0.020000 	 0.110541 
0.040000 	 0.321043 
0.060000 	 0.173575 
0.080000 	 0.041563 
0.100000 	 0.618214 
0.120000 	 0.296279 
0.140000 	 0.306703 
0.160000 	 0.036698 
0.180000 	 0.430453 
0.200000 	 0.327635 
0.220000 	 0.309806 
0.240000 	 0.317421 
0.260000 	 0.560940 
0.280000 	 0.233200 
0.300000 	 0.208143 
0.320000 	 0.470080 
0.340000 	 0.185505 
0.360000 	 0.363270 
0.380000 	 0.501068 
0.400000 	 -0.033687 
0.420000 	 0.534591 
0.440000 	 0.512424 
0.460000 	 0.385870 
0.480000 	 0.484848 
0.500000 	 0.586491 
0.520000 	 0.350349 
0.540000 	 0.326449 
0.560000 	 0.566603 
0.580000 	 0.718368 
0.600000 	 0.465041 
0.620000 	 0.512832 
0.640000 	 0.625379 
0.660000 	 0.424666 
0.680000 	 0.371292 
0.700000 	 0.608870 
0.720000 	 0.666264 
0.740000 	 0.324854 
0.760000 	 0.566590 
0.780000 	 0.504448 
0.800000 	 0.444582 
0.820000 	 0.375404 
0.840000 	 0.481818 
0.860000 	 0.782803 
0.880000 	 0.195768 
0.900000 	 0.336488 
0.920000 	 0.546327 
0.940000 	 0.818860 
0.960000 	 0.648343 
0.980000 	 0.492644 
1.000000 	 0.393537 
1.020000 	 0.681288 
1.040000 	 0.600463 
1.060000 	 0.733724 
1.080000 	 0.482389 
1.100000 	 0.566082 
1.120000 	 0.560960 
1.140000 	 0.336261 
1.160000 	 0.681946 
1.180000 	 0.530918 
1.200000 	 0.669574 
1.220000 	 0.441362 
1.240000 	 0.700283 
1.260000 	 0.368585 
1.280000 	 0.708631 
1.300000 	 0.818033 
1.320000 	 0.789461 
1.340000 	 0.839774 
1.360000 	 0.680231 
1.380000 	 0.554694 
1.400000 	 0.661598 
1.420000 	 0.569514 
1.440000 	 0.923363 
1.460000 	 0.698734 
1.480000 	 0.627102 
1.500000 	 0.780115 
1.520000 	 0.705560 
1.540000 	 0.848599 
1.560000 	 0.786290 
1.580000 	 0.819587 
1.600000 	 0.630165 
1.620000 	 0.526105 
1.640000 	 0.764319 
1.660000 	 0.981670 
1.680000 	 0.767282 
1.700000 	 0.767659 
1.720000 	 0.935521 
1.740000 	 1.004053 
1.760000 	 0.741247 
1.780000 	 0.689235 
1.800000 	 0.814833 
1.820000 	 0.955413 
1.840000 	 0.766876 
1.860000 	 0.738235 
1.880000 	 0.808077 
1.900000 	 0.971688 
1.920000 	 1.080297 
1.940000 	 0.808365 
1.960000 	 1.035384 
1.980000 	 1.085274 
2.000000 	 0.860026 
2.020000 	 0.566955 
2.040000 	 1.047180 
2.060000 	 1.035418 
2.080000 	 1.208443 
2.100000 	 0.973478 
2.120000 	 1.100677 
2.140000 	 0.943676 
2.160000 	 0.998927 
2.180000 	 1.099305 
2.200000 	 1.097938 
2.220000 	 0.990441 
2.240000 	 1.100345 
2.260000 	 1.138886 
2.280000 	 1.243914 
2.300000 	 1.368862 
2.320000 	 1.135050 
2.340000 	 1.056968 
2.360000 	 1.249579 
2.380000 	 1.157443 
2.400000 	 0.812528 
2.420000 	 1.224420 
2.440000 	 1.147815 
2.460000 	 1.207021 
2.480000 	 1.490655 
2.500000 	 1.213612 
2.520000 	 1.080184 
2.540000 	 1.303932 
2.560000 	 1.239722 
2.580000 	 1.380118 
2.600000 	 1.474299 
2.620000 	 1.089424 
2.640000 	 1.327094 
2.660000 	 1.179092 
2.680000 	 1.184062 
2.700000 	 1.423027 
2.720000 	 1.085625 
2.740000 	 1.468059 
2.760000 	 1.358448 
2.780000 	 1.297962 
2.800000 	 1.221683 
2.820000 	 1.464828 
2.840000 	 1.530352 
2.860000 	 1.480389 
2.880000 	 1.493964 
2.900000 	 1.223757 
2.920000 	 1.516755 
2.940000 	 1.088411 
2.960000 	 1.489832 
2.980000 	 1.524286 
3.000000 	 1.562183 
3.020000 	 1.578449 
3.040000 	 1.369972 
3.060000 	 1.299355 
3.080000 	 1.194985 
3.100000 	 1.677168 
3.120000 	 1.706647 
3.140000 	 1.340807 
3.160000 	 1.314771 
3.180000 	 1.350366 
3.200000 	 1.691302 
3.220000 	 1.472889 
3.240000 	 1.489214 
3.260000 	 1.274867 
3.280000 	 1.537457 
3.300000 	 1.723516 
3.320000 	 1.453518 
3.340000 	 1.603902 
3.360000 	 1.490191 
3.380000 	 1.441366 
3.400000 	 1.331395 
3.420000 	 1.790835 
3.440000 	 1.628851 
3.460000 	 1.511476 
3.480000 	 1.514921 
3.500000 	 1.511171 
3.520000 	 1.518874 
3.540000 	 1.325734 
3.560000 	 1.568600 
3.580000 	 1.502337 
3.600000 	 1.436225 
3.620000 	 1.913472 
3.640000 	 1.559351 
3.660000 	 1.776496 
3.680000 	 1.755676 
3.700000 	 1.526801 
3.720000 	 1.845668 
3.740000 	 1.645311 
3.760000 	 1.576511 
3.780000 	 1.661587 
3.800000 	 1.621797 
3.820000 	 1.603030 
3.840000 	 1.358720 
3.860000 	 1.413290 
3.880000 	 1.355600 
3.900000 	 1.875901 
3.920000 	 1.680275 
3.940000 	 1.559376 
3.960000 	 1.664702 
3.980000 	 1.622047 
4.000000 	 1.967545 
4.020000 	 1.767075 
4.040000 	 1.593326 
4.060000 	 1.519714 
4.080000 	 1.357359 
4.100000 	 1.867650 
4.120000 	 1.585646 
4.140000 	 1.499877 
4.160000 	 1.645163 
4.180000 	 1.541338 
4.200000 	 1.619606 
4.220000 	 1.669061 
4.240000 	 1.680651 
4.260000 	 1.621645 
4.280000 	 1.498286 
4.300000 	 1.572238 
4.320000 	 1.419612 
4.340000 	 1.653972 
4.360000 	 1.722201 
4.380000 	 1.722082 
4.400000 	 1.253803 
4.420000 	 1.423671 
4.440000 	 1.716623 
4.460000 	 1.463845 
4.480000 	 1.222703 
4.500000 	 1.357813 
4.520000 	 1.455427 
4.540000 	 1.478479 
4.560000 	 1.648130 
4.580000 	 -0.600000 
4.600000 	 1.386890 
4.620000 	 1.509769 
4.640000 	 1.631331 
4.660000 	 1.483674 
4.680000 	 1.591809 
4.700000 	 1.487815 
4.720000 	 1.371869 
4.740000 	 1.399342 
4.760000 	 1.299930 
4.780000 	 1.528681 
4.800000 	 1.704517 
4.820000 	 1.388685 
4.840000 	 1.590127 
4.860000 	 1.393554 
4.880000 	 1.386408 
4.900000 	 1.272732 
4.920000 	 1.629523 
4.940000 	 1.344984 
4.960000 	 1.345101 
4.980000 	 1.243982 
5.000000 	 1.256939 
5.020000 	 1.158230 
5.040000 	 1.583967 
5.060000 	 1.427942 
5.080000 	 1.283671 
5.100000 	 1.352275 
5.120000 	 1.407298 
5.140000 	 1.306219 
5.160000 	 1.578038 
5.180000 	 1.385246 
5.200000 	 1.135472 
5.220000 	 1.295851 
5.240000 	 1.318980 
5.260000 	 1.252529 
5.280000 	 1.297468 
5.300000 	 1.290760 
5.320000 	 1.206739 
5.340000 	 1.260687 
5.360000 	 1.298339 
5.380000 	 1.384039 
5.400000 	 1.138372 
5.420000 	 1.365607 
5.440000 	 1.431932 
5.460000 	 1.055285 
5.480000 	 1.114014 
5.500000 	 1.138831 
5.520000 	 1.281137 
5.540000 	 1.206750 
5.560000 	 1.094110 
5.580000 	 0.837966 
5.600000 	 1.154192 
5.620000 	 1.138003 
5.640000 	 1.350362 
5.660000 	 1.343682 
5.680000 	 1.150898 
5.700000 	 1.206483 
5.720000 	 0.949732 
5.740000 	 1.267463 
5.760000 	 1.156573 
5.780000 	 1.240621 
5.800000 	 0.863923 
5.820000 	 1.149346 
5.840000 	 1.193926 
5.860000 	 0.974853 
5.880000 	 0.778202 
5.900000 	 1.017772 
5.920000 	 1.133652 
5.940000 	 0.788663 
5.960000 	 1.187250 
5.980000 	 1.017329 
6.000000 	 1.082012 
6.020000 	 0.865806 
6.040000 	 0.748510 
6.060000 	 1.079355 
6.080000 	 0.991855 
6.100000 	 0.532301 
6.120000 	 0.928527 
6.140000 	 0.611659 
6.160000 	 0.779850 
6.180000 	 0.797219 
6.200000 	 0.931534 
6.220000 	 0.709742 
6.240000 	 0.690373 
6.260000 	 0.893629 
6.280000 	 0.728556 
6.300000 	 0.585782 
6.320000 	 0.715059 
6.340000 	 0.770141 
6.360000 	 0.776359 
6.380000 	 0.986213 
6.400000 	 0.729152 
6.420000 	 0.716531 
6.440000 	 0.596487 
6.460000 	 0.729884 
6.480000 	 0.858353 
6.500000 	 0.417949 
6.520000 	 0.792186 
6.540000 	 0.677928 
6.560000 	 0.628585 
6.580000 	 0.789347 
6.600000 	 0.422591 
6.620000 	 0.543989 
6.640000 	 0.787572 
6.660000 	 0.805283 
6.680000 	 0.630478 
6.700000 	 0.505982 
6.720000 	 0.577802 
6.740000 	 0.832588 
6.760000 	 0.584630 
6.780000 	 0.813519 
6.800000 	 0.372889 
6.820000 	 0.516104 
6.840000 	 0.378925 
6.860000 	 0.777716 
6.880000 	 0.755152 
6.900000 	 0.403267 
6.920000 	 0.467770 
6.940000 	 0.435515 
6.960000 	 0.413327 
6.980000 	 0.305860 
7.000000 	 0.677921 
7.020000 	 0.509096 
7.040000 	 0.426350 
7.060000 	 0.701292 
7.080000 	 0.470819 
7.100000 	 0.684624 
7.120000 	 0.413905 
7.140000 	 0.455629 
7.160000 	 0.528341 
7.180000 	 0.454276 
7.200000 	 0.303393 
7.220000 	 0.402430 
7.240000 	 0.600867 
7.260000 	 0.449681 
7.280000 	 0.580895 
7.300000 	 0.115806 
7.320000 	 0.487246 
7.340000 	 0.385010 
7.360000 	 0.556490 
7.380000 	 0.601162 
7.400000 	 0.193087 
7.420000 	 0.482001 
7.440000 	 0.312333 
7.460000 	 0.307170 
7.480000 	 0.359672 
7.500000 	 0.061554 
7.520000 	 0.152046 
7.540000 	 0.218206 
7.560000 	 0.539000 
7.580000 	 0.340300 
7.600000 	 0.163081 
7.620000 	 0.293653 
7.640000 	 0.158164 
7.660000 	 0.473273 
7.680000 	 0.030828 
7.700000 	 0.295280 
7.720000 	 0.184891 
7.740000 	 0.052056 
7.760000 	 0.118178 
7.780000 	 0.350159 
7.800000 	 0.176940 
7.820000 	 0.327577 
7.840000 	 0.098865 
7.860000 	 0.130673 
7.880000 	 0.204341 
7.900000 	 0.405139 
7.920000 	 0.127602 
7.940000 	 0.549278 
7.960000 	 0.151387 
7.980000 	 0.229282 
8.000000 	 0.116775 
8.020000 	 0.380920 
8.040000 	 0.043769 
8.060000 	 0.453577 
8.080000 	 0.075272 
8.100000 	 0.342022 
8.120000 	 -0.110583 
8.140000 	 0.373890 
8.160000 	 0.255146 
8.180000 	 0.013538 
8.200000 	 0.047409 
8.220000 	 0.156487 
8.240000 	 0.155828 
8.260000 	 -0.242314 
8.280000 	 0.119891 
8.300000 	 0.088385 
8.320000 	 0.114277 
8.340000 	 0.117874 
8.360000 	 0.200809 
8.380000 	 0.142590 
8.400000 	 0.200785 
8.420000 	 0.309447 
8.440000 	 0.012337 
8.460000 	 0.136727 
8.480000 	 0.312889 
8.500000 	 0.097801 
8.520000 	 0.196768 
8.540000 	 0.147099 
8.560000 	 0.271570 
8.580000 	 0.121339 
8.600000 	 -0.214197 
8.620000 	 0.190086 
8.640000 	 0.220170 
8.660000 	 0.069011 
8.680000 	 0.001396 
8.700000 	 0.178102 
8.720000 	 0.107598 
8.740000 	 0.243704 
8.760000 	 -0.061838 
8.780000 	 -0.143763 
8.800000 	 0.006516 
8.820000 	 0.323013 
8.840000 	 -0.211045 
8.860000 	 -0.054766 
8.880000 	 -0.029790 
8.900000 	 0.058343 
8.920000 	 -0.035770 
8.940000 	 0.085206 
8.960000 	 0.224686 
8.980000 	 -0.164493 
9.000000 	 0.061611 
9.020000 	 0.115352 
9.040000 	 0.105456 
9.060000 	 0.219961 
9.080000 	 0.064168 
9.100000 	 0.117062 
9.120000 	 0.160607 
9.140000 	 0.123666 
9.160000 	 -0.042668 
9.180000 	 0.246940 
9.200000 	 0.070519 
9.220000 	 0.004779 
9.240000 	 -0.088907 
9.260000 	 -0.249063 
9.280000 	 -0.000363 
9.300000 	 -0.016548 
9.320000 	 0.238102 
9.340000 	 0.079795 
9.360000 	 -0.012592 
9.380000 	 0.008625 
9.400000 	 -0.050704 
9.420000 	 0.039243 
9.440000 	 -0.136824 
9.460000 	 -0.116946 
9.480000 	 0.074468 
9.500000 	 -0.249002 
9.520000 	 -0.053995 
9.540000 	 -0.000413 
9.560000 	 0.232490 
9.580000 	 0.071878 
9.600000 	 0.333061 
9.620000 	 0.029766 
9.640000 	 -0.317543 
9.660000 	 0.333947 
9.680000 	 -0.080304 
9.700000 	 0.149347 
9.720000 	 -0.167087 
9.740000 	 -0.041068 
9.760000 	 0.086363 
9.780000 	 0.070387 
9.800000 	 0.224412 
9.820000 	 0.043074 
9.840000 	 -0.153578 
9.860000 	 -0.053246 
9.880000 	 0.172394 
9.900000 	 0.042436 
9.920000 	 -0.136245 
9.940000 	 0.163992 
9.960000 	 -0.109131 
9.980000 	 0.183257 
10.000000 	 0.075078 
10.020000 	 0.096628 
10.040000 	 0.197914 
10.060000 	 -0.062242 
10.080000 	 -0.093533 
10.100000 	 -0.350134 
10.120000 	 -0.182026 
10.140000 	 0.159397 
10.160000 	 0.206330 
10.180000 	 -0.046532 
10.200000 	 0.049040 
10.220000 	 -0.134961 
10.240000 	 0.078462 
10.260000 	 -0.043812 
10.280000 	 -0.021662 
10.300000 	 -0.225095 
10.320000 	 0.108212 
10.340000 	 0.102113 
10.360000 	 -0.189038 
10.380000 	 -0.006087 
10.400000 	 0.065995 
10.420000 	 0.308402 
10.440000 	 0.032889 
10.460000 	 -0.032054 
10.480000 	 0.238028 
10.500000 	 0.258927 
10.520000 	 0.051301 
10.540000 	 -0.125707 
10.560000 	 0.398471 
10.580000 	 0.025352 
10.600000 	 -0.072271 
10.620000 	 -0.186582 
10.640000 	 -0.172600 
10.660000 	 -0.032453 
10.680000 	 0.160444 
10.700000 	 -0.071394 
10.720000 	 -0.017999 
10.740000 	 0.053234 
10.760000 	 0.257409 
10.780000 	 -0.159160 
10.800000 	 -0.031078 
10.820000 	 0.172360 
10.840000 	 0.026631 
10.860000 	 0.264128 
10.880000 	 -0.007488 
10.900000 	 0.148234 
10.920000 	 -0.140018 
10.940000 	 0.213981 
10.960000 	 -0.190018 
10.980000 	 0.277135 
11.000000 	 -0.181721 
11.020000 	 -0.125890 
11.040000 	 0.073783 
11.060000 	 -0.066029 
11.080000 	 -0.016986 
11.100000 	 0.206637 
11.120000 	 -0.016655 
11.140000 	 0.095975 
11.160000 	 0.269150 
11.180000 	 -0.009201 
11.200000 	 0.233649 
11.220000 	 -0.261181 
11.240000 	 -0.094971 
11.260000 	 0.020531 
11.280000 	 -0.220146 
11.300000 	 -0.140465 
11.320000 	 -0.076350 
11.340000 	 0.078689 
11.360000 	 -0.153482 
11.380000 	 0.020151 
11.400000 	 -0.105937 
11.420000 	 0.053765 
11.440000 	 0.088777 
11.460000 	 -0.137686 
11.480000 	 -0.241934 
11.500000 	 -0.116981 
11.520000 	 -0.106972 
11.540000 	 0.156736 
11.560000 	 0.413550 
11.580000 	 -0.191956 
11.600000 	 -0.147676 
11.620000 	 -0.138138 
11.640000 	 0.007676 
11.660000 	 0.246074 
11.680000 	 0.038933 
11.700000 	 0.038187 
11.720000 	 0.019521 
11.740000 	 -0.002949 
11.760000 	 -0.053922 
11.780000 	 -0.095413 
11.800000 	 -0.141551 
11.820000 	 -0.031147 
11.840000 	 0.063790 
11.860000 	 0.052305 
11.880000 	 0.069317 
11.900000 	 -0.136017 
11.920000 	 0.252602 
11.940000 	 -0.083056 
11.960000 	 -0.077020 
11.980000 	 -0.258091 
12.000000 	 0.110895 
12.020000 	 -0.140122 
12.040000 	 -0.229442 
12.060000 	 -0.129928 
12.080000 	 -0.100000 
12.100000 	 0.051033 
12.120000 	 0.067390 
12.140000 	 0.199282 
12.160000 	 -0.127779 
12.180000 	 0.067146 
12.200000 	 -0.068915 
12.220000 	 0.078555 
12.240000 	 0.137481 
12.260000 	 -0.122933 
12.280000 	 -0.058111 
12.300000 	 -0.184093 
12.320000 	 -0.197231 
12.340000 	 0.109110 
12.360000 	 -0.233103 
12.380000 	 0.084186 
12.400000 	 0.019442 
12.420000 	 -0.260208 
12.440000 	 -0.023205 
12.460000 	 -0.080236 
12.480000 	 0.082656 
12.500000 	 -0.052674 
12.520000 	 0.057540 
12.540000 	 0.152925 
12.560000 	 -0.063817 
12.580000 	 0.014305 
12.600000 	 0.260692 
12.620000 	 0.009536 
12.640000 	 0.002840 
12.660000 	 0.001343 
12.680000 	 0.076699 
12.700000 	 -0.015305 
12.720000 	 0.127818 
12.740000 	 -0.090124 
12.760000 	 0.361285 
12.780000 	 -0.005441 
12.800000 	 -0.111676 
12.820000 	 -0.042948 
12.840000 	 0.173786 
12.860000 	 -0.001894 
12.880000 	 0.132755 
12.900000 	 0.005098 
12.920000 	 -0.046017 
12.940000 	 -0.082595 
12.960000 	 0.128731 
12.980000 	 -0.127389 
13.000000 	 -0.141913 
13.020000 	 -0.045964 
13.040000 	 0.096200 
13.060000 	 0.089772 
13.080000 	 -0.120754 
13.100000 	 0.025827 
13.120000 	 -0.194345 
13.140000 	 -0.062993 
13.160000 	 0.275558 
13.180000 	 0.256445 
13.200000 	 0.323466 
13.220000 	 0.333642 
13.240000 	 -0.085275 
13.260000 	 -0.067799 
13.280000 	 0.075810 
13.300000 	 -0.141764 
13.320000 	 0.042670 
13.340000 	 0.087693 
13.360000 	 0.203989 
13.380000 	 -0.211774 
13.400000 	 0.267725 
13.420000 	 -0.128002 
13.440000 	 0.114542 
13.460000 	 -0.153357 
13.480000 	 0.018866 
13.500000 	 -0.058959 
13.520000 	 0.009204 
13.540000 	 -0.175487 
13.560000 	 0.066218 
13.580000 	 -0.392625 
13.600000 	 -0.304223 
13.620000 	 -0.064374 
13.640000 	 -0.153105 
13.660000 	 -0.142890 
13.680000 	 0.023465 
13.700000 	 0.008034 
13.720000 	 -0.005379 
13.740000 	 -0.084417 
13.760000 	 -0.079144 
13.780000 	 0.042800 
13.800000 	 -0.263128 
13.820000 	 -0.209850 
13.840000 	 0.253089 
13.860000 	 -0.095080 
13.880000 	 -0.015001 
13.900000 	 0.186923 
13.920000 	 -0.105327 
13.940000 	 0.205898 
13.960000 	 0.000996 
13.980000 	 -0.066945 
14.000000 	 0.073733 
14.020000 	 -0.145845 
14.040000 	 -0.013838 
14.060000 	 0.069283 
14.080000 	 0.102930 
14.100000 	 0.047042 
14.120000 	 0.019358 
14.140000 	 -0.216337 
14.160000 	 -0.070783 
14.180000 	 0.216554 
14.200000 	 -0.001588 
14.220000 	 0.350623 
14.240000 	 -0.220698 
14.260000 	 0.354230 
14.280000 	 0.147302 
14.300000 	 -0.062946 
14.320000 	 0.050913 
14.340000 	 0.009763 
14.360000 	 0.326843 
14.380000 	 0.134651 
14.400000 	 -0.172347 
14.420000 	 0.264175 
14.440000 	 -0.203085 
14.460000 	 -0.026245 
14.480000 	 -0.016954 
14.500000 	 0.287790 
14.520000 	 0.044174 
14.540000 	 -0.245728 
14.560000 	 -0.000373 
14.580000 	 -0.148463 
14.600000 	 0.005705 
14.620000 	 0.401891 
14.640000 	 -0.044055 
14.660000 	 -0.101848 
14.680000 	 0.110286 
14.700000 	 -0.084561 
14.720000 	 0.074774 
14.740000 	 -0.083982 
14.760000 	 0.043200 
14.780000 	 0.016997 
14.800000 	 0.028979 
14.820000 	 0.195048 
14.840000 	 -0.277145 
14.860000 	 -0.092450 
14.880000 	 -0.111989 
14.900000 	 0.227436 
14.920000 	 -0.080219 
14.940000 	 0.156509 
14.960000 	 0.012353 
14.980000 	 0.195890 
15.000000 	 0.043725 
