-15.000000 	 -0.203798 
-14.980000 	 -0.210084 
-14.960000 	 -0.065412 
-14.940000 	 -0.055985 
-14.920000 	 -0.334147 
-14.900000 	 -0.086822 
-14.880000 	 -0.017638 
-14.860000 	 0.091927 
-14.840000 	 -0.174079 
-14.820000 	 -0.042317 
-14.800000 	 -0.074274 
-14.780000 	 0.100371 
-14.760000 	 0.008363 
-14.740000 	 -0.083087 
-14.720000 	 -0.094759 
-14.700000 	 0.061871 
-14.680000 	 0.190729 
-14.660000 	 -0.201962 
-14.640000 	 -0.165762 
-14.620000 	 -0.169617 
-14.600000 	 0.068302 
-14.580000 	 -0.105682 
-14.560000 	 -0.010165 
-14.540000 	 0.000799 
-14.520000 	 -0.258859 
-14.500000 	 0.147393 
-14.480000 	 -0.153629 
-14.460000 	 -0.115438 
-14.440000 	 0.017927 
-14.420000 	 -0.375988 
-14.400000 	 0.053447 
-14.380000 	 -0.356057 
-14.360000 	 -0.072466 
-14.340000 	 -0.075087 
-14.320000 	 -0.061778 
-14.300000 	 -0.210645 
-14.280000 	 0.231249 
-14.260000 	 0.085956 
-14.240000 	 0.155792 
-14.220000 	 0.130546 
-14.200000 	 -0.065170 
-14.180000 	 0.127786 
-14.160000 	 -0.300732 
-14.140000 	 0.207026 
-14.120000 	 -0.276401 
-14.100000 	 0.064135 
-14.080000 	 -0.170731 
-14.060000 	 0.100137 
-14.040000 	 -0.039454 
-14.020000 	 -0.218244 
-14.000000 	 0.017540 
-13.980000 	 0.038912 
-13.960000 	 -0.018230 
-13.940000 	 -0.097451 
-13.920000 	 -0.265662 
-13.900000 	 -0.022413 
-13.880000 	 0.019631 
-13.860000 	 -0.168864 
-13.840000 	 0.075373 
-13.820000 	 -0.112665 
-13.800000 	 0.178023 
-13.780000 	 0.051158 
-13.760000 	 0.086899 
-13.740000 	 0.131510 
-13.720000 	 0.033790 
-13.700000 	 -0.225966 
-13.680000 	 0.170204 
-13.660000 	 0.017174 
-13.640000 	 -0.221267 
-13.620000 	 0.206567 
-13.600000 	 0.165081 
-13.580000 	 0.167081 
-13.560000 	 -0.226605 
-13.540000 	 0.141654 
-13.520000 	 -0.132338 
-13.500000 	 -0.032727 
-13.480000 	 0.164466 
-13.460000 	 0.044418 
-13.440000 	 -0.033260 
-13.420000 	 0.037726 
-13.400000 	 -0.029307 
-13.380000 	 0.009883 
-13.360000 	 -0.133363 
-13.340000 	 -0.077413 
-13.320000 	 0.126085 
-13.300000 	 0.134518 
-13.280000 	 0.033533 
-13.260000 	 0.075302 
-13.240000 	 0.358674 
-13.220000 	 0.025264 
-13.200000 	 -0.083607 
-13.180000 	 0.093180 
-13.160000 	 -0.247128 
-13.140000 	 -0.047255 
-13.120000 	 -0.057586 
-13.100000 	 0.139024 
-13.080000 	 0.066729 
-13.060000 	 0.139678 
-13.040000 	 -0.036004 
-13.020000 	 -0.092769 
-13.000000 	 -0.043182 
-12.980000 	 0.022071 
-12.960000 	 0.124160 
-12.940000 	 -0.082302 
-12.920000 	 -0.073645 
-12.900000 	 0.156508 
-12.880000 	 0.309154 
-12.860000 	 0.201812 
-12.840000 	 0.178995 
-12.820000 	 -0.214960 
-12.800000 	 0.156912 
-12.780000 	 0.263651 
-12.760000 	 -0.172255 
-12.740000 	 0.035988 
-12.720000 	 0.072273 
-12.700000 	 -0.165994 
-12.680000 	 -0.080798 
-12.660000 	 -0.195943 
-12.640000 	 -0.089055 
-12.620000 	 0.068082 
-12.600000 	 -0.259911 
-12.580000 	 -0.033057 
-12.560000 	 -0.039190 
-12.540000 	 0.220301 
-12.520000 	 -0.017171 
-12.500000 	 0.192714 
-12.480000 	 0.057266 
-12.460000 	 -0.169848 
-12.440000 	 0.097960 
-12.420000 	 0.237006 
-12.400000 	 -0.337698 
-12.380000 	 0.025919 
-12.360000 	 0.117567 
-12.340000 	 0.092596 
-12.320000 	 -0.067938 
-12.300000 	 0.009778 
-12.280000 	 0.226217 
-12.260000 	 0.053001 
-12.240000 	 -0.095706 
-12.220000 	 0.153591 
-12.200000 	 -0.230553 
-12.180000 	 0.163046 
-12.160000 	 -0.164771 
-12.140000 	 -0.077538 
-12.120000 	 0.026570 
-12.100000 	 0.262728 
-12.080000 	 -0.144906 
-12.060000 	 0.221635 
-12.040000 	 -0.005689 
-12.020000 	 0.194246 
-12.000000 	 -0.004908 
-11.980000 	 0.047927 
-11.960000 	 -0.013149 
-11.940000 	 -0.025623 
-11.920000 	 -0.027836 
-11.900000 	 -0.003281 
-11.880000 	 -0.023922 
-11.860000 	 0.027279 
-11.840000 	 0.147877 
-11.820000 	 -0.020163 
-11.800000 	 -0.241157 
-11.780000 	 0.249306 
-11.760000 	 0.082716 
-11.740000 	 -0.173091 
-11.720000 	 -0.172631 
-11.700000 	 0.116012 
-11.680000 	 -0.059685 
-11.660000 	 -0.193285 
-11.640000 	 -0.168939 
-11.620000 	 0.029619 
-11.600000 	 -0.042227 
-11.580000 	 -0.037888 
-11.560000 	 -0.004019 
-11.540000 	 0.050601 
-11.520000 	 -0.002539 
-11.500000 	 0.102803 
-11.480000 	 0.070871 
-11.460000 	 -0.175243 
-11.440000 	 0.014029 
-11.420000 	 -0.023284 
-11.400000 	 0.189008 
-11.380000 	 0.044083 
-11.360000 	 0.004891 
-11.340000 	 -0.061291 
-11.320000 	 0.142329 
-11.300000 	 0.332101 
-11.280000 	 -0.089158 
-11.260000 	 0.041012 
-11.240000 	 0.035145 
-11.220000 	 0.137993 
-11.200000 	 0.159519 
-11.180000 	 -0.095335 
-11.160000 	 -0.177310 
-11.140000 	 -0.043725 
-11.120000 	 0.091192 
-11.100000 	 -0.411628 
-11.080000 	 0.039952 
-11.060000 	 0.035818 
-11.040000 	 -0.017025 
-11.020000 	 0.278196 
-11.000000 	 -0.105643 
-10.980000 	 0.125565 
-10.960000 	 -0.022264 
-10.940000 	 0.120405 
-10.920000 	 -0.028973 
-10.900000 	 0.023355 
-10.880000 	 0.029220 
-10.860000 	 -0.197028 
-10.840000 	 0.288246 
-10.820000 	 -0.337056 
-10.800000 	 0.096462 
-10.780000 	 0.174548 
-10.760000 	 0.043070 
-10.740000 	 0.125853 
-10.720000 	 -0.018045 
-10.700000 	 0.256835 
-10.680000 	 0.106710 
-10.660000 	 -0.320161 
-10.640000 	 0.270001 
-10.620000 	 -0.129225 
-10.600000 	 -0.317158 
-10.580000 	 -0.205112 
-10.560000 	 0.053924 
-10.540000 	 0.281093 
-10.520000 	 -0.056699 
-10.500000 	 -0.056130 
-10.480000 	 -0.059993 
-10.460000 	 -0.180230 
-10.440000 	 0.222400 
-10.420000 	 0.005669 
-10.400000 	 0.044403 
-10.380000 	 -0.071874 
-10.360000 	 -0.195953 
-10.340000 	 0.199708 
-10.320000 	 -0.123787 
-10.300000 	 -0.228521 
-10.280000 	 0.042306 
-10.260000 	 -0.120364 
-10.240000 	 -0.143721 
-10.220000 	 -0.067756 
-10.200000 	 -0.159400 
-10.180000 	 0.070337 
-10.160000 	 -0.002657 
-10.140000 	 0.171538 
-10.120000 	 -0.400000 
-10.100000 	 -0.125873 
-10.080000 	 0.005898 
-10.060000 	 0.053738 
-10.040000 	 -0.030917 
-10.020000 	 -0.043221 
-10.000000 	 -0.023329 
-9.980000 	 -0.012405 
-9.960000 	 0.226563 
-9.940000 	 -0.086574 
-9.920000 	 -0.159714 
-9.900000 	 0.178177 
-9.880000 	 0.039427 
-9.860000 	 -0.170060 
-9.840000 	 -0.025439 
-9.820000 	 -0.279433 
-9.800000 	 -0.040584 
-9.780000 	 -0.012744 
-9.760000 	 -0.298048 
-9.740000 	 -0.188258 
-9.720000 	 0.249751 
-9.700000 	 0.161022 
-9.680000 	 0.062055 
-9.660000 	 -0.131300 
-9.640000 	 0.126656 
-9.620000 	 0.109306 
-9.600000 	 0.117124 
-9.580000 	 -0.007704 
-9.560000 	 -0.000742 
-9.540000 	 0.058836 
-9.520000 	 -0.112614 
-9.500000 	 -0.060836 
-9.480000 	 -0.180236 
-9.460000 	 -0.200000 
-9.440000 	 0.193640 
-9.420000 	 -0.015487 
-9.400000 	 0.158360 
-9.380000 	 -0.194534 
-9.360000 	 0.025838 
-9.340000 	 0.197430 
-9.320000 	 0.051856 
-9.300000 	 0.033966 
-9.280000 	 0.013097 
-9.260000 	 0.187774 
-9.240000 	 -0.189592 
-9.220000 	 0.045893 
-9.200000 	 0.048549 
-9.180000 	 -0.069240 
-9.160000 	 0.035593 
-9.140000 	 0.084188 
-9.120000 	 0.247281 
-9.100000 	 0.068069 
-9.080000 	 -0.123976 
-9.060000 	 -0.031235 
-9.040000 	 0.414008 
-9.020000 	 0.018637 
-9.000000 	 0.102323 
-8.980000 	 0.046476 
-8.960000 	 0.304649 
-8.940000 	 -0.184497 
-8.920000 	 -0.158391 
-8.900000 	 -0.196204 
-8.880000 	 0.056315 
-8.860000 	 0.009279 
-8.840000 	 0.255004 
-8.820000 	 -0.126349 
-8.800000 	 -0.228006 
-8.780000 	 -0.031466 
-8.760000 	 0.042926 
-8.740000 	 0.262573 
-8.720000 	 -0.044920 
-8.700000 	 -0.213573 
-8.680000 	 -0.038360 
-8.660000 	 -0.014069 
-8.640000 	 0.312063 
-8.620000 	 -0.007715 
-8.600000 	 -0.194062 
-8.580000 	 0.253030 
-8.560000 	 0.005383 
-8.540000 	 0.235101 
-8.520000 	 -0.265690 
-8.500000 	 0.085667 
-8.480000 	 -0.321857 
-8.460000 	 -0.094401 
-8.440000 	 0.132538 
-8.420000 	 -0.076889 
-8.400000 	 -0.060892 
-8.380000 	 -0.183371 
-8.360000 	 0.114233 
-8.340000 	 -0.053318 
-8.320000 	 0.051830 
-8.300000 	 0.076380 
-8.280000 	 0.210196 
-8.260000 	 -0.068131 
-8.240000 	 -0.070693 
-8.220000 	 -0.072157 
-8.200000 	 -0.099727 
-8.180000 	 0.140888 
-8.160000 	 -0.118071 
-8.140000 	 -0.052885 
-8.120000 	 -0.223284 
-8.100000 	 0.050896 
-8.080000 	 -0.056896 
-8.060000 	 0.066411 
-8.040000 	 0.179984 
-8.020000 	 -0.415154 
-8.000000 	 0.082482 
-7.980000 	 0.147749 
-7.960000 	 0.172830 
-7.940000 	 -0.047336 
-7.920000 	 0.137572 
-7.900000 	 0.094161 
-7.880000 	 0.134562 
-7.860000 	 0.041417 
-7.840000 	 0.216261 
-7.820000 	 0.241620 
-7.800000 	 0.276316 
-7.780000 	 -0.186443 
-7.760000 	 0.024274 
-7.740000 	 -0.029879 
-7.720000 	 0.048809 
-7.700000 	 -0.078933 
-7.680000 	 -0.093627 
-7.660000 	 0.199380 
-7.640000 	 0.031063 
-7.620000 	 0.089934 
-7.600000 	 0.001326 
-7.580000 	 -0.165140 
-7.560000 	 0.095975 
-7.540000 	 -0.062264 
-7.520000 	 -0.120943 
-7.500000 	 0.238040 
-7.480000 	 0.062022 
-7.460000 	 0.239176 
-7.440000 	 0.032058 
-7.420000 	 -0.058576 
-7.400000 	 0.102839 
-7.380000 	 -0.030069 
-7.360000 	 0.171810 
-7.340000 	 -0.022525 
-7.320000 	 0.109521 
-7.300000 	 0.158722 
-7.280000 	 -0.028676 
-7.260000 	 0.257698 
-7.240000 	 0.248910 
-7.220000 	 0.163102 
-7.200000 	 -0.083529 
-7.180000 	 0.053531 
-7.160000 	 -0.129612 
-7.140000 	 0.025170 
-7.120000 	 0.387424 
-7.100000 	 -0.097332 
-7.080000 	 -0.052465 
-7.060000 	 -0.145575 
-7.040000 	 0.189078 
-7.020000 	 0.009034 
-7.000000 	 0.052386 
-6.980000 	 0.320671 
-6.960000 	 0.177290 
-6.940000 	 0.341075 
-6.920000 	 0.124243 
-6.900000 	 -0.041600 
-6.880000 	 -0.096261 
-6.860000 	 -0.194229 
-6.840000 	 0.249610 
-6.820000 	 0.072710 
-6.800000 	 -0.065412 
-6.780000 	 0.164878 
-6.760000 	 -0.141059 
-6.740000 	 -0.058799 
-6.720000 	 0.287144 
-6.700000 	 -0.055881 
-6.680000 	 0.121732 
-6.660000 	 0.197435 
-6.640000 	 -0.105287 
-6.620000 	 0.150467 
-6.600000 	 0.245108 
-6.580000 	 0.269702 
-6.560000 	 0.130079 
-6.540000 	 0.179694 
-6.520000 	 -0.225861 
-6.500000 	 0.202460 
-6.480000 	 0.242453 
-6.460000 	 0.063604 
-6.440000 	 0.125074 
-6.420000 	 0.292231 
-6.400000 	 0.239274 
-6.380000 	 0.026562 
-6.360000 	 0.223068 
-6.340000 	 0.378573 
-6.320000 	 0.307513 
-6.300000 	 -0.009000 
-6.280000 	 0.016347 
-6.260000 	 0.048389 
-6.240000 	 0.285777 
-6.220000 	 0.043933 
-6.200000 	 -0.014758 
-6.180000 	 0.207863 
-6.160000 	 -0.061547 
-6.140000 	 0.122489 
-6.120000 	 0.077731 
-6.100000 	 0.036451 
-6.080000 	 0.211660 
-6.060000 	 0.296140 
-6.040000 	 0.214845 
-6.020000 	 -0.044148 
-6.000000 	 0.464889 
-5.980000 	 0.360374 
-5.960000 	 0.424643 
-5.940000 	 0.102293 
-5.920000 	 0.290620 
-5.900000 	 0.057091 
-5.880000 	 0.163863 
-5.860000 	 0.171349 
-5.840000 	 0.398078 
-5.820000 	 0.427863 
-5.800000 	 -0.068039 
-5.780000 	 0.598822 
-5.760000 	 0.237084 
-5.740000 	 0.243727 
-5.720000 	 0.024981 
-5.700000 	 -0.020790 
-5.680000 	 0.150341 
-5.660000 	 0.183476 
-5.640000 	 0.333967 
-5.620000 	 0.010119 
-5.600000 	 0.467222 
-5.580000 	 0.362999 
-5.560000 	 0.528803 
-5.540000 	 0.110523 
-5.520000 	 0.375909 
-5.500000 	 0.210303 
-5.480000 	 0.324849 
-5.460000 	 0.380696 
-5.440000 	 0.332265 
-5.420000 	 0.304186 
-5.400000 	 0.133168 
-5.380000 	 0.498707 
-5.360000 	 0.538561 
-5.340000 	 0.440942 
-5.320000 	 0.458592 
-5.300000 	 0.095483 
-5.280000 	 0.213921 
-5.260000 	 0.613538 
-5.240000 	 0.269487 
-5.220000 	 0.175662 
-5.200000 	 0.452611 
-5.180000 	 0.182388 
-5.160000 	 0.274666 
-5.140000 	 0.452932 
-5.120000 	 0.489463 
-5.100000 	 0.323097 
-5.080000 	 0.492766 
-5.060000 	 0.174292 
-5.040000 	 0.370182 
-5.020000 	 0.402853 
-5.000000 	 0.346113 
-4.980000 	 0.469029 
-4.960000 	 0.431882 
-4.940000 	 0.241536 
-4.920000 	 0.407453 
-4.900000 	 0.207060 
-4.880000 	 0.691720 
-4.860000 	 0.365220 
-4.840000 	 0.495350 
-4.820000 	 0.428702 
-4.800000 	 0.116347 
-4.780000 	 0.525836 
-4.760000 	 0.509186 
-4.740000 	 0.335367 
-4.720000 	 0.479170 
-4.700000 	 0.458443 
-4.680000 	 0.530455 
-4.660000 	 0.299116 
-4.640000 	 0.629339 
-4.620000 	 0.173798 
-4.600000 	 0.505487 
-4.580000 	 0.502016 
-4.560000 	 0.335880 
-4.540000 	 0.547937 
-4.520000 	 0.515006 
-4.500000 	 0.073133 
-4.480000 	 0.444040 
-4.460000 	 0.405143 
-4.440000 	 0.513608 
-4.420000 	 0.436901 
-4.400000 	 0.567164 
-4.380000 	 0.641192 
-4.360000 	 0.687861 
-4.340000 	 0.443462 
-4.320000 	 0.539075 
-4.300000 	 0.710465 
-4.280000 	 0.364405 
-4.260000 	 0.656631 
-4.240000 	 0.353832 
-4.220000 	 0.654401 
-4.200000 	 0.384506 
-4.180000 	 0.654058 
-4.160000 	 0.289873 
-4.140000 	 0.552849 
-4.120000 	 0.335875 
-4.100000 	 0.557708 
-4.080000 	 0.565990 
-4.060000 	 0.536039 
-4.040000 	 0.577999 
-4.020000 	 0.383276 
-4.000000 	 0.503011 
-3.980000 	 0.476991 
-3.960000 	 0.608381 
-3.940000 	 0.649570 
-3.920000 	 0.576351 
-3.900000 	 0.598852 
-3.880000 	 0.526302 
-3.860000 	 0.069909 
-3.840000 	 0.350784 
-3.820000 	 0.419702 
-3.800000 	 0.520548 
-3.780000 	 0.511792 
-3.760000 	 0.581496 
-3.740000 	 0.512833 
-3.720000 	 0.649889 
-3.700000 	 0.754758 
-3.680000 	 0.512149 
-3.660000 	 0.663291 
-3.640000 	 0.513355 
-3.620000 	 0.329419 
-3.600000 	 0.550136 
-3.580000 	 0.443265 
-3.560000 	 0.101692 
-3.540000 	 0.547216 
-3.520000 	 0.602646 
-3.500000 	 0.420242 
-3.480000 	 0.732182 
-3.460000 	 0.670432 
-3.440000 	 0.386558 
-3.420000 	 0.653055 
-3.400000 	 0.613620 
-3.380000 	 0.557908 
-3.360000 	 0.518892 
-3.340000 	 0.740780 
-3.320000 	 0.542746 
-3.300000 	 0.372565 
-3.280000 	 0.474013 
-3.260000 	 0.623614 
-3.240000 	 0.419959 
-3.220000 	 0.437698 
-3.200000 	 -0.300000 
-3.180000 	 0.485653 
-3.160000 	 0.488945 
-3.140000 	 0.276138 
-3.120000 	 0.479528 
-3.100000 	 0.332779 
-3.080000 	 0.376875 
-3.060000 	 -0.027597 
-3.040000 	 0.285877 
-3.020000 	 0.497732 
-3.000000 	 0.344037 
-2.980000 	 0.398680 
-2.960000 	 0.342243 
-2.940000 	 0.504755 
-2.920000 	 0.276792 
-2.900000 	 0.493743 
-2.880000 	 0.367585 
-2.860000 	 0.401688 
-2.840000 	 0.365034 
-2.820000 	 0.342413 
-2.800000 	 0.413384 
-2.780000 	 0.629019 
-2.760000 	 0.432919 
-2.740000 	 0.322659 
-2.720000 	 0.397746 
-2.700000 	 0.410811 
-2.680000 	 0.414023 
-2.660000 	 0.354945 
-2.640000 	 0.433651 
-2.620000 	 0.261231 
-2.600000 	 0.507406 
-2.580000 	 0.351538 
-2.560000 	 -0.013182 
-2.540000 	 0.271926 
-2.520000 	 0.410949 
-2.500000 	 0.125615 
-2.480000 	 0.501881 
-2.460000 	 0.293676 
-2.440000 	 0.534706 
-2.420000 	 0.385239 
-2.400000 	 0.388971 
-2.380000 	 0.250303 
-2.360000 	 0.213146 
-2.340000 	 0.009968 
-2.320000 	 -0.182611 
-2.300000 	 0.086817 
-2.280000 	 0.386532 
-2.260000 	 0.438360 
-2.240000 	 0.298040 
-2.220000 	 0.171313 
-2.200000 	 0.427588 
-2.180000 	 0.367182 
-2.160000 	 0.158898 
-2.140000 	 0.475945 
-2.120000 	 0.133187 
-2.100000 	 0.210272 
-2.080000 	 0.234325 
-2.060000 	 -0.164288 
-2.040000 	 0.175907 
-2.020000 	 0.193042 
-2.000000 	 0.015508 
-1.980000 	 0.072213 
-1.960000 	 0.220733 
-1.940000 	 0.220177 
-1.920000 	 0.479742 
-1.900000 	 0.348930 
-1.880000 	 0.181020 
-1.860000 	 0.476716 
-1.840000 	 0.154941 
-1.820000 	 0.182114 
-1.800000 	 -0.031407 
-1.780000 	 0.224192 
-1.760000 	 0.080855 
-1.740000 	 0.321361 
-1.720000 	 0.159614 
-1.700000 	 0.005570 
-1.680000 	 0.255466 
-1.660000 	 0.196340 
-1.640000 	 -0.191052 
-1.620000 	 0.202273 
-1.600000 	 0.311934 
-1.580000 	 0.424166 
-1.560000 	 0.304235 
-1.540000 	 -0.032698 
-1.520000 	 0.424202 
-1.500000 	 0.286515 
-1.480000 	 0.090762 
-1.460000 	 0.177946 
-1.440000 	 0.002429 
-1.420000 	 -0.056862 
-1.400000 	 0.111918 
-1.380000 	 0.282254 
-1.360000 	 -0.011980 
-1.340000 	 0.179643 
-1.320000 	 0.120742 
-1.300000 	 0.039607 
-1.280000 	 0.227383 
-1.260000 	 -0.045772 
-1.240000 	 -0.275427 
-1.220000 	 0.303810 
-1.200000 	 0.066838 
-1.180000 	 0.151228 
-1.160000 	 0.114675 
-1.140000 	 0.005914 
-1.120000 	 0.139111 
-1.100000 	 0.322676 
-1.080000 	 -0.126019 
-1.060000 	 0.051028 
-1.040000 	 0.126394 
-1.020000 	 0.119020 
-1.000000 	 0.380016 
-0.980000 	 -0.023227 
-0.960000 	 0.340931 
-0.940000 	 0.136931 
-0.920000 	 -0.000088 
-0.900000 	 0.461769 
-0.880000 	 -0.022149 
-0.860000 	 0.195121 
-0.840000 	 0.178932 
-0.820000 	 0.135353 
-0.800000 	 0.028969 
-0.780000 	 0.053631 
-0.760000 	 0.373924 
-0.740000 	 0.199542 
-0.720000 	 0.313634 
-0.700000 	 0.204978 
-0.680000 	 0.227129 
-0.660000 	 0.104659 
-0.640000 	 0.151959 
-0.620000 	 -0.074805 
-0.600000 	 0.242468 
-0.580000 	 0.197981 
-0.560000 	 0.472905 
-0.540000 	 0.179421 
-0.520000 	 0.070249 
-0.500000 	 0.005541 
-0.480000 	 0.212305 
-0.460000 	 0.220680 
-0.440000 	 0.534619 
-0.420000 	 0.177333 
-0.400000 	 0.332540 
-0.380000 	 0.103631 
-0.360000 	 0.337771 
-0.340000 	 -0.011595 
-0.320000 	 0.489866 
-0.300000 	 0.379141 
-0.280000 	 0.160291 
-0.260000 	 0.253800 
-0.240000 	 0.324435 
-0.220000 	 0.097666 
-0.200000 	 0.062798 
-0.180000 	 0.114049 
-0.160000 	 0.089393 
-0.140000 	 0.230035 
-0.120000 	 -0.032195 
-0.100000 	 0.262064 
-0.080000 	 0.447144 
-0.060000 	 0.157378 
-0.040000 	 0.216015 
-0.020000 	 0.443343 
0.000000 	 0.464366 
0.020000 	 0.151199 
0.040000 	 0.379994 
0.060000 	 0.107058 
0.080000 	 0.246738 
0.100000 	 0.375418 
0.120000 	 0.075979 
0.140000 	 0.435126 
0.160000 	 0.218962 
0.180000 	 0.470417 
0.200000 	 0.274473 
0.220000 	 0.266603 
0.240000 	 0.125586 
0.260000 	 0.430793 
0.280000 	 0.265524 
0.300000 	 0.493662 
0.320000 	 0.444072 
0.340000 	 0.157043 
0.360000 	 0.242171 
0.380000 	 0.439092 
0.400000 	 0.658613 
0.420000 	 0.197788 
0.440000 	 0.469122 
0.460000 	 0.350755 
0.480000 	 0.312676 
0.500000 	 0.526787 
0.520000 	 0.443389 
0.540000 	 0.276698 
0.560000 	 0.363520 
0.580000 	 0.387258 
0.600000 	 0.484023 
0.620000 	 0.212877 
0.640000 	 0.326635 
0.660000 	 0.292518 
0.680000 	 0.357028 
0.700000 	 0.149034 
0.720000 	 0.374211 
0.740000 	 0.273251 
0.760000 	 0.730294 
0.780000 	 0.548540 
0.800000 	 0.597341 
0.820000 	 0.165557 
0.840000 	 0.386499 
0.860000 	 0.353455 
0.880000 	 0.520508 
0.900000 	 0.526243 
0.920000 	 0.243630 
0.940000 	 0.735292 
0.960000 	 0.256177 
0.980000 	 0.570696 
1.000000 	 0.438234 
1.020000 	 0.484462 
1.040000 	 0.269417 
1.060000 	 0.360545 
1.080000 	 0.301842 
1.100000 	 0.410094 
1.120000 	 0.709169 
1.140000 	 0.658578 
1.160000 	 0.651922 
1.180000 	 0.432591 
1.200000 	 0.553567 
1.220000 	 0.721113 
1.240000 	 0.857057 
1.260000 	 0.439841 
1.280000 	 0.784719 
1.300000 	 0.470478 
1.320000 	 0.613963 
1.340000 	 0.577728 
1.360000 	 1.108324 
1.380000 	 0.804400 
1.400000 	 0.487456 
1.420000 	 0.671291 
1.440000 	 0.912391 
1.460000 	 0.856222 
1.480000 	 0.935778 
1.500000 	 0.691567 
1.520000 	 0.604894 
1.540000 	 0.458244 
1.560000 	 0.635735 
1.580000 	 0.841076 
1.600000 	 0.766957 
1.620000 	 1.012576 
1.640000 	 1.024039 
1.660000 	 0.749836 
1.680000 	 1.055615 
1.700000 	 0.905581 
1.720000 	 0.687736 
1.740000 	 0.780170 
1.760000 	 0.976678 
1.780000 	 1.093673 
1.800000 	 0.762056 
1.820000 	 1.142491 
1.840000 	 0.992704 
1.860000 	 0.753290 
1.880000 	 0.772152 
1.900000 	 0.735973 
1.920000 	 0.960697 
1.940000 	 1.097959 
1.960000 	 1.020316 
1.980000 	 0.900158 
2.000000 	 0.987938 
2.020000 	 1.236009 
2.040000 	 0.861186 
2.060000 	 1.022192 
2.080000 	 1.064737 
2.100000 	 0.851028 
2.120000 	 1.258301 
2.140000 	 1.109444 
2.160000 	 0.949284 
2.180000 	 1.097766 
2.200000 	 1.250045 
2.220000 	 1.295860 
2.240000 	 0.988730 
2.260000 	 1.131452 
2.280000 	 1.416144 
2.300000 	 1.118448 
2.320000 	 0.994985 
2.340000 	 1.212657 
2.360000 	 1.208496 
2.380000 	 1.283623 
2.400000 	 1.251416 
2.420000 	 1.367021 
2.440000 	 0.983802 
2.460000 	 1.136963 
2.480000 	 1.297729 
2.500000 	 1.205729 
2.520000 	 1.246952 
2.540000 	 1.380629 
2.560000 	 1.287423 
2.580000 	 1.118112 
2.600000 	 1.007831 
2.620000 	 1.023304 
2.640000 	 1.297489 
2.660000 	 1.275783 
2.680000 	 1.510086 
2.700000 	 1.345520 
2.720000 	 1.308009 
2.740000 	 1.578964 
2.760000 	 1.323603 
2.780000 	 1.700427 
2.800000 	 1.631472 
2.820000 	 1.596247 
2.840000 	 1.313894 
2.860000 	 1.424368 
2.880000 	 1.355745 
2.900000 	 1.343086 
2.920000 	 1.440932 
2.940000 	 1.481610 
2.960000 	 1.352079 
2.980000 	 1.228018 
3.000000 	 1.438262 
3.020000 	 1.496730 
3.040000 	 1.206730 
3.060000 	 1.265124 
3.080000 	 1.395181 
3.100000 	 1.755089 
3.120000 	 1.434140 
3.140000 	 1.419668 
3.160000 	 1.826846 
3.180000 	 1.218449 
3.200000 	 1.838704 
3.220000 	 1.423693 
3.240000 	 1.536687 
3.260000 	 1.401684 
3.280000 	 1.369744 
3.300000 	 1.283304 
3.320000 	 1.449468 
3.340000 	 1.460298 
3.360000 	 1.491391 
3.380000 	 1.654778 
3.400000 	 1.695180 
3.420000 	 1.588346 
3.440000 	 1.472413 
3.460000 	 1.392491 
3.480000 	 1.650673 
3.500000 	 1.641902 
3.520000 	 1.665584 
3.540000 	 1.544047 
3.560000 	 1.645230 
3.580000 	 1.453848 
3.600000 	 1.655522 
3.620000 	 1.557815 
3.640000 	 1.342271 
3.660000 	 1.671164 
3.680000 	 1.816882 
3.700000 	 1.988302 
3.720000 	 1.785739 
3.740000 	 1.307017 
3.760000 	 1.364563 
3.780000 	 1.805518 
3.800000 	 1.663087 
3.820000 	 1.548456 
3.840000 	 1.413078 
3.860000 	 1.581702 
3.880000 	 1.432341 
3.900000 	 1.384062 
3.920000 	 1.577840 
3.940000 	 1.305075 
3.960000 	 1.634505 
3.980000 	 1.422618 
4.000000 	 1.604994 
4.020000 	 1.673778 
4.040000 	 1.782930 
4.060000 	 1.743430 
4.080000 	 1.419627 
4.100000 	 1.624866 
4.120000 	 1.346002 
4.140000 	 1.543630 
4.160000 	 1.799286 
4.180000 	 1.662748 
4.200000 	 1.748900 
4.220000 	 1.425024 
4.240000 	 1.597080 
4.260000 	 1.758248 
4.280000 	 1.427493 
4.300000 	 1.317528 
4.320000 	 1.404978 
4.340000 	 1.442718 
4.360000 	 1.813262 
4.380000 	 1.520451 
4.400000 	 1.399768 
4.420000 	 1.648455 
4.440000 	 1.407209 
4.460000 	 1.640701 
4.480000 	 1.585665 
4.500000 	 1.617448 
4.520000 	 1.430818 
4.540000 	 1.603458 
4.560000 	 1.599759 
4.580000 	 1.173249 
4.600000 	 1.550272 
4.620000 	 1.693935 
4.640000 	 1.610559 
4.660000 	 1.331967 
4.680000 	 1.346167 
4.700000 	 1.350795 
4.720000 	 1.447290 
4.740000 	 1.480626 
4.760000 	 1.326080 
4.780000 	 1.610046 
4.800000 	 1.476884 
4.820000 	 1.324192 
4.840000 	 1.467930 
4.860000 	 1.769560 
4.880000 	 1.319143 
4.900000 	 1.463033 
4.920000 	 1.717877 
4.940000 	 1.332648 
4.960000 	 1.673142 
4.980000 	 1.211149 
5.000000 	 1.213685 
5.020000 	 1.560125 
5.040000 	 1.165058 
5.060000 	 1.484887 
5.080000 	 1.196575 
5.100000 	 1.527020 
5.120000 	 1.517511 
5.140000 	 1.494754 
5.160000 	 1.632463 
5.180000 	 1.256455 
5.200000 	 1.434200 
5.220000 	 1.214199 
5.240000 	 1.226694 
5.260000 	 1.092260 
5.280000 	 1.009865 
5.300000 	 1.307984 
5.320000 	 1.404453 
5.340000 	 1.386175 
5.360000 	 1.320266 
5.380000 	 1.208241 
5.400000 	 1.324358 
5.420000 	 1.124367 
5.440000 	 1.217072 
5.460000 	 1.255607 
5.480000 	 1.139437 
5.500000 	 1.298043 
5.520000 	 1.301080 
5.540000 	 1.009063 
5.560000 	 1.103155 
5.580000 	 1.113858 
5.600000 	 1.232766 
5.620000 	 1.193359 
5.640000 	 0.920791 
5.660000 	 1.127871 
5.680000 	 1.297492 
5.700000 	 1.238223 
5.720000 	 1.253299 
5.740000 	 1.041653 
5.760000 	 1.040549 
5.780000 	 1.145877 
5.800000 	 1.114738 
5.820000 	 1.145768 
5.840000 	 1.079522 
5.860000 	 0.712547 
5.880000 	 1.139419 
5.900000 	 0.895415 
5.920000 	 1.015828 
5.940000 	 0.950271 
5.960000 	 1.169979 
5.980000 	 1.023629 
6.000000 	 1.050427 
6.020000 	 1.167712 
6.040000 	 0.923005 
6.060000 	 1.076395 
6.080000 	 0.637087 
6.100000 	 0.543003 
6.120000 	 0.916914 
6.140000 	 1.008742 
6.160000 	 1.285066 
6.180000 	 0.841125 
6.200000 	 0.972305 
6.220000 	 0.588792 
6.240000 	 0.980389 
6.260000 	 0.836678 
6.280000 	 0.881845 
6.300000 	 0.737228 
6.320000 	 0.720941 
6.340000 	 0.575418 
6.360000 	 0.827572 
6.380000 	 0.609509 
6.400000 	 0.991592 
6.420000 	 0.852640 
6.440000 	 0.614798 
6.460000 	 0.821389 
6.480000 	 0.763010 
6.500000 	 0.679844 
6.520000 	 0.654190 
6.540000 	 0.498312 
6.560000 	 0.808033 
6.580000 	 0.716027 
6.600000 	 0.522892 
6.620000 	 0.661583 
6.640000 	 0.721371 
6.660000 	 0.575674 
6.680000 	 0.679402 
6.700000 	 0.579369 
6.720000 	 0.737557 
6.740000 	 0.616156 
6.760000 	 0.347967 
6.780000 	 0.538399 
6.800000 	 0.340197 
6.820000 	 0.513287 
6.840000 	 0.497319 
6.860000 	 0.527970 
6.880000 	 0.291267 
6.900000 	 0.265443 
6.920000 	 0.715455 
6.940000 	 0.414864 
6.960000 	 0.653702 
6.980000 	 0.570915 
7.000000 	 0.510000 
7.020000 	 0.812546 
7.040000 	 0.590865 
7.060000 	 0.412544 
7.080000 	 0.495496 
7.100000 	 0.449492 
7.120000 	 0.460158 
7.140000 	 0.411446 
7.160000 	 0.739465 
7.180000 	 0.434235 
7.200000 	 0.247525 
7.220000 	 0.227264 
7.240000 	 0.421605 
7.260000 	 0.401581 
7.280000 	 0.294296 
7.300000 	 0.489684 
7.320000 	 0.578835 
7.340000 	 0.411839 
7.360000 	 0.529540 
7.380000 	 0.407361 
7.400000 	 0.408740 
7.420000 	 0.570448 
7.440000 	 0.614733 
7.460000 	 0.547941 
7.480000 	 0.332910 
7.500000 	 0.538489 
7.520000 	 0.383232 
7.540000 	 0.297943 
7.560000 	 0.304055 
7.580000 	 0.159581 
7.600000 	 0.277061 
7.620000 	 0.373928 
7.640000 	 0.464749 
7.660000 	 0.413155 
7.680000 	 0.250228 
7.700000 	 0.478583 
7.720000 	 0.392079 
7.740000 	 0.237087 
7.760000 	 0.198722 
7.780000 	 0.386602 
7.800000 	 0.161828 
7.820000 	 0.329603 
7.840000 	 0.215389 
7.860000 	 0.132849 
7.880000 	 0.259181 
7.900000 	 0.342813 
7.920000 	 0.132448 
7.940000 	 0.215345 
7.960000 	 0.068781 
7.980000 	 0.175581 
8.000000 	 0.254766 
8.020000 	 0.037537 
8.040000 	 -0.145292 
8.060000 	 0.232101 
8.080000 	 0.278072 
8.100000 	 0.251117 
8.120000 	 0.231403 
8.140000 	 0.432282 
8.160000 	 0.139162 
8.180000 	 0.008322 
8.200000 	 0.148675 
8.220000 	 0.422362 
8.240000 	 0.500949 
8.260000 	 0.056569 
8.280000 	 0.004869 
8.300000 	 -0.126344 
8.320000 	 0.160272 
8.340000 	 0.016085 
8.360000 	 -0.182768 
8.380000 	 0.344274 
8.400000 	 0.180260 
8.420000 	 0.150197 
8.440000 	 0.312488 
8.460000 	 -0.087108 
8.480000 	 0.001096 
8.500000 	 0.302034 
8.520000 	 0.143404 
8.540000 	 0.279931 
8.560000 	 0.195087 
8.580000 	 0.040044 
8.600000 	 -0.026111 
8.620000 	 0.040172 
8.640000 	 -0.059711 
8.660000 	 0.212122 
8.680000 	 -0.016035 
8.700000 	 0.098735 
8.720000 	 0.182768 
8.740000 	 -0.032589 
8.760000 	 -0.087459 
8.780000 	 0.088127 
8.800000 	 0.066581 
8.820000 	 0.008005 
8.840000 	 0.356061 
8.860000 	 0.063770 
8.880000 	 0.159059 
8.900000 	 0.245334 
8.920000 	 0.072207 
8.940000 	 -0.131604 
8.960000 	 0.194833 
8.980000 	 0.041585 
9.000000 	 0.085003 
9.020000 	 -0.076830 
9.040000 	 0.127958 
9.060000 	 -0.012175 
9.080000 	 -0.289678 
9.100000 	 0.095984 
9.120000 	 0.184792 
9.140000 	 -0.002857 
9.160000 	 -0.045267 
9.180000 	 0.353921 
9.200000 	 0.227536 
9.220000 	 -0.087344 
9.240000 	 -0.080190 
9.260000 	 -0.235174 
9.280000 	 -0.093560 
9.300000 	 0.243670 
9.320000 	 -0.190861 
9.340000 	 -0.000616 
9.360000 	 0.122761 
9.380000 	 0.211817 
9.400000 	 -0.095083 
9.420000 	 0.175944 
9.440000 	 0.182905 
9.460000 	 -0.205234 
9.480000 	 0.109927 
9.500000 	 -0.024848 
9.520000 	 0.130884 
9.540000 	 0.267076 
9.560000 	 0.015182 
9.580000 	 0.302643 
9.600000 	 0.144940 
9.620000 	 -0.175675 
9.640000 	 -0.109174 
9.660000 	 0.009093 
9.680000 	 0.089370 
9.700000 	 0.048303 
9.720000 	 0.202638 
9.740000 	 -0.084167 
9.760000 	 -0.146574 
9.780000 	 0.090476 
9.800000 	 0.081741 
9.820000 	 0.033140 
9.840000 	 0.047292 
9.860000 	 0.101944 
9.880000 	 0.112759 
9.900000 	 0.158559 
9.920000 	 0.111711 
9.940000 	 -0.076197 
9.960000 	 -0.071178 
9.980000 	 -0.113403 
10.000000 	 -0.087496 
10.020000 	 0.174154 
10.040000 	 -0.072514 
10.060000 	 0.011172 
10.080000 	 -0.051700 
10.100000 	 0.024319 
10.120000 	 0.032158 
10.140000 	 0.143680 
10.160000 	 0.147906 
10.180000 	 0.076569 
10.200000 	 0.105628 
10.220000 	 -0.047415 
10.240000 	 -0.043185 
10.260000 	 -0.081260 
10.280000 	 0.015549 
10.300000 	 0.061973 
10.320000 	 0.067573 
10.340000 	 0.210950 
10.360000 	 0.067581 
10.380000 	 0.085936 
10.400000 	 -0.145112 
10.420000 	 -0.111485 
10.440000 	 0.024473 
10.460000 	 0.042369 
10.480000 	 0.119201 
10.500000 	 0.113836 
10.520000 	 -0.197697 
10.540000 	 -0.081229 
10.560000 	 -0.208992 
10.580000 	 0.002014 
10.600000 	 0.264241 
10.620000 	 0.110183 
10.640000 	 -0.013096 
10.660000 	 -0.142246 
10.680000 	 -0.400000 
10.700000 	 -0.092807 
10.720000 	 0.096390 
10.740000 	 0.268692 
10.760000 	 0.105078 
10.780000 	 -0.069237 
10.800000 	 0.035139 
10.820000 	 -0.079195 
10.840000 	 0.045567 
10.860000 	 -0.015907 
10.880000 	 0.137951 
10.900000 	 0.187875 
10.920000 	 -0.086395 
10.940000 	 0.007794 
10.960000 	 0.050506 
10.980000 	 0.463674 
11.000000 	 0.189478 
11.020000 	 -0.175548 
11.040000 	 -0.271545 
11.060000 	 -0.224071 
11.080000 	 -0.091885 
11.100000 	 -0.016925 
11.120000 	 -0.076719 
11.140000 	 -0.049918 
11.160000 	 -0.069187 
11.180000 	 0.027644 
11.200000 	 0.092826 
11.220000 	 0.210378 
11.240000 	 0.214598 
11.260000 	 0.181595 
11.280000 	 -0.152523 
11.300000 	 0.071794 
11.320000 	 0.427011 
11.340000 	 -0.126553 
11.360000 	 0.094541 
11.380000 	 0.146457 
11.400000 	 0.079856 
11.420000 	 0.119293 
11.440000 	 -0.315604 
11.460000 	 0.113242 
11.480000 	 0.087489 
11.500000 	 -0.068378 
11.520000 	 0.284586 
11.540000 	 0.190364 
11.560000 	 0.059556 
11.580000 	 -0.081815 
11.600000 	 -0.033891 
11.620000 	 -0.301090 
11.640000 	 -0.003856 
11.660000 	 -0.063524 
11.680000 	 0.237266 
11.700000 	 0.031270 
11.720000 	 0.034098 
11.740000 	 0.216816 
11.760000 	 -0.095085 
11.780000 	 0.098602 
11.800000 	 0.142117 
11.820000 	 0.050087 
11.840000 	 0.101411 
11.860000 	 -0.004821 
11.880000 	 0.135465 
11.900000 	 0.010865 
11.920000 	 -0.004616 
11.940000 	 -0.189225 
11.960000 	 0.086364 
11.980000 	 -0.074296 
12.000000 	 -0.178840 
12.020000 	 0.067418 
12.040000 	 0.210158 
12.060000 	 -0.051062 
12.080000 	 0.417176 
12.100000 	 0.255671 
12.120000 	 0.128578 
12.140000 	 0.048394 
12.160000 	 -0.099119 
12.180000 	 0.056594 
12.200000 	 -0.196476 
12.220000 	 -0.036620 
12.240000 	 0.098180 
12.260000 	 0.213715 
12.280000 	 -0.013320 
12.300000 	 0.187334 
12.320000 	 -0.033668 
12.340000 	 0.084327 
12.360000 	 0.148340 
12.380000 	 0.015369 
12.400000 	 0.000863 
12.420000 	 -0.322646 
12.440000 	 -0.016786 
12.460000 	 -0.191140 
12.480000 	 -0.068924 
12.500000 	 -0.067141 
12.520000 	 0.173815 
12.540000 	 0.048924 
12.560000 	 -0.039103 
12.580000 	 -0.127742 
12.600000 	 -0.243898 
12.620000 	 -0.033624 
12.640000 	 0.030181 
12.660000 	 -0.179846 
12.680000 	 0.095345 
12.700000 	 -0.005747 
12.720000 	 -0.103222 
12.740000 	 -0.031975 
12.760000 	 0.173257 
12.780000 	 -0.034575 
12.800000 	 0.137945 
12.820000 	 -0.082422 
12.840000 	 0.168864 
12.860000 	 -0.229370 
12.880000 	 0.068612 
12.900000 	 0.155024 
12.920000 	 -0.151884 
12.940000 	 0.160020 
12.960000 	 0.069858 
12.980000 	 0.041435 
13.000000 	 0.052666 
13.020000 	 0.114184 
13.040000 	 0.130506 
13.060000 	 -0.013567 
13.080000 	 0.011886 
13.100000 	 -0.084390 
13.120000 	 -0.088416 
13.140000 	 -0.017085 
13.160000 	 -0.059631 
13.180000 	 0.239690 
13.200000 	 -0.365702 
13.220000 	 -0.144486 
13.240000 	 0.038198 
13.260000 	 -0.138103 
13.280000 	 -0.163270 
13.300000 	 -0.043121 
13.320000 	 0.006208 
13.340000 	 -0.045257 
13.360000 	 -0.500000 
13.380000 	 -0.051335 
13.400000 	 -0.110396 
13.420000 	 -0.388992 
13.440000 	 -0.034622 
13.460000 	 0.146822 
13.480000 	 0.014396 
13.500000 	 0.141056 
13.520000 	 -0.097085 
13.540000 	 -0.007273 
13.560000 	 -0.019694 
13.580000 	 0.074975 
13.600000 	 -0.288787 
13.620000 	 -0.149983 
13.640000 	 -0.074770 
13.660000 	 0.183110 
13.680000 	 0.005342 
13.700000 	 -0.178570 
13.720000 	 -0.320774 
13.740000 	 0.104897 
13.760000 	 0.001887 
13.780000 	 0.073951 
13.800000 	 0.235832 
13.820000 	 -0.005329 
13.840000 	 -0.300667 
13.860000 	 -0.147116 
13.880000 	 -0.328392 
13.900000 	 0.039886 
13.920000 	 0.050354 
13.940000 	 0.048904 
13.960000 	 0.092554 
13.980000 	 -0.162588 
14.000000 	 0.065243 
14.020000 	 0.263104 
14.040000 	 -0.079130 
14.060000 	 0.285061 
14.080000 	 0.037881 
14.100000 	 0.099503 
14.120000 	 0.104160 
14.140000 	 -0.091684 
14.160000 	 0.076333 
14.180000 	 0.043560 
14.200000 	 0.109414 
14.220000 	 -0.065238 
14.240000 	 0.197553 
14.260000 	 0.021920 
14.280000 	 -0.064309 
14.300000 	 -0.105400 
14.320000 	 0.031971 
14.340000 	 0.153604 
14.360000 	 0.144768 
14.380000 	 -0.008412 
14.400000 	 0.119168 
14.420000 	 0.137410 
14.440000 	 -0.225033 
14.460000 	 -0.095115 
14.480000 	 0.051402 
14.500000 	 -0.021343 
14.520000 	 -0.124152 
14.540000 	 -0.106473 
14.560000 	 -0.042758 
14.580000 	 0.168750 
14.600000 	 -0.081174 
14.620000 	 0.036751 
14.640000 	 -0.072582 
14.660000 	 0.110654 
14.680000 	 -0.065256 
14.700000 	 -0.049124 
14.720000 	 0.119326 
14.740000 	 -0.009387 
14.760000 	 0.050885 
14.780000 	 0.059678 
14.800000 	 0.028639 
14.820000 	 -0.068937 
14.840000 	 -0.221807 
14.860000 	 -0.109420 
14.880000 	 -0.017819 
14.900000 	 0.108774 
14.920000 	 -0.041310 
14.940000 	 -0.030513 
14.960000 	 -0.129108 
14.980000 	 -0.159895 
15.000000 	 0.116191 
