-15.000000 	 -0.100213 
-14.980000 	 -0.004573 
-14.960000 	 -0.022298 
-14.940000 	 0.072329 
-14.920000 	 0.055143 
-14.900000 	 -0.011001 
-14.880000 	 -0.006841 
-14.860000 	 0.072996 
-14.840000 	 0.085113 
-14.820000 	 -0.047167 
-14.800000 	 -0.141632 
-14.780000 	 -0.158011 
-14.760000 	 -0.149903 
-14.740000 	 -0.053913 
-14.720000 	 -0.191719 
-14.700000 	 0.234062 
-14.680000 	 0.000760 
-14.660000 	 -0.091047 
-14.640000 	 0.021805 
-14.620000 	 -0.077812 
-14.600000 	 0.007268 
-14.580000 	 0.030328 
-14.560000 	 -0.106629 
-14.540000 	 0.028076 
-14.520000 	 -0.077359 
-14.500000 	 0.124149 
-14.480000 	 -0.034418 
-14.460000 	 0.042785 
-14.440000 	 -0.100540 
-14.420000 	 -0.259517 
-14.400000 	 0.199272 
-14.380000 	 -0.080705 
-14.360000 	 -0.044170 
-14.340000 	 0.162022 
-14.320000 	 -0.018340 
-14.300000 	 0.046235 
-14.280000 	 0.041859 
-14.260000 	 -0.154769 
-14.240000 	 -0.000345 
-14.220000 	 -0.120540 
-14.200000 	 0.060173 
-14.180000 	 0.164007 
-14.160000 	 -0.227725 
-14.140000 	 0.233718 
-14.120000 	 -0.013095 
-14.100000 	 -0.002793 
-14.080000 	 -0.128895 
-14.060000 	 -0.104138 
-14.040000 	 -0.266972 
-14.020000 	 -0.136987 
-14.000000 	 0.081358 
-13.980000 	 -0.116817 
-13.960000 	 0.028482 
-13.940000 	 -0.035994 
-13.920000 	 0.290081 
-13.900000 	 -0.078051 
-13.880000 	 0.258816 
-13.860000 	 -0.029276 
-13.840000 	 -0.025552 
-13.820000 	 -0.048085 
-13.800000 	 -0.123873 
-13.780000 	 0.179568 
-13.760000 	 0.182564 
-13.740000 	 0.061607 
-13.720000 	 -0.109498 
-13.700000 	 -0.017904 
-13.680000 	 0.082578 
-13.660000 	 -0.277915 
-13.640000 	 -0.169499 
-13.620000 	 0.131503 
-13.600000 	 0.231115 
-13.580000 	 0.071661 
-13.560000 	 0.191730 
-13.540000 	 0.029108 
-13.520000 	 -0.222705 
-13.500000 	 -0.165751 
-13.480000 	 0.320644 
-13.460000 	 -0.232807 
-13.440000 	 0.116776 
-13.420000 	 0.038513 
-13.400000 	 -0.184325 
-13.380000 	 0.037090 
-13.360000 	 -0.112058 
-13.340000 	 0.031593 
-13.320000 	 -0.173126 
-13.300000 	 -0.123193 
-13.280000 	 0.019772 
-13.260000 	 0.318028 
-13.240000 	 -0.118314 
-13.220000 	 -0.086297 
-13.200000 	 -0.050764 
-13.180000 	 -0.186256 
-13.160000 	 0.104486 
-13.140000 	 -0.000520 
-13.120000 	 0.174918 
-13.100000 	 0.069936 
-13.080000 	 -0.184592 
-13.060000 	 -0.318859 
-13.040000 	 -0.057898 
-13.020000 	 -0.101461 
-13.000000 	 -0.071916 
-12.980000 	 -0.010327 
-12.960000 	 -0.055149 
-12.940000 	 -0.221506 
-12.920000 	 0.033574 
-12.900000 	 0.105491 
-12.880000 	 0.118249 
-12.860000 	 0.057983 
-12.840000 	 0.137530 
-12.820000 	 -0.054128 
-12.800000 	 -0.017380 
-12.780000 	 -0.263590 
-12.760000 	 0.147105 
-12.740000 	 0.099891 
-12.720000 	 0.151389 
-12.700000 	 -0.015178 
-12.680000 	 0.124240 
-12.660000 	 0.091125 
-12.640000 	 0.036750 
-12.620000 	 0.036383 
-12.600000 	 0.180236 
-12.580000 	 -0.095394 
-12.560000 	 0.234582 
-12.540000 	 -0.096432 
-12.520000 	 0.129301 
-12.500000 	 0.237821 
-12.480000 	 -0.050180 
-12.460000 	 0.103642 
-12.440000 	 -0.109005 
-12.420000 	 0.022242 
-12.400000 	 0.049023 
-12.380000 	 -0.310065 
-12.360000 	 -0.042825 
-12.340000 	 -0.206510 
-12.320000 	 0.287179 
-12.300000 	 -0.141456 
-12.280000 	 0.261535 
-12.260000 	 0.005592 
-12.240000 	 0.072756 
-12.220000 	 0.013446 
-12.200000 	 -0.093126 
-12.180000 	 0.096253 
-12.160000 	 -0.100763 
-12.140000 	 0.076274 
-12.120000 	 -0.017671 
-12.100000 	 0.400000 
-12.080000 	 0.060508 
-12.060000 	 0.224159 
-12.040000 	 0.007390 
-12.020000 	 0.121877 
-12.000000 	 -0.086685 
-11.980000 	 0.296328 
-11.960000 	 -0.153818 
-11.940000 	 -0.130350 
-11.920000 	 -0.189447 
-11.900000 	 0.154618 
-11.880000 	 0.079891 
-11.860000 	 -0.025515 
-11.840000 	 -0.053164 
-11.820000 	 -0.082443 
-11.800000 	 0.103481 
-11.780000 	 -0.206171 
-11.760000 	 -0.028225 
-11.740000 	 -0.348127 
-11.720000 	 0.028722 
-11.700000 	 0.235520 
-11.680000 	 -0.060563 
-11.660000 	 -0.033947 
-11.640000 	 0.107300 
-11.620000 	 0.006313 
-11.600000 	 0.053948 
-11.580000 	 0.021018 
-11.560000 	 0.110937 
-11.540000 	 -0.250028 
-11.520000 	 -0.133811 
-11.500000 	 0.148378 
-11.480000 	 0.183071 
-11.460000 	 0.170878 
-11.440000 	 -0.214669 
-11.420000 	 0.014586 
-11.400000 	 0.249523 
-11.380000 	 0.188922 
-11.360000 	 0.295005 
-11.340000 	 0.029083 
-11.320000 	 -0.160403 
-11.300000 	 0.077707 
-11.280000 	 -0.054100 
-11.260000 	 -0.013415 
-11.240000 	 -0.141012 
-11.220000 	 0.096417 
-11.200000 	 0.100149 
-11.180000 	 0.058062 
-11.160000 	 0.167336 
-11.140000 	 -0.164426 
-11.120000 	 0.022885 
-11.100000 	 -0.244935 
-11.080000 	 -0.313137 
-11.060000 	 -0.035878 
-11.040000 	 0.178128 
-11.020000 	 -0.011278 
-11.000000 	 0.119968 
-10.980000 	 0.050345 
-10.960000 	 0.068128 
-10.940000 	 0.270795 
-10.920000 	 0.153541 
-10.900000 	 0.114766 
-10.880000 	 0.234695 
-10.860000 	 0.005779 
-10.840000 	 -0.139596 
-10.820000 	 -0.106220 
-10.800000 	 0.092338 
-10.780000 	 -0.117463 
-10.760000 	 0.221359 
-10.740000 	 -0.006219 
-10.720000 	 -0.076086 
-10.700000 	 -0.128299 
-10.680000 	 0.065954 
-10.660000 	 -0.254061 
-10.640000 	 -0.054803 
-10.620000 	 0.282496 
-10.600000 	 0.190004 
-10.580000 	 0.163134 
-10.560000 	 -0.304834 
-10.540000 	 0.247499 
-10.520000 	 -0.052298 
-10.500000 	 0.024429 
-10.480000 	 0.043002 
-10.460000 	 -0.152259 
-10.440000 	 0.181440 
-10.420000 	 0.080071 
-10.400000 	 -0.034184 
-10.380000 	 -0.032534 
-10.360000 	 -0.071895 
-10.340000 	 -0.032792 
-10.320000 	 0.224484 
-10.300000 	 0.080458 
-10.280000 	 0.038670 
-10.260000 	 -0.233984 
-10.240000 	 0.149282 
-10.220000 	 -0.283743 
-10.200000 	 0.376602 
-10.180000 	 -0.255533 
-10.160000 	 0.134224 
-10.140000 	 -0.020546 
-10.120000 	 -0.125270 
-10.100000 	 0.070587 
-10.080000 	 -0.010453 
-10.060000 	 -0.194706 
-10.040000 	 -0.154539 
-10.020000 	 -0.012441 
-10.000000 	 -0.011092 
-9.980000 	 -0.121616 
-9.960000 	 -0.367577 
-9.940000 	 -0.065956 
-9.920000 	 0.133492 
-9.900000 	 -0.007029 
-9.880000 	 0.056277 
-9.860000 	 -0.305082 
-9.840000 	 0.064037 
-9.820000 	 0.083251 
-9.800000 	 -0.131731 
-9.780000 	 -0.161000 
-9.760000 	 -0.225776 
-9.740000 	 0.135672 
-9.720000 	 0.024906 
-9.700000 	 -0.195986 
-9.680000 	 -0.103389 
-9.660000 	 0.021172 
-9.640000 	 -0.400327 
-9.620000 	 0.107940 
-9.600000 	 -0.058280 
-9.580000 	 0.206914 
-9.560000 	 -0.049002 
-9.540000 	 -0.086414 
-9.520000 	 -0.059598 
-9.500000 	 0.074421 
-9.480000 	 -0.014507 
-9.460000 	 0.122695 
-9.440000 	 0.027850 
-9.420000 	 0.102694 
-9.400000 	 0.226305 
-9.380000 	 0.059690 
-9.360000 	 -0.144939 
-9.340000 	 0.051513 
-9.320000 	 -0.022342 
-9.300000 	 -0.216017 
-9.280000 	 0.049829 
-9.260000 	 0.192834 
-9.240000 	 -0.164569 
-9.220000 	 0.227258 
-9.200000 	 0.019662 
-9.180000 	 0.187566 
-9.160000 	 -0.181881 
-9.140000 	 0.192714 
-9.120000 	 0.000894 
-9.100000 	 0.026676 
-9.080000 	 -0.240191 
-9.060000 	 0.027250 
-9.040000 	 0.007003 
-9.020000 	 -0.293920 
-9.000000 	 0.231282 
-8.980000 	 0.091304 
-8.960000 	 -0.047926 
-8.940000 	 0.097801 
-8.920000 	 -0.026423 
-8.900000 	 0.085249 
-8.880000 	 0.194095 
-8.860000 	 0.285154 
-8.840000 	 0.043905 
-8.820000 	 0.028602 
-8.800000 	 0.025807 
-8.780000 	 -0.117429 
-8.760000 	 0.043021 
-8.740000 	 0.233059 
-8.720000 	 0.007914 
-8.700000 	 0.138431 
-8.680000 	 -0.167841 
-8.660000 	 0.193389 
-8.640000 	 0.268410 
-8.620000 	 -0.309250 
-8.600000 	 -0.049801 
-8.580000 	 0.203725 
-8.560000 	 -0.145525 
-8.540000 	 -0.160108 
-8.520000 	 -0.155088 
-8.500000 	 0.191928 
-8.480000 	 -0.044790 
-8.460000 	 -0.045374 
-8.440000 	 0.003111 
-8.420000 	 0.040901 
-8.400000 	 -0.117905 
-8.380000 	 0.050319 
-8.360000 	 -0.208620 
-8.340000 	 -0.261353 
-8.320000 	 0.104522 
-8.300000 	 -0.051490 
-8.280000 	 0.166881 
-8.260000 	 0.075963 
-8.240000 	 0.232656 
-8.220000 	 0.075315 
-8.200000 	 0.011886 
-8.180000 	 0.122952 
-8.160000 	 0.080406 
-8.140000 	 -0.219231 
-8.120000 	 -0.081528 
-8.100000 	 0.298132 
-8.080000 	 -0.071276 
-8.060000 	 -0.208232 
-8.040000 	 -0.013536 
-8.020000 	 0.150321 
-8.000000 	 -0.047115 
-7.980000 	 -0.045662 
-7.960000 	 0.024292 
-7.940000 	 -0.180644 
-7.920000 	 0.088411 
-7.900000 	 -0.231370 
-7.880000 	 -0.102476 
-7.860000 	 0.052794 
-7.840000 	 0.184185 
-7.820000 	 -0.150742 
-7.800000 	 -0.800000 
-7.780000 	 -0.197290 
-7.760000 	 0.057799 
-7.740000 	 -0.005253 
-7.720000 	 -0.046738 
-7.700000 	 0.219661 
-7.680000 	 0.549576 
-7.660000 	 -0.033711 
-7.640000 	 0.020135 
-7.620000 	 -0.180846 
-7.600000 	 0.102942 
-7.580000 	 0.156464 
-7.560000 	 0.104272 
-7.540000 	 0.263799 
-7.520000 	 0.024924 
-7.500000 	 0.137511 
-7.480000 	 -0.037727 
-7.460000 	 -0.111850 
-7.440000 	 0.246406 
-7.420000 	 0.172647 
-7.400000 	 0.000500 
-7.380000 	 0.144786 
-7.360000 	 0.104341 
-7.340000 	 -0.039567 
-7.320000 	 0.103480 
-7.300000 	 0.116310 
-7.280000 	 0.193511 
-7.260000 	 0.000585 
-7.240000 	 -0.112601 
-7.220000 	 0.232353 
-7.200000 	 0.238667 
-7.180000 	 -0.222853 
-7.160000 	 0.225745 
-7.140000 	 0.089873 
-7.120000 	 -0.093049 
-7.100000 	 0.056371 
-7.080000 	 0.258905 
-7.060000 	 0.113654 
-7.040000 	 0.072688 
-7.020000 	 -0.052107 
-7.000000 	 0.275243 
-6.980000 	 0.200272 
-6.960000 	 0.104883 
-6.940000 	 -0.137026 
-6.920000 	 0.066055 
-6.900000 	 0.182006 
-6.880000 	 -0.236648 
-6.860000 	 -0.005730 
-6.840000 	 -0.125359 
-6.820000 	 -0.080451 
-6.800000 	 -0.004590 
-6.780000 	 0.164249 
-6.760000 	 0.172784 
-6.740000 	 0.080403 
-6.720000 	 -0.094055 
-6.700000 	 0.118029 
-6.680000 	 -0.168304 
-6.660000 	 -0.045003 
-6.640000 	 0.071731 
-6.620000 	 0.098560 
-6.600000 	 -0.006057 
-6.580000 	 -0.115006 
-6.560000 	 0.199432 
-6.540000 	 0.277903 
-6.520000 	 0.119832 
-6.500000 	 0.029869 
-6.480000 	 0.021184 
-6.460000 	 0.431139 
-6.440000 	 -0.058784 
-6.420000 	 0.124382 
-6.400000 	 0.073155 
-6.380000 	 0.124477 
-6.360000 	 0.183507 
-6.340000 	 0.004495 
-6.320000 	 -0.178024 
-6.300000 	 0.200969 
-6.280000 	 0.525456 
-6.260000 	 -0.039709 
-6.240000 	 0.157569 
-6.220000 	 0.013972 
-6.200000 	 -0.166906 
-6.180000 	 0.346939 
-6.160000 	 0.439642 
-6.140000 	 0.404559 
-6.120000 	 0.194322 
-6.100000 	 0.241316 
-6.080000 	 0.458614 
-6.060000 	 0.147018 
-6.040000 	 0.012909 
-6.020000 	 0.153589 
-6.000000 	 0.395209 
-5.980000 	 0.285552 
-5.960000 	 0.187023 
-5.940000 	 0.180565 
-5.920000 	 0.199323 
-5.900000 	 0.486291 
-5.880000 	 0.441498 
-5.860000 	 0.133785 
-5.840000 	 0.263034 
-5.820000 	 -0.050430 
-5.800000 	 0.405610 
-5.780000 	 0.173140 
-5.760000 	 0.210584 
-5.740000 	 0.383223 
-5.720000 	 0.256553 
-5.700000 	 0.028891 
-5.680000 	 0.422652 
-5.660000 	 0.420632 
-5.640000 	 0.409167 
-5.620000 	 0.248938 
-5.600000 	 0.490662 
-5.580000 	 -0.000685 
-5.560000 	 0.093280 
-5.540000 	 0.227807 
-5.520000 	 0.560272 
-5.500000 	 0.327371 
-5.480000 	 0.169608 
-5.460000 	 0.427325 
-5.440000 	 0.204525 
-5.420000 	 0.247143 
-5.400000 	 0.429270 
-5.380000 	 0.703248 
-5.360000 	 0.254057 
-5.340000 	 0.433443 
-5.320000 	 0.555401 
-5.300000 	 0.483628 
-5.280000 	 0.236653 
-5.260000 	 0.232184 
-5.240000 	 0.351316 
-5.220000 	 0.267573 
-5.200000 	 0.314427 
-5.180000 	 0.541096 
-5.160000 	 0.293189 
-5.140000 	 0.317173 
-5.120000 	 0.100000 
-5.100000 	 0.400926 
-5.080000 	 0.389977 
-5.060000 	 0.311180 
-5.040000 	 0.278284 
-5.020000 	 0.601759 
-5.000000 	 0.417405 
-4.980000 	 0.171363 
-4.960000 	 0.422041 
-4.940000 	 0.396968 
-4.920000 	 0.339509 
-4.900000 	 0.121045 
-4.880000 	 0.387089 
-4.860000 	 0.246885 
-4.840000 	 0.446367 
-4.820000 	 0.445558 
-4.800000 	 0.255992 
-4.780000 	 0.610695 
-4.760000 	 0.394061 
-4.740000 	 0.519729 
-4.720000 	 0.650087 
-4.700000 	 0.444794 
-4.680000 	 0.257945 
-4.660000 	 0.436039 
-4.640000 	 0.633796 
-4.620000 	 0.225462 
-4.600000 	 0.681862 
-4.580000 	 0.662539 
-4.560000 	 0.441953 
-4.540000 	 0.705490 
-4.520000 	 0.419297 
-4.500000 	 0.650482 
-4.480000 	 0.680976 
-4.460000 	 0.394597 
-4.440000 	 0.374294 
-4.420000 	 0.618021 
-4.400000 	 0.282062 
-4.380000 	 0.534577 
-4.360000 	 0.421127 
-4.340000 	 0.372707 
-4.320000 	 0.309965 
-4.300000 	 0.484862 
-4.280000 	 0.540045 
-4.260000 	 0.563592 
-4.240000 	 0.454401 
-4.220000 	 0.351716 
-4.200000 	 0.373179 
-4.180000 	 0.752971 
-4.160000 	 0.362774 
-4.140000 	 0.652988 
-4.120000 	 0.794227 
-4.100000 	 0.612848 
-4.080000 	 0.228770 
-4.060000 	 0.532197 
-4.040000 	 0.482117 
-4.020000 	 0.304313 
-4.000000 	 0.494218 
-3.980000 	 0.534832 
-3.960000 	 0.429342 
-3.940000 	 0.436099 
-3.920000 	 0.470539 
-3.900000 	 0.508101 
-3.880000 	 0.407581 
-3.860000 	 0.515645 
-3.840000 	 0.374455 
-3.820000 	 0.464664 
-3.800000 	 0.222662 
-3.780000 	 0.526180 
-3.760000 	 0.624836 
-3.740000 	 0.612060 
-3.720000 	 0.485977 
-3.700000 	 0.542709 
-3.680000 	 0.531084 
-3.660000 	 0.437776 
-3.640000 	 0.660452 
-3.620000 	 0.447997 
-3.600000 	 0.410199 
-3.580000 	 0.536964 
-3.560000 	 0.506109 
-3.540000 	 0.592197 
-3.520000 	 0.554842 
-3.500000 	 0.241340 
-3.480000 	 0.544243 
-3.460000 	 0.344634 
-3.440000 	 0.624610 
-3.420000 	 0.511789 
-3.400000 	 0.473623 
-3.380000 	 0.364914 
-3.360000 	 0.567012 
-3.340000 	 0.631080 
-3.320000 	 0.306253 
-3.300000 	 0.553274 
-3.280000 	 0.429635 
-3.260000 	 0.346593 
-3.240000 	 0.335971 
-3.220000 	 0.466340 
-3.200000 	 0.410655 
-3.180000 	 0.518015 
-3.160000 	 0.356621 
-3.140000 	 0.557523 
-3.120000 	 0.334045 
-3.100000 	 0.343912 
-3.080000 	 0.268042 
-3.060000 	 0.501792 
-3.040000 	 0.370213 
-3.020000 	 0.400514 
-3.000000 	 0.468271 
-2.980000 	 0.517785 
-2.960000 	 0.680711 
-2.940000 	 0.565546 
-2.920000 	 0.574053 
-2.900000 	 0.506621 
-2.880000 	 0.326781 
-2.860000 	 0.593975 
-2.840000 	 0.359805 
-2.820000 	 0.366827 
-2.800000 	 0.512624 
-2.780000 	 0.526319 
-2.760000 	 0.504303 
-2.740000 	 0.527614 
-2.720000 	 0.396884 
-2.700000 	 0.047197 
-2.680000 	 0.556857 
-2.660000 	 0.309454 
-2.640000 	 0.444194 
-2.620000 	 0.207066 
-2.600000 	 0.390210 
-2.580000 	 0.104013 
-2.560000 	 0.138567 
-2.540000 	 0.484868 
-2.520000 	 0.235252 
-2.500000 	 0.360950 
-2.480000 	 0.252168 
-2.460000 	 0.272996 
-2.440000 	 0.407341 
-2.420000 	 0.136032 
-2.400000 	 0.367234 
-2.380000 	 0.245512 
-2.360000 	 0.467761 
-2.340000 	 0.407270 
-2.320000 	 0.362865 
-2.300000 	 0.232022 
-2.280000 	 0.359385 
-2.260000 	 0.370298 
-2.240000 	 0.266301 
-2.220000 	 0.098149 
-2.200000 	 0.800000 
-2.180000 	 0.258663 
-2.160000 	 0.251269 
-2.140000 	 0.257224 
-2.120000 	 0.327312 
-2.100000 	 0.277492 
-2.080000 	 0.350387 
-2.060000 	 0.398355 
-2.040000 	 0.357573 
-2.020000 	 0.116148 
-2.000000 	 0.348880 
-1.980000 	 0.346711 
-1.960000 	 0.432958 
-1.940000 	 0.251093 
-1.920000 	 0.400201 
-1.900000 	 0.388342 
-1.880000 	 0.439924 
-1.860000 	 0.272380 
-1.840000 	 0.429270 
-1.820000 	 0.125470 
-1.800000 	 0.364633 
-1.780000 	 0.264409 
-1.760000 	 0.209920 
-1.740000 	 0.198230 
-1.720000 	 0.016211 
-1.700000 	 0.437489 
-1.680000 	 0.388156 
-1.660000 	 0.333123 
-1.640000 	 -0.003267 
-1.620000 	 0.179644 
-1.600000 	 0.037411 
-1.580000 	 0.193800 
-1.560000 	 0.047486 
-1.540000 	 0.101226 
-1.520000 	 0.285154 
-1.500000 	 0.113713 
-1.480000 	 0.078248 
-1.460000 	 0.152485 
-1.440000 	 -0.104277 
-1.420000 	 -0.168388 
-1.400000 	 -0.031338 
-1.380000 	 0.084628 
-1.360000 	 0.149796 
-1.340000 	 -0.056171 
-1.320000 	 0.104397 
-1.300000 	 0.214079 
-1.280000 	 0.049337 
-1.260000 	 0.171415 
-1.240000 	 0.311143 
-1.220000 	 0.322337 
-1.200000 	 0.119970 
-1.180000 	 -0.129227 
-1.160000 	 0.300993 
-1.140000 	 0.057288 
-1.120000 	 0.021690 
-1.100000 	 -0.062764 
-1.080000 	 0.422765 
-1.060000 	 0.001815 
-1.040000 	 -0.040821 
-1.020000 	 0.448389 
-1.000000 	 0.022936 
-0.980000 	 0.103460 
-0.960000 	 0.181654 
-0.940000 	 0.025405 
-0.920000 	 -0.036190 
-0.900000 	 0.149916 
-0.880000 	 -0.155460 
-0.860000 	 0.174382 
-0.840000 	 0.191598 
-0.820000 	 0.285875 
-0.800000 	 -0.015630 
-0.780000 	 0.383482 
-0.760000 	 0.172885 
-0.740000 	 0.159069 
-0.720000 	 0.118302 
-0.700000 	 -0.099554 
-0.680000 	 0.107222 
-0.660000 	 -0.211175 
-0.640000 	 0.230539 
-0.620000 	 0.071901 
-0.600000 	 0.203310 
-0.580000 	 0.069157 
-0.560000 	 0.541461 
-0.540000 	 0.281411 
-0.520000 	 0.151642 
-0.500000 	 0.240647 
-0.480000 	 0.259852 
-0.460000 	 0.205562 
-0.440000 	 0.102032 
-0.420000 	 0.270161 
-0.400000 	 0.300873 
-0.380000 	 0.084534 
-0.360000 	 0.319951 
-0.340000 	 0.204564 
-0.320000 	 0.036274 
-0.300000 	 -0.064020 
-0.280000 	 0.072514 
-0.260000 	 0.410856 
-0.240000 	 -0.014113 
-0.220000 	 0.088345 
-0.200000 	 0.302875 
-0.180000 	 0.226482 
-0.160000 	 0.061661 
-0.140000 	 0.048507 
-0.120000 	 0.087454 
-0.100000 	 0.632148 
-0.080000 	 0.101594 
-0.060000 	 0.356743 
-0.040000 	 0.327112 
-0.020000 	 0.157324 
0.000000 	 0.253252 
0.020000 	 0.303249 
0.040000 	 0.177629 
0.060000 	 0.112315 
0.080000 	 0.252848 
0.100000 	 0.369780 
0.120000 	 0.234707 
0.140000 	 0.137005 
0.160000 	 -0.003257 
0.180000 	 0.416830 
0.200000 	 -0.025893 
0.220000 	 0.360890 
0.240000 	 0.367909 
0.260000 	 0.455997 
0.280000 	 0.368747 
0.300000 	 0.331017 
0.320000 	 0.341926 
0.340000 	 0.415292 
0.360000 	 0.299751 
0.380000 	 0.186324 
0.400000 	 0.304367 
0.420000 	 0.375252 
0.440000 	 0.284285 
0.460000 	 0.248277 
0.480000 	 0.224151 
0.500000 	 0.171658 
0.520000 	 0.515023 
0.540000 	 0.283536 
0.560000 	 0.512101 
0.580000 	 0.498939 
0.600000 	 0.431745 
0.620000 	 0.450307 
0.640000 	 0.657240 
0.660000 	 0.656862 
0.680000 	 0.365723 
0.700000 	 0.308736 
0.720000 	 0.647307 
0.740000 	 0.352920 
0.760000 	 0.660790 
0.780000 	 0.518162 
0.800000 	 0.356235 
0.820000 	 0.361435 
0.840000 	 0.576598 
0.860000 	 0.361890 
0.880000 	 0.448739 
0.900000 	 0.608217 
0.920000 	 0.563331 
0.940000 	 0.752456 
0.960000 	 0.389680 
0.980000 	 0.513757 
1.000000 	 0.442961 
1.020000 	 0.707694 
1.040000 	 0.244119 
1.060000 	 0.550182 
1.080000 	 0.468163 
1.100000 	 0.858822 
1.120000 	 0.436790 
1.140000 	 0.568898 
1.160000 	 0.382324 
1.180000 	 0.494910 
1.200000 	 0.517572 
1.220000 	 0.513212 
1.240000 	 0.723151 
1.260000 	 0.476124 
1.280000 	 0.702753 
1.300000 	 0.442247 
1.320000 	 0.518794 
1.340000 	 0.598108 
1.360000 	 0.657855 
1.380000 	 0.765070 
1.400000 	 0.829927 
1.420000 	 0.811620 
1.440000 	 0.640186 
1.460000 	 0.724955 
1.480000 	 0.702889 
1.500000 	 0.732634 
1.520000 	 0.734498 
1.540000 	 0.479258 
1.560000 	 0.825429 
1.580000 	 0.802767 
1.600000 	 0.730767 
1.620000 	 0.972485 
1.640000 	 0.676249 
1.660000 	 0.682794 
1.680000 	 0.774469 
1.700000 	 0.743440 
1.720000 	 0.769713 
1.740000 	 0.966651 
1.760000 	 0.862297 
1.780000 	 0.843032 
1.800000 	 0.881965 
1.820000 	 0.714584 
1.840000 	 1.064107 
1.860000 	 0.848038 
1.880000 	 0.798003 
1.900000 	 0.905730 
1.920000 	 0.862998 
1.940000 	 1.177421 
1.960000 	 0.860103 
1.980000 	 0.961084 
2.000000 	 0.909519 
2.020000 	 1.083288 
2.040000 	 1.155782 
2.060000 	 1.356370 
2.080000 	 0.814933 
2.100000 	 1.076141 
2.120000 	 1.116520 
2.140000 	 1.124123 
2.160000 	 0.895042 
2.180000 	 1.105561 
2.200000 	 0.977109 
2.220000 	 0.960676 
2.240000 	 1.040744 
2.260000 	 1.264350 
2.280000 	 1.243062 
2.300000 	 1.026903 
2.320000 	 0.999649 
2.340000 	 1.041368 
2.360000 	 1.218092 
2.380000 	 1.110257 
2.400000 	 1.186608 
2.420000 	 0.993072 
2.440000 	 1.438034 
2.460000 	 0.856905 
2.480000 	 1.126560 
2.500000 	 1.537077 
2.520000 	 0.929278 
2.540000 	 1.310410 
2.560000 	 1.364005 
2.580000 	 1.280614 
2.600000 	 1.116329 
2.620000 	 1.145669 
2.640000 	 1.373457 
2.660000 	 1.208537 
2.680000 	 1.257619 
2.700000 	 1.280029 
2.720000 	 0.948024 
2.740000 	 1.619110 
2.760000 	 1.150954 
2.780000 	 1.223657 
2.800000 	 1.534323 
2.820000 	 1.155218 
2.840000 	 1.416328 
2.860000 	 1.243933 
2.880000 	 1.628207 
2.900000 	 1.537037 
2.920000 	 1.382775 
2.940000 	 1.371935 
2.960000 	 1.445737 
2.980000 	 1.319445 
3.000000 	 1.525544 
3.020000 	 1.424375 
3.040000 	 1.321167 
3.060000 	 1.386695 
3.080000 	 1.306024 
3.100000 	 1.298284 
3.120000 	 1.467000 
3.140000 	 1.360169 
3.160000 	 1.597348 
3.180000 	 1.407985 
3.200000 	 1.424554 
3.220000 	 1.561346 
3.240000 	 1.557974 
3.260000 	 1.283972 
3.280000 	 1.364771 
3.300000 	 1.571351 
3.320000 	 1.341380 
3.340000 	 1.436619 
3.360000 	 1.555617 
3.380000 	 1.594169 
3.400000 	 1.652322 
3.420000 	 1.480078 
3.440000 	 1.553167 
3.460000 	 1.766677 
3.480000 	 1.695689 
3.500000 	 1.307846 
3.520000 	 1.597399 
3.540000 	 1.567693 
3.560000 	 1.615654 
3.580000 	 1.490558 
3.600000 	 1.503017 
3.620000 	 1.745475 
3.640000 	 1.809223 
3.660000 	 1.497263 
3.680000 	 1.518771 
3.700000 	 1.554852 
3.720000 	 1.698227 
3.740000 	 1.624872 
3.760000 	 1.768687 
3.780000 	 1.390128 
3.800000 	 1.690488 
3.820000 	 1.528097 
3.840000 	 1.570420 
3.860000 	 1.397096 
3.880000 	 1.518618 
3.900000 	 1.611363 
3.920000 	 1.638982 
3.940000 	 1.488898 
3.960000 	 1.602838 
3.980000 	 1.762792 
4.000000 	 1.806545 
4.020000 	 1.633350 
4.040000 	 1.560090 
4.060000 	 1.727684 
4.080000 	 1.687654 
4.100000 	 1.616853 
4.120000 	 1.606027 
4.140000 	 1.702504 
4.160000 	 1.400522 
4.180000 	 1.508508 
4.200000 	 1.762658 
4.220000 	 1.504822 
4.240000 	 1.456846 
4.260000 	 1.519775 
4.280000 	 1.733254 
4.300000 	 1.750425 
4.320000 	 1.712504 
4.340000 	 1.384726 
4.360000 	 1.766715 
4.380000 	 1.565954 
4.400000 	 1.519786 
4.420000 	 1.398091 
4.440000 	 1.614342 
4.460000 	 1.548287 
4.480000 	 1.635153 
4.500000 	 1.645113 
4.520000 	 1.382480 
4.540000 	 1.442098 
4.560000 	 1.524608 
4.580000 	 1.327232 
4.600000 	 1.478646 
4.620000 	 1.668523 
4.640000 	 1.579723 
4.660000 	 1.384095 
4.680000 	 1.498121 
4.700000 	 1.521231 
4.720000 	 1.502649 
4.740000 	 1.520137 
4.760000 	 1.465448 
4.780000 	 1.560497 
4.800000 	 1.555379 
4.820000 	 1.338666 
4.840000 	 1.468436 
4.860000 	 1.417820 
4.880000 	 1.454300 
4.900000 	 1.456897 
4.920000 	 1.443668 
4.940000 	 1.509546 
4.960000 	 1.398523 
4.980000 	 1.645200 
5.000000 	 1.305728 
5.020000 	 1.175388 
5.040000 	 1.349685 
5.060000 	 1.400968 
5.080000 	 1.438925 
5.100000 	 1.308340 
5.120000 	 1.315967 
5.140000 	 1.367530 
5.160000 	 1.318244 
5.180000 	 1.428629 
5.200000 	 1.577724 
5.220000 	 1.309370 
5.240000 	 1.357211 
5.260000 	 1.601103 
5.280000 	 1.154149 
5.300000 	 1.337657 
5.320000 	 1.542874 
5.340000 	 1.148352 
5.360000 	 1.375230 
5.380000 	 1.322587 
5.400000 	 1.261968 
5.420000 	 0.778715 
5.440000 	 1.149672 
5.460000 	 1.267817 
5.480000 	 1.225581 
5.500000 	 1.096248 
5.520000 	 1.331912 
5.540000 	 1.291423 
5.560000 	 1.030683 
5.580000 	 1.406261 
5.600000 	 1.200214 
5.620000 	 1.049983 
5.640000 	 0.852519 
5.660000 	 1.185216 
5.680000 	 1.336155 
5.700000 	 1.145122 
5.720000 	 1.186579 
5.740000 	 0.980822 
5.760000 	 1.125001 
5.780000 	 1.038579 
5.800000 	 0.887343 
5.820000 	 0.935056 
5.840000 	 0.970178 
5.860000 	 1.304865 
5.880000 	 1.188859 
5.900000 	 0.908927 
5.920000 	 1.074335 
5.940000 	 0.925143 
5.960000 	 0.862442 
5.980000 	 1.103845 
6.000000 	 0.905760 
6.020000 	 1.070217 
6.040000 	 1.207883 
6.060000 	 0.690089 
6.080000 	 0.753050 
6.100000 	 0.533230 
6.120000 	 1.043971 
6.140000 	 1.004378 
6.160000 	 0.915062 
6.180000 	 1.258095 
6.200000 	 1.052678 
6.220000 	 0.780482 
6.240000 	 0.712226 
6.260000 	 0.746888 
6.280000 	 0.605699 
6.300000 	 0.659343 
6.320000 	 0.862265 
6.340000 	 0.792083 
6.360000 	 0.602188 
6.380000 	 0.922957 
6.400000 	 0.745061 
6.420000 	 0.660382 
6.440000 	 0.760833 
6.460000 	 0.679885 
6.480000 	 1.078425 
6.500000 	 0.851328 
6.520000 	 0.607213 
6.540000 	 0.926813 
6.560000 	 0.513261 
6.580000 	 -0.400000 
6.600000 	 0.688250 
6.620000 	 0.762417 
6.640000 	 0.648436 
6.660000 	 0.628669 
6.680000 	 0.500701 
6.700000 	 0.587153 
6.720000 	 0.613121 
6.740000 	 0.442694 
6.760000 	 0.469915 
6.780000 	 0.753970 
6.800000 	 0.747586 
6.820000 	 0.546426 
6.840000 	 0.667296 
6.860000 	 0.646332 
6.880000 	 0.322550 
6.900000 	 0.081339 
6.920000 	 0.569345 
6.940000 	 0.552089 
6.960000 	 0.436528 
6.980000 	 0.393975 
7.000000 	 0.505621 
7.020000 	 0.366167 
7.040000 	 0.666723 
7.060000 	 0.731229 
7.080000 	 0.485277 
7.100000 	 0.517220 
7.120000 	 0.459021 
7.140000 	 0.585571 
7.160000 	 0.397815 
7.180000 	 0.421641 
7.200000 	 0.396388 
7.220000 	 0.702380 
7.240000 	 0.237461 
7.260000 	 0.305710 
7.280000 	 0.287461 
7.300000 	 0.446593 
7.320000 	 0.451659 
7.340000 	 0.560477 
7.360000 	 0.489587 
7.380000 	 0.203745 
7.400000 	 0.267950 
7.420000 	 0.201048 
7.440000 	 0.309655 
7.460000 	 0.375758 
7.480000 	 0.104799 
7.500000 	 0.280200 
7.520000 	 0.317489 
7.540000 	 0.510185 
7.560000 	 0.321601 
7.580000 	 0.290287 
7.600000 	 0.206148 
7.620000 	 0.136291 
7.640000 	 0.311355 
7.660000 	 0.202123 
7.680000 	 0.213037 
7.700000 	 0.242969 
7.720000 	 0.229191 
7.740000 	 0.386321 
7.760000 	 0.296757 
7.780000 	 0.193127 
7.800000 	 0.378518 
7.820000 	 0.157653 
7.840000 	 0.448649 
7.860000 	 0.211844 
7.880000 	 0.211321 
7.900000 	 0.193487 
7.920000 	 0.250753 
7.940000 	 0.032064 
7.960000 	 0.241557 
7.980000 	 0.216505 
8.000000 	 0.331548 
8.020000 	 0.231508 
8.040000 	 0.291919 
8.060000 	 0.289916 
8.080000 	 0.303715 
8.100000 	 0.236600 
8.120000 	 0.281634 
8.140000 	 0.253627 
8.160000 	 0.243238 
8.180000 	 0.182548 
8.200000 	 0.120745 
8.220000 	 0.176014 
8.240000 	 0.287643 
8.260000 	 0.217701 
8.280000 	 -0.013865 
8.300000 	 0.366862 
8.320000 	 0.276040 
8.340000 	 0.273719 
8.360000 	 -0.089916 
8.380000 	 0.265156 
8.400000 	 0.232787 
8.420000 	 0.093490 
8.440000 	 0.202817 
8.460000 	 0.271174 
8.480000 	 0.246963 
8.500000 	 0.097412 
8.520000 	 0.009146 
8.540000 	 0.162880 
8.560000 	 -0.282075 
8.580000 	 0.108406 
8.600000 	 0.171315 
8.620000 	 0.044199 
8.640000 	 0.241538 
8.660000 	 -0.080765 
8.680000 	 -0.189735 
8.700000 	 0.055734 
8.720000 	 0.072764 
8.740000 	 0.057130 
8.760000 	 0.152746 
8.780000 	 0.104215 
8.800000 	 0.396324 
8.820000 	 0.034487 
8.840000 	 0.184775 
8.860000 	 0.350411 
8.880000 	 -0.326175 
8.900000 	 0.017192 
8.920000 	 0.107698 
8.940000 	 -0.024617 
8.960000 	 0.153768 
8.980000 	 -0.080470 
9.000000 	 -0.163704 
9.020000 	 0.107232 
9.040000 	 0.019021 
9.060000 	 -0.038208 
9.080000 	 -0.166887 
9.100000 	 0.078752 
9.120000 	 0.032479 
9.140000 	 0.383381 
9.160000 	 0.048043 
9.180000 	 -0.182064 
9.200000 	 0.224938 
9.220000 	 0.349556 
9.240000 	 0.075506 
9.260000 	 0.211322 
9.280000 	 0.184852 
9.300000 	 0.030831 
9.320000 	 0.095513 
9.340000 	 -0.171772 
9.360000 	 -0.042550 
9.380000 	 -0.217102 
9.400000 	 0.338845 
9.420000 	 0.032753 
9.440000 	 -0.221713 
9.460000 	 0.126304 
9.480000 	 0.069282 
9.500000 	 -0.032712 
9.520000 	 0.408685 
9.540000 	 -0.114169 
9.560000 	 0.013380 
9.580000 	 0.052534 
9.600000 	 -0.244987 
9.620000 	 -0.058493 
9.640000 	 -0.128119 
9.660000 	 -0.012853 
9.680000 	 0.067118 
9.700000 	 -0.122845 
9.720000 	 0.104983 
9.740000 	 -0.026147 
9.760000 	 -0.138434 
9.780000 	 0.016862 
9.800000 	 -0.120161 
9.820000 	 0.114155 
9.840000 	 -0.166851 
9.860000 	 0.228956 
9.880000 	 -0.227305 
9.900000 	 -0.049923 
9.920000 	 -0.050808 
9.940000 	 0.115671 
9.960000 	 0.396891 
9.980000 	 0.040638 
10.000000 	 -0.130452 
10.020000 	 -0.175661 
10.040000 	 -0.032130 
10.060000 	 0.316964 
10.080000 	 0.315787 
10.100000 	 -0.128820 
10.120000 	 0.049073 
10.140000 	 0.348439 
10.160000 	 -0.050883 
10.180000 	 -0.087248 
10.200000 	 0.035890 
10.220000 	 0.050030 
10.240000 	 -0.055138 
10.260000 	 0.092740 
10.280000 	 0.069832 
10.300000 	 0.197913 
10.320000 	 -0.282391 
10.340000 	 -0.118846 
10.360000 	 -0.183131 
10.380000 	 0.011940 
10.400000 	 0.169348 
10.420000 	 -0.148059 
10.440000 	 0.118719 
10.460000 	 -0.069171 
10.480000 	 0.259493 
10.500000 	 0.012633 
10.520000 	 -0.207804 
10.540000 	 0.043198 
10.560000 	 0.088603 
10.580000 	 0.085085 
10.600000 	 -0.244463 
10.620000 	 -0.055448 
10.640000 	 0.005514 
10.660000 	 0.164109 
10.680000 	 0.026056 
10.700000 	 0.045807 
10.720000 	 -0.019780 
10.740000 	 0.027696 
10.760000 	 0.142585 
10.780000 	 0.012493 
10.800000 	 0.055995 
10.820000 	 -0.253427 
10.840000 	 -0.059739 
10.860000 	 -0.101236 
10.880000 	 0.046614 
10.900000 	 -0.146466 
10.920000 	 -0.196515 
10.940000 	 0.080143 
10.960000 	 0.165951 
10.980000 	 0.352532 
11.000000 	 -0.086210 
11.020000 	 -0.145149 
11.040000 	 -0.064841 
11.060000 	 -0.076903 
11.080000 	 -0.020794 
11.100000 	 0.060369 
11.120000 	 -0.004299 
11.140000 	 -0.032998 
11.160000 	 0.217937 
11.180000 	 -0.067249 
11.200000 	 0.124152 
11.220000 	 -0.045518 
11.240000 	 -0.286120 
11.260000 	 -0.144236 
11.280000 	 0.093380 
11.300000 	 0.129264 
11.320000 	 0.008215 
11.340000 	 0.321684 
11.360000 	 0.050416 
11.380000 	 -0.108497 
11.400000 	 0.213793 
11.420000 	 -0.193246 
11.440000 	 -0.023484 
11.460000 	 -0.065690 
11.480000 	 -0.153632 
11.500000 	 0.050565 
11.520000 	 0.114230 
11.540000 	 -0.021424 
11.560000 	 0.040567 
11.580000 	 0.018978 
11.600000 	 -0.359567 
11.620000 	 -0.179879 
11.640000 	 0.208861 
11.660000 	 0.250313 
11.680000 	 -0.096674 
11.700000 	 0.178664 
11.720000 	 0.190954 
11.740000 	 -0.094838 
11.760000 	 0.038106 
11.780000 	 -0.031497 
11.800000 	 0.069815 
11.820000 	 0.024602 
11.840000 	 0.055246 
11.860000 	 0.004569 
11.880000 	 -0.165998 
11.900000 	 -0.335350 
11.920000 	 0.008000 
11.940000 	 0.248578 
11.960000 	 0.131309 
11.980000 	 -0.006675 
12.000000 	 -0.008751 
12.020000 	 0.034683 
12.040000 	 -0.096168 
12.060000 	 0.060892 
12.080000 	 0.040868 
12.100000 	 -0.078847 
12.120000 	 -0.033278 
12.140000 	 -0.101513 
12.160000 	 0.104008 
12.180000 	 0.027599 
12.200000 	 0.047469 
12.220000 	 0.088619 
12.240000 	 -0.089570 
12.260000 	 -0.065914 
12.280000 	 -0.174702 
12.300000 	 0.338013 
12.320000 	 -0.238480 
12.340000 	 0.003582 
12.360000 	 -0.046348 
12.380000 	 -0.094278 
12.400000 	 -0.119304 
12.420000 	 -0.046593 
12.440000 	 0.100029 
12.460000 	 0.203249 
12.480000 	 0.179493 
12.500000 	 0.145873 
12.520000 	 0.216056 
12.540000 	 0.081607 
12.560000 	 0.128167 
12.580000 	 0.021973 
12.600000 	 0.101437 
12.620000 	 0.138357 
12.640000 	 -0.170480 
12.660000 	 -0.093396 
12.680000 	 -0.167435 
12.700000 	 0.326779 
12.720000 	 0.064309 
12.740000 	 0.047120 
12.760000 	 0.026119 
12.780000 	 -0.070757 
12.800000 	 -0.383105 
12.820000 	 -0.003944 
12.840000 	 -0.172408 
12.860000 	 0.010859 
12.880000 	 0.082417 
12.900000 	 0.159789 
12.920000 	 -0.093142 
12.940000 	 -0.000432 
12.960000 	 0.024491 
12.980000 	 -0.149248 
13.000000 	 -0.202465 
13.020000 	 -0.011425 
13.040000 	 0.168677 
13.060000 	 0.160742 
13.080000 	 0.091061 
13.100000 	 0.002861 
13.120000 	 0.164401 
13.140000 	 -0.032260 
13.160000 	 -0.065749 
13.180000 	 -0.329068 
13.200000 	 -0.147119 
13.220000 	 -0.018569 
13.240000 	 0.323569 
13.260000 	 -0.268500 
13.280000 	 0.006221 
13.300000 	 -0.157981 
13.320000 	 -0.387032 
13.340000 	 -0.170625 
13.360000 	 -0.081083 
13.380000 	 0.081549 
13.400000 	 0.050657 
13.420000 	 -0.267261 
13.440000 	 -0.226081 
13.460000 	 0.108388 
13.480000 	 -0.069398 
13.500000 	 -0.133308 
13.520000 	 -0.122364 
13.540000 	 0.087769 
13.560000 	 -0.058785 
13.580000 	 0.126233 
13.600000 	 -0.108288 
13.620000 	 0.200256 
13.640000 	 0.040851 
13.660000 	 -0.047320 
13.680000 	 0.051875 
13.700000 	 0.012863 
13.720000 	 0.121489 
13.740000 	 0.224537 
13.760000 	 0.339247 
13.780000 	 -0.041975 
13.800000 	 -0.044477 
13.820000 	 -0.252574 
13.840000 	 -0.221106 
13.860000 	 0.115274 
13.880000 	 -0.058397 
13.900000 	 -0.290649 
13.920000 	 0.021259 
13.940000 	 0.191218 
13.960000 	 0.287098 
13.980000 	 -0.201784 
14.000000 	 -0.111688 
14.020000 	 -0.173459 
14.040000 	 -0.096062 
14.060000 	 0.029167 
14.080000 	 0.040251 
14.100000 	 -0.199973 
14.120000 	 -0.019863 
14.140000 	 0.137484 
14.160000 	 -0.029893 
14.180000 	 0.175342 
14.200000 	 0.160164 
14.220000 	 -0.015965 
14.240000 	 0.084301 
14.260000 	 0.004509 
14.280000 	 -0.264899 
14.300000 	 -0.189410 
14.320000 	 -0.071809 
14.340000 	 -0.078331 
14.360000 	 0.019275 
14.380000 	 0.300727 
14.400000 	 0.064556 
14.420000 	 -0.218326 
14.440000 	 -0.205130 
14.460000 	 0.035806 
14.480000 	 -0.147754 
14.500000 	 -0.034380 
14.520000 	 -0.048865 
14.540000 	 -0.332263 
14.560000 	 0.010170 
14.580000 	 0.155666 
14.600000 	 0.266636 
14.620000 	 -0.165692 
14.640000 	 -0.324554 
14.660000 	 -0.165222 
14.680000 	 0.163198 
14.700000 	 -0.012013 
14.720000 	 -0.133513 
14.740000 	 -0.156304 
14.760000 	 -0.328045 
14.780000 	 0.025159 
14.800000 	 -0.300140 
14.820000 	 0.185378 
14.840000 	 -0.145038 
14.860000 	 -0.159479 
14.880000 	 -0.050100 
14.900000 	 0.036541 
14.920000 	 -0.209908 
14.940000 	 0.055405 
14.960000 	 0.006654 
14.980000 	 0.082090 
15.000000 	 0.153421 
