-15.000000 	 0.306185 
-14.980000 	 0.180074 
-14.960000 	 -0.067571 
-14.940000 	 0.109889 
-14.920000 	 0.217802 
-14.900000 	 -0.038863 
-14.880000 	 -0.058228 
-14.860000 	 -0.041701 
-14.840000 	 0.046655 
-14.820000 	 -0.012406 
-14.800000 	 0.120477 
-14.780000 	 0.175798 
-14.760000 	 0.218345 
-14.740000 	 0.087802 
-14.720000 	 0.085221 
-14.700000 	 -0.046933 
-14.680000 	 -0.039553 
-14.660000 	 -0.272684 
-14.640000 	 -0.002282 
-14.620000 	 0.015477 
-14.600000 	 0.128462 
-14.580000 	 -0.033712 
-14.560000 	 -0.033924 
-14.540000 	 0.094070 
-14.520000 	 0.119996 
-14.500000 	 -0.116637 
-14.480000 	 -0.145423 
-14.460000 	 -0.031532 
-14.440000 	 0.099979 
-14.420000 	 -0.100150 
-14.400000 	 0.008334 
-14.380000 	 0.271660 
-14.360000 	 0.012627 
-14.340000 	 0.210066 
-14.320000 	 0.199886 
-14.300000 	 0.172398 
-14.280000 	 0.102784 
-14.260000 	 0.148363 
-14.240000 	 0.247607 
-14.220000 	 -0.357647 
-14.200000 	 -0.285174 
-14.180000 	 -0.296584 
-14.160000 	 0.037502 
-14.140000 	 0.299156 
-14.120000 	 0.038649 
-14.100000 	 -0.235827 
-14.080000 	 0.275229 
-14.060000 	 0.116917 
-14.040000 	 -0.141224 
-14.020000 	 0.137558 
-14.000000 	 -0.171931 
-13.980000 	 -0.267685 
-13.960000 	 0.138107 
-13.940000 	 0.227077 
-13.920000 	 -0.099287 
-13.900000 	 0.016895 
-13.880000 	 0.227320 
-13.860000 	 0.139377 
-13.840000 	 -0.197509 
-13.820000 	 0.188094 
-13.800000 	 0.030853 
-13.780000 	 -0.071333 
-13.760000 	 -0.158412 
-13.740000 	 0.014764 
-13.720000 	 -0.337706 
-13.700000 	 0.050092 
-13.680000 	 -0.182173 
-13.660000 	 0.152384 
-13.640000 	 -0.085856 
-13.620000 	 0.028925 
-13.600000 	 0.047929 
-13.580000 	 0.010141 
-13.560000 	 -0.099753 
-13.540000 	 -0.184835 
-13.520000 	 -0.045815 
-13.500000 	 -0.313760 
-13.480000 	 0.294133 
-13.460000 	 -0.075733 
-13.440000 	 -0.082141 
-13.420000 	 0.047952 
-13.400000 	 -0.149783 
-13.380000 	 0.020510 
-13.360000 	 -0.012568 
-13.340000 	 -0.035284 
-13.320000 	 0.075651 
-13.300000 	 -0.174359 
-13.280000 	 -0.155515 
-13.260000 	 0.108040 
-13.240000 	 -0.028957 
-13.220000 	 -0.065162 
-13.200000 	 0.085349 
-13.180000 	 0.136781 
-13.160000 	 -0.121251 
-13.140000 	 -0.032619 
-13.120000 	 -0.045318 
-13.100000 	 0.083617 
-13.080000 	 0.097741 
-13.060000 	 0.073085 
-13.040000 	 0.005102 
-13.020000 	 -0.127811 
-13.000000 	 0.204020 
-12.980000 	 -0.052538 
-12.960000 	 -0.031048 
-12.940000 	 0.118305 
-12.920000 	 -0.184874 
-12.900000 	 0.123019 
-12.880000 	 0.120730 
-12.860000 	 -0.231936 
-12.840000 	 -0.273691 
-12.820000 	 -0.169164 
-12.800000 	 -0.071721 
-12.780000 	 0.071746 
-12.760000 	 -0.000263 
-12.740000 	 0.394537 
-12.720000 	 0.255544 
-12.700000 	 -0.040921 
-12.680000 	 0.136927 
-12.660000 	 -0.104351 
-12.640000 	 0.034602 
-12.620000 	 0.700000 
-12.600000 	 -0.106455 
-12.580000 	 0.128590 
-12.560000 	 -0.107602 
-12.540000 	 0.336312 
-12.520000 	 -0.080803 
-12.500000 	 0.058964 
-12.480000 	 0.049748 
-12.460000 	 0.314553 
-12.440000 	 0.007658 
-12.420000 	 0.120026 
-12.400000 	 0.015652 
-12.380000 	 0.067458 
-12.360000 	 0.117066 
-12.340000 	 -0.394484 
-12.320000 	 -0.026207 
-12.300000 	 0.027734 
-12.280000 	 0.279226 
-12.260000 	 -0.156769 
-12.240000 	 -0.030198 
-12.220000 	 -0.092724 
-12.200000 	 -0.008913 
-12.180000 	 0.095292 
-12.160000 	 0.091414 
-12.140000 	 -0.307283 
-12.120000 	 -0.035401 
-12.100000 	 0.006348 
-12.080000 	 0.119558 
-12.060000 	 0.141899 
-12.040000 	 -0.070006 
-12.020000 	 0.012455 
-12.000000 	 0.006127 
-11.980000 	 0.047735 
-11.960000 	 0.358623 
-11.940000 	 -0.236273 
-11.920000 	 0.204289 
-11.900000 	 0.112657 
-11.880000 	 -0.240460 
-11.860000 	 0.094260 
-11.840000 	 -0.137396 
-11.820000 	 0.125910 
-11.800000 	 -0.100307 
-11.780000 	 0.034272 
-11.760000 	 -0.015171 
-11.740000 	 0.083586 
-11.720000 	 0.008853 
-11.700000 	 0.220571 
-11.680000 	 -0.065569 
-11.660000 	 0.292771 
-11.640000 	 -0.108301 
-11.620000 	 0.095005 
-11.600000 	 0.209097 
-11.580000 	 0.123156 
-11.560000 	 0.158199 
-11.540000 	 0.200073 
-11.520000 	 0.036937 
-11.500000 	 0.060663 
-11.480000 	 0.101128 
-11.460000 	 0.113286 
-11.440000 	 0.110312 
-11.420000 	 0.059552 
-11.400000 	 -0.161872 
-11.380000 	 0.179982 
-11.360000 	 0.246537 
-11.340000 	 -0.012337 
-11.320000 	 -0.311431 
-11.300000 	 0.014360 
-11.280000 	 -0.237866 
-11.260000 	 -0.287241 
-11.240000 	 0.203497 
-11.220000 	 -0.229256 
-11.200000 	 0.220882 
-11.180000 	 -0.001017 
-11.160000 	 0.151728 
-11.140000 	 0.014078 
-11.120000 	 0.032758 
-11.100000 	 -0.235921 
-11.080000 	 0.016738 
-11.060000 	 -0.019260 
-11.040000 	 0.047823 
-11.020000 	 -0.185888 
-11.000000 	 -0.011004 
-10.980000 	 0.047847 
-10.960000 	 0.069406 
-10.940000 	 0.115737 
-10.920000 	 0.132585 
-10.900000 	 -0.022540 
-10.880000 	 0.120691 
-10.860000 	 0.135475 
-10.840000 	 -0.120314 
-10.820000 	 0.075742 
-10.800000 	 -0.048845 
-10.780000 	 0.113970 
-10.760000 	 -0.230256 
-10.740000 	 -0.138796 
-10.720000 	 0.091599 
-10.700000 	 -0.090077 
-10.680000 	 -0.105735 
-10.660000 	 0.009248 
-10.640000 	 -0.140360 
-10.620000 	 0.204791 
-10.600000 	 -0.099168 
-10.580000 	 -0.207207 
-10.560000 	 -0.057800 
-10.540000 	 0.145011 
-10.520000 	 0.205347 
-10.500000 	 0.167598 
-10.480000 	 -0.213178 
-10.460000 	 -0.256937 
-10.440000 	 -0.108969 
-10.420000 	 0.020424 
-10.400000 	 -0.125554 
-10.380000 	 0.052385 
-10.360000 	 0.184605 
-10.340000 	 0.065438 
-10.320000 	 -0.186190 
-10.300000 	 -0.076079 
-10.280000 	 0.079533 
-10.260000 	 0.091283 
-10.240000 	 -0.161655 
-10.220000 	 0.044611 
-10.200000 	 0.015747 
-10.180000 	 -0.000866 
-10.160000 	 0.046948 
-10.140000 	 0.154226 
-10.120000 	 0.011042 
-10.100000 	 -0.216118 
-10.080000 	 0.016840 
-10.060000 	 -0.199189 
-10.040000 	 0.402720 
-10.020000 	 -0.097594 
-10.000000 	 0.125629 
-9.980000 	 0.268755 
-9.960000 	 0.226373 
-9.940000 	 -0.262239 
-9.920000 	 -0.226411 
-9.900000 	 -0.112948 
-9.880000 	 0.132949 
-9.860000 	 0.289392 
-9.840000 	 -0.116273 
-9.820000 	 0.249664 
-9.800000 	 -0.025116 
-9.780000 	 -0.051323 
-9.760000 	 0.139633 
-9.740000 	 0.113942 
-9.720000 	 -0.077396 
-9.700000 	 -0.031955 
-9.680000 	 -0.052013 
-9.660000 	 0.011135 
-9.640000 	 0.053041 
-9.620000 	 0.032711 
-9.600000 	 -0.116867 
-9.580000 	 0.101432 
-9.560000 	 -0.096490 
-9.540000 	 -0.079771 
-9.520000 	 -0.097913 
-9.500000 	 -0.044484 
-9.480000 	 0.076654 
-9.460000 	 0.177374 
-9.440000 	 0.022533 
-9.420000 	 -0.030266 
-9.400000 	 -0.258485 
-9.380000 	 0.040266 
-9.360000 	 0.033201 
-9.340000 	 0.137777 
-9.320000 	 0.044885 
-9.300000 	 -0.135387 
-9.280000 	 -0.155480 
-9.260000 	 -0.115295 
-9.240000 	 0.333375 
-9.220000 	 0.052018 
-9.200000 	 -0.222041 
-9.180000 	 0.081392 
-9.160000 	 -0.173598 
-9.140000 	 0.068435 
-9.120000 	 -0.072940 
-9.100000 	 0.016974 
-9.080000 	 -0.032366 
-9.060000 	 -0.316883 
-9.040000 	 -0.019361 
-9.020000 	 0.021420 
-9.000000 	 0.090480 
-8.980000 	 0.147479 
-8.960000 	 -0.189113 
-8.940000 	 -0.049779 
-8.920000 	 0.055704 
-8.900000 	 0.170999 
-8.880000 	 0.015685 
-8.860000 	 -0.048147 
-8.840000 	 -0.116333 
-8.820000 	 -0.029623 
-8.800000 	 -0.016031 
-8.780000 	 -0.215190 
-8.760000 	 -0.110787 
-8.740000 	 0.152133 
-8.720000 	 -0.298498 
-8.700000 	 -0.128440 
-8.680000 	 0.018620 
-8.660000 	 -0.054127 
-8.640000 	 -0.133068 
-8.620000 	 0.023622 
-8.600000 	 -0.101721 
-8.580000 	 0.182460 
-8.560000 	 -0.045153 
-8.540000 	 0.072933 
-8.520000 	 -0.094673 
-8.500000 	 -0.278578 
-8.480000 	 0.037444 
-8.460000 	 -0.083781 
-8.440000 	 0.029090 
-8.420000 	 -0.303667 
-8.400000 	 0.029870 
-8.380000 	 -0.032966 
-8.360000 	 0.103218 
-8.340000 	 -0.080073 
-8.320000 	 -0.180901 
-8.300000 	 -0.004473 
-8.280000 	 -0.138075 
-8.260000 	 0.004486 
-8.240000 	 0.041894 
-8.220000 	 0.276834 
-8.200000 	 0.017169 
-8.180000 	 -0.038117 
-8.160000 	 0.117469 
-8.140000 	 0.083622 
-8.120000 	 0.095759 
-8.100000 	 0.061771 
-8.080000 	 -0.033415 
-8.060000 	 -0.442681 
-8.040000 	 0.412684 
-8.020000 	 0.005304 
-8.000000 	 -0.100116 
-7.980000 	 0.089396 
-7.960000 	 0.254769 
-7.940000 	 0.208017 
-7.920000 	 0.288022 
-7.900000 	 -0.106376 
-7.880000 	 -0.120124 
-7.860000 	 0.033386 
-7.840000 	 0.107809 
-7.820000 	 0.122153 
-7.800000 	 -0.171833 
-7.780000 	 -0.036797 
-7.760000 	 -0.271494 
-7.740000 	 0.194026 
-7.720000 	 0.057778 
-7.700000 	 -0.019183 
-7.680000 	 -0.272171 
-7.660000 	 -0.283314 
-7.640000 	 0.156787 
-7.620000 	 0.090678 
-7.600000 	 0.159320 
-7.580000 	 0.086631 
-7.560000 	 0.110914 
-7.540000 	 0.116544 
-7.520000 	 -0.021599 
-7.500000 	 -0.298524 
-7.480000 	 0.126266 
-7.460000 	 0.019269 
-7.440000 	 0.004068 
-7.420000 	 -0.108374 
-7.400000 	 -0.118711 
-7.380000 	 -0.032608 
-7.360000 	 -0.087501 
-7.340000 	 0.110468 
-7.320000 	 0.075276 
-7.300000 	 -0.001135 
-7.280000 	 0.320805 
-7.260000 	 0.202314 
-7.240000 	 0.152221 
-7.220000 	 0.190746 
-7.200000 	 -0.017347 
-7.180000 	 -0.022916 
-7.160000 	 -0.160119 
-7.140000 	 0.014229 
-7.120000 	 -0.147041 
-7.100000 	 0.008775 
-7.080000 	 -0.112303 
-7.060000 	 0.201903 
-7.040000 	 0.109175 
-7.020000 	 0.040198 
-7.000000 	 0.040189 
-6.980000 	 0.277951 
-6.960000 	 -0.061009 
-6.940000 	 0.217744 
-6.920000 	 -0.000926 
-6.900000 	 0.110279 
-6.880000 	 -0.038146 
-6.860000 	 0.317633 
-6.840000 	 0.304567 
-6.820000 	 0.070049 
-6.800000 	 0.110994 
-6.780000 	 0.066860 
-6.760000 	 -0.064641 
-6.740000 	 0.169980 
-6.720000 	 0.096987 
-6.700000 	 0.337707 
-6.680000 	 0.173584 
-6.660000 	 0.326683 
-6.640000 	 -0.039061 
-6.620000 	 0.025594 
-6.600000 	 0.062526 
-6.580000 	 0.036835 
-6.560000 	 0.355662 
-6.540000 	 0.053655 
-6.520000 	 0.043099 
-6.500000 	 0.140667 
-6.480000 	 0.429034 
-6.460000 	 0.174291 
-6.440000 	 0.053576 
-6.420000 	 0.241522 
-6.400000 	 0.101770 
-6.380000 	 0.157443 
-6.360000 	 0.364425 
-6.340000 	 0.127285 
-6.320000 	 0.302634 
-6.300000 	 0.245613 
-6.280000 	 0.131607 
-6.260000 	 0.157705 
-6.240000 	 -0.075185 
-6.220000 	 -0.007635 
-6.200000 	 0.264949 
-6.180000 	 0.210263 
-6.160000 	 0.099226 
-6.140000 	 0.162926 
-6.120000 	 0.386285 
-6.100000 	 0.510728 
-6.080000 	 0.617386 
-6.060000 	 0.053670 
-6.040000 	 0.251768 
-6.020000 	 0.141700 
-6.000000 	 0.268233 
-5.980000 	 0.156187 
-5.960000 	 0.354766 
-5.940000 	 0.059344 
-5.920000 	 0.238120 
-5.900000 	 0.202091 
-5.880000 	 0.386247 
-5.860000 	 0.205319 
-5.840000 	 0.059445 
-5.820000 	 0.132367 
-5.800000 	 0.105342 
-5.780000 	 0.351116 
-5.760000 	 0.088534 
-5.740000 	 0.401032 
-5.720000 	 -0.026992 
-5.700000 	 -0.041387 
-5.680000 	 0.034784 
-5.660000 	 0.344853 
-5.640000 	 -0.054566 
-5.620000 	 0.143220 
-5.600000 	 -0.004197 
-5.580000 	 0.450653 
-5.560000 	 0.363714 
-5.540000 	 0.657651 
-5.520000 	 0.400753 
-5.500000 	 0.561006 
-5.480000 	 0.054444 
-5.460000 	 0.261909 
-5.440000 	 0.245067 
-5.420000 	 0.463256 
-5.400000 	 0.332926 
-5.380000 	 0.034524 
-5.360000 	 0.223142 
-5.340000 	 0.181132 
-5.320000 	 0.490102 
-5.300000 	 0.451722 
-5.280000 	 0.192983 
-5.260000 	 0.297410 
-5.240000 	 0.415179 
-5.220000 	 0.485193 
-5.200000 	 0.294746 
-5.180000 	 0.538972 
-5.160000 	 0.073492 
-5.140000 	 0.450356 
-5.120000 	 0.145226 
-5.100000 	 0.356594 
-5.080000 	 0.504167 
-5.060000 	 0.455314 
-5.040000 	 0.223749 
-5.020000 	 0.542370 
-5.000000 	 0.461831 
-4.980000 	 0.333626 
-4.960000 	 0.355895 
-4.940000 	 0.841453 
-4.920000 	 0.599206 
-4.900000 	 0.422256 
-4.880000 	 0.511971 
-4.860000 	 0.507136 
-4.840000 	 0.232951 
-4.820000 	 0.605107 
-4.800000 	 0.438591 
-4.780000 	 0.538753 
-4.760000 	 0.096846 
-4.740000 	 0.580236 
-4.720000 	 0.533109 
-4.700000 	 0.473083 
-4.680000 	 0.220762 
-4.660000 	 0.346283 
-4.640000 	 0.406288 
-4.620000 	 0.382095 
-4.600000 	 0.441394 
-4.580000 	 0.501315 
-4.560000 	 0.291953 
-4.540000 	 0.212218 
-4.520000 	 0.588759 
-4.500000 	 0.263383 
-4.480000 	 0.462941 
-4.460000 	 0.517857 
-4.440000 	 0.648837 
-4.420000 	 0.381941 
-4.400000 	 0.347612 
-4.380000 	 0.230689 
-4.360000 	 0.150248 
-4.340000 	 0.386216 
-4.320000 	 0.451347 
-4.300000 	 0.527914 
-4.280000 	 0.465090 
-4.260000 	 0.800427 
-4.240000 	 0.391113 
-4.220000 	 0.272745 
-4.200000 	 0.683433 
-4.180000 	 0.358966 
-4.160000 	 0.636743 
-4.140000 	 0.312067 
-4.120000 	 0.407396 
-4.100000 	 0.465727 
-4.080000 	 0.585072 
-4.060000 	 0.682158 
-4.040000 	 0.735642 
-4.020000 	 0.507741 
-4.000000 	 0.810416 
-3.980000 	 0.413366 
-3.960000 	 0.640908 
-3.940000 	 0.402682 
-3.920000 	 0.565674 
-3.900000 	 0.512310 
-3.880000 	 0.606210 
-3.860000 	 0.491720 
-3.840000 	 0.432414 
-3.820000 	 0.596726 
-3.800000 	 0.561862 
-3.780000 	 0.469187 
-3.760000 	 0.669736 
-3.740000 	 0.523168 
-3.720000 	 0.611329 
-3.700000 	 0.239367 
-3.680000 	 0.130255 
-3.660000 	 0.045675 
-3.640000 	 0.315759 
-3.620000 	 0.501608 
-3.600000 	 0.604780 
-3.580000 	 0.383111 
-3.560000 	 0.325953 
-3.540000 	 0.303604 
-3.520000 	 0.563870 
-3.500000 	 0.339953 
-3.480000 	 0.531068 
-3.460000 	 0.413828 
-3.440000 	 0.456587 
-3.420000 	 0.429005 
-3.400000 	 0.353282 
-3.380000 	 0.533116 
-3.360000 	 0.296337 
-3.340000 	 0.616478 
-3.320000 	 0.263243 
-3.300000 	 0.407323 
-3.280000 	 0.497622 
-3.260000 	 0.632869 
-3.240000 	 0.387071 
-3.220000 	 0.283520 
-3.200000 	 0.432924 
-3.180000 	 0.312131 
-3.160000 	 0.482117 
-3.140000 	 0.706390 
-3.120000 	 0.345929 
-3.100000 	 0.422327 
-3.080000 	 0.216461 
-3.060000 	 0.435249 
-3.040000 	 0.248085 
-3.020000 	 0.422115 
-3.000000 	 0.418841 
-2.980000 	 0.285035 
-2.960000 	 0.270074 
-2.940000 	 0.619162 
-2.920000 	 0.306860 
-2.900000 	 0.415457 
-2.880000 	 0.428110 
-2.860000 	 0.126526 
-2.840000 	 0.165559 
-2.820000 	 0.549349 
-2.800000 	 0.325476 
-2.780000 	 0.308934 
-2.760000 	 0.347732 
-2.740000 	 0.678230 
-2.720000 	 0.163440 
-2.700000 	 0.387940 
-2.680000 	 0.315667 
-2.660000 	 0.371318 
-2.640000 	 0.063591 
-2.620000 	 0.284514 
-2.600000 	 0.450847 
-2.580000 	 0.092064 
-2.560000 	 0.224006 
-2.540000 	 0.260193 
-2.520000 	 0.510688 
-2.500000 	 0.399451 
-2.480000 	 0.378828 
-2.460000 	 0.329894 
-2.440000 	 -0.029950 
-2.420000 	 0.473174 
-2.400000 	 0.157739 
-2.380000 	 0.317896 
-2.360000 	 0.505017 
-2.340000 	 0.416144 
-2.320000 	 0.496680 
-2.300000 	 0.476495 
-2.280000 	 0.460505 
-2.260000 	 0.056744 
-2.240000 	 0.363769 
-2.220000 	 0.457310 
-2.200000 	 0.240518 
-2.180000 	 0.211831 
-2.160000 	 0.219868 
-2.140000 	 0.036012 
-2.120000 	 0.463295 
-2.100000 	 0.267984 
-2.080000 	 0.293511 
-2.060000 	 0.084690 
-2.040000 	 0.237737 
-2.020000 	 0.369747 
-2.000000 	 0.285864 
-1.980000 	 0.040961 
-1.960000 	 0.060028 
-1.940000 	 0.413759 
-1.920000 	 0.146248 
-1.900000 	 0.295133 
-1.880000 	 0.125725 
-1.860000 	 0.121458 
-1.840000 	 0.334652 
-1.820000 	 0.257734 
-1.800000 	 0.169033 
-1.780000 	 0.244149 
-1.760000 	 0.321611 
-1.740000 	 0.096241 
-1.720000 	 0.114435 
-1.700000 	 -0.011233 
-1.680000 	 0.250115 
-1.660000 	 -0.007931 
-1.640000 	 0.192005 
-1.620000 	 0.589869 
-1.600000 	 -0.101202 
-1.580000 	 0.237994 
-1.560000 	 0.312300 
-1.540000 	 0.002593 
-1.520000 	 0.142713 
-1.500000 	 0.090325 
-1.480000 	 0.099269 
-1.460000 	 0.139556 
-1.440000 	 0.219020 
-1.420000 	 0.310204 
-1.400000 	 0.097336 
-1.380000 	 0.056962 
-1.360000 	 -0.000711 
-1.340000 	 0.157720 
-1.320000 	 -0.259825 
-1.300000 	 0.114983 
-1.280000 	 -0.049192 
-1.260000 	 0.359253 
-1.240000 	 0.126817 
-1.220000 	 -0.072882 
-1.200000 	 -0.225403 
-1.180000 	 0.046999 
-1.160000 	 0.066474 
-1.140000 	 0.181568 
-1.120000 	 0.136525 
-1.100000 	 0.096257 
-1.080000 	 -0.058946 
-1.060000 	 0.125481 
-1.040000 	 0.365515 
-1.020000 	 0.139379 
-1.000000 	 0.033188 
-0.980000 	 0.174280 
-0.960000 	 0.252572 
-0.940000 	 0.141107 
-0.920000 	 0.162907 
-0.900000 	 0.102375 
-0.880000 	 0.201850 
-0.860000 	 0.172068 
-0.840000 	 0.213498 
-0.820000 	 0.066453 
-0.800000 	 0.052357 
-0.780000 	 0.237213 
-0.760000 	 0.298373 
-0.740000 	 0.149140 
-0.720000 	 0.060006 
-0.700000 	 -0.118061 
-0.680000 	 0.166302 
-0.660000 	 0.022196 
-0.640000 	 -0.080147 
-0.620000 	 0.199454 
-0.600000 	 0.024952 
-0.580000 	 0.305508 
-0.560000 	 0.226496 
-0.540000 	 0.241340 
-0.520000 	 0.253920 
-0.500000 	 0.305230 
-0.480000 	 0.179696 
-0.460000 	 0.206509 
-0.440000 	 0.058951 
-0.420000 	 0.134052 
-0.400000 	 -0.009972 
-0.380000 	 -0.024458 
-0.360000 	 0.450588 
-0.340000 	 0.324656 
-0.320000 	 0.120535 
-0.300000 	 0.333849 
-0.280000 	 0.221274 
-0.260000 	 0.098427 
-0.240000 	 0.335281 
-0.220000 	 0.024843 
-0.200000 	 0.339226 
-0.180000 	 0.051903 
-0.160000 	 0.446515 
-0.140000 	 0.307742 
-0.120000 	 0.319116 
-0.100000 	 0.373196 
-0.080000 	 0.108578 
-0.060000 	 0.467163 
-0.040000 	 0.299522 
-0.020000 	 0.336000 
0.000000 	 0.294940 
0.020000 	 0.272926 
0.040000 	 -0.226370 
0.060000 	 0.422870 
0.080000 	 0.115025 
0.100000 	 0.433777 
0.120000 	 0.214996 
0.140000 	 0.283433 
0.160000 	 0.151679 
0.180000 	 0.467519 
0.200000 	 0.215638 
0.220000 	 0.134737 
0.240000 	 0.337029 
0.260000 	 0.522690 
0.280000 	 0.340163 
0.300000 	 0.165708 
0.320000 	 0.359640 
0.340000 	 0.065606 
0.360000 	 0.379002 
0.380000 	 0.529080 
0.400000 	 0.464750 
0.420000 	 0.491064 
0.440000 	 -0.033442 
0.460000 	 0.515999 
0.480000 	 0.357203 
0.500000 	 0.406200 
0.520000 	 0.458671 
0.540000 	 0.486217 
0.560000 	 0.425669 
0.580000 	 0.188042 
0.600000 	 0.252621 
0.620000 	 0.322378 
0.640000 	 0.338371 
0.660000 	 0.267854 
0.680000 	 0.200920 
0.700000 	 0.527611 
0.720000 	 0.233761 
0.740000 	 0.515059 
0.760000 	 0.139870 
0.780000 	 0.447189 
0.800000 	 0.419534 
0.820000 	 0.283641 
0.840000 	 0.550386 
0.860000 	 0.558844 
0.880000 	 0.628125 
0.900000 	 0.404502 
0.920000 	 0.544545 
0.940000 	 0.577337 
0.960000 	 0.640107 
0.980000 	 0.413863 
1.000000 	 0.294215 
1.020000 	 0.685717 
1.040000 	 0.457837 
1.060000 	 0.462641 
1.080000 	 0.607377 
1.100000 	 0.449421 
1.120000 	 0.698070 
1.140000 	 0.361224 
1.160000 	 0.754864 
1.180000 	 0.585387 
1.200000 	 0.749500 
1.220000 	 0.550826 
1.240000 	 0.726207 
1.260000 	 0.349746 
1.280000 	 0.545550 
1.300000 	 0.815582 
1.320000 	 0.579008 
1.340000 	 0.642205 
1.360000 	 0.734487 
1.380000 	 0.706473 
1.400000 	 0.727092 
1.420000 	 0.885914 
1.440000 	 0.691397 
1.460000 	 0.958417 
1.480000 	 0.574007 
1.500000 	 0.773053 
1.520000 	 0.631099 
1.540000 	 0.543866 
1.560000 	 0.959314 
1.580000 	 0.685454 
1.600000 	 0.952504 
1.620000 	 0.798923 
1.640000 	 0.747964 
1.660000 	 0.669916 
1.680000 	 0.905936 
1.700000 	 0.800928 
1.720000 	 0.963113 
1.740000 	 1.027860 
1.760000 	 1.067713 
1.780000 	 1.010193 
1.800000 	 0.942074 
1.820000 	 0.793620 
1.840000 	 0.890084 
1.860000 	 0.955283 
1.880000 	 0.738640 
1.900000 	 0.555572 
1.920000 	 0.818063 
1.940000 	 0.854902 
1.960000 	 1.170284 
1.980000 	 1.200871 
2.000000 	 1.100546 
2.020000 	 1.158296 
2.040000 	 1.107283 
2.060000 	 1.089534 
2.080000 	 1.175802 
2.100000 	 1.202902 
2.120000 	 0.994608 
2.140000 	 1.327101 
2.160000 	 1.051627 
2.180000 	 0.947273 
2.200000 	 1.179534 
2.220000 	 1.316768 
2.240000 	 0.885897 
2.260000 	 1.053000 
2.280000 	 1.117903 
2.300000 	 1.128602 
2.320000 	 1.144479 
2.340000 	 1.119233 
2.360000 	 1.069284 
2.380000 	 0.992648 
2.400000 	 0.992866 
2.420000 	 1.311139 
2.440000 	 1.294573 
2.460000 	 1.055663 
2.480000 	 1.293552 
2.500000 	 1.060480 
2.520000 	 1.021087 
2.540000 	 1.194885 
2.560000 	 1.433974 
2.580000 	 1.447645 
2.600000 	 1.145102 
2.620000 	 1.191869 
2.640000 	 1.329741 
2.660000 	 1.389718 
2.680000 	 1.431023 
2.700000 	 1.298381 
2.720000 	 1.234684 
2.740000 	 1.359271 
2.760000 	 1.444057 
2.780000 	 1.188852 
2.800000 	 1.194891 
2.820000 	 1.355214 
2.840000 	 1.314315 
2.860000 	 1.332385 
2.880000 	 1.402046 
2.900000 	 1.369182 
2.920000 	 1.406656 
2.940000 	 1.581053 
2.960000 	 1.326012 
2.980000 	 1.455338 
3.000000 	 1.494782 
3.020000 	 1.447854 
3.040000 	 1.357320 
3.060000 	 1.373507 
3.080000 	 1.460986 
3.100000 	 1.479704 
3.120000 	 1.521122 
3.140000 	 1.822035 
3.160000 	 1.361134 
3.180000 	 1.569770 
3.200000 	 1.788429 
3.220000 	 1.197613 
3.240000 	 1.605429 
3.260000 	 1.482377 
3.280000 	 1.452673 
3.300000 	 1.489036 
3.320000 	 1.434584 
3.340000 	 1.537249 
3.360000 	 1.417086 
3.380000 	 1.330894 
3.400000 	 1.416187 
3.420000 	 1.880843 
3.440000 	 1.499970 
3.460000 	 1.586921 
3.480000 	 1.528721 
3.500000 	 1.727987 
3.520000 	 1.569993 
3.540000 	 1.662397 
3.560000 	 1.516287 
3.580000 	 1.504616 
3.600000 	 1.376329 
3.620000 	 1.498762 
3.640000 	 1.601851 
3.660000 	 1.312159 
3.680000 	 1.153707 
3.700000 	 1.576714 
3.720000 	 1.576818 
3.740000 	 1.628684 
3.760000 	 1.472260 
3.780000 	 1.530468 
3.800000 	 1.862497 
3.820000 	 1.650783 
3.840000 	 1.845968 
3.860000 	 1.578114 
3.880000 	 1.707115 
3.900000 	 1.729526 
3.920000 	 1.393122 
3.940000 	 1.595358 
3.960000 	 0.300000 
3.980000 	 1.761588 
4.000000 	 1.540746 
4.020000 	 1.562932 
4.040000 	 1.664519 
4.060000 	 1.466495 
4.080000 	 1.509337 
4.100000 	 1.689214 
4.120000 	 1.733094 
4.140000 	 1.666413 
4.160000 	 1.641342 
4.180000 	 1.656929 
4.200000 	 1.740994 
4.220000 	 1.362760 
4.240000 	 1.448124 
4.260000 	 1.582440 
4.280000 	 1.673022 
4.300000 	 1.601340 
4.320000 	 1.574903 
4.340000 	 1.741432 
4.360000 	 1.602659 
4.380000 	 1.430933 
4.400000 	 1.638331 
4.420000 	 1.779117 
4.440000 	 1.771044 
4.460000 	 1.668257 
4.480000 	 1.708670 
4.500000 	 1.485537 
4.520000 	 1.711475 
4.540000 	 1.414485 
4.560000 	 1.652257 
4.580000 	 1.677258 
4.600000 	 1.948178 
4.620000 	 1.392515 
4.640000 	 1.413469 
4.660000 	 1.496617 
4.680000 	 1.747845 
4.700000 	 1.501393 
4.720000 	 1.492150 
4.740000 	 1.582095 
4.760000 	 1.591687 
4.780000 	 1.576667 
4.800000 	 1.410951 
4.820000 	 1.522403 
4.840000 	 1.375817 
4.860000 	 1.585191 
4.880000 	 1.509700 
4.900000 	 1.470736 
4.920000 	 1.525863 
4.940000 	 1.462024 
4.960000 	 1.402838 
4.980000 	 1.320735 
5.000000 	 1.328802 
5.020000 	 1.542320 
5.040000 	 1.132718 
5.060000 	 1.292349 
5.080000 	 1.459791 
5.100000 	 1.415162 
5.120000 	 1.283195 
5.140000 	 1.409361 
5.160000 	 1.425834 
5.180000 	 1.521222 
5.200000 	 1.554688 
5.220000 	 1.174667 
5.240000 	 1.227201 
5.260000 	 1.338914 
5.280000 	 1.144101 
5.300000 	 1.312727 
5.320000 	 1.208825 
5.340000 	 1.308660 
5.360000 	 1.413982 
5.380000 	 1.238614 
5.400000 	 1.561672 
5.420000 	 1.193821 
5.440000 	 1.430187 
5.460000 	 1.032000 
5.480000 	 1.376356 
5.500000 	 1.193231 
5.520000 	 1.153739 
5.540000 	 1.101428 
5.560000 	 0.915850 
5.580000 	 1.151682 
5.600000 	 1.391005 
5.620000 	 1.027037 
5.640000 	 1.094848 
5.660000 	 1.073598 
5.680000 	 0.942577 
5.700000 	 0.899091 
5.720000 	 1.165176 
5.740000 	 0.891107 
5.760000 	 1.130515 
5.780000 	 1.154959 
5.800000 	 0.970601 
5.820000 	 0.937166 
5.840000 	 1.034218 
5.860000 	 0.973075 
5.880000 	 1.254818 
5.900000 	 0.873806 
5.920000 	 1.165154 
5.940000 	 0.720466 
5.960000 	 0.740926 
5.980000 	 0.747465 
6.000000 	 1.047340 
6.020000 	 1.075319 
6.040000 	 1.054154 
6.060000 	 0.833681 
6.080000 	 0.947230 
6.100000 	 0.815799 
6.120000 	 0.892935 
6.140000 	 1.035438 
6.160000 	 0.831839 
6.180000 	 0.497569 
6.200000 	 0.840823 
6.220000 	 1.107844 
6.240000 	 0.770987 
6.260000 	 0.863545 
6.280000 	 0.856282 
6.300000 	 1.032495 
6.320000 	 0.721925 
6.340000 	 0.995339 
6.360000 	 0.647707 
6.380000 	 0.816758 
6.400000 	 0.545970 
6.420000 	 0.654188 
6.440000 	 1.046663 
6.460000 	 0.669605 
6.480000 	 0.669779 
6.500000 	 0.822434 
6.520000 	 0.705015 
6.540000 	 0.660916 
6.560000 	 0.507997 
6.580000 	 0.584385 
6.600000 	 0.586093 
6.620000 	 0.678335 
6.640000 	 0.754485 
6.660000 	 0.700113 
6.680000 	 0.803518 
6.700000 	 0.744715 
6.720000 	 0.318707 
6.740000 	 0.800258 
6.760000 	 0.687207 
6.780000 	 0.730814 
6.800000 	 0.884232 
6.820000 	 0.824101 
6.840000 	 1.111061 
6.860000 	 0.773237 
6.880000 	 0.796703 
6.900000 	 0.470328 
6.920000 	 0.407551 
6.940000 	 0.383602 
6.960000 	 0.257464 
6.980000 	 0.626845 
7.000000 	 0.387935 
7.020000 	 0.517013 
7.040000 	 0.402348 
7.060000 	 0.509048 
7.080000 	 0.194296 
7.100000 	 0.475444 
7.120000 	 0.126961 
7.140000 	 0.680892 
7.160000 	 0.278888 
7.180000 	 0.361112 
7.200000 	 0.130180 
7.220000 	 0.464773 
7.240000 	 0.436425 
7.260000 	 0.308393 
7.280000 	 0.563116 
7.300000 	 0.433954 
7.320000 	 0.478787 
7.340000 	 0.453053 
7.360000 	 0.627965 
7.380000 	 0.620928 
7.400000 	 0.232491 
7.420000 	 0.255751 
7.440000 	 0.313520 
7.460000 	 0.534624 
7.480000 	 0.286988 
7.500000 	 0.314342 
7.520000 	 0.493282 
7.540000 	 0.374360 
7.560000 	 0.408201 
7.580000 	 0.313369 
7.600000 	 0.588530 
7.620000 	 0.343772 
7.640000 	 0.358949 
7.660000 	 0.020991 
7.680000 	 0.109357 
7.700000 	 0.238205 
7.720000 	 0.399006 
7.740000 	 0.189643 
7.760000 	 0.395922 
7.780000 	 0.426100 
7.800000 	 0.524050 
7.820000 	 0.241458 
7.840000 	 0.254670 
7.860000 	 0.166866 
7.880000 	 0.256965 
7.900000 	 0.300921 
7.920000 	 0.316362 
7.940000 	 -0.060537 
7.960000 	 0.168603 
7.980000 	 0.337253 
8.000000 	 0.107639 
8.020000 	 0.579143 
8.040000 	 0.126570 
8.060000 	 0.131178 
8.080000 	 0.398542 
8.100000 	 0.326310 
8.120000 	 0.404990 
8.140000 	 0.008633 
8.160000 	 0.028022 
8.180000 	 -0.130923 
8.200000 	 0.185169 
8.220000 	 -0.167690 
8.240000 	 -0.001153 
8.260000 	 -0.070790 
8.280000 	 0.105425 
8.300000 	 0.195615 
8.320000 	 0.217077 
8.340000 	 -0.001622 
8.360000 	 -0.186743 
8.380000 	 -0.053637 
8.400000 	 0.104116 
8.420000 	 0.036093 
8.440000 	 0.145283 
8.460000 	 -0.041627 
8.480000 	 0.223004 
8.500000 	 0.080426 
8.520000 	 0.336860 
8.540000 	 0.007522 
8.560000 	 0.243581 
8.580000 	 0.084881 
8.600000 	 0.279243 
8.620000 	 0.243846 
8.640000 	 0.136580 
8.660000 	 -0.019110 
8.680000 	 0.077441 
8.700000 	 0.263609 
8.720000 	 0.040080 
8.740000 	 0.250269 
8.760000 	 0.105839 
8.780000 	 -0.038061 
8.800000 	 0.076400 
8.820000 	 -0.001641 
8.840000 	 0.025609 
8.860000 	 0.006133 
8.880000 	 0.040251 
8.900000 	 0.061560 
8.920000 	 0.099430 
8.940000 	 -0.086918 
8.960000 	 0.094652 
8.980000 	 0.270300 
9.000000 	 0.145385 
9.020000 	 0.007136 
9.040000 	 0.048602 
9.060000 	 -0.118758 
9.080000 	 -0.053228 
9.100000 	 0.252417 
9.120000 	 0.103794 
9.140000 	 0.176396 
9.160000 	 -0.084242 
9.180000 	 0.015559 
9.200000 	 -0.019338 
9.220000 	 0.124219 
9.240000 	 -0.153292 
9.260000 	 0.089198 
9.280000 	 -0.013899 
9.300000 	 0.016632 
9.320000 	 0.180705 
9.340000 	 0.096945 
9.360000 	 0.093802 
9.380000 	 0.250611 
9.400000 	 0.055704 
9.420000 	 -0.103182 
9.440000 	 0.014605 
9.460000 	 0.117220 
9.480000 	 -0.071071 
9.500000 	 0.023710 
9.520000 	 0.239807 
9.540000 	 0.192207 
9.560000 	 0.144227 
9.580000 	 0.181649 
9.600000 	 -0.174787 
9.620000 	 -0.061763 
9.640000 	 -0.115828 
9.660000 	 0.219573 
9.680000 	 0.096064 
9.700000 	 -0.065926 
9.720000 	 0.177825 
9.740000 	 0.063199 
9.760000 	 0.114828 
9.780000 	 0.085816 
9.800000 	 0.800000 
9.820000 	 0.055406 
9.840000 	 0.180145 
9.860000 	 0.149382 
9.880000 	 -0.241751 
9.900000 	 -0.081529 
9.920000 	 0.081165 
9.940000 	 0.035750 
9.960000 	 -0.049234 
9.980000 	 0.011649 
10.000000 	 0.183637 
10.020000 	 -0.011668 
10.040000 	 -0.121948 
10.060000 	 0.035122 
10.080000 	 -0.254027 
10.100000 	 0.198531 
10.120000 	 0.294751 
10.140000 	 -0.230528 
10.160000 	 0.356810 
10.180000 	 -0.267317 
10.200000 	 0.249030 
10.220000 	 0.064487 
10.240000 	 -0.028796 
10.260000 	 -0.132486 
10.280000 	 -0.034762 
10.300000 	 -0.015817 
10.320000 	 -0.020966 
10.340000 	 0.233959 
10.360000 	 -0.086368 
10.380000 	 0.291726 
10.400000 	 0.134245 
10.420000 	 0.027312 
10.440000 	 0.160460 
10.460000 	 0.130410 
10.480000 	 -0.127553 
10.500000 	 -0.085635 
10.520000 	 0.318183 
10.540000 	 0.203140 
10.560000 	 -0.107413 
10.580000 	 0.155054 
10.600000 	 -0.178441 
10.620000 	 -0.043338 
10.640000 	 0.238142 
10.660000 	 -0.007756 
10.680000 	 -0.062415 
10.700000 	 0.071093 
10.720000 	 -0.027511 
10.740000 	 0.008726 
10.760000 	 -0.127957 
10.780000 	 -0.350856 
10.800000 	 0.081909 
10.820000 	 0.096296 
10.840000 	 0.096299 
10.860000 	 0.051986 
10.880000 	 0.013592 
10.900000 	 0.202438 
10.920000 	 0.164870 
10.940000 	 0.044174 
10.960000 	 0.032450 
10.980000 	 -0.132496 
11.000000 	 -0.097168 
11.020000 	 0.025068 
11.040000 	 -0.278159 
11.060000 	 0.364065 
11.080000 	 -0.067340 
11.100000 	 0.135221 
11.120000 	 0.029110 
11.140000 	 0.056003 
11.160000 	 -0.121540 
11.180000 	 0.369626 
11.200000 	 -0.116075 
11.220000 	 -0.011718 
11.240000 	 0.214959 
11.260000 	 -0.037332 
11.280000 	 -0.038454 
11.300000 	 0.125593 
11.320000 	 -0.133157 
11.340000 	 0.010172 
11.360000 	 -0.010663 
11.380000 	 0.026389 
11.400000 	 0.028300 
11.420000 	 -0.072756 
11.440000 	 -0.265969 
11.460000 	 0.048285 
11.480000 	 -0.356620 
11.500000 	 0.056342 
11.520000 	 0.200000 
11.540000 	 0.074830 
11.560000 	 0.003803 
11.580000 	 -0.043529 
11.600000 	 0.093940 
11.620000 	 -0.133444 
11.640000 	 0.243437 
11.660000 	 -0.021823 
11.680000 	 -0.161616 
11.700000 	 -0.059427 
11.720000 	 0.026108 
11.740000 	 0.028702 
11.760000 	 0.291756 
11.780000 	 -0.207718 
11.800000 	 -0.099019 
11.820000 	 -0.171366 
11.840000 	 0.101798 
11.860000 	 -0.241316 
11.880000 	 0.057515 
11.900000 	 -0.094643 
11.920000 	 -0.255431 
11.940000 	 -0.145047 
11.960000 	 0.117291 
11.980000 	 -0.212508 
12.000000 	 0.002800 
12.020000 	 -0.104982 
12.040000 	 0.487652 
12.060000 	 -0.059626 
12.080000 	 -0.132788 
12.100000 	 -0.113773 
12.120000 	 -0.256281 
12.140000 	 -0.297810 
12.160000 	 0.245672 
12.180000 	 -0.013278 
12.200000 	 -0.331670 
12.220000 	 -0.018059 
12.240000 	 0.110919 
12.260000 	 -0.348840 
12.280000 	 0.900000 
12.300000 	 0.013093 
12.320000 	 -0.168927 
12.340000 	 0.214449 
12.360000 	 0.187798 
12.380000 	 0.032520 
12.400000 	 0.012107 
12.420000 	 0.171435 
12.440000 	 -0.244969 
12.460000 	 -0.113239 
12.480000 	 0.067295 
12.500000 	 0.167960 
12.520000 	 0.064171 
12.540000 	 -0.044112 
12.560000 	 0.167120 
12.580000 	 0.142058 
12.600000 	 -0.046910 
12.620000 	 0.011287 
12.640000 	 0.133195 
12.660000 	 -0.213492 
12.680000 	 -0.298081 
12.700000 	 -0.084870 
12.720000 	 -0.030764 
12.740000 	 0.190529 
12.760000 	 -0.113856 
12.780000 	 0.008802 
12.800000 	 0.008730 
12.820000 	 0.024715 
12.840000 	 -0.126142 
12.860000 	 0.477776 
12.880000 	 -0.064004 
12.900000 	 -0.065992 
12.920000 	 0.038676 
12.940000 	 0.048525 
12.960000 	 0.279662 
12.980000 	 0.108738 
13.000000 	 0.075560 
13.020000 	 0.198529 
13.040000 	 -0.022283 
13.060000 	 0.283263 
13.080000 	 0.099222 
13.100000 	 -0.036298 
13.120000 	 0.052965 
13.140000 	 0.194240 
13.160000 	 0.113769 
13.180000 	 0.130392 
13.200000 	 -0.040394 
13.220000 	 0.253042 
13.240000 	 0.090669 
13.260000 	 0.067598 
13.280000 	 0.010835 
13.300000 	 0.043419 
13.320000 	 -0.095684 
13.340000 	 0.484224 
13.360000 	 -0.268515 
13.380000 	 -0.339298 
13.400000 	 -0.247098 
13.420000 	 -0.008788 
13.440000 	 -0.264922 
13.460000 	 0.148565 
13.480000 	 0.092554 
13.500000 	 0.087496 
13.520000 	 0.282874 
13.540000 	 0.083257 
13.560000 	 0.004871 
13.580000 	 0.288849 
13.600000 	 -0.066431 
13.620000 	 -0.230101 
13.640000 	 -0.218396 
13.660000 	 0.081303 
13.680000 	 0.057709 
13.700000 	 0.045599 
13.720000 	 0.052459 
13.740000 	 -0.113027 
13.760000 	 0.073917 
13.780000 	 -0.270810 
13.800000 	 0.225132 
13.820000 	 0.205415 
13.840000 	 0.056906 
13.860000 	 0.039990 
13.880000 	 -0.014881 
13.900000 	 -0.044912 
13.920000 	 0.222965 
13.940000 	 -0.564462 
13.960000 	 -0.116998 
13.980000 	 -0.238364 
14.000000 	 -0.233552 
14.020000 	 -0.002346 
14.040000 	 0.050168 
14.060000 	 0.022083 
14.080000 	 -0.219915 
14.100000 	 -0.028791 
14.120000 	 -0.028549 
14.140000 	 0.023818 
14.160000 	 0.095378 
14.180000 	 0.062661 
14.200000 	 0.026466 
14.220000 	 0.145549 
14.240000 	 -0.050568 
14.260000 	 0.130683 
14.280000 	 -0.049921 
14.300000 	 0.269158 
14.320000 	 -0.136076 
14.340000 	 -0.096123 
14.360000 	 0.050927 
14.380000 	 -0.230397 
14.400000 	 -0.149872 
14.420000 	 -0.301043 
14.440000 	 -0.179592 
14.460000 	 0.277531 
14.480000 	 -0.036649 
14.500000 	 0.141719 
14.520000 	 -0.060015 
14.540000 	 0.100044 
14.560000 	 -0.199434 
14.580000 	 0.184476 
14.600000 	 0.013949 
14.620000 	 -0.219716 
14.640000 	 -0.102008 
14.660000 	 0.307387 
14.680000 	 0.030721 
14.700000 	 0.273271 
14.720000 	 -0.029797 
14.740000 	 0.133542 
14.760000 	 -0.183206 
14.780000 	 0.080012 
14.800000 	 0.045371 
14.820000 	 0.168709 
14.840000 	 -0.134262 
14.860000 	 -0.062141 
14.880000 	 0.150565 
14.900000 	 -0.013293 
14.920000 	 -0.027932 
14.940000 	 -0.051863 
14.960000 	 0.013909 
14.980000 	 -0.056550 
15.000000 	 -0.064865 
