-15.000000 	 0.096472 
-14.980000 	 -0.109414 
-14.960000 	 -0.160565 
-14.940000 	 -0.070319 
-14.920000 	 0.168160 
-14.900000 	 -0.070910 
-14.880000 	 -0.071189 
-14.860000 	 -0.119389 
-14.840000 	 -0.045129 
-14.820000 	 0.155749 
-14.800000 	 0.000935 
-14.780000 	 -0.092456 
-14.760000 	 -0.038479 
-14.740000 	 0.311820 
-14.720000 	 -0.271242 
-14.700000 	 0.000000 
-14.680000 	 0.209147 
-14.660000 	 0.039972 
-14.640000 	 0.235746 
-14.620000 	 0.171912 
-14.600000 	 -0.179100 
-14.580000 	 0.022139 
-14.560000 	 0.300000 
-14.540000 	 -0.025942 
-14.520000 	 0.165637 
-14.500000 	 -0.190114 
-14.480000 	 -0.037186 
-14.460000 	 -0.103717 
-14.440000 	 -0.074043 
-14.420000 	 -0.018128 
-14.400000 	 0.119841 
-14.380000 	 0.042315 
-14.360000 	 -0.026100 
-14.340000 	 -0.225730 
-14.320000 	 -0.188342 
-14.300000 	 0.063117 
-14.280000 	 0.072057 
-14.260000 	 -0.040011 
-14.240000 	 0.128603 
-14.220000 	 0.023610 
-14.200000 	 -0.018492 
-14.180000 	 -0.166218 
-14.160000 	 0.047361 
-14.140000 	 -0.057668 
-14.120000 	 -0.159164 
-14.100000 	 0.023449 
-14.080000 	 -0.085963 
-14.060000 	 0.098213 
-14.040000 	 0.047830 
-14.020000 	 0.034336 
-14.000000 	 0.297214 
-13.980000 	 0.131652 
-13.960000 	 0.029912 
-13.940000 	 0.169191 
-13.920000 	 0.105059 
-13.900000 	 0.224159 
-13.880000 	 -0.044046 
-13.860000 	 -0.126771 
-13.840000 	 -0.164949 
-13.820000 	 0.117417 
-13.800000 	 0.312840 
-13.780000 	 -0.149408 
-13.760000 	 0.010874 
-13.740000 	 -0.133299 
-13.720000 	 -0.039231 
-13.700000 	 0.229406 
-13.680000 	 -0.036561 
-13.660000 	 -0.263188 
-13.640000 	 -0.133344 
-13.620000 	 0.237715 
-13.600000 	 0.135411 
-13.580000 	 -0.490391 
-13.560000 	 -0.166960 
-13.540000 	 -0.030258 
-13.520000 	 -0.069183 
-13.500000 	 -0.372864 
-13.480000 	 -0.037262 
-13.460000 	 -0.017656 
-13.440000 	 0.337461 
-13.420000 	 -0.014250 
-13.400000 	 0.013264 
-13.380000 	 0.110635 
-13.360000 	 -0.090575 
-13.340000 	 -0.014405 
-13.320000 	 0.157786 
-13.300000 	 0.069443 
-13.280000 	 0.042592 
-13.260000 	 0.093839 
-13.240000 	 -0.028768 
-13.220000 	 0.038750 
-13.200000 	 -0.091962 
-13.180000 	 -0.085073 
-13.160000 	 0.087436 
-13.140000 	 0.146127 
-13.120000 	 0.051612 
-13.100000 	 0.275259 
-13.080000 	 0.093530 
-13.060000 	 0.218244 
-13.040000 	 0.182281 
-13.020000 	 -0.252368 
-13.000000 	 -0.039933 
-12.980000 	 -0.088554 
-12.960000 	 0.017606 
-12.940000 	 -0.107036 
-12.920000 	 -0.024762 
-12.900000 	 0.075011 
-12.880000 	 -0.014218 
-12.860000 	 0.077210 
-12.840000 	 0.015402 
-12.820000 	 -0.144431 
-12.800000 	 -0.015580 
-12.780000 	 0.093206 
-12.760000 	 0.225218 
-12.740000 	 -0.133094 
-12.720000 	 0.204901 
-12.700000 	 0.270971 
-12.680000 	 0.067468 
-12.660000 	 0.035264 
-12.640000 	 -0.005317 
-12.620000 	 -0.201578 
-12.600000 	 0.014168 
-12.580000 	 0.125147 
-12.560000 	 -0.061769 
-12.540000 	 0.027431 
-12.520000 	 0.227188 
-12.500000 	 -0.036489 
-12.480000 	 0.052540 
-12.460000 	 0.128287 
-12.440000 	 -0.445129 
-12.420000 	 -0.122354 
-12.400000 	 0.170480 
-12.380000 	 -0.112026 
-12.360000 	 -0.038306 
-12.340000 	 -0.050267 
-12.320000 	 -0.195005 
-12.300000 	 0.148036 
-12.280000 	 -0.234309 
-12.260000 	 -0.181808 
-12.240000 	 -0.059126 
-12.220000 	 -0.130811 
-12.200000 	 0.119068 
-12.180000 	 0.203996 
-12.160000 	 0.102292 
-12.140000 	 0.239586 
-12.120000 	 0.048453 
-12.100000 	 -0.025016 
-12.080000 	 0.267725 
-12.060000 	 -0.062016 
-12.040000 	 0.205412 
-12.020000 	 -0.061385 
-12.000000 	 0.204575 
-11.980000 	 -0.044285 
-11.960000 	 0.222948 
-11.940000 	 0.025490 
-11.920000 	 -0.125534 
-11.900000 	 -0.171554 
-11.880000 	 0.381979 
-11.860000 	 -0.155799 
-11.840000 	 -0.357113 
-11.820000 	 0.251414 
-11.800000 	 -0.141679 
-11.780000 	 0.014190 
-11.760000 	 -0.088702 
-11.740000 	 0.101522 
-11.720000 	 0.191231 
-11.700000 	 -0.058990 
-11.680000 	 0.027718 
-11.660000 	 -0.005725 
-11.640000 	 0.071255 
-11.620000 	 0.206892 
-11.600000 	 0.174295 
-11.580000 	 0.060304 
-11.560000 	 -0.149575 
-11.540000 	 -0.146347 
-11.520000 	 -0.036867 
-11.500000 	 0.101004 
-11.480000 	 -0.172886 
-11.460000 	 0.299081 
-11.440000 	 -0.150737 
-11.420000 	 0.206266 
-11.400000 	 0.077856 
-11.380000 	 -0.151967 
-11.360000 	 -0.173110 
-11.340000 	 0.156260 
-11.320000 	 -0.467683 
-11.300000 	 -0.026398 
-11.280000 	 0.001736 
-11.260000 	 -0.102445 
-11.240000 	 0.036450 
-11.220000 	 -0.134176 
-11.200000 	 0.119566 
-11.180000 	 -0.153185 
-11.160000 	 -0.192151 
-11.140000 	 -0.086057 
-11.120000 	 0.214399 
-11.100000 	 0.110894 
-11.080000 	 0.059487 
-11.060000 	 -0.060637 
-11.040000 	 -0.205347 
-11.020000 	 0.229602 
-11.000000 	 0.118889 
-10.980000 	 0.286512 
-10.960000 	 -0.195270 
-10.940000 	 0.332773 
-10.920000 	 -0.191671 
-10.900000 	 0.077407 
-10.880000 	 -0.278242 
-10.860000 	 -0.210231 
-10.840000 	 0.000852 
-10.820000 	 0.241149 
-10.800000 	 -0.129074 
-10.780000 	 0.205771 
-10.760000 	 -0.202709 
-10.740000 	 0.161597 
-10.720000 	 0.471800 
-10.700000 	 -0.104542 
-10.680000 	 0.193412 
-10.660000 	 0.079018 
-10.640000 	 0.006992 
-10.620000 	 -0.045767 
-10.600000 	 0.077609 
-10.580000 	 0.001631 
-10.560000 	 0.015339 
-10.540000 	 0.258112 
-10.520000 	 -0.010494 
-10.500000 	 -0.186567 
-10.480000 	 0.089203 
-10.460000 	 0.179240 
-10.440000 	 0.177324 
-10.420000 	 -0.267436 
-10.400000 	 -0.037455 
-10.380000 	 -0.174088 
-10.360000 	 -0.155564 
-10.340000 	 0.032782 
-10.320000 	 0.061431 
-10.300000 	 0.276373 
-10.280000 	 0.117175 
-10.260000 	 -0.244362 
-10.240000 	 -0.044236 
-10.220000 	 0.215093 
-10.200000 	 -0.024060 
-10.180000 	 -0.120526 
-10.160000 	 -0.149544 
-10.140000 	 0.021523 
-10.120000 	 0.161257 
-10.100000 	 0.112107 
-10.080000 	 0.109866 
-10.060000 	 0.032248 
-10.040000 	 -0.009518 
-10.020000 	 0.174290 
-10.000000 	 0.016391 
-9.980000 	 -0.262866 
-9.960000 	 0.002083 
-9.940000 	 0.068907 
-9.920000 	 -0.070969 
-9.900000 	 0.101038 
-9.880000 	 0.137282 
-9.860000 	 -0.078726 
-9.840000 	 -0.092102 
-9.820000 	 -0.007627 
-9.800000 	 0.191486 
-9.780000 	 -0.161734 
-9.760000 	 -0.014767 
-9.740000 	 0.040343 
-9.720000 	 -0.216864 
-9.700000 	 0.007186 
-9.680000 	 0.035466 
-9.660000 	 -0.081722 
-9.640000 	 -0.101398 
-9.620000 	 0.192625 
-9.600000 	 -0.114676 
-9.580000 	 0.291193 
-9.560000 	 -0.148948 
-9.540000 	 0.302540 
-9.520000 	 0.136186 
-9.500000 	 0.206050 
-9.480000 	 -0.363156 
-9.460000 	 -0.061971 
-9.440000 	 -0.021726 
-9.420000 	 -0.168998 
-9.400000 	 0.108420 
-9.380000 	 -0.029226 
-9.360000 	 -0.046941 
-9.340000 	 0.178427 
-9.320000 	 -0.242042 
-9.300000 	 0.022252 
-9.280000 	 0.336110 
-9.260000 	 -0.276438 
-9.240000 	 -0.003701 
-9.220000 	 0.206530 
-9.200000 	 -0.121698 
-9.180000 	 -0.341515 
-9.160000 	 -0.180234 
-9.140000 	 -0.179421 
-9.120000 	 -0.056025 
-9.100000 	 0.059511 
-9.080000 	 0.234445 
-9.060000 	 0.124039 
-9.040000 	 0.157382 
-9.020000 	 -0.001509 
-9.000000 	 -0.120203 
-8.980000 	 0.132284 
-8.960000 	 -0.033887 
-8.940000 	 -0.096726 
-8.920000 	 -0.258591 
-8.900000 	 -0.057939 
-8.880000 	 0.153001 
-8.860000 	 0.130056 
-8.840000 	 -0.181548 
-8.820000 	 0.011322 
-8.800000 	 0.240347 
-8.780000 	 0.180473 
-8.760000 	 0.191940 
-8.740000 	 0.135275 
-8.720000 	 0.169930 
-8.700000 	 0.000035 
-8.680000 	 0.203134 
-8.660000 	 -0.081065 
-8.640000 	 -0.103286 
-8.620000 	 0.215440 
-8.600000 	 -0.096269 
-8.580000 	 0.001178 
-8.560000 	 -0.016768 
-8.540000 	 0.213454 
-8.520000 	 0.210975 
-8.500000 	 -0.800000 
-8.480000 	 -0.226676 
-8.460000 	 -0.007047 
-8.440000 	 0.104771 
-8.420000 	 0.274769 
-8.400000 	 0.208687 
-8.380000 	 0.083074 
-8.360000 	 0.076868 
-8.340000 	 -0.269985 
-8.320000 	 0.054457 
-8.300000 	 0.015721 
-8.280000 	 -0.027130 
-8.260000 	 0.054701 
-8.240000 	 -0.045880 
-8.220000 	 0.189132 
-8.200000 	 0.182808 
-8.180000 	 0.136555 
-8.160000 	 -0.014052 
-8.140000 	 0.057780 
-8.120000 	 -0.001346 
-8.100000 	 0.117211 
-8.080000 	 0.086069 
-8.060000 	 -0.015866 
-8.040000 	 -0.022938 
-8.020000 	 -0.123678 
-8.000000 	 0.128386 
-7.980000 	 -0.040350 
-7.960000 	 0.250755 
-7.940000 	 0.057410 
-7.920000 	 0.266834 
-7.900000 	 -0.036134 
-7.880000 	 -0.051939 
-7.860000 	 0.274425 
-7.840000 	 0.154923 
-7.820000 	 -0.173488 
-7.800000 	 0.258153 
-7.780000 	 0.144514 
-7.760000 	 0.137309 
-7.740000 	 0.192547 
-7.720000 	 -0.161462 
-7.700000 	 -0.064676 
-7.680000 	 -0.160907 
-7.660000 	 -0.022205 
-7.640000 	 0.258619 
-7.620000 	 0.160498 
-7.600000 	 -0.173422 
-7.580000 	 0.451255 
-7.560000 	 -0.042150 
-7.540000 	 0.101555 
-7.520000 	 0.047885 
-7.500000 	 0.151295 
-7.480000 	 0.108335 
-7.460000 	 0.186481 
-7.440000 	 -0.035218 
-7.420000 	 -0.313083 
-7.400000 	 0.110993 
-7.380000 	 -0.047160 
-7.360000 	 0.160355 
-7.340000 	 0.408148 
-7.320000 	 -0.039193 
-7.300000 	 0.378482 
-7.280000 	 -0.073151 
-7.260000 	 0.029305 
-7.240000 	 0.022980 
-7.220000 	 -0.035992 
-7.200000 	 0.494085 
-7.180000 	 0.229165 
-7.160000 	 -0.024359 
-7.140000 	 0.177782 
-7.120000 	 0.151997 
-7.100000 	 0.183067 
-7.080000 	 0.022523 
-7.060000 	 0.151731 
-7.040000 	 0.087769 
-7.020000 	 0.051860 
-7.000000 	 -0.095047 
-6.980000 	 0.345321 
-6.960000 	 0.097567 
-6.940000 	 0.103930 
-6.920000 	 -0.041985 
-6.900000 	 -0.054619 
-6.880000 	 0.091128 
-6.860000 	 0.275240 
-6.840000 	 0.139226 
-6.820000 	 0.171690 
-6.800000 	 -0.010452 
-6.780000 	 0.127956 
-6.760000 	 0.113286 
-6.740000 	 0.345202 
-6.720000 	 0.119234 
-6.700000 	 0.086597 
-6.680000 	 -0.245767 
-6.660000 	 -0.100412 
-6.640000 	 -0.102822 
-6.620000 	 0.175180 
-6.600000 	 0.082230 
-6.580000 	 -0.231086 
-6.560000 	 -0.067305 
-6.540000 	 -0.079279 
-6.520000 	 0.127034 
-6.500000 	 0.044689 
-6.480000 	 -0.138205 
-6.460000 	 0.378144 
-6.440000 	 0.069918 
-6.420000 	 0.255102 
-6.400000 	 -0.062516 
-6.380000 	 0.410836 
-6.360000 	 0.124632 
-6.340000 	 0.195468 
-6.320000 	 -0.035065 
-6.300000 	 0.249291 
-6.280000 	 0.032818 
-6.260000 	 0.473468 
-6.240000 	 -0.170382 
-6.220000 	 0.238803 
-6.200000 	 0.358715 
-6.180000 	 -0.229955 
-6.160000 	 0.072814 
-6.140000 	 0.196455 
-6.120000 	 0.163859 
-6.100000 	 0.026118 
-6.080000 	 0.191817 
-6.060000 	 0.258574 
-6.040000 	 0.018104 
-6.020000 	 0.122718 
-6.000000 	 0.135039 
-5.980000 	 0.099339 
-5.960000 	 0.183453 
-5.940000 	 0.016732 
-5.920000 	 -0.135631 
-5.900000 	 0.528569 
-5.880000 	 0.061429 
-5.860000 	 0.185471 
-5.840000 	 0.165705 
-5.820000 	 0.259544 
-5.800000 	 0.125707 
-5.780000 	 0.264280 
-5.760000 	 0.021210 
-5.740000 	 0.211450 
-5.720000 	 -0.064535 
-5.700000 	 -0.066125 
-5.680000 	 0.089913 
-5.660000 	 0.219520 
-5.640000 	 0.162255 
-5.620000 	 0.235396 
-5.600000 	 0.194493 
-5.580000 	 0.257727 
-5.560000 	 0.088588 
-5.540000 	 0.174052 
-5.520000 	 0.263094 
-5.500000 	 0.286489 
-5.480000 	 0.323911 
-5.460000 	 0.268726 
-5.440000 	 0.563587 
-5.420000 	 0.443270 
-5.400000 	 0.111907 
-5.380000 	 0.348408 
-5.360000 	 0.230460 
-5.340000 	 0.191114 
-5.320000 	 0.240941 
-5.300000 	 0.523884 
-5.280000 	 0.356614 
-5.260000 	 0.111886 
-5.240000 	 0.280908 
-5.220000 	 0.260272 
-5.200000 	 0.465867 
-5.180000 	 0.137148 
-5.160000 	 0.449299 
-5.140000 	 0.473028 
-5.120000 	 0.204153 
-5.100000 	 0.101013 
-5.080000 	 0.358174 
-5.060000 	 0.170460 
-5.040000 	 0.269434 
-5.020000 	 0.395322 
-5.000000 	 0.583290 
-4.980000 	 0.565155 
-4.960000 	 0.354505 
-4.940000 	 0.690433 
-4.920000 	 0.169508 
-4.900000 	 0.180161 
-4.880000 	 0.252940 
-4.860000 	 0.386173 
-4.840000 	 0.512858 
-4.820000 	 0.328606 
-4.800000 	 0.429195 
-4.780000 	 0.260048 
-4.760000 	 0.305610 
-4.740000 	 0.481555 
-4.720000 	 0.424180 
-4.700000 	 0.248378 
-4.680000 	 0.536633 
-4.660000 	 0.520022 
-4.640000 	 0.363014 
-4.620000 	 0.536196 
-4.600000 	 0.210071 
-4.580000 	 0.435699 
-4.560000 	 0.208397 
-4.540000 	 0.324817 
-4.520000 	 0.462431 
-4.500000 	 0.446539 
-4.480000 	 0.520572 
-4.460000 	 0.468116 
-4.440000 	 0.526469 
-4.420000 	 0.627856 
-4.400000 	 0.468540 
-4.380000 	 0.214162 
-4.360000 	 0.904005 
-4.340000 	 0.246685 
-4.320000 	 0.431109 
-4.300000 	 0.336878 
-4.280000 	 0.439532 
-4.260000 	 0.458868 
-4.240000 	 0.663400 
-4.220000 	 0.588459 
-4.200000 	 0.260371 
-4.180000 	 0.348217 
-4.160000 	 0.286976 
-4.140000 	 0.766492 
-4.120000 	 0.793304 
-4.100000 	 0.431272 
-4.080000 	 0.399046 
-4.060000 	 0.781084 
-4.040000 	 0.201644 
-4.020000 	 0.406513 
-4.000000 	 0.488862 
-3.980000 	 0.493271 
-3.960000 	 0.536648 
-3.940000 	 0.262513 
-3.920000 	 0.572121 
-3.900000 	 0.542984 
-3.880000 	 0.555685 
-3.860000 	 0.422679 
-3.840000 	 0.436156 
-3.820000 	 0.637753 
-3.800000 	 0.683071 
-3.780000 	 0.312985 
-3.760000 	 0.761133 
-3.740000 	 0.601741 
-3.720000 	 0.607106 
-3.700000 	 0.569984 
-3.680000 	 0.373222 
-3.660000 	 0.619741 
-3.640000 	 0.549726 
-3.620000 	 0.516151 
-3.600000 	 0.310543 
-3.580000 	 0.704568 
-3.560000 	 0.315094 
-3.540000 	 0.525634 
-3.520000 	 0.604240 
-3.500000 	 -0.400000 
-3.480000 	 0.504530 
-3.460000 	 0.674521 
-3.440000 	 0.100368 
-3.420000 	 0.331957 
-3.400000 	 0.455748 
-3.380000 	 0.560149 
-3.360000 	 0.344667 
-3.340000 	 0.357277 
-3.320000 	 0.396343 
-3.300000 	 0.480714 
-3.280000 	 0.170736 
-3.260000 	 0.595933 
-3.240000 	 0.626542 
-3.220000 	 0.282906 
-3.200000 	 0.430865 
-3.180000 	 0.560180 
-3.160000 	 0.422129 
-3.140000 	 0.650349 
-3.120000 	 0.706698 
-3.100000 	 0.611693 
-3.080000 	 0.467350 
-3.060000 	 0.105979 
-3.040000 	 0.575977 
-3.020000 	 0.561459 
-3.000000 	 0.331777 
-2.980000 	 0.775799 
-2.960000 	 0.246066 
-2.940000 	 0.280423 
-2.920000 	 0.183326 
-2.900000 	 0.106688 
-2.880000 	 0.587598 
-2.860000 	 0.293096 
-2.840000 	 0.445066 
-2.820000 	 0.549809 
-2.800000 	 0.501550 
-2.780000 	 0.371575 
-2.760000 	 0.220617 
-2.740000 	 0.455776 
-2.720000 	 0.264236 
-2.700000 	 0.695676 
-2.680000 	 0.374560 
-2.660000 	 0.464553 
-2.640000 	 0.456120 
-2.620000 	 0.412196 
-2.600000 	 0.315051 
-2.580000 	 0.252981 
-2.560000 	 0.335102 
-2.540000 	 0.108831 
-2.520000 	 0.391266 
-2.500000 	 0.206260 
-2.480000 	 0.142449 
-2.460000 	 0.163432 
-2.440000 	 0.176295 
-2.420000 	 0.300961 
-2.400000 	 0.282155 
-2.380000 	 0.293493 
-2.360000 	 0.320069 
-2.340000 	 0.211624 
-2.320000 	 0.519455 
-2.300000 	 0.303644 
-2.280000 	 0.404694 
-2.260000 	 0.682554 
-2.240000 	 0.109926 
-2.220000 	 0.387859 
-2.200000 	 0.044995 
-2.180000 	 0.567301 
-2.160000 	 0.370265 
-2.140000 	 0.295195 
-2.120000 	 0.356558 
-2.100000 	 0.379083 
-2.080000 	 0.132962 
-2.060000 	 0.318455 
-2.040000 	 -0.022102 
-2.020000 	 0.055143 
-2.000000 	 0.524476 
-1.980000 	 0.052584 
-1.960000 	 0.223689 
-1.940000 	 0.328110 
-1.920000 	 0.155458 
-1.900000 	 0.284667 
-1.880000 	 0.418837 
-1.860000 	 0.149791 
-1.840000 	 0.207400 
-1.820000 	 0.225532 
-1.800000 	 0.243776 
-1.780000 	 0.705262 
-1.760000 	 0.228666 
-1.740000 	 0.221106 
-1.720000 	 0.391257 
-1.700000 	 0.235274 
-1.680000 	 0.253039 
-1.660000 	 0.471343 
-1.640000 	 -0.200696 
-1.620000 	 0.148694 
-1.600000 	 0.295034 
-1.580000 	 0.423921 
-1.560000 	 0.246961 
-1.540000 	 0.262689 
-1.520000 	 0.129397 
-1.500000 	 0.120722 
-1.480000 	 0.175815 
-1.460000 	 -0.121708 
-1.440000 	 0.075564 
-1.420000 	 -0.146804 
-1.400000 	 0.101379 
-1.380000 	 0.045141 
-1.360000 	 0.146973 
-1.340000 	 -0.019792 
-1.320000 	 -0.017178 
-1.300000 	 0.329458 
-1.280000 	 0.205025 
-1.260000 	 0.069602 
-1.240000 	 -0.108786 
-1.220000 	 -0.174040 
-1.200000 	 0.104843 
-1.180000 	 0.273051 
-1.160000 	 0.003513 
-1.140000 	 0.042446 
-1.120000 	 0.239042 
-1.100000 	 -0.011015 
-1.080000 	 -0.151625 
-1.060000 	 0.094924 
-1.040000 	 0.312694 
-1.020000 	 0.232520 
-1.000000 	 0.059987 
-0.980000 	 0.211803 
-0.960000 	 0.077423 
-0.940000 	 0.161607 
-0.920000 	 0.139404 
-0.900000 	 0.022891 
-0.880000 	 0.285637 
-0.860000 	 0.146308 
-0.840000 	 0.269628 
-0.820000 	 -0.061308 
-0.800000 	 0.302308 
-0.780000 	 -0.044364 
-0.760000 	 -0.070690 
-0.740000 	 0.279366 
-0.720000 	 0.525922 
-0.700000 	 0.036878 
-0.680000 	 0.175267 
-0.660000 	 0.219461 
-0.640000 	 0.180325 
-0.620000 	 0.135547 
-0.600000 	 -0.178996 
-0.580000 	 0.051606 
-0.560000 	 0.035253 
-0.540000 	 -0.111371 
-0.520000 	 0.158020 
-0.500000 	 0.271713 
-0.480000 	 0.293469 
-0.460000 	 0.194834 
-0.440000 	 0.047563 
-0.420000 	 0.272798 
-0.400000 	 0.189277 
-0.380000 	 0.119823 
-0.360000 	 -0.010480 
-0.340000 	 0.269704 
-0.320000 	 0.331583 
-0.300000 	 -0.076255 
-0.280000 	 0.194708 
-0.260000 	 0.390299 
-0.240000 	 0.317088 
-0.220000 	 0.298927 
-0.200000 	 0.388363 
-0.180000 	 0.113691 
-0.160000 	 0.032969 
-0.140000 	 0.374154 
-0.120000 	 0.395395 
-0.100000 	 0.145736 
-0.080000 	 0.151142 
-0.060000 	 0.043851 
-0.040000 	 0.339950 
-0.020000 	 0.183629 
0.000000 	 0.227676 
0.020000 	 0.205810 
0.040000 	 0.116886 
0.060000 	 0.082684 
0.080000 	 -0.107677 
0.100000 	 0.056539 
0.120000 	 0.146693 
0.140000 	 0.155783 
0.160000 	 0.474443 
0.180000 	 0.339521 
0.200000 	 0.318820 
0.220000 	 0.393921 
0.240000 	 0.036540 
0.260000 	 0.277782 
0.280000 	 0.135335 
0.300000 	 0.343446 
0.320000 	 0.312551 
0.340000 	 0.357133 
0.360000 	 0.489534 
0.380000 	 -0.024513 
0.400000 	 0.488182 
0.420000 	 0.219572 
0.440000 	 0.292523 
0.460000 	 0.110372 
0.480000 	 0.580762 
0.500000 	 0.091446 
0.520000 	 0.319922 
0.540000 	 0.312199 
0.560000 	 0.618024 
0.580000 	 0.422750 
0.600000 	 0.206273 
0.620000 	 0.573460 
0.640000 	 0.519037 
0.660000 	 0.442029 
0.680000 	 0.548755 
0.700000 	 0.323539 
0.720000 	 0.626233 
0.740000 	 0.538402 
0.760000 	 0.253496 
0.780000 	 0.356039 
0.800000 	 0.644069 
0.820000 	 0.680984 
0.840000 	 0.127703 
0.860000 	 0.434108 
0.880000 	 0.540990 
0.900000 	 0.459331 
0.920000 	 0.454153 
0.940000 	 0.317302 
0.960000 	 0.523604 
0.980000 	 0.537423 
1.000000 	 0.587516 
1.020000 	 0.531418 
1.040000 	 0.722545 
1.060000 	 0.515664 
1.080000 	 0.496448 
1.100000 	 0.673460 
1.120000 	 0.651442 
1.140000 	 0.793665 
1.160000 	 0.631254 
1.180000 	 0.367607 
1.200000 	 0.584104 
1.220000 	 0.508519 
1.240000 	 0.545069 
1.260000 	 0.757632 
1.280000 	 0.800195 
1.300000 	 0.821129 
1.320000 	 0.691316 
1.340000 	 0.620022 
1.360000 	 0.757888 
1.380000 	 0.750076 
1.400000 	 0.812037 
1.420000 	 0.720542 
1.440000 	 0.903132 
1.460000 	 0.600088 
1.480000 	 0.834200 
1.500000 	 0.694621 
1.520000 	 0.480233 
1.540000 	 0.467834 
1.560000 	 0.609372 
1.580000 	 0.842988 
1.600000 	 0.643538 
1.620000 	 0.691505 
1.640000 	 0.768833 
1.660000 	 0.793387 
1.680000 	 1.028792 
1.700000 	 0.927974 
1.720000 	 0.736959 
1.740000 	 0.731822 
1.760000 	 0.965066 
1.780000 	 1.193749 
1.800000 	 0.759059 
1.820000 	 1.081040 
1.840000 	 0.867922 
1.860000 	 0.849537 
1.880000 	 0.823547 
1.900000 	 0.931833 
1.920000 	 0.979930 
1.940000 	 0.987136 
1.960000 	 0.823164 
1.980000 	 1.015918 
2.000000 	 0.971761 
2.020000 	 0.903830 
2.040000 	 1.109840 
2.060000 	 1.061721 
2.080000 	 1.118782 
2.100000 	 0.891219 
2.120000 	 0.794625 
2.140000 	 1.024548 
2.160000 	 1.273519 
2.180000 	 1.004322 
2.200000 	 1.365347 
2.220000 	 1.017000 
2.240000 	 0.998540 
2.260000 	 1.358755 
2.280000 	 0.904609 
2.300000 	 1.166804 
2.320000 	 1.299047 
2.340000 	 1.041743 
2.360000 	 1.223399 
2.380000 	 1.335403 
2.400000 	 1.080629 
2.420000 	 1.538419 
2.440000 	 1.264649 
2.460000 	 1.191439 
2.480000 	 1.078172 
2.500000 	 1.209870 
2.520000 	 1.209945 
2.540000 	 1.150653 
2.560000 	 1.254475 
2.580000 	 1.379673 
2.600000 	 1.607276 
2.620000 	 1.295732 
2.640000 	 1.309096 
2.660000 	 1.488828 
2.680000 	 1.115153 
2.700000 	 1.130409 
2.720000 	 1.434000 
2.740000 	 1.408800 
2.760000 	 1.011098 
2.780000 	 1.280688 
2.800000 	 1.444491 
2.820000 	 1.483572 
2.840000 	 1.385511 
2.860000 	 1.414318 
2.880000 	 1.559422 
2.900000 	 1.618332 
2.920000 	 1.259849 
2.940000 	 1.376358 
2.960000 	 1.270706 
2.980000 	 1.363753 
3.000000 	 1.437462 
3.020000 	 1.404079 
3.040000 	 1.474905 
3.060000 	 1.370676 
3.080000 	 1.322293 
3.100000 	 1.415522 
3.120000 	 1.817035 
3.140000 	 1.210187 
3.160000 	 1.444568 
3.180000 	 1.322425 
3.200000 	 1.609108 
3.220000 	 1.165342 
3.240000 	 1.507935 
3.260000 	 1.586692 
3.280000 	 1.630872 
3.300000 	 1.663468 
3.320000 	 1.545374 
3.340000 	 1.386150 
3.360000 	 1.402945 
3.380000 	 1.566945 
3.400000 	 1.516446 
3.420000 	 1.548365 
3.440000 	 1.737033 
3.460000 	 1.452956 
3.480000 	 1.707401 
3.500000 	 1.274622 
3.520000 	 1.098843 
3.540000 	 1.740346 
3.560000 	 1.792787 
3.580000 	 1.746340 
3.600000 	 1.678869 
3.620000 	 1.398931 
3.640000 	 1.392494 
3.660000 	 1.572265 
3.680000 	 1.642253 
3.700000 	 1.726511 
3.720000 	 1.889510 
3.740000 	 1.600973 
3.760000 	 1.662266 
3.780000 	 1.528823 
3.800000 	 1.390226 
3.820000 	 1.453918 
3.840000 	 1.602085 
3.860000 	 1.673065 
3.880000 	 1.431100 
3.900000 	 1.664781 
3.920000 	 1.550981 
3.940000 	 1.612739 
3.960000 	 1.469461 
3.980000 	 1.340888 
4.000000 	 1.770869 
4.020000 	 1.852014 
4.040000 	 1.368263 
4.060000 	 1.688568 
4.080000 	 1.930880 
4.100000 	 1.688922 
4.120000 	 1.703377 
4.140000 	 1.690928 
4.160000 	 1.592372 
4.180000 	 1.554703 
4.200000 	 1.513615 
4.220000 	 1.387772 
4.240000 	 1.615312 
4.260000 	 1.597465 
4.280000 	 1.718680 
4.300000 	 1.590674 
4.320000 	 1.597771 
4.340000 	 1.751002 
4.360000 	 1.751021 
4.380000 	 1.451876 
4.400000 	 1.438924 
4.420000 	 1.435856 
4.440000 	 -0.100000 
4.460000 	 1.378619 
4.480000 	 1.586702 
4.500000 	 1.734807 
4.520000 	 1.495166 
4.540000 	 1.459175 
4.560000 	 1.660377 
4.580000 	 1.651433 
4.600000 	 1.623240 
4.620000 	 1.564419 
4.640000 	 1.579134 
4.660000 	 1.604177 
4.680000 	 1.342375 
4.700000 	 1.520799 
4.720000 	 1.472857 
4.740000 	 1.339771 
4.760000 	 1.225969 
4.780000 	 1.382644 
4.800000 	 1.417889 
4.820000 	 1.473022 
4.840000 	 1.398026 
4.860000 	 1.327066 
4.880000 	 1.389524 
4.900000 	 1.636907 
4.920000 	 1.509571 
4.940000 	 1.580363 
4.960000 	 1.114360 
4.980000 	 1.242294 
5.000000 	 1.493426 
5.020000 	 1.364050 
5.040000 	 1.357075 
5.060000 	 1.362528 
5.080000 	 1.449933 
5.100000 	 1.398485 
5.120000 	 1.430743 
5.140000 	 1.451257 
5.160000 	 1.525875 
5.180000 	 1.356833 
5.200000 	 1.288719 
5.220000 	 1.209898 
5.240000 	 1.565543 
5.260000 	 1.438085 
5.280000 	 1.434486 
5.300000 	 1.265026 
5.320000 	 1.446603 
5.340000 	 1.115107 
5.360000 	 1.462420 
5.380000 	 1.339201 
5.400000 	 1.306919 
5.420000 	 1.191590 
5.440000 	 1.080218 
5.460000 	 1.369734 
5.480000 	 1.080960 
5.500000 	 1.153702 
5.520000 	 1.107249 
5.540000 	 1.250889 
5.560000 	 1.217646 
5.580000 	 1.084076 
5.600000 	 1.311269 
5.620000 	 1.387218 
5.640000 	 0.951742 
5.660000 	 0.983422 
5.680000 	 1.042617 
5.700000 	 1.053112 
5.720000 	 1.310506 
5.740000 	 0.708909 
5.760000 	 1.242753 
5.780000 	 1.198438 
5.800000 	 1.071654 
5.820000 	 0.990172 
5.840000 	 1.098482 
5.860000 	 0.666536 
5.880000 	 1.134703 
5.900000 	 1.076180 
5.920000 	 0.835084 
5.940000 	 1.068815 
5.960000 	 1.316581 
5.980000 	 1.001394 
6.000000 	 1.045202 
6.020000 	 1.041225 
6.040000 	 0.959595 
6.060000 	 0.852542 
6.080000 	 0.844251 
6.100000 	 0.751301 
6.120000 	 0.612059 
6.140000 	 1.248572 
6.160000 	 0.786248 
6.180000 	 0.800829 
6.200000 	 0.821108 
6.220000 	 0.796281 
6.240000 	 0.893033 
6.260000 	 0.916102 
6.280000 	 0.573144 
6.300000 	 0.724955 
6.320000 	 0.845573 
6.340000 	 0.723412 
6.360000 	 0.984767 
6.380000 	 0.929163 
6.400000 	 0.739477 
6.420000 	 0.807724 
6.440000 	 0.897829 
6.460000 	 0.940604 
6.480000 	 0.980210 
6.500000 	 0.834600 
6.520000 	 0.512992 
6.540000 	 0.824228 
6.560000 	 0.894045 
6.580000 	 0.561439 
6.600000 	 0.819527 
6.620000 	 0.737887 
6.640000 	 0.619996 
6.660000 	 0.423726 
6.680000 	 0.493718 
6.700000 	 0.660973 
6.720000 	 0.197710 
6.740000 	 0.480777 
6.760000 	 0.602335 
6.780000 	 0.738796 
6.800000 	 0.483878 
6.820000 	 0.433065 
6.840000 	 0.694864 
6.860000 	 0.464692 
6.880000 	 0.635323 
6.900000 	 0.434453 
6.920000 	 0.443427 
6.940000 	 0.648214 
6.960000 	 0.358416 
6.980000 	 0.529703 
7.000000 	 0.830353 
7.020000 	 0.620760 
7.040000 	 0.960511 
7.060000 	 0.412944 
7.080000 	 0.401640 
7.100000 	 0.481344 
7.120000 	 0.520178 
7.140000 	 0.408903 
7.160000 	 0.565308 
7.180000 	 0.291238 
7.200000 	 0.372613 
7.220000 	 0.320535 
7.240000 	 0.522179 
7.260000 	 0.363039 
7.280000 	 0.617785 
7.300000 	 0.300575 
7.320000 	 0.394888 
7.340000 	 0.191552 
7.360000 	 0.490033 
7.380000 	 0.163363 
7.400000 	 0.486496 
7.420000 	 0.152726 
7.440000 	 0.533258 
7.460000 	 0.531497 
7.480000 	 0.367701 
7.500000 	 0.243219 
7.520000 	 0.474944 
7.540000 	 0.143097 
7.560000 	 0.302067 
7.580000 	 0.006875 
7.600000 	 0.427309 
7.620000 	 0.182152 
7.640000 	 0.159667 
7.660000 	 0.383419 
7.680000 	 -0.016081 
7.700000 	 0.215107 
7.720000 	 0.172366 
7.740000 	 0.231226 
7.760000 	 0.051983 
7.780000 	 0.267136 
7.800000 	 0.483191 
7.820000 	 0.349927 
7.840000 	 0.068016 
7.860000 	 0.101718 
7.880000 	 0.207503 
7.900000 	 0.167640 
7.920000 	 0.451452 
7.940000 	 0.288040 
7.960000 	 -0.000479 
7.980000 	 0.150479 
8.000000 	 0.376354 
8.020000 	 0.410790 
8.040000 	 0.440751 
8.060000 	 0.098241 
8.080000 	 0.109191 
8.100000 	 0.342289 
8.120000 	 0.289004 
8.140000 	 0.248822 
8.160000 	 0.312952 
8.180000 	 -0.030860 
8.200000 	 0.239180 
8.220000 	 0.175896 
8.240000 	 0.170590 
8.260000 	 0.061968 
8.280000 	 0.422009 
8.300000 	 0.093182 
8.320000 	 0.144289 
8.340000 	 0.092343 
8.360000 	 0.072076 
8.380000 	 0.107611 
8.400000 	 0.119248 
8.420000 	 0.239100 
8.440000 	 0.246812 
8.460000 	 0.100020 
8.480000 	 0.278553 
8.500000 	 0.053966 
8.520000 	 0.397297 
8.540000 	 -0.003675 
8.560000 	 -0.184476 
8.580000 	 -0.003684 
8.600000 	 0.121208 
8.620000 	 0.320730 
8.640000 	 0.188809 
8.660000 	 -0.021722 
8.680000 	 0.187882 
8.700000 	 0.086803 
8.720000 	 0.025018 
8.740000 	 0.089608 
8.760000 	 0.059709 
8.780000 	 0.352627 
8.800000 	 -0.027716 
8.820000 	 -0.076679 
8.840000 	 0.068633 
8.860000 	 0.142695 
8.880000 	 0.206004 
8.900000 	 0.014885 
8.920000 	 -0.120422 
8.940000 	 0.205441 
8.960000 	 0.554731 
8.980000 	 -0.095624 
9.000000 	 0.328492 
9.020000 	 -0.129961 
9.040000 	 0.218597 
9.060000 	 0.205742 
9.080000 	 0.022208 
9.100000 	 -0.071057 
9.120000 	 0.149449 
9.140000 	 0.036834 
9.160000 	 0.085464 
9.180000 	 0.346750 
9.200000 	 0.080646 
9.220000 	 0.197500 
9.240000 	 0.145452 
9.260000 	 -0.008613 
9.280000 	 0.082829 
9.300000 	 -0.126140 
9.320000 	 -0.162095 
9.340000 	 0.051627 
9.360000 	 -0.178043 
9.380000 	 -0.072790 
9.400000 	 0.008746 
9.420000 	 0.152098 
9.440000 	 0.259104 
9.460000 	 0.286688 
9.480000 	 0.355778 
9.500000 	 0.095319 
9.520000 	 0.030717 
9.540000 	 -0.007044 
9.560000 	 0.199017 
9.580000 	 -0.153334 
9.600000 	 0.239862 
9.620000 	 -0.106771 
9.640000 	 -0.009889 
9.660000 	 0.056960 
9.680000 	 0.187071 
9.700000 	 0.077549 
9.720000 	 -0.101781 
9.740000 	 0.055274 
9.760000 	 0.157512 
9.780000 	 0.128481 
9.800000 	 -0.007174 
9.820000 	 0.021777 
9.840000 	 0.206691 
9.860000 	 0.129830 
9.880000 	 0.007891 
9.900000 	 0.112343 
9.920000 	 0.087932 
9.940000 	 -0.147251 
9.960000 	 0.021624 
9.980000 	 -0.046359 
10.000000 	 0.001070 
10.020000 	 -0.113907 
10.040000 	 0.115663 
10.060000 	 -0.430638 
10.080000 	 -0.059798 
10.100000 	 -0.173719 
10.120000 	 0.129251 
10.140000 	 0.107386 
10.160000 	 -0.143460 
10.180000 	 0.040481 
10.200000 	 -0.239144 
10.220000 	 -0.079112 
10.240000 	 -0.117075 
10.260000 	 0.176431 
10.280000 	 -0.215088 
10.300000 	 0.145353 
10.320000 	 0.175622 
10.340000 	 -0.054490 
10.360000 	 -0.107562 
10.380000 	 -0.044502 
10.400000 	 -0.238584 
10.420000 	 -0.023047 
10.440000 	 0.003985 
10.460000 	 0.154340 
10.480000 	 -0.122669 
10.500000 	 -0.235851 
10.520000 	 -0.273382 
10.540000 	 0.094645 
10.560000 	 0.096119 
10.580000 	 -0.135872 
10.600000 	 0.138228 
10.620000 	 0.403915 
10.640000 	 -0.280304 
10.660000 	 -0.106975 
10.680000 	 0.354828 
10.700000 	 0.099837 
10.720000 	 0.184446 
10.740000 	 0.005401 
10.760000 	 0.082037 
10.780000 	 0.085460 
10.800000 	 0.076966 
10.820000 	 0.062448 
10.840000 	 0.061400 
10.860000 	 0.117018 
10.880000 	 0.010376 
10.900000 	 -0.032729 
10.920000 	 0.038330 
10.940000 	 0.106956 
10.960000 	 -0.268275 
10.980000 	 0.055029 
11.000000 	 -0.313873 
11.020000 	 0.187010 
11.040000 	 -0.117381 
11.060000 	 -0.038169 
11.080000 	 -0.068264 
11.100000 	 -0.003642 
11.120000 	 0.049042 
11.140000 	 0.021298 
11.160000 	 0.129897 
11.180000 	 -0.173604 
11.200000 	 -0.041066 
11.220000 	 0.125630 
11.240000 	 0.048519 
11.260000 	 -0.102593 
11.280000 	 0.053979 
11.300000 	 0.030074 
11.320000 	 -0.125276 
11.340000 	 0.170506 
11.360000 	 -0.002315 
11.380000 	 -0.139409 
11.400000 	 0.076818 
11.420000 	 -0.025052 
11.440000 	 0.198682 
11.460000 	 0.152450 
11.480000 	 -0.121361 
11.500000 	 -0.060418 
11.520000 	 0.037377 
11.540000 	 -0.031157 
11.560000 	 -0.098756 
11.580000 	 -0.141249 
11.600000 	 0.042147 
11.620000 	 0.102405 
11.640000 	 -0.049044 
11.660000 	 0.015268 
11.680000 	 0.050467 
11.700000 	 0.017313 
11.720000 	 0.137046 
11.740000 	 0.148931 
11.760000 	 0.095835 
11.780000 	 -0.107983 
11.800000 	 0.027077 
11.820000 	 -0.020279 
11.840000 	 0.289449 
11.860000 	 -0.113899 
11.880000 	 0.023659 
11.900000 	 -0.104127 
11.920000 	 0.119083 
11.940000 	 0.057842 
11.960000 	 0.185747 
11.980000 	 -0.114488 
12.000000 	 0.117772 
12.020000 	 -0.172818 
12.040000 	 -0.056770 
12.060000 	 0.124343 
12.080000 	 -0.137906 
12.100000 	 -0.112820 
12.120000 	 -0.099036 
12.140000 	 -0.469765 
12.160000 	 -0.131059 
12.180000 	 -0.087110 
12.200000 	 0.035639 
12.220000 	 0.121709 
12.240000 	 0.007709 
12.260000 	 -0.030245 
12.280000 	 -0.044003 
12.300000 	 -0.040643 
12.320000 	 -0.090041 
12.340000 	 0.004714 
12.360000 	 -0.062927 
12.380000 	 0.034571 
12.400000 	 0.005191 
12.420000 	 0.009892 
12.440000 	 0.100362 
12.460000 	 -0.020764 
12.480000 	 0.130246 
12.500000 	 -0.064853 
12.520000 	 0.093315 
12.540000 	 -0.078953 
12.560000 	 0.117991 
12.580000 	 -0.204661 
12.600000 	 -0.039604 
12.620000 	 0.054942 
12.640000 	 -0.036498 
12.660000 	 0.100242 
12.680000 	 -0.148050 
12.700000 	 -0.021005 
12.720000 	 -0.109079 
12.740000 	 0.214608 
12.760000 	 -0.196027 
12.780000 	 -0.071012 
12.800000 	 -0.084224 
12.820000 	 0.023110 
12.840000 	 0.119089 
12.860000 	 -0.262618 
12.880000 	 -0.083207 
12.900000 	 -0.294073 
12.920000 	 -0.058642 
12.940000 	 -0.080998 
12.960000 	 0.020066 
12.980000 	 0.070790 
13.000000 	 0.005897 
13.020000 	 0.041981 
13.040000 	 -0.195633 
13.060000 	 0.106342 
13.080000 	 -0.204858 
13.100000 	 0.224082 
13.120000 	 -0.062414 
13.140000 	 0.098020 
13.160000 	 0.164123 
13.180000 	 0.080368 
13.200000 	 0.180869 
13.220000 	 -0.003829 
13.240000 	 0.399546 
13.260000 	 -0.214482 
13.280000 	 0.150111 
13.300000 	 -0.086587 
13.320000 	 0.022460 
13.340000 	 -0.267084 
13.360000 	 -0.011357 
13.380000 	 0.031323 
13.400000 	 -0.094450 
13.420000 	 -0.084051 
13.440000 	 -0.034367 
13.460000 	 -0.178915 
13.480000 	 0.074154 
13.500000 	 0.129068 
13.520000 	 -0.255476 
13.540000 	 0.026301 
13.560000 	 0.292853 
13.580000 	 0.063283 
13.600000 	 0.099163 
13.620000 	 0.148176 
13.640000 	 -0.093417 
13.660000 	 0.098325 
13.680000 	 -0.050320 
13.700000 	 -0.174511 
13.720000 	 -0.190124 
13.740000 	 0.006049 
13.760000 	 0.207854 
13.780000 	 -0.150183 
13.800000 	 0.012162 
13.820000 	 -0.268640 
13.840000 	 0.090752 
13.860000 	 -0.026085 
13.880000 	 0.043538 
13.900000 	 0.208720 
13.920000 	 -0.085729 
13.940000 	 -0.201376 
13.960000 	 0.088307 
13.980000 	 -0.224743 
14.000000 	 -0.098897 
14.020000 	 0.264880 
14.040000 	 -0.143683 
14.060000 	 0.049123 
14.080000 	 0.127263 
14.100000 	 0.074010 
14.120000 	 0.145582 
14.140000 	 -0.116316 
14.160000 	 0.030324 
14.180000 	 -0.086098 
14.200000 	 -0.087172 
14.220000 	 -0.151483 
14.240000 	 0.040383 
14.260000 	 -0.122027 
14.280000 	 0.217272 
14.300000 	 -0.045998 
14.320000 	 0.379724 
14.340000 	 -0.189278 
14.360000 	 0.048787 
14.380000 	 0.209309 
14.400000 	 -0.038657 
14.420000 	 0.109058 
14.440000 	 -0.217411 
14.460000 	 0.092529 
14.480000 	 -0.045454 
14.500000 	 0.200616 
14.520000 	 -0.056678 
14.540000 	 -0.073927 
14.560000 	 0.158789 
14.580000 	 0.188846 
14.600000 	 -0.218414 
14.620000 	 0.065483 
14.640000 	 -0.343976 
14.660000 	 0.056729 
14.680000 	 0.057609 
14.700000 	 0.270136 
14.720000 	 -0.129061 
14.740000 	 -0.343005 
14.760000 	 -0.132563 
14.780000 	 -0.186836 
14.800000 	 -0.090132 
14.820000 	 0.142728 
14.840000 	 0.124779 
14.860000 	 0.155238 
14.880000 	 -0.128419 
14.900000 	 0.014403 
14.920000 	 0.054841 
14.940000 	 0.019413 
14.960000 	 -0.076357 
14.980000 	 -0.000929 
15.000000 	 -0.031370 
