-15.000000 	 0.073642 
-14.980000 	 -0.086949 
-14.960000 	 -0.285245 
-14.940000 	 0.235607 
-14.920000 	 0.187504 
-14.900000 	 -0.207670 
-14.880000 	 0.043888 
-14.860000 	 -0.003850 
-14.840000 	 -0.057217 
-14.820000 	 0.137672 
-14.800000 	 0.135067 
-14.780000 	 0.118994 
-14.760000 	 -0.121422 
-14.740000 	 -0.011841 
-14.720000 	 -0.091144 
-14.700000 	 -0.185444 
-14.680000 	 -0.146095 
-14.660000 	 0.095752 
-14.640000 	 0.190334 
-14.620000 	 0.202013 
-14.600000 	 -0.049253 
-14.580000 	 0.103945 
-14.560000 	 0.230033 
-14.540000 	 0.001312 
-14.520000 	 -0.354232 
-14.500000 	 -0.047761 
-14.480000 	 0.035356 
-14.460000 	 -0.073274 
-14.440000 	 0.111099 
-14.420000 	 0.214556 
-14.400000 	 0.150936 
-14.380000 	 -0.082067 
-14.360000 	 0.232273 
-14.340000 	 -0.042777 
-14.320000 	 -0.251256 
-14.300000 	 -0.048748 
-14.280000 	 -0.037866 
-14.260000 	 -0.118227 
-14.240000 	 -0.246491 
-14.220000 	 0.078998 
-14.200000 	 0.111109 
-14.180000 	 0.000078 
-14.160000 	 -0.049472 
-14.140000 	 0.009916 
-14.120000 	 0.092091 
-14.100000 	 -0.085165 
-14.080000 	 -0.252748 
-14.060000 	 -0.236381 
-14.040000 	 -0.253945 
-14.020000 	 0.037801 
-14.000000 	 0.030084 
-13.980000 	 -0.000434 
-13.960000 	 -0.022665 
-13.940000 	 0.322134 
-13.920000 	 -0.151912 
-13.900000 	 0.087070 
-13.880000 	 0.100896 
-13.860000 	 -0.268628 
-13.840000 	 -0.181750 
-13.820000 	 0.175220 
-13.800000 	 -0.231395 
-13.780000 	 -0.099528 
-13.760000 	 -0.115237 
-13.740000 	 0.221186 
-13.720000 	 0.149256 
-13.700000 	 -0.121020 
-13.680000 	 0.027672 
-13.660000 	 0.159832 
-13.640000 	 0.065315 
-13.620000 	 0.195018 
-13.600000 	 -0.066779 
-13.580000 	 -0.057104 
-13.560000 	 0.028027 
-13.540000 	 -0.102520 
-13.520000 	 0.129908 
-13.500000 	 -0.083306 
-13.480000 	 -0.057097 
-13.460000 	 -0.012032 
-13.440000 	 -0.071281 
-13.420000 	 0.145549 
-13.400000 	 0.191160 
-13.380000 	 -0.045848 
-13.360000 	 0.060612 
-13.340000 	 -0.024279 
-13.320000 	 0.067627 
-13.300000 	 0.197146 
-13.280000 	 0.111665 
-13.260000 	 0.230302 
-13.240000 	 0.053499 
-13.220000 	 0.161489 
-13.200000 	 0.019391 
-13.180000 	 0.154824 
-13.160000 	 -0.174609 
-13.140000 	 -0.153784 
-13.120000 	 0.258365 
-13.100000 	 -0.219434 
-13.080000 	 -0.085484 
-13.060000 	 -0.072254 
-13.040000 	 -0.130276 
-13.020000 	 -0.099833 
-13.000000 	 -0.070701 
-12.980000 	 -0.087322 
-12.960000 	 0.090320 
-12.940000 	 -0.200915 
-12.920000 	 0.094515 
-12.900000 	 0.242543 
-12.880000 	 -0.143489 
-12.860000 	 -0.086358 
-12.840000 	 -0.189779 
-12.820000 	 -0.012763 
-12.800000 	 0.077818 
-12.780000 	 -0.091154 
-12.760000 	 -0.000248 
-12.740000 	 -0.047866 
-12.720000 	 0.070566 
-12.700000 	 -0.093618 
-12.680000 	 0.085130 
-12.660000 	 0.055089 
-12.640000 	 -0.336695 
-12.620000 	 0.068882 
-12.600000 	 0.247556 
-12.580000 	 0.055165 
-12.560000 	 0.111914 
-12.540000 	 0.040470 
-12.520000 	 0.111003 
-12.500000 	 0.031235 
-12.480000 	 -0.241289 
-12.460000 	 -0.062968 
-12.440000 	 0.024985 
-12.420000 	 -0.231083 
-12.400000 	 0.232409 
-12.380000 	 -0.036525 
-12.360000 	 0.000776 
-12.340000 	 0.109680 
-12.320000 	 -0.079757 
-12.300000 	 -0.165486 
-12.280000 	 -0.209609 
-12.260000 	 0.167744 
-12.240000 	 -0.028538 
-12.220000 	 -0.110890 
-12.200000 	 -0.054623 
-12.180000 	 -0.010241 
-12.160000 	 0.179308 
-12.140000 	 0.008298 
-12.120000 	 0.010010 
-12.100000 	 -0.251811 
-12.080000 	 0.062548 
-12.060000 	 -0.145851 
-12.040000 	 0.034752 
-12.020000 	 0.077524 
-12.000000 	 -0.178824 
-11.980000 	 0.020916 
-11.960000 	 -0.141763 
-11.940000 	 -0.043867 
-11.920000 	 -0.005608 
-11.900000 	 -0.004464 
-11.880000 	 -0.056628 
-11.860000 	 -0.022891 
-11.840000 	 -0.029421 
-11.820000 	 0.240802 
-11.800000 	 -0.110936 
-11.780000 	 0.178858 
-11.760000 	 -0.009515 
-11.740000 	 -0.178063 
-11.720000 	 0.107962 
-11.700000 	 0.363475 
-11.680000 	 -0.020139 
-11.660000 	 -0.039872 
-11.640000 	 0.070174 
-11.620000 	 -0.230656 
-11.600000 	 -0.127913 
-11.580000 	 -0.117150 
-11.560000 	 0.108842 
-11.540000 	 0.144216 
-11.520000 	 0.072399 
-11.500000 	 -0.020961 
-11.480000 	 0.016759 
-11.460000 	 -0.223709 
-11.440000 	 0.289871 
-11.420000 	 -0.013952 
-11.400000 	 0.079033 
-11.380000 	 0.054953 
-11.360000 	 -0.241724 
-11.340000 	 -0.043084 
-11.320000 	 0.149747 
-11.300000 	 -0.028144 
-11.280000 	 -0.092612 
-11.260000 	 0.030493 
-11.240000 	 0.163866 
-11.220000 	 -0.182924 
-11.200000 	 -0.237110 
-11.180000 	 -0.213071 
-11.160000 	 -0.159677 
-11.140000 	 -0.078368 
-11.120000 	 0.027606 
-11.100000 	 0.225588 
-11.080000 	 0.155538 
-11.060000 	 -0.104240 
-11.040000 	 0.037251 
-11.020000 	 -0.305355 
-11.000000 	 -0.067363 
-10.980000 	 0.259504 
-10.960000 	 -0.135430 
-10.940000 	 -0.093843 
-10.920000 	 0.016744 
-10.900000 	 -0.215218 
-10.880000 	 0.041661 
-10.860000 	 -0.154554 
-10.840000 	 0.019187 
-10.820000 	 -0.266685 
-10.800000 	 -0.314160 
-10.780000 	 0.050304 
-10.760000 	 0.057551 
-10.740000 	 0.154222 
-10.720000 	 -0.143911 
-10.700000 	 0.318926 
-10.680000 	 -0.135630 
-10.660000 	 0.095166 
-10.640000 	 -0.008364 
-10.620000 	 0.292323 
-10.600000 	 0.065826 
-10.580000 	 0.006086 
-10.560000 	 -0.028517 
-10.540000 	 -0.043734 
-10.520000 	 0.103310 
-10.500000 	 0.003305 
-10.480000 	 0.073681 
-10.460000 	 -0.134300 
-10.440000 	 -0.165648 
-10.420000 	 0.233736 
-10.400000 	 0.018274 
-10.380000 	 -0.085985 
-10.360000 	 -0.109067 
-10.340000 	 0.081247 
-10.320000 	 0.271624 
-10.300000 	 -0.203616 
-10.280000 	 -0.140652 
-10.260000 	 0.094576 
-10.240000 	 -0.102802 
-10.220000 	 -0.054803 
-10.200000 	 0.183403 
-10.180000 	 -0.040451 
-10.160000 	 -0.166108 
-10.140000 	 -0.153962 
-10.120000 	 0.345226 
-10.100000 	 0.028918 
-10.080000 	 0.024690 
-10.060000 	 -0.080949 
-10.040000 	 0.037022 
-10.020000 	 -0.014881 
-10.000000 	 -0.089062 
-9.980000 	 -0.210627 
-9.960000 	 -0.143398 
-9.940000 	 -0.092346 
-9.920000 	 -0.031456 
-9.900000 	 0.004080 
-9.880000 	 -0.131631 
-9.860000 	 0.080792 
-9.840000 	 -0.075706 
-9.820000 	 -0.130746 
-9.800000 	 0.075728 
-9.780000 	 0.086224 
-9.760000 	 0.100949 
-9.740000 	 0.248584 
-9.720000 	 -0.128795 
-9.700000 	 -0.082564 
-9.680000 	 -0.144187 
-9.660000 	 -0.102945 
-9.640000 	 -0.211658 
-9.620000 	 -0.310744 
-9.600000 	 -0.146937 
-9.580000 	 0.032185 
-9.560000 	 0.050340 
-9.540000 	 -0.090499 
-9.520000 	 -0.176823 
-9.500000 	 -0.027984 
-9.480000 	 -0.111078 
-9.460000 	 0.047270 
-9.440000 	 0.160945 
-9.420000 	 0.163801 
-9.400000 	 -0.027342 
-9.380000 	 0.057727 
-9.360000 	 0.132839 
-9.340000 	 0.130660 
-9.320000 	 0.023276 
-9.300000 	 0.189645 
-9.280000 	 -0.001876 
-9.260000 	 -0.308204 
-9.240000 	 0.089709 
-9.220000 	 -0.133328 
-9.200000 	 -0.043206 
-9.180000 	 -0.213716 
-9.160000 	 0.316096 
-9.140000 	 -0.124480 
-9.120000 	 0.084859 
-9.100000 	 -0.256013 
-9.080000 	 0.034995 
-9.060000 	 0.112946 
-9.040000 	 0.019143 
-9.020000 	 -0.154702 
-9.000000 	 -0.082488 
-8.980000 	 -0.174989 
-8.960000 	 -0.063447 
-8.940000 	 0.025690 
-8.920000 	 0.093524 
-8.900000 	 -0.160183 
-8.880000 	 -0.009871 
-8.860000 	 0.389340 
-8.840000 	 -0.111518 
-8.820000 	 -0.090536 
-8.800000 	 -0.119510 
-8.780000 	 0.066049 
-8.760000 	 -0.120375 
-8.740000 	 0.004792 
-8.720000 	 0.028243 
-8.700000 	 -0.086380 
-8.680000 	 0.059392 
-8.660000 	 0.106187 
-8.640000 	 -0.175503 
-8.620000 	 -0.291442 
-8.600000 	 -0.275189 
-8.580000 	 0.127165 
-8.560000 	 0.184604 
-8.540000 	 -0.094991 
-8.520000 	 0.267348 
-8.500000 	 -0.005783 
-8.480000 	 0.064738 
-8.460000 	 -0.165792 
-8.440000 	 -0.054152 
-8.420000 	 -0.203789 
-8.400000 	 -0.134574 
-8.380000 	 -0.377875 
-8.360000 	 0.053092 
-8.340000 	 -0.077327 
-8.320000 	 0.077589 
-8.300000 	 -0.077296 
-8.280000 	 0.124229 
-8.260000 	 -0.298353 
-8.240000 	 0.105874 
-8.220000 	 0.242071 
-8.200000 	 -0.163170 
-8.180000 	 0.117978 
-8.160000 	 0.155577 
-8.140000 	 -0.064443 
-8.120000 	 0.123856 
-8.100000 	 0.118793 
-8.080000 	 -0.204642 
-8.060000 	 0.226046 
-8.040000 	 -0.265049 
-8.020000 	 -0.082140 
-8.000000 	 0.164198 
-7.980000 	 -0.005771 
-7.960000 	 -0.161523 
-7.940000 	 0.049663 
-7.920000 	 -0.095039 
-7.900000 	 0.247911 
-7.880000 	 0.176945 
-7.860000 	 -0.138957 
-7.840000 	 -0.072729 
-7.820000 	 0.074544 
-7.800000 	 -0.041087 
-7.780000 	 -0.035618 
-7.760000 	 0.043724 
-7.740000 	 -0.012330 
-7.720000 	 -0.003263 
-7.700000 	 0.003874 
-7.680000 	 -0.110362 
-7.660000 	 -0.070169 
-7.640000 	 0.096395 
-7.620000 	 0.053319 
-7.600000 	 0.099662 
-7.580000 	 0.343878 
-7.560000 	 0.068875 
-7.540000 	 -0.013897 
-7.520000 	 0.136487 
-7.500000 	 0.060269 
-7.480000 	 -0.184886 
-7.460000 	 0.009855 
-7.440000 	 0.096715 
-7.420000 	 0.227165 
-7.400000 	 0.198887 
-7.380000 	 -0.133373 
-7.360000 	 0.099974 
-7.340000 	 0.141568 
-7.320000 	 -0.107567 
-7.300000 	 -0.216178 
-7.280000 	 0.369533 
-7.260000 	 0.090557 
-7.240000 	 -0.287999 
-7.220000 	 -0.006888 
-7.200000 	 0.046761 
-7.180000 	 0.369177 
-7.160000 	 0.084894 
-7.140000 	 0.022863 
-7.120000 	 0.115899 
-7.100000 	 -0.095338 
-7.080000 	 0.124209 
-7.060000 	 0.315088 
-7.040000 	 -0.070901 
-7.020000 	 -0.025317 
-7.000000 	 0.043316 
-6.980000 	 -0.130710 
-6.960000 	 0.248501 
-6.940000 	 0.041410 
-6.920000 	 0.015475 
-6.900000 	 0.129813 
-6.880000 	 0.333546 
-6.860000 	 0.082590 
-6.840000 	 0.189132 
-6.820000 	 0.136507 
-6.800000 	 0.211079 
-6.780000 	 0.267468 
-6.760000 	 0.043756 
-6.740000 	 0.195828 
-6.720000 	 0.341162 
-6.700000 	 0.127880 
-6.680000 	 0.096618 
-6.660000 	 0.220872 
-6.640000 	 0.315824 
-6.620000 	 0.097799 
-6.600000 	 0.100140 
-6.580000 	 0.152220 
-6.560000 	 0.042894 
-6.540000 	 0.221181 
-6.520000 	 -0.027052 
-6.500000 	 0.151673 
-6.480000 	 -0.064444 
-6.460000 	 0.444022 
-6.440000 	 0.122448 
-6.420000 	 0.281621 
-6.400000 	 0.029254 
-6.380000 	 0.202699 
-6.360000 	 0.170553 
-6.340000 	 -0.085781 
-6.320000 	 0.100571 
-6.300000 	 -0.033528 
-6.280000 	 0.006925 
-6.260000 	 0.009056 
-6.240000 	 0.134259 
-6.220000 	 0.215081 
-6.200000 	 0.474065 
-6.180000 	 0.464311 
-6.160000 	 0.203343 
-6.140000 	 0.034372 
-6.120000 	 0.172677 
-6.100000 	 0.175600 
-6.080000 	 0.245814 
-6.060000 	 0.083509 
-6.040000 	 0.542904 
-6.020000 	 0.345923 
-6.000000 	 0.166279 
-5.980000 	 0.129336 
-5.960000 	 0.225561 
-5.940000 	 0.137671 
-5.920000 	 0.113748 
-5.900000 	 0.171293 
-5.880000 	 0.239332 
-5.860000 	 0.485860 
-5.840000 	 0.601596 
-5.820000 	 0.132590 
-5.800000 	 -0.031903 
-5.780000 	 0.349729 
-5.760000 	 0.457282 
-5.740000 	 0.465831 
-5.720000 	 0.168288 
-5.700000 	 -0.032639 
-5.680000 	 0.432225 
-5.660000 	 0.165067 
-5.640000 	 0.127591 
-5.620000 	 0.176818 
-5.600000 	 0.420586 
-5.580000 	 -0.073655 
-5.560000 	 0.207780 
-5.540000 	 0.218670 
-5.520000 	 0.338353 
-5.500000 	 0.433466 
-5.480000 	 -0.116886 
-5.460000 	 0.613157 
-5.440000 	 0.247340 
-5.420000 	 0.322828 
-5.400000 	 0.381097 
-5.380000 	 0.363188 
-5.360000 	 0.456356 
-5.340000 	 0.358751 
-5.320000 	 0.164752 
-5.300000 	 0.434233 
-5.280000 	 0.408637 
-5.260000 	 0.315428 
-5.240000 	 0.424236 
-5.220000 	 0.453740 
-5.200000 	 0.541936 
-5.180000 	 0.224373 
-5.160000 	 0.476701 
-5.140000 	 0.445791 
-5.120000 	 0.470441 
-5.100000 	 0.318315 
-5.080000 	 0.158324 
-5.060000 	 0.261776 
-5.040000 	 0.635768 
-5.020000 	 0.285499 
-5.000000 	 0.591043 
-4.980000 	 0.373239 
-4.960000 	 0.522681 
-4.940000 	 0.466724 
-4.920000 	 0.244657 
-4.900000 	 0.488769 
-4.880000 	 0.494877 
-4.860000 	 0.049148 
-4.840000 	 0.226605 
-4.820000 	 0.347758 
-4.800000 	 0.445291 
-4.780000 	 0.643470 
-4.760000 	 0.390741 
-4.740000 	 0.491239 
-4.720000 	 0.481816 
-4.700000 	 0.304083 
-4.680000 	 0.426609 
-4.660000 	 0.342384 
-4.640000 	 0.457838 
-4.620000 	 0.303338 
-4.600000 	 0.460419 
-4.580000 	 0.514716 
-4.560000 	 0.475846 
-4.540000 	 0.554251 
-4.520000 	 0.425213 
-4.500000 	 0.340925 
-4.480000 	 0.589479 
-4.460000 	 0.351655 
-4.440000 	 0.757211 
-4.420000 	 0.445650 
-4.400000 	 0.690016 
-4.380000 	 0.403045 
-4.360000 	 0.275305 
-4.340000 	 0.390337 
-4.320000 	 0.755495 
-4.300000 	 0.319324 
-4.280000 	 0.485334 
-4.260000 	 0.794967 
-4.240000 	 0.737495 
-4.220000 	 0.554832 
-4.200000 	 0.647292 
-4.180000 	 0.579434 
-4.160000 	 0.595794 
-4.140000 	 0.449495 
-4.120000 	 0.297868 
-4.100000 	 0.465912 
-4.080000 	 0.576560 
-4.060000 	 0.702340 
-4.040000 	 0.519694 
-4.020000 	 0.622681 
-4.000000 	 0.413973 
-3.980000 	 0.542877 
-3.960000 	 0.691078 
-3.940000 	 0.470967 
-3.920000 	 0.289663 
-3.900000 	 0.254563 
-3.880000 	 0.433276 
-3.860000 	 0.516802 
-3.840000 	 0.519057 
-3.820000 	 0.562247 
-3.800000 	 0.503838 
-3.780000 	 0.505057 
-3.760000 	 0.263530 
-3.740000 	 0.591389 
-3.720000 	 0.357049 
-3.700000 	 0.669848 
-3.680000 	 0.399178 
-3.660000 	 0.297296 
-3.640000 	 0.466588 
-3.620000 	 0.364932 
-3.600000 	 0.335694 
-3.580000 	 0.665635 
-3.560000 	 0.528862 
-3.540000 	 0.268169 
-3.520000 	 0.431105 
-3.500000 	 0.672030 
-3.480000 	 0.388932 
-3.460000 	 0.412349 
-3.440000 	 0.451284 
-3.420000 	 0.438124 
-3.400000 	 0.383518 
-3.380000 	 0.394043 
-3.360000 	 0.295302 
-3.340000 	 0.293523 
-3.320000 	 0.718530 
-3.300000 	 0.477066 
-3.280000 	 0.574863 
-3.260000 	 0.389369 
-3.240000 	 0.512607 
-3.220000 	 0.811531 
-3.200000 	 0.384359 
-3.180000 	 0.332333 
-3.160000 	 0.398905 
-3.140000 	 0.523375 
-3.120000 	 0.134312 
-3.100000 	 0.338851 
-3.080000 	 0.184611 
-3.060000 	 0.383517 
-3.040000 	 0.297306 
-3.020000 	 0.491587 
-3.000000 	 0.145782 
-2.980000 	 0.306199 
-2.960000 	 0.476555 
-2.940000 	 0.276604 
-2.920000 	 0.504605 
-2.900000 	 0.512014 
-2.880000 	 0.401079 
-2.860000 	 0.256703 
-2.840000 	 0.477582 
-2.820000 	 0.685930 
-2.800000 	 0.409754 
-2.780000 	 0.233081 
-2.760000 	 0.415705 
-2.740000 	 0.317168 
-2.720000 	 0.137064 
-2.700000 	 0.334074 
-2.680000 	 0.357845 
-2.660000 	 0.649780 
-2.640000 	 0.316204 
-2.620000 	 0.301270 
-2.600000 	 0.352960 
-2.580000 	 0.259542 
-2.560000 	 0.305782 
-2.540000 	 0.431622 
-2.520000 	 0.185184 
-2.500000 	 0.202750 
-2.480000 	 0.316302 
-2.460000 	 0.030345 
-2.440000 	 0.231317 
-2.420000 	 0.302683 
-2.400000 	 0.017294 
-2.380000 	 0.442699 
-2.360000 	 0.428219 
-2.340000 	 0.377148 
-2.320000 	 0.290105 
-2.300000 	 0.158217 
-2.280000 	 0.300113 
-2.260000 	 0.162876 
-2.240000 	 0.298928 
-2.220000 	 0.332634 
-2.200000 	 0.079016 
-2.180000 	 0.505170 
-2.160000 	 -0.152423 
-2.140000 	 0.228436 
-2.120000 	 0.352483 
-2.100000 	 0.146815 
-2.080000 	 0.309603 
-2.060000 	 0.105821 
-2.040000 	 0.146328 
-2.020000 	 0.245907 
-2.000000 	 0.326724 
-1.980000 	 0.133088 
-1.960000 	 0.380903 
-1.940000 	 0.246419 
-1.920000 	 0.384073 
-1.900000 	 0.201358 
-1.880000 	 0.109304 
-1.860000 	 0.045060 
-1.840000 	 0.199191 
-1.820000 	 0.074983 
-1.800000 	 0.200013 
-1.780000 	 0.147215 
-1.760000 	 0.352479 
-1.740000 	 0.247328 
-1.720000 	 -0.147393 
-1.700000 	 0.289594 
-1.680000 	 0.109782 
-1.660000 	 0.163182 
-1.640000 	 0.289594 
-1.620000 	 0.251050 
-1.600000 	 0.108495 
-1.580000 	 0.273384 
-1.560000 	 0.326215 
-1.540000 	 0.124491 
-1.520000 	 0.269436 
-1.500000 	 0.165367 
-1.480000 	 0.299788 
-1.460000 	 0.178869 
-1.440000 	 0.274460 
-1.420000 	 -0.022540 
-1.400000 	 0.168763 
-1.380000 	 0.120266 
-1.360000 	 0.110895 
-1.340000 	 0.228106 
-1.320000 	 0.263809 
-1.300000 	 0.038865 
-1.280000 	 0.009092 
-1.260000 	 0.015974 
-1.240000 	 0.133997 
-1.220000 	 0.107607 
-1.200000 	 0.103905 
-1.180000 	 0.157365 
-1.160000 	 0.385759 
-1.140000 	 0.321505 
-1.120000 	 0.052045 
-1.100000 	 0.273785 
-1.080000 	 0.013592 
-1.060000 	 -0.042299 
-1.040000 	 0.407454 
-1.020000 	 0.072984 
-1.000000 	 0.276937 
-0.980000 	 0.272974 
-0.960000 	 -0.000905 
-0.940000 	 0.121066 
-0.920000 	 0.092443 
-0.900000 	 0.260425 
-0.880000 	 0.253657 
-0.860000 	 0.231904 
-0.840000 	 0.386245 
-0.820000 	 0.024399 
-0.800000 	 0.235140 
-0.780000 	 0.150601 
-0.760000 	 0.146393 
-0.740000 	 0.256147 
-0.720000 	 0.152398 
-0.700000 	 0.078270 
-0.680000 	 0.080163 
-0.660000 	 0.000941 
-0.640000 	 0.130989 
-0.620000 	 0.180522 
-0.600000 	 0.189943 
-0.580000 	 0.280859 
-0.560000 	 0.029952 
-0.540000 	 0.194048 
-0.520000 	 0.273243 
-0.500000 	 0.437686 
-0.480000 	 0.286959 
-0.460000 	 0.050787 
-0.440000 	 0.410417 
-0.420000 	 -0.109847 
-0.400000 	 0.139060 
-0.380000 	 0.447730 
-0.360000 	 0.342347 
-0.340000 	 0.270524 
-0.320000 	 0.170241 
-0.300000 	 0.410165 
-0.280000 	 0.073842 
-0.260000 	 -0.095778 
-0.240000 	 0.170256 
-0.220000 	 0.041853 
-0.200000 	 0.132065 
-0.180000 	 0.317444 
-0.160000 	 0.372776 
-0.140000 	 0.005285 
-0.120000 	 0.236338 
-0.100000 	 0.218110 
-0.080000 	 0.354269 
-0.060000 	 0.521530 
-0.040000 	 0.295621 
-0.020000 	 0.334604 
0.000000 	 0.201792 
0.020000 	 0.340675 
0.040000 	 0.291898 
0.060000 	 0.186284 
0.080000 	 0.091671 
0.100000 	 0.173576 
0.120000 	 0.479640 
0.140000 	 0.323231 
0.160000 	 0.275828 
0.180000 	 0.158664 
0.200000 	 0.121215 
0.220000 	 0.074725 
0.240000 	 0.369273 
0.260000 	 -0.204523 
0.280000 	 0.088268 
0.300000 	 0.313129 
0.320000 	 0.232853 
0.340000 	 0.306599 
0.360000 	 0.326083 
0.380000 	 0.305542 
0.400000 	 0.271383 
0.420000 	 0.179628 
0.440000 	 0.262275 
0.460000 	 0.625205 
0.480000 	 0.132762 
0.500000 	 0.536114 
0.520000 	 0.249265 
0.540000 	 0.455963 
0.560000 	 0.234279 
0.580000 	 0.716191 
0.600000 	 0.345817 
0.620000 	 0.092073 
0.640000 	 0.576664 
0.660000 	 0.454403 
0.680000 	 0.214845 
0.700000 	 0.449934 
0.720000 	 0.282534 
0.740000 	 0.875150 
0.760000 	 0.511536 
0.780000 	 0.538397 
0.800000 	 0.387765 
0.820000 	 0.357531 
0.840000 	 0.514525 
0.860000 	 0.242418 
0.880000 	 0.654160 
0.900000 	 0.593771 
0.920000 	 0.443249 
0.940000 	 0.373269 
0.960000 	 0.640777 
0.980000 	 0.302399 
1.000000 	 0.571387 
1.020000 	 0.397742 
1.040000 	 0.575917 
1.060000 	 0.627809 
1.080000 	 0.489959 
1.100000 	 0.581209 
1.120000 	 0.537772 
1.140000 	 0.551309 
1.160000 	 0.633347 
1.180000 	 0.601598 
1.200000 	 0.494619 
1.220000 	 0.272483 
1.240000 	 0.652289 
1.260000 	 0.642429 
1.280000 	 -0.500000 
1.300000 	 0.538302 
1.320000 	 0.699891 
1.340000 	 0.739406 
1.360000 	 0.565665 
1.380000 	 0.580963 
1.400000 	 0.803840 
1.420000 	 0.628994 
1.440000 	 0.515649 
1.460000 	 0.617206 
1.480000 	 0.584940 
1.500000 	 0.672641 
1.520000 	 0.263206 
1.540000 	 0.782761 
1.560000 	 0.707485 
1.580000 	 0.784593 
1.600000 	 0.814786 
1.620000 	 0.977292 
1.640000 	 0.888737 
1.660000 	 0.794282 
1.680000 	 1.027274 
1.700000 	 0.821212 
1.720000 	 0.783513 
1.740000 	 0.879650 
1.760000 	 0.891206 
1.780000 	 0.918857 
1.800000 	 0.630612 
1.820000 	 0.869012 
1.840000 	 0.770647 
1.860000 	 0.983249 
1.880000 	 0.891035 
1.900000 	 0.883330 
1.920000 	 1.087569 
1.940000 	 1.142747 
1.960000 	 1.016132 
1.980000 	 1.022126 
2.000000 	 0.750527 
2.020000 	 0.804580 
2.040000 	 1.045466 
2.060000 	 0.847880 
2.080000 	 0.909930 
2.100000 	 1.068695 
2.120000 	 1.025605 
2.140000 	 1.094506 
2.160000 	 0.974016 
2.180000 	 1.011098 
2.200000 	 1.432052 
2.220000 	 1.279080 
2.240000 	 1.186265 
2.260000 	 1.100974 
2.280000 	 1.200420 
2.300000 	 1.096172 
2.320000 	 0.982230 
2.340000 	 1.051984 
2.360000 	 1.144785 
2.380000 	 1.464197 
2.400000 	 1.160627 
2.420000 	 1.106223 
2.440000 	 1.126152 
2.460000 	 1.128495 
2.480000 	 1.451154 
2.500000 	 1.450410 
2.520000 	 1.059348 
2.540000 	 1.331751 
2.560000 	 1.533236 
2.580000 	 1.131065 
2.600000 	 1.260574 
2.620000 	 1.286606 
2.640000 	 1.384036 
2.660000 	 1.224243 
2.680000 	 1.314335 
2.700000 	 0.904642 
2.720000 	 1.315580 
2.740000 	 1.254677 
2.760000 	 1.079065 
2.780000 	 1.282354 
2.800000 	 1.255306 
2.820000 	 1.081535 
2.840000 	 1.425872 
2.860000 	 1.466378 
2.880000 	 1.249393 
2.900000 	 1.179868 
2.920000 	 1.373820 
2.940000 	 1.501413 
2.960000 	 1.247966 
2.980000 	 1.665670 
3.000000 	 1.460999 
3.020000 	 1.511735 
3.040000 	 1.545960 
3.060000 	 1.332372 
3.080000 	 1.421493 
3.100000 	 1.339473 
3.120000 	 1.718804 
3.140000 	 1.409750 
3.160000 	 1.365028 
3.180000 	 1.292031 
3.200000 	 1.408637 
3.220000 	 1.557171 
3.240000 	 1.562684 
3.260000 	 1.428489 
3.280000 	 1.560430 
3.300000 	 1.827094 
3.320000 	 1.691544 
3.340000 	 1.648490 
3.360000 	 1.744555 
3.380000 	 1.479626 
3.400000 	 1.763887 
3.420000 	 1.374918 
3.440000 	 1.366485 
3.460000 	 1.469650 
3.480000 	 1.640299 
3.500000 	 1.372252 
3.520000 	 1.420285 
3.540000 	 1.594637 
3.560000 	 1.558937 
3.580000 	 1.518343 
3.600000 	 1.508743 
3.620000 	 1.349019 
3.640000 	 1.650763 
3.660000 	 1.552310 
3.680000 	 1.443289 
3.700000 	 1.543470 
3.720000 	 1.964220 
3.740000 	 1.735459 
3.760000 	 1.645449 
3.780000 	 1.772822 
3.800000 	 1.608747 
3.820000 	 1.763385 
3.840000 	 1.564526 
3.860000 	 1.551141 
3.880000 	 1.612811 
3.900000 	 1.621396 
3.920000 	 1.791803 
3.940000 	 1.646447 
3.960000 	 1.610170 
3.980000 	 1.474933 
4.000000 	 1.711531 
4.020000 	 1.797017 
4.040000 	 1.413229 
4.060000 	 1.691814 
4.080000 	 1.418413 
4.100000 	 1.611753 
4.120000 	 1.404136 
4.140000 	 2.095509 
4.160000 	 1.788671 
4.180000 	 1.512196 
4.200000 	 1.703851 
4.220000 	 1.916052 
4.240000 	 1.467061 
4.260000 	 1.668975 
4.280000 	 1.639410 
4.300000 	 1.757004 
4.320000 	 1.222959 
4.340000 	 1.604355 
4.360000 	 1.514525 
4.380000 	 1.545572 
4.400000 	 1.485669 
4.420000 	 1.616242 
4.440000 	 1.216572 
4.460000 	 1.732044 
4.480000 	 1.701939 
4.500000 	 1.521780 
4.520000 	 1.436649 
4.540000 	 1.472129 
4.560000 	 1.479446 
4.580000 	 1.607287 
4.600000 	 1.606513 
4.620000 	 1.677075 
4.640000 	 1.534122 
4.660000 	 1.567718 
4.680000 	 1.508178 
4.700000 	 1.531056 
4.720000 	 1.585442 
4.740000 	 1.612924 
4.760000 	 1.392808 
4.780000 	 1.358212 
4.800000 	 1.529663 
4.820000 	 1.356227 
4.840000 	 1.608026 
4.860000 	 1.622230 
4.880000 	 1.447092 
4.900000 	 1.422307 
4.920000 	 1.444643 
4.940000 	 0.800000 
4.960000 	 1.485438 
4.980000 	 1.225135 
5.000000 	 1.501642 
5.020000 	 1.333498 
5.040000 	 1.516860 
5.060000 	 1.358188 
5.080000 	 1.504144 
5.100000 	 1.451522 
5.120000 	 1.255539 
5.140000 	 1.437072 
5.160000 	 1.272904 
5.180000 	 1.282363 
5.200000 	 1.168571 
5.220000 	 1.403234 
5.240000 	 1.109104 
5.260000 	 1.252662 
5.280000 	 1.616340 
5.300000 	 1.466286 
5.320000 	 1.125873 
5.340000 	 1.368241 
5.360000 	 1.167100 
5.380000 	 1.331440 
5.400000 	 1.132258 
5.420000 	 1.287626 
5.440000 	 1.213580 
5.460000 	 1.030183 
5.480000 	 0.969955 
5.500000 	 1.150195 
5.520000 	 1.222536 
5.540000 	 1.225893 
5.560000 	 1.010059 
5.580000 	 0.999370 
5.600000 	 1.250451 
5.620000 	 1.003012 
5.640000 	 1.099269 
5.660000 	 0.963222 
5.680000 	 1.190320 
5.700000 	 1.263835 
5.720000 	 1.156735 
5.740000 	 1.075986 
5.760000 	 0.965069 
5.780000 	 1.099902 
5.800000 	 1.089259 
5.820000 	 1.339110 
5.840000 	 1.124003 
5.860000 	 0.914672 
5.880000 	 0.969620 
5.900000 	 1.010973 
5.920000 	 0.899090 
5.940000 	 1.197697 
5.960000 	 0.626802 
5.980000 	 1.227717 
6.000000 	 0.927509 
6.020000 	 0.975097 
6.040000 	 1.189619 
6.060000 	 1.228291 
6.080000 	 0.722337 
6.100000 	 0.708949 
6.120000 	 0.896034 
6.140000 	 0.930828 
6.160000 	 0.782410 
6.180000 	 1.061957 
6.200000 	 0.817581 
6.220000 	 0.833092 
6.240000 	 1.012174 
6.260000 	 0.763773 
6.280000 	 0.782999 
6.300000 	 0.919764 
6.320000 	 0.790457 
6.340000 	 0.785545 
6.360000 	 0.927878 
6.380000 	 0.781987 
6.400000 	 0.689513 
6.420000 	 0.735798 
6.440000 	 0.995821 
6.460000 	 0.475965 
6.480000 	 0.611487 
6.500000 	 0.729674 
6.520000 	 0.791684 
6.540000 	 0.752517 
6.560000 	 0.797205 
6.580000 	 0.366674 
6.600000 	 0.846980 
6.620000 	 -0.800000 
6.640000 	 0.865757 
6.660000 	 0.795322 
6.680000 	 0.236338 
6.700000 	 0.513279 
6.720000 	 0.583272 
6.740000 	 0.177189 
6.760000 	 0.747350 
6.780000 	 0.744154 
6.800000 	 0.483515 
6.820000 	 0.737953 
6.840000 	 0.621269 
6.860000 	 0.583040 
6.880000 	 0.816952 
6.900000 	 0.510054 
6.920000 	 0.676478 
6.940000 	 0.721252 
6.960000 	 0.705859 
6.980000 	 0.528378 
7.000000 	 0.374012 
7.020000 	 0.442780 
7.040000 	 0.707996 
7.060000 	 0.268511 
7.080000 	 0.553496 
7.100000 	 0.319041 
7.120000 	 0.444445 
7.140000 	 0.296650 
7.160000 	 0.458742 
7.180000 	 0.448337 
7.200000 	 0.719276 
7.220000 	 0.155416 
7.240000 	 0.274444 
7.260000 	 0.562805 
7.280000 	 0.590147 
7.300000 	 0.690507 
7.320000 	 0.258234 
7.340000 	 0.311511 
7.360000 	 0.373674 
7.380000 	 0.397808 
7.400000 	 0.686675 
7.420000 	 0.386885 
7.440000 	 0.377160 
7.460000 	 0.693005 
7.480000 	 0.296543 
7.500000 	 0.472163 
7.520000 	 0.306936 
7.540000 	 0.530197 
7.560000 	 0.159651 
7.580000 	 0.272631 
7.600000 	 0.215204 
7.620000 	 0.330909 
7.640000 	 0.498049 
7.660000 	 -0.011690 
7.680000 	 -0.077423 
7.700000 	 0.269320 
7.720000 	 0.453762 
7.740000 	 0.299242 
7.760000 	 0.174211 
7.780000 	 0.406146 
7.800000 	 0.439709 
7.820000 	 0.334558 
7.840000 	 0.312077 
7.860000 	 0.189658 
7.880000 	 0.337158 
7.900000 	 0.030850 
7.920000 	 0.123629 
7.940000 	 0.007807 
7.960000 	 0.545162 
7.980000 	 0.564843 
8.000000 	 0.269664 
8.020000 	 0.030894 
8.040000 	 0.574407 
8.060000 	 0.278724 
8.080000 	 0.361151 
8.100000 	 0.480492 
8.120000 	 0.190353 
8.140000 	 0.170276 
8.160000 	 0.201463 
8.180000 	 0.234905 
8.200000 	 0.236902 
8.220000 	 0.202549 
8.240000 	 -0.072455 
8.260000 	 0.030245 
8.280000 	 0.182421 
8.300000 	 0.033111 
8.320000 	 0.238349 
8.340000 	 0.183111 
8.360000 	 -0.049943 
8.380000 	 0.226557 
8.400000 	 -0.007951 
8.420000 	 0.101872 
8.440000 	 0.316760 
8.460000 	 0.060242 
8.480000 	 0.072607 
8.500000 	 0.067856 
8.520000 	 0.388472 
8.540000 	 -0.040391 
8.560000 	 0.052602 
8.580000 	 0.022792 
8.600000 	 0.310614 
8.620000 	 0.032698 
8.640000 	 -0.061177 
8.660000 	 0.048415 
8.680000 	 0.254606 
8.700000 	 0.168870 
8.720000 	 0.071471 
8.740000 	 0.441687 
8.760000 	 0.275635 
8.780000 	 0.263601 
8.800000 	 0.202419 
8.820000 	 -0.025722 
8.840000 	 -0.266386 
8.860000 	 0.225600 
8.880000 	 -0.045175 
8.900000 	 -0.071126 
8.920000 	 0.114264 
8.940000 	 -0.060237 
8.960000 	 -0.001232 
8.980000 	 0.146397 
9.000000 	 0.085159 
9.020000 	 -0.115297 
9.040000 	 -0.089926 
9.060000 	 -0.002648 
9.080000 	 -0.185044 
9.100000 	 -0.043830 
9.120000 	 0.110060 
9.140000 	 0.187307 
9.160000 	 1.000000 
9.180000 	 0.074626 
9.200000 	 0.034024 
9.220000 	 -0.346227 
9.240000 	 -0.112434 
9.260000 	 -0.021073 
9.280000 	 -0.162055 
9.300000 	 0.165272 
9.320000 	 0.218562 
9.340000 	 0.433526 
9.360000 	 0.217384 
9.380000 	 0.183233 
9.400000 	 0.063633 
9.420000 	 0.008345 
9.440000 	 -0.220458 
9.460000 	 0.032793 
9.480000 	 0.055789 
9.500000 	 0.095644 
9.520000 	 0.306682 
9.540000 	 0.162184 
9.560000 	 0.079531 
9.580000 	 -0.119899 
9.600000 	 0.098602 
9.620000 	 -0.100706 
9.640000 	 -0.026715 
9.660000 	 0.118519 
9.680000 	 0.066426 
9.700000 	 0.156694 
9.720000 	 -0.059624 
9.740000 	 0.033683 
9.760000 	 0.269758 
9.780000 	 0.110549 
9.800000 	 0.104658 
9.820000 	 -0.056557 
9.840000 	 -0.209552 
9.860000 	 -0.148658 
9.880000 	 0.078446 
9.900000 	 -0.180567 
9.920000 	 0.120853 
9.940000 	 0.029209 
9.960000 	 -0.206981 
9.980000 	 -0.063606 
10.000000 	 -0.150259 
10.020000 	 0.145439 
10.040000 	 0.022000 
10.060000 	 0.336357 
10.080000 	 -0.093214 
10.100000 	 -0.064808 
10.120000 	 -0.106836 
10.140000 	 0.334052 
10.160000 	 0.036824 
10.180000 	 0.004420 
10.200000 	 0.062483 
10.220000 	 -0.153704 
10.240000 	 -0.086458 
10.260000 	 0.014569 
10.280000 	 0.049913 
10.300000 	 0.166362 
10.320000 	 -0.070290 
10.340000 	 0.119644 
10.360000 	 -0.009573 
10.380000 	 0.456640 
10.400000 	 0.044572 
10.420000 	 -0.229958 
10.440000 	 -0.130733 
10.460000 	 0.020354 
10.480000 	 -0.006893 
10.500000 	 -0.063488 
10.520000 	 0.212750 
10.540000 	 0.056784 
10.560000 	 -0.153448 
10.580000 	 0.003795 
10.600000 	 0.232405 
10.620000 	 0.131673 
10.640000 	 0.040705 
10.660000 	 -0.033308 
10.680000 	 -0.058579 
10.700000 	 0.216891 
10.720000 	 -0.030775 
10.740000 	 -0.009879 
10.760000 	 -0.013123 
10.780000 	 -0.010125 
10.800000 	 0.267214 
10.820000 	 -0.097010 
10.840000 	 -0.173218 
10.860000 	 0.067240 
10.880000 	 -0.100000 
10.900000 	 -0.041307 
10.920000 	 -0.239125 
10.940000 	 0.095236 
10.960000 	 -0.003018 
10.980000 	 0.058295 
11.000000 	 0.268687 
11.020000 	 0.071742 
11.040000 	 0.295958 
11.060000 	 0.051885 
11.080000 	 0.069330 
11.100000 	 -0.306844 
11.120000 	 -0.102701 
11.140000 	 0.025110 
11.160000 	 0.271302 
11.180000 	 -0.097278 
11.200000 	 0.086566 
11.220000 	 0.019819 
11.240000 	 0.030608 
11.260000 	 0.359244 
11.280000 	 0.102638 
11.300000 	 0.215861 
11.320000 	 -0.204608 
11.340000 	 0.080615 
11.360000 	 -0.049458 
11.380000 	 0.129705 
11.400000 	 -0.242270 
11.420000 	 0.466342 
11.440000 	 0.060133 
11.460000 	 0.049579 
11.480000 	 -0.299276 
11.500000 	 -0.107803 
11.520000 	 -0.039655 
11.540000 	 0.026172 
11.560000 	 0.288706 
11.580000 	 -0.170734 
11.600000 	 -0.262835 
11.620000 	 0.140466 
11.640000 	 0.029588 
11.660000 	 0.041609 
11.680000 	 0.269882 
11.700000 	 -0.049892 
11.720000 	 -0.089063 
11.740000 	 -0.164436 
11.760000 	 0.037916 
11.780000 	 0.051868 
11.800000 	 0.221614 
11.820000 	 0.076219 
11.840000 	 0.189343 
11.860000 	 -0.184633 
11.880000 	 0.233730 
11.900000 	 -0.111919 
11.920000 	 -0.079231 
11.940000 	 -0.054755 
11.960000 	 0.006151 
11.980000 	 0.036961 
12.000000 	 0.100137 
12.020000 	 0.217670 
12.040000 	 0.024967 
12.060000 	 0.163464 
12.080000 	 -0.194631 
12.100000 	 -0.182652 
12.120000 	 0.085433 
12.140000 	 0.137757 
12.160000 	 0.036393 
12.180000 	 0.220174 
12.200000 	 0.102412 
12.220000 	 -0.225098 
12.240000 	 -0.153252 
12.260000 	 0.251322 
12.280000 	 -0.133535 
12.300000 	 0.046078 
12.320000 	 0.196807 
12.340000 	 -0.033614 
12.360000 	 0.386720 
12.380000 	 -0.309080 
12.400000 	 -0.071610 
12.420000 	 0.159315 
12.440000 	 -0.027924 
12.460000 	 -0.097135 
12.480000 	 0.058492 
12.500000 	 0.204634 
12.520000 	 0.030639 
12.540000 	 0.066846 
12.560000 	 0.092427 
12.580000 	 -0.197111 
12.600000 	 0.132514 
12.620000 	 -0.293538 
12.640000 	 -0.132261 
12.660000 	 0.106748 
12.680000 	 0.250491 
12.700000 	 -0.252771 
12.720000 	 -0.069393 
12.740000 	 -0.037723 
12.760000 	 -0.077681 
12.780000 	 -0.157156 
12.800000 	 -0.054066 
12.820000 	 -0.219080 
12.840000 	 0.243909 
12.860000 	 0.182681 
12.880000 	 0.197169 
12.900000 	 -0.043099 
12.920000 	 0.078152 
12.940000 	 0.058031 
12.960000 	 -0.040261 
12.980000 	 -0.003620 
13.000000 	 -0.063405 
13.020000 	 -0.238754 
13.040000 	 -0.007860 
13.060000 	 -0.039986 
13.080000 	 0.016294 
13.100000 	 0.110821 
13.120000 	 0.153800 
13.140000 	 0.088476 
13.160000 	 0.126610 
13.180000 	 0.203848 
13.200000 	 0.019306 
13.220000 	 0.132031 
13.240000 	 -0.029483 
13.260000 	 -0.155200 
13.280000 	 -0.050767 
13.300000 	 0.139721 
13.320000 	 0.067546 
13.340000 	 0.014551 
13.360000 	 -0.214619 
13.380000 	 0.163458 
13.400000 	 0.228061 
13.420000 	 -0.054421 
13.440000 	 -0.097447 
13.460000 	 0.043751 
13.480000 	 -0.240644 
13.500000 	 0.132073 
13.520000 	 0.118778 
13.540000 	 -0.302952 
13.560000 	 0.037730 
13.580000 	 -0.009339 
13.600000 	 0.036102 
13.620000 	 -0.049324 
13.640000 	 -0.148474 
13.660000 	 0.044871 
13.680000 	 -0.195635 
13.700000 	 -0.151220 
13.720000 	 -0.165437 
13.740000 	 0.011323 
13.760000 	 0.003726 
13.780000 	 0.002814 
13.800000 	 -0.192461 
13.820000 	 -0.069665 
13.840000 	 0.234699 
13.860000 	 -0.071840 
13.880000 	 0.024522 
13.900000 	 0.164552 
13.920000 	 0.042552 
13.940000 	 -0.204963 
13.960000 	 0.054174 
13.980000 	 -0.166285 
14.000000 	 -0.061855 
14.020000 	 0.105292 
14.040000 	 0.211704 
14.060000 	 0.002253 
14.080000 	 0.212228 
14.100000 	 0.156846 
14.120000 	 -0.087506 
14.140000 	 -0.093983 
14.160000 	 0.052514 
14.180000 	 -0.137055 
14.200000 	 -0.061914 
14.220000 	 -0.250969 
14.240000 	 0.195925 
14.260000 	 -0.008398 
14.280000 	 0.144579 
14.300000 	 0.173068 
14.320000 	 0.183662 
14.340000 	 0.013440 
14.360000 	 -0.016331 
14.380000 	 0.027127 
14.400000 	 0.049250 
14.420000 	 0.043809 
14.440000 	 -0.030686 
14.460000 	 -0.084848 
14.480000 	 0.008337 
14.500000 	 0.042889 
14.520000 	 0.023980 
14.540000 	 0.036176 
14.560000 	 -0.184674 
14.580000 	 0.133249 
14.600000 	 -0.059621 
14.620000 	 -0.104442 
14.640000 	 -0.076001 
14.660000 	 0.032040 
14.680000 	 -0.208902 
14.700000 	 0.026347 
14.720000 	 -0.176077 
14.740000 	 0.217595 
14.760000 	 -0.045231 
14.780000 	 0.021497 
14.800000 	 0.171052 
14.820000 	 -0.069820 
14.840000 	 -0.353088 
14.860000 	 -0.209969 
14.880000 	 0.008756 
14.900000 	 -0.222367 
14.920000 	 -0.099300 
14.940000 	 0.098854 
14.960000 	 0.030100 
14.980000 	 0.051882 
15.000000 	 0.139739 
