-15.000000 	 -0.018453 
-14.980000 	 -0.150259 
-14.960000 	 -0.310818 
-14.940000 	 -0.089648 
-14.920000 	 0.024717 
-14.900000 	 -0.015451 
-14.880000 	 0.078178 
-14.860000 	 0.028901 
-14.840000 	 -0.159385 
-14.820000 	 -0.002846 
-14.800000 	 0.233662 
-14.780000 	 0.104151 
-14.760000 	 0.108582 
-14.740000 	 -0.025575 
-14.720000 	 0.011420 
-14.700000 	 0.098784 
-14.680000 	 -0.057249 
-14.660000 	 0.176523 
-14.640000 	 0.104200 
-14.620000 	 -0.371414 
-14.600000 	 0.076139 
-14.580000 	 0.114267 
-14.560000 	 0.157934 
-14.540000 	 -0.207976 
-14.520000 	 -0.082730 
-14.500000 	 -0.228160 
-14.480000 	 -0.088242 
-14.460000 	 0.268893 
-14.440000 	 0.234211 
-14.420000 	 -0.074194 
-14.400000 	 0.130439 
-14.380000 	 -0.290612 
-14.360000 	 0.121542 
-14.340000 	 0.280998 
-14.320000 	 -0.179853 
-14.300000 	 0.075444 
-14.280000 	 0.101134 
-14.260000 	 -0.168203 
-14.240000 	 -0.017412 
-14.220000 	 -0.190938 
-14.200000 	 0.360979 
-14.180000 	 0.047719 
-14.160000 	 -0.081877 
-14.140000 	 -0.172749 
-14.120000 	 0.156961 
-14.100000 	 0.264686 
-14.080000 	 -0.313234 
-14.060000 	 -0.091770 
-14.040000 	 -0.094465 
-14.020000 	 -0.067557 
-14.000000 	 0.260150 
-13.980000 	 -0.037198 
-13.960000 	 -0.090126 
-13.940000 	 0.091032 
-13.920000 	 0.241626 
-13.900000 	 0.381140 
-13.880000 	 -0.006954 
-13.860000 	 0.063036 
-13.840000 	 -0.124653 
-13.820000 	 0.099156 
-13.800000 	 -0.119977 
-13.780000 	 0.253428 
-13.760000 	 -0.093949 
-13.740000 	 0.036728 
-13.720000 	 -0.116954 
-13.700000 	 -0.137172 
-13.680000 	 0.104671 
-13.660000 	 0.068901 
-13.640000 	 0.280829 
-13.620000 	 0.040020 
-13.600000 	 -0.160036 
-13.580000 	 -0.286655 
-13.560000 	 0.099885 
-13.540000 	 0.166488 
-13.520000 	 -0.028603 
-13.500000 	 -0.154376 
-13.480000 	 -0.005299 
-13.460000 	 0.289492 
-13.440000 	 -0.145553 
-13.420000 	 -0.042977 
-13.400000 	 -0.211759 
-13.380000 	 0.059281 
-13.360000 	 -0.096506 
-13.340000 	 0.235829 
-13.320000 	 0.058083 
-13.300000 	 -0.124145 
-13.280000 	 -0.220303 
-13.260000 	 -0.021098 
-13.240000 	 -0.406307 
-13.220000 	 0.279783 
-13.200000 	 0.172273 
-13.180000 	 -0.152639 
-13.160000 	 -0.006595 
-13.140000 	 -0.100365 
-13.120000 	 -0.060425 
-13.100000 	 -0.031760 
-13.080000 	 -0.070147 
-13.060000 	 0.224865 
-13.040000 	 0.254917 
-13.020000 	 -0.187867 
-13.000000 	 -0.113272 
-12.980000 	 -0.066847 
-12.960000 	 -0.090680 
-12.940000 	 0.193142 
-12.920000 	 0.014335 
-12.900000 	 -0.177964 
-12.880000 	 -0.089050 
-12.860000 	 0.060982 
-12.840000 	 -0.248263 
-12.820000 	 0.050379 
-12.800000 	 -0.315053 
-12.780000 	 0.080745 
-12.760000 	 -0.163969 
-12.740000 	 -0.023347 
-12.720000 	 0.156982 
-12.700000 	 0.041814 
-12.680000 	 0.041949 
-12.660000 	 0.236886 
-12.640000 	 0.066519 
-12.620000 	 0.126115 
-12.600000 	 0.070158 
-12.580000 	 -0.139506 
-12.560000 	 -0.095439 
-12.540000 	 -0.218329 
-12.520000 	 -0.066156 
-12.500000 	 -0.209518 
-12.480000 	 -0.077297 
-12.460000 	 0.203580 
-12.440000 	 -0.135985 
-12.420000 	 -0.103379 
-12.400000 	 -0.238088 
-12.380000 	 0.275506 
-12.360000 	 -0.279323 
-12.340000 	 0.224497 
-12.320000 	 0.162799 
-12.300000 	 -0.078881 
-12.280000 	 -0.060368 
-12.260000 	 0.382527 
-12.240000 	 0.077796 
-12.220000 	 -0.170923 
-12.200000 	 0.002072 
-12.180000 	 0.017198 
-12.160000 	 0.165285 
-12.140000 	 0.067050 
-12.120000 	 0.063181 
-12.100000 	 0.087712 
-12.080000 	 0.074467 
-12.060000 	 0.047218 
-12.040000 	 -0.006561 
-12.020000 	 -0.006823 
-12.000000 	 0.196374 
-11.980000 	 -0.136459 
-11.960000 	 0.319278 
-11.940000 	 0.223627 
-11.920000 	 0.105035 
-11.900000 	 -0.178081 
-11.880000 	 -0.264164 
-11.860000 	 0.104750 
-11.840000 	 0.121209 
-11.820000 	 -0.084018 
-11.800000 	 0.097534 
-11.780000 	 0.190236 
-11.760000 	 0.121112 
-11.740000 	 0.079372 
-11.720000 	 0.066152 
-11.700000 	 0.317725 
-11.680000 	 0.057448 
-11.660000 	 0.139146 
-11.640000 	 0.026378 
-11.620000 	 -0.130144 
-11.600000 	 0.200365 
-11.580000 	 0.141495 
-11.560000 	 0.039401 
-11.540000 	 -0.152896 
-11.520000 	 -0.009457 
-11.500000 	 0.057049 
-11.480000 	 -0.013270 
-11.460000 	 0.006710 
-11.440000 	 -0.025089 
-11.420000 	 0.096072 
-11.400000 	 0.002416 
-11.380000 	 0.142187 
-11.360000 	 -0.142357 
-11.340000 	 0.161747 
-11.320000 	 0.158947 
-11.300000 	 -0.060292 
-11.280000 	 -0.236764 
-11.260000 	 -0.295237 
-11.240000 	 0.149392 
-11.220000 	 -0.115815 
-11.200000 	 -0.121062 
-11.180000 	 -0.013704 
-11.160000 	 -0.035691 
-11.140000 	 -0.248204 
-11.120000 	 -0.116656 
-11.100000 	 -0.022202 
-11.080000 	 0.035987 
-11.060000 	 0.220563 
-11.040000 	 -0.059566 
-11.020000 	 -0.123112 
-11.000000 	 0.020979 
-10.980000 	 0.116899 
-10.960000 	 -0.206638 
-10.940000 	 -0.039138 
-10.920000 	 0.122354 
-10.900000 	 0.050305 
-10.880000 	 -0.016598 
-10.860000 	 0.003598 
-10.840000 	 0.134175 
-10.820000 	 0.083058 
-10.800000 	 -0.188137 
-10.780000 	 -0.119270 
-10.760000 	 -0.479057 
-10.740000 	 -0.013075 
-10.720000 	 0.113813 
-10.700000 	 -0.068011 
-10.680000 	 -0.091492 
-10.660000 	 -0.030511 
-10.640000 	 0.043305 
-10.620000 	 0.063937 
-10.600000 	 -0.008758 
-10.580000 	 0.306440 
-10.560000 	 -0.013615 
-10.540000 	 0.161242 
-10.520000 	 -0.239759 
-10.500000 	 0.165552 
-10.480000 	 0.029498 
-10.460000 	 -0.311433 
-10.440000 	 -0.093067 
-10.420000 	 0.127559 
-10.400000 	 -0.083697 
-10.380000 	 0.068658 
-10.360000 	 -0.012088 
-10.340000 	 0.162419 
-10.320000 	 -0.162624 
-10.300000 	 -0.265949 
-10.280000 	 -0.255478 
-10.260000 	 -0.192808 
-10.240000 	 0.225892 
-10.220000 	 0.196047 
-10.200000 	 -0.060978 
-10.180000 	 0.205816 
-10.160000 	 -0.134466 
-10.140000 	 0.107863 
-10.120000 	 0.042252 
-10.100000 	 0.204229 
-10.080000 	 0.027848 
-10.060000 	 -0.059558 
-10.040000 	 0.031171 
-10.020000 	 0.189985 
-10.000000 	 -0.025611 
-9.980000 	 0.135298 
-9.960000 	 -0.143771 
-9.940000 	 -0.089193 
-9.920000 	 -0.145546 
-9.900000 	 0.179925 
-9.880000 	 0.037522 
-9.860000 	 0.024605 
-9.840000 	 -0.112180 
-9.820000 	 0.112624 
-9.800000 	 0.193796 
-9.780000 	 -0.078310 
-9.760000 	 0.010264 
-9.740000 	 -0.158812 
-9.720000 	 -0.270854 
-9.700000 	 -0.156399 
-9.680000 	 0.191453 
-9.660000 	 0.055881 
-9.640000 	 0.129776 
-9.620000 	 0.120540 
-9.600000 	 -0.075865 
-9.580000 	 0.053240 
-9.560000 	 0.158879 
-9.540000 	 -0.281575 
-9.520000 	 0.020399 
-9.500000 	 0.019772 
-9.480000 	 -0.001421 
-9.460000 	 -0.064295 
-9.440000 	 0.079434 
-9.420000 	 0.042723 
-9.400000 	 0.032525 
-9.380000 	 -0.014991 
-9.360000 	 0.002622 
-9.340000 	 -0.103523 
-9.320000 	 -0.297886 
-9.300000 	 0.262830 
-9.280000 	 -0.241937 
-9.260000 	 -0.099639 
-9.240000 	 0.148805 
-9.220000 	 0.091877 
-9.200000 	 -0.017366 
-9.180000 	 -0.021649 
-9.160000 	 -0.275654 
-9.140000 	 -0.049835 
-9.120000 	 -0.006992 
-9.100000 	 0.141877 
-9.080000 	 -0.039943 
-9.060000 	 0.061023 
-9.040000 	 -0.096061 
-9.020000 	 -0.110958 
-9.000000 	 0.032139 
-8.980000 	 -0.067047 
-8.960000 	 0.231224 
-8.940000 	 -0.002799 
-8.920000 	 -0.069910 
-8.900000 	 0.048835 
-8.880000 	 0.300627 
-8.860000 	 0.141186 
-8.840000 	 0.115693 
-8.820000 	 -0.006018 
-8.800000 	 -0.270652 
-8.780000 	 -0.024688 
-8.760000 	 -0.016172 
-8.740000 	 0.239302 
-8.720000 	 -0.096397 
-8.700000 	 -0.402080 
-8.680000 	 -0.034636 
-8.660000 	 0.024898 
-8.640000 	 0.220145 
-8.620000 	 0.123079 
-8.600000 	 0.068353 
-8.580000 	 0.154555 
-8.560000 	 -0.208868 
-8.540000 	 -0.007041 
-8.520000 	 0.203704 
-8.500000 	 0.101335 
-8.480000 	 -0.288967 
-8.460000 	 -0.111926 
-8.440000 	 -0.272292 
-8.420000 	 0.251930 
-8.400000 	 -0.150483 
-8.380000 	 0.337035 
-8.360000 	 0.039069 
-8.340000 	 -0.104065 
-8.320000 	 0.153600 
-8.300000 	 -0.012269 
-8.280000 	 0.105618 
-8.260000 	 -0.091537 
-8.240000 	 -0.116877 
-8.220000 	 0.194287 
-8.200000 	 -0.085181 
-8.180000 	 0.052091 
-8.160000 	 -0.146626 
-8.140000 	 -0.066582 
-8.120000 	 -0.209805 
-8.100000 	 0.041347 
-8.080000 	 -0.030953 
-8.060000 	 0.117846 
-8.040000 	 0.015059 
-8.020000 	 0.099411 
-8.000000 	 -0.070216 
-7.980000 	 -0.279487 
-7.960000 	 -0.071416 
-7.940000 	 0.176329 
-7.920000 	 -0.060144 
-7.900000 	 -0.058491 
-7.880000 	 0.002143 
-7.860000 	 0.267821 
-7.840000 	 0.030100 
-7.820000 	 0.096004 
-7.800000 	 -0.180431 
-7.780000 	 0.151268 
-7.760000 	 0.117457 
-7.740000 	 0.169249 
-7.720000 	 0.206123 
-7.700000 	 -0.012890 
-7.680000 	 -0.102985 
-7.660000 	 0.143468 
-7.640000 	 -0.132415 
-7.620000 	 -0.117602 
-7.600000 	 0.018754 
-7.580000 	 -0.002299 
-7.560000 	 -0.137273 
-7.540000 	 0.168211 
-7.520000 	 0.032978 
-7.500000 	 0.015309 
-7.480000 	 0.139321 
-7.460000 	 -0.079628 
-7.440000 	 -0.051459 
-7.420000 	 0.199805 
-7.400000 	 0.013308 
-7.380000 	 0.035537 
-7.360000 	 0.158432 
-7.340000 	 -0.074328 
-7.320000 	 0.200900 
-7.300000 	 -0.050961 
-7.280000 	 0.075642 
-7.260000 	 -0.150929 
-7.240000 	 -0.062550 
-7.220000 	 0.077569 
-7.200000 	 0.032027 
-7.180000 	 0.358765 
-7.160000 	 -0.163234 
-7.140000 	 0.050781 
-7.120000 	 -0.135112 
-7.100000 	 0.014317 
-7.080000 	 -0.096069 
-7.060000 	 -0.107041 
-7.040000 	 0.299738 
-7.020000 	 0.102254 
-7.000000 	 0.111836 
-6.980000 	 0.053410 
-6.960000 	 0.036493 
-6.940000 	 0.184430 
-6.920000 	 0.038785 
-6.900000 	 0.216741 
-6.880000 	 -0.088342 
-6.860000 	 0.251054 
-6.840000 	 -0.028381 
-6.820000 	 0.069522 
-6.800000 	 -0.175121 
-6.780000 	 -0.062962 
-6.760000 	 0.272546 
-6.740000 	 0.114221 
-6.720000 	 0.113701 
-6.700000 	 -0.222937 
-6.680000 	 0.247827 
-6.660000 	 0.055910 
-6.640000 	 0.093582 
-6.620000 	 0.053148 
-6.600000 	 -0.042045 
-6.580000 	 0.144107 
-6.560000 	 0.071512 
-6.540000 	 0.174967 
-6.520000 	 0.185109 
-6.500000 	 0.251187 
-6.480000 	 0.242251 
-6.460000 	 -0.112712 
-6.440000 	 -0.012675 
-6.420000 	 0.174148 
-6.400000 	 -0.063846 
-6.380000 	 0.110413 
-6.360000 	 0.445355 
-6.340000 	 0.183021 
-6.320000 	 0.410229 
-6.300000 	 -0.017867 
-6.280000 	 0.158903 
-6.260000 	 0.085961 
-6.240000 	 0.346910 
-6.220000 	 0.076703 
-6.200000 	 -0.022621 
-6.180000 	 0.266930 
-6.160000 	 0.164599 
-6.140000 	 0.271261 
-6.120000 	 0.188101 
-6.100000 	 0.072376 
-6.080000 	 0.101687 
-6.060000 	 0.003622 
-6.040000 	 0.275879 
-6.020000 	 0.231226 
-6.000000 	 0.408456 
-5.980000 	 0.086413 
-5.960000 	 0.447221 
-5.940000 	 0.243547 
-5.920000 	 0.248354 
-5.900000 	 0.018324 
-5.880000 	 -0.011350 
-5.860000 	 0.017978 
-5.840000 	 0.102216 
-5.820000 	 0.110721 
-5.800000 	 0.261030 
-5.780000 	 0.372105 
-5.760000 	 0.350005 
-5.740000 	 0.108216 
-5.720000 	 0.250776 
-5.700000 	 0.153224 
-5.680000 	 0.207057 
-5.660000 	 0.179617 
-5.640000 	 0.174234 
-5.620000 	 0.550851 
-5.600000 	 0.258192 
-5.580000 	 0.161340 
-5.560000 	 0.259224 
-5.540000 	 0.282157 
-5.520000 	 0.173982 
-5.500000 	 0.668158 
-5.480000 	 0.295384 
-5.460000 	 0.001068 
-5.440000 	 0.458464 
-5.420000 	 0.069049 
-5.400000 	 0.449759 
-5.380000 	 0.233766 
-5.360000 	 0.149729 
-5.340000 	 0.137592 
-5.320000 	 0.541738 
-5.300000 	 0.447092 
-5.280000 	 0.214547 
-5.260000 	 0.486510 
-5.240000 	 0.281712 
-5.220000 	 -0.141195 
-5.200000 	 0.801047 
-5.180000 	 0.235234 
-5.160000 	 0.191771 
-5.140000 	 0.343818 
-5.120000 	 0.484879 
-5.100000 	 0.174188 
-5.080000 	 0.113254 
-5.060000 	 0.560974 
-5.040000 	 0.692448 
-5.020000 	 0.405839 
-5.000000 	 0.534748 
-4.980000 	 0.667278 
-4.960000 	 0.489889 
-4.940000 	 0.207209 
-4.920000 	 0.366052 
-4.900000 	 0.316270 
-4.880000 	 0.273678 
-4.860000 	 0.326392 
-4.840000 	 0.900000 
-4.820000 	 0.605597 
-4.800000 	 0.715778 
-4.780000 	 0.596288 
-4.760000 	 0.298271 
-4.740000 	 0.636512 
-4.720000 	 0.731613 
-4.700000 	 0.452441 
-4.680000 	 0.395454 
-4.660000 	 0.305243 
-4.640000 	 0.621605 
-4.620000 	 0.589196 
-4.600000 	 0.528093 
-4.580000 	 -0.025962 
-4.560000 	 0.560441 
-4.540000 	 0.382113 
-4.520000 	 0.484149 
-4.500000 	 0.267621 
-4.480000 	 0.396940 
-4.460000 	 0.112054 
-4.440000 	 0.180092 
-4.420000 	 0.440504 
-4.400000 	 0.471850 
-4.380000 	 0.397621 
-4.360000 	 0.492904 
-4.340000 	 0.479847 
-4.320000 	 0.231849 
-4.300000 	 0.578539 
-4.280000 	 0.447088 
-4.260000 	 0.373811 
-4.240000 	 0.410395 
-4.220000 	 0.592188 
-4.200000 	 0.536124 
-4.180000 	 0.323555 
-4.160000 	 0.535624 
-4.140000 	 0.367135 
-4.120000 	 0.345119 
-4.100000 	 0.257277 
-4.080000 	 0.191251 
-4.060000 	 0.430612 
-4.040000 	 0.235221 
-4.020000 	 0.465842 
-4.000000 	 0.500746 
-3.980000 	 0.584116 
-3.960000 	 0.436104 
-3.940000 	 0.504502 
-3.920000 	 0.679419 
-3.900000 	 0.382528 
-3.880000 	 0.617425 
-3.860000 	 0.782972 
-3.840000 	 0.396590 
-3.820000 	 0.697799 
-3.800000 	 0.696064 
-3.780000 	 0.351778 
-3.760000 	 0.511675 
-3.740000 	 0.543482 
-3.720000 	 0.442099 
-3.700000 	 0.251811 
-3.680000 	 0.766563 
-3.660000 	 0.660790 
-3.640000 	 0.341941 
-3.620000 	 0.450649 
-3.600000 	 0.701649 
-3.580000 	 0.391022 
-3.560000 	 0.411167 
-3.540000 	 0.522987 
-3.520000 	 0.370222 
-3.500000 	 0.474384 
-3.480000 	 0.559959 
-3.460000 	 0.385460 
-3.440000 	 0.312666 
-3.420000 	 0.615832 
-3.400000 	 0.451521 
-3.380000 	 0.270709 
-3.360000 	 0.373961 
-3.340000 	 0.495210 
-3.320000 	 0.331551 
-3.300000 	 -0.600000 
-3.280000 	 0.425448 
-3.260000 	 0.262852 
-3.240000 	 0.327125 
-3.220000 	 0.414497 
-3.200000 	 0.631918 
-3.180000 	 0.432836 
-3.160000 	 0.472768 
-3.140000 	 0.387277 
-3.120000 	 0.593250 
-3.100000 	 0.343231 
-3.080000 	 0.463244 
-3.060000 	 0.526993 
-3.040000 	 0.502763 
-3.020000 	 0.551320 
-3.000000 	 0.602990 
-2.980000 	 0.644461 
-2.960000 	 0.533910 
-2.940000 	 0.453366 
-2.920000 	 0.313834 
-2.900000 	 0.563236 
-2.880000 	 0.408064 
-2.860000 	 0.315388 
-2.840000 	 0.341170 
-2.820000 	 0.317320 
-2.800000 	 0.311646 
-2.780000 	 0.543560 
-2.760000 	 0.304758 
-2.740000 	 0.308833 
-2.720000 	 0.241041 
-2.700000 	 0.438806 
-2.680000 	 0.501063 
-2.660000 	 0.456240 
-2.640000 	 0.163945 
-2.620000 	 0.239144 
-2.600000 	 0.531818 
-2.580000 	 0.171136 
-2.560000 	 0.431849 
-2.540000 	 0.125812 
-2.520000 	 0.454311 
-2.500000 	 0.152368 
-2.480000 	 0.276193 
-2.460000 	 0.425181 
-2.440000 	 0.490848 
-2.420000 	 0.357520 
-2.400000 	 0.264828 
-2.380000 	 0.129756 
-2.360000 	 0.300871 
-2.340000 	 0.421277 
-2.320000 	 0.262626 
-2.300000 	 0.360910 
-2.280000 	 0.274431 
-2.260000 	 0.299183 
-2.240000 	 0.121129 
-2.220000 	 0.251688 
-2.200000 	 0.185772 
-2.180000 	 0.289208 
-2.160000 	 0.191401 
-2.140000 	 0.273491 
-2.120000 	 0.099786 
-2.100000 	 -0.300000 
-2.080000 	 0.186736 
-2.060000 	 0.257908 
-2.040000 	 0.383110 
-2.020000 	 0.147085 
-2.000000 	 0.417294 
-1.980000 	 0.230935 
-1.960000 	 0.276774 
-1.940000 	 0.318160 
-1.920000 	 0.132649 
-1.900000 	 0.151930 
-1.880000 	 0.401506 
-1.860000 	 -0.069517 
-1.840000 	 -0.090960 
-1.820000 	 0.308782 
-1.800000 	 0.240979 
-1.780000 	 0.091271 
-1.760000 	 0.175428 
-1.740000 	 0.493674 
-1.720000 	 0.184108 
-1.700000 	 0.165570 
-1.680000 	 0.060467 
-1.660000 	 0.232481 
-1.640000 	 0.218779 
-1.620000 	 0.302088 
-1.600000 	 0.191912 
-1.580000 	 0.100978 
-1.560000 	 0.176930 
-1.540000 	 0.206369 
-1.520000 	 -0.012768 
-1.500000 	 0.296133 
-1.480000 	 -0.000463 
-1.460000 	 0.203834 
-1.440000 	 0.030413 
-1.420000 	 0.171804 
-1.400000 	 0.077757 
-1.380000 	 0.308935 
-1.360000 	 0.138488 
-1.340000 	 0.077787 
-1.320000 	 0.262506 
-1.300000 	 0.301749 
-1.280000 	 0.013869 
-1.260000 	 0.229504 
-1.240000 	 0.135735 
-1.220000 	 0.356771 
-1.200000 	 0.098157 
-1.180000 	 0.304046 
-1.160000 	 0.229652 
-1.140000 	 0.077942 
-1.120000 	 0.168313 
-1.100000 	 0.133477 
-1.080000 	 -0.028857 
-1.060000 	 0.093090 
-1.040000 	 0.242861 
-1.020000 	 0.082546 
-1.000000 	 0.203548 
-0.980000 	 0.056275 
-0.960000 	 0.130757 
-0.940000 	 0.100388 
-0.920000 	 0.338275 
-0.900000 	 0.228984 
-0.880000 	 -0.014532 
-0.860000 	 0.234280 
-0.840000 	 0.073554 
-0.820000 	 0.405665 
-0.800000 	 -0.046245 
-0.780000 	 0.135380 
-0.760000 	 0.060444 
-0.740000 	 0.099428 
-0.720000 	 0.298855 
-0.700000 	 1.000000 
-0.680000 	 0.055136 
-0.660000 	 0.223409 
-0.640000 	 0.009860 
-0.620000 	 0.081800 
-0.600000 	 0.127218 
-0.580000 	 0.072342 
-0.560000 	 0.205332 
-0.540000 	 0.104751 
-0.520000 	 0.005329 
-0.500000 	 0.140436 
-0.480000 	 0.312170 
-0.460000 	 0.198657 
-0.440000 	 0.285377 
-0.420000 	 0.279120 
-0.400000 	 0.240093 
-0.380000 	 0.237946 
-0.360000 	 0.110138 
-0.340000 	 0.516187 
-0.320000 	 0.252867 
-0.300000 	 0.018554 
-0.280000 	 0.070871 
-0.260000 	 -0.006222 
-0.240000 	 -0.403362 
-0.220000 	 0.321158 
-0.200000 	 0.174400 
-0.180000 	 0.336014 
-0.160000 	 0.188124 
-0.140000 	 0.201145 
-0.120000 	 0.064298 
-0.100000 	 0.700000 
-0.080000 	 0.141395 
-0.060000 	 0.289473 
-0.040000 	 0.218316 
-0.020000 	 0.499455 
0.000000 	 0.319869 
0.020000 	 0.255627 
0.040000 	 0.037601 
0.060000 	 0.330436 
0.080000 	 0.305600 
0.100000 	 0.235845 
0.120000 	 0.103315 
0.140000 	 0.146686 
0.160000 	 0.129965 
0.180000 	 0.326513 
0.200000 	 0.511116 
0.220000 	 0.246549 
0.240000 	 0.392366 
0.260000 	 0.121421 
0.280000 	 0.545217 
0.300000 	 0.150736 
0.320000 	 0.201329 
0.340000 	 0.278436 
0.360000 	 0.180126 
0.380000 	 0.337093 
0.400000 	 0.285095 
0.420000 	 0.232598 
0.440000 	 0.492059 
0.460000 	 0.260124 
0.480000 	 0.140489 
0.500000 	 0.095874 
0.520000 	 0.150791 
0.540000 	 0.410063 
0.560000 	 0.205882 
0.580000 	 0.356563 
0.600000 	 0.590316 
0.620000 	 0.521241 
0.640000 	 0.232345 
0.660000 	 0.333277 
0.680000 	 0.740404 
0.700000 	 0.572417 
0.720000 	 0.208952 
0.740000 	 0.469051 
0.760000 	 0.516075 
0.780000 	 0.446930 
0.800000 	 0.269043 
0.820000 	 0.242040 
0.840000 	 0.577685 
0.860000 	 0.437179 
0.880000 	 0.531819 
0.900000 	 0.400454 
0.920000 	 0.675922 
0.940000 	 0.285237 
0.960000 	 0.298604 
0.980000 	 0.346207 
1.000000 	 0.687677 
1.020000 	 0.685966 
1.040000 	 0.532915 
1.060000 	 0.436901 
1.080000 	 0.333507 
1.100000 	 0.454760 
1.120000 	 0.441449 
1.140000 	 0.786356 
1.160000 	 0.752992 
1.180000 	 0.552836 
1.200000 	 0.471003 
1.220000 	 0.556429 
1.240000 	 0.646778 
1.260000 	 0.467250 
1.280000 	 0.779605 
1.300000 	 0.425930 
1.320000 	 0.642628 
1.340000 	 0.411344 
1.360000 	 0.737878 
1.380000 	 0.459774 
1.400000 	 0.666628 
1.420000 	 0.700431 
1.440000 	 0.681331 
1.460000 	 0.757181 
1.480000 	 0.912714 
1.500000 	 0.667191 
1.520000 	 0.742305 
1.540000 	 0.492644 
1.560000 	 0.753391 
1.580000 	 0.623270 
1.600000 	 0.629293 
1.620000 	 0.665175 
1.640000 	 0.788539 
1.660000 	 0.868450 
1.680000 	 0.766059 
1.700000 	 0.935969 
1.720000 	 0.812380 
1.740000 	 0.616243 
1.760000 	 0.735713 
1.780000 	 0.923254 
1.800000 	 0.966030 
1.820000 	 1.150163 
1.840000 	 0.870898 
1.860000 	 0.940754 
1.880000 	 0.715376 
1.900000 	 1.007922 
1.920000 	 0.896729 
1.940000 	 1.068921 
1.960000 	 0.737119 
1.980000 	 1.066808 
2.000000 	 0.773091 
2.020000 	 0.771268 
2.040000 	 1.181894 
2.060000 	 0.923133 
2.080000 	 1.034432 
2.100000 	 1.005789 
2.120000 	 1.098939 
2.140000 	 0.834932 
2.160000 	 0.850240 
2.180000 	 0.962033 
2.200000 	 0.928626 
2.220000 	 1.354098 
2.240000 	 1.235573 
2.260000 	 1.176626 
2.280000 	 1.166185 
2.300000 	 1.265109 
2.320000 	 1.048462 
2.340000 	 1.397918 
2.360000 	 1.196948 
2.380000 	 1.328770 
2.400000 	 1.104304 
2.420000 	 1.272628 
2.440000 	 1.353511 
2.460000 	 1.180007 
2.480000 	 1.017307 
2.500000 	 1.206820 
2.520000 	 1.238089 
2.540000 	 1.299400 
2.560000 	 1.143019 
2.580000 	 1.329928 
2.600000 	 1.084914 
2.620000 	 1.228954 
2.640000 	 1.316417 
2.660000 	 1.014130 
2.680000 	 1.177592 
2.700000 	 1.124522 
2.720000 	 1.472310 
2.740000 	 1.305117 
2.760000 	 1.414072 
2.780000 	 1.403856 
2.800000 	 1.331252 
2.820000 	 1.186082 
2.840000 	 1.186290 
2.860000 	 1.546077 
2.880000 	 1.212708 
2.900000 	 1.479269 
2.920000 	 1.233124 
2.940000 	 1.215506 
2.960000 	 1.372561 
2.980000 	 1.467013 
3.000000 	 1.762221 
3.020000 	 1.406457 
3.040000 	 1.418958 
3.060000 	 1.430085 
3.080000 	 1.144883 
3.100000 	 1.248180 
3.120000 	 1.295781 
3.140000 	 1.506350 
3.160000 	 1.420024 
3.180000 	 1.487263 
3.200000 	 1.482415 
3.220000 	 1.697983 
3.240000 	 1.635416 
3.260000 	 1.378204 
3.280000 	 1.165329 
3.300000 	 1.567739 
3.320000 	 1.675105 
3.340000 	 1.592221 
3.360000 	 1.314932 
3.380000 	 1.543382 
3.400000 	 1.538553 
3.420000 	 1.667186 
3.440000 	 1.660893 
3.460000 	 1.347952 
3.480000 	 1.233372 
3.500000 	 1.537804 
3.520000 	 1.654780 
3.540000 	 1.481076 
3.560000 	 1.682580 
3.580000 	 2.020197 
3.600000 	 1.572316 
3.620000 	 1.438683 
3.640000 	 1.294207 
3.660000 	 1.440709 
3.680000 	 1.574654 
3.700000 	 1.593296 
3.720000 	 1.495675 
3.740000 	 1.693233 
3.760000 	 1.635938 
3.780000 	 1.872303 
3.800000 	 1.832787 
3.820000 	 1.545952 
3.840000 	 1.284773 
3.860000 	 1.562378 
3.880000 	 1.773745 
3.900000 	 1.534424 
3.920000 	 1.578416 
3.940000 	 1.661817 
3.960000 	 1.531501 
3.980000 	 1.426586 
4.000000 	 1.562451 
4.020000 	 1.488409 
4.040000 	 1.689314 
4.060000 	 1.754867 
4.080000 	 1.547174 
4.100000 	 1.585755 
4.120000 	 1.584102 
4.140000 	 1.145357 
4.160000 	 1.532439 
4.180000 	 1.712030 
4.200000 	 1.587538 
4.220000 	 1.593550 
4.240000 	 1.373819 
4.260000 	 1.660666 
4.280000 	 1.617785 
4.300000 	 1.381584 
4.320000 	 1.575170 
4.340000 	 1.931162 
4.360000 	 1.589935 
4.380000 	 1.176299 
4.400000 	 1.598652 
4.420000 	 1.498884 
4.440000 	 1.803715 
4.460000 	 1.410413 
4.480000 	 1.482144 
4.500000 	 1.480608 
4.520000 	 1.697469 
4.540000 	 1.097038 
4.560000 	 1.410432 
4.580000 	 1.614466 
4.600000 	 1.648430 
4.620000 	 1.523684 
4.640000 	 1.658585 
4.660000 	 1.565903 
4.680000 	 1.422181 
4.700000 	 1.629731 
4.720000 	 1.486104 
4.740000 	 1.526849 
4.760000 	 1.444914 
4.780000 	 1.149023 
4.800000 	 1.276518 
4.820000 	 1.531156 
4.840000 	 1.494253 
4.860000 	 1.364925 
4.880000 	 1.548934 
4.900000 	 1.731103 
4.920000 	 1.477827 
4.940000 	 1.236457 
4.960000 	 1.573482 
4.980000 	 1.314257 
5.000000 	 1.486420 
5.020000 	 1.401801 
5.040000 	 1.279286 
5.060000 	 1.385749 
5.080000 	 1.393337 
5.100000 	 1.558229 
5.120000 	 1.607742 
5.140000 	 1.286519 
5.160000 	 1.422477 
5.180000 	 1.770349 
5.200000 	 1.249236 
5.220000 	 1.209541 
5.240000 	 1.407559 
5.260000 	 1.187141 
5.280000 	 1.259444 
5.300000 	 1.434522 
5.320000 	 1.569674 
5.340000 	 1.294423 
5.360000 	 1.295130 
5.380000 	 0.815275 
5.400000 	 1.330051 
5.420000 	 1.313465 
5.440000 	 1.234387 
5.460000 	 1.252864 
5.480000 	 1.118400 
5.500000 	 1.385809 
5.520000 	 1.211374 
5.540000 	 1.078982 
5.560000 	 1.330362 
5.580000 	 1.270110 
5.600000 	 1.359277 
5.620000 	 1.189199 
5.640000 	 1.236172 
5.660000 	 0.964102 
5.680000 	 1.030758 
5.700000 	 1.349749 
5.720000 	 1.026475 
5.740000 	 1.202300 
5.760000 	 1.106316 
5.780000 	 1.040885 
5.800000 	 1.311058 
5.820000 	 0.650106 
5.840000 	 0.995793 
5.860000 	 0.910536 
5.880000 	 1.086527 
5.900000 	 1.163860 
5.920000 	 0.927870 
5.940000 	 1.038674 
5.960000 	 1.005296 
5.980000 	 1.112496 
6.000000 	 0.797461 
6.020000 	 0.882766 
6.040000 	 0.956594 
6.060000 	 0.844845 
6.080000 	 0.896774 
6.100000 	 0.809249 
6.120000 	 0.844201 
6.140000 	 0.851529 
6.160000 	 0.904904 
6.180000 	 0.942416 
6.200000 	 0.595965 
6.220000 	 0.737239 
6.240000 	 0.831787 
6.260000 	 1.037829 
6.280000 	 0.661567 
6.300000 	 0.387930 
6.320000 	 0.827415 
6.340000 	 0.699401 
6.360000 	 0.821893 
6.380000 	 0.861101 
6.400000 	 0.651966 
6.420000 	 0.622796 
6.440000 	 0.917475 
6.460000 	 0.820691 
6.480000 	 0.785383 
6.500000 	 0.603305 
6.520000 	 0.765164 
6.540000 	 0.387557 
6.560000 	 0.722782 
6.580000 	 0.839096 
6.600000 	 0.595229 
6.620000 	 0.627818 
6.640000 	 0.626902 
6.660000 	 0.809752 
6.680000 	 0.804500 
6.700000 	 0.570769 
6.720000 	 0.681372 
6.740000 	 0.741489 
6.760000 	 0.666544 
6.780000 	 0.514828 
6.800000 	 0.471609 
6.820000 	 0.461725 
6.840000 	 0.708372 
6.860000 	 0.576340 
6.880000 	 0.675007 
6.900000 	 0.671144 
6.920000 	 0.500754 
6.940000 	 0.546102 
6.960000 	 0.344803 
6.980000 	 0.704087 
7.000000 	 0.497696 
7.020000 	 0.267513 
7.040000 	 0.420248 
7.060000 	 0.459987 
7.080000 	 0.514563 
7.100000 	 0.307482 
7.120000 	 0.747454 
7.140000 	 0.457224 
7.160000 	 0.527772 
7.180000 	 0.487556 
7.200000 	 0.462162 
7.220000 	 0.557282 
7.240000 	 0.364044 
7.260000 	 0.198280 
7.280000 	 0.356452 
7.300000 	 0.392341 
7.320000 	 0.249681 
7.340000 	 0.295370 
7.360000 	 0.321660 
7.380000 	 0.443140 
7.400000 	 0.559802 
7.420000 	 0.339129 
7.440000 	 0.528293 
7.460000 	 0.501982 
7.480000 	 0.421430 
7.500000 	 0.341034 
7.520000 	 0.474282 
7.540000 	 0.293765 
7.560000 	 0.418696 
7.580000 	 0.180240 
7.600000 	 0.192747 
7.620000 	 0.132903 
7.640000 	 0.315610 
7.660000 	 0.259111 
7.680000 	 -0.007174 
7.700000 	 0.398340 
7.720000 	 0.057956 
7.740000 	 0.475015 
7.760000 	 0.280516 
7.780000 	 0.208774 
7.800000 	 0.195140 
7.820000 	 0.225262 
7.840000 	 0.195404 
7.860000 	 0.168379 
7.880000 	 0.298840 
7.900000 	 0.585035 
7.920000 	 0.359346 
7.940000 	 0.370317 
7.960000 	 0.195422 
7.980000 	 0.260157 
8.000000 	 0.342695 
8.020000 	 0.387198 
8.040000 	 0.096255 
8.060000 	 0.497464 
8.080000 	 -0.194543 
8.100000 	 0.440664 
8.120000 	 -0.027411 
8.140000 	 -0.039306 
8.160000 	 0.277724 
8.180000 	 0.186348 
8.200000 	 0.406742 
8.220000 	 0.146487 
8.240000 	 0.078461 
8.260000 	 0.222906 
8.280000 	 0.099051 
8.300000 	 0.122553 
8.320000 	 0.209668 
8.340000 	 0.061393 
8.360000 	 0.063458 
8.380000 	 0.311539 
8.400000 	 -0.028699 
8.420000 	 0.371168 
8.440000 	 -0.088244 
8.460000 	 0.055406 
8.480000 	 0.069784 
8.500000 	 0.156795 
8.520000 	 0.121580 
8.540000 	 0.183319 
8.560000 	 -0.000586 
8.580000 	 0.239719 
8.600000 	 -0.029745 
8.620000 	 -0.108307 
8.640000 	 0.308195 
8.660000 	 0.062038 
8.680000 	 0.171674 
8.700000 	 0.035803 
8.720000 	 0.185984 
8.740000 	 0.297373 
8.760000 	 -0.066186 
8.780000 	 0.010171 
8.800000 	 -0.122079 
8.820000 	 -0.010146 
8.840000 	 0.029736 
8.860000 	 0.263262 
8.880000 	 -0.013504 
8.900000 	 0.194849 
8.920000 	 0.039139 
8.940000 	 0.087272 
8.960000 	 -0.020269 
8.980000 	 0.062664 
9.000000 	 0.095888 
9.020000 	 0.013025 
9.040000 	 0.109261 
9.060000 	 0.087679 
9.080000 	 -0.147711 
9.100000 	 -0.173122 
9.120000 	 -0.073492 
9.140000 	 0.140045 
9.160000 	 -0.110194 
9.180000 	 0.015153 
9.200000 	 0.453307 
9.220000 	 0.063618 
9.240000 	 0.049030 
9.260000 	 0.267379 
9.280000 	 -0.093765 
9.300000 	 -0.085899 
9.320000 	 0.045044 
9.340000 	 0.140687 
9.360000 	 0.247923 
9.380000 	 0.143842 
9.400000 	 0.035384 
9.420000 	 0.280503 
9.440000 	 0.137351 
9.460000 	 -0.097243 
9.480000 	 0.250264 
9.500000 	 -0.104944 
9.520000 	 0.032216 
9.540000 	 -0.056724 
9.560000 	 -0.156950 
9.580000 	 -0.122536 
9.600000 	 0.113982 
9.620000 	 -0.004024 
9.640000 	 0.123902 
9.660000 	 0.288193 
9.680000 	 -0.090642 
9.700000 	 0.111532 
9.720000 	 0.015413 
9.740000 	 0.238531 
9.760000 	 0.133296 
9.780000 	 -0.096761 
9.800000 	 -0.012789 
9.820000 	 0.037810 
9.840000 	 0.230789 
9.860000 	 0.275140 
9.880000 	 -0.088644 
9.900000 	 0.081462 
9.920000 	 -0.247225 
9.940000 	 -0.108464 
9.960000 	 0.280566 
9.980000 	 -0.073470 
10.000000 	 0.020626 
10.020000 	 -0.264153 
10.040000 	 0.025460 
10.060000 	 -0.097736 
10.080000 	 0.201134 
10.100000 	 0.083357 
10.120000 	 -0.061463 
10.140000 	 0.146134 
10.160000 	 0.388998 
10.180000 	 -0.074910 
10.200000 	 0.139604 
10.220000 	 -0.106635 
10.240000 	 -0.055799 
10.260000 	 -0.071079 
10.280000 	 -0.052462 
10.300000 	 -0.046259 
10.320000 	 -0.077805 
10.340000 	 0.062134 
10.360000 	 0.124839 
10.380000 	 0.118289 
10.400000 	 0.198682 
10.420000 	 -0.158173 
10.440000 	 -0.011205 
10.460000 	 0.059812 
10.480000 	 0.331755 
10.500000 	 -0.004684 
10.520000 	 -0.125857 
10.540000 	 0.046655 
10.560000 	 -0.017925 
10.580000 	 0.068979 
10.600000 	 0.220936 
10.620000 	 0.089268 
10.640000 	 -0.098664 
10.660000 	 -0.287505 
10.680000 	 0.019589 
10.700000 	 0.072784 
10.720000 	 -0.200969 
10.740000 	 0.353429 
10.760000 	 0.059121 
10.780000 	 0.027587 
10.800000 	 0.109849 
10.820000 	 0.047182 
10.840000 	 -0.081331 
10.860000 	 -0.041540 
10.880000 	 -0.019986 
10.900000 	 0.037274 
10.920000 	 0.083896 
10.940000 	 -0.015332 
10.960000 	 0.275931 
10.980000 	 0.066086 
11.000000 	 -0.075620 
11.020000 	 -0.101640 
11.040000 	 -0.310901 
11.060000 	 0.005248 
11.080000 	 -0.043816 
11.100000 	 -0.067172 
11.120000 	 0.351477 
11.140000 	 -0.053903 
11.160000 	 0.047804 
11.180000 	 0.019248 
11.200000 	 0.082592 
11.220000 	 -0.087319 
11.240000 	 0.176770 
11.260000 	 0.162884 
11.280000 	 0.071726 
11.300000 	 -0.039414 
11.320000 	 -0.063797 
11.340000 	 -0.024429 
11.360000 	 0.013318 
11.380000 	 0.162032 
11.400000 	 -0.044446 
11.420000 	 0.238252 
11.440000 	 0.166829 
11.460000 	 0.153240 
11.480000 	 -0.022480 
11.500000 	 0.124420 
11.520000 	 0.066277 
11.540000 	 -0.102515 
11.560000 	 0.011814 
11.580000 	 0.254477 
11.600000 	 0.172893 
11.620000 	 -0.016846 
11.640000 	 -0.050650 
11.660000 	 0.041227 
11.680000 	 -0.055910 
11.700000 	 0.112608 
11.720000 	 0.232683 
11.740000 	 -0.071228 
11.760000 	 -0.147157 
11.780000 	 0.010407 
11.800000 	 0.183208 
11.820000 	 0.081363 
11.840000 	 -0.258336 
11.860000 	 -0.003099 
11.880000 	 0.095896 
11.900000 	 0.205853 
11.920000 	 -0.142473 
11.940000 	 -0.226800 
11.960000 	 -0.161527 
11.980000 	 -0.088326 
12.000000 	 -0.234397 
12.020000 	 -0.114805 
12.040000 	 0.000766 
12.060000 	 -0.259223 
12.080000 	 -0.016538 
12.100000 	 -0.043360 
12.120000 	 -0.133594 
12.140000 	 0.123815 
12.160000 	 -0.191955 
12.180000 	 -0.065210 
12.200000 	 0.015091 
12.220000 	 0.085834 
12.240000 	 0.073344 
12.260000 	 -0.079645 
12.280000 	 0.061619 
12.300000 	 -0.098676 
12.320000 	 0.019781 
12.340000 	 0.194608 
12.360000 	 -0.350834 
12.380000 	 -0.231186 
12.400000 	 -0.243387 
12.420000 	 0.157051 
12.440000 	 0.068638 
12.460000 	 0.183205 
12.480000 	 -0.006957 
12.500000 	 0.080276 
12.520000 	 -0.025832 
12.540000 	 0.214304 
12.560000 	 -0.022167 
12.580000 	 -0.130978 
12.600000 	 -0.130641 
12.620000 	 0.109102 
12.640000 	 0.006219 
12.660000 	 0.046128 
12.680000 	 -0.231853 
12.700000 	 0.086204 
12.720000 	 -0.248376 
12.740000 	 0.044778 
12.760000 	 0.039785 
12.780000 	 0.218182 
12.800000 	 -0.146458 
12.820000 	 -0.019321 
12.840000 	 -0.040510 
12.860000 	 -0.075885 
12.880000 	 0.001700 
12.900000 	 -0.138590 
12.920000 	 0.025871 
12.940000 	 -0.088183 
12.960000 	 0.194960 
12.980000 	 0.050683 
13.000000 	 -0.397063 
13.020000 	 0.041126 
13.040000 	 -0.055444 
13.060000 	 -0.102386 
13.080000 	 -0.140214 
13.100000 	 0.052236 
13.120000 	 0.062908 
13.140000 	 0.264116 
13.160000 	 0.241080 
13.180000 	 -0.358256 
13.200000 	 0.028843 
13.220000 	 -0.190784 
13.240000 	 -0.186630 
13.260000 	 0.153945 
13.280000 	 0.016171 
13.300000 	 -0.184050 
13.320000 	 -0.326704 
13.340000 	 -0.177141 
13.360000 	 0.180858 
13.380000 	 -0.118587 
13.400000 	 -0.091254 
13.420000 	 -0.045034 
13.440000 	 0.129481 
13.460000 	 0.002572 
13.480000 	 0.201113 
13.500000 	 0.008616 
13.520000 	 0.055915 
13.540000 	 -0.012384 
13.560000 	 -0.152179 
13.580000 	 -0.031051 
13.600000 	 0.078155 
13.620000 	 -0.064258 
13.640000 	 0.271199 
13.660000 	 0.021931 
13.680000 	 -0.013075 
13.700000 	 -0.199436 
13.720000 	 -0.137702 
13.740000 	 0.002899 
13.760000 	 0.141996 
13.780000 	 0.070017 
13.800000 	 0.019864 
13.820000 	 0.233403 
13.840000 	 0.142515 
13.860000 	 0.261143 
13.880000 	 -0.185010 
13.900000 	 -0.079448 
13.920000 	 0.000398 
13.940000 	 -0.201025 
13.960000 	 0.039811 
13.980000 	 0.037764 
14.000000 	 0.231088 
14.020000 	 -0.064688 
14.040000 	 -0.019578 
14.060000 	 -0.124691 
14.080000 	 -0.092730 
14.100000 	 0.314511 
14.120000 	 0.174541 
14.140000 	 -0.280854 
14.160000 	 0.067499 
14.180000 	 -0.056965 
14.200000 	 0.043143 
14.220000 	 -0.084110 
14.240000 	 -0.094002 
14.260000 	 -0.066384 
14.280000 	 0.024542 
14.300000 	 -0.177378 
14.320000 	 -0.155096 
14.340000 	 0.078127 
14.360000 	 -0.073891 
14.380000 	 0.021043 
14.400000 	 0.024359 
14.420000 	 -0.066062 
14.440000 	 -0.051006 
14.460000 	 -0.141983 
14.480000 	 -0.104533 
14.500000 	 -0.204668 
14.520000 	 -0.265422 
14.540000 	 -0.110873 
14.560000 	 -0.028892 
14.580000 	 -0.147343 
14.600000 	 0.020336 
14.620000 	 -0.343728 
14.640000 	 0.070690 
14.660000 	 -0.187437 
14.680000 	 0.204646 
14.700000 	 -0.333795 
14.720000 	 -0.066200 
14.740000 	 0.075849 
14.760000 	 -0.168445 
14.780000 	 -0.052770 
14.800000 	 0.039837 
14.820000 	 -0.053242 
14.840000 	 0.234197 
14.860000 	 0.080897 
14.880000 	 0.027408 
14.900000 	 0.098977 
14.920000 	 -0.198490 
14.940000 	 0.038400 
14.960000 	 0.063230 
14.980000 	 -0.076557 
15.000000 	 -0.049153 
