-15.000000 	 0.063505 
-14.980000 	 -0.280865 
-14.960000 	 -0.153293 
-14.940000 	 -0.099935 
-14.920000 	 0.242141 
-14.900000 	 -0.023188 
-14.880000 	 -0.043382 
-14.860000 	 -0.086013 
-14.840000 	 0.242441 
-14.820000 	 0.020877 
-14.800000 	 -0.192783 
-14.780000 	 -0.027641 
-14.760000 	 0.075231 
-14.740000 	 0.020661 
-14.720000 	 0.107498 
-14.700000 	 -0.089698 
-14.680000 	 0.112378 
-14.660000 	 -0.160891 
-14.640000 	 -0.228879 
-14.620000 	 -0.334373 
-14.600000 	 -0.012568 
-14.580000 	 0.040450 
-14.560000 	 -0.104939 
-14.540000 	 0.202215 
-14.520000 	 -0.282952 
-14.500000 	 -0.061921 
-14.480000 	 0.129256 
-14.460000 	 0.114042 
-14.440000 	 0.034869 
-14.420000 	 -0.111459 
-14.400000 	 0.231620 
-14.380000 	 0.288640 
-14.360000 	 -0.124037 
-14.340000 	 0.079720 
-14.320000 	 -0.024586 
-14.300000 	 0.012777 
-14.280000 	 0.439093 
-14.260000 	 0.319250 
-14.240000 	 0.005511 
-14.220000 	 -0.168349 
-14.200000 	 0.118237 
-14.180000 	 0.095667 
-14.160000 	 0.054054 
-14.140000 	 0.025170 
-14.120000 	 0.123989 
-14.100000 	 0.188528 
-14.080000 	 0.355710 
-14.060000 	 0.036953 
-14.040000 	 0.012553 
-14.020000 	 0.266171 
-14.000000 	 0.159490 
-13.980000 	 0.028829 
-13.960000 	 -0.198400 
-13.940000 	 0.190273 
-13.920000 	 0.154027 
-13.900000 	 -0.008507 
-13.880000 	 -0.297181 
-13.860000 	 -0.066821 
-13.840000 	 0.020646 
-13.820000 	 0.175872 
-13.800000 	 0.031155 
-13.780000 	 0.092288 
-13.760000 	 -0.067413 
-13.740000 	 0.000968 
-13.720000 	 0.146404 
-13.700000 	 -0.093344 
-13.680000 	 0.141128 
-13.660000 	 0.066356 
-13.640000 	 -0.054278 
-13.620000 	 0.187468 
-13.600000 	 -0.086268 
-13.580000 	 -0.259861 
-13.560000 	 0.083595 
-13.540000 	 -0.275865 
-13.520000 	 -0.154766 
-13.500000 	 -0.048847 
-13.480000 	 0.006331 
-13.460000 	 -0.255048 
-13.440000 	 0.111259 
-13.420000 	 0.025498 
-13.400000 	 0.021122 
-13.380000 	 0.082833 
-13.360000 	 -0.024870 
-13.340000 	 0.269024 
-13.320000 	 0.132664 
-13.300000 	 0.013102 
-13.280000 	 -0.001803 
-13.260000 	 0.123558 
-13.240000 	 -0.045024 
-13.220000 	 -0.018833 
-13.200000 	 0.072486 
-13.180000 	 -0.055798 
-13.160000 	 -0.261787 
-13.140000 	 0.075187 
-13.120000 	 -0.063251 
-13.100000 	 0.160220 
-13.080000 	 -0.094065 
-13.060000 	 0.020467 
-13.040000 	 0.250875 
-13.020000 	 0.024909 
-13.000000 	 -0.083404 
-12.980000 	 -0.042822 
-12.960000 	 0.086586 
-12.940000 	 0.095679 
-12.920000 	 0.037150 
-12.900000 	 0.011880 
-12.880000 	 -0.192868 
-12.860000 	 -0.226589 
-12.840000 	 0.115946 
-12.820000 	 0.214949 
-12.800000 	 -0.055474 
-12.780000 	 0.089030 
-12.760000 	 -0.134086 
-12.740000 	 0.152169 
-12.720000 	 -0.223428 
-12.700000 	 0.038058 
-12.680000 	 -0.054805 
-12.660000 	 -0.047164 
-12.640000 	 -0.078952 
-12.620000 	 -0.265682 
-12.600000 	 -0.093397 
-12.580000 	 0.197883 
-12.560000 	 0.009629 
-12.540000 	 -0.255419 
-12.520000 	 0.280220 
-12.500000 	 -0.053043 
-12.480000 	 -0.211826 
-12.460000 	 0.025031 
-12.440000 	 0.260356 
-12.420000 	 0.086187 
-12.400000 	 -0.218607 
-12.380000 	 -0.001492 
-12.360000 	 0.031670 
-12.340000 	 -0.062861 
-12.320000 	 0.027083 
-12.300000 	 -0.150480 
-12.280000 	 0.313046 
-12.260000 	 0.156773 
-12.240000 	 -0.031936 
-12.220000 	 -0.166313 
-12.200000 	 0.105669 
-12.180000 	 -0.005865 
-12.160000 	 0.122425 
-12.140000 	 -0.210078 
-12.120000 	 -0.055516 
-12.100000 	 0.021323 
-12.080000 	 -0.080796 
-12.060000 	 -0.060004 
-12.040000 	 0.035607 
-12.020000 	 0.306763 
-12.000000 	 -0.010361 
-11.980000 	 -0.111693 
-11.960000 	 -0.306588 
-11.940000 	 0.167183 
-11.920000 	 0.012770 
-11.900000 	 -0.126495 
-11.880000 	 -0.084550 
-11.860000 	 0.075273 
-11.840000 	 -0.010998 
-11.820000 	 0.230174 
-11.800000 	 0.263512 
-11.780000 	 0.115803 
-11.760000 	 -0.091025 
-11.740000 	 -0.099303 
-11.720000 	 0.122676 
-11.700000 	 0.181126 
-11.680000 	 0.166082 
-11.660000 	 -0.080418 
-11.640000 	 0.099260 
-11.620000 	 0.100562 
-11.600000 	 -0.073553 
-11.580000 	 0.038888 
-11.560000 	 0.088230 
-11.540000 	 0.239970 
-11.520000 	 0.030679 
-11.500000 	 0.174256 
-11.480000 	 0.159906 
-11.460000 	 0.312769 
-11.440000 	 0.127691 
-11.420000 	 -0.140720 
-11.400000 	 0.068318 
-11.380000 	 0.006266 
-11.360000 	 0.039909 
-11.340000 	 0.079080 
-11.320000 	 -0.276847 
-11.300000 	 0.065265 
-11.280000 	 -0.237331 
-11.260000 	 0.093792 
-11.240000 	 0.067746 
-11.220000 	 -0.221426 
-11.200000 	 0.191763 
-11.180000 	 0.004204 
-11.160000 	 0.094954 
-11.140000 	 -0.174544 
-11.120000 	 0.102173 
-11.100000 	 0.094720 
-11.080000 	 0.113369 
-11.060000 	 -0.014464 
-11.040000 	 0.036922 
-11.020000 	 -0.034005 
-11.000000 	 -0.228154 
-10.980000 	 0.203680 
-10.960000 	 -0.012617 
-10.940000 	 -0.115254 
-10.920000 	 0.089010 
-10.900000 	 0.045557 
-10.880000 	 -0.179274 
-10.860000 	 -0.107390 
-10.840000 	 -0.081648 
-10.820000 	 0.147710 
-10.800000 	 -0.079988 
-10.780000 	 0.066132 
-10.760000 	 -0.152167 
-10.740000 	 -0.149665 
-10.720000 	 -0.112517 
-10.700000 	 0.179405 
-10.680000 	 -0.235829 
-10.660000 	 0.035070 
-10.640000 	 -0.046318 
-10.620000 	 -0.090454 
-10.600000 	 -0.163389 
-10.580000 	 0.021278 
-10.560000 	 -0.211928 
-10.540000 	 -0.199426 
-10.520000 	 0.124698 
-10.500000 	 0.211490 
-10.480000 	 0.116701 
-10.460000 	 0.069517 
-10.440000 	 0.054244 
-10.420000 	 0.000543 
-10.400000 	 -0.087496 
-10.380000 	 0.065625 
-10.360000 	 -0.041213 
-10.340000 	 -0.057209 
-10.320000 	 -0.157531 
-10.300000 	 -0.073815 
-10.280000 	 -0.030152 
-10.260000 	 -0.152727 
-10.240000 	 -0.020315 
-10.220000 	 0.079481 
-10.200000 	 -0.023732 
-10.180000 	 -0.040324 
-10.160000 	 0.030429 
-10.140000 	 -0.080493 
-10.120000 	 -0.102399 
-10.100000 	 -0.285871 
-10.080000 	 -0.058751 
-10.060000 	 -0.173520 
-10.040000 	 -0.095917 
-10.020000 	 -0.191988 
-10.000000 	 -0.053399 
-9.980000 	 -0.089590 
-9.960000 	 -0.187867 
-9.940000 	 -0.158366 
-9.920000 	 -0.268964 
-9.900000 	 0.117640 
-9.880000 	 0.126941 
-9.860000 	 -0.033314 
-9.840000 	 -0.090007 
-9.820000 	 -0.157738 
-9.800000 	 -0.043518 
-9.780000 	 -0.157325 
-9.760000 	 0.027613 
-9.740000 	 0.093607 
-9.720000 	 -0.023303 
-9.700000 	 -0.020979 
-9.680000 	 -0.220588 
-9.660000 	 -0.141805 
-9.640000 	 0.016566 
-9.620000 	 0.360305 
-9.600000 	 0.009461 
-9.580000 	 0.097440 
-9.560000 	 0.031763 
-9.540000 	 -0.319678 
-9.520000 	 -0.310109 
-9.500000 	 -0.054332 
-9.480000 	 0.006617 
-9.460000 	 -0.081236 
-9.440000 	 0.121085 
-9.420000 	 -0.154705 
-9.400000 	 -0.140795 
-9.380000 	 -0.171382 
-9.360000 	 0.080844 
-9.340000 	 0.044664 
-9.320000 	 -0.064760 
-9.300000 	 -0.126072 
-9.280000 	 -0.101301 
-9.260000 	 0.010158 
-9.240000 	 -0.000253 
-9.220000 	 0.177916 
-9.200000 	 -0.045868 
-9.180000 	 0.067598 
-9.160000 	 -0.167766 
-9.140000 	 0.079099 
-9.120000 	 -0.265341 
-9.100000 	 0.085753 
-9.080000 	 0.119559 
-9.060000 	 -0.017160 
-9.040000 	 -0.080367 
-9.020000 	 0.088474 
-9.000000 	 -0.000767 
-8.980000 	 -0.008860 
-8.960000 	 0.049948 
-8.940000 	 -0.034955 
-8.920000 	 -0.120023 
-8.900000 	 -0.108708 
-8.880000 	 0.006085 
-8.860000 	 0.118833 
-8.840000 	 -0.140708 
-8.820000 	 -0.147199 
-8.800000 	 -0.045670 
-8.780000 	 -0.058115 
-8.760000 	 0.124281 
-8.740000 	 -0.199988 
-8.720000 	 -0.053277 
-8.700000 	 -0.119858 
-8.680000 	 -0.078598 
-8.660000 	 -0.212013 
-8.640000 	 -0.043663 
-8.620000 	 -0.129975 
-8.600000 	 -0.039636 
-8.580000 	 0.454776 
-8.560000 	 -0.122024 
-8.540000 	 0.129195 
-8.520000 	 -0.102670 
-8.500000 	 -0.091111 
-8.480000 	 0.306854 
-8.460000 	 -0.095696 
-8.440000 	 -0.401521 
-8.420000 	 0.115027 
-8.400000 	 0.256411 
-8.380000 	 0.211332 
-8.360000 	 -0.183974 
-8.340000 	 0.095701 
-8.320000 	 -0.131510 
-8.300000 	 -0.098652 
-8.280000 	 0.130259 
-8.260000 	 -0.108941 
-8.240000 	 0.012656 
-8.220000 	 -0.084664 
-8.200000 	 -0.068127 
-8.180000 	 0.210084 
-8.160000 	 -0.021091 
-8.140000 	 0.301293 
-8.120000 	 0.018786 
-8.100000 	 0.156838 
-8.080000 	 0.032779 
-8.060000 	 0.223980 
-8.040000 	 -0.115228 
-8.020000 	 0.016788 
-8.000000 	 0.035281 
-7.980000 	 -0.038261 
-7.960000 	 0.075300 
-7.940000 	 0.047575 
-7.920000 	 -0.016917 
-7.900000 	 0.100000 
-7.880000 	 0.053042 
-7.860000 	 0.064820 
-7.840000 	 -0.024958 
-7.820000 	 -0.049498 
-7.800000 	 -0.186680 
-7.780000 	 0.005068 
-7.760000 	 -0.032927 
-7.740000 	 -0.093000 
-7.720000 	 -0.083322 
-7.700000 	 -0.010943 
-7.680000 	 0.246911 
-7.660000 	 0.129414 
-7.640000 	 0.051249 
-7.620000 	 -0.126136 
-7.600000 	 -0.063042 
-7.580000 	 0.099171 
-7.560000 	 0.063027 
-7.540000 	 -0.050999 
-7.520000 	 0.085216 
-7.500000 	 -0.027169 
-7.480000 	 0.133779 
-7.460000 	 -0.044914 
-7.440000 	 0.093273 
-7.420000 	 0.044637 
-7.400000 	 0.003072 
-7.380000 	 -0.059421 
-7.360000 	 -0.282551 
-7.340000 	 0.115634 
-7.320000 	 0.069131 
-7.300000 	 -0.115854 
-7.280000 	 0.047647 
-7.260000 	 -0.021088 
-7.240000 	 0.196733 
-7.220000 	 0.207728 
-7.200000 	 0.179703 
-7.180000 	 -0.067506 
-7.160000 	 0.248878 
-7.140000 	 0.400306 
-7.120000 	 -0.102482 
-7.100000 	 0.049382 
-7.080000 	 -0.002031 
-7.060000 	 -0.081978 
-7.040000 	 0.152473 
-7.020000 	 -0.174883 
-7.000000 	 0.114580 
-6.980000 	 -0.175495 
-6.960000 	 -0.203726 
-6.940000 	 -0.087627 
-6.920000 	 0.050173 
-6.900000 	 -0.073116 
-6.880000 	 0.153917 
-6.860000 	 -0.182385 
-6.840000 	 0.114252 
-6.820000 	 -0.133002 
-6.800000 	 0.160864 
-6.780000 	 -0.017145 
-6.760000 	 0.247114 
-6.740000 	 0.035395 
-6.720000 	 0.224045 
-6.700000 	 0.493419 
-6.680000 	 -0.104893 
-6.660000 	 0.369208 
-6.640000 	 0.222338 
-6.620000 	 0.277162 
-6.600000 	 -0.065113 
-6.580000 	 0.246355 
-6.560000 	 0.102590 
-6.540000 	 -0.290994 
-6.520000 	 0.219555 
-6.500000 	 0.102349 
-6.480000 	 0.245039 
-6.460000 	 0.198382 
-6.440000 	 0.162478 
-6.420000 	 0.129378 
-6.400000 	 0.019688 
-6.380000 	 0.069894 
-6.360000 	 0.139832 
-6.340000 	 0.131115 
-6.320000 	 0.063390 
-6.300000 	 0.160870 
-6.280000 	 0.308924 
-6.260000 	 0.375129 
-6.240000 	 0.257861 
-6.220000 	 0.303123 
-6.200000 	 0.294844 
-6.180000 	 0.506041 
-6.160000 	 0.257137 
-6.140000 	 0.118661 
-6.120000 	 0.081362 
-6.100000 	 0.286538 
-6.080000 	 0.020938 
-6.060000 	 0.223020 
-6.040000 	 0.086832 
-6.020000 	 0.093976 
-6.000000 	 0.207081 
-5.980000 	 0.172840 
-5.960000 	 0.484218 
-5.940000 	 0.298516 
-5.920000 	 0.172738 
-5.900000 	 0.457580 
-5.880000 	 0.110875 
-5.860000 	 0.262008 
-5.840000 	 0.257667 
-5.820000 	 0.020394 
-5.800000 	 0.206438 
-5.780000 	 0.053533 
-5.760000 	 0.340060 
-5.740000 	 0.177653 
-5.720000 	 0.320154 
-5.700000 	 0.365798 
-5.680000 	 0.532780 
-5.660000 	 0.513123 
-5.640000 	 0.617064 
-5.620000 	 0.217580 
-5.600000 	 0.052964 
-5.580000 	 0.271266 
-5.560000 	 0.462691 
-5.540000 	 0.459031 
-5.520000 	 0.546403 
-5.500000 	 0.335304 
-5.480000 	 0.315335 
-5.460000 	 0.672416 
-5.440000 	 0.369421 
-5.420000 	 0.107663 
-5.400000 	 0.186258 
-5.380000 	 0.231972 
-5.360000 	 0.298415 
-5.340000 	 0.303333 
-5.320000 	 0.410636 
-5.300000 	 0.433638 
-5.280000 	 0.277489 
-5.260000 	 -0.027984 
-5.240000 	 0.404499 
-5.220000 	 0.630106 
-5.200000 	 0.138069 
-5.180000 	 0.499850 
-5.160000 	 0.290314 
-5.140000 	 0.270757 
-5.120000 	 0.307555 
-5.100000 	 0.387648 
-5.080000 	 0.323186 
-5.060000 	 0.512747 
-5.040000 	 0.516363 
-5.020000 	 0.354112 
-5.000000 	 0.329252 
-4.980000 	 0.374379 
-4.960000 	 0.391732 
-4.940000 	 0.280509 
-4.920000 	 0.745685 
-4.900000 	 0.285368 
-4.880000 	 0.333262 
-4.860000 	 0.386674 
-4.840000 	 0.314429 
-4.820000 	 0.381610 
-4.800000 	 0.504956 
-4.780000 	 0.504119 
-4.760000 	 0.152610 
-4.740000 	 0.481857 
-4.720000 	 0.279004 
-4.700000 	 0.322751 
-4.680000 	 0.420494 
-4.660000 	 0.391958 
-4.640000 	 0.345171 
-4.620000 	 0.522073 
-4.600000 	 0.296156 
-4.580000 	 0.299559 
-4.560000 	 0.518073 
-4.540000 	 0.428375 
-4.520000 	 0.403799 
-4.500000 	 0.595330 
-4.480000 	 0.530762 
-4.460000 	 0.667519 
-4.440000 	 0.300294 
-4.420000 	 0.375086 
-4.400000 	 0.705332 
-4.380000 	 0.708853 
-4.360000 	 0.556213 
-4.340000 	 0.504937 
-4.320000 	 0.472435 
-4.300000 	 0.468682 
-4.280000 	 0.339232 
-4.260000 	 0.468481 
-4.240000 	 0.870967 
-4.220000 	 0.765217 
-4.200000 	 0.591574 
-4.180000 	 0.631190 
-4.160000 	 0.468292 
-4.140000 	 0.619343 
-4.120000 	 0.418761 
-4.100000 	 0.371684 
-4.080000 	 0.183112 
-4.060000 	 0.522108 
-4.040000 	 0.408693 
-4.020000 	 0.527576 
-4.000000 	 0.536538 
-3.980000 	 0.391445 
-3.960000 	 0.447396 
-3.940000 	 0.579449 
-3.920000 	 0.534688 
-3.900000 	 0.702317 
-3.880000 	 0.444262 
-3.860000 	 0.741731 
-3.840000 	 0.469999 
-3.820000 	 0.683100 
-3.800000 	 0.432065 
-3.780000 	 0.838370 
-3.760000 	 0.640681 
-3.740000 	 0.524204 
-3.720000 	 0.419676 
-3.700000 	 0.347116 
-3.680000 	 0.591002 
-3.660000 	 0.639326 
-3.640000 	 0.350601 
-3.620000 	 0.554586 
-3.600000 	 0.205042 
-3.580000 	 0.575274 
-3.560000 	 0.288665 
-3.540000 	 0.761663 
-3.520000 	 0.475211 
-3.500000 	 0.373892 
-3.480000 	 0.277654 
-3.460000 	 0.408272 
-3.440000 	 0.326037 
-3.420000 	 0.162364 
-3.400000 	 0.429570 
-3.380000 	 0.349852 
-3.360000 	 0.266659 
-3.340000 	 0.414042 
-3.320000 	 0.450668 
-3.300000 	 0.396504 
-3.280000 	 0.158510 
-3.260000 	 0.207284 
-3.240000 	 0.418922 
-3.220000 	 0.354625 
-3.200000 	 0.192343 
-3.180000 	 0.575657 
-3.160000 	 0.198486 
-3.140000 	 0.398318 
-3.120000 	 0.567237 
-3.100000 	 0.403210 
-3.080000 	 0.362118 
-3.060000 	 0.519820 
-3.040000 	 0.343698 
-3.020000 	 0.136050 
-3.000000 	 0.369138 
-2.980000 	 0.520965 
-2.960000 	 0.648682 
-2.940000 	 0.125463 
-2.920000 	 0.560344 
-2.900000 	 0.546033 
-2.880000 	 0.470112 
-2.860000 	 0.354706 
-2.840000 	 0.375478 
-2.820000 	 0.369146 
-2.800000 	 0.394556 
-2.780000 	 0.480039 
-2.760000 	 0.716701 
-2.740000 	 0.482011 
-2.720000 	 0.275877 
-2.700000 	 0.200272 
-2.680000 	 0.081776 
-2.660000 	 0.261528 
-2.640000 	 0.276583 
-2.620000 	 0.704442 
-2.600000 	 0.362484 
-2.580000 	 0.437538 
-2.560000 	 0.537576 
-2.540000 	 0.221496 
-2.520000 	 0.646389 
-2.500000 	 0.234986 
-2.480000 	 0.352354 
-2.460000 	 0.315712 
-2.440000 	 0.286119 
-2.420000 	 0.262191 
-2.400000 	 0.416519 
-2.380000 	 0.247090 
-2.360000 	 0.524916 
-2.340000 	 -0.048799 
-2.320000 	 0.089584 
-2.300000 	 -0.008695 
-2.280000 	 0.127716 
-2.260000 	 0.238159 
-2.240000 	 0.245145 
-2.220000 	 0.424079 
-2.200000 	 0.226916 
-2.180000 	 0.250349 
-2.160000 	 0.217397 
-2.140000 	 0.116723 
-2.120000 	 0.412641 
-2.100000 	 0.083945 
-2.080000 	 0.165875 
-2.060000 	 0.111315 
-2.040000 	 0.218898 
-2.020000 	 0.273455 
-2.000000 	 0.207344 
-1.980000 	 -0.048833 
-1.960000 	 0.328699 
-1.940000 	 0.047852 
-1.920000 	 0.359795 
-1.900000 	 0.023582 
-1.880000 	 0.137476 
-1.860000 	 0.374603 
-1.840000 	 0.192738 
-1.820000 	 0.241282 
-1.800000 	 0.130344 
-1.780000 	 -0.021279 
-1.760000 	 0.057955 
-1.740000 	 0.103980 
-1.720000 	 0.357585 
-1.700000 	 0.224623 
-1.680000 	 0.514334 
-1.660000 	 0.472085 
-1.640000 	 0.252115 
-1.620000 	 0.045816 
-1.600000 	 0.034950 
-1.580000 	 -0.021022 
-1.560000 	 0.039757 
-1.540000 	 0.003836 
-1.520000 	 0.212264 
-1.500000 	 0.350197 
-1.480000 	 0.026827 
-1.460000 	 0.300424 
-1.440000 	 -0.006567 
-1.420000 	 0.097702 
-1.400000 	 0.108474 
-1.380000 	 0.538992 
-1.360000 	 -0.023059 
-1.340000 	 0.333949 
-1.320000 	 0.293462 
-1.300000 	 -0.045557 
-1.280000 	 0.342664 
-1.260000 	 0.355283 
-1.240000 	 -0.041089 
-1.220000 	 -0.007528 
-1.200000 	 -0.047977 
-1.180000 	 0.098748 
-1.160000 	 0.220379 
-1.140000 	 0.141118 
-1.120000 	 0.090416 
-1.100000 	 0.083228 
-1.080000 	 0.423752 
-1.060000 	 -0.077212 
-1.040000 	 -0.027795 
-1.020000 	 0.262406 
-1.000000 	 -0.033108 
-0.980000 	 -0.111963 
-0.960000 	 0.042902 
-0.940000 	 0.207762 
-0.920000 	 0.148029 
-0.900000 	 0.150153 
-0.880000 	 0.090350 
-0.860000 	 0.002912 
-0.840000 	 0.218455 
-0.820000 	 0.205121 
-0.800000 	 0.262157 
-0.780000 	 0.317943 
-0.760000 	 0.068113 
-0.740000 	 -0.358827 
-0.720000 	 0.294968 
-0.700000 	 0.069161 
-0.680000 	 0.223958 
-0.660000 	 0.083653 
-0.640000 	 0.235668 
-0.620000 	 0.425149 
-0.600000 	 0.107715 
-0.580000 	 -0.043528 
-0.560000 	 -0.171096 
-0.540000 	 0.010556 
-0.520000 	 -0.600000 
-0.500000 	 0.208552 
-0.480000 	 0.257097 
-0.460000 	 0.192808 
-0.440000 	 0.128869 
-0.420000 	 0.146256 
-0.400000 	 0.295474 
-0.380000 	 0.039998 
-0.360000 	 0.185798 
-0.340000 	 -0.155317 
-0.320000 	 0.262280 
-0.300000 	 0.162761 
-0.280000 	 0.242910 
-0.260000 	 0.128453 
-0.240000 	 0.328914 
-0.220000 	 0.256270 
-0.200000 	 0.257292 
-0.180000 	 0.448949 
-0.160000 	 0.308128 
-0.140000 	 0.238017 
-0.120000 	 0.536432 
-0.100000 	 0.234808 
-0.080000 	 0.389967 
-0.060000 	 0.147433 
-0.040000 	 0.215936 
-0.020000 	 0.103688 
0.000000 	 0.241068 
0.020000 	 0.444389 
0.040000 	 0.297366 
0.060000 	 0.230224 
0.080000 	 0.191037 
0.100000 	 0.262360 
0.120000 	 0.280879 
0.140000 	 0.246848 
0.160000 	 0.070317 
0.180000 	 -0.239085 
0.200000 	 0.387512 
0.220000 	 0.070582 
0.240000 	 0.390995 
0.260000 	 0.110950 
0.280000 	 0.094672 
0.300000 	 0.372668 
0.320000 	 0.346293 
0.340000 	 0.527974 
0.360000 	 0.633867 
0.380000 	 0.087472 
0.400000 	 0.489124 
0.420000 	 0.299711 
0.440000 	 0.240300 
0.460000 	 0.155959 
0.480000 	 0.120228 
0.500000 	 0.130130 
0.520000 	 0.391480 
0.540000 	 0.372606 
0.560000 	 0.370354 
0.580000 	 0.370746 
0.600000 	 0.166797 
0.620000 	 0.514284 
0.640000 	 0.434197 
0.660000 	 0.197775 
0.680000 	 0.328396 
0.700000 	 0.052978 
0.720000 	 0.550115 
0.740000 	 0.714669 
0.760000 	 0.229035 
0.780000 	 0.757079 
0.800000 	 0.458733 
0.820000 	 0.561567 
0.840000 	 0.490541 
0.860000 	 0.129038 
0.880000 	 0.254427 
0.900000 	 0.831259 
0.920000 	 0.563716 
0.940000 	 0.724688 
0.960000 	 0.787252 
0.980000 	 0.743038 
1.000000 	 0.545651 
1.020000 	 0.588065 
1.040000 	 0.412203 
1.060000 	 0.590313 
1.080000 	 0.343621 
1.100000 	 0.637513 
1.120000 	 0.442266 
1.140000 	 0.701321 
1.160000 	 0.397454 
1.180000 	 0.426861 
1.200000 	 0.659475 
1.220000 	 0.748694 
1.240000 	 0.623837 
1.260000 	 0.755647 
1.280000 	 0.541627 
1.300000 	 0.586940 
1.320000 	 0.692696 
1.340000 	 0.879832 
1.360000 	 0.634818 
1.380000 	 0.724452 
1.400000 	 0.727552 
1.420000 	 0.792367 
1.440000 	 0.835997 
1.460000 	 0.710347 
1.480000 	 0.819566 
1.500000 	 0.838440 
1.520000 	 0.761701 
1.540000 	 0.848609 
1.560000 	 0.625927 
1.580000 	 0.945409 
1.600000 	 0.860954 
1.620000 	 0.586409 
1.640000 	 0.624395 
1.660000 	 0.994987 
1.680000 	 0.717652 
1.700000 	 0.798628 
1.720000 	 0.943862 
1.740000 	 1.000685 
1.760000 	 0.826834 
1.780000 	 0.855124 
1.800000 	 0.624343 
1.820000 	 0.880809 
1.840000 	 0.872951 
1.860000 	 0.858235 
1.880000 	 1.242539 
1.900000 	 0.919651 
1.920000 	 0.864885 
1.940000 	 1.036323 
1.960000 	 0.925793 
1.980000 	 0.905151 
2.000000 	 1.015821 
2.020000 	 0.882920 
2.040000 	 0.898177 
2.060000 	 1.285138 
2.080000 	 1.166338 
2.100000 	 1.049815 
2.120000 	 0.972773 
2.140000 	 1.106313 
2.160000 	 1.127528 
2.180000 	 1.335162 
2.200000 	 1.039291 
2.220000 	 1.197687 
2.240000 	 1.065876 
2.260000 	 1.181691 
2.280000 	 1.332962 
2.300000 	 1.203875 
2.320000 	 1.289503 
2.340000 	 1.399026 
2.360000 	 1.290752 
2.380000 	 1.366430 
2.400000 	 0.831897 
2.420000 	 1.284402 
2.440000 	 1.301898 
2.460000 	 1.147996 
2.480000 	 1.066872 
2.500000 	 0.846219 
2.520000 	 1.093761 
2.540000 	 1.267601 
2.560000 	 1.134751 
2.580000 	 1.367688 
2.600000 	 1.099021 
2.620000 	 1.352169 
2.640000 	 1.413419 
2.660000 	 1.227942 
2.680000 	 1.371060 
2.700000 	 1.256546 
2.720000 	 1.088501 
2.740000 	 1.035659 
2.760000 	 1.196969 
2.780000 	 1.407781 
2.800000 	 1.303988 
2.820000 	 1.217623 
2.840000 	 1.207437 
2.860000 	 1.283908 
2.880000 	 1.377784 
2.900000 	 1.276844 
2.920000 	 1.353159 
2.940000 	 1.456486 
2.960000 	 1.441406 
2.980000 	 1.545155 
3.000000 	 1.311932 
3.020000 	 1.520563 
3.040000 	 1.299840 
3.060000 	 1.328086 
3.080000 	 1.597063 
3.100000 	 1.356154 
3.120000 	 1.286175 
3.140000 	 1.885296 
3.160000 	 1.770047 
3.180000 	 1.480156 
3.200000 	 1.491597 
3.220000 	 1.376749 
3.240000 	 1.715088 
3.260000 	 1.774905 
3.280000 	 1.563727 
3.300000 	 1.529027 
3.320000 	 1.681890 
3.340000 	 1.565039 
3.360000 	 1.357602 
3.380000 	 1.365428 
3.400000 	 1.455058 
3.420000 	 1.510886 
3.440000 	 1.590770 
3.460000 	 1.531736 
3.480000 	 1.575560 
3.500000 	 1.440265 
3.520000 	 -0.200000 
3.540000 	 1.526815 
3.560000 	 1.442259 
3.580000 	 1.690119 
3.600000 	 1.690049 
3.620000 	 1.437461 
3.640000 	 1.331842 
3.660000 	 1.637031 
3.680000 	 1.601502 
3.700000 	 1.750959 
3.720000 	 1.693021 
3.740000 	 1.345685 
3.760000 	 1.497555 
3.780000 	 1.638424 
3.800000 	 1.619171 
3.820000 	 1.367371 
3.840000 	 1.849964 
3.860000 	 1.775539 
3.880000 	 1.803167 
3.900000 	 1.610829 
3.920000 	 1.643914 
3.940000 	 1.558504 
3.960000 	 1.830517 
3.980000 	 1.511371 
4.000000 	 1.852440 
4.020000 	 1.621814 
4.040000 	 1.304855 
4.060000 	 1.732716 
4.080000 	 1.699434 
4.100000 	 1.547710 
4.120000 	 1.744754 
4.140000 	 1.430292 
4.160000 	 1.454776 
4.180000 	 1.438491 
4.200000 	 1.651705 
4.220000 	 1.963578 
4.240000 	 1.629063 
4.260000 	 1.606259 
4.280000 	 1.734048 
4.300000 	 1.471415 
4.320000 	 1.559794 
4.340000 	 1.496641 
4.360000 	 1.486487 
4.380000 	 1.495729 
4.400000 	 1.397572 
4.420000 	 1.632482 
4.440000 	 1.445514 
4.460000 	 1.526074 
4.480000 	 1.772099 
4.500000 	 1.483821 
4.520000 	 1.559701 
4.540000 	 1.424170 
4.560000 	 1.685054 
4.580000 	 1.664554 
4.600000 	 1.137372 
4.620000 	 1.566930 
4.640000 	 1.515923 
4.660000 	 1.760347 
4.680000 	 1.542741 
4.700000 	 1.488497 
4.720000 	 1.659569 
4.740000 	 1.596659 
4.760000 	 1.492350 
4.780000 	 1.410483 
4.800000 	 1.453860 
4.820000 	 1.267502 
4.840000 	 1.551411 
4.860000 	 1.616399 
4.880000 	 1.134875 
4.900000 	 1.479627 
4.920000 	 1.460626 
4.940000 	 1.319957 
4.960000 	 1.635123 
4.980000 	 1.450236 
5.000000 	 1.441080 
5.020000 	 1.400270 
5.040000 	 1.570252 
5.060000 	 1.540081 
5.080000 	 1.249487 
5.100000 	 1.421273 
5.120000 	 1.411185 
5.140000 	 1.314441 
5.160000 	 1.354847 
5.180000 	 1.482491 
5.200000 	 1.389946 
5.220000 	 1.407810 
5.240000 	 1.216343 
5.260000 	 1.252557 
5.280000 	 1.125029 
5.300000 	 1.136572 
5.320000 	 1.361349 
5.340000 	 1.269158 
5.360000 	 1.214809 
5.380000 	 1.519489 
5.400000 	 1.188097 
5.420000 	 1.432951 
5.440000 	 1.066970 
5.460000 	 1.299223 
5.480000 	 1.162516 
5.500000 	 1.424271 
5.520000 	 0.923418 
5.540000 	 1.224906 
5.560000 	 1.216419 
5.580000 	 1.148364 
5.600000 	 1.061937 
5.620000 	 1.256672 
5.640000 	 1.069385 
5.660000 	 0.100000 
5.680000 	 1.349475 
5.700000 	 1.340879 
5.720000 	 1.135815 
5.740000 	 1.118028 
5.760000 	 0.999063 
5.780000 	 0.966672 
5.800000 	 0.605160 
5.820000 	 0.953472 
5.840000 	 1.023693 
5.860000 	 0.874351 
5.880000 	 0.934618 
5.900000 	 0.905140 
5.920000 	 0.977898 
5.940000 	 0.998212 
5.960000 	 1.013897 
5.980000 	 0.995934 
6.000000 	 1.112744 
6.020000 	 0.947840 
6.040000 	 0.994027 
6.060000 	 1.049356 
6.080000 	 0.703745 
6.100000 	 0.952245 
6.120000 	 0.767545 
6.140000 	 0.702900 
6.160000 	 0.932212 
6.180000 	 0.739719 
6.200000 	 0.804132 
6.220000 	 0.717316 
6.240000 	 0.693787 
6.260000 	 1.044503 
6.280000 	 0.655336 
6.300000 	 0.958917 
6.320000 	 0.939311 
6.340000 	 0.839426 
6.360000 	 0.703074 
6.380000 	 0.908273 
6.400000 	 1.157558 
6.420000 	 0.889377 
6.440000 	 0.647563 
6.460000 	 0.522156 
6.480000 	 0.949711 
6.500000 	 0.834658 
6.520000 	 0.608339 
6.540000 	 0.567353 
6.560000 	 0.591608 
6.580000 	 0.805539 
6.600000 	 0.674877 
6.620000 	 0.776761 
6.640000 	 1.048006 
6.660000 	 0.578713 
6.680000 	 0.753790 
6.700000 	 0.442832 
6.720000 	 0.502886 
6.740000 	 0.525639 
6.760000 	 0.466042 
6.780000 	 0.706241 
6.800000 	 0.807296 
6.820000 	 0.580002 
6.840000 	 0.578765 
6.860000 	 0.773675 
6.880000 	 0.588503 
6.900000 	 0.312480 
6.920000 	 0.695300 
6.940000 	 0.471806 
6.960000 	 0.341855 
6.980000 	 0.538312 
7.000000 	 0.405883 
7.020000 	 0.331213 
7.040000 	 0.480057 
7.060000 	 0.458620 
7.080000 	 0.575816 
7.100000 	 0.516882 
7.120000 	 0.243273 
7.140000 	 0.418594 
7.160000 	 0.552156 
7.180000 	 0.701773 
7.200000 	 0.672003 
7.220000 	 0.589648 
7.240000 	 0.516518 
7.260000 	 0.483303 
7.280000 	 0.394464 
7.300000 	 0.587321 
7.320000 	 0.405944 
7.340000 	 0.509667 
7.360000 	 0.290327 
7.380000 	 0.386632 
7.400000 	 0.278804 
7.420000 	 0.032231 
7.440000 	 0.412574 
7.460000 	 0.444392 
7.480000 	 0.304687 
7.500000 	 0.155959 
7.520000 	 0.136159 
7.540000 	 0.447149 
7.560000 	 0.404154 
7.580000 	 0.344097 
7.600000 	 0.493974 
7.620000 	 0.258491 
7.640000 	 0.385636 
7.660000 	 0.448417 
7.680000 	 0.244761 
7.700000 	 0.290354 
7.720000 	 0.258364 
7.740000 	 0.030387 
7.760000 	 0.216326 
7.780000 	 0.272714 
7.800000 	 0.115425 
7.820000 	 0.367961 
7.840000 	 0.009759 
7.860000 	 0.285449 
7.880000 	 0.303608 
7.900000 	 0.083604 
7.920000 	 0.309437 
7.940000 	 0.351212 
7.960000 	 0.094752 
7.980000 	 0.407077 
8.000000 	 0.386376 
8.020000 	 0.234788 
8.040000 	 0.124931 
8.060000 	 0.384933 
8.080000 	 0.116745 
8.100000 	 0.081438 
8.120000 	 0.003912 
8.140000 	 0.019785 
8.160000 	 0.254737 
8.180000 	 0.077261 
8.200000 	 0.236204 
8.220000 	 0.159013 
8.240000 	 -0.125978 
8.260000 	 -0.078821 
8.280000 	 0.185033 
8.300000 	 0.168994 
8.320000 	 0.120043 
8.340000 	 0.048584 
8.360000 	 0.231474 
8.380000 	 0.079057 
8.400000 	 0.154736 
8.420000 	 -0.041847 
8.440000 	 0.301452 
8.460000 	 0.291249 
8.480000 	 0.605030 
8.500000 	 -0.114344 
8.520000 	 -0.005350 
8.540000 	 0.114806 
8.560000 	 0.048313 
8.580000 	 0.005087 
8.600000 	 0.026528 
8.620000 	 0.303133 
8.640000 	 0.293022 
8.660000 	 -0.171204 
8.680000 	 0.151220 
8.700000 	 -0.071527 
8.720000 	 -0.111858 
8.740000 	 0.285608 
8.760000 	 0.184697 
8.780000 	 -0.069162 
8.800000 	 0.028046 
8.820000 	 0.047314 
8.840000 	 0.013764 
8.860000 	 -0.002569 
8.880000 	 0.155480 
8.900000 	 0.126210 
8.920000 	 0.278043 
8.940000 	 0.000909 
8.960000 	 0.028462 
8.980000 	 0.290328 
9.000000 	 0.094463 
9.020000 	 0.117332 
9.040000 	 0.144221 
9.060000 	 0.349183 
9.080000 	 0.079718 
9.100000 	 -0.068265 
9.120000 	 0.275114 
9.140000 	 0.099078 
9.160000 	 0.009414 
9.180000 	 0.114633 
9.200000 	 -0.016938 
9.220000 	 0.165263 
9.240000 	 0.233946 
9.260000 	 0.073293 
9.280000 	 0.021192 
9.300000 	 0.302458 
9.320000 	 0.251128 
9.340000 	 -0.096708 
9.360000 	 0.296477 
9.380000 	 0.048071 
9.400000 	 0.382794 
9.420000 	 -0.043790 
9.440000 	 -0.079046 
9.460000 	 0.136995 
9.480000 	 0.226693 
9.500000 	 0.271909 
9.520000 	 0.162921 
9.540000 	 0.050987 
9.560000 	 -0.021025 
9.580000 	 -0.000245 
9.600000 	 0.308262 
9.620000 	 -0.078090 
9.640000 	 -0.170958 
9.660000 	 -0.269664 
9.680000 	 -0.027167 
9.700000 	 0.054774 
9.720000 	 -0.117414 
9.740000 	 -0.150794 
9.760000 	 0.352560 
9.780000 	 -0.032109 
9.800000 	 0.217183 
9.820000 	 0.197264 
9.840000 	 -0.045310 
9.860000 	 0.004825 
9.880000 	 0.176574 
9.900000 	 0.126165 
9.920000 	 0.323611 
9.940000 	 0.276338 
9.960000 	 0.281793 
9.980000 	 -0.033486 
10.000000 	 0.095234 
10.020000 	 0.569000 
10.040000 	 0.192118 
10.060000 	 0.423099 
10.080000 	 -0.014750 
10.100000 	 0.094732 
10.120000 	 -0.065794 
10.140000 	 0.330526 
10.160000 	 0.089800 
10.180000 	 0.221780 
10.200000 	 0.225824 
10.220000 	 -0.117234 
10.240000 	 -0.008150 
10.260000 	 -0.102885 
10.280000 	 0.084859 
10.300000 	 -0.216240 
10.320000 	 -0.140464 
10.340000 	 0.038529 
10.360000 	 0.021123 
10.380000 	 -0.206714 
10.400000 	 0.277099 
10.420000 	 -0.020081 
10.440000 	 -0.025466 
10.460000 	 0.041721 
10.480000 	 0.215507 
10.500000 	 0.026556 
10.520000 	 0.029448 
10.540000 	 -0.336565 
10.560000 	 0.064126 
10.580000 	 0.157041 
10.600000 	 -0.232956 
10.620000 	 -0.030480 
10.640000 	 0.265051 
10.660000 	 0.040400 
10.680000 	 0.177666 
10.700000 	 0.087507 
10.720000 	 -0.316337 
10.740000 	 -0.073559 
10.760000 	 0.124793 
10.780000 	 0.032903 
10.800000 	 -0.123377 
10.820000 	 1.000000 
10.840000 	 0.169853 
10.860000 	 -0.122414 
10.880000 	 -0.138065 
10.900000 	 0.072305 
10.920000 	 0.185321 
10.940000 	 0.034338 
10.960000 	 0.294094 
10.980000 	 -0.234331 
11.000000 	 0.158579 
11.020000 	 -0.013471 
11.040000 	 0.123382 
11.060000 	 0.006704 
11.080000 	 -0.135232 
11.100000 	 -0.033306 
11.120000 	 -0.081464 
11.140000 	 0.023111 
11.160000 	 -0.011547 
11.180000 	 -0.011045 
11.200000 	 -0.179998 
11.220000 	 0.049105 
11.240000 	 0.090600 
11.260000 	 0.026916 
11.280000 	 0.212359 
11.300000 	 0.312273 
11.320000 	 0.109614 
11.340000 	 0.070924 
11.360000 	 0.059942 
11.380000 	 -0.147383 
11.400000 	 -0.180298 
11.420000 	 0.025919 
11.440000 	 0.059112 
11.460000 	 0.005645 
11.480000 	 0.155813 
11.500000 	 0.062806 
11.520000 	 -0.034705 
11.540000 	 0.245403 
11.560000 	 -0.249180 
11.580000 	 0.045830 
11.600000 	 0.090086 
11.620000 	 -0.012961 
11.640000 	 0.086729 
11.660000 	 0.113818 
11.680000 	 0.147536 
11.700000 	 0.133550 
11.720000 	 0.302892 
11.740000 	 0.079480 
11.760000 	 -0.087597 
11.780000 	 -0.104672 
11.800000 	 -0.039915 
11.820000 	 -0.044209 
11.840000 	 0.214786 
11.860000 	 0.068478 
11.880000 	 0.045401 
11.900000 	 0.176142 
11.920000 	 -0.048111 
11.940000 	 -0.104454 
11.960000 	 -0.083562 
11.980000 	 -0.041380 
12.000000 	 -0.067357 
12.020000 	 -0.230189 
12.040000 	 0.148849 
12.060000 	 -0.056610 
12.080000 	 -0.001826 
12.100000 	 0.094444 
12.120000 	 0.157407 
12.140000 	 -0.035759 
12.160000 	 0.186062 
12.180000 	 0.042365 
12.200000 	 -0.350999 
12.220000 	 -0.061828 
12.240000 	 0.130297 
12.260000 	 0.039847 
12.280000 	 0.161057 
12.300000 	 -0.310857 
12.320000 	 0.081126 
12.340000 	 0.369689 
12.360000 	 0.061085 
12.380000 	 -0.330209 
12.400000 	 0.081695 
12.420000 	 0.162064 
12.440000 	 0.095027 
12.460000 	 0.101778 
12.480000 	 0.087440 
12.500000 	 -0.014887 
12.520000 	 0.135392 
12.540000 	 0.020806 
12.560000 	 -0.359070 
12.580000 	 0.152238 
12.600000 	 -0.109267 
12.620000 	 0.033200 
12.640000 	 0.271757 
12.660000 	 -0.029589 
12.680000 	 0.181031 
12.700000 	 -0.023074 
12.720000 	 -0.075825 
12.740000 	 -0.135476 
12.760000 	 -0.093797 
12.780000 	 0.079769 
12.800000 	 -0.433753 
12.820000 	 -0.247889 
12.840000 	 -0.036105 
12.860000 	 0.121872 
12.880000 	 0.099384 
12.900000 	 0.034959 
12.920000 	 0.263303 
12.940000 	 0.045562 
12.960000 	 0.271399 
12.980000 	 -0.171200 
13.000000 	 0.100491 
13.020000 	 -0.205310 
13.040000 	 0.179298 
13.060000 	 -0.307141 
13.080000 	 0.066981 
13.100000 	 0.126287 
13.120000 	 -0.072563 
13.140000 	 0.043786 
13.160000 	 0.062055 
13.180000 	 0.007211 
13.200000 	 -0.084342 
13.220000 	 0.058803 
13.240000 	 0.078903 
13.260000 	 -0.197524 
13.280000 	 -0.195424 
13.300000 	 -0.179140 
13.320000 	 0.135203 
13.340000 	 0.097922 
13.360000 	 -0.094552 
13.380000 	 -0.303420 
13.400000 	 0.191696 
13.420000 	 -0.315059 
13.440000 	 0.105567 
13.460000 	 0.108882 
13.480000 	 0.172121 
13.500000 	 -0.011417 
13.520000 	 -0.126437 
13.540000 	 0.291846 
13.560000 	 -0.274387 
13.580000 	 0.105110 
13.600000 	 0.265394 
13.620000 	 -0.263870 
13.640000 	 -0.117215 
13.660000 	 0.315252 
13.680000 	 0.088406 
13.700000 	 -0.062399 
13.720000 	 -0.048674 
13.740000 	 -0.283327 
13.760000 	 -0.319294 
13.780000 	 0.084238 
13.800000 	 -0.017513 
13.820000 	 0.025730 
13.840000 	 0.044139 
13.860000 	 -0.043708 
13.880000 	 0.133861 
13.900000 	 0.325744 
13.920000 	 -0.130321 
13.940000 	 -0.076867 
13.960000 	 0.297576 
13.980000 	 0.176955 
14.000000 	 -0.037352 
14.020000 	 -0.111494 
14.040000 	 0.257443 
14.060000 	 0.137859 
14.080000 	 -0.048739 
14.100000 	 0.108276 
14.120000 	 0.180238 
14.140000 	 0.018323 
14.160000 	 0.205713 
14.180000 	 -0.096322 
14.200000 	 -0.336971 
14.220000 	 -0.133538 
14.240000 	 -0.277067 
14.260000 	 -0.063950 
14.280000 	 -0.059514 
14.300000 	 0.028475 
14.320000 	 -0.121976 
14.340000 	 -0.203371 
14.360000 	 0.245514 
14.380000 	 0.031073 
14.400000 	 0.123621 
14.420000 	 0.311929 
14.440000 	 -0.020786 
14.460000 	 0.083898 
14.480000 	 0.003086 
14.500000 	 0.068757 
14.520000 	 0.232878 
14.540000 	 0.147962 
14.560000 	 -0.035902 
14.580000 	 -0.020279 
14.600000 	 -0.071213 
14.620000 	 -0.132894 
14.640000 	 -0.016620 
14.660000 	 0.101040 
14.680000 	 0.036254 
14.700000 	 -0.130756 
14.720000 	 -0.134526 
14.740000 	 -0.214265 
14.760000 	 0.134691 
14.780000 	 0.326625 
14.800000 	 0.178583 
14.820000 	 0.129137 
14.840000 	 -0.151467 
14.860000 	 -0.098430 
14.880000 	 -0.047269 
14.900000 	 -0.109022 
14.920000 	 0.154638 
14.940000 	 0.090909 
14.960000 	 0.201286 
14.980000 	 -0.051560 
15.000000 	 -0.197183 
