-15.000000 	 0.080629 
-14.980000 	 0.012262 
-14.960000 	 0.400000 
-14.940000 	 -0.167458 
-14.920000 	 -0.200563 
-14.900000 	 -0.078007 
-14.880000 	 0.066893 
-14.860000 	 0.126153 
-14.840000 	 -0.079797 
-14.820000 	 -0.005560 
-14.800000 	 -0.241956 
-14.780000 	 -0.177424 
-14.760000 	 0.035247 
-14.740000 	 -0.149077 
-14.720000 	 0.051282 
-14.700000 	 -0.068303 
-14.680000 	 -0.191447 
-14.660000 	 -0.187926 
-14.640000 	 0.009939 
-14.620000 	 -0.213628 
-14.600000 	 -0.066936 
-14.580000 	 0.157775 
-14.560000 	 0.098068 
-14.540000 	 -0.023166 
-14.520000 	 -0.243641 
-14.500000 	 0.089842 
-14.480000 	 0.015077 
-14.460000 	 0.081145 
-14.440000 	 -0.255324 
-14.420000 	 0.057850 
-14.400000 	 0.009813 
-14.380000 	 0.101037 
-14.360000 	 0.073766 
-14.340000 	 -0.106310 
-14.320000 	 0.105027 
-14.300000 	 0.050260 
-14.280000 	 0.050773 
-14.260000 	 -0.210721 
-14.240000 	 -0.041209 
-14.220000 	 -0.097147 
-14.200000 	 0.069340 
-14.180000 	 0.102844 
-14.160000 	 -0.104416 
-14.140000 	 -0.112187 
-14.120000 	 0.396525 
-14.100000 	 -0.169801 
-14.080000 	 0.054948 
-14.060000 	 -0.014247 
-14.040000 	 0.124896 
-14.020000 	 0.053934 
-14.000000 	 0.256851 
-13.980000 	 0.146764 
-13.960000 	 -0.270036 
-13.940000 	 -0.074582 
-13.920000 	 0.043613 
-13.900000 	 -0.148433 
-13.880000 	 0.376639 
-13.860000 	 0.071489 
-13.840000 	 0.052747 
-13.820000 	 -0.209109 
-13.800000 	 -0.318029 
-13.780000 	 -0.133825 
-13.760000 	 -0.280167 
-13.740000 	 0.033323 
-13.720000 	 0.071109 
-13.700000 	 0.006830 
-13.680000 	 -0.063983 
-13.660000 	 -0.059431 
-13.640000 	 0.151890 
-13.620000 	 0.079790 
-13.600000 	 0.129771 
-13.580000 	 -0.094025 
-13.560000 	 -0.359377 
-13.540000 	 -0.310819 
-13.520000 	 0.158591 
-13.500000 	 -0.156454 
-13.480000 	 0.134144 
-13.460000 	 -0.062972 
-13.440000 	 0.058729 
-13.420000 	 0.241876 
-13.400000 	 0.163594 
-13.380000 	 0.023347 
-13.360000 	 -0.199724 
-13.340000 	 0.245500 
-13.320000 	 0.161312 
-13.300000 	 -0.010239 
-13.280000 	 -0.154446 
-13.260000 	 0.110767 
-13.240000 	 0.084885 
-13.220000 	 -0.165726 
-13.200000 	 -0.064547 
-13.180000 	 0.279815 
-13.160000 	 -0.076980 
-13.140000 	 0.144184 
-13.120000 	 0.083955 
-13.100000 	 -0.022817 
-13.080000 	 0.141422 
-13.060000 	 0.407463 
-13.040000 	 0.103211 
-13.020000 	 0.033698 
-13.000000 	 0.022149 
-12.980000 	 0.011204 
-12.960000 	 -0.097145 
-12.940000 	 0.123696 
-12.920000 	 0.012864 
-12.900000 	 -0.040972 
-12.880000 	 -0.036107 
-12.860000 	 -0.116256 
-12.840000 	 -0.194210 
-12.820000 	 -0.022698 
-12.800000 	 -0.067860 
-12.780000 	 0.028796 
-12.760000 	 -0.085092 
-12.740000 	 -0.024801 
-12.720000 	 -0.054614 
-12.700000 	 0.122360 
-12.680000 	 0.121396 
-12.660000 	 0.283380 
-12.640000 	 0.108353 
-12.620000 	 -0.040873 
-12.600000 	 0.090884 
-12.580000 	 -0.030591 
-12.560000 	 -0.260535 
-12.540000 	 -0.205493 
-12.520000 	 0.020970 
-12.500000 	 0.042691 
-12.480000 	 -0.107261 
-12.460000 	 0.142179 
-12.440000 	 -0.150796 
-12.420000 	 -0.243349 
-12.400000 	 -0.053592 
-12.380000 	 -0.115252 
-12.360000 	 -0.048916 
-12.340000 	 0.041440 
-12.320000 	 -0.012876 
-12.300000 	 0.157635 
-12.280000 	 -0.164142 
-12.260000 	 -0.014771 
-12.240000 	 -0.278252 
-12.220000 	 -0.033223 
-12.200000 	 0.072431 
-12.180000 	 -0.115516 
-12.160000 	 -0.142613 
-12.140000 	 -0.002332 
-12.120000 	 -0.137755 
-12.100000 	 0.095892 
-12.080000 	 0.163711 
-12.060000 	 0.055933 
-12.040000 	 -0.008923 
-12.020000 	 -0.255999 
-12.000000 	 0.047235 
-11.980000 	 -0.248697 
-11.960000 	 0.132484 
-11.940000 	 0.102545 
-11.920000 	 -0.055201 
-11.900000 	 -0.280555 
-11.880000 	 0.054414 
-11.860000 	 0.002731 
-11.840000 	 0.069140 
-11.820000 	 0.151528 
-11.800000 	 0.297690 
-11.780000 	 0.081506 
-11.760000 	 -0.004979 
-11.740000 	 -0.071178 
-11.720000 	 0.131149 
-11.700000 	 -0.216001 
-11.680000 	 0.045841 
-11.660000 	 -0.263929 
-11.640000 	 -0.111419 
-11.620000 	 0.312719 
-11.600000 	 0.045497 
-11.580000 	 -0.051673 
-11.560000 	 -0.018362 
-11.540000 	 0.191546 
-11.520000 	 -0.111869 
-11.500000 	 -0.052781 
-11.480000 	 -0.019125 
-11.460000 	 -0.004830 
-11.440000 	 0.197363 
-11.420000 	 0.133729 
-11.400000 	 -0.083677 
-11.380000 	 -0.197833 
-11.360000 	 -0.057636 
-11.340000 	 -0.130761 
-11.320000 	 -0.278143 
-11.300000 	 0.131357 
-11.280000 	 -0.028028 
-11.260000 	 0.036740 
-11.240000 	 0.108235 
-11.220000 	 -0.065889 
-11.200000 	 0.220590 
-11.180000 	 0.068631 
-11.160000 	 -0.003210 
-11.140000 	 -0.012007 
-11.120000 	 -0.247528 
-11.100000 	 -0.072067 
-11.080000 	 0.275385 
-11.060000 	 -0.091566 
-11.040000 	 -0.149607 
-11.020000 	 0.281079 
-11.000000 	 -0.387433 
-10.980000 	 0.035244 
-10.960000 	 -0.119939 
-10.940000 	 0.106063 
-10.920000 	 -0.383343 
-10.900000 	 0.015562 
-10.880000 	 0.234217 
-10.860000 	 0.005116 
-10.840000 	 -0.295396 
-10.820000 	 -0.075441 
-10.800000 	 0.127527 
-10.780000 	 0.115615 
-10.760000 	 0.160934 
-10.740000 	 -0.149893 
-10.720000 	 -0.270793 
-10.700000 	 0.047491 
-10.680000 	 -0.148341 
-10.660000 	 -0.010610 
-10.640000 	 0.245424 
-10.620000 	 0.048047 
-10.600000 	 -0.052697 
-10.580000 	 0.152295 
-10.560000 	 -0.208180 
-10.540000 	 0.226895 
-10.520000 	 -0.308750 
-10.500000 	 -0.061610 
-10.480000 	 -0.067731 
-10.460000 	 -0.233876 
-10.440000 	 -0.271669 
-10.420000 	 -0.025915 
-10.400000 	 -0.414413 
-10.380000 	 0.025082 
-10.360000 	 -0.118793 
-10.340000 	 0.008715 
-10.320000 	 0.199490 
-10.300000 	 0.249898 
-10.280000 	 0.015880 
-10.260000 	 0.197694 
-10.240000 	 -0.008317 
-10.220000 	 0.148345 
-10.200000 	 0.158328 
-10.180000 	 -0.071355 
-10.160000 	 0.040826 
-10.140000 	 0.127378 
-10.120000 	 0.116146 
-10.100000 	 0.035374 
-10.080000 	 0.097575 
-10.060000 	 -0.227195 
-10.040000 	 0.147555 
-10.020000 	 0.290045 
-10.000000 	 0.007419 
-9.980000 	 0.057202 
-9.960000 	 -0.023704 
-9.940000 	 0.157624 
-9.920000 	 0.045043 
-9.900000 	 0.202212 
-9.880000 	 -0.008149 
-9.860000 	 -0.310767 
-9.840000 	 0.205341 
-9.820000 	 0.187397 
-9.800000 	 -0.046694 
-9.780000 	 0.231879 
-9.760000 	 -0.292069 
-9.740000 	 -0.219347 
-9.720000 	 -0.288711 
-9.700000 	 -0.243211 
-9.680000 	 0.246895 
-9.660000 	 -0.076709 
-9.640000 	 -0.024714 
-9.620000 	 -0.235778 
-9.600000 	 0.136023 
-9.580000 	 -0.074528 
-9.560000 	 0.281426 
-9.540000 	 -0.182493 
-9.520000 	 0.007141 
-9.500000 	 0.008189 
-9.480000 	 0.010862 
-9.460000 	 -0.132666 
-9.440000 	 0.076285 
-9.420000 	 -0.070849 
-9.400000 	 -0.074348 
-9.380000 	 -0.152402 
-9.360000 	 -0.140371 
-9.340000 	 0.099885 
-9.320000 	 0.053677 
-9.300000 	 0.088994 
-9.280000 	 0.154840 
-9.260000 	 -0.103198 
-9.240000 	 -0.173098 
-9.220000 	 -0.073585 
-9.200000 	 0.178687 
-9.180000 	 0.184605 
-9.160000 	 -0.069615 
-9.140000 	 0.250444 
-9.120000 	 0.122415 
-9.100000 	 -0.128821 
-9.080000 	 0.005077 
-9.060000 	 0.083573 
-9.040000 	 -0.085758 
-9.020000 	 0.033920 
-9.000000 	 -0.038826 
-8.980000 	 0.005978 
-8.960000 	 -0.392439 
-8.940000 	 0.096584 
-8.920000 	 0.186039 
-8.900000 	 0.167886 
-8.880000 	 -0.045619 
-8.860000 	 0.180072 
-8.840000 	 -0.168575 
-8.820000 	 0.041622 
-8.800000 	 0.104251 
-8.780000 	 0.083319 
-8.760000 	 0.017838 
-8.740000 	 0.161931 
-8.720000 	 0.064470 
-8.700000 	 0.025220 
-8.680000 	 -0.084511 
-8.660000 	 0.146167 
-8.640000 	 -0.054090 
-8.620000 	 0.014926 
-8.600000 	 0.134755 
-8.580000 	 -0.007325 
-8.560000 	 0.047215 
-8.540000 	 0.215914 
-8.520000 	 0.085755 
-8.500000 	 -0.090155 
-8.480000 	 -0.155430 
-8.460000 	 -0.134510 
-8.440000 	 0.120010 
-8.420000 	 -0.013321 
-8.400000 	 -0.072561 
-8.380000 	 -0.216660 
-8.360000 	 0.057141 
-8.340000 	 -0.074258 
-8.320000 	 -0.098876 
-8.300000 	 0.040211 
-8.280000 	 -0.033020 
-8.260000 	 0.013272 
-8.240000 	 -0.075628 
-8.220000 	 0.012775 
-8.200000 	 0.132466 
-8.180000 	 0.261638 
-8.160000 	 -0.281591 
-8.140000 	 -0.290010 
-8.120000 	 -0.142155 
-8.100000 	 0.171184 
-8.080000 	 0.167335 
-8.060000 	 0.169423 
-8.040000 	 0.114156 
-8.020000 	 0.122395 
-8.000000 	 0.118946 
-7.980000 	 0.309993 
-7.960000 	 0.125100 
-7.940000 	 0.041658 
-7.920000 	 0.071831 
-7.900000 	 0.048587 
-7.880000 	 0.029693 
-7.860000 	 -0.086167 
-7.840000 	 0.085613 
-7.820000 	 0.181979 
-7.800000 	 0.200838 
-7.780000 	 0.009577 
-7.760000 	 -0.010693 
-7.740000 	 0.188558 
-7.720000 	 -0.093798 
-7.700000 	 -0.199522 
-7.680000 	 -0.174182 
-7.660000 	 0.261393 
-7.640000 	 0.046204 
-7.620000 	 -0.098548 
-7.600000 	 0.192504 
-7.580000 	 -0.009159 
-7.560000 	 -0.005055 
-7.540000 	 0.103549 
-7.520000 	 -0.036498 
-7.500000 	 0.128813 
-7.480000 	 -0.129524 
-7.460000 	 0.305567 
-7.440000 	 0.110488 
-7.420000 	 0.002204 
-7.400000 	 0.007053 
-7.380000 	 0.206296 
-7.360000 	 -0.105777 
-7.340000 	 0.215110 
-7.320000 	 -0.055130 
-7.300000 	 0.291504 
-7.280000 	 0.376330 
-7.260000 	 0.051817 
-7.240000 	 0.038453 
-7.220000 	 -0.129040 
-7.200000 	 -0.233302 
-7.180000 	 -0.181131 
-7.160000 	 0.121596 
-7.140000 	 0.318988 
-7.120000 	 0.009717 
-7.100000 	 0.221960 
-7.080000 	 0.315295 
-7.060000 	 0.169405 
-7.040000 	 0.264580 
-7.020000 	 -0.134296 
-7.000000 	 0.020713 
-6.980000 	 0.155384 
-6.960000 	 0.146225 
-6.940000 	 0.049594 
-6.920000 	 -0.267106 
-6.900000 	 -0.092970 
-6.880000 	 0.116310 
-6.860000 	 0.065915 
-6.840000 	 0.069186 
-6.820000 	 -0.080423 
-6.800000 	 -0.094787 
-6.780000 	 0.444776 
-6.760000 	 0.028519 
-6.740000 	 0.049568 
-6.720000 	 -0.007750 
-6.700000 	 -0.165018 
-6.680000 	 0.344458 
-6.660000 	 -0.093683 
-6.640000 	 -0.036373 
-6.620000 	 0.165055 
-6.600000 	 0.137136 
-6.580000 	 0.236609 
-6.560000 	 -0.193064 
-6.540000 	 0.269861 
-6.520000 	 0.232301 
-6.500000 	 -0.006785 
-6.480000 	 0.234581 
-6.460000 	 0.039764 
-6.440000 	 0.426233 
-6.420000 	 0.139105 
-6.400000 	 0.174559 
-6.380000 	 -0.062462 
-6.360000 	 -0.056411 
-6.340000 	 0.055021 
-6.320000 	 0.049844 
-6.300000 	 0.069011 
-6.280000 	 0.293758 
-6.260000 	 0.417406 
-6.240000 	 0.289095 
-6.220000 	 0.337389 
-6.200000 	 -0.035373 
-6.180000 	 -0.063079 
-6.160000 	 0.018186 
-6.140000 	 0.293421 
-6.120000 	 0.000761 
-6.100000 	 0.378018 
-6.080000 	 0.180601 
-6.060000 	 -0.030595 
-6.040000 	 0.296307 
-6.020000 	 0.042426 
-6.000000 	 0.215233 
-5.980000 	 0.209878 
-5.960000 	 0.285238 
-5.940000 	 0.185904 
-5.920000 	 0.242211 
-5.900000 	 0.071547 
-5.880000 	 0.235165 
-5.860000 	 0.399363 
-5.840000 	 0.149090 
-5.820000 	 0.139795 
-5.800000 	 0.330271 
-5.780000 	 0.282784 
-5.760000 	 0.552953 
-5.740000 	 0.301775 
-5.720000 	 0.247328 
-5.700000 	 0.260025 
-5.680000 	 0.250223 
-5.660000 	 0.360258 
-5.640000 	 0.192770 
-5.620000 	 0.349574 
-5.600000 	 0.372607 
-5.580000 	 0.307168 
-5.560000 	 0.154256 
-5.540000 	 0.343763 
-5.520000 	 0.252905 
-5.500000 	 0.148014 
-5.480000 	 0.569185 
-5.460000 	 0.305667 
-5.440000 	 0.474862 
-5.420000 	 0.565917 
-5.400000 	 0.590911 
-5.380000 	 0.325467 
-5.360000 	 0.512824 
-5.340000 	 0.551395 
-5.320000 	 0.349030 
-5.300000 	 0.227259 
-5.280000 	 0.368176 
-5.260000 	 0.756102 
-5.240000 	 0.348146 
-5.220000 	 0.221838 
-5.200000 	 0.293370 
-5.180000 	 0.500511 
-5.160000 	 0.289297 
-5.140000 	 0.488724 
-5.120000 	 0.294450 
-5.100000 	 0.107959 
-5.080000 	 0.457105 
-5.060000 	 0.500880 
-5.040000 	 0.582368 
-5.020000 	 0.105954 
-5.000000 	 0.424964 
-4.980000 	 0.404591 
-4.960000 	 0.516205 
-4.940000 	 0.254575 
-4.920000 	 0.448206 
-4.900000 	 0.437002 
-4.880000 	 0.567958 
-4.860000 	 0.246678 
-4.840000 	 0.493288 
-4.820000 	 0.404961 
-4.800000 	 0.618111 
-4.780000 	 0.281378 
-4.760000 	 0.430456 
-4.740000 	 0.336389 
-4.720000 	 0.192252 
-4.700000 	 0.318000 
-4.680000 	 0.281376 
-4.660000 	 0.380266 
-4.640000 	 0.645123 
-4.620000 	 0.690711 
-4.600000 	 0.405387 
-4.580000 	 0.222142 
-4.560000 	 0.478372 
-4.540000 	 0.489858 
-4.520000 	 0.700814 
-4.500000 	 0.167129 
-4.480000 	 0.531166 
-4.460000 	 0.587463 
-4.440000 	 0.434105 
-4.420000 	 0.555255 
-4.400000 	 0.329942 
-4.380000 	 0.422155 
-4.360000 	 0.595057 
-4.340000 	 0.594186 
-4.320000 	 0.932399 
-4.300000 	 0.426996 
-4.280000 	 0.443117 
-4.260000 	 0.448111 
-4.240000 	 0.203286 
-4.220000 	 0.558606 
-4.200000 	 0.257475 
-4.180000 	 0.450970 
-4.160000 	 0.283633 
-4.140000 	 0.655990 
-4.120000 	 0.479937 
-4.100000 	 0.829376 
-4.080000 	 0.378429 
-4.060000 	 0.543401 
-4.040000 	 0.431364 
-4.020000 	 0.667808 
-4.000000 	 0.411350 
-3.980000 	 0.582823 
-3.960000 	 0.462013 
-3.940000 	 0.768752 
-3.920000 	 0.417556 
-3.900000 	 0.315347 
-3.880000 	 0.559969 
-3.860000 	 0.744926 
-3.840000 	 0.323310 
-3.820000 	 0.656302 
-3.800000 	 0.446919 
-3.780000 	 0.457552 
-3.760000 	 0.446877 
-3.740000 	 0.494153 
-3.720000 	 0.625092 
-3.700000 	 0.592362 
-3.680000 	 0.442459 
-3.660000 	 0.562824 
-3.640000 	 0.302010 
-3.620000 	 0.384223 
-3.600000 	 0.383838 
-3.580000 	 0.441056 
-3.560000 	 0.675087 
-3.540000 	 0.763566 
-3.520000 	 0.416189 
-3.500000 	 0.521513 
-3.480000 	 0.334691 
-3.460000 	 0.703340 
-3.440000 	 0.320178 
-3.420000 	 0.846672 
-3.400000 	 0.397459 
-3.380000 	 0.372493 
-3.360000 	 0.531131 
-3.340000 	 0.501408 
-3.320000 	 0.583728 
-3.300000 	 0.499793 
-3.280000 	 0.333089 
-3.260000 	 0.605340 
-3.240000 	 0.152444 
-3.220000 	 0.109711 
-3.200000 	 0.336602 
-3.180000 	 0.209917 
-3.160000 	 0.406343 
-3.140000 	 0.483725 
-3.120000 	 0.401556 
-3.100000 	 0.135456 
-3.080000 	 0.565114 
-3.060000 	 0.461352 
-3.040000 	 0.461843 
-3.020000 	 0.483482 
-3.000000 	 0.369849 
-2.980000 	 0.402817 
-2.960000 	 0.019220 
-2.940000 	 0.369283 
-2.920000 	 0.100184 
-2.900000 	 0.879302 
-2.880000 	 0.559465 
-2.860000 	 0.466691 
-2.840000 	 0.386876 
-2.820000 	 0.680723 
-2.800000 	 0.464328 
-2.780000 	 0.612831 
-2.760000 	 0.293735 
-2.740000 	 0.297973 
-2.720000 	 0.283156 
-2.700000 	 0.325627 
-2.680000 	 0.528718 
-2.660000 	 0.046570 
-2.640000 	 0.356148 
-2.620000 	 0.023264 
-2.600000 	 0.327460 
-2.580000 	 0.348203 
-2.560000 	 0.409872 
-2.540000 	 0.236360 
-2.520000 	 0.267053 
-2.500000 	 0.365103 
-2.480000 	 0.247559 
-2.460000 	 0.403054 
-2.440000 	 0.262048 
-2.420000 	 0.241218 
-2.400000 	 0.226468 
-2.380000 	 0.358743 
-2.360000 	 0.246153 
-2.340000 	 0.065198 
-2.320000 	 0.178923 
-2.300000 	 0.382062 
-2.280000 	 0.406033 
-2.260000 	 0.380602 
-2.240000 	 0.128390 
-2.220000 	 0.158359 
-2.200000 	 0.393807 
-2.180000 	 0.047356 
-2.160000 	 0.232404 
-2.140000 	 -0.019038 
-2.120000 	 0.152799 
-2.100000 	 0.201898 
-2.080000 	 0.102281 
-2.060000 	 0.536720 
-2.040000 	 0.367755 
-2.020000 	 0.342842 
-2.000000 	 0.081528 
-1.980000 	 0.337570 
-1.960000 	 0.177058 
-1.940000 	 0.025828 
-1.920000 	 0.333738 
-1.900000 	 0.165226 
-1.880000 	 0.190081 
-1.860000 	 0.031001 
-1.840000 	 0.114469 
-1.820000 	 0.392925 
-1.800000 	 0.227969 
-1.780000 	 -0.060949 
-1.760000 	 -0.180196 
-1.740000 	 -0.051443 
-1.720000 	 -0.047910 
-1.700000 	 0.164238 
-1.680000 	 0.347549 
-1.660000 	 0.127307 
-1.640000 	 0.177610 
-1.620000 	 -0.025093 
-1.600000 	 0.185554 
-1.580000 	 0.050008 
-1.560000 	 0.176753 
-1.540000 	 -0.177704 
-1.520000 	 0.101385 
-1.500000 	 0.226488 
-1.480000 	 0.392623 
-1.460000 	 0.218884 
-1.440000 	 0.341864 
-1.420000 	 0.412668 
-1.400000 	 0.248184 
-1.380000 	 0.193991 
-1.360000 	 0.096302 
-1.340000 	 -0.000459 
-1.320000 	 0.113738 
-1.300000 	 0.187131 
-1.280000 	 -0.062873 
-1.260000 	 -0.012758 
-1.240000 	 0.054327 
-1.220000 	 0.270745 
-1.200000 	 -0.700000 
-1.180000 	 0.016401 
-1.160000 	 0.134148 
-1.140000 	 0.212705 
-1.120000 	 0.193159 
-1.100000 	 0.043816 
-1.080000 	 0.238114 
-1.060000 	 0.152596 
-1.040000 	 0.265887 
-1.020000 	 0.087571 
-1.000000 	 0.223646 
-0.980000 	 0.409358 
-0.960000 	 0.229659 
-0.940000 	 0.314973 
-0.920000 	 0.033342 
-0.900000 	 0.104468 
-0.880000 	 0.043626 
-0.860000 	 0.246256 
-0.840000 	 0.188476 
-0.820000 	 0.079948 
-0.800000 	 0.194779 
-0.780000 	 0.095989 
-0.760000 	 0.138981 
-0.740000 	 0.098827 
-0.720000 	 0.278364 
-0.700000 	 -0.031183 
-0.680000 	 -0.073635 
-0.660000 	 -0.044598 
-0.640000 	 0.107758 
-0.620000 	 0.085047 
-0.600000 	 0.322235 
-0.580000 	 0.014222 
-0.560000 	 0.172459 
-0.540000 	 -0.091011 
-0.520000 	 0.254123 
-0.500000 	 0.223796 
-0.480000 	 0.117210 
-0.460000 	 0.190208 
-0.440000 	 0.181386 
-0.420000 	 0.233665 
-0.400000 	 0.245812 
-0.380000 	 0.204032 
-0.360000 	 0.222921 
-0.340000 	 0.053909 
-0.320000 	 0.285626 
-0.300000 	 0.364576 
-0.280000 	 0.080850 
-0.260000 	 0.356057 
-0.240000 	 0.008934 
-0.220000 	 0.336478 
-0.200000 	 0.285059 
-0.180000 	 0.294609 
-0.160000 	 0.035182 
-0.140000 	 0.080289 
-0.120000 	 0.397180 
-0.100000 	 0.343411 
-0.080000 	 0.521991 
-0.060000 	 0.192092 
-0.040000 	 0.205312 
-0.020000 	 0.199902 
0.000000 	 0.145947 
0.020000 	 0.360815 
0.040000 	 0.425200 
0.060000 	 0.130616 
0.080000 	 0.353770 
0.100000 	 0.270497 
0.120000 	 0.429806 
0.140000 	 -0.017142 
0.160000 	 0.175506 
0.180000 	 0.234430 
0.200000 	 0.261049 
0.220000 	 0.346922 
0.240000 	 0.243319 
0.260000 	 0.122654 
0.280000 	 -0.026714 
0.300000 	 0.428270 
0.320000 	 0.335670 
0.340000 	 0.507652 
0.360000 	 0.463879 
0.380000 	 0.472199 
0.400000 	 0.485364 
0.420000 	 0.403828 
0.440000 	 0.225109 
0.460000 	 0.267777 
0.480000 	 0.296722 
0.500000 	 0.465090 
0.520000 	 0.186067 
0.540000 	 0.364590 
0.560000 	 0.631153 
0.580000 	 0.306637 
0.600000 	 0.488838 
0.620000 	 0.499783 
0.640000 	 0.632445 
0.660000 	 0.158096 
0.680000 	 0.299957 
0.700000 	 0.275552 
0.720000 	 0.327831 
0.740000 	 0.240082 
0.760000 	 0.212790 
0.780000 	 0.552245 
0.800000 	 0.496722 
0.820000 	 0.437042 
0.840000 	 0.515516 
0.860000 	 0.436951 
0.880000 	 0.530390 
0.900000 	 0.861387 
0.920000 	 0.716967 
0.940000 	 0.449371 
0.960000 	 0.557902 
0.980000 	 0.698059 
1.000000 	 0.474375 
1.020000 	 0.509050 
1.040000 	 0.438876 
1.060000 	 0.564139 
1.080000 	 0.659393 
1.100000 	 0.370674 
1.120000 	 0.435759 
1.140000 	 0.500163 
1.160000 	 0.530803 
1.180000 	 0.638261 
1.200000 	 0.619210 
1.220000 	 0.938417 
1.240000 	 0.440883 
1.260000 	 0.465555 
1.280000 	 0.623967 
1.300000 	 0.700987 
1.320000 	 0.795109 
1.340000 	 0.665654 
1.360000 	 0.954567 
1.380000 	 0.903897 
1.400000 	 0.893833 
1.420000 	 0.857725 
1.440000 	 0.618277 
1.460000 	 0.341694 
1.480000 	 0.639334 
1.500000 	 0.833594 
1.520000 	 0.568412 
1.540000 	 0.719422 
1.560000 	 0.841647 
1.580000 	 0.856550 
1.600000 	 0.773982 
1.620000 	 0.515875 
1.640000 	 0.832381 
1.660000 	 0.634178 
1.680000 	 0.846608 
1.700000 	 0.747907 
1.720000 	 0.950117 
1.740000 	 0.706009 
1.760000 	 0.906779 
1.780000 	 0.561522 
1.800000 	 0.607441 
1.820000 	 1.267405 
1.840000 	 0.885616 
1.860000 	 1.004482 
1.880000 	 0.960453 
1.900000 	 0.854917 
1.920000 	 0.903282 
1.940000 	 0.833034 
1.960000 	 1.258321 
1.980000 	 0.857737 
2.000000 	 1.062051 
2.020000 	 1.126308 
2.040000 	 1.146901 
2.060000 	 1.026178 
2.080000 	 0.992308 
2.100000 	 1.017955 
2.120000 	 1.189548 
2.140000 	 0.976850 
2.160000 	 1.011316 
2.180000 	 1.049412 
2.200000 	 0.833644 
2.220000 	 0.809955 
2.240000 	 1.056615 
2.260000 	 0.834405 
2.280000 	 1.267424 
2.300000 	 1.135321 
2.320000 	 1.154105 
2.340000 	 1.098543 
2.360000 	 0.984591 
2.380000 	 1.399005 
2.400000 	 1.302041 
2.420000 	 1.123171 
2.440000 	 1.120227 
2.460000 	 1.417079 
2.480000 	 1.329159 
2.500000 	 1.283301 
2.520000 	 1.054372 
2.540000 	 1.134355 
2.560000 	 1.171291 
2.580000 	 1.068670 
2.600000 	 1.203789 
2.620000 	 1.080131 
2.640000 	 1.280172 
2.660000 	 1.432086 
2.680000 	 1.323904 
2.700000 	 1.169150 
2.720000 	 1.554001 
2.740000 	 1.022637 
2.760000 	 1.382759 
2.780000 	 1.335579 
2.800000 	 1.360252 
2.820000 	 1.183236 
2.840000 	 1.396002 
2.860000 	 1.389744 
2.880000 	 1.255206 
2.900000 	 1.179969 
2.920000 	 1.475392 
2.940000 	 1.564845 
2.960000 	 1.490688 
2.980000 	 1.286694 
3.000000 	 1.417819 
3.020000 	 1.703542 
3.040000 	 1.565583 
3.060000 	 0.933381 
3.080000 	 1.495454 
3.100000 	 1.378852 
3.120000 	 1.507161 
3.140000 	 1.448427 
3.160000 	 1.695908 
3.180000 	 1.693045 
3.200000 	 1.529454 
3.220000 	 1.477775 
3.240000 	 1.347387 
3.260000 	 1.671875 
3.280000 	 1.445863 
3.300000 	 1.502751 
3.320000 	 1.236208 
3.340000 	 1.627090 
3.360000 	 1.415242 
3.380000 	 1.688779 
3.400000 	 1.397652 
3.420000 	 1.610927 
3.440000 	 1.594067 
3.460000 	 1.464599 
3.480000 	 1.513686 
3.500000 	 1.402536 
3.520000 	 1.581685 
3.540000 	 1.361581 
3.560000 	 1.560312 
3.580000 	 1.547582 
3.600000 	 1.671891 
3.620000 	 1.798059 
3.640000 	 1.244306 
3.660000 	 1.258449 
3.680000 	 1.256410 
3.700000 	 1.475651 
3.720000 	 1.576979 
3.740000 	 1.589783 
3.760000 	 1.766738 
3.780000 	 1.706571 
3.800000 	 1.594593 
3.820000 	 1.408058 
3.840000 	 1.466477 
3.860000 	 1.532936 
3.880000 	 1.690277 
3.900000 	 1.574276 
3.920000 	 1.937114 
3.940000 	 1.449181 
3.960000 	 1.658316 
3.980000 	 1.550938 
4.000000 	 1.694936 
4.020000 	 1.562112 
4.040000 	 1.722739 
4.060000 	 1.702021 
4.080000 	 1.537256 
4.100000 	 1.592607 
4.120000 	 1.867557 
4.140000 	 1.632613 
4.160000 	 1.515405 
4.180000 	 1.472815 
4.200000 	 1.606077 
4.220000 	 1.433422 
4.240000 	 1.661580 
4.260000 	 1.471011 
4.280000 	 1.511119 
4.300000 	 1.679150 
4.320000 	 1.716609 
4.340000 	 1.447094 
4.360000 	 1.542160 
4.380000 	 1.849037 
4.400000 	 1.629185 
4.420000 	 1.795059 
4.440000 	 1.637132 
4.460000 	 1.689102 
4.480000 	 1.662276 
4.500000 	 1.805316 
4.520000 	 1.624715 
4.540000 	 1.325717 
4.560000 	 1.916507 
4.580000 	 1.416666 
4.600000 	 1.548280 
4.620000 	 1.382254 
4.640000 	 1.444060 
4.660000 	 1.621700 
4.680000 	 1.409272 
4.700000 	 1.268426 
4.720000 	 1.653154 
4.740000 	 1.580951 
4.760000 	 1.647299 
4.780000 	 1.359287 
4.800000 	 1.510406 
4.820000 	 1.763786 
4.840000 	 1.392166 
4.860000 	 1.713218 
4.880000 	 1.462166 
4.900000 	 1.427241 
4.920000 	 1.459423 
4.940000 	 1.465991 
4.960000 	 1.663811 
4.980000 	 1.420774 
5.000000 	 1.733471 
5.020000 	 1.238599 
5.040000 	 1.643395 
5.060000 	 1.372879 
5.080000 	 1.415399 
5.100000 	 1.319437 
5.120000 	 1.536110 
5.140000 	 1.441627 
5.160000 	 1.158957 
5.180000 	 1.517389 
5.200000 	 1.399467 
5.220000 	 1.216267 
5.240000 	 1.360731 
5.260000 	 1.094724 
5.280000 	 1.308945 
5.300000 	 1.175500 
5.320000 	 1.370366 
5.340000 	 1.439418 
5.360000 	 1.201807 
5.380000 	 1.339680 
5.400000 	 1.124303 
5.420000 	 1.472434 
5.440000 	 1.416148 
5.460000 	 1.533847 
5.480000 	 1.224744 
5.500000 	 1.071077 
5.520000 	 1.203058 
5.540000 	 1.128993 
5.560000 	 1.140030 
5.580000 	 1.105488 
5.600000 	 1.036388 
5.620000 	 1.315782 
5.640000 	 0.774464 
5.660000 	 1.279210 
5.680000 	 0.952446 
5.700000 	 1.007200 
5.720000 	 1.193079 
5.740000 	 0.885108 
5.760000 	 0.776158 
5.780000 	 1.161220 
5.800000 	 1.235087 
5.820000 	 1.141778 
5.840000 	 0.855305 
5.860000 	 1.102387 
5.880000 	 0.808284 
5.900000 	 0.736862 
5.920000 	 0.986511 
5.940000 	 1.087662 
5.960000 	 0.879294 
5.980000 	 1.051257 
6.000000 	 0.844226 
6.020000 	 1.083095 
6.040000 	 1.127717 
6.060000 	 0.904310 
6.080000 	 0.910304 
6.100000 	 1.099938 
6.120000 	 0.843076 
6.140000 	 0.952427 
6.160000 	 1.121432 
6.180000 	 1.109781 
6.200000 	 0.739271 
6.220000 	 0.850088 
6.240000 	 0.997540 
6.260000 	 1.003993 
6.280000 	 0.511136 
6.300000 	 0.933226 
6.320000 	 0.737654 
6.340000 	 0.776521 
6.360000 	 0.473299 
6.380000 	 0.672166 
6.400000 	 0.596675 
6.420000 	 0.957050 
6.440000 	 0.915316 
6.460000 	 0.734611 
6.480000 	 0.814509 
6.500000 	 0.756207 
6.520000 	 0.676416 
6.540000 	 0.946003 
6.560000 	 0.874262 
6.580000 	 0.669732 
6.600000 	 0.352503 
6.620000 	 0.496968 
6.640000 	 0.590506 
6.660000 	 0.401907 
6.680000 	 0.406869 
6.700000 	 0.445286 
6.720000 	 0.708958 
6.740000 	 0.523882 
6.760000 	 0.833330 
6.780000 	 0.747109 
6.800000 	 0.467629 
6.820000 	 0.609753 
6.840000 	 0.682637 
6.860000 	 0.531076 
6.880000 	 0.626780 
6.900000 	 0.478628 
6.920000 	 0.385316 
6.940000 	 0.315891 
6.960000 	 0.499946 
6.980000 	 0.476776 
7.000000 	 0.498190 
7.020000 	 0.448825 
7.040000 	 0.851379 
7.060000 	 0.230650 
7.080000 	 0.181068 
7.100000 	 0.849129 
7.120000 	 0.654832 
7.140000 	 0.474164 
7.160000 	 0.408224 
7.180000 	 0.245748 
7.200000 	 0.464479 
7.220000 	 0.313192 
7.240000 	 0.428589 
7.260000 	 0.371661 
7.280000 	 0.463404 
7.300000 	 0.383181 
7.320000 	 0.504943 
7.340000 	 0.457445 
7.360000 	 0.473548 
7.380000 	 0.408118 
7.400000 	 0.298682 
7.420000 	 0.438310 
7.440000 	 0.241389 
7.460000 	 0.376174 
7.480000 	 0.314238 
7.500000 	 0.425327 
7.520000 	 0.441005 
7.540000 	 0.136467 
7.560000 	 0.273513 
7.580000 	 0.342469 
7.600000 	 0.118168 
7.620000 	 0.598496 
7.640000 	 0.432678 
7.660000 	 0.152760 
7.680000 	 0.487652 
7.700000 	 0.900000 
7.720000 	 0.478414 
7.740000 	 0.020500 
7.760000 	 0.273073 
7.780000 	 0.332261 
7.800000 	 0.559396 
7.820000 	 0.473451 
7.840000 	 0.494135 
7.860000 	 0.097565 
7.880000 	 0.381454 
7.900000 	 0.389589 
7.920000 	 0.234418 
7.940000 	 0.140014 
7.960000 	 0.442338 
7.980000 	 0.353809 
8.000000 	 -0.125776 
8.020000 	 0.242932 
8.040000 	 0.456704 
8.060000 	 0.107864 
8.080000 	 0.131310 
8.100000 	 0.063743 
8.120000 	 -0.105149 
8.140000 	 0.241711 
8.160000 	 0.110937 
8.180000 	 0.048697 
8.200000 	 0.239052 
8.220000 	 0.164377 
8.240000 	 0.222227 
8.260000 	 0.266535 
8.280000 	 -0.046062 
8.300000 	 -0.013012 
8.320000 	 0.376200 
8.340000 	 0.235490 
8.360000 	 0.084641 
8.380000 	 0.193558 
8.400000 	 0.373378 
8.420000 	 0.089517 
8.440000 	 0.113870 
8.460000 	 0.165218 
8.480000 	 0.292637 
8.500000 	 -0.025542 
8.520000 	 0.135842 
8.540000 	 0.224384 
8.560000 	 0.102484 
8.580000 	 0.163390 
8.600000 	 0.003301 
8.620000 	 0.075208 
8.640000 	 -0.134291 
8.660000 	 0.171467 
8.680000 	 -0.078945 
8.700000 	 -0.072938 
8.720000 	 0.234869 
8.740000 	 0.298063 
8.760000 	 -0.075105 
8.780000 	 0.325298 
8.800000 	 0.219091 
8.820000 	 -0.058947 
8.840000 	 -0.087287 
8.860000 	 0.071156 
8.880000 	 -0.199156 
8.900000 	 0.241034 
8.920000 	 0.026025 
8.940000 	 0.141490 
8.960000 	 0.078386 
8.980000 	 0.134925 
9.000000 	 -0.067294 
9.020000 	 0.080488 
9.040000 	 0.082688 
9.060000 	 -0.109203 
9.080000 	 0.070790 
9.100000 	 0.331009 
9.120000 	 0.211635 
9.140000 	 0.314841 
9.160000 	 0.038759 
9.180000 	 0.122505 
9.200000 	 -0.263462 
9.220000 	 0.079834 
9.240000 	 0.117892 
9.260000 	 0.187809 
9.280000 	 0.143841 
9.300000 	 0.231349 
9.320000 	 -0.184311 
9.340000 	 -0.206608 
9.360000 	 -0.000864 
9.380000 	 0.006152 
9.400000 	 0.242466 
9.420000 	 0.068347 
9.440000 	 0.067707 
9.460000 	 0.054513 
9.480000 	 -0.084138 
9.500000 	 0.034990 
9.520000 	 0.079125 
9.540000 	 -0.132763 
9.560000 	 0.078189 
9.580000 	 -0.029424 
9.600000 	 0.026000 
9.620000 	 0.266707 
9.640000 	 0.021119 
9.660000 	 0.416958 
9.680000 	 0.078795 
9.700000 	 -0.139277 
9.720000 	 -0.208380 
9.740000 	 -0.068796 
9.760000 	 -0.171445 
9.780000 	 0.223730 
9.800000 	 0.121190 
9.820000 	 0.052943 
9.840000 	 0.086888 
9.860000 	 0.194026 
9.880000 	 0.074390 
9.900000 	 -0.095422 
9.920000 	 -0.106658 
9.940000 	 0.147796 
9.960000 	 -0.277166 
9.980000 	 -0.074403 
10.000000 	 0.077752 
10.020000 	 0.000551 
10.040000 	 -0.180508 
10.060000 	 0.047854 
10.080000 	 -0.161268 
10.100000 	 0.005346 
10.120000 	 0.006872 
10.140000 	 0.036147 
10.160000 	 0.013471 
10.180000 	 0.081486 
10.200000 	 0.091386 
10.220000 	 -0.084100 
10.240000 	 -0.012796 
10.260000 	 0.088864 
10.280000 	 -0.358045 
10.300000 	 -0.441820 
10.320000 	 0.000765 
10.340000 	 0.041534 
10.360000 	 0.129830 
10.380000 	 0.042385 
10.400000 	 -0.030913 
10.420000 	 0.001889 
10.440000 	 -0.222221 
10.460000 	 -0.081382 
10.480000 	 0.112783 
10.500000 	 0.112109 
10.520000 	 -0.128757 
10.540000 	 -0.156786 
10.560000 	 -0.335620 
10.580000 	 -0.214399 
10.600000 	 0.293135 
10.620000 	 -0.053937 
10.640000 	 0.064760 
10.660000 	 0.084335 
10.680000 	 -0.226578 
10.700000 	 -0.018552 
10.720000 	 -0.073455 
10.740000 	 -0.077479 
10.760000 	 0.113826 
10.780000 	 0.171997 
10.800000 	 -0.545860 
10.820000 	 -0.013123 
10.840000 	 0.049736 
10.860000 	 -0.102060 
10.880000 	 -0.168912 
10.900000 	 0.187192 
10.920000 	 -0.123000 
10.940000 	 0.068869 
10.960000 	 0.083548 
10.980000 	 -0.050909 
11.000000 	 -0.096504 
11.020000 	 -0.284030 
11.040000 	 0.009645 
11.060000 	 0.191717 
11.080000 	 -0.038793 
11.100000 	 0.033152 
11.120000 	 -0.180679 
11.140000 	 -0.004783 
11.160000 	 0.033125 
11.180000 	 -0.007711 
11.200000 	 0.106626 
11.220000 	 0.270310 
11.240000 	 0.061694 
11.260000 	 -0.089126 
11.280000 	 0.063640 
11.300000 	 0.088299 
11.320000 	 0.055265 
11.340000 	 0.032152 
11.360000 	 -0.358613 
11.380000 	 0.001947 
11.400000 	 0.218830 
11.420000 	 -0.099257 
11.440000 	 0.070061 
11.460000 	 -0.064307 
11.480000 	 -0.015417 
11.500000 	 0.226772 
11.520000 	 -0.086109 
11.540000 	 -0.022135 
11.560000 	 -0.024507 
11.580000 	 -0.058436 
11.600000 	 -0.238130 
11.620000 	 -0.011515 
11.640000 	 0.055886 
11.660000 	 0.189805 
11.680000 	 -0.098048 
11.700000 	 0.083612 
11.720000 	 -0.078097 
11.740000 	 0.116089 
11.760000 	 0.121410 
11.780000 	 -0.112740 
11.800000 	 0.076249 
11.820000 	 -0.256274 
11.840000 	 0.106393 
11.860000 	 -0.073354 
11.880000 	 0.053254 
11.900000 	 0.097760 
11.920000 	 0.059622 
11.940000 	 0.096024 
11.960000 	 0.019828 
11.980000 	 0.074489 
12.000000 	 0.111027 
12.020000 	 0.298838 
12.040000 	 0.233630 
12.060000 	 -0.237510 
12.080000 	 0.015365 
12.100000 	 -0.038564 
12.120000 	 0.084198 
12.140000 	 0.048045 
12.160000 	 0.181332 
12.180000 	 -0.025577 
12.200000 	 -0.126230 
12.220000 	 0.210281 
12.240000 	 0.078354 
12.260000 	 0.178397 
12.280000 	 0.016818 
12.300000 	 -0.033397 
12.320000 	 0.105229 
12.340000 	 -0.199198 
12.360000 	 -0.067944 
12.380000 	 -0.156694 
12.400000 	 -0.073261 
12.420000 	 -0.069399 
12.440000 	 0.000787 
12.460000 	 0.083226 
12.480000 	 -0.199487 
12.500000 	 0.314445 
12.520000 	 0.032923 
12.540000 	 0.028582 
12.560000 	 -0.043717 
12.580000 	 0.080987 
12.600000 	 0.027784 
12.620000 	 0.034894 
12.640000 	 -0.023073 
12.660000 	 0.209960 
12.680000 	 0.096063 
12.700000 	 0.081297 
12.720000 	 0.114186 
12.740000 	 -0.186791 
12.760000 	 -0.191607 
12.780000 	 0.067252 
12.800000 	 -0.050943 
12.820000 	 -0.052251 
12.840000 	 -0.204548 
12.860000 	 -0.069664 
12.880000 	 0.092766 
12.900000 	 0.155910 
12.920000 	 -0.044507 
12.940000 	 0.340821 
12.960000 	 0.104452 
12.980000 	 -0.188434 
13.000000 	 0.001036 
13.020000 	 -0.005755 
13.040000 	 0.072665 
13.060000 	 0.328413 
13.080000 	 0.053579 
13.100000 	 0.170951 
13.120000 	 -0.010135 
13.140000 	 -0.074608 
13.160000 	 -0.189506 
13.180000 	 -0.048141 
13.200000 	 0.350684 
13.220000 	 -0.419121 
13.240000 	 0.190719 
13.260000 	 0.003514 
13.280000 	 0.001938 
13.300000 	 0.243287 
13.320000 	 0.140076 
13.340000 	 -0.096884 
13.360000 	 0.100000 
13.380000 	 -0.017869 
13.400000 	 0.017378 
13.420000 	 -0.224521 
13.440000 	 0.182900 
13.460000 	 -0.013506 
13.480000 	 0.010267 
13.500000 	 -0.286545 
13.520000 	 0.075586 
13.540000 	 0.174235 
13.560000 	 0.128727 
13.580000 	 0.417604 
13.600000 	 -0.299812 
13.620000 	 0.204655 
13.640000 	 0.329157 
13.660000 	 -0.261826 
13.680000 	 -0.055826 
13.700000 	 -0.132643 
13.720000 	 0.082481 
13.740000 	 -0.102848 
13.760000 	 0.035721 
13.780000 	 -0.110605 
13.800000 	 0.137731 
13.820000 	 0.130448 
13.840000 	 0.027879 
13.860000 	 -0.102914 
13.880000 	 0.259652 
13.900000 	 -0.014542 
13.920000 	 0.162997 
13.940000 	 0.020670 
13.960000 	 0.073413 
13.980000 	 0.132834 
14.000000 	 -0.250833 
14.020000 	 -0.041294 
14.040000 	 0.405703 
14.060000 	 -0.051834 
14.080000 	 -0.132960 
14.100000 	 0.236587 
14.120000 	 -0.015529 
14.140000 	 -0.108083 
14.160000 	 -0.104229 
14.180000 	 -0.041659 
14.200000 	 0.016036 
14.220000 	 -0.089113 
14.240000 	 -0.024374 
14.260000 	 0.300210 
14.280000 	 0.022585 
14.300000 	 0.132545 
14.320000 	 -0.000665 
14.340000 	 -0.015301 
14.360000 	 0.142189 
14.380000 	 -0.107732 
14.400000 	 0.065661 
14.420000 	 -0.258650 
14.440000 	 0.200000 
14.460000 	 -0.063569 
14.480000 	 -0.148194 
14.500000 	 0.172899 
14.520000 	 -0.039309 
14.540000 	 -0.093932 
14.560000 	 -0.051021 
14.580000 	 0.240888 
14.600000 	 0.053478 
14.620000 	 0.196305 
14.640000 	 -0.162337 
14.660000 	 -0.049175 
14.680000 	 0.023018 
14.700000 	 -0.011182 
14.720000 	 -0.317972 
14.740000 	 -0.056636 
14.760000 	 -0.323891 
14.780000 	 0.237731 
14.800000 	 -0.136681 
14.820000 	 -0.279983 
14.840000 	 0.042463 
14.860000 	 -0.067222 
14.880000 	 -0.317883 
14.900000 	 0.199669 
14.920000 	 0.292932 
14.940000 	 0.208250 
14.960000 	 -0.094494 
14.980000 	 -0.201622 
15.000000 	 0.215332 
