-15.000000 	 0.115079 
-14.980000 	 -0.249981 
-14.960000 	 0.191392 
-14.940000 	 -0.005457 
-14.920000 	 -0.393760 
-14.900000 	 0.067888 
-14.880000 	 -0.092636 
-14.860000 	 0.197400 
-14.840000 	 -0.151457 
-14.820000 	 -0.174122 
-14.800000 	 0.049165 
-14.780000 	 0.063725 
-14.760000 	 0.007219 
-14.740000 	 0.121620 
-14.720000 	 -0.027730 
-14.700000 	 -0.045542 
-14.680000 	 -0.126236 
-14.660000 	 0.152472 
-14.640000 	 0.132078 
-14.620000 	 -0.096298 
-14.600000 	 -0.027648 
-14.580000 	 0.183646 
-14.560000 	 -0.081956 
-14.540000 	 0.314087 
-14.520000 	 -0.052273 
-14.500000 	 0.156526 
-14.480000 	 0.074648 
-14.460000 	 -0.039281 
-14.440000 	 -0.050214 
-14.420000 	 -0.041623 
-14.400000 	 0.056517 
-14.380000 	 -0.148248 
-14.360000 	 -0.068376 
-14.340000 	 0.087174 
-14.320000 	 0.146985 
-14.300000 	 -0.001318 
-14.280000 	 -0.135466 
-14.260000 	 -0.057169 
-14.240000 	 -0.212370 
-14.220000 	 -0.032308 
-14.200000 	 -0.076727 
-14.180000 	 0.195309 
-14.160000 	 -0.154656 
-14.140000 	 -0.059735 
-14.120000 	 -0.150085 
-14.100000 	 -0.093340 
-14.080000 	 0.143798 
-14.060000 	 0.216327 
-14.040000 	 0.319849 
-14.020000 	 -0.080246 
-14.000000 	 0.126759 
-13.980000 	 -0.002754 
-13.960000 	 0.046397 
-13.940000 	 0.276403 
-13.920000 	 0.063590 
-13.900000 	 0.171166 
-13.880000 	 -0.018711 
-13.860000 	 -0.078859 
-13.840000 	 -0.059519 
-13.820000 	 -0.075622 
-13.800000 	 0.281602 
-13.780000 	 -0.084708 
-13.760000 	 -0.101614 
-13.740000 	 0.159934 
-13.720000 	 -0.140216 
-13.700000 	 -0.204387 
-13.680000 	 0.071306 
-13.660000 	 0.074193 
-13.640000 	 0.099752 
-13.620000 	 -0.101102 
-13.600000 	 0.182007 
-13.580000 	 -0.041293 
-13.560000 	 -0.028595 
-13.540000 	 0.172781 
-13.520000 	 0.193047 
-13.500000 	 -0.224441 
-13.480000 	 0.080177 
-13.460000 	 0.030112 
-13.440000 	 -0.120671 
-13.420000 	 -0.107399 
-13.400000 	 -0.060870 
-13.380000 	 -0.042645 
-13.360000 	 -0.257435 
-13.340000 	 0.197746 
-13.320000 	 0.010048 
-13.300000 	 -0.088395 
-13.280000 	 -0.044207 
-13.260000 	 0.400000 
-13.240000 	 0.142087 
-13.220000 	 -0.313961 
-13.200000 	 -0.303200 
-13.180000 	 0.027585 
-13.160000 	 -0.004728 
-13.140000 	 -0.026439 
-13.120000 	 0.184521 
-13.100000 	 0.155306 
-13.080000 	 -0.084931 
-13.060000 	 -0.019579 
-13.040000 	 -0.095826 
-13.020000 	 0.328894 
-13.000000 	 0.119765 
-12.980000 	 0.100382 
-12.960000 	 -0.143697 
-12.940000 	 -0.008965 
-12.920000 	 0.118347 
-12.900000 	 -0.128114 
-12.880000 	 -0.103202 
-12.860000 	 -0.010752 
-12.840000 	 -0.101413 
-12.820000 	 0.173222 
-12.800000 	 -0.124601 
-12.780000 	 -0.205223 
-12.760000 	 -0.069173 
-12.740000 	 0.146881 
-12.720000 	 -0.104070 
-12.700000 	 0.239426 
-12.680000 	 -0.110264 
-12.660000 	 0.084856 
-12.640000 	 -0.077994 
-12.620000 	 -0.049698 
-12.600000 	 0.051030 
-12.580000 	 -0.059180 
-12.560000 	 0.036044 
-12.540000 	 0.013777 
-12.520000 	 0.145807 
-12.500000 	 -0.058052 
-12.480000 	 -0.209452 
-12.460000 	 -0.221694 
-12.440000 	 -0.101781 
-12.420000 	 0.122927 
-12.400000 	 0.018925 
-12.380000 	 0.051832 
-12.360000 	 -0.024225 
-12.340000 	 -0.250146 
-12.320000 	 -0.091678 
-12.300000 	 -0.102252 
-12.280000 	 0.253185 
-12.260000 	 -0.018266 
-12.240000 	 -0.007726 
-12.220000 	 -0.176319 
-12.200000 	 0.068001 
-12.180000 	 0.252522 
-12.160000 	 0.181189 
-12.140000 	 0.023090 
-12.120000 	 0.033961 
-12.100000 	 -0.092416 
-12.080000 	 -0.050143 
-12.060000 	 0.020522 
-12.040000 	 0.243614 
-12.020000 	 -0.113122 
-12.000000 	 -0.262580 
-11.980000 	 0.191497 
-11.960000 	 0.184607 
-11.940000 	 0.000000 
-11.920000 	 -0.016730 
-11.900000 	 0.132596 
-11.880000 	 -0.174855 
-11.860000 	 -0.039866 
-11.840000 	 0.142021 
-11.820000 	 0.009915 
-11.800000 	 -0.115336 
-11.780000 	 0.049642 
-11.760000 	 -0.147360 
-11.740000 	 0.102301 
-11.720000 	 -0.095095 
-11.700000 	 -0.048481 
-11.680000 	 0.089166 
-11.660000 	 -0.070568 
-11.640000 	 -0.098337 
-11.620000 	 -0.162907 
-11.600000 	 -0.056760 
-11.580000 	 -0.022950 
-11.560000 	 0.172879 
-11.540000 	 0.107888 
-11.520000 	 -0.150002 
-11.500000 	 0.222111 
-11.480000 	 0.009876 
-11.460000 	 -0.002277 
-11.440000 	 0.025514 
-11.420000 	 -0.062520 
-11.400000 	 0.038851 
-11.380000 	 0.279937 
-11.360000 	 -0.011896 
-11.340000 	 -0.028732 
-11.320000 	 0.187474 
-11.300000 	 -0.217178 
-11.280000 	 -0.206823 
-11.260000 	 -0.068718 
-11.240000 	 -0.067023 
-11.220000 	 -0.148837 
-11.200000 	 0.063237 
-11.180000 	 0.174231 
-11.160000 	 -0.050854 
-11.140000 	 0.003432 
-11.120000 	 0.052821 
-11.100000 	 0.083299 
-11.080000 	 -0.201761 
-11.060000 	 0.267658 
-11.040000 	 0.207291 
-11.020000 	 -0.093957 
-11.000000 	 -0.136069 
-10.980000 	 -0.036496 
-10.960000 	 -0.174729 
-10.940000 	 -0.058779 
-10.920000 	 -0.042358 
-10.900000 	 -0.266096 
-10.880000 	 -0.009854 
-10.860000 	 -0.099703 
-10.840000 	 0.163722 
-10.820000 	 0.160113 
-10.800000 	 0.056926 
-10.780000 	 0.098488 
-10.760000 	 0.078612 
-10.740000 	 0.140523 
-10.720000 	 -0.163431 
-10.700000 	 -0.135749 
-10.680000 	 -0.016957 
-10.660000 	 0.138128 
-10.640000 	 0.069080 
-10.620000 	 -0.167872 
-10.600000 	 -0.119835 
-10.580000 	 0.242438 
-10.560000 	 0.149605 
-10.540000 	 0.027040 
-10.520000 	 -0.187042 
-10.500000 	 0.112614 
-10.480000 	 0.115086 
-10.460000 	 0.128532 
-10.440000 	 -0.070158 
-10.420000 	 0.042149 
-10.400000 	 -0.277154 
-10.380000 	 -0.010895 
-10.360000 	 0.150733 
-10.340000 	 0.040784 
-10.320000 	 -0.115919 
-10.300000 	 0.006985 
-10.280000 	 -0.120662 
-10.260000 	 0.159064 
-10.240000 	 0.091328 
-10.220000 	 -0.093295 
-10.200000 	 0.289574 
-10.180000 	 0.153587 
-10.160000 	 0.036960 
-10.140000 	 0.065266 
-10.120000 	 -0.230203 
-10.100000 	 0.205620 
-10.080000 	 -0.017651 
-10.060000 	 -0.052981 
-10.040000 	 -0.006304 
-10.020000 	 -0.217006 
-10.000000 	 0.183856 
-9.980000 	 -0.023237 
-9.960000 	 -0.193490 
-9.940000 	 0.168967 
-9.920000 	 -0.029250 
-9.900000 	 -0.091573 
-9.880000 	 0.023464 
-9.860000 	 -0.070832 
-9.840000 	 0.193605 
-9.820000 	 -0.074300 
-9.800000 	 0.130742 
-9.780000 	 -0.251718 
-9.760000 	 -0.006123 
-9.740000 	 0.082359 
-9.720000 	 -0.026524 
-9.700000 	 -0.182752 
-9.680000 	 -0.110232 
-9.660000 	 -0.025721 
-9.640000 	 -0.167134 
-9.620000 	 -0.209748 
-9.600000 	 -0.160621 
-9.580000 	 -0.213516 
-9.560000 	 0.270830 
-9.540000 	 -0.295518 
-9.520000 	 0.253848 
-9.500000 	 -0.167334 
-9.480000 	 -0.076570 
-9.460000 	 0.112881 
-9.440000 	 0.087149 
-9.420000 	 0.029284 
-9.400000 	 0.045861 
-9.380000 	 -0.136756 
-9.360000 	 0.349455 
-9.340000 	 -0.291216 
-9.320000 	 -0.002539 
-9.300000 	 -0.118156 
-9.280000 	 0.121994 
-9.260000 	 -0.033881 
-9.240000 	 0.033840 
-9.220000 	 0.195865 
-9.200000 	 -0.091913 
-9.180000 	 -0.266043 
-9.160000 	 -0.097568 
-9.140000 	 -0.145385 
-9.120000 	 -0.050888 
-9.100000 	 0.156016 
-9.080000 	 0.136062 
-9.060000 	 -0.047110 
-9.040000 	 0.137011 
-9.020000 	 0.110792 
-9.000000 	 -0.026944 
-8.980000 	 0.102481 
-8.960000 	 -0.197905 
-8.940000 	 -0.110896 
-8.920000 	 0.040965 
-8.900000 	 -0.069800 
-8.880000 	 0.080636 
-8.860000 	 0.111221 
-8.840000 	 0.104737 
-8.820000 	 0.002504 
-8.800000 	 -0.177694 
-8.780000 	 -0.133343 
-8.760000 	 -0.302861 
-8.740000 	 -0.035569 
-8.720000 	 0.089311 
-8.700000 	 -0.026502 
-8.680000 	 0.221704 
-8.660000 	 0.008981 
-8.640000 	 0.037035 
-8.620000 	 0.213205 
-8.600000 	 0.050935 
-8.580000 	 0.058109 
-8.560000 	 -0.211658 
-8.540000 	 -0.216931 
-8.520000 	 -0.116131 
-8.500000 	 -0.073519 
-8.480000 	 0.249787 
-8.460000 	 -0.158275 
-8.440000 	 0.179471 
-8.420000 	 0.373450 
-8.400000 	 0.103647 
-8.380000 	 0.223723 
-8.360000 	 -0.282208 
-8.340000 	 0.107581 
-8.320000 	 0.042534 
-8.300000 	 -0.150208 
-8.280000 	 0.053836 
-8.260000 	 0.076805 
-8.240000 	 0.020541 
-8.220000 	 0.031505 
-8.200000 	 0.126863 
-8.180000 	 -0.104332 
-8.160000 	 0.011115 
-8.140000 	 -0.008182 
-8.120000 	 -0.043994 
-8.100000 	 -0.098122 
-8.080000 	 0.135808 
-8.060000 	 0.256088 
-8.040000 	 0.151778 
-8.020000 	 -0.113125 
-8.000000 	 0.210004 
-7.980000 	 -0.097449 
-7.960000 	 0.277949 
-7.940000 	 0.089748 
-7.920000 	 0.119700 
-7.900000 	 0.087909 
-7.880000 	 0.171327 
-7.860000 	 0.260685 
-7.840000 	 0.030533 
-7.820000 	 -0.004853 
-7.800000 	 0.197820 
-7.780000 	 0.096140 
-7.760000 	 0.077228 
-7.740000 	 -0.135067 
-7.720000 	 -0.131626 
-7.700000 	 -0.232076 
-7.680000 	 -0.138783 
-7.660000 	 0.043029 
-7.640000 	 0.191735 
-7.620000 	 -0.189505 
-7.600000 	 -0.040514 
-7.580000 	 0.309024 
-7.560000 	 -0.143420 
-7.540000 	 0.166112 
-7.520000 	 -0.146672 
-7.500000 	 -0.041138 
-7.480000 	 0.060931 
-7.460000 	 0.101927 
-7.440000 	 0.224876 
-7.420000 	 0.296113 
-7.400000 	 0.051634 
-7.380000 	 -0.034548 
-7.360000 	 -0.095201 
-7.340000 	 0.102214 
-7.320000 	 0.410371 
-7.300000 	 0.154322 
-7.280000 	 -0.039723 
-7.260000 	 0.137120 
-7.240000 	 -0.347558 
-7.220000 	 0.263692 
-7.200000 	 0.216911 
-7.180000 	 0.083081 
-7.160000 	 0.215826 
-7.140000 	 0.051564 
-7.120000 	 0.037555 
-7.100000 	 0.029793 
-7.080000 	 -0.004217 
-7.060000 	 0.050961 
-7.040000 	 -0.094590 
-7.020000 	 -0.018875 
-7.000000 	 0.059263 
-6.980000 	 0.080124 
-6.960000 	 0.144746 
-6.940000 	 0.198219 
-6.920000 	 -0.025683 
-6.900000 	 0.330054 
-6.880000 	 0.215723 
-6.860000 	 0.106960 
-6.840000 	 -0.045344 
-6.820000 	 0.136647 
-6.800000 	 0.169354 
-6.780000 	 0.117920 
-6.760000 	 -0.046364 
-6.740000 	 0.282559 
-6.720000 	 0.160852 
-6.700000 	 0.329729 
-6.680000 	 0.307091 
-6.660000 	 0.099972 
-6.640000 	 0.087944 
-6.620000 	 0.039658 
-6.600000 	 0.119844 
-6.580000 	 0.265424 
-6.560000 	 0.146211 
-6.540000 	 -0.009612 
-6.520000 	 0.088949 
-6.500000 	 0.211628 
-6.480000 	 0.217854 
-6.460000 	 -0.009470 
-6.440000 	 0.018445 
-6.420000 	 -0.143769 
-6.400000 	 0.437307 
-6.380000 	 0.186534 
-6.360000 	 0.150226 
-6.340000 	 0.258413 
-6.320000 	 -0.001453 
-6.300000 	 -0.002218 
-6.280000 	 -0.074686 
-6.260000 	 0.179465 
-6.240000 	 0.364946 
-6.220000 	 0.224044 
-6.200000 	 0.259619 
-6.180000 	 0.064681 
-6.160000 	 0.426560 
-6.140000 	 0.190682 
-6.120000 	 0.426758 
-6.100000 	 -0.017304 
-6.080000 	 0.310600 
-6.060000 	 0.167012 
-6.040000 	 0.282282 
-6.020000 	 0.082682 
-6.000000 	 0.219717 
-5.980000 	 0.275093 
-5.960000 	 0.189603 
-5.940000 	 0.214007 
-5.920000 	 0.346066 
-5.900000 	 0.163788 
-5.880000 	 0.370747 
-5.860000 	 0.037058 
-5.840000 	 0.414876 
-5.820000 	 0.366973 
-5.800000 	 0.113542 
-5.780000 	 0.564936 
-5.760000 	 0.002435 
-5.740000 	 0.344504 
-5.720000 	 0.285460 
-5.700000 	 -0.013118 
-5.680000 	 0.265147 
-5.660000 	 0.031116 
-5.640000 	 0.252857 
-5.620000 	 0.353755 
-5.600000 	 0.298153 
-5.580000 	 0.352535 
-5.560000 	 0.400619 
-5.540000 	 0.291234 
-5.520000 	 0.664302 
-5.500000 	 -0.089578 
-5.480000 	 0.405108 
-5.460000 	 0.086148 
-5.440000 	 0.412231 
-5.420000 	 0.368614 
-5.400000 	 0.415416 
-5.380000 	 0.233283 
-5.360000 	 0.213968 
-5.340000 	 0.403036 
-5.320000 	 0.541979 
-5.300000 	 0.206084 
-5.280000 	 0.353365 
-5.260000 	 0.325257 
-5.240000 	 0.499749 
-5.220000 	 0.366786 
-5.200000 	 0.357472 
-5.180000 	 0.040008 
-5.160000 	 0.144648 
-5.140000 	 0.314998 
-5.120000 	 0.348252 
-5.100000 	 0.398807 
-5.080000 	 0.840709 
-5.060000 	 0.213195 
-5.040000 	 0.407070 
-5.020000 	 0.309987 
-5.000000 	 0.469406 
-4.980000 	 0.237901 
-4.960000 	 0.469778 
-4.940000 	 0.362030 
-4.920000 	 0.505880 
-4.900000 	 0.473266 
-4.880000 	 0.648410 
-4.860000 	 0.298193 
-4.840000 	 0.564048 
-4.820000 	 0.582718 
-4.800000 	 0.143712 
-4.780000 	 0.184180 
-4.760000 	 0.407878 
-4.740000 	 0.187429 
-4.720000 	 0.688750 
-4.700000 	 0.382485 
-4.680000 	 0.692686 
-4.660000 	 0.430005 
-4.640000 	 0.270372 
-4.620000 	 0.542322 
-4.600000 	 0.663588 
-4.580000 	 0.512243 
-4.560000 	 0.229707 
-4.540000 	 0.557596 
-4.520000 	 0.492314 
-4.500000 	 0.696774 
-4.480000 	 0.253091 
-4.460000 	 0.410833 
-4.440000 	 0.417966 
-4.420000 	 0.681031 
-4.400000 	 0.403366 
-4.380000 	 0.481261 
-4.360000 	 0.470534 
-4.340000 	 0.729878 
-4.320000 	 0.250397 
-4.300000 	 0.325410 
-4.280000 	 0.327177 
-4.260000 	 0.593961 
-4.240000 	 0.688475 
-4.220000 	 0.563891 
-4.200000 	 0.370420 
-4.180000 	 0.468028 
-4.160000 	 0.455344 
-4.140000 	 0.120265 
-4.120000 	 0.454720 
-4.100000 	 0.904887 
-4.080000 	 0.573233 
-4.060000 	 0.344206 
-4.040000 	 0.627983 
-4.020000 	 0.621710 
-4.000000 	 0.612222 
-3.980000 	 0.520225 
-3.960000 	 0.481500 
-3.940000 	 0.391568 
-3.920000 	 0.581450 
-3.900000 	 0.418283 
-3.880000 	 0.138378 
-3.860000 	 0.478700 
-3.840000 	 0.472978 
-3.820000 	 0.747105 
-3.800000 	 0.515450 
-3.780000 	 0.541694 
-3.760000 	 0.560412 
-3.740000 	 0.339632 
-3.720000 	 0.175428 
-3.700000 	 0.093127 
-3.680000 	 0.570452 
-3.660000 	 0.795187 
-3.640000 	 0.410146 
-3.620000 	 0.371742 
-3.600000 	 0.457945 
-3.580000 	 0.419416 
-3.560000 	 0.592498 
-3.540000 	 0.530605 
-3.520000 	 0.628421 
-3.500000 	 0.535676 
-3.480000 	 0.530812 
-3.460000 	 0.495631 
-3.440000 	 0.072902 
-3.420000 	 0.321860 
-3.400000 	 0.299345 
-3.380000 	 0.359009 
-3.360000 	 0.386746 
-3.340000 	 0.441115 
-3.320000 	 0.539695 
-3.300000 	 0.286159 
-3.280000 	 0.321135 
-3.260000 	 0.182475 
-3.240000 	 0.237496 
-3.220000 	 0.382233 
-3.200000 	 0.419702 
-3.180000 	 0.439286 
-3.160000 	 0.383073 
-3.140000 	 0.513163 
-3.120000 	 0.707621 
-3.100000 	 0.530177 
-3.080000 	 0.451110 
-3.060000 	 0.283630 
-3.040000 	 0.256098 
-3.020000 	 0.321866 
-3.000000 	 0.595806 
-2.980000 	 0.221913 
-2.960000 	 0.635646 
-2.940000 	 0.477962 
-2.920000 	 0.444881 
-2.900000 	 0.442407 
-2.880000 	 0.252407 
-2.860000 	 0.495367 
-2.840000 	 0.524163 
-2.820000 	 0.310762 
-2.800000 	 0.273074 
-2.780000 	 0.207127 
-2.760000 	 0.298741 
-2.740000 	 0.291542 
-2.720000 	 0.272606 
-2.700000 	 0.246398 
-2.680000 	 0.346633 
-2.660000 	 0.478541 
-2.640000 	 0.389490 
-2.620000 	 0.350248 
-2.600000 	 0.473283 
-2.580000 	 0.332768 
-2.560000 	 0.401889 
-2.540000 	 0.386906 
-2.520000 	 0.284564 
-2.500000 	 0.354341 
-2.480000 	 0.455241 
-2.460000 	 0.331854 
-2.440000 	 0.139247 
-2.420000 	 0.382289 
-2.400000 	 0.416127 
-2.380000 	 0.221920 
-2.360000 	 0.180473 
-2.340000 	 0.351865 
-2.320000 	 0.409141 
-2.300000 	 0.176294 
-2.280000 	 0.157410 
-2.260000 	 0.374349 
-2.240000 	 0.044144 
-2.220000 	 0.195640 
-2.200000 	 0.561460 
-2.180000 	 0.334159 
-2.160000 	 0.172883 
-2.140000 	 0.289284 
-2.120000 	 0.020547 
-2.100000 	 0.052518 
-2.080000 	 0.076875 
-2.060000 	 0.171989 
-2.040000 	 0.265463 
-2.020000 	 -0.091886 
-2.000000 	 0.422657 
-1.980000 	 0.336427 
-1.960000 	 0.167857 
-1.940000 	 0.064238 
-1.920000 	 0.076097 
-1.900000 	 0.391756 
-1.880000 	 0.514523 
-1.860000 	 0.154381 
-1.840000 	 0.365396 
-1.820000 	 0.295339 
-1.800000 	 0.155145 
-1.780000 	 0.009861 
-1.760000 	 0.230935 
-1.740000 	 0.276270 
-1.720000 	 0.329979 
-1.700000 	 0.316366 
-1.680000 	 0.379062 
-1.660000 	 0.160749 
-1.640000 	 0.118304 
-1.620000 	 0.304120 
-1.600000 	 0.195193 
-1.580000 	 0.483524 
-1.560000 	 0.114334 
-1.540000 	 0.178265 
-1.520000 	 0.152040 
-1.500000 	 0.095265 
-1.480000 	 0.149993 
-1.460000 	 0.224887 
-1.440000 	 0.032554 
-1.420000 	 0.028783 
-1.400000 	 0.238619 
-1.380000 	 0.135830 
-1.360000 	 0.168472 
-1.340000 	 0.247559 
-1.320000 	 0.049556 
-1.300000 	 0.176654 
-1.280000 	 0.157547 
-1.260000 	 0.088019 
-1.240000 	 0.058507 
-1.220000 	 -0.018954 
-1.200000 	 -0.096292 
-1.180000 	 0.279739 
-1.160000 	 0.299378 
-1.140000 	 0.070174 
-1.120000 	 -0.041480 
-1.100000 	 -0.007917 
-1.080000 	 -0.044025 
-1.060000 	 0.199489 
-1.040000 	 0.011700 
-1.020000 	 0.098425 
-1.000000 	 0.054939 
-0.980000 	 0.205174 
-0.960000 	 0.187528 
-0.940000 	 0.019676 
-0.920000 	 0.301368 
-0.900000 	 0.381398 
-0.880000 	 0.243483 
-0.860000 	 0.172657 
-0.840000 	 0.372601 
-0.820000 	 0.112796 
-0.800000 	 0.311271 
-0.780000 	 0.271271 
-0.760000 	 0.163342 
-0.740000 	 0.065710 
-0.720000 	 0.240793 
-0.700000 	 0.195590 
-0.680000 	 -0.129086 
-0.660000 	 0.331618 
-0.640000 	 0.152808 
-0.620000 	 0.227585 
-0.600000 	 0.040679 
-0.580000 	 0.406453 
-0.560000 	 0.091516 
-0.540000 	 0.076406 
-0.520000 	 -0.062597 
-0.500000 	 0.077528 
-0.480000 	 0.314290 
-0.460000 	 -0.300000 
-0.440000 	 0.017054 
-0.420000 	 0.304408 
-0.400000 	 0.112916 
-0.380000 	 0.025224 
-0.360000 	 0.176231 
-0.340000 	 0.173001 
-0.320000 	 0.096628 
-0.300000 	 0.227688 
-0.280000 	 0.309999 
-0.260000 	 0.126181 
-0.240000 	 0.033878 
-0.220000 	 0.204501 
-0.200000 	 0.126606 
-0.180000 	 0.210956 
-0.160000 	 0.250694 
-0.140000 	 0.005828 
-0.120000 	 0.094846 
-0.100000 	 0.288351 
-0.080000 	 0.200378 
-0.060000 	 0.542386 
-0.040000 	 -0.182322 
-0.020000 	 0.424728 
0.000000 	 0.284002 
0.020000 	 0.070623 
0.040000 	 0.404123 
0.060000 	 0.426609 
0.080000 	 0.406975 
0.100000 	 0.448658 
0.120000 	 0.400477 
0.140000 	 0.264342 
0.160000 	 0.663597 
0.180000 	 0.062784 
0.200000 	 0.150961 
0.220000 	 0.290858 
0.240000 	 0.322688 
0.260000 	 0.093173 
0.280000 	 0.148458 
0.300000 	 0.431199 
0.320000 	 0.204136 
0.340000 	 0.646050 
0.360000 	 0.622711 
0.380000 	 0.243241 
0.400000 	 0.466132 
0.420000 	 0.256571 
0.440000 	 0.326423 
0.460000 	 0.288418 
0.480000 	 0.577009 
0.500000 	 0.261976 
0.520000 	 0.402864 
0.540000 	 0.134534 
0.560000 	 0.103499 
0.580000 	 0.323904 
0.600000 	 0.266791 
0.620000 	 0.815995 
0.640000 	 0.120296 
0.660000 	 0.494951 
0.680000 	 0.560670 
0.700000 	 0.344749 
0.720000 	 0.135812 
0.740000 	 0.587264 
0.760000 	 0.508605 
0.780000 	 0.493639 
0.800000 	 0.378706 
0.820000 	 0.450190 
0.840000 	 0.604213 
0.860000 	 0.434754 
0.880000 	 0.494361 
0.900000 	 0.227041 
0.920000 	 0.700155 
0.940000 	 0.501687 
0.960000 	 0.434928 
0.980000 	 0.324046 
1.000000 	 0.458283 
1.020000 	 0.816916 
1.040000 	 0.335130 
1.060000 	 0.522617 
1.080000 	 0.693146 
1.100000 	 0.626527 
1.120000 	 0.561630 
1.140000 	 0.582224 
1.160000 	 0.508323 
1.180000 	 0.548775 
1.200000 	 0.569408 
1.220000 	 0.587290 
1.240000 	 0.644325 
1.260000 	 0.570828 
1.280000 	 0.688234 
1.300000 	 0.476380 
1.320000 	 0.953699 
1.340000 	 0.263044 
1.360000 	 0.900541 
1.380000 	 0.544027 
1.400000 	 0.617321 
1.420000 	 0.701208 
1.440000 	 0.558568 
1.460000 	 0.596651 
1.480000 	 0.718872 
1.500000 	 0.628960 
1.520000 	 0.850173 
1.540000 	 0.404968 
1.560000 	 0.537626 
1.580000 	 0.798904 
1.600000 	 0.916686 
1.620000 	 0.594719 
1.640000 	 0.951051 
1.660000 	 0.851093 
1.680000 	 0.954330 
1.700000 	 1.008125 
1.720000 	 1.042022 
1.740000 	 0.945846 
1.760000 	 0.952595 
1.780000 	 0.917821 
1.800000 	 1.168617 
1.820000 	 0.728425 
1.840000 	 0.628251 
1.860000 	 0.819076 
1.880000 	 0.889312 
1.900000 	 0.927848 
1.920000 	 1.160947 
1.940000 	 0.619391 
1.960000 	 0.869477 
1.980000 	 0.929624 
2.000000 	 1.282474 
2.020000 	 1.183150 
2.040000 	 0.848696 
2.060000 	 1.003185 
2.080000 	 1.270343 
2.100000 	 1.147604 
2.120000 	 1.131826 
2.140000 	 0.893208 
2.160000 	 1.066124 
2.180000 	 0.935394 
2.200000 	 1.033739 
2.220000 	 1.107561 
2.240000 	 1.246917 
2.260000 	 0.956632 
2.280000 	 1.138072 
2.300000 	 1.115980 
2.320000 	 0.987872 
2.340000 	 1.036854 
2.360000 	 0.950835 
2.380000 	 1.037976 
2.400000 	 1.370052 
2.420000 	 1.276234 
2.440000 	 1.068110 
2.460000 	 1.220517 
2.480000 	 1.289895 
2.500000 	 1.229206 
2.520000 	 1.183811 
2.540000 	 1.292227 
2.560000 	 1.374634 
2.580000 	 1.076964 
2.600000 	 1.230555 
2.620000 	 1.596795 
2.640000 	 1.325659 
2.660000 	 1.204376 
2.680000 	 1.357164 
2.700000 	 1.354162 
2.720000 	 1.357859 
2.740000 	 1.283726 
2.760000 	 1.571185 
2.780000 	 1.206960 
2.800000 	 1.206847 
2.820000 	 1.270651 
2.840000 	 1.151387 
2.860000 	 1.335771 
2.880000 	 1.299484 
2.900000 	 1.489942 
2.920000 	 1.600515 
2.940000 	 1.512872 
2.960000 	 1.162696 
2.980000 	 1.438517 
3.000000 	 1.816597 
3.020000 	 1.484480 
3.040000 	 1.337028 
3.060000 	 1.595954 
3.080000 	 1.489280 
3.100000 	 1.357950 
3.120000 	 1.193255 
3.140000 	 1.221161 
3.160000 	 1.448661 
3.180000 	 1.198060 
3.200000 	 1.455770 
3.220000 	 1.663665 
3.240000 	 1.104326 
3.260000 	 1.516386 
3.280000 	 1.199161 
3.300000 	 1.464913 
3.320000 	 1.473847 
3.340000 	 1.480821 
3.360000 	 1.520862 
3.380000 	 1.438403 
3.400000 	 1.706450 
3.420000 	 1.847164 
3.440000 	 1.523492 
3.460000 	 1.625138 
3.480000 	 1.569801 
3.500000 	 1.570398 
3.520000 	 1.535686 
3.540000 	 1.645785 
3.560000 	 1.700777 
3.580000 	 1.588547 
3.600000 	 1.618994 
3.620000 	 1.678345 
3.640000 	 1.419260 
3.660000 	 1.709565 
3.680000 	 1.425555 
3.700000 	 1.388218 
3.720000 	 1.524890 
3.740000 	 1.611750 
3.760000 	 1.755231 
3.780000 	 1.681934 
3.800000 	 1.401497 
3.820000 	 1.567736 
3.840000 	 1.757805 
3.860000 	 1.799765 
3.880000 	 1.563773 
3.900000 	 1.469457 
3.920000 	 1.340641 
3.940000 	 1.486691 
3.960000 	 1.553561 
3.980000 	 1.646728 
4.000000 	 1.544121 
4.020000 	 1.752695 
4.040000 	 1.778178 
4.060000 	 1.718021 
4.080000 	 1.387690 
4.100000 	 1.176459 
4.120000 	 1.437963 
4.140000 	 1.428637 
4.160000 	 1.524143 
4.180000 	 1.622123 
4.200000 	 1.588794 
4.220000 	 1.639036 
4.240000 	 1.711272 
4.260000 	 1.397369 
4.280000 	 1.587338 
4.300000 	 1.789115 
4.320000 	 1.508668 
4.340000 	 1.405200 
4.360000 	 1.751143 
4.380000 	 1.589153 
4.400000 	 1.832331 
4.420000 	 1.743444 
4.440000 	 1.540815 
4.460000 	 1.320340 
4.480000 	 1.495853 
4.500000 	 1.568179 
4.520000 	 1.426847 
4.540000 	 1.353543 
4.560000 	 1.705249 
4.580000 	 1.330289 
4.600000 	 1.622635 
4.620000 	 1.467801 
4.640000 	 1.640093 
4.660000 	 1.587334 
4.680000 	 1.218155 
4.700000 	 1.535503 
4.720000 	 1.552468 
4.740000 	 1.235860 
4.760000 	 1.722783 
4.780000 	 1.448691 
4.800000 	 1.228150 
4.820000 	 1.463315 
4.840000 	 1.200809 
4.860000 	 1.314559 
4.880000 	 1.395834 
4.900000 	 0.400000 
4.920000 	 1.550187 
4.940000 	 1.419609 
4.960000 	 1.501671 
4.980000 	 1.540129 
5.000000 	 1.593796 
5.020000 	 1.218498 
5.040000 	 1.603999 
5.060000 	 1.568341 
5.080000 	 1.105397 
5.100000 	 1.208923 
5.120000 	 1.446711 
5.140000 	 1.081952 
5.160000 	 1.470315 
5.180000 	 1.318610 
5.200000 	 1.376584 
5.220000 	 1.469639 
5.240000 	 1.098825 
5.260000 	 1.085486 
5.280000 	 1.396514 
5.300000 	 1.150626 
5.320000 	 1.596767 
5.340000 	 1.164543 
5.360000 	 1.424619 
5.380000 	 1.601414 
5.400000 	 1.489042 
5.420000 	 1.317001 
5.440000 	 1.136089 
5.460000 	 1.209850 
5.480000 	 1.168179 
5.500000 	 1.358065 
5.520000 	 1.205421 
5.540000 	 1.300675 
5.560000 	 1.263898 
5.580000 	 1.124703 
5.600000 	 1.186733 
5.620000 	 1.229415 
5.640000 	 1.184139 
5.660000 	 1.355058 
5.680000 	 1.156863 
5.700000 	 1.199599 
5.720000 	 1.220800 
5.740000 	 1.193258 
5.760000 	 1.077518 
5.780000 	 0.987256 
5.800000 	 1.007872 
5.820000 	 1.434183 
5.840000 	 0.976256 
5.860000 	 0.936565 
5.880000 	 1.189724 
5.900000 	 1.155725 
5.920000 	 1.089319 
5.940000 	 0.943825 
5.960000 	 1.277128 
5.980000 	 0.904528 
6.000000 	 0.901035 
6.020000 	 1.021139 
6.040000 	 0.756279 
6.060000 	 0.925170 
6.080000 	 0.967420 
6.100000 	 0.826301 
6.120000 	 0.855551 
6.140000 	 1.005817 
6.160000 	 1.057957 
6.180000 	 1.023871 
6.200000 	 0.979571 
6.220000 	 0.734326 
6.240000 	 0.905346 
6.260000 	 0.670368 
6.280000 	 0.737635 
6.300000 	 0.679654 
6.320000 	 0.515872 
6.340000 	 0.750564 
6.360000 	 0.617532 
6.380000 	 0.785987 
6.400000 	 0.822547 
6.420000 	 0.568962 
6.440000 	 1.012667 
6.460000 	 0.789605 
6.480000 	 0.626944 
6.500000 	 0.876979 
6.520000 	 0.419566 
6.540000 	 0.737463 
6.560000 	 0.571536 
6.580000 	 0.772606 
6.600000 	 0.693048 
6.620000 	 0.884734 
6.640000 	 0.594644 
6.660000 	 0.479346 
6.680000 	 0.747112 
6.700000 	 0.553539 
6.720000 	 0.752242 
6.740000 	 0.591659 
6.760000 	 0.640890 
6.780000 	 0.572796 
6.800000 	 0.372055 
6.820000 	 0.509985 
6.840000 	 0.605915 
6.860000 	 0.861426 
6.880000 	 0.485869 
6.900000 	 0.395279 
6.920000 	 0.831935 
6.940000 	 0.501797 
6.960000 	 0.671901 
6.980000 	 0.717127 
7.000000 	 0.364935 
7.020000 	 0.378175 
7.040000 	 0.736991 
7.060000 	 0.604577 
7.080000 	 0.467643 
7.100000 	 0.523767 
7.120000 	 0.342897 
7.140000 	 0.763155 
7.160000 	 0.518861 
7.180000 	 0.672943 
7.200000 	 0.351554 
7.220000 	 0.495492 
7.240000 	 0.425916 
7.260000 	 0.332871 
7.280000 	 0.660574 
7.300000 	 0.522711 
7.320000 	 0.390009 
7.340000 	 0.528541 
7.360000 	 0.425886 
7.380000 	 0.496335 
7.400000 	 0.466237 
7.420000 	 0.313275 
7.440000 	 0.264461 
7.460000 	 0.631969 
7.480000 	 0.449274 
7.500000 	 0.550880 
7.520000 	 0.486881 
7.540000 	 0.009847 
7.560000 	 0.395962 
7.580000 	 0.264213 
7.600000 	 0.266677 
7.620000 	 0.427421 
7.640000 	 0.411372 
7.660000 	 0.132378 
7.680000 	 0.059833 
7.700000 	 0.336111 
7.720000 	 0.226381 
7.740000 	 0.450696 
7.760000 	 0.463205 
7.780000 	 0.360614 
7.800000 	 0.317667 
7.820000 	 0.051846 
7.840000 	 0.084357 
7.860000 	 0.133769 
7.880000 	 0.248283 
7.900000 	 0.323233 
7.920000 	 0.262172 
7.940000 	 0.191927 
7.960000 	 0.379599 
7.980000 	 0.141262 
8.000000 	 0.080174 
8.020000 	 0.227510 
8.040000 	 0.210826 
8.060000 	 0.360392 
8.080000 	 0.356129 
8.100000 	 0.224039 
8.120000 	 0.313243 
8.140000 	 0.174850 
8.160000 	 0.031196 
8.180000 	 0.043605 
8.200000 	 0.250337 
8.220000 	 0.304700 
8.240000 	 0.230645 
8.260000 	 0.208383 
8.280000 	 -0.136231 
8.300000 	 0.373549 
8.320000 	 0.117131 
8.340000 	 0.197698 
8.360000 	 0.130994 
8.380000 	 -0.128508 
8.400000 	 0.401417 
8.420000 	 0.202247 
8.440000 	 0.087183 
8.460000 	 0.078979 
8.480000 	 -0.037329 
8.500000 	 0.089282 
8.520000 	 -0.259043 
8.540000 	 0.377480 
8.560000 	 0.272849 
8.580000 	 0.322601 
8.600000 	 0.214798 
8.620000 	 0.024327 
8.640000 	 0.177290 
8.660000 	 0.000229 
8.680000 	 -0.166767 
8.700000 	 0.022592 
8.720000 	 0.195642 
8.740000 	 0.046073 
8.760000 	 0.068812 
8.780000 	 0.368690 
8.800000 	 0.009969 
8.820000 	 0.122751 
8.840000 	 -0.152665 
8.860000 	 0.001465 
8.880000 	 0.286739 
8.900000 	 -0.101040 
8.920000 	 0.103593 
8.940000 	 0.026795 
8.960000 	 0.036512 
8.980000 	 0.338396 
9.000000 	 0.102485 
9.020000 	 0.248757 
9.040000 	 0.217168 
9.060000 	 0.229439 
9.080000 	 -0.185210 
9.100000 	 0.033221 
9.120000 	 0.218778 
9.140000 	 0.145167 
9.160000 	 -0.092720 
9.180000 	 -0.240981 
9.200000 	 0.045277 
9.220000 	 0.096318 
9.240000 	 0.103185 
9.260000 	 -0.230389 
9.280000 	 0.064856 
9.300000 	 0.083601 
9.320000 	 0.253253 
9.340000 	 -0.100686 
9.360000 	 -0.138045 
9.380000 	 0.028852 
9.400000 	 -0.378127 
9.420000 	 0.248108 
9.440000 	 -0.112936 
9.460000 	 0.089320 
9.480000 	 -0.070579 
9.500000 	 0.090824 
9.520000 	 -0.173736 
9.540000 	 -0.071650 
9.560000 	 0.229427 
9.580000 	 -0.148860 
9.600000 	 -0.141175 
9.620000 	 -0.098728 
9.640000 	 0.169307 
9.660000 	 -0.178731 
9.680000 	 0.226177 
9.700000 	 0.198095 
9.720000 	 -0.252971 
9.740000 	 0.059674 
9.760000 	 -0.005050 
9.780000 	 -0.025133 
9.800000 	 0.900000 
9.820000 	 -0.028321 
9.840000 	 0.058520 
9.860000 	 -0.065269 
9.880000 	 -0.337206 
9.900000 	 -0.011936 
9.920000 	 0.067994 
9.940000 	 0.031352 
9.960000 	 0.165853 
9.980000 	 0.018301 
10.000000 	 0.030547 
10.020000 	 0.117893 
10.040000 	 -0.258842 
10.060000 	 0.028872 
10.080000 	 0.206213 
10.100000 	 0.013738 
10.120000 	 0.262509 
10.140000 	 0.056670 
10.160000 	 0.060970 
10.180000 	 0.114105 
10.200000 	 0.029499 
10.220000 	 0.017112 
10.240000 	 -0.042883 
10.260000 	 0.136821 
10.280000 	 -0.035188 
10.300000 	 0.276784 
10.320000 	 0.159754 
10.340000 	 0.284649 
10.360000 	 0.002140 
10.380000 	 0.011631 
10.400000 	 0.071315 
10.420000 	 0.093534 
10.440000 	 0.028852 
10.460000 	 -0.137988 
10.480000 	 -0.014171 
10.500000 	 -0.052587 
10.520000 	 0.323097 
10.540000 	 0.204950 
10.560000 	 -0.091740 
10.580000 	 0.051583 
10.600000 	 -0.100891 
10.620000 	 0.029813 
10.640000 	 0.154391 
10.660000 	 0.063599 
10.680000 	 -0.153324 
10.700000 	 -0.102651 
10.720000 	 -0.184110 
10.740000 	 -0.156452 
10.760000 	 0.045149 
10.780000 	 -0.141015 
10.800000 	 0.138988 
10.820000 	 -0.019375 
10.840000 	 0.191274 
10.860000 	 -0.087440 
10.880000 	 0.089948 
10.900000 	 0.062424 
10.920000 	 -0.119316 
10.940000 	 0.044671 
10.960000 	 -0.073063 
10.980000 	 0.086812 
11.000000 	 -0.006161 
11.020000 	 0.032896 
11.040000 	 -0.129848 
11.060000 	 -0.279872 
11.080000 	 -0.158605 
11.100000 	 0.041990 
11.120000 	 0.054042 
11.140000 	 0.172576 
11.160000 	 -0.197143 
11.180000 	 -0.007204 
11.200000 	 -0.199530 
11.220000 	 0.307917 
11.240000 	 0.057808 
11.260000 	 -0.087909 
11.280000 	 0.181712 
11.300000 	 0.067168 
11.320000 	 -0.019624 
11.340000 	 0.131383 
11.360000 	 0.193164 
11.380000 	 -0.067579 
11.400000 	 -0.082771 
11.420000 	 0.003435 
11.440000 	 -0.232555 
11.460000 	 0.157805 
11.480000 	 -0.094859 
11.500000 	 0.016475 
11.520000 	 -0.001129 
11.540000 	 0.208070 
11.560000 	 -0.093458 
11.580000 	 0.030606 
11.600000 	 0.027035 
11.620000 	 -0.018993 
11.640000 	 0.001402 
11.660000 	 0.125155 
11.680000 	 -0.117858 
11.700000 	 -0.083338 
11.720000 	 -0.059822 
11.740000 	 -0.078100 
11.760000 	 0.159090 
11.780000 	 -0.093582 
11.800000 	 0.226257 
11.820000 	 -0.063269 
11.840000 	 0.059663 
11.860000 	 -0.071154 
11.880000 	 0.040820 
11.900000 	 -0.101327 
11.920000 	 0.055442 
11.940000 	 0.055312 
11.960000 	 -0.204479 
11.980000 	 0.078883 
12.000000 	 0.004613 
12.020000 	 0.015924 
12.040000 	 -0.081219 
12.060000 	 0.085357 
12.080000 	 -0.024943 
12.100000 	 -0.211062 
12.120000 	 -0.012087 
12.140000 	 0.082183 
12.160000 	 0.054287 
12.180000 	 0.083111 
12.200000 	 0.044130 
12.220000 	 0.072226 
12.240000 	 -0.043584 
12.260000 	 -0.007362 
12.280000 	 -0.006001 
12.300000 	 0.013653 
12.320000 	 0.023384 
12.340000 	 0.051860 
12.360000 	 -0.134944 
12.380000 	 -0.064923 
12.400000 	 -0.146363 
12.420000 	 -0.097610 
12.440000 	 0.005606 
12.460000 	 0.059027 
12.480000 	 -0.203643 
12.500000 	 -0.168393 
12.520000 	 -0.244639 
12.540000 	 0.042388 
12.560000 	 -0.333662 
12.580000 	 0.024271 
12.600000 	 0.101711 
12.620000 	 0.092034 
12.640000 	 -0.252378 
12.660000 	 0.112104 
12.680000 	 0.180376 
12.700000 	 0.224318 
12.720000 	 -0.128697 
12.740000 	 0.166488 
12.760000 	 -0.054404 
12.780000 	 0.208251 
12.800000 	 -0.010910 
12.820000 	 0.044063 
12.840000 	 0.065345 
12.860000 	 -0.177826 
12.880000 	 -0.434367 
12.900000 	 -0.001655 
12.920000 	 -0.131736 
12.940000 	 -0.211631 
12.960000 	 -0.140446 
12.980000 	 -0.060910 
13.000000 	 -0.009502 
13.020000 	 -0.039333 
13.040000 	 -0.059289 
13.060000 	 -0.012721 
13.080000 	 -0.044760 
13.100000 	 0.132398 
13.120000 	 -0.181661 
13.140000 	 -0.196453 
13.160000 	 -0.002810 
13.180000 	 -0.099886 
13.200000 	 0.290753 
13.220000 	 -0.099792 
13.240000 	 0.135393 
13.260000 	 0.118145 
13.280000 	 -0.195215 
13.300000 	 0.042423 
13.320000 	 -0.069207 
13.340000 	 0.020792 
13.360000 	 -0.134487 
13.380000 	 -0.100733 
13.400000 	 0.000994 
13.420000 	 0.116553 
13.440000 	 0.180262 
13.460000 	 0.090223 
13.480000 	 -0.125480 
13.500000 	 0.221874 
13.520000 	 0.248783 
13.540000 	 -0.149740 
13.560000 	 -0.071078 
13.580000 	 -0.035667 
13.600000 	 -0.169078 
13.620000 	 -0.040994 
13.640000 	 0.211515 
13.660000 	 -0.194558 
13.680000 	 -0.268086 
13.700000 	 0.172889 
13.720000 	 0.051284 
13.740000 	 -0.003411 
13.760000 	 0.015141 
13.780000 	 0.012684 
13.800000 	 -0.223027 
13.820000 	 0.275566 
13.840000 	 0.095931 
13.860000 	 -0.049285 
13.880000 	 0.089975 
13.900000 	 -0.159672 
13.920000 	 0.082529 
13.940000 	 -0.010115 
13.960000 	 0.003557 
13.980000 	 -0.105541 
14.000000 	 -0.172281 
14.020000 	 -0.099474 
14.040000 	 -0.176025 
14.060000 	 -0.245207 
14.080000 	 0.158626 
14.100000 	 -0.139568 
14.120000 	 0.100786 
14.140000 	 -0.044364 
14.160000 	 0.145354 
14.180000 	 -0.027100 
14.200000 	 -0.004879 
14.220000 	 0.226183 
14.240000 	 0.000611 
14.260000 	 0.117953 
14.280000 	 -0.110398 
14.300000 	 -0.250746 
14.320000 	 -0.010195 
14.340000 	 0.104748 
14.360000 	 -0.272103 
14.380000 	 0.097528 
14.400000 	 0.017204 
14.420000 	 0.023240 
14.440000 	 0.069981 
14.460000 	 -0.046485 
14.480000 	 0.348030 
14.500000 	 -0.046445 
14.520000 	 0.078692 
14.540000 	 -0.045469 
14.560000 	 0.120035 
14.580000 	 -0.067349 
14.600000 	 0.017605 
14.620000 	 0.114076 
14.640000 	 -0.205303 
14.660000 	 -0.018123 
14.680000 	 -0.036684 
14.700000 	 0.081680 
14.720000 	 0.016855 
14.740000 	 -0.103071 
14.760000 	 0.107033 
14.780000 	 -0.144886 
14.800000 	 0.368560 
14.820000 	 0.080928 
14.840000 	 0.205257 
14.860000 	 0.086350 
14.880000 	 0.221866 
14.900000 	 -0.213687 
14.920000 	 0.017941 
14.940000 	 0.070433 
14.960000 	 -0.262850 
14.980000 	 -0.115087 
15.000000 	 0.229042 
