-15.000000 	 -0.000317 
-14.980000 	 0.282100 
-14.960000 	 -0.006434 
-14.940000 	 -0.067049 
-14.920000 	 -0.097162 
-14.900000 	 -0.265859 
-14.880000 	 0.072313 
-14.860000 	 0.068697 
-14.840000 	 0.154986 
-14.820000 	 0.089569 
-14.800000 	 -0.084978 
-14.780000 	 0.035073 
-14.760000 	 0.261637 
-14.740000 	 0.095567 
-14.720000 	 0.107078 
-14.700000 	 0.055125 
-14.680000 	 -0.076917 
-14.660000 	 -0.104148 
-14.640000 	 0.102842 
-14.620000 	 0.097162 
-14.600000 	 -0.177825 
-14.580000 	 0.016837 
-14.560000 	 -0.057480 
-14.540000 	 -0.004791 
-14.520000 	 0.069258 
-14.500000 	 -0.059608 
-14.480000 	 -0.087835 
-14.460000 	 -0.026189 
-14.440000 	 0.054045 
-14.420000 	 0.012020 
-14.400000 	 -0.135221 
-14.380000 	 0.142759 
-14.360000 	 -0.061984 
-14.340000 	 -0.068794 
-14.320000 	 -0.056267 
-14.300000 	 -0.080331 
-14.280000 	 0.053957 
-14.260000 	 0.121917 
-14.240000 	 0.095827 
-14.220000 	 0.128785 
-14.200000 	 -0.030972 
-14.180000 	 0.038402 
-14.160000 	 0.210026 
-14.140000 	 0.019836 
-14.120000 	 -0.005394 
-14.100000 	 0.143442 
-14.080000 	 0.017451 
-14.060000 	 0.230541 
-14.040000 	 0.067630 
-14.020000 	 -0.073593 
-14.000000 	 -0.176320 
-13.980000 	 0.031493 
-13.960000 	 0.039357 
-13.940000 	 0.184643 
-13.920000 	 -0.042722 
-13.900000 	 0.100324 
-13.880000 	 -0.034742 
-13.860000 	 0.101840 
-13.840000 	 -0.220578 
-13.820000 	 -0.172668 
-13.800000 	 -0.122705 
-13.780000 	 -0.181912 
-13.760000 	 0.010455 
-13.740000 	 -0.200376 
-13.720000 	 -0.085549 
-13.700000 	 -0.263119 
-13.680000 	 0.293362 
-13.660000 	 0.252691 
-13.640000 	 -0.023325 
-13.620000 	 -0.136646 
-13.600000 	 0.046341 
-13.580000 	 0.041299 
-13.560000 	 -0.116927 
-13.540000 	 0.223456 
-13.520000 	 0.024801 
-13.500000 	 0.006015 
-13.480000 	 -0.024597 
-13.460000 	 0.053631 
-13.440000 	 -0.264080 
-13.420000 	 -0.179924 
-13.400000 	 -0.119253 
-13.380000 	 -0.170550 
-13.360000 	 0.185225 
-13.340000 	 -0.025414 
-13.320000 	 0.262165 
-13.300000 	 -0.076683 
-13.280000 	 -0.108073 
-13.260000 	 -0.088775 
-13.240000 	 -0.100242 
-13.220000 	 -0.249848 
-13.200000 	 0.105964 
-13.180000 	 0.159222 
-13.160000 	 -0.100280 
-13.140000 	 -0.108699 
-13.120000 	 -0.103579 
-13.100000 	 0.010606 
-13.080000 	 0.255131 
-13.060000 	 -0.055018 
-13.040000 	 -0.001735 
-13.020000 	 -0.040545 
-13.000000 	 -0.106834 
-12.980000 	 -0.162707 
-12.960000 	 -0.133158 
-12.940000 	 -0.200000 
-12.920000 	 -0.200620 
-12.900000 	 0.130057 
-12.880000 	 -0.217456 
-12.860000 	 0.118962 
-12.840000 	 0.047652 
-12.820000 	 -0.162648 
-12.800000 	 0.257232 
-12.780000 	 0.229414 
-12.760000 	 0.077069 
-12.740000 	 -0.361866 
-12.720000 	 -0.019235 
-12.700000 	 0.050934 
-12.680000 	 -0.002990 
-12.660000 	 -0.213561 
-12.640000 	 0.024672 
-12.620000 	 0.011539 
-12.600000 	 0.052681 
-12.580000 	 -0.070491 
-12.560000 	 -0.089014 
-12.540000 	 0.234928 
-12.520000 	 0.203285 
-12.500000 	 0.083683 
-12.480000 	 0.182984 
-12.460000 	 -0.004259 
-12.440000 	 -0.071922 
-12.420000 	 -0.080405 
-12.400000 	 -0.229457 
-12.380000 	 0.074231 
-12.360000 	 -0.060216 
-12.340000 	 -0.169048 
-12.320000 	 0.170361 
-12.300000 	 0.177562 
-12.280000 	 0.093385 
-12.260000 	 -0.167230 
-12.240000 	 -0.163855 
-12.220000 	 0.180449 
-12.200000 	 0.002290 
-12.180000 	 0.028306 
-12.160000 	 0.021503 
-12.140000 	 0.179961 
-12.120000 	 0.142959 
-12.100000 	 -0.158203 
-12.080000 	 -0.263672 
-12.060000 	 0.106132 
-12.040000 	 -0.119838 
-12.020000 	 0.096009 
-12.000000 	 -0.175464 
-11.980000 	 -0.170039 
-11.960000 	 -0.129801 
-11.940000 	 0.058078 
-11.920000 	 0.008881 
-11.900000 	 0.019407 
-11.880000 	 0.253795 
-11.860000 	 0.080127 
-11.840000 	 -0.103199 
-11.820000 	 -0.068711 
-11.800000 	 0.073485 
-11.780000 	 0.277502 
-11.760000 	 0.017032 
-11.740000 	 -0.008160 
-11.720000 	 0.270124 
-11.700000 	 -0.224696 
-11.680000 	 0.056956 
-11.660000 	 0.132849 
-11.640000 	 -0.045280 
-11.620000 	 0.030270 
-11.600000 	 0.161211 
-11.580000 	 -0.038068 
-11.560000 	 -0.099875 
-11.540000 	 0.040715 
-11.520000 	 0.046081 
-11.500000 	 -0.187033 
-11.480000 	 -0.325031 
-11.460000 	 0.211464 
-11.440000 	 -0.040539 
-11.420000 	 0.110132 
-11.400000 	 -0.154650 
-11.380000 	 -0.144649 
-11.360000 	 -0.253344 
-11.340000 	 -0.146012 
-11.320000 	 -0.144176 
-11.300000 	 -0.018056 
-11.280000 	 -0.191282 
-11.260000 	 0.035001 
-11.240000 	 0.055074 
-11.220000 	 -0.123629 
-11.200000 	 0.002814 
-11.180000 	 0.072879 
-11.160000 	 -0.158295 
-11.140000 	 -0.122151 
-11.120000 	 0.142602 
-11.100000 	 -0.317273 
-11.080000 	 0.000350 
-11.060000 	 -0.077533 
-11.040000 	 0.107221 
-11.020000 	 0.059032 
-11.000000 	 -0.040103 
-10.980000 	 -0.263671 
-10.960000 	 -0.108743 
-10.940000 	 -0.255406 
-10.920000 	 0.419578 
-10.900000 	 -0.104056 
-10.880000 	 0.003026 
-10.860000 	 -0.245379 
-10.840000 	 0.006316 
-10.820000 	 0.059814 
-10.800000 	 -0.183401 
-10.780000 	 -0.107951 
-10.760000 	 0.123045 
-10.740000 	 -0.126535 
-10.720000 	 -0.034986 
-10.700000 	 0.125510 
-10.680000 	 0.027804 
-10.660000 	 -0.055763 
-10.640000 	 -0.155807 
-10.620000 	 -0.043621 
-10.600000 	 0.134093 
-10.580000 	 -0.134308 
-10.560000 	 0.186586 
-10.540000 	 -0.304271 
-10.520000 	 0.493195 
-10.500000 	 0.081374 
-10.480000 	 -0.071406 
-10.460000 	 0.013884 
-10.440000 	 0.025741 
-10.420000 	 0.172317 
-10.400000 	 0.187980 
-10.380000 	 -0.015840 
-10.360000 	 -0.144377 
-10.340000 	 0.075747 
-10.320000 	 -0.072498 
-10.300000 	 0.311811 
-10.280000 	 -0.073225 
-10.260000 	 -0.011891 
-10.240000 	 0.162994 
-10.220000 	 0.102208 
-10.200000 	 -0.057237 
-10.180000 	 0.309617 
-10.160000 	 0.151049 
-10.140000 	 -0.016990 
-10.120000 	 -0.214768 
-10.100000 	 0.048826 
-10.080000 	 0.180445 
-10.060000 	 -0.047391 
-10.040000 	 0.235927 
-10.020000 	 -0.005907 
-10.000000 	 0.029371 
-9.980000 	 -0.103093 
-9.960000 	 0.348012 
-9.940000 	 -0.096267 
-9.920000 	 0.049007 
-9.900000 	 -0.169611 
-9.880000 	 -0.013944 
-9.860000 	 -0.142784 
-9.840000 	 -0.290096 
-9.820000 	 0.273376 
-9.800000 	 -0.194683 
-9.780000 	 0.032212 
-9.760000 	 -0.086939 
-9.740000 	 0.166089 
-9.720000 	 -0.029758 
-9.700000 	 -0.230144 
-9.680000 	 0.056776 
-9.660000 	 0.104679 
-9.640000 	 0.031206 
-9.620000 	 -0.011325 
-9.600000 	 -0.166326 
-9.580000 	 0.183303 
-9.560000 	 -0.223752 
-9.540000 	 0.008126 
-9.520000 	 -0.111144 
-9.500000 	 -0.199061 
-9.480000 	 0.086063 
-9.460000 	 0.075038 
-9.440000 	 0.093239 
-9.420000 	 0.030369 
-9.400000 	 -0.500000 
-9.380000 	 -0.272516 
-9.360000 	 -0.047972 
-9.340000 	 -0.083990 
-9.320000 	 0.021495 
-9.300000 	 0.086031 
-9.280000 	 0.159542 
-9.260000 	 0.267987 
-9.240000 	 -0.084495 
-9.220000 	 -0.391351 
-9.200000 	 -0.166174 
-9.180000 	 -0.051607 
-9.160000 	 0.034685 
-9.140000 	 -0.002659 
-9.120000 	 -0.099648 
-9.100000 	 0.320705 
-9.080000 	 0.156467 
-9.060000 	 -0.082309 
-9.040000 	 -0.061903 
-9.020000 	 0.058349 
-9.000000 	 0.062314 
-8.980000 	 0.097198 
-8.960000 	 0.146442 
-8.940000 	 -0.064846 
-8.920000 	 0.197612 
-8.900000 	 -0.039303 
-8.880000 	 -0.001001 
-8.860000 	 -0.158442 
-8.840000 	 -0.276038 
-8.820000 	 0.435045 
-8.800000 	 0.162323 
-8.780000 	 -0.051278 
-8.760000 	 0.031838 
-8.740000 	 -0.096113 
-8.720000 	 -0.029397 
-8.700000 	 -0.235849 
-8.680000 	 0.339415 
-8.660000 	 0.131077 
-8.640000 	 -0.202888 
-8.620000 	 -0.004302 
-8.600000 	 -0.214998 
-8.580000 	 -0.067895 
-8.560000 	 0.102248 
-8.540000 	 0.071470 
-8.520000 	 -0.287046 
-8.500000 	 -0.351725 
-8.480000 	 -0.192411 
-8.460000 	 0.031785 
-8.440000 	 0.005768 
-8.420000 	 0.063979 
-8.400000 	 0.087362 
-8.380000 	 -0.032958 
-8.360000 	 0.144336 
-8.340000 	 -0.042899 
-8.320000 	 0.150535 
-8.300000 	 -0.008662 
-8.280000 	 -0.243985 
-8.260000 	 0.320301 
-8.240000 	 -0.098280 
-8.220000 	 -0.068996 
-8.200000 	 0.069797 
-8.180000 	 -0.293136 
-8.160000 	 0.048368 
-8.140000 	 -0.171336 
-8.120000 	 0.017453 
-8.100000 	 0.187910 
-8.080000 	 -0.190797 
-8.060000 	 -0.002096 
-8.040000 	 -0.123894 
-8.020000 	 -0.047906 
-8.000000 	 0.147032 
-7.980000 	 -0.050449 
-7.960000 	 0.169053 
-7.940000 	 -0.053884 
-7.920000 	 0.193642 
-7.900000 	 -0.227751 
-7.880000 	 -0.252994 
-7.860000 	 0.156133 
-7.840000 	 0.069766 
-7.820000 	 0.170258 
-7.800000 	 -0.078335 
-7.780000 	 0.048126 
-7.760000 	 -0.218920 
-7.740000 	 -0.061483 
-7.720000 	 0.008982 
-7.700000 	 0.070091 
-7.680000 	 -0.178142 
-7.660000 	 0.106785 
-7.640000 	 0.067308 
-7.620000 	 0.254545 
-7.600000 	 0.110163 
-7.580000 	 -0.058478 
-7.560000 	 0.103164 
-7.540000 	 0.110722 
-7.520000 	 -0.052225 
-7.500000 	 0.195967 
-7.480000 	 -0.118462 
-7.460000 	 -0.303231 
-7.440000 	 0.009753 
-7.420000 	 0.000902 
-7.400000 	 -0.086540 
-7.380000 	 -0.248029 
-7.360000 	 0.049277 
-7.340000 	 0.042717 
-7.320000 	 -0.057966 
-7.300000 	 -0.142311 
-7.280000 	 0.204493 
-7.260000 	 0.195155 
-7.240000 	 -0.078422 
-7.220000 	 0.274222 
-7.200000 	 -0.125305 
-7.180000 	 0.050244 
-7.160000 	 0.101672 
-7.140000 	 -0.118877 
-7.120000 	 0.053319 
-7.100000 	 0.105677 
-7.080000 	 0.020243 
-7.060000 	 -0.120331 
-7.040000 	 0.146536 
-7.020000 	 -0.072338 
-7.000000 	 0.140059 
-6.980000 	 0.119353 
-6.960000 	 0.282556 
-6.940000 	 0.107706 
-6.920000 	 0.294691 
-6.900000 	 0.142889 
-6.880000 	 0.290077 
-6.860000 	 -0.337197 
-6.840000 	 0.345990 
-6.820000 	 0.176194 
-6.800000 	 0.242583 
-6.780000 	 0.278874 
-6.760000 	 0.402146 
-6.740000 	 0.352818 
-6.720000 	 -0.334834 
-6.700000 	 0.126661 
-6.680000 	 -0.034233 
-6.660000 	 0.248956 
-6.640000 	 0.078415 
-6.620000 	 0.263234 
-6.600000 	 0.350569 
-6.580000 	 0.067344 
-6.560000 	 0.172270 
-6.540000 	 0.128100 
-6.520000 	 0.315378 
-6.500000 	 -0.158732 
-6.480000 	 0.385027 
-6.460000 	 0.143488 
-6.440000 	 0.284496 
-6.420000 	 0.084671 
-6.400000 	 0.016000 
-6.380000 	 0.041402 
-6.360000 	 0.015735 
-6.340000 	 0.240039 
-6.320000 	 0.106086 
-6.300000 	 0.063352 
-6.280000 	 -0.047350 
-6.260000 	 0.168872 
-6.240000 	 -0.011966 
-6.220000 	 0.209924 
-6.200000 	 0.276577 
-6.180000 	 0.035398 
-6.160000 	 0.024725 
-6.140000 	 0.308656 
-6.120000 	 0.035144 
-6.100000 	 0.213197 
-6.080000 	 0.360658 
-6.060000 	 0.192966 
-6.040000 	 0.234448 
-6.020000 	 0.177187 
-6.000000 	 0.017675 
-5.980000 	 0.193146 
-5.960000 	 0.263489 
-5.940000 	 0.200717 
-5.920000 	 0.117930 
-5.900000 	 0.582209 
-5.880000 	 0.263288 
-5.860000 	 0.247945 
-5.840000 	 0.095206 
-5.820000 	 0.065469 
-5.800000 	 0.325397 
-5.780000 	 0.327680 
-5.760000 	 0.167358 
-5.740000 	 0.261917 
-5.720000 	 0.181361 
-5.700000 	 0.193555 
-5.680000 	 0.153705 
-5.660000 	 0.267508 
-5.640000 	 0.261074 
-5.620000 	 0.428639 
-5.600000 	 0.206977 
-5.580000 	 0.263081 
-5.560000 	 0.363020 
-5.540000 	 0.544944 
-5.520000 	 0.268583 
-5.500000 	 0.633933 
-5.480000 	 0.187227 
-5.460000 	 0.420449 
-5.440000 	 0.343757 
-5.420000 	 0.155723 
-5.400000 	 0.435224 
-5.380000 	 0.508785 
-5.360000 	 0.155261 
-5.340000 	 0.175838 
-5.320000 	 0.334892 
-5.300000 	 0.292340 
-5.280000 	 0.492436 
-5.260000 	 0.359541 
-5.240000 	 0.382019 
-5.220000 	 0.028398 
-5.200000 	 0.474553 
-5.180000 	 0.447263 
-5.160000 	 0.213754 
-5.140000 	 0.406807 
-5.120000 	 0.537499 
-5.100000 	 0.465470 
-5.080000 	 0.544143 
-5.060000 	 0.449005 
-5.040000 	 0.450373 
-5.020000 	 0.573239 
-5.000000 	 0.394953 
-4.980000 	 0.567260 
-4.960000 	 0.573714 
-4.940000 	 0.474174 
-4.920000 	 0.385987 
-4.900000 	 0.440124 
-4.880000 	 0.584588 
-4.860000 	 0.479063 
-4.840000 	 0.363760 
-4.820000 	 0.550614 
-4.800000 	 0.581113 
-4.780000 	 0.332465 
-4.760000 	 0.592934 
-4.740000 	 0.122789 
-4.720000 	 0.601711 
-4.700000 	 0.501559 
-4.680000 	 0.289796 
-4.660000 	 0.458038 
-4.640000 	 0.564332 
-4.620000 	 0.540595 
-4.600000 	 0.521768 
-4.580000 	 0.423378 
-4.560000 	 0.567680 
-4.540000 	 0.333639 
-4.520000 	 0.270800 
-4.500000 	 0.555907 
-4.480000 	 0.577229 
-4.460000 	 0.380920 
-4.440000 	 0.473049 
-4.420000 	 0.323178 
-4.400000 	 0.787562 
-4.380000 	 0.643966 
-4.360000 	 0.266831 
-4.340000 	 0.692865 
-4.320000 	 0.655449 
-4.300000 	 0.603921 
-4.280000 	 0.099257 
-4.260000 	 0.472418 
-4.240000 	 0.560912 
-4.220000 	 0.389663 
-4.200000 	 0.713313 
-4.180000 	 0.485950 
-4.160000 	 0.550986 
-4.140000 	 0.359334 
-4.120000 	 0.394176 
-4.100000 	 0.392159 
-4.080000 	 0.609766 
-4.060000 	 0.569957 
-4.040000 	 0.810953 
-4.020000 	 0.540539 
-4.000000 	 0.337953 
-3.980000 	 0.663551 
-3.960000 	 0.494252 
-3.940000 	 0.547728 
-3.920000 	 0.388916 
-3.900000 	 0.445535 
-3.880000 	 0.581443 
-3.860000 	 0.610269 
-3.840000 	 0.409308 
-3.820000 	 0.347523 
-3.800000 	 0.656341 
-3.780000 	 0.931825 
-3.760000 	 0.582327 
-3.740000 	 0.485681 
-3.720000 	 0.397650 
-3.700000 	 0.552778 
-3.680000 	 0.504073 
-3.660000 	 0.750349 
-3.640000 	 0.411126 
-3.620000 	 0.363640 
-3.600000 	 0.496548 
-3.580000 	 0.270518 
-3.560000 	 0.634356 
-3.540000 	 0.394507 
-3.520000 	 0.444116 
-3.500000 	 0.495623 
-3.480000 	 0.317700 
-3.460000 	 0.240397 
-3.440000 	 0.307239 
-3.420000 	 0.388612 
-3.400000 	 0.309218 
-3.380000 	 0.215024 
-3.360000 	 0.430587 
-3.340000 	 0.478940 
-3.320000 	 0.559990 
-3.300000 	 0.500000 
-3.280000 	 0.619489 
-3.260000 	 0.266508 
-3.240000 	 0.256361 
-3.220000 	 0.357829 
-3.200000 	 0.285129 
-3.180000 	 0.274641 
-3.160000 	 0.689399 
-3.140000 	 0.493479 
-3.120000 	 0.601091 
-3.100000 	 0.410367 
-3.080000 	 0.326628 
-3.060000 	 0.382212 
-3.040000 	 0.307797 
-3.020000 	 0.149075 
-3.000000 	 0.444177 
-2.980000 	 0.271637 
-2.960000 	 0.426788 
-2.940000 	 0.277140 
-2.920000 	 0.650689 
-2.900000 	 0.357990 
-2.880000 	 0.414169 
-2.860000 	 0.183512 
-2.840000 	 0.223670 
-2.820000 	 0.444028 
-2.800000 	 0.584576 
-2.780000 	 0.332299 
-2.760000 	 0.324409 
-2.740000 	 0.239746 
-2.720000 	 -0.097288 
-2.700000 	 0.339465 
-2.680000 	 0.186465 
-2.660000 	 0.369329 
-2.640000 	 0.380672 
-2.620000 	 -0.037065 
-2.600000 	 0.299416 
-2.580000 	 0.319160 
-2.560000 	 0.105285 
-2.540000 	 0.411637 
-2.520000 	 0.124913 
-2.500000 	 0.235759 
-2.480000 	 0.166540 
-2.460000 	 0.188544 
-2.440000 	 0.564113 
-2.420000 	 0.112517 
-2.400000 	 0.211371 
-2.380000 	 0.323716 
-2.360000 	 0.256661 
-2.340000 	 0.054745 
-2.320000 	 0.415017 
-2.300000 	 0.156470 
-2.280000 	 0.127049 
-2.260000 	 0.434050 
-2.240000 	 0.153935 
-2.220000 	 0.320542 
-2.200000 	 0.172959 
-2.180000 	 0.340521 
-2.160000 	 0.107417 
-2.140000 	 0.237313 
-2.120000 	 0.188850 
-2.100000 	 0.329382 
-2.080000 	 0.331998 
-2.060000 	 0.090286 
-2.040000 	 0.261489 
-2.020000 	 0.130509 
-2.000000 	 0.159874 
-1.980000 	 0.325828 
-1.960000 	 0.439782 
-1.940000 	 0.194924 
-1.920000 	 0.076307 
-1.900000 	 0.390478 
-1.880000 	 0.397641 
-1.860000 	 0.142430 
-1.840000 	 0.201454 
-1.820000 	 0.109934 
-1.800000 	 -0.120288 
-1.780000 	 0.354159 
-1.760000 	 -0.064383 
-1.740000 	 0.210776 
-1.720000 	 0.266074 
-1.700000 	 0.148648 
-1.680000 	 0.229784 
-1.660000 	 0.267750 
-1.640000 	 0.114948 
-1.620000 	 0.254433 
-1.600000 	 0.208218 
-1.580000 	 0.325367 
-1.560000 	 0.213177 
-1.540000 	 -0.166170 
-1.520000 	 0.050918 
-1.500000 	 0.038850 
-1.480000 	 0.125471 
-1.460000 	 0.116034 
-1.440000 	 0.109024 
-1.420000 	 0.200517 
-1.400000 	 0.148310 
-1.380000 	 0.207482 
-1.360000 	 0.193623 
-1.340000 	 0.347556 
-1.320000 	 -0.035803 
-1.300000 	 0.340586 
-1.280000 	 0.152223 
-1.260000 	 0.000789 
-1.240000 	 0.277025 
-1.220000 	 0.043765 
-1.200000 	 -0.056132 
-1.180000 	 0.119217 
-1.160000 	 0.158550 
-1.140000 	 0.142234 
-1.120000 	 0.377635 
-1.100000 	 0.223538 
-1.080000 	 0.075851 
-1.060000 	 0.199438 
-1.040000 	 0.194963 
-1.020000 	 0.207544 
-1.000000 	 0.085754 
-0.980000 	 0.114121 
-0.960000 	 0.074729 
-0.940000 	 0.113845 
-0.920000 	 0.178953 
-0.900000 	 0.094639 
-0.880000 	 0.134740 
-0.860000 	 0.011162 
-0.840000 	 0.170178 
-0.820000 	 -0.185235 
-0.800000 	 0.124313 
-0.780000 	 0.142567 
-0.760000 	 0.113150 
-0.740000 	 -0.012471 
-0.720000 	 0.034495 
-0.700000 	 0.257068 
-0.680000 	 -0.004983 
-0.660000 	 0.034344 
-0.640000 	 0.107432 
-0.620000 	 -0.025132 
-0.600000 	 -0.365402 
-0.580000 	 0.322299 
-0.560000 	 0.545604 
-0.540000 	 0.057434 
-0.520000 	 0.346763 
-0.500000 	 -0.060540 
-0.480000 	 0.140328 
-0.460000 	 0.115686 
-0.440000 	 0.157924 
-0.420000 	 0.155714 
-0.400000 	 -0.043547 
-0.380000 	 0.579202 
-0.360000 	 0.103505 
-0.340000 	 0.010695 
-0.320000 	 0.148115 
-0.300000 	 0.392887 
-0.280000 	 0.177423 
-0.260000 	 0.246420 
-0.240000 	 -0.150144 
-0.220000 	 0.374944 
-0.200000 	 0.424161 
-0.180000 	 0.284472 
-0.160000 	 0.272245 
-0.140000 	 0.246046 
-0.120000 	 0.021707 
-0.100000 	 0.164371 
-0.080000 	 0.316832 
-0.060000 	 0.239765 
-0.040000 	 0.188672 
-0.020000 	 0.146548 
0.000000 	 0.328298 
0.020000 	 0.102313 
0.040000 	 0.099299 
0.060000 	 0.390678 
0.080000 	 0.495816 
0.100000 	 0.057007 
0.120000 	 0.382195 
0.140000 	 -0.004526 
0.160000 	 0.281436 
0.180000 	 0.394368 
0.200000 	 0.310798 
0.220000 	 0.211632 
0.240000 	 0.232163 
0.260000 	 0.180158 
0.280000 	 0.070275 
0.300000 	 0.508565 
0.320000 	 0.270118 
0.340000 	 0.417602 
0.360000 	 0.040724 
0.380000 	 0.445157 
0.400000 	 0.279799 
0.420000 	 0.023661 
0.440000 	 0.395020 
0.460000 	 0.262184 
0.480000 	 0.339491 
0.500000 	 0.102095 
0.520000 	 0.108029 
0.540000 	 0.445666 
0.560000 	 0.569308 
0.580000 	 0.246494 
0.600000 	 0.341115 
0.620000 	 0.245980 
0.640000 	 0.421936 
0.660000 	 0.494825 
0.680000 	 0.493018 
0.700000 	 0.622515 
0.720000 	 0.607476 
0.740000 	 0.691805 
0.760000 	 0.182977 
0.780000 	 0.535866 
0.800000 	 0.617255 
0.820000 	 0.590048 
0.840000 	 0.470315 
0.860000 	 0.291917 
0.880000 	 0.295970 
0.900000 	 0.617047 
0.920000 	 0.616416 
0.940000 	 0.113268 
0.960000 	 0.487581 
0.980000 	 0.517695 
1.000000 	 0.387218 
1.020000 	 0.471290 
1.040000 	 0.311273 
1.060000 	 0.599817 
1.080000 	 0.189289 
1.100000 	 0.681562 
1.120000 	 0.637442 
1.140000 	 0.354423 
1.160000 	 0.386457 
1.180000 	 0.470172 
1.200000 	 0.627135 
1.220000 	 0.620042 
1.240000 	 0.799305 
1.260000 	 0.619275 
1.280000 	 0.740807 
1.300000 	 0.769225 
1.320000 	 0.729445 
1.340000 	 0.574792 
1.360000 	 0.501448 
1.380000 	 0.613398 
1.400000 	 0.985119 
1.420000 	 0.855906 
1.440000 	 0.896729 
1.460000 	 0.675522 
1.480000 	 0.450571 
1.500000 	 0.643757 
1.520000 	 0.580637 
1.540000 	 0.913382 
1.560000 	 0.865133 
1.580000 	 0.624231 
1.600000 	 0.644724 
1.620000 	 0.503176 
1.640000 	 0.687862 
1.660000 	 0.754367 
1.680000 	 1.131483 
1.700000 	 0.695642 
1.720000 	 0.736066 
1.740000 	 0.888936 
1.760000 	 0.914409 
1.780000 	 0.648030 
1.800000 	 0.946596 
1.820000 	 1.032971 
1.840000 	 0.816631 
1.860000 	 0.996321 
1.880000 	 1.022356 
1.900000 	 0.725389 
1.920000 	 0.872221 
1.940000 	 0.752864 
1.960000 	 0.699172 
1.980000 	 0.808697 
2.000000 	 0.820508 
2.020000 	 1.081280 
2.040000 	 0.917794 
2.060000 	 1.056362 
2.080000 	 1.134847 
2.100000 	 0.864185 
2.120000 	 1.209377 
2.140000 	 1.058172 
2.160000 	 0.963283 
2.180000 	 1.203260 
2.200000 	 1.064727 
2.220000 	 1.065171 
2.240000 	 1.099464 
2.260000 	 1.308591 
2.280000 	 0.946812 
2.300000 	 1.099402 
2.320000 	 1.000412 
2.340000 	 1.062678 
2.360000 	 1.100167 
2.380000 	 1.257407 
2.400000 	 1.227462 
2.420000 	 1.063759 
2.440000 	 1.168857 
2.460000 	 1.409448 
2.480000 	 1.206393 
2.500000 	 1.279931 
2.520000 	 1.399948 
2.540000 	 1.426454 
2.560000 	 1.156467 
2.580000 	 0.917641 
2.600000 	 1.065896 
2.620000 	 1.357630 
2.640000 	 1.270360 
2.660000 	 1.349992 
2.680000 	 1.277376 
2.700000 	 1.250883 
2.720000 	 1.312954 
2.740000 	 1.377377 
2.760000 	 1.473137 
2.780000 	 1.269093 
2.800000 	 1.393836 
2.820000 	 1.464093 
2.840000 	 1.377404 
2.860000 	 1.120509 
2.880000 	 1.464983 
2.900000 	 1.403722 
2.920000 	 1.349450 
2.940000 	 1.245508 
2.960000 	 1.610225 
2.980000 	 1.283781 
3.000000 	 1.743205 
3.020000 	 1.460871 
3.040000 	 1.548407 
3.060000 	 1.373999 
3.080000 	 1.253573 
3.100000 	 1.787473 
3.120000 	 1.619917 
3.140000 	 1.514731 
3.160000 	 1.649899 
3.180000 	 1.471621 
3.200000 	 1.341404 
3.220000 	 1.524154 
3.240000 	 1.294513 
3.260000 	 1.479792 
3.280000 	 1.438614 
3.300000 	 1.728603 
3.320000 	 1.149136 
3.340000 	 1.645399 
3.360000 	 1.437807 
3.380000 	 1.900686 
3.400000 	 1.737191 
3.420000 	 1.192858 
3.440000 	 1.475571 
3.460000 	 1.545617 
3.480000 	 -0.800000 
3.500000 	 1.403989 
3.520000 	 1.725170 
3.540000 	 1.639035 
3.560000 	 1.774441 
3.580000 	 1.696047 
3.600000 	 1.436850 
3.620000 	 1.691152 
3.640000 	 1.815222 
3.660000 	 1.611108 
3.680000 	 1.589925 
3.700000 	 1.795224 
3.720000 	 1.728965 
3.740000 	 1.320739 
3.760000 	 1.381309 
3.780000 	 1.552678 
3.800000 	 1.926724 
3.820000 	 1.286609 
3.840000 	 1.340619 
3.860000 	 1.646971 
3.880000 	 1.615313 
3.900000 	 1.698517 
3.920000 	 1.624902 
3.940000 	 1.624703 
3.960000 	 1.564193 
3.980000 	 1.687355 
4.000000 	 1.546395 
4.020000 	 1.572932 
4.040000 	 1.700022 
4.060000 	 1.681996 
4.080000 	 1.372565 
4.100000 	 1.529414 
4.120000 	 1.542970 
4.140000 	 1.417531 
4.160000 	 1.613813 
4.180000 	 1.534401 
4.200000 	 1.696191 
4.220000 	 1.905720 
4.240000 	 1.861778 
4.260000 	 1.656512 
4.280000 	 1.293330 
4.300000 	 1.684059 
4.320000 	 1.758452 
4.340000 	 1.369617 
4.360000 	 1.475941 
4.380000 	 1.707703 
4.400000 	 1.792383 
4.420000 	 1.470375 
4.440000 	 1.748240 
4.460000 	 1.515286 
4.480000 	 1.664678 
4.500000 	 1.571860 
4.520000 	 1.258599 
4.540000 	 1.551532 
4.560000 	 1.542033 
4.580000 	 1.462826 
4.600000 	 1.630901 
4.620000 	 1.367313 
4.640000 	 1.400069 
4.660000 	 1.433944 
4.680000 	 1.469330 
4.700000 	 1.448569 
4.720000 	 1.480788 
4.740000 	 1.464801 
4.760000 	 1.542584 
4.780000 	 1.560146 
4.800000 	 1.394763 
4.820000 	 1.722943 
4.840000 	 1.651377 
4.860000 	 1.516782 
4.880000 	 1.706569 
4.900000 	 1.206078 
4.920000 	 1.342085 
4.940000 	 1.526491 
4.960000 	 1.411045 
4.980000 	 1.281928 
5.000000 	 1.518019 
5.020000 	 1.637871 
5.040000 	 1.507485 
5.060000 	 1.450154 
5.080000 	 1.378821 
5.100000 	 1.591862 
5.120000 	 1.484675 
5.140000 	 1.462471 
5.160000 	 1.230256 
5.180000 	 1.427141 
5.200000 	 1.122084 
5.220000 	 1.274783 
5.240000 	 1.324662 
5.260000 	 1.290355 
5.280000 	 1.234019 
5.300000 	 1.365694 
5.320000 	 1.195742 
5.340000 	 1.405610 
5.360000 	 1.659225 
5.380000 	 1.324566 
5.400000 	 1.370386 
5.420000 	 1.282178 
5.440000 	 1.255436 
5.460000 	 0.938400 
5.480000 	 1.343739 
5.500000 	 1.100156 
5.520000 	 1.105412 
5.540000 	 1.053023 
5.560000 	 0.869657 
5.580000 	 1.033637 
5.600000 	 0.988358 
5.620000 	 1.045848 
5.640000 	 0.921026 
5.660000 	 1.191061 
5.680000 	 1.254128 
5.700000 	 1.098997 
5.720000 	 1.172129 
5.740000 	 1.462926 
5.760000 	 0.894538 
5.780000 	 1.088958 
5.800000 	 1.033022 
5.820000 	 1.213543 
5.840000 	 0.903687 
5.860000 	 1.189795 
5.880000 	 1.045505 
5.900000 	 0.848796 
5.920000 	 1.073071 
5.940000 	 1.056382 
5.960000 	 0.990056 
5.980000 	 0.808548 
6.000000 	 1.060808 
6.020000 	 1.019467 
6.040000 	 0.723916 
6.060000 	 0.628931 
6.080000 	 1.124185 
6.100000 	 1.005358 
6.120000 	 0.896422 
6.140000 	 0.826667 
6.160000 	 0.831312 
6.180000 	 0.979222 
6.200000 	 1.167627 
6.220000 	 0.640122 
6.240000 	 0.871494 
6.260000 	 0.920999 
6.280000 	 0.761829 
6.300000 	 0.662385 
6.320000 	 0.801937 
6.340000 	 0.741472 
6.360000 	 0.520201 
6.380000 	 0.764176 
6.400000 	 0.417700 
6.420000 	 0.925519 
6.440000 	 0.825569 
6.460000 	 0.848387 
6.480000 	 0.787477 
6.500000 	 0.656974 
6.520000 	 0.507502 
6.540000 	 0.577546 
6.560000 	 0.723009 
6.580000 	 0.640297 
6.600000 	 0.738678 
6.620000 	 0.869762 
6.640000 	 0.452858 
6.660000 	 0.689444 
6.680000 	 0.897978 
6.700000 	 0.624626 
6.720000 	 0.877709 
6.740000 	 0.785725 
6.760000 	 0.763716 
6.780000 	 0.424428 
6.800000 	 0.569219 
6.820000 	 0.803233 
6.840000 	 0.282580 
6.860000 	 0.645385 
6.880000 	 0.433548 
6.900000 	 0.803501 
6.920000 	 0.413424 
6.940000 	 0.587658 
6.960000 	 0.840796 
6.980000 	 0.614230 
7.000000 	 0.634918 
7.020000 	 0.689196 
7.040000 	 0.507307 
7.060000 	 0.339542 
7.080000 	 0.488823 
7.100000 	 0.500622 
7.120000 	 0.544721 
7.140000 	 0.530507 
7.160000 	 0.605438 
7.180000 	 0.287409 
7.200000 	 0.654115 
7.220000 	 0.443084 
7.240000 	 0.483266 
7.260000 	 0.456021 
7.280000 	 0.745950 
7.300000 	 0.225738 
7.320000 	 0.336974 
7.340000 	 0.417255 
7.360000 	 0.438853 
7.380000 	 0.226135 
7.400000 	 0.115177 
7.420000 	 0.468546 
7.440000 	 0.241000 
7.460000 	 0.340659 
7.480000 	 0.111900 
7.500000 	 0.295501 
7.520000 	 0.369151 
7.540000 	 0.399745 
7.560000 	 0.395595 
7.580000 	 0.290352 
7.600000 	 0.211913 
7.620000 	 0.352247 
7.640000 	 0.073208 
7.660000 	 0.310233 
7.680000 	 0.256475 
7.700000 	 0.391426 
7.720000 	 0.099940 
7.740000 	 -0.039171 
7.760000 	 0.001348 
7.780000 	 0.321238 
7.800000 	 0.297875 
7.820000 	 0.495095 
7.840000 	 0.542608 
7.860000 	 0.223742 
7.880000 	 0.168842 
7.900000 	 0.224372 
7.920000 	 0.403227 
7.940000 	 0.254147 
7.960000 	 0.386450 
7.980000 	 0.535870 
8.000000 	 0.166877 
8.020000 	 0.270543 
8.040000 	 0.101985 
8.060000 	 -0.049344 
8.080000 	 0.172891 
8.100000 	 0.475804 
8.120000 	 0.246858 
8.140000 	 0.422314 
8.160000 	 0.152585 
8.180000 	 0.344367 
8.200000 	 0.119713 
8.220000 	 0.025647 
8.240000 	 0.352149 
8.260000 	 0.223655 
8.280000 	 0.072335 
8.300000 	 0.033558 
8.320000 	 0.362457 
8.340000 	 0.254766 
8.360000 	 0.403284 
8.380000 	 0.179407 
8.400000 	 0.047483 
8.420000 	 -0.017203 
8.440000 	 0.061353 
8.460000 	 0.354786 
8.480000 	 0.143872 
8.500000 	 0.488483 
8.520000 	 0.170699 
8.540000 	 -0.183566 
8.560000 	 0.382554 
8.580000 	 0.363103 
8.600000 	 0.058090 
8.620000 	 0.240464 
8.640000 	 -0.044518 
8.660000 	 -0.039333 
8.680000 	 0.013982 
8.700000 	 0.150311 
8.720000 	 -0.067907 
8.740000 	 0.153007 
8.760000 	 0.084081 
8.780000 	 0.127205 
8.800000 	 0.025401 
8.820000 	 0.437344 
8.840000 	 0.047641 
8.860000 	 0.146488 
8.880000 	 0.193228 
8.900000 	 -0.188446 
8.920000 	 0.101370 
8.940000 	 0.225497 
8.960000 	 -0.113994 
8.980000 	 -0.036966 
9.000000 	 0.172283 
9.020000 	 0.176857 
9.040000 	 -0.127140 
9.060000 	 0.001228 
9.080000 	 0.083505 
9.100000 	 -0.034208 
9.120000 	 0.172039 
9.140000 	 -0.025222 
9.160000 	 -0.139339 
9.180000 	 0.149649 
9.200000 	 -0.254611 
9.220000 	 -0.085531 
9.240000 	 -0.088908 
9.260000 	 -0.274203 
9.280000 	 -0.046598 
9.300000 	 0.132076 
9.320000 	 0.139178 
9.340000 	 0.197647 
9.360000 	 0.114863 
9.380000 	 -0.082548 
9.400000 	 -0.057172 
9.420000 	 -0.129113 
9.440000 	 0.177434 
9.460000 	 0.246672 
9.480000 	 0.143474 
9.500000 	 -0.050367 
9.520000 	 0.096403 
9.540000 	 -0.093746 
9.560000 	 0.219803 
9.580000 	 -0.020717 
9.600000 	 -0.197451 
9.620000 	 0.169978 
9.640000 	 -0.018036 
9.660000 	 0.295811 
9.680000 	 -0.037768 
9.700000 	 0.215003 
9.720000 	 -0.096445 
9.740000 	 0.157241 
9.760000 	 0.085248 
9.780000 	 -0.002475 
9.800000 	 -0.016297 
9.820000 	 -0.049012 
9.840000 	 0.099592 
9.860000 	 0.050677 
9.880000 	 0.024803 
9.900000 	 -0.061834 
9.920000 	 0.083803 
9.940000 	 0.094581 
9.960000 	 0.127953 
9.980000 	 -0.205885 
10.000000 	 -0.175275 
10.020000 	 -0.211790 
10.040000 	 0.134637 
10.060000 	 0.035151 
10.080000 	 0.249555 
10.100000 	 -0.017899 
10.120000 	 0.110566 
10.140000 	 0.044508 
10.160000 	 0.071969 
10.180000 	 0.100579 
10.200000 	 0.103142 
10.220000 	 0.313097 
10.240000 	 0.333823 
10.260000 	 0.064789 
10.280000 	 0.130047 
10.300000 	 0.088697 
10.320000 	 0.170280 
10.340000 	 0.023987 
10.360000 	 -0.210281 
10.380000 	 -0.069120 
10.400000 	 0.001023 
10.420000 	 0.029000 
10.440000 	 -0.055526 
10.460000 	 0.024454 
10.480000 	 0.188944 
10.500000 	 -0.026112 
10.520000 	 -0.025532 
10.540000 	 -0.104282 
10.560000 	 -0.008427 
10.580000 	 0.148044 
10.600000 	 -0.141874 
10.620000 	 0.115913 
10.640000 	 0.034946 
10.660000 	 -0.072685 
10.680000 	 0.023491 
10.700000 	 -0.114184 
10.720000 	 -0.146768 
10.740000 	 0.097024 
10.760000 	 0.098979 
10.780000 	 -0.047033 
10.800000 	 0.210428 
10.820000 	 0.055206 
10.840000 	 0.182990 
10.860000 	 0.395983 
10.880000 	 -0.000336 
10.900000 	 0.178737 
10.920000 	 -0.015556 
10.940000 	 -0.085861 
10.960000 	 0.049125 
10.980000 	 -0.201003 
11.000000 	 -0.389540 
11.020000 	 -0.113719 
11.040000 	 -0.218358 
11.060000 	 0.187283 
11.080000 	 0.250353 
11.100000 	 -0.064420 
11.120000 	 0.004216 
11.140000 	 0.094959 
11.160000 	 0.129375 
11.180000 	 0.139457 
11.200000 	 0.287903 
11.220000 	 0.087726 
11.240000 	 -0.068406 
11.260000 	 0.100058 
11.280000 	 0.364921 
11.300000 	 0.078989 
11.320000 	 -0.079908 
11.340000 	 0.010556 
11.360000 	 0.225006 
11.380000 	 0.093546 
11.400000 	 0.050990 
11.420000 	 0.233946 
11.440000 	 -0.035787 
11.460000 	 -0.028338 
11.480000 	 -0.143212 
11.500000 	 -0.103366 
11.520000 	 -0.123776 
11.540000 	 -0.149725 
11.560000 	 -0.145353 
11.580000 	 -0.232301 
11.600000 	 0.303472 
11.620000 	 -0.094857 
11.640000 	 0.326019 
11.660000 	 0.243779 
11.680000 	 0.071313 
11.700000 	 -0.032158 
11.720000 	 0.126233 
11.740000 	 0.263118 
11.760000 	 0.077891 
11.780000 	 -0.027861 
11.800000 	 0.098193 
11.820000 	 0.173939 
11.840000 	 -0.018922 
11.860000 	 -0.169649 
11.880000 	 0.044708 
11.900000 	 -0.028018 
11.920000 	 -0.043225 
11.940000 	 -0.003557 
11.960000 	 0.119264 
11.980000 	 -0.130107 
12.000000 	 0.084524 
12.020000 	 0.126603 
12.040000 	 0.022852 
12.060000 	 0.033638 
12.080000 	 -0.004072 
12.100000 	 0.075394 
12.120000 	 0.020454 
12.140000 	 -0.044531 
12.160000 	 0.115266 
12.180000 	 -0.078371 
12.200000 	 0.175070 
12.220000 	 -0.112301 
12.240000 	 0.210260 
12.260000 	 -0.113863 
12.280000 	 -0.088504 
12.300000 	 0.167320 
12.320000 	 0.355022 
12.340000 	 -0.134528 
12.360000 	 0.005539 
12.380000 	 0.033358 
12.400000 	 0.170047 
12.420000 	 0.068942 
12.440000 	 0.022908 
12.460000 	 -0.013038 
12.480000 	 -0.111178 
12.500000 	 -0.091067 
12.520000 	 -0.152451 
12.540000 	 -0.096351 
12.560000 	 -0.036034 
12.580000 	 -0.098065 
12.600000 	 0.049653 
12.620000 	 -0.012530 
12.640000 	 -0.139181 
12.660000 	 -0.059443 
12.680000 	 -0.104233 
12.700000 	 -0.127738 
12.720000 	 0.338133 
12.740000 	 -0.049526 
12.760000 	 0.248598 
12.780000 	 -0.107214 
12.800000 	 -0.083746 
12.820000 	 0.021092 
12.840000 	 0.168834 
12.860000 	 0.176576 
12.880000 	 -0.090024 
12.900000 	 0.119843 
12.920000 	 0.187922 
12.940000 	 0.143367 
12.960000 	 0.144615 
12.980000 	 -0.104886 
13.000000 	 -0.162069 
13.020000 	 0.160839 
13.040000 	 0.017372 
13.060000 	 0.382811 
13.080000 	 -0.197760 
13.100000 	 -0.286411 
13.120000 	 -0.012204 
13.140000 	 -0.161452 
13.160000 	 -0.061975 
13.180000 	 0.297565 
13.200000 	 -0.104590 
13.220000 	 0.199403 
13.240000 	 -0.111545 
13.260000 	 -0.025841 
13.280000 	 -0.045134 
13.300000 	 0.268606 
13.320000 	 0.013942 
13.340000 	 0.001202 
13.360000 	 -0.061057 
13.380000 	 0.165670 
13.400000 	 -0.136514 
13.420000 	 0.033047 
13.440000 	 0.026415 
13.460000 	 -0.182063 
13.480000 	 -0.037277 
13.500000 	 -0.054523 
13.520000 	 0.068013 
13.540000 	 -0.145414 
13.560000 	 -0.156186 
13.580000 	 -0.108263 
13.600000 	 0.117086 
13.620000 	 0.011424 
13.640000 	 -0.016677 
13.660000 	 -0.127119 
13.680000 	 -0.072555 
13.700000 	 -0.171949 
13.720000 	 -0.021081 
13.740000 	 -0.123581 
13.760000 	 -0.463892 
13.780000 	 0.146792 
13.800000 	 0.152179 
13.820000 	 0.118104 
13.840000 	 0.042052 
13.860000 	 -0.007561 
13.880000 	 0.061479 
13.900000 	 0.114393 
13.920000 	 -0.144339 
13.940000 	 -0.143125 
13.960000 	 0.047033 
13.980000 	 -0.289934 
14.000000 	 -0.269555 
14.020000 	 0.028993 
14.040000 	 0.028576 
14.060000 	 0.148155 
14.080000 	 0.032443 
14.100000 	 0.111308 
14.120000 	 -0.026580 
14.140000 	 0.061073 
14.160000 	 -0.102287 
14.180000 	 0.056066 
14.200000 	 0.081343 
14.220000 	 -0.093571 
14.240000 	 0.050261 
14.260000 	 0.097986 
14.280000 	 0.269827 
14.300000 	 -0.383053 
14.320000 	 -0.141600 
14.340000 	 -0.266201 
14.360000 	 0.233564 
14.380000 	 0.197246 
14.400000 	 0.151132 
14.420000 	 0.230413 
14.440000 	 -0.029993 
14.460000 	 -0.116279 
14.480000 	 -0.156609 
14.500000 	 -0.024172 
14.520000 	 0.124923 
14.540000 	 0.058519 
14.560000 	 -0.067524 
14.580000 	 0.185806 
14.600000 	 -0.031652 
14.620000 	 -0.201835 
14.640000 	 0.083836 
14.660000 	 -0.001689 
14.680000 	 -0.600000 
14.700000 	 0.096559 
14.720000 	 -0.184101 
14.740000 	 -0.010142 
14.760000 	 0.036502 
14.780000 	 0.223847 
14.800000 	 -0.008089 
14.820000 	 -0.080331 
14.840000 	 -0.154949 
14.860000 	 0.028659 
14.880000 	 -0.058886 
14.900000 	 -0.020365 
14.920000 	 -0.029478 
14.940000 	 -0.159208 
14.960000 	 -0.066313 
14.980000 	 -0.028412 
15.000000 	 0.057710 
