-15.000000 	 -0.105497 
-14.980000 	 -0.042586 
-14.960000 	 0.153646 
-14.940000 	 0.201940 
-14.920000 	 0.202851 
-14.900000 	 -0.035264 
-14.880000 	 -0.028665 
-14.860000 	 0.129090 
-14.840000 	 0.026912 
-14.820000 	 -0.107696 
-14.800000 	 0.081767 
-14.780000 	 -0.143425 
-14.760000 	 -0.093127 
-14.740000 	 -0.190115 
-14.720000 	 0.076276 
-14.700000 	 -0.253500 
-14.680000 	 -0.070582 
-14.660000 	 0.014995 
-14.640000 	 -0.020412 
-14.620000 	 0.332384 
-14.600000 	 -0.103626 
-14.580000 	 -0.060523 
-14.560000 	 -0.104651 
-14.540000 	 0.013846 
-14.520000 	 -0.141242 
-14.500000 	 0.275517 
-14.480000 	 0.214555 
-14.460000 	 -0.001141 
-14.440000 	 0.169803 
-14.420000 	 -0.038125 
-14.400000 	 0.073004 
-14.380000 	 0.044672 
-14.360000 	 0.064311 
-14.340000 	 0.225405 
-14.320000 	 -0.146196 
-14.300000 	 -0.196845 
-14.280000 	 0.005809 
-14.260000 	 -0.395166 
-14.240000 	 -0.351149 
-14.220000 	 -0.013680 
-14.200000 	 -0.156295 
-14.180000 	 0.037523 
-14.160000 	 -0.118852 
-14.140000 	 -0.068851 
-14.120000 	 0.183799 
-14.100000 	 0.087859 
-14.080000 	 -0.101917 
-14.060000 	 -0.000336 
-14.040000 	 0.123819 
-14.020000 	 0.309564 
-14.000000 	 0.055662 
-13.980000 	 -0.220007 
-13.960000 	 -0.027305 
-13.940000 	 0.016918 
-13.920000 	 0.042099 
-13.900000 	 -0.216043 
-13.880000 	 0.148341 
-13.860000 	 0.043772 
-13.840000 	 -0.075776 
-13.820000 	 -0.171173 
-13.800000 	 0.042318 
-13.780000 	 -0.063213 
-13.760000 	 -0.026292 
-13.740000 	 -0.075543 
-13.720000 	 0.059059 
-13.700000 	 0.022853 
-13.680000 	 0.076149 
-13.660000 	 -0.151838 
-13.640000 	 0.103999 
-13.620000 	 0.237005 
-13.600000 	 0.069136 
-13.580000 	 0.113078 
-13.560000 	 0.215925 
-13.540000 	 0.051853 
-13.520000 	 -0.059371 
-13.500000 	 -0.298189 
-13.480000 	 0.106904 
-13.460000 	 0.142937 
-13.440000 	 0.001964 
-13.420000 	 0.054902 
-13.400000 	 0.296042 
-13.380000 	 -0.239286 
-13.360000 	 -0.144643 
-13.340000 	 0.599434 
-13.320000 	 0.051087 
-13.300000 	 -0.214315 
-13.280000 	 0.000991 
-13.260000 	 0.021980 
-13.240000 	 0.024900 
-13.220000 	 0.030936 
-13.200000 	 -0.037240 
-13.180000 	 -0.099533 
-13.160000 	 0.090694 
-13.140000 	 -0.281282 
-13.120000 	 0.245144 
-13.100000 	 0.086706 
-13.080000 	 -0.105046 
-13.060000 	 -0.085564 
-13.040000 	 0.128800 
-13.020000 	 -0.038599 
-13.000000 	 0.022350 
-12.980000 	 -0.109131 
-12.960000 	 0.128492 
-12.940000 	 -0.112175 
-12.920000 	 -0.074295 
-12.900000 	 0.116651 
-12.880000 	 0.054536 
-12.860000 	 -0.028070 
-12.840000 	 -0.022889 
-12.820000 	 -0.146314 
-12.800000 	 0.205974 
-12.780000 	 -0.135218 
-12.760000 	 0.000899 
-12.740000 	 0.237080 
-12.720000 	 -0.116567 
-12.700000 	 -0.103097 
-12.680000 	 -0.010715 
-12.660000 	 -0.105502 
-12.640000 	 0.385280 
-12.620000 	 -0.033960 
-12.600000 	 0.032362 
-12.580000 	 -0.035551 
-12.560000 	 0.081101 
-12.540000 	 0.055972 
-12.520000 	 -0.388709 
-12.500000 	 0.033082 
-12.480000 	 -0.170005 
-12.460000 	 -0.036339 
-12.440000 	 0.158722 
-12.420000 	 0.330848 
-12.400000 	 -0.129131 
-12.380000 	 0.128022 
-12.360000 	 -0.141276 
-12.340000 	 1.000000 
-12.320000 	 0.136829 
-12.300000 	 -0.037282 
-12.280000 	 0.241954 
-12.260000 	 0.102395 
-12.240000 	 -0.400000 
-12.220000 	 0.006562 
-12.200000 	 -0.034150 
-12.180000 	 0.157634 
-12.160000 	 0.085338 
-12.140000 	 0.141072 
-12.120000 	 -0.234764 
-12.100000 	 0.072828 
-12.080000 	 -0.263967 
-12.060000 	 -0.243082 
-12.040000 	 -0.165567 
-12.020000 	 0.086217 
-12.000000 	 -0.049478 
-11.980000 	 -0.174174 
-11.960000 	 -0.012041 
-11.940000 	 -0.018389 
-11.920000 	 0.253825 
-11.900000 	 0.016101 
-11.880000 	 0.171827 
-11.860000 	 0.098877 
-11.840000 	 -0.104741 
-11.820000 	 0.105542 
-11.800000 	 -0.052765 
-11.780000 	 -0.138282 
-11.760000 	 0.158697 
-11.740000 	 -0.071404 
-11.720000 	 0.137107 
-11.700000 	 -0.061212 
-11.680000 	 -0.131256 
-11.660000 	 -0.134743 
-11.640000 	 -0.060370 
-11.620000 	 0.113240 
-11.600000 	 -0.225217 
-11.580000 	 -0.136523 
-11.560000 	 0.063625 
-11.540000 	 -0.217896 
-11.520000 	 -0.043029 
-11.500000 	 -0.148452 
-11.480000 	 0.059173 
-11.460000 	 0.096113 
-11.440000 	 0.058224 
-11.420000 	 0.079689 
-11.400000 	 0.069633 
-11.380000 	 -0.048013 
-11.360000 	 -0.123279 
-11.340000 	 -0.173318 
-11.320000 	 -0.009064 
-11.300000 	 0.020459 
-11.280000 	 -0.179182 
-11.260000 	 -0.027558 
-11.240000 	 0.065183 
-11.220000 	 -0.028257 
-11.200000 	 0.054487 
-11.180000 	 -0.047669 
-11.160000 	 0.133252 
-11.140000 	 -0.171343 
-11.120000 	 -0.288029 
-11.100000 	 -0.221771 
-11.080000 	 0.206351 
-11.060000 	 0.098109 
-11.040000 	 0.174802 
-11.020000 	 -0.044231 
-11.000000 	 0.175592 
-10.980000 	 -0.042517 
-10.960000 	 0.026060 
-10.940000 	 0.011864 
-10.920000 	 -0.164073 
-10.900000 	 -0.247673 
-10.880000 	 0.096070 
-10.860000 	 0.059115 
-10.840000 	 -0.138973 
-10.820000 	 0.219788 
-10.800000 	 0.029986 
-10.780000 	 -0.146110 
-10.760000 	 -0.001406 
-10.740000 	 0.027029 
-10.720000 	 0.227228 
-10.700000 	 0.023509 
-10.680000 	 0.048088 
-10.660000 	 0.133594 
-10.640000 	 0.095856 
-10.620000 	 -0.106414 
-10.600000 	 0.059669 
-10.580000 	 0.223762 
-10.560000 	 0.183356 
-10.540000 	 0.326529 
-10.520000 	 0.044688 
-10.500000 	 -0.010029 
-10.480000 	 -0.188150 
-10.460000 	 -0.101618 
-10.440000 	 0.139982 
-10.420000 	 0.049550 
-10.400000 	 0.047776 
-10.380000 	 0.108424 
-10.360000 	 -0.259893 
-10.340000 	 0.162138 
-10.320000 	 -0.116273 
-10.300000 	 0.072270 
-10.280000 	 -0.115418 
-10.260000 	 -0.202696 
-10.240000 	 -0.142084 
-10.220000 	 -0.195864 
-10.200000 	 -0.004255 
-10.180000 	 0.062479 
-10.160000 	 -0.001189 
-10.140000 	 0.172895 
-10.120000 	 -0.218979 
-10.100000 	 -0.178749 
-10.080000 	 -0.141604 
-10.060000 	 0.334180 
-10.040000 	 0.080974 
-10.020000 	 0.125401 
-10.000000 	 0.066728 
-9.980000 	 0.106302 
-9.960000 	 0.145705 
-9.940000 	 -0.001123 
-9.920000 	 0.276941 
-9.900000 	 -0.043051 
-9.880000 	 0.167405 
-9.860000 	 -0.109938 
-9.840000 	 0.213767 
-9.820000 	 0.040035 
-9.800000 	 0.050971 
-9.780000 	 -0.342316 
-9.760000 	 -0.042427 
-9.740000 	 -0.211495 
-9.720000 	 -0.022941 
-9.700000 	 -0.064427 
-9.680000 	 -0.144894 
-9.660000 	 0.040240 
-9.640000 	 0.087498 
-9.620000 	 0.256114 
-9.600000 	 0.267563 
-9.580000 	 -0.027176 
-9.560000 	 -0.026562 
-9.540000 	 0.022763 
-9.520000 	 0.023037 
-9.500000 	 0.089950 
-9.480000 	 -0.060961 
-9.460000 	 0.052257 
-9.440000 	 -0.252939 
-9.420000 	 -0.017237 
-9.400000 	 0.038755 
-9.380000 	 -0.041588 
-9.360000 	 -0.001598 
-9.340000 	 0.119829 
-9.320000 	 0.047048 
-9.300000 	 -0.015460 
-9.280000 	 -0.014757 
-9.260000 	 0.151600 
-9.240000 	 0.132916 
-9.220000 	 -0.168923 
-9.200000 	 0.067226 
-9.180000 	 -0.215160 
-9.160000 	 -0.225266 
-9.140000 	 -0.226222 
-9.120000 	 -0.107462 
-9.100000 	 -0.108296 
-9.080000 	 0.001440 
-9.060000 	 0.114365 
-9.040000 	 0.118276 
-9.020000 	 0.320296 
-9.000000 	 -0.023436 
-8.980000 	 -0.263553 
-8.960000 	 -0.018439 
-8.940000 	 0.278619 
-8.920000 	 0.064885 
-8.900000 	 -0.194820 
-8.880000 	 0.244171 
-8.860000 	 0.315646 
-8.840000 	 -0.151184 
-8.820000 	 -0.141437 
-8.800000 	 -0.144195 
-8.780000 	 -0.157069 
-8.760000 	 -0.038183 
-8.740000 	 0.044490 
-8.720000 	 -0.105455 
-8.700000 	 0.174513 
-8.680000 	 0.391647 
-8.660000 	 0.080385 
-8.640000 	 -0.023554 
-8.620000 	 -0.284876 
-8.600000 	 0.311085 
-8.580000 	 0.199165 
-8.560000 	 -0.044732 
-8.540000 	 -0.134416 
-8.520000 	 -0.058586 
-8.500000 	 0.269124 
-8.480000 	 -0.142592 
-8.460000 	 0.029628 
-8.440000 	 -0.185396 
-8.420000 	 -0.218402 
-8.400000 	 -0.106255 
-8.380000 	 0.059303 
-8.360000 	 -0.010969 
-8.340000 	 -0.107599 
-8.320000 	 0.027180 
-8.300000 	 -0.075737 
-8.280000 	 -0.009578 
-8.260000 	 0.006396 
-8.240000 	 0.008928 
-8.220000 	 -0.058642 
-8.200000 	 0.065902 
-8.180000 	 0.053396 
-8.160000 	 -0.007348 
-8.140000 	 -0.269521 
-8.120000 	 0.006723 
-8.100000 	 -0.077406 
-8.080000 	 0.266721 
-8.060000 	 -0.023832 
-8.040000 	 -0.013149 
-8.020000 	 -0.048717 
-8.000000 	 0.181341 
-7.980000 	 -0.110697 
-7.960000 	 -0.052494 
-7.940000 	 -0.009841 
-7.920000 	 -0.077807 
-7.900000 	 -0.218335 
-7.880000 	 0.166895 
-7.860000 	 0.081594 
-7.840000 	 -0.197462 
-7.820000 	 0.184319 
-7.800000 	 -0.043205 
-7.780000 	 0.103653 
-7.760000 	 0.220676 
-7.740000 	 -0.070476 
-7.720000 	 -0.023796 
-7.700000 	 -0.032082 
-7.680000 	 0.017021 
-7.660000 	 -0.138160 
-7.640000 	 0.195065 
-7.620000 	 -0.168758 
-7.600000 	 -0.000862 
-7.580000 	 0.004643 
-7.560000 	 0.074317 
-7.540000 	 -0.092445 
-7.520000 	 0.014817 
-7.500000 	 0.066386 
-7.480000 	 0.105561 
-7.460000 	 0.227905 
-7.440000 	 0.162505 
-7.420000 	 0.059032 
-7.400000 	 0.187706 
-7.380000 	 0.187277 
-7.360000 	 -0.272476 
-7.340000 	 0.035878 
-7.320000 	 -0.045793 
-7.300000 	 0.211814 
-7.280000 	 0.295111 
-7.260000 	 0.082316 
-7.240000 	 -0.072563 
-7.220000 	 0.249105 
-7.200000 	 -0.001108 
-7.180000 	 -0.142563 
-7.160000 	 0.316386 
-7.140000 	 0.188959 
-7.120000 	 -0.086408 
-7.100000 	 -0.100457 
-7.080000 	 -0.219736 
-7.060000 	 0.121352 
-7.040000 	 0.209526 
-7.020000 	 -0.144727 
-7.000000 	 -0.058684 
-6.980000 	 -0.200990 
-6.960000 	 0.373344 
-6.940000 	 0.010805 
-6.920000 	 0.057730 
-6.900000 	 -0.110644 
-6.880000 	 -0.069170 
-6.860000 	 -0.069814 
-6.840000 	 0.035313 
-6.820000 	 -0.148884 
-6.800000 	 0.371829 
-6.780000 	 0.286071 
-6.760000 	 -0.129096 
-6.740000 	 0.174248 
-6.720000 	 0.256005 
-6.700000 	 -0.124074 
-6.680000 	 0.231343 
-6.660000 	 0.151821 
-6.640000 	 -0.065361 
-6.620000 	 -0.006208 
-6.600000 	 -0.031567 
-6.580000 	 -0.050629 
-6.560000 	 0.244029 
-6.540000 	 -0.032141 
-6.520000 	 0.221964 
-6.500000 	 0.090886 
-6.480000 	 0.088019 
-6.460000 	 -0.060177 
-6.440000 	 0.005884 
-6.420000 	 0.202602 
-6.400000 	 0.196116 
-6.380000 	 0.026641 
-6.360000 	 0.017482 
-6.340000 	 0.446865 
-6.320000 	 -0.033760 
-6.300000 	 0.431055 
-6.280000 	 -0.049314 
-6.260000 	 -0.034857 
-6.240000 	 0.339118 
-6.220000 	 0.158133 
-6.200000 	 -0.029819 
-6.180000 	 -0.028185 
-6.160000 	 -0.061497 
-6.140000 	 0.162053 
-6.120000 	 0.294752 
-6.100000 	 -0.014029 
-6.080000 	 0.398172 
-6.060000 	 0.344044 
-6.040000 	 0.136941 
-6.020000 	 0.273472 
-6.000000 	 0.174651 
-5.980000 	 0.392654 
-5.960000 	 0.181150 
-5.940000 	 0.275457 
-5.920000 	 0.230236 
-5.900000 	 0.077411 
-5.880000 	 0.139725 
-5.860000 	 0.252105 
-5.840000 	 0.085116 
-5.820000 	 -0.054405 
-5.800000 	 0.249529 
-5.780000 	 0.150414 
-5.760000 	 0.139897 
-5.740000 	 0.285846 
-5.720000 	 0.240524 
-5.700000 	 0.492629 
-5.680000 	 0.427803 
-5.660000 	 0.459923 
-5.640000 	 0.077492 
-5.620000 	 0.329792 
-5.600000 	 0.175578 
-5.580000 	 0.210382 
-5.560000 	 0.397525 
-5.540000 	 0.218452 
-5.520000 	 0.482054 
-5.500000 	 0.100958 
-5.480000 	 0.317104 
-5.460000 	 0.186254 
-5.440000 	 0.364421 
-5.420000 	 0.335127 
-5.400000 	 0.355080 
-5.380000 	 0.109895 
-5.360000 	 0.426875 
-5.340000 	 0.515203 
-5.320000 	 0.342778 
-5.300000 	 0.438609 
-5.280000 	 0.454184 
-5.260000 	 0.229836 
-5.240000 	 0.240645 
-5.220000 	 0.561074 
-5.200000 	 0.215821 
-5.180000 	 0.103934 
-5.160000 	 0.418731 
-5.140000 	 0.404443 
-5.120000 	 0.442076 
-5.100000 	 0.589044 
-5.080000 	 0.240270 
-5.060000 	 0.433586 
-5.040000 	 0.325632 
-5.020000 	 0.570651 
-5.000000 	 0.248197 
-4.980000 	 0.361021 
-4.960000 	 0.243351 
-4.940000 	 0.482488 
-4.920000 	 0.530655 
-4.900000 	 0.482164 
-4.880000 	 0.207761 
-4.860000 	 0.596584 
-4.840000 	 0.195126 
-4.820000 	 0.580870 
-4.800000 	 0.471734 
-4.780000 	 0.570325 
-4.760000 	 0.607885 
-4.740000 	 0.654422 
-4.720000 	 0.477791 
-4.700000 	 0.364801 
-4.680000 	 0.187110 
-4.660000 	 0.340424 
-4.640000 	 0.345639 
-4.620000 	 0.447451 
-4.600000 	 0.373208 
-4.580000 	 0.513690 
-4.560000 	 0.622298 
-4.540000 	 0.430837 
-4.520000 	 0.477174 
-4.500000 	 0.408190 
-4.480000 	 0.370181 
-4.460000 	 0.629865 
-4.440000 	 0.378667 
-4.420000 	 0.535909 
-4.400000 	 0.018870 
-4.380000 	 0.543365 
-4.360000 	 0.258290 
-4.340000 	 0.744524 
-4.320000 	 0.456048 
-4.300000 	 0.345842 
-4.280000 	 0.492186 
-4.260000 	 0.661642 
-4.240000 	 0.157648 
-4.220000 	 0.499588 
-4.200000 	 0.413122 
-4.180000 	 0.180884 
-4.160000 	 0.676107 
-4.140000 	 0.457984 
-4.120000 	 0.668301 
-4.100000 	 0.642991 
-4.080000 	 0.525440 
-4.060000 	 0.312997 
-4.040000 	 0.586818 
-4.020000 	 0.302044 
-4.000000 	 0.749918 
-3.980000 	 0.356076 
-3.960000 	 0.645892 
-3.940000 	 0.406668 
-3.920000 	 0.413355 
-3.900000 	 0.419129 
-3.880000 	 0.385413 
-3.860000 	 0.513700 
-3.840000 	 0.123093 
-3.820000 	 0.523579 
-3.800000 	 0.291673 
-3.780000 	 0.630743 
-3.760000 	 0.421707 
-3.740000 	 0.337434 
-3.720000 	 0.286341 
-3.700000 	 0.364790 
-3.680000 	 0.412248 
-3.660000 	 0.848585 
-3.640000 	 0.916316 
-3.620000 	 0.499393 
-3.600000 	 0.636544 
-3.580000 	 0.413034 
-3.560000 	 0.418152 
-3.540000 	 0.292418 
-3.520000 	 0.485308 
-3.500000 	 0.504316 
-3.480000 	 0.364365 
-3.460000 	 0.499311 
-3.440000 	 0.293881 
-3.420000 	 0.548135 
-3.400000 	 0.661098 
-3.380000 	 0.254974 
-3.360000 	 0.751470 
-3.340000 	 0.235972 
-3.320000 	 0.434493 
-3.300000 	 0.486769 
-3.280000 	 0.415541 
-3.260000 	 0.564661 
-3.240000 	 0.693309 
-3.220000 	 0.366442 
-3.200000 	 0.288302 
-3.180000 	 0.334392 
-3.160000 	 0.466089 
-3.140000 	 0.311546 
-3.120000 	 0.443121 
-3.100000 	 0.239658 
-3.080000 	 0.346502 
-3.060000 	 0.650214 
-3.040000 	 0.417591 
-3.020000 	 0.260473 
-3.000000 	 0.549609 
-2.980000 	 0.451632 
-2.960000 	 0.370587 
-2.940000 	 0.191902 
-2.920000 	 0.387197 
-2.900000 	 0.155109 
-2.880000 	 0.192930 
-2.860000 	 0.498341 
-2.840000 	 0.422593 
-2.820000 	 0.235784 
-2.800000 	 0.402552 
-2.780000 	 0.223659 
-2.760000 	 0.443260 
-2.740000 	 0.411273 
-2.720000 	 0.163279 
-2.700000 	 0.167850 
-2.680000 	 0.447206 
-2.660000 	 0.384446 
-2.640000 	 0.271775 
-2.620000 	 0.350693 
-2.600000 	 0.234951 
-2.580000 	 0.350788 
-2.560000 	 0.316932 
-2.540000 	 0.270439 
-2.520000 	 0.311883 
-2.500000 	 0.202301 
-2.480000 	 0.392246 
-2.460000 	 0.288574 
-2.440000 	 0.102594 
-2.420000 	 0.264086 
-2.400000 	 0.226089 
-2.380000 	 0.453141 
-2.360000 	 0.561536 
-2.340000 	 0.490755 
-2.320000 	 0.083186 
-2.300000 	 0.170331 
-2.280000 	 0.495228 
-2.260000 	 0.199974 
-2.240000 	 0.442298 
-2.220000 	 0.386961 
-2.200000 	 0.512860 
-2.180000 	 0.190893 
-2.160000 	 0.198050 
-2.140000 	 0.090116 
-2.120000 	 0.165436 
-2.100000 	 0.135638 
-2.080000 	 0.105819 
-2.060000 	 0.067189 
-2.040000 	 0.017340 
-2.020000 	 -0.083269 
-2.000000 	 0.415258 
-1.980000 	 0.402080 
-1.960000 	 0.141071 
-1.940000 	 0.100000 
-1.920000 	 -0.087216 
-1.900000 	 0.255179 
-1.880000 	 0.164522 
-1.860000 	 0.363776 
-1.840000 	 0.180464 
-1.820000 	 0.165936 
-1.800000 	 0.156006 
-1.780000 	 0.026906 
-1.760000 	 0.323208 
-1.740000 	 0.055146 
-1.720000 	 0.173776 
-1.700000 	 0.238867 
-1.680000 	 0.158160 
-1.660000 	 0.109850 
-1.640000 	 0.422902 
-1.620000 	 0.163161 
-1.600000 	 0.176024 
-1.580000 	 0.173722 
-1.560000 	 0.420462 
-1.540000 	 0.051853 
-1.520000 	 0.134552 
-1.500000 	 0.145452 
-1.480000 	 0.142671 
-1.460000 	 -0.015319 
-1.440000 	 0.275911 
-1.420000 	 0.384588 
-1.400000 	 -0.007723 
-1.380000 	 0.036486 
-1.360000 	 0.105159 
-1.340000 	 0.403535 
-1.320000 	 0.298776 
-1.300000 	 0.297605 
-1.280000 	 0.331359 
-1.260000 	 -0.254708 
-1.240000 	 0.269988 
-1.220000 	 0.050150 
-1.200000 	 0.264302 
-1.180000 	 0.512787 
-1.160000 	 0.032734 
-1.140000 	 0.115733 
-1.120000 	 0.119035 
-1.100000 	 0.209108 
-1.080000 	 0.070251 
-1.060000 	 0.173960 
-1.040000 	 0.382597 
-1.020000 	 0.138597 
-1.000000 	 0.088267 
-0.980000 	 -0.115744 
-0.960000 	 0.070203 
-0.940000 	 0.077711 
-0.920000 	 0.149887 
-0.900000 	 0.125427 
-0.880000 	 0.129664 
-0.860000 	 -0.078236 
-0.840000 	 0.021005 
-0.820000 	 0.377862 
-0.800000 	 0.221563 
-0.780000 	 -0.062175 
-0.760000 	 0.121000 
-0.740000 	 0.105545 
-0.720000 	 0.001046 
-0.700000 	 -0.031946 
-0.680000 	 0.073465 
-0.660000 	 0.287334 
-0.640000 	 0.060120 
-0.620000 	 -0.076986 
-0.600000 	 0.290735 
-0.580000 	 -0.131941 
-0.560000 	 -0.058256 
-0.540000 	 0.344806 
-0.520000 	 0.077596 
-0.500000 	 -0.120438 
-0.480000 	 -0.103400 
-0.460000 	 -0.158442 
-0.440000 	 0.141060 
-0.420000 	 0.315220 
-0.400000 	 0.080447 
-0.380000 	 0.043147 
-0.360000 	 0.378699 
-0.340000 	 0.225380 
-0.320000 	 0.019563 
-0.300000 	 0.093216 
-0.280000 	 0.291259 
-0.260000 	 0.163864 
-0.240000 	 0.113903 
-0.220000 	 0.056352 
-0.200000 	 0.200263 
-0.180000 	 0.228966 
-0.160000 	 0.450491 
-0.140000 	 0.128990 
-0.120000 	 0.220724 
-0.100000 	 0.188334 
-0.080000 	 0.257629 
-0.060000 	 0.334103 
-0.040000 	 0.328656 
-0.020000 	 0.155292 
0.000000 	 0.383783 
0.020000 	 0.325977 
0.040000 	 0.333550 
0.060000 	 0.117608 
0.080000 	 0.188726 
0.100000 	 0.011006 
0.120000 	 0.311034 
0.140000 	 0.399974 
0.160000 	 0.392970 
0.180000 	 0.318338 
0.200000 	 0.454446 
0.220000 	 0.250623 
0.240000 	 0.067527 
0.260000 	 0.478007 
0.280000 	 0.084791 
0.300000 	 0.374212 
0.320000 	 0.287535 
0.340000 	 0.268965 
0.360000 	 0.248720 
0.380000 	 0.410609 
0.400000 	 0.267491 
0.420000 	 0.295146 
0.440000 	 0.623952 
0.460000 	 0.435143 
0.480000 	 0.310494 
0.500000 	 0.446309 
0.520000 	 0.306886 
0.540000 	 0.097386 
0.560000 	 0.344664 
0.580000 	 0.373398 
0.600000 	 0.419420 
0.620000 	 0.145133 
0.640000 	 0.580915 
0.660000 	 0.340867 
0.680000 	 0.530765 
0.700000 	 -0.012480 
0.720000 	 0.412874 
0.740000 	 0.182895 
0.760000 	 0.729071 
0.780000 	 0.313213 
0.800000 	 0.294137 
0.820000 	 0.576709 
0.840000 	 0.067334 
0.860000 	 0.605567 
0.880000 	 0.345726 
0.900000 	 0.182935 
0.920000 	 0.436612 
0.940000 	 0.332952 
0.960000 	 0.632332 
0.980000 	 0.451296 
1.000000 	 0.571229 
1.020000 	 0.497549 
1.040000 	 0.257859 
1.060000 	 0.534149 
1.080000 	 0.374119 
1.100000 	 0.757500 
1.120000 	 0.659216 
1.140000 	 0.354917 
1.160000 	 0.465981 
1.180000 	 0.978648 
1.200000 	 0.500132 
1.220000 	 0.593740 
1.240000 	 0.604168 
1.260000 	 0.726854 
1.280000 	 0.293615 
1.300000 	 0.600000 
1.320000 	 0.721758 
1.340000 	 0.642755 
1.360000 	 0.683278 
1.380000 	 0.747676 
1.400000 	 0.885647 
1.420000 	 0.530270 
1.440000 	 0.676159 
1.460000 	 0.900000 
1.480000 	 0.592433 
1.500000 	 0.780466 
1.520000 	 0.890402 
1.540000 	 0.925571 
1.560000 	 0.841905 
1.580000 	 0.505187 
1.600000 	 0.701956 
1.620000 	 0.857438 
1.640000 	 0.885462 
1.660000 	 0.684236 
1.680000 	 0.477649 
1.700000 	 0.645919 
1.720000 	 0.806783 
1.740000 	 0.588207 
1.760000 	 0.929361 
1.780000 	 1.093471 
1.800000 	 0.779545 
1.820000 	 0.762151 
1.840000 	 0.778712 
1.860000 	 0.823639 
1.880000 	 1.012005 
1.900000 	 0.947154 
1.920000 	 0.936607 
1.940000 	 0.996146 
1.960000 	 1.016533 
1.980000 	 1.202283 
2.000000 	 0.770156 
2.020000 	 1.057351 
2.040000 	 0.983219 
2.060000 	 1.012421 
2.080000 	 1.003241 
2.100000 	 0.738048 
2.120000 	 1.209997 
2.140000 	 1.151177 
2.160000 	 1.238601 
2.180000 	 1.054290 
2.200000 	 1.133756 
2.220000 	 1.136492 
2.240000 	 0.862198 
2.260000 	 1.144828 
2.280000 	 0.983317 
2.300000 	 0.764019 
2.320000 	 1.112982 
2.340000 	 0.933938 
2.360000 	 1.210197 
2.380000 	 1.231857 
2.400000 	 1.123556 
2.420000 	 1.342803 
2.440000 	 1.208705 
2.460000 	 1.261638 
2.480000 	 1.036235 
2.500000 	 1.253336 
2.520000 	 1.117731 
2.540000 	 1.176701 
2.560000 	 1.530380 
2.580000 	 1.142081 
2.600000 	 1.311718 
2.620000 	 1.141804 
2.640000 	 1.384073 
2.660000 	 1.456494 
2.680000 	 1.178829 
2.700000 	 1.319531 
2.720000 	 1.252003 
2.740000 	 1.192478 
2.760000 	 1.285776 
2.780000 	 1.537008 
2.800000 	 1.225572 
2.820000 	 1.706087 
2.840000 	 1.373658 
2.860000 	 1.231223 
2.880000 	 1.590634 
2.900000 	 1.340777 
2.920000 	 0.922717 
2.940000 	 1.551321 
2.960000 	 1.644219 
2.980000 	 1.418421 
3.000000 	 1.368129 
3.020000 	 1.388715 
3.040000 	 1.585589 
3.060000 	 1.636029 
3.080000 	 1.095220 
3.100000 	 1.407856 
3.120000 	 1.570887 
3.140000 	 1.435320 
3.160000 	 1.443853 
3.180000 	 1.696665 
3.200000 	 1.256199 
3.220000 	 1.534902 
3.240000 	 1.683426 
3.260000 	 1.244532 
3.280000 	 1.288931 
3.300000 	 1.519214 
3.320000 	 1.534213 
3.340000 	 1.437861 
3.360000 	 1.672893 
3.380000 	 1.367555 
3.400000 	 1.265232 
3.420000 	 1.507294 
3.440000 	 1.669697 
3.460000 	 1.671933 
3.480000 	 1.491968 
3.500000 	 1.596505 
3.520000 	 1.488321 
3.540000 	 1.770301 
3.560000 	 1.306781 
3.580000 	 1.316690 
3.600000 	 1.867882 
3.620000 	 1.816007 
3.640000 	 1.579489 
3.660000 	 1.460515 
3.680000 	 1.642744 
3.700000 	 1.520985 
3.720000 	 1.809889 
3.740000 	 1.520809 
3.760000 	 1.797032 
3.780000 	 1.469073 
3.800000 	 1.352349 
3.820000 	 1.525307 
3.840000 	 1.768945 
3.860000 	 1.634926 
3.880000 	 1.655938 
3.900000 	 1.684737 
3.920000 	 1.792914 
3.940000 	 1.633563 
3.960000 	 1.540059 
3.980000 	 1.424831 
4.000000 	 1.167541 
4.020000 	 1.645211 
4.040000 	 1.837366 
4.060000 	 1.810762 
4.080000 	 1.353790 
4.100000 	 1.504355 
4.120000 	 1.585044 
4.140000 	 1.727488 
4.160000 	 1.398487 
4.180000 	 1.417612 
4.200000 	 1.481925 
4.220000 	 1.475979 
4.240000 	 1.615212 
4.260000 	 1.695471 
4.280000 	 1.417080 
4.300000 	 1.592054 
4.320000 	 1.582730 
4.340000 	 1.421016 
4.360000 	 1.499527 
4.380000 	 1.324237 
4.400000 	 1.704775 
4.420000 	 1.768652 
4.440000 	 1.570055 
4.460000 	 1.328989 
4.480000 	 1.529826 
4.500000 	 1.885942 
4.520000 	 1.414572 
4.540000 	 1.771079 
4.560000 	 1.400332 
4.580000 	 1.419301 
4.600000 	 1.469686 
4.620000 	 1.312156 
4.640000 	 1.460625 
4.660000 	 1.299488 
4.680000 	 1.452285 
4.700000 	 1.588670 
4.720000 	 1.632167 
4.740000 	 1.372187 
4.760000 	 1.436463 
4.780000 	 1.522708 
4.800000 	 1.364503 
4.820000 	 1.474854 
4.840000 	 1.545561 
4.860000 	 1.244201 
4.880000 	 1.598116 
4.900000 	 1.588180 
4.920000 	 1.327279 
4.940000 	 1.581233 
4.960000 	 1.455811 
4.980000 	 1.348124 
5.000000 	 1.619145 
5.020000 	 1.500240 
5.040000 	 1.377374 
5.060000 	 1.406793 
5.080000 	 1.162320 
5.100000 	 1.466590 
5.120000 	 1.250046 
5.140000 	 1.593065 
5.160000 	 1.467940 
5.180000 	 1.386698 
5.200000 	 1.521564 
5.220000 	 1.395399 
5.240000 	 1.422944 
5.260000 	 1.132437 
5.280000 	 1.226659 
5.300000 	 1.159678 
5.320000 	 1.146840 
5.340000 	 1.485997 
5.360000 	 1.185405 
5.380000 	 1.435035 
5.400000 	 1.302483 
5.420000 	 0.947357 
5.440000 	 1.045933 
5.460000 	 0.975079 
5.480000 	 1.391196 
5.500000 	 1.002903 
5.520000 	 0.956753 
5.540000 	 0.856360 
5.560000 	 1.309885 
5.580000 	 1.436804 
5.600000 	 1.025510 
5.620000 	 1.310580 
5.640000 	 1.264899 
5.660000 	 1.294047 
5.680000 	 0.952230 
5.700000 	 0.994944 
5.720000 	 0.790192 
5.740000 	 1.153793 
5.760000 	 1.102364 
5.780000 	 1.029273 
5.800000 	 0.891414 
5.820000 	 1.042861 
5.840000 	 1.269472 
5.860000 	 1.077940 
5.880000 	 1.320833 
5.900000 	 1.131994 
5.920000 	 0.826587 
5.940000 	 0.991241 
5.960000 	 0.926324 
5.980000 	 0.831288 
6.000000 	 1.011669 
6.020000 	 0.975231 
6.040000 	 0.814499 
6.060000 	 1.228393 
6.080000 	 1.063381 
6.100000 	 0.902986 
6.120000 	 1.089236 
6.140000 	 0.794382 
6.160000 	 0.726069 
6.180000 	 1.135644 
6.200000 	 0.976881 
6.220000 	 0.734530 
6.240000 	 0.973362 
6.260000 	 0.898497 
6.280000 	 0.728293 
6.300000 	 0.907671 
6.320000 	 0.521992 
6.340000 	 0.819586 
6.360000 	 0.587374 
6.380000 	 0.855203 
6.400000 	 0.933127 
6.420000 	 0.899858 
6.440000 	 0.697662 
6.460000 	 0.562947 
6.480000 	 0.821669 
6.500000 	 0.719803 
6.520000 	 0.699156 
6.540000 	 0.704172 
6.560000 	 0.547019 
6.580000 	 0.538984 
6.600000 	 0.619790 
6.620000 	 0.578560 
6.640000 	 0.447478 
6.660000 	 0.614175 
6.680000 	 0.473463 
6.700000 	 0.531488 
6.720000 	 0.803774 
6.740000 	 0.826059 
6.760000 	 0.755194 
6.780000 	 0.593366 
6.800000 	 0.667700 
6.820000 	 0.502518 
6.840000 	 0.740317 
6.860000 	 0.663037 
6.880000 	 0.474592 
6.900000 	 0.928139 
6.920000 	 0.753847 
6.940000 	 0.528252 
6.960000 	 0.518250 
6.980000 	 0.398321 
7.000000 	 0.469160 
7.020000 	 0.443690 
7.040000 	 0.471690 
7.060000 	 0.439601 
7.080000 	 0.278296 
7.100000 	 0.494143 
7.120000 	 0.540972 
7.140000 	 0.395821 
7.160000 	 0.386396 
7.180000 	 0.659804 
7.200000 	 0.722366 
7.220000 	 0.254247 
7.240000 	 0.679896 
7.260000 	 0.469077 
7.280000 	 0.146910 
7.300000 	 0.509918 
7.320000 	 0.347866 
7.340000 	 0.322202 
7.360000 	 0.037571 
7.380000 	 0.291289 
7.400000 	 0.413886 
7.420000 	 0.493563 
7.440000 	 0.299267 
7.460000 	 0.417527 
7.480000 	 0.381570 
7.500000 	 0.263316 
7.520000 	 0.172734 
7.540000 	 0.288166 
7.560000 	 0.408469 
7.580000 	 0.251603 
7.600000 	 0.368518 
7.620000 	 0.351139 
7.640000 	 0.190642 
7.660000 	 -0.169066 
7.680000 	 0.536547 
7.700000 	 0.127382 
7.720000 	 0.469554 
7.740000 	 0.287804 
7.760000 	 0.127665 
7.780000 	 0.177106 
7.800000 	 0.446237 
7.820000 	 0.302791 
7.840000 	 0.072467 
7.860000 	 0.329324 
7.880000 	 0.290913 
7.900000 	 0.363355 
7.920000 	 0.301969 
7.940000 	 0.184123 
7.960000 	 0.282420 
7.980000 	 0.082018 
8.000000 	 0.090525 
8.020000 	 0.242618 
8.040000 	 0.050671 
8.060000 	 0.467756 
8.080000 	 0.253985 
8.100000 	 0.285621 
8.120000 	 -0.022692 
8.140000 	 0.217704 
8.160000 	 0.254862 
8.180000 	 0.175803 
8.200000 	 0.348290 
8.220000 	 0.189117 
8.240000 	 0.143390 
8.260000 	 0.108632 
8.280000 	 0.235072 
8.300000 	 0.124700 
8.320000 	 0.002817 
8.340000 	 0.095099 
8.360000 	 0.089919 
8.380000 	 0.362331 
8.400000 	 0.554776 
8.420000 	 0.268668 
8.440000 	 0.424419 
8.460000 	 0.044407 
8.480000 	 0.347361 
8.500000 	 0.243493 
8.520000 	 0.139663 
8.540000 	 0.078037 
8.560000 	 0.001072 
8.580000 	 0.058382 
8.600000 	 0.075670 
8.620000 	 0.245682 
8.640000 	 0.362543 
8.660000 	 0.145397 
8.680000 	 -0.131030 
8.700000 	 0.233715 
8.720000 	 -0.111530 
8.740000 	 0.252432 
8.760000 	 -0.009023 
8.780000 	 -0.162379 
8.800000 	 0.335081 
8.820000 	 -0.019812 
8.840000 	 -0.057185 
8.860000 	 0.008123 
8.880000 	 0.038932 
8.900000 	 0.033510 
8.920000 	 0.226116 
8.940000 	 0.129658 
8.960000 	 0.184763 
8.980000 	 -0.050190 
9.000000 	 0.265010 
9.020000 	 -0.088957 
9.040000 	 0.300331 
9.060000 	 0.144441 
9.080000 	 0.016299 
9.100000 	 0.220600 
9.120000 	 -0.134607 
9.140000 	 0.126407 
9.160000 	 -0.115471 
9.180000 	 0.124435 
9.200000 	 -0.025514 
9.220000 	 -0.143026 
9.240000 	 -0.233358 
9.260000 	 0.262359 
9.280000 	 0.093988 
9.300000 	 -0.017310 
9.320000 	 0.299823 
9.340000 	 0.104908 
9.360000 	 -0.148022 
9.380000 	 0.175409 
9.400000 	 0.056495 
9.420000 	 0.134460 
9.440000 	 -0.143429 
9.460000 	 -0.105911 
9.480000 	 0.272556 
9.500000 	 -0.006917 
9.520000 	 0.077257 
9.540000 	 0.132605 
9.560000 	 0.121705 
9.580000 	 0.034034 
9.600000 	 -0.025859 
9.620000 	 -0.035174 
9.640000 	 0.018477 
9.660000 	 -0.080167 
9.680000 	 0.121558 
9.700000 	 0.042676 
9.720000 	 0.091968 
9.740000 	 -0.060617 
9.760000 	 0.017264 
9.780000 	 0.390963 
9.800000 	 -0.352609 
9.820000 	 0.211161 
9.840000 	 0.070318 
9.860000 	 0.375939 
9.880000 	 0.215518 
9.900000 	 0.022925 
9.920000 	 -0.166448 
9.940000 	 0.225788 
9.960000 	 -0.092117 
9.980000 	 0.039699 
10.000000 	 -0.089494 
10.020000 	 -0.079062 
10.040000 	 0.118278 
10.060000 	 -0.260394 
10.080000 	 0.170620 
10.100000 	 -0.284038 
10.120000 	 0.066944 
10.140000 	 0.018194 
10.160000 	 -0.106772 
10.180000 	 -0.050997 
10.200000 	 -0.106266 
10.220000 	 0.158497 
10.240000 	 0.221852 
10.260000 	 -0.177108 
10.280000 	 0.096612 
10.300000 	 -0.201337 
10.320000 	 -0.223152 
10.340000 	 0.067020 
10.360000 	 0.108297 
10.380000 	 0.087234 
10.400000 	 0.292872 
10.420000 	 -0.165041 
10.440000 	 0.128569 
10.460000 	 0.261289 
10.480000 	 0.193720 
10.500000 	 -0.111176 
10.520000 	 0.179040 
10.540000 	 -0.026593 
10.560000 	 -0.025336 
10.580000 	 -0.008166 
10.600000 	 -0.039154 
10.620000 	 0.125307 
10.640000 	 -0.063768 
10.660000 	 0.268731 
10.680000 	 -0.042582 
10.700000 	 0.057304 
10.720000 	 0.121512 
10.740000 	 -0.041022 
10.760000 	 0.032809 
10.780000 	 0.194592 
10.800000 	 0.023678 
10.820000 	 0.105196 
10.840000 	 -0.195808 
10.860000 	 -0.310962 
10.880000 	 0.194020 
10.900000 	 -0.456924 
10.920000 	 -0.275627 
10.940000 	 -0.151990 
10.960000 	 -0.044182 
10.980000 	 -0.051021 
11.000000 	 -0.025570 
11.020000 	 0.105717 
11.040000 	 0.009072 
11.060000 	 0.100175 
11.080000 	 0.086364 
11.100000 	 -0.010193 
11.120000 	 0.105460 
11.140000 	 -0.062736 
11.160000 	 0.052337 
11.180000 	 0.137650 
11.200000 	 -0.069526 
11.220000 	 -0.104702 
11.240000 	 0.039905 
11.260000 	 -0.209820 
11.280000 	 -0.062028 
11.300000 	 -0.053559 
11.320000 	 -0.345265 
11.340000 	 -0.242988 
11.360000 	 0.025536 
11.380000 	 0.040397 
11.400000 	 0.003265 
11.420000 	 -0.134359 
11.440000 	 0.110919 
11.460000 	 0.104676 
11.480000 	 0.190971 
11.500000 	 0.091349 
11.520000 	 0.028573 
11.540000 	 0.027560 
11.560000 	 -0.098199 
11.580000 	 -0.223605 
11.600000 	 -0.339822 
11.620000 	 -0.202425 
11.640000 	 0.119323 
11.660000 	 0.178743 
11.680000 	 0.122462 
11.700000 	 0.010834 
11.720000 	 0.207423 
11.740000 	 0.099621 
11.760000 	 -0.114370 
11.780000 	 0.044981 
11.800000 	 -0.195603 
11.820000 	 0.213730 
11.840000 	 0.008833 
11.860000 	 0.025928 
11.880000 	 0.093421 
11.900000 	 0.038762 
11.920000 	 0.229746 
11.940000 	 0.053486 
11.960000 	 0.036026 
11.980000 	 0.032269 
12.000000 	 0.269006 
12.020000 	 0.012365 
12.040000 	 -0.103109 
12.060000 	 -0.087325 
12.080000 	 -0.092769 
12.100000 	 0.111051 
12.120000 	 -0.324671 
12.140000 	 0.233402 
12.160000 	 0.019264 
12.180000 	 -0.295730 
12.200000 	 0.023686 
12.220000 	 -0.111207 
12.240000 	 -0.106059 
12.260000 	 0.122861 
12.280000 	 0.077042 
12.300000 	 -0.108781 
12.320000 	 0.079174 
12.340000 	 0.092265 
12.360000 	 -0.060791 
12.380000 	 -0.210809 
12.400000 	 -0.252312 
12.420000 	 -0.123921 
12.440000 	 0.008682 
12.460000 	 0.066310 
12.480000 	 -0.217722 
12.500000 	 -0.209666 
12.520000 	 0.033225 
12.540000 	 -0.197838 
12.560000 	 0.068312 
12.580000 	 0.019539 
12.600000 	 0.088163 
12.620000 	 0.171558 
12.640000 	 -0.065381 
12.660000 	 -0.060344 
12.680000 	 0.000503 
12.700000 	 -0.087066 
12.720000 	 0.052550 
12.740000 	 0.041056 
12.760000 	 0.155941 
12.780000 	 0.125273 
12.800000 	 0.085362 
12.820000 	 0.146424 
12.840000 	 -0.081898 
12.860000 	 -0.066128 
12.880000 	 -0.173367 
12.900000 	 0.260629 
12.920000 	 -0.037422 
12.940000 	 -0.090824 
12.960000 	 -0.157420 
12.980000 	 -0.070012 
13.000000 	 -0.011380 
13.020000 	 0.038277 
13.040000 	 -0.050036 
13.060000 	 -0.304913 
13.080000 	 -0.007458 
13.100000 	 -0.220588 
13.120000 	 -0.262783 
13.140000 	 0.012007 
13.160000 	 0.447257 
13.180000 	 -0.055228 
13.200000 	 0.051763 
13.220000 	 0.070405 
13.240000 	 0.069894 
13.260000 	 -0.012922 
13.280000 	 -0.018351 
13.300000 	 0.093281 
13.320000 	 -0.084371 
13.340000 	 -0.049599 
13.360000 	 0.077460 
13.380000 	 -0.006723 
13.400000 	 0.091561 
13.420000 	 -0.051559 
13.440000 	 0.027101 
13.460000 	 -0.057149 
13.480000 	 0.193751 
13.500000 	 -0.011497 
13.520000 	 0.033090 
13.540000 	 -0.283019 
13.560000 	 0.119249 
13.580000 	 0.060658 
13.600000 	 0.020743 
13.620000 	 -0.061768 
13.640000 	 -0.111891 
13.660000 	 -0.133789 
13.680000 	 0.035407 
13.700000 	 0.025725 
13.720000 	 -0.061272 
13.740000 	 0.102158 
13.760000 	 0.246013 
13.780000 	 -0.222598 
13.800000 	 0.002406 
13.820000 	 0.125053 
13.840000 	 0.142333 
13.860000 	 -0.088232 
13.880000 	 0.095174 
13.900000 	 -0.028805 
13.920000 	 -0.118903 
13.940000 	 -0.041523 
13.960000 	 -0.078331 
13.980000 	 -0.090616 
14.000000 	 -0.373268 
14.020000 	 -0.098811 
14.040000 	 0.305127 
14.060000 	 0.094383 
14.080000 	 -0.102453 
14.100000 	 0.295570 
14.120000 	 0.045655 
14.140000 	 -0.035793 
14.160000 	 -0.085608 
14.180000 	 -0.142263 
14.200000 	 0.000219 
14.220000 	 -0.122152 
14.240000 	 0.006612 
14.260000 	 0.368878 
14.280000 	 -0.175409 
14.300000 	 -0.113171 
14.320000 	 -0.201204 
14.340000 	 -0.040378 
14.360000 	 0.211136 
14.380000 	 0.162398 
14.400000 	 0.315699 
14.420000 	 -0.000278 
14.440000 	 0.064969 
14.460000 	 -0.076605 
14.480000 	 0.093262 
14.500000 	 -0.357197 
14.520000 	 -0.052113 
14.540000 	 -0.051888 
14.560000 	 0.092880 
14.580000 	 0.056758 
14.600000 	 0.237711 
14.620000 	 0.001399 
14.640000 	 -0.257424 
14.660000 	 -0.038941 
14.680000 	 -0.015323 
14.700000 	 -0.210904 
14.720000 	 -0.251255 
14.740000 	 0.221601 
14.760000 	 0.236411 
14.780000 	 0.145307 
14.800000 	 0.136534 
14.820000 	 -0.074746 
14.840000 	 -0.197805 
14.860000 	 -0.017705 
14.880000 	 -0.091267 
14.900000 	 0.056233 
14.920000 	 0.189472 
14.940000 	 0.210879 
14.960000 	 -0.343345 
14.980000 	 0.212882 
15.000000 	 0.286461 
