-15.000000 	 -0.164292 
-14.980000 	 -0.114237 
-14.960000 	 0.015711 
-14.940000 	 0.125364 
-14.920000 	 0.015630 
-14.900000 	 0.180797 
-14.880000 	 0.083749 
-14.860000 	 0.191656 
-14.840000 	 0.022324 
-14.820000 	 -0.043605 
-14.800000 	 -0.006373 
-14.780000 	 0.023176 
-14.760000 	 -0.066829 
-14.740000 	 -0.182249 
-14.720000 	 -0.101690 
-14.700000 	 -0.011864 
-14.680000 	 0.188942 
-14.660000 	 0.062653 
-14.640000 	 -0.111774 
-14.620000 	 0.045424 
-14.600000 	 0.019982 
-14.580000 	 0.057505 
-14.560000 	 0.023604 
-14.540000 	 0.110686 
-14.520000 	 0.048701 
-14.500000 	 0.113959 
-14.480000 	 -0.030086 
-14.460000 	 -0.084280 
-14.440000 	 0.271186 
-14.420000 	 -0.073956 
-14.400000 	 -0.116639 
-14.380000 	 -0.126874 
-14.360000 	 0.116256 
-14.340000 	 -0.110795 
-14.320000 	 0.088163 
-14.300000 	 -0.214434 
-14.280000 	 0.070281 
-14.260000 	 0.144252 
-14.240000 	 0.047750 
-14.220000 	 0.011476 
-14.200000 	 0.075208 
-14.180000 	 0.089516 
-14.160000 	 0.076682 
-14.140000 	 -0.098391 
-14.120000 	 0.270914 
-14.100000 	 -0.072651 
-14.080000 	 0.308955 
-14.060000 	 0.148148 
-14.040000 	 0.271749 
-14.020000 	 -0.128212 
-14.000000 	 0.246600 
-13.980000 	 -0.116764 
-13.960000 	 0.079086 
-13.940000 	 0.238896 
-13.920000 	 0.070760 
-13.900000 	 0.130176 
-13.880000 	 0.048078 
-13.860000 	 0.162786 
-13.840000 	 0.050285 
-13.820000 	 0.263349 
-13.800000 	 0.241685 
-13.780000 	 0.226111 
-13.760000 	 0.084629 
-13.740000 	 0.015207 
-13.720000 	 0.058688 
-13.700000 	 -0.044153 
-13.680000 	 -0.132042 
-13.660000 	 0.350743 
-13.640000 	 -0.089938 
-13.620000 	 -0.173959 
-13.600000 	 0.416132 
-13.580000 	 0.191813 
-13.560000 	 -0.056130 
-13.540000 	 -0.022554 
-13.520000 	 0.160412 
-13.500000 	 0.036808 
-13.480000 	 0.163447 
-13.460000 	 0.012078 
-13.440000 	 -0.258908 
-13.420000 	 0.257018 
-13.400000 	 -0.097660 
-13.380000 	 0.072363 
-13.360000 	 0.031976 
-13.340000 	 0.051310 
-13.320000 	 0.007020 
-13.300000 	 -0.092422 
-13.280000 	 0.106387 
-13.260000 	 -0.183406 
-13.240000 	 0.066427 
-13.220000 	 -0.008392 
-13.200000 	 -0.129385 
-13.180000 	 -0.085456 
-13.160000 	 0.187764 
-13.140000 	 -0.033014 
-13.120000 	 -0.184647 
-13.100000 	 -0.049515 
-13.080000 	 0.199125 
-13.060000 	 -0.471586 
-13.040000 	 0.024313 
-13.020000 	 -0.168385 
-13.000000 	 -0.067099 
-12.980000 	 -0.003465 
-12.960000 	 -0.112866 
-12.940000 	 0.038785 
-12.920000 	 -0.169710 
-12.900000 	 -0.179053 
-12.880000 	 -0.183808 
-12.860000 	 0.009949 
-12.840000 	 -0.163986 
-12.820000 	 0.011394 
-12.800000 	 -0.166373 
-12.780000 	 0.100000 
-12.760000 	 -0.359463 
-12.740000 	 -0.130105 
-12.720000 	 -0.168520 
-12.700000 	 0.069284 
-12.680000 	 0.288975 
-12.660000 	 -0.101242 
-12.640000 	 0.207659 
-12.620000 	 0.008170 
-12.600000 	 0.054461 
-12.580000 	 -0.198541 
-12.560000 	 0.054450 
-12.540000 	 -0.069091 
-12.520000 	 0.122061 
-12.500000 	 -0.205849 
-12.480000 	 0.003472 
-12.460000 	 0.206674 
-12.440000 	 0.205623 
-12.420000 	 -0.043541 
-12.400000 	 -0.125906 
-12.380000 	 -0.059177 
-12.360000 	 0.227337 
-12.340000 	 0.052645 
-12.320000 	 0.119617 
-12.300000 	 0.144180 
-12.280000 	 -0.125021 
-12.260000 	 0.900000 
-12.240000 	 0.266139 
-12.220000 	 -0.024864 
-12.200000 	 -0.033401 
-12.180000 	 0.083840 
-12.160000 	 0.145955 
-12.140000 	 0.158727 
-12.120000 	 -0.078662 
-12.100000 	 -0.152339 
-12.080000 	 0.188286 
-12.060000 	 0.011006 
-12.040000 	 0.135918 
-12.020000 	 0.278172 
-12.000000 	 -0.079366 
-11.980000 	 0.028079 
-11.960000 	 0.026857 
-11.940000 	 -0.173754 
-11.920000 	 0.096208 
-11.900000 	 -0.134940 
-11.880000 	 -0.261869 
-11.860000 	 0.100391 
-11.840000 	 0.115646 
-11.820000 	 0.178601 
-11.800000 	 -0.107513 
-11.780000 	 -0.007466 
-11.760000 	 -0.070541 
-11.740000 	 0.262514 
-11.720000 	 0.165725 
-11.700000 	 -0.071840 
-11.680000 	 0.115641 
-11.660000 	 0.082356 
-11.640000 	 0.018377 
-11.620000 	 -0.011360 
-11.600000 	 0.163708 
-11.580000 	 -0.000817 
-11.560000 	 -0.180293 
-11.540000 	 -0.040655 
-11.520000 	 0.137420 
-11.500000 	 -0.351520 
-11.480000 	 -0.239046 
-11.460000 	 0.134364 
-11.440000 	 0.208222 
-11.420000 	 -0.027332 
-11.400000 	 -0.296825 
-11.380000 	 -0.003052 
-11.360000 	 -0.042842 
-11.340000 	 -0.044927 
-11.320000 	 -0.133698 
-11.300000 	 -0.214858 
-11.280000 	 0.026388 
-11.260000 	 0.030052 
-11.240000 	 0.019764 
-11.220000 	 -0.159775 
-11.200000 	 0.197354 
-11.180000 	 0.051509 
-11.160000 	 0.114934 
-11.140000 	 -0.244584 
-11.120000 	 0.195743 
-11.100000 	 -0.051784 
-11.080000 	 0.166292 
-11.060000 	 -0.360119 
-11.040000 	 0.056149 
-11.020000 	 0.273426 
-11.000000 	 -0.028293 
-10.980000 	 0.110365 
-10.960000 	 0.479075 
-10.940000 	 0.267759 
-10.920000 	 0.007932 
-10.900000 	 0.099755 
-10.880000 	 0.122016 
-10.860000 	 0.131252 
-10.840000 	 0.262591 
-10.820000 	 0.041762 
-10.800000 	 -0.035631 
-10.780000 	 0.181754 
-10.760000 	 -0.066623 
-10.740000 	 -0.065815 
-10.720000 	 -0.200263 
-10.700000 	 -0.264773 
-10.680000 	 0.140827 
-10.660000 	 -0.029157 
-10.640000 	 0.202751 
-10.620000 	 0.145866 
-10.600000 	 -0.149987 
-10.580000 	 0.214727 
-10.560000 	 -0.037707 
-10.540000 	 -0.231591 
-10.520000 	 -0.171005 
-10.500000 	 0.011768 
-10.480000 	 -0.078153 
-10.460000 	 0.224950 
-10.440000 	 0.093844 
-10.420000 	 0.092180 
-10.400000 	 -0.073516 
-10.380000 	 0.050623 
-10.360000 	 0.116135 
-10.340000 	 0.259605 
-10.320000 	 -0.016086 
-10.300000 	 0.230607 
-10.280000 	 0.356671 
-10.260000 	 0.005015 
-10.240000 	 0.122315 
-10.220000 	 0.006452 
-10.200000 	 0.127353 
-10.180000 	 0.078963 
-10.160000 	 0.096096 
-10.140000 	 0.016591 
-10.120000 	 0.051658 
-10.100000 	 0.155930 
-10.080000 	 -0.003217 
-10.060000 	 -0.306797 
-10.040000 	 -0.062359 
-10.020000 	 0.038965 
-10.000000 	 0.205444 
-9.980000 	 0.005280 
-9.960000 	 0.090968 
-9.940000 	 0.142991 
-9.920000 	 0.028696 
-9.900000 	 0.014516 
-9.880000 	 -0.012177 
-9.860000 	 0.207185 
-9.840000 	 0.017282 
-9.820000 	 -0.183633 
-9.800000 	 -0.145916 
-9.780000 	 0.222696 
-9.760000 	 0.158210 
-9.740000 	 -0.114074 
-9.720000 	 0.144703 
-9.700000 	 -0.068605 
-9.680000 	 0.258207 
-9.660000 	 -0.329934 
-9.640000 	 -0.130906 
-9.620000 	 0.113660 
-9.600000 	 -0.018734 
-9.580000 	 0.108317 
-9.560000 	 0.061902 
-9.540000 	 -0.012605 
-9.520000 	 -0.218661 
-9.500000 	 0.008112 
-9.480000 	 0.162420 
-9.460000 	 0.028686 
-9.440000 	 0.167538 
-9.420000 	 0.055106 
-9.400000 	 0.033970 
-9.380000 	 0.194133 
-9.360000 	 -0.256374 
-9.340000 	 -0.015120 
-9.320000 	 -0.114043 
-9.300000 	 0.190101 
-9.280000 	 -0.001213 
-9.260000 	 -0.005686 
-9.240000 	 -0.251829 
-9.220000 	 -0.029386 
-9.200000 	 0.142136 
-9.180000 	 0.068630 
-9.160000 	 0.065751 
-9.140000 	 -0.139308 
-9.120000 	 -0.083132 
-9.100000 	 -0.003897 
-9.080000 	 0.124526 
-9.060000 	 -0.050656 
-9.040000 	 0.313578 
-9.020000 	 0.050900 
-9.000000 	 -0.043091 
-8.980000 	 0.038262 
-8.960000 	 0.173500 
-8.940000 	 0.170105 
-8.920000 	 -0.133861 
-8.900000 	 -0.064031 
-8.880000 	 0.112726 
-8.860000 	 -0.142954 
-8.840000 	 0.081658 
-8.820000 	 0.007594 
-8.800000 	 -0.139510 
-8.780000 	 0.097539 
-8.760000 	 0.117271 
-8.740000 	 -0.244688 
-8.720000 	 -0.084118 
-8.700000 	 0.007115 
-8.680000 	 -0.232399 
-8.660000 	 -0.159996 
-8.640000 	 0.070787 
-8.620000 	 0.167320 
-8.600000 	 0.011822 
-8.580000 	 0.237555 
-8.560000 	 -0.294340 
-8.540000 	 0.033691 
-8.520000 	 -0.013325 
-8.500000 	 0.271407 
-8.480000 	 0.199823 
-8.460000 	 -0.073706 
-8.440000 	 0.036221 
-8.420000 	 -0.113357 
-8.400000 	 -0.172382 
-8.380000 	 0.153906 
-8.360000 	 0.010362 
-8.340000 	 0.255709 
-8.320000 	 -0.397848 
-8.300000 	 -0.043734 
-8.280000 	 0.175026 
-8.260000 	 -0.166657 
-8.240000 	 0.132236 
-8.220000 	 0.058729 
-8.200000 	 -0.128625 
-8.180000 	 -0.070589 
-8.160000 	 -0.101524 
-8.140000 	 0.249671 
-8.120000 	 0.212063 
-8.100000 	 -0.158697 
-8.080000 	 0.053199 
-8.060000 	 -0.063907 
-8.040000 	 0.008104 
-8.020000 	 -0.044179 
-8.000000 	 0.171898 
-7.980000 	 -0.048354 
-7.960000 	 -0.045573 
-7.940000 	 0.054232 
-7.920000 	 -0.019254 
-7.900000 	 -0.145510 
-7.880000 	 0.178020 
-7.860000 	 0.119186 
-7.840000 	 0.076300 
-7.820000 	 -0.135610 
-7.800000 	 0.080568 
-7.780000 	 -0.102435 
-7.760000 	 0.122718 
-7.740000 	 0.177006 
-7.720000 	 -0.135840 
-7.700000 	 -0.066426 
-7.680000 	 -0.084312 
-7.660000 	 -0.156118 
-7.640000 	 0.044813 
-7.620000 	 -0.090041 
-7.600000 	 -0.039520 
-7.580000 	 -0.100000 
-7.560000 	 -0.114577 
-7.540000 	 -0.028159 
-7.520000 	 -0.105533 
-7.500000 	 0.059561 
-7.480000 	 -0.010310 
-7.460000 	 -0.010123 
-7.440000 	 -0.194485 
-7.420000 	 0.010173 
-7.400000 	 0.199305 
-7.380000 	 0.180914 
-7.360000 	 0.058734 
-7.340000 	 -0.002016 
-7.320000 	 -0.109068 
-7.300000 	 0.030826 
-7.280000 	 -0.210080 
-7.260000 	 0.025489 
-7.240000 	 0.075117 
-7.220000 	 0.002485 
-7.200000 	 0.048333 
-7.180000 	 -0.048133 
-7.160000 	 -0.078279 
-7.140000 	 0.118766 
-7.120000 	 0.152895 
-7.100000 	 0.258547 
-7.080000 	 -0.015916 
-7.060000 	 0.121802 
-7.040000 	 -0.016148 
-7.020000 	 0.209305 
-7.000000 	 0.181394 
-6.980000 	 0.049449 
-6.960000 	 0.068151 
-6.940000 	 0.228421 
-6.920000 	 0.016298 
-6.900000 	 0.202181 
-6.880000 	 0.385907 
-6.860000 	 0.126123 
-6.840000 	 0.026433 
-6.820000 	 -0.140519 
-6.800000 	 -0.035561 
-6.780000 	 0.026929 
-6.760000 	 0.242980 
-6.740000 	 0.163760 
-6.720000 	 -0.047943 
-6.700000 	 -0.007667 
-6.680000 	 0.006367 
-6.660000 	 0.238867 
-6.640000 	 -0.099150 
-6.620000 	 0.105621 
-6.600000 	 0.138413 
-6.580000 	 0.149390 
-6.560000 	 0.105013 
-6.540000 	 0.083948 
-6.520000 	 0.036258 
-6.500000 	 0.170152 
-6.480000 	 0.401510 
-6.460000 	 0.077732 
-6.440000 	 0.259132 
-6.420000 	 0.239247 
-6.400000 	 0.059430 
-6.380000 	 0.102646 
-6.360000 	 0.319563 
-6.340000 	 -0.113654 
-6.320000 	 0.173594 
-6.300000 	 0.067978 
-6.280000 	 0.135691 
-6.260000 	 0.233147 
-6.240000 	 -0.004202 
-6.220000 	 0.310485 
-6.200000 	 0.036509 
-6.180000 	 0.183388 
-6.160000 	 0.154140 
-6.140000 	 0.164347 
-6.120000 	 -0.106817 
-6.100000 	 -0.102934 
-6.080000 	 0.472679 
-6.060000 	 0.113901 
-6.040000 	 0.329391 
-6.020000 	 0.085199 
-6.000000 	 0.099460 
-5.980000 	 0.423737 
-5.960000 	 0.378430 
-5.940000 	 0.283075 
-5.920000 	 0.140723 
-5.900000 	 0.089479 
-5.880000 	 0.362464 
-5.860000 	 0.279074 
-5.840000 	 0.187334 
-5.820000 	 0.067924 
-5.800000 	 0.172464 
-5.780000 	 0.198804 
-5.760000 	 0.153058 
-5.740000 	 0.091486 
-5.720000 	 0.342797 
-5.700000 	 0.354201 
-5.680000 	 0.313701 
-5.660000 	 0.070416 
-5.640000 	 0.268041 
-5.620000 	 0.393433 
-5.600000 	 0.330965 
-5.580000 	 0.531337 
-5.560000 	 0.254246 
-5.540000 	 0.176228 
-5.520000 	 0.624369 
-5.500000 	 0.222697 
-5.480000 	 0.370611 
-5.460000 	 0.128004 
-5.440000 	 0.595867 
-5.420000 	 0.380626 
-5.400000 	 0.158392 
-5.380000 	 0.098980 
-5.360000 	 0.161616 
-5.340000 	 0.553365 
-5.320000 	 0.472730 
-5.300000 	 0.276803 
-5.280000 	 0.363169 
-5.260000 	 0.330567 
-5.240000 	 0.169590 
-5.220000 	 0.413548 
-5.200000 	 0.412565 
-5.180000 	 0.259684 
-5.160000 	 0.442036 
-5.140000 	 0.241081 
-5.120000 	 0.336477 
-5.100000 	 0.531708 
-5.080000 	 0.474818 
-5.060000 	 0.164472 
-5.040000 	 0.326462 
-5.020000 	 0.584254 
-5.000000 	 0.303450 
-4.980000 	 0.454517 
-4.960000 	 0.554124 
-4.940000 	 0.684041 
-4.920000 	 0.486707 
-4.900000 	 0.304439 
-4.880000 	 0.279160 
-4.860000 	 0.437691 
-4.840000 	 0.698505 
-4.820000 	 0.438089 
-4.800000 	 0.427433 
-4.780000 	 0.533579 
-4.760000 	 0.409530 
-4.740000 	 0.419546 
-4.720000 	 0.337387 
-4.700000 	 0.703850 
-4.680000 	 0.314944 
-4.660000 	 0.268169 
-4.640000 	 0.080654 
-4.620000 	 0.655850 
-4.600000 	 0.493788 
-4.580000 	 0.337452 
-4.560000 	 0.371231 
-4.540000 	 0.384248 
-4.520000 	 0.194043 
-4.500000 	 0.664020 
-4.480000 	 0.427068 
-4.460000 	 0.581693 
-4.440000 	 0.556824 
-4.420000 	 0.488012 
-4.400000 	 0.577232 
-4.380000 	 0.737812 
-4.360000 	 0.443827 
-4.340000 	 0.480128 
-4.320000 	 0.277703 
-4.300000 	 0.662054 
-4.280000 	 0.638068 
-4.260000 	 0.292063 
-4.240000 	 0.576840 
-4.220000 	 0.691074 
-4.200000 	 0.492611 
-4.180000 	 0.624613 
-4.160000 	 0.476731 
-4.140000 	 0.631005 
-4.120000 	 0.493284 
-4.100000 	 0.461153 
-4.080000 	 0.509769 
-4.060000 	 0.705779 
-4.040000 	 0.412579 
-4.020000 	 0.655041 
-4.000000 	 0.612755 
-3.980000 	 0.775510 
-3.960000 	 0.547352 
-3.940000 	 0.382111 
-3.920000 	 0.553966 
-3.900000 	 0.354454 
-3.880000 	 0.578002 
-3.860000 	 0.540190 
-3.840000 	 0.271281 
-3.820000 	 0.718403 
-3.800000 	 0.149921 
-3.780000 	 0.567142 
-3.760000 	 0.460552 
-3.740000 	 0.767715 
-3.720000 	 0.483513 
-3.700000 	 0.698277 
-3.680000 	 0.409728 
-3.660000 	 0.380175 
-3.640000 	 0.452801 
-3.620000 	 0.445384 
-3.600000 	 0.494844 
-3.580000 	 0.466970 
-3.560000 	 0.357284 
-3.540000 	 0.413164 
-3.520000 	 0.384435 
-3.500000 	 0.591002 
-3.480000 	 0.249844 
-3.460000 	 0.630623 
-3.440000 	 0.393899 
-3.420000 	 0.271789 
-3.400000 	 0.644166 
-3.380000 	 0.707365 
-3.360000 	 0.314156 
-3.340000 	 0.796000 
-3.320000 	 0.551148 
-3.300000 	 0.298780 
-3.280000 	 0.647261 
-3.260000 	 0.464088 
-3.240000 	 0.506916 
-3.220000 	 0.391970 
-3.200000 	 0.347883 
-3.180000 	 0.385476 
-3.160000 	 0.208572 
-3.140000 	 0.486061 
-3.120000 	 0.411616 
-3.100000 	 0.241242 
-3.080000 	 0.379196 
-3.060000 	 0.529549 
-3.040000 	 0.591689 
-3.020000 	 0.602652 
-3.000000 	 0.451242 
-2.980000 	 0.322038 
-2.960000 	 0.362606 
-2.940000 	 -0.053550 
-2.920000 	 0.490056 
-2.900000 	 0.266235 
-2.880000 	 0.428053 
-2.860000 	 0.248185 
-2.840000 	 0.475235 
-2.820000 	 0.454677 
-2.800000 	 0.552428 
-2.780000 	 0.467889 
-2.760000 	 -0.046222 
-2.740000 	 0.402056 
-2.720000 	 0.359588 
-2.700000 	 0.454878 
-2.680000 	 0.258437 
-2.660000 	 0.377471 
-2.640000 	 0.525484 
-2.620000 	 0.331401 
-2.600000 	 0.317434 
-2.580000 	 0.535323 
-2.560000 	 0.114920 
-2.540000 	 0.288545 
-2.520000 	 0.481844 
-2.500000 	 0.238231 
-2.480000 	 0.184995 
-2.460000 	 0.307265 
-2.440000 	 0.472325 
-2.420000 	 0.275018 
-2.400000 	 0.656872 
-2.380000 	 0.635395 
-2.360000 	 0.177806 
-2.340000 	 0.350424 
-2.320000 	 0.252883 
-2.300000 	 0.548891 
-2.280000 	 0.415432 
-2.260000 	 0.227551 
-2.240000 	 0.405973 
-2.220000 	 0.184242 
-2.200000 	 0.164018 
-2.180000 	 0.224608 
-2.160000 	 0.215897 
-2.140000 	 0.050656 
-2.120000 	 0.055878 
-2.100000 	 0.409962 
-2.080000 	 0.345495 
-2.060000 	 0.238781 
-2.040000 	 0.164076 
-2.020000 	 0.178433 
-2.000000 	 0.206325 
-1.980000 	 0.557527 
-1.960000 	 0.259195 
-1.940000 	 0.358928 
-1.920000 	 0.125572 
-1.900000 	 0.352437 
-1.880000 	 0.381174 
-1.860000 	 0.236302 
-1.840000 	 0.422139 
-1.820000 	 0.380026 
-1.800000 	 0.045357 
-1.780000 	 0.065204 
-1.760000 	 -0.094381 
-1.740000 	 0.198733 
-1.720000 	 0.052328 
-1.700000 	 0.252843 
-1.680000 	 0.351388 
-1.660000 	 0.224922 
-1.640000 	 0.076274 
-1.620000 	 0.238912 
-1.600000 	 0.433448 
-1.580000 	 0.094606 
-1.560000 	 0.126858 
-1.540000 	 0.447783 
-1.520000 	 0.169098 
-1.500000 	 0.125496 
-1.480000 	 0.393996 
-1.460000 	 -0.000529 
-1.440000 	 0.412385 
-1.420000 	 -0.055291 
-1.400000 	 0.120736 
-1.380000 	 0.071337 
-1.360000 	 0.098347 
-1.340000 	 0.036255 
-1.320000 	 -0.039810 
-1.300000 	 0.225516 
-1.280000 	 0.116981 
-1.260000 	 0.162063 
-1.240000 	 0.116413 
-1.220000 	 -0.080403 
-1.200000 	 0.404837 
-1.180000 	 0.152566 
-1.160000 	 -0.037204 
-1.140000 	 0.164498 
-1.120000 	 0.393185 
-1.100000 	 0.232600 
-1.080000 	 0.067100 
-1.060000 	 0.067219 
-1.040000 	 0.162309 
-1.020000 	 0.268661 
-1.000000 	 -0.083770 
-0.980000 	 0.073996 
-0.960000 	 0.066675 
-0.940000 	 0.046368 
-0.920000 	 -0.038102 
-0.900000 	 0.188339 
-0.880000 	 0.352485 
-0.860000 	 0.324222 
-0.840000 	 0.120564 
-0.820000 	 -0.272717 
-0.800000 	 0.310341 
-0.780000 	 0.005807 
-0.760000 	 -0.093944 
-0.740000 	 0.244950 
-0.720000 	 0.157890 
-0.700000 	 0.242300 
-0.680000 	 0.162745 
-0.660000 	 0.235258 
-0.640000 	 0.043384 
-0.620000 	 0.176089 
-0.600000 	 0.014277 
-0.580000 	 0.240590 
-0.560000 	 0.363322 
-0.540000 	 0.128974 
-0.520000 	 0.264023 
-0.500000 	 0.296472 
-0.480000 	 0.503291 
-0.460000 	 0.166991 
-0.440000 	 0.205499 
-0.420000 	 0.065246 
-0.400000 	 0.098370 
-0.380000 	 0.154881 
-0.360000 	 0.030170 
-0.340000 	 0.280275 
-0.320000 	 0.324457 
-0.300000 	 0.121694 
-0.280000 	 0.189526 
-0.260000 	 0.118782 
-0.240000 	 0.500103 
-0.220000 	 0.216948 
-0.200000 	 0.454536 
-0.180000 	 -0.061355 
-0.160000 	 0.166751 
-0.140000 	 0.284335 
-0.120000 	 0.495654 
-0.100000 	 0.610274 
-0.080000 	 0.190997 
-0.060000 	 0.056338 
-0.040000 	 0.321613 
-0.020000 	 0.292869 
0.000000 	 0.315978 
0.020000 	 0.285508 
0.040000 	 0.364970 
0.060000 	 -0.025569 
0.080000 	 0.449923 
0.100000 	 0.199174 
0.120000 	 0.227381 
0.140000 	 0.184977 
0.160000 	 0.271762 
0.180000 	 0.285318 
0.200000 	 0.072734 
0.220000 	 0.220406 
0.240000 	 0.103110 
0.260000 	 0.477532 
0.280000 	 0.363585 
0.300000 	 0.188318 
0.320000 	 0.342878 
0.340000 	 0.408300 
0.360000 	 0.220855 
0.380000 	 0.307491 
0.400000 	 0.118370 
0.420000 	 0.565719 
0.440000 	 0.414303 
0.460000 	 0.130927 
0.480000 	 0.097903 
0.500000 	 0.343277 
0.520000 	 0.444974 
0.540000 	 0.485027 
0.560000 	 0.297345 
0.580000 	 0.353904 
0.600000 	 0.655897 
0.620000 	 0.170715 
0.640000 	 0.234932 
0.660000 	 0.813781 
0.680000 	 0.433132 
0.700000 	 0.600436 
0.720000 	 0.354445 
0.740000 	 0.393113 
0.760000 	 0.588639 
0.780000 	 0.481648 
0.800000 	 0.447706 
0.820000 	 0.326146 
0.840000 	 0.375235 
0.860000 	 0.256921 
0.880000 	 0.514212 
0.900000 	 0.373761 
0.920000 	 0.509446 
0.940000 	 0.671502 
0.960000 	 0.638017 
0.980000 	 0.302056 
1.000000 	 0.627268 
1.020000 	 0.594969 
1.040000 	 0.589785 
1.060000 	 0.385319 
1.080000 	 0.547826 
1.100000 	 0.558546 
1.120000 	 0.703826 
1.140000 	 0.936104 
1.160000 	 0.681943 
1.180000 	 0.569254 
1.200000 	 0.715032 
1.220000 	 0.749978 
1.240000 	 0.768521 
1.260000 	 0.813464 
1.280000 	 0.934191 
1.300000 	 0.545584 
1.320000 	 0.392774 
1.340000 	 0.539167 
1.360000 	 0.638297 
1.380000 	 0.567681 
1.400000 	 0.757752 
1.420000 	 0.717534 
1.440000 	 0.746463 
1.460000 	 0.733135 
1.480000 	 0.829246 
1.500000 	 0.722613 
1.520000 	 0.783052 
1.540000 	 0.584600 
1.560000 	 0.580899 
1.580000 	 0.698000 
1.600000 	 0.579467 
1.620000 	 0.875713 
1.640000 	 0.511828 
1.660000 	 0.889167 
1.680000 	 0.766800 
1.700000 	 0.634957 
1.720000 	 1.030446 
1.740000 	 0.998383 
1.760000 	 0.947457 
1.780000 	 0.785471 
1.800000 	 0.802041 
1.820000 	 0.869247 
1.840000 	 0.721186 
1.860000 	 0.668676 
1.880000 	 0.800127 
1.900000 	 0.820719 
1.920000 	 0.957708 
1.940000 	 0.864351 
1.960000 	 0.979356 
1.980000 	 0.863091 
2.000000 	 1.078458 
2.020000 	 0.789483 
2.040000 	 1.082221 
2.060000 	 0.998036 
2.080000 	 0.849502 
2.100000 	 1.019819 
2.120000 	 1.179443 
2.140000 	 1.090861 
2.160000 	 1.002998 
2.180000 	 1.014226 
2.200000 	 1.092997 
2.220000 	 1.134897 
2.240000 	 1.101120 
2.260000 	 0.841132 
2.280000 	 0.969396 
2.300000 	 0.987124 
2.320000 	 1.288568 
2.340000 	 1.224524 
2.360000 	 1.336596 
2.380000 	 1.371074 
2.400000 	 0.958220 
2.420000 	 1.313334 
2.440000 	 0.976850 
2.460000 	 1.207469 
2.480000 	 1.379478 
2.500000 	 1.268917 
2.520000 	 1.154630 
2.540000 	 1.303857 
2.560000 	 1.091431 
2.580000 	 1.107030 
2.600000 	 1.239882 
2.620000 	 1.270463 
2.640000 	 1.222401 
2.660000 	 1.455097 
2.680000 	 1.332137 
2.700000 	 1.349903 
2.720000 	 1.323065 
2.740000 	 1.374635 
2.760000 	 1.347599 
2.780000 	 1.483427 
2.800000 	 1.283391 
2.820000 	 1.232947 
2.840000 	 1.246316 
2.860000 	 1.243596 
2.880000 	 1.391412 
2.900000 	 1.371508 
2.920000 	 1.195729 
2.940000 	 1.175468 
2.960000 	 1.081779 
2.980000 	 1.475741 
3.000000 	 1.325980 
3.020000 	 1.222857 
3.040000 	 1.301720 
3.060000 	 1.282959 
3.080000 	 1.349105 
3.100000 	 1.388008 
3.120000 	 1.786833 
3.140000 	 1.516935 
3.160000 	 1.476166 
3.180000 	 1.307850 
3.200000 	 1.487120 
3.220000 	 1.587358 
3.240000 	 1.858441 
3.260000 	 1.575033 
3.280000 	 1.351410 
3.300000 	 1.675461 
3.320000 	 1.582666 
3.340000 	 1.403873 
3.360000 	 1.535730 
3.380000 	 1.598025 
3.400000 	 1.266283 
3.420000 	 1.586418 
3.440000 	 1.543831 
3.460000 	 1.507324 
3.480000 	 1.497039 
3.500000 	 1.489242 
3.520000 	 1.713285 
3.540000 	 1.626447 
3.560000 	 1.748558 
3.580000 	 1.444212 
3.600000 	 1.923867 
3.620000 	 1.585174 
3.640000 	 1.608185 
3.660000 	 1.503794 
3.680000 	 1.432898 
3.700000 	 1.753638 
3.720000 	 1.553004 
3.740000 	 1.406889 
3.760000 	 1.645585 
3.780000 	 1.752005 
3.800000 	 1.787736 
3.820000 	 1.608833 
3.840000 	 1.448105 
3.860000 	 1.788097 
3.880000 	 1.562285 
3.900000 	 1.457044 
3.920000 	 1.761034 
3.940000 	 1.659608 
3.960000 	 1.706417 
3.980000 	 1.577794 
4.000000 	 1.769907 
4.020000 	 1.708895 
4.040000 	 1.909932 
4.060000 	 1.702118 
4.080000 	 1.615621 
4.100000 	 1.678698 
4.120000 	 1.401914 
4.140000 	 1.432876 
4.160000 	 1.558300 
4.180000 	 1.363978 
4.200000 	 1.541862 
4.220000 	 1.443266 
4.240000 	 1.512461 
4.260000 	 1.590752 
4.280000 	 1.284537 
4.300000 	 1.571304 
4.320000 	 1.522778 
4.340000 	 1.658860 
4.360000 	 1.676997 
4.380000 	 1.523204 
4.400000 	 1.322975 
4.420000 	 1.298681 
4.440000 	 1.336460 
4.460000 	 1.453166 
4.480000 	 1.419657 
4.500000 	 1.753859 
4.520000 	 1.672286 
4.540000 	 1.609007 
4.560000 	 1.443311 
4.580000 	 1.507320 
4.600000 	 1.386180 
4.620000 	 1.730201 
4.640000 	 1.747344 
4.660000 	 1.524514 
4.680000 	 1.657946 
4.700000 	 1.468460 
4.720000 	 1.850318 
4.740000 	 1.731493 
4.760000 	 1.462853 
4.780000 	 1.649013 
4.800000 	 1.501864 
4.820000 	 1.517872 
4.840000 	 1.560949 
4.860000 	 1.647713 
4.880000 	 1.477417 
4.900000 	 1.552229 
4.920000 	 1.395293 
4.940000 	 1.567271 
4.960000 	 1.132022 
4.980000 	 1.150632 
5.000000 	 1.265978 
5.020000 	 1.754471 
5.040000 	 1.178927 
5.060000 	 1.349449 
5.080000 	 1.267500 
5.100000 	 1.472158 
5.120000 	 1.368372 
5.140000 	 1.227714 
5.160000 	 1.475220 
5.180000 	 1.467501 
5.200000 	 1.405515 
5.220000 	 1.159579 
5.240000 	 1.491310 
5.260000 	 1.310926 
5.280000 	 1.456453 
5.300000 	 1.680741 
5.320000 	 1.372310 
5.340000 	 1.304485 
5.360000 	 1.019671 
5.380000 	 1.490617 
5.400000 	 1.135424 
5.420000 	 1.208428 
5.440000 	 1.080104 
5.460000 	 1.529197 
5.480000 	 1.129021 
5.500000 	 1.185077 
5.520000 	 1.492745 
5.540000 	 1.014266 
5.560000 	 0.989032 
5.580000 	 1.077200 
5.600000 	 0.873654 
5.620000 	 1.307730 
5.640000 	 1.154443 
5.660000 	 1.066122 
5.680000 	 1.335085 
5.700000 	 1.157065 
5.720000 	 1.207201 
5.740000 	 1.232779 
5.760000 	 0.986813 
5.780000 	 1.232579 
5.800000 	 1.114284 
5.820000 	 0.849677 
5.840000 	 1.001180 
5.860000 	 1.113842 
5.880000 	 1.043892 
5.900000 	 0.756373 
5.920000 	 1.026350 
5.940000 	 1.259061 
5.960000 	 1.043481 
5.980000 	 0.839523 
6.000000 	 1.211513 
6.020000 	 0.976611 
6.040000 	 1.121036 
6.060000 	 0.788916 
6.080000 	 0.885874 
6.100000 	 0.800307 
6.120000 	 0.896364 
6.140000 	 0.626530 
6.160000 	 0.889705 
6.180000 	 1.016759 
6.200000 	 0.952213 
6.220000 	 1.029634 
6.240000 	 1.001170 
6.260000 	 0.987982 
6.280000 	 0.788574 
6.300000 	 0.847451 
6.320000 	 1.098139 
6.340000 	 0.856461 
6.360000 	 0.881745 
6.380000 	 0.867272 
6.400000 	 0.661671 
6.420000 	 0.857562 
6.440000 	 0.776962 
6.460000 	 0.814677 
6.480000 	 0.909983 
6.500000 	 0.735680 
6.520000 	 0.601661 
6.540000 	 0.679784 
6.560000 	 0.662796 
6.580000 	 0.537679 
6.600000 	 0.660947 
6.620000 	 0.625650 
6.640000 	 0.630397 
6.660000 	 0.564700 
6.680000 	 0.590281 
6.700000 	 0.729233 
6.720000 	 0.780086 
6.740000 	 0.753894 
6.760000 	 0.674711 
6.780000 	 0.469598 
6.800000 	 0.629640 
6.820000 	 0.950578 
6.840000 	 0.593597 
6.860000 	 0.640162 
6.880000 	 0.503688 
6.900000 	 0.516350 
6.920000 	 0.624329 
6.940000 	 0.730895 
6.960000 	 0.661622 
6.980000 	 0.535428 
7.000000 	 0.582698 
7.020000 	 0.489929 
7.040000 	 0.382156 
7.060000 	 0.407585 
7.080000 	 0.351026 
7.100000 	 0.459415 
7.120000 	 0.583027 
7.140000 	 -0.400000 
7.160000 	 0.310709 
7.180000 	 0.180646 
7.200000 	 0.506235 
7.220000 	 0.362023 
7.240000 	 0.581978 
7.260000 	 0.363792 
7.280000 	 0.574690 
7.300000 	 0.242761 
7.320000 	 0.430501 
7.340000 	 0.338368 
7.360000 	 0.631294 
7.380000 	 0.422185 
7.400000 	 0.414231 
7.420000 	 0.499945 
7.440000 	 0.339384 
7.460000 	 0.373374 
7.480000 	 0.619979 
7.500000 	 0.414388 
7.520000 	 0.523072 
7.540000 	 0.432050 
7.560000 	 0.349581 
7.580000 	 0.438754 
7.600000 	 0.241903 
7.620000 	 0.554683 
7.640000 	 0.136285 
7.660000 	 0.411245 
7.680000 	 0.352879 
7.700000 	 0.116606 
7.720000 	 0.102299 
7.740000 	 0.231402 
7.760000 	 0.386145 
7.780000 	 0.501278 
7.800000 	 0.283029 
7.820000 	 0.141867 
7.840000 	 0.340725 
7.860000 	 0.319082 
7.880000 	 0.114766 
7.900000 	 0.252594 
7.920000 	 0.245309 
7.940000 	 0.330962 
7.960000 	 0.566092 
7.980000 	 0.071671 
8.000000 	 0.234752 
8.020000 	 0.246816 
8.040000 	 0.129504 
8.060000 	 0.224684 
8.080000 	 0.052546 
8.100000 	 0.048909 
8.120000 	 0.064125 
8.140000 	 0.391778 
8.160000 	 0.201129 
8.180000 	 0.116970 
8.200000 	 0.142144 
8.220000 	 0.129161 
8.240000 	 0.335128 
8.260000 	 0.202006 
8.280000 	 0.267405 
8.300000 	 0.127538 
8.320000 	 0.184339 
8.340000 	 -0.115200 
8.360000 	 0.272941 
8.380000 	 0.235412 
8.400000 	 0.343925 
8.420000 	 0.136333 
8.440000 	 0.046925 
8.460000 	 -0.352767 
8.480000 	 0.171785 
8.500000 	 0.234994 
8.520000 	 -0.093594 
8.540000 	 0.080919 
8.560000 	 -0.159587 
8.580000 	 0.365691 
8.600000 	 0.050298 
8.620000 	 0.362914 
8.640000 	 -0.061750 
8.660000 	 0.300113 
8.680000 	 0.298170 
8.700000 	 0.443642 
8.720000 	 0.277422 
8.740000 	 0.036168 
8.760000 	 0.058930 
8.780000 	 0.130473 
8.800000 	 -0.026596 
8.820000 	 -0.130382 
8.840000 	 0.065278 
8.860000 	 -0.029518 
8.880000 	 0.032520 
8.900000 	 0.011719 
8.920000 	 -0.178027 
8.940000 	 0.152074 
8.960000 	 0.074665 
8.980000 	 -0.097908 
9.000000 	 0.209549 
9.020000 	 -0.026814 
9.040000 	 -0.103466 
9.060000 	 0.310024 
9.080000 	 0.146436 
9.100000 	 -0.281676 
9.120000 	 0.313188 
9.140000 	 -0.063670 
9.160000 	 0.321671 
9.180000 	 -0.112798 
9.200000 	 0.121307 
9.220000 	 0.043992 
9.240000 	 0.305158 
9.260000 	 0.164051 
9.280000 	 0.243310 
9.300000 	 -0.047083 
9.320000 	 -0.138605 
9.340000 	 0.089346 
9.360000 	 -0.016086 
9.380000 	 -0.168994 
9.400000 	 -0.036373 
9.420000 	 -0.067781 
9.440000 	 0.149391 
9.460000 	 0.168594 
9.480000 	 -0.220982 
9.500000 	 0.185452 
9.520000 	 -0.004623 
9.540000 	 0.436360 
9.560000 	 0.312770 
9.580000 	 0.026266 
9.600000 	 0.217984 
9.620000 	 0.332765 
9.640000 	 0.044580 
9.660000 	 0.165328 
9.680000 	 0.000327 
9.700000 	 0.164289 
9.720000 	 0.151297 
9.740000 	 0.078414 
9.760000 	 0.122827 
9.780000 	 0.073234 
9.800000 	 0.150646 
9.820000 	 -0.196701 
9.840000 	 -0.201490 
9.860000 	 0.021788 
9.880000 	 -0.015846 
9.900000 	 0.156936 
9.920000 	 0.172812 
9.940000 	 0.044457 
9.960000 	 0.157721 
9.980000 	 0.374071 
10.000000 	 -0.057727 
10.020000 	 0.078253 
10.040000 	 -0.004441 
10.060000 	 -0.003741 
10.080000 	 -0.136841 
10.100000 	 0.170366 
10.120000 	 0.272978 
10.140000 	 0.097802 
10.160000 	 -0.096364 
10.180000 	 -0.376157 
10.200000 	 0.269075 
10.220000 	 0.250551 
10.240000 	 0.160475 
10.260000 	 0.080227 
10.280000 	 0.072761 
10.300000 	 -0.032302 
10.320000 	 0.139868 
10.340000 	 0.023417 
10.360000 	 -0.161039 
10.380000 	 -0.062569 
10.400000 	 0.196198 
10.420000 	 -0.122469 
10.440000 	 -0.060575 
10.460000 	 0.087961 
10.480000 	 0.054241 
10.500000 	 -0.076919 
10.520000 	 0.022091 
10.540000 	 0.219826 
10.560000 	 -0.003086 
10.580000 	 0.047531 
10.600000 	 0.335338 
10.620000 	 -0.112696 
10.640000 	 0.135754 
10.660000 	 0.089439 
10.680000 	 -0.352443 
10.700000 	 -0.257916 
10.720000 	 0.085745 
10.740000 	 0.081414 
10.760000 	 -0.224276 
10.780000 	 -0.141254 
10.800000 	 -0.115348 
10.820000 	 -0.153658 
10.840000 	 0.163372 
10.860000 	 0.011650 
10.880000 	 -0.071842 
10.900000 	 -0.081198 
10.920000 	 0.260946 
10.940000 	 0.166509 
10.960000 	 0.093125 
10.980000 	 0.079291 
11.000000 	 0.012140 
11.020000 	 0.116359 
11.040000 	 0.010865 
11.060000 	 0.164488 
11.080000 	 -0.077183 
11.100000 	 0.068848 
11.120000 	 0.130776 
11.140000 	 -0.022211 
11.160000 	 -0.315085 
11.180000 	 -0.150118 
11.200000 	 0.288946 
11.220000 	 0.026398 
11.240000 	 0.027844 
11.260000 	 0.106081 
11.280000 	 0.029819 
11.300000 	 0.184643 
11.320000 	 0.073872 
11.340000 	 0.016780 
11.360000 	 -0.033190 
11.380000 	 -0.104340 
11.400000 	 -0.078670 
11.420000 	 -0.025491 
11.440000 	 0.108308 
11.460000 	 0.074738 
11.480000 	 -0.412601 
11.500000 	 -0.322062 
11.520000 	 0.306355 
11.540000 	 0.042813 
11.560000 	 0.071979 
11.580000 	 -0.049286 
11.600000 	 0.026913 
11.620000 	 -0.208092 
11.640000 	 -0.122664 
11.660000 	 -0.003867 
11.680000 	 0.099962 
11.700000 	 -0.219782 
11.720000 	 0.064885 
11.740000 	 -0.291951 
11.760000 	 0.136284 
11.780000 	 -0.027425 
11.800000 	 0.300000 
11.820000 	 0.057979 
11.840000 	 0.096907 
11.860000 	 -0.033772 
11.880000 	 -0.009306 
11.900000 	 0.124690 
11.920000 	 -0.031093 
11.940000 	 -0.011763 
11.960000 	 -0.110297 
11.980000 	 -0.024379 
12.000000 	 0.053639 
12.020000 	 0.181365 
12.040000 	 0.040149 
12.060000 	 -0.278387 
12.080000 	 0.026206 
12.100000 	 0.194904 
12.120000 	 0.234015 
12.140000 	 -0.275266 
12.160000 	 0.128189 
12.180000 	 0.018440 
12.200000 	 0.133872 
12.220000 	 -0.038193 
12.240000 	 0.012488 
12.260000 	 -0.058663 
12.280000 	 -0.323432 
12.300000 	 0.102724 
12.320000 	 0.005257 
12.340000 	 -0.005611 
12.360000 	 -0.016034 
12.380000 	 -0.090058 
12.400000 	 -0.085570 
12.420000 	 0.014117 
12.440000 	 0.104001 
12.460000 	 0.064940 
12.480000 	 -0.184867 
12.500000 	 -0.042160 
12.520000 	 -0.190937 
12.540000 	 -0.038265 
12.560000 	 0.018893 
12.580000 	 -0.038186 
12.600000 	 -0.086671 
12.620000 	 0.000404 
12.640000 	 -0.057987 
12.660000 	 -0.058610 
12.680000 	 -0.236106 
12.700000 	 -0.180348 
12.720000 	 -0.101279 
12.740000 	 -0.089177 
12.760000 	 0.001958 
12.780000 	 0.211447 
12.800000 	 -0.089250 
12.820000 	 0.236640 
12.840000 	 0.041950 
12.860000 	 0.066892 
12.880000 	 0.143735 
12.900000 	 -0.020613 
12.920000 	 0.016319 
12.940000 	 0.160642 
12.960000 	 0.191016 
12.980000 	 0.066064 
13.000000 	 0.089404 
13.020000 	 0.060692 
13.040000 	 0.135268 
13.060000 	 0.160414 
13.080000 	 -0.146913 
13.100000 	 -0.030920 
13.120000 	 0.042156 
13.140000 	 -0.033485 
13.160000 	 0.057966 
13.180000 	 -0.233760 
13.200000 	 0.057289 
13.220000 	 0.058132 
13.240000 	 -0.045917 
13.260000 	 0.020268 
13.280000 	 0.051490 
13.300000 	 0.156266 
13.320000 	 -0.197362 
13.340000 	 -0.294109 
13.360000 	 0.009529 
13.380000 	 0.128914 
13.400000 	 0.401254 
13.420000 	 -0.137527 
13.440000 	 0.075001 
13.460000 	 -0.027740 
13.480000 	 -0.032159 
13.500000 	 0.091218 
13.520000 	 0.063324 
13.540000 	 0.195362 
13.560000 	 -0.042429 
13.580000 	 0.051225 
13.600000 	 0.314973 
13.620000 	 0.029221 
13.640000 	 0.041049 
13.660000 	 -0.044086 
13.680000 	 -0.037122 
13.700000 	 -0.114720 
13.720000 	 -0.037847 
13.740000 	 0.126627 
13.760000 	 0.052857 
13.780000 	 -0.296535 
13.800000 	 0.042293 
13.820000 	 0.143917 
13.840000 	 -0.026259 
13.860000 	 0.172086 
13.880000 	 0.098129 
13.900000 	 0.316525 
13.920000 	 0.245958 
13.940000 	 0.201980 
13.960000 	 -0.279620 
13.980000 	 0.109384 
14.000000 	 0.015504 
14.020000 	 0.098375 
14.040000 	 0.153112 
14.060000 	 0.040046 
14.080000 	 0.395811 
14.100000 	 -0.186481 
14.120000 	 -0.200450 
14.140000 	 -0.022900 
14.160000 	 -0.371120 
14.180000 	 0.036146 
14.200000 	 -0.121397 
14.220000 	 -0.197373 
14.240000 	 0.095316 
14.260000 	 0.052578 
14.280000 	 -0.064270 
14.300000 	 0.080269 
14.320000 	 -0.067748 
14.340000 	 -0.162506 
14.360000 	 0.082263 
14.380000 	 0.009379 
14.400000 	 -0.354659 
14.420000 	 -0.078961 
14.440000 	 -0.332977 
14.460000 	 0.037020 
14.480000 	 0.100266 
14.500000 	 0.098144 
14.520000 	 0.115339 
14.540000 	 -0.027215 
14.560000 	 -0.212470 
14.580000 	 -0.076614 
14.600000 	 -0.014004 
14.620000 	 -0.148760 
14.640000 	 -0.211325 
14.660000 	 -0.082595 
14.680000 	 -0.097142 
14.700000 	 -0.067342 
14.720000 	 -0.125961 
14.740000 	 0.029540 
14.760000 	 -0.040551 
14.780000 	 0.098344 
14.800000 	 0.119430 
14.820000 	 -0.035186 
14.840000 	 -0.327084 
14.860000 	 0.109775 
14.880000 	 0.117141 
14.900000 	 -0.115874 
14.920000 	 -0.000028 
14.940000 	 0.128238 
14.960000 	 -0.020429 
14.980000 	 0.112878 
15.000000 	 0.047407 
