-15.000000 	 -0.220976 
-14.980000 	 0.003940 
-14.960000 	 0.139895 
-14.940000 	 -0.400000 
-14.920000 	 -0.052681 
-14.900000 	 0.012302 
-14.880000 	 0.072542 
-14.860000 	 0.042325 
-14.840000 	 0.141814 
-14.820000 	 0.143612 
-14.800000 	 -0.122332 
-14.780000 	 0.088029 
-14.760000 	 0.186043 
-14.740000 	 0.189677 
-14.720000 	 -0.039285 
-14.700000 	 0.255410 
-14.680000 	 0.089223 
-14.660000 	 -0.325891 
-14.640000 	 0.085514 
-14.620000 	 -0.075447 
-14.600000 	 -0.236294 
-14.580000 	 0.120743 
-14.560000 	 -0.290245 
-14.540000 	 0.150901 
-14.520000 	 -0.042834 
-14.500000 	 -0.135229 
-14.480000 	 0.119023 
-14.460000 	 -0.008523 
-14.440000 	 0.122362 
-14.420000 	 -0.168741 
-14.400000 	 0.259936 
-14.380000 	 -0.302588 
-14.360000 	 -0.166746 
-14.340000 	 0.056750 
-14.320000 	 -0.175287 
-14.300000 	 0.018518 
-14.280000 	 0.096692 
-14.260000 	 -0.002484 
-14.240000 	 0.058973 
-14.220000 	 -0.127469 
-14.200000 	 -0.102991 
-14.180000 	 -0.003168 
-14.160000 	 -0.070482 
-14.140000 	 0.087632 
-14.120000 	 0.211377 
-14.100000 	 -0.004714 
-14.080000 	 0.075313 
-14.060000 	 0.028212 
-14.040000 	 0.101293 
-14.020000 	 0.269472 
-14.000000 	 -0.081510 
-13.980000 	 0.040431 
-13.960000 	 0.046830 
-13.940000 	 -0.060093 
-13.920000 	 0.165841 
-13.900000 	 0.056403 
-13.880000 	 -0.018311 
-13.860000 	 0.232316 
-13.840000 	 0.081396 
-13.820000 	 -0.006365 
-13.800000 	 0.132624 
-13.780000 	 0.068978 
-13.760000 	 0.079547 
-13.740000 	 -0.096684 
-13.720000 	 -0.202701 
-13.700000 	 0.161772 
-13.680000 	 0.285053 
-13.660000 	 -0.034122 
-13.640000 	 0.020985 
-13.620000 	 -0.025251 
-13.600000 	 -0.113835 
-13.580000 	 0.250066 
-13.560000 	 0.079944 
-13.540000 	 -0.014548 
-13.520000 	 -0.276210 
-13.500000 	 -0.191922 
-13.480000 	 -0.134386 
-13.460000 	 0.027610 
-13.440000 	 -0.051624 
-13.420000 	 0.237834 
-13.400000 	 -0.311706 
-13.380000 	 -0.062926 
-13.360000 	 -0.038674 
-13.340000 	 -0.140334 
-13.320000 	 -0.025131 
-13.300000 	 0.068541 
-13.280000 	 0.001094 
-13.260000 	 0.376725 
-13.240000 	 0.066573 
-13.220000 	 -0.195459 
-13.200000 	 -0.098332 
-13.180000 	 0.061489 
-13.160000 	 -0.018413 
-13.140000 	 -0.300164 
-13.120000 	 -0.318710 
-13.100000 	 0.054850 
-13.080000 	 -0.025703 
-13.060000 	 -0.088022 
-13.040000 	 -0.246550 
-13.020000 	 0.070479 
-13.000000 	 -0.118902 
-12.980000 	 0.063175 
-12.960000 	 0.183086 
-12.940000 	 0.228229 
-12.920000 	 -0.252594 
-12.900000 	 0.069225 
-12.880000 	 -0.152772 
-12.860000 	 -0.239825 
-12.840000 	 0.324408 
-12.820000 	 -0.296580 
-12.800000 	 -0.065932 
-12.780000 	 0.000452 
-12.760000 	 0.076843 
-12.740000 	 0.068154 
-12.720000 	 0.044488 
-12.700000 	 -0.105717 
-12.680000 	 -0.074317 
-12.660000 	 0.052458 
-12.640000 	 0.070040 
-12.620000 	 -0.053089 
-12.600000 	 0.149222 
-12.580000 	 -0.141892 
-12.560000 	 -0.005395 
-12.540000 	 -0.061168 
-12.520000 	 -0.233534 
-12.500000 	 -0.174265 
-12.480000 	 -0.003530 
-12.460000 	 0.146828 
-12.440000 	 0.098399 
-12.420000 	 -0.117626 
-12.400000 	 -0.083619 
-12.380000 	 -0.191358 
-12.360000 	 -0.046299 
-12.340000 	 -0.053503 
-12.320000 	 0.169966 
-12.300000 	 -0.095553 
-12.280000 	 -0.116989 
-12.260000 	 -0.000487 
-12.240000 	 -0.142502 
-12.220000 	 -0.107354 
-12.200000 	 0.179100 
-12.180000 	 -0.004133 
-12.160000 	 -0.026993 
-12.140000 	 0.051490 
-12.120000 	 -0.027493 
-12.100000 	 0.147150 
-12.080000 	 0.069443 
-12.060000 	 0.154749 
-12.040000 	 -0.239516 
-12.020000 	 0.030097 
-12.000000 	 -0.311831 
-11.980000 	 -0.073460 
-11.960000 	 -0.127137 
-11.940000 	 -0.223598 
-11.920000 	 -0.050019 
-11.900000 	 0.015675 
-11.880000 	 -0.072213 
-11.860000 	 -0.063014 
-11.840000 	 -0.210436 
-11.820000 	 -0.034275 
-11.800000 	 0.028275 
-11.780000 	 0.105061 
-11.760000 	 0.061167 
-11.740000 	 0.126414 
-11.720000 	 0.178679 
-11.700000 	 0.060632 
-11.680000 	 0.187267 
-11.660000 	 0.003846 
-11.640000 	 -0.001762 
-11.620000 	 -0.045852 
-11.600000 	 0.004819 
-11.580000 	 -0.030667 
-11.560000 	 0.195571 
-11.540000 	 -0.127825 
-11.520000 	 -0.008350 
-11.500000 	 -0.039301 
-11.480000 	 -0.010502 
-11.460000 	 0.152748 
-11.440000 	 0.081003 
-11.420000 	 -0.231306 
-11.400000 	 -0.221820 
-11.380000 	 -0.053934 
-11.360000 	 -0.108037 
-11.340000 	 -0.071832 
-11.320000 	 0.011462 
-11.300000 	 -0.040503 
-11.280000 	 0.003942 
-11.260000 	 -0.023477 
-11.240000 	 -0.016228 
-11.220000 	 0.215121 
-11.200000 	 -0.051336 
-11.180000 	 0.233053 
-11.160000 	 0.078798 
-11.140000 	 0.069037 
-11.120000 	 -0.051555 
-11.100000 	 -0.221292 
-11.080000 	 0.221901 
-11.060000 	 -0.042358 
-11.040000 	 -0.044305 
-11.020000 	 0.072300 
-11.000000 	 -0.056733 
-10.980000 	 0.013667 
-10.960000 	 -0.291357 
-10.940000 	 -0.032924 
-10.920000 	 0.021738 
-10.900000 	 0.052960 
-10.880000 	 -0.064315 
-10.860000 	 0.009734 
-10.840000 	 -0.019434 
-10.820000 	 -0.800000 
-10.800000 	 0.088579 
-10.780000 	 -0.241539 
-10.760000 	 -0.057912 
-10.740000 	 -0.360251 
-10.720000 	 0.017865 
-10.700000 	 -0.290769 
-10.680000 	 -0.017520 
-10.660000 	 0.161677 
-10.640000 	 -0.096145 
-10.620000 	 0.117026 
-10.600000 	 -0.288410 
-10.580000 	 0.045835 
-10.560000 	 0.030809 
-10.540000 	 0.217862 
-10.520000 	 -0.053750 
-10.500000 	 -0.059217 
-10.480000 	 -0.033275 
-10.460000 	 -0.216249 
-10.440000 	 -0.074868 
-10.420000 	 0.040626 
-10.400000 	 0.110494 
-10.380000 	 -0.023181 
-10.360000 	 -0.269836 
-10.340000 	 -0.025789 
-10.320000 	 -0.088086 
-10.300000 	 0.229498 
-10.280000 	 0.106429 
-10.260000 	 -0.095778 
-10.240000 	 -0.073180 
-10.220000 	 0.162834 
-10.200000 	 0.070302 
-10.180000 	 -0.144061 
-10.160000 	 -0.149282 
-10.140000 	 -0.060951 
-10.120000 	 -0.046299 
-10.100000 	 -0.365575 
-10.080000 	 -0.030325 
-10.060000 	 0.185900 
-10.040000 	 -0.038019 
-10.020000 	 0.097746 
-10.000000 	 0.234151 
-9.980000 	 -0.019758 
-9.960000 	 -0.091326 
-9.940000 	 -0.156940 
-9.920000 	 -0.048257 
-9.900000 	 -0.269336 
-9.880000 	 -0.063067 
-9.860000 	 0.199613 
-9.840000 	 0.135519 
-9.820000 	 0.070090 
-9.800000 	 -0.050652 
-9.780000 	 0.031822 
-9.760000 	 -0.115776 
-9.740000 	 -0.221892 
-9.720000 	 -0.068290 
-9.700000 	 -0.221225 
-9.680000 	 0.176032 
-9.660000 	 0.118487 
-9.640000 	 0.202517 
-9.620000 	 0.033482 
-9.600000 	 0.128832 
-9.580000 	 -0.133144 
-9.560000 	 -0.047206 
-9.540000 	 -0.003766 
-9.520000 	 0.003534 
-9.500000 	 -0.207527 
-9.480000 	 -0.166126 
-9.460000 	 0.096882 
-9.440000 	 -0.141407 
-9.420000 	 -0.069641 
-9.400000 	 -0.191897 
-9.380000 	 0.071736 
-9.360000 	 0.119639 
-9.340000 	 -0.110718 
-9.320000 	 0.097218 
-9.300000 	 0.050173 
-9.280000 	 0.129172 
-9.260000 	 0.046047 
-9.240000 	 -0.211973 
-9.220000 	 0.008314 
-9.200000 	 0.042784 
-9.180000 	 -0.008820 
-9.160000 	 -0.151774 
-9.140000 	 -0.260347 
-9.120000 	 -0.053505 
-9.100000 	 -0.116995 
-9.080000 	 -0.326357 
-9.060000 	 0.220994 
-9.040000 	 -0.063927 
-9.020000 	 0.232466 
-9.000000 	 -0.023119 
-8.980000 	 0.191753 
-8.960000 	 0.114889 
-8.940000 	 0.103398 
-8.920000 	 0.101519 
-8.900000 	 0.144662 
-8.880000 	 -0.015085 
-8.860000 	 -0.034919 
-8.840000 	 -0.417275 
-8.820000 	 0.041902 
-8.800000 	 -0.173235 
-8.780000 	 0.135900 
-8.760000 	 0.124461 
-8.740000 	 0.002800 
-8.720000 	 0.097018 
-8.700000 	 0.159687 
-8.680000 	 -0.162404 
-8.660000 	 0.176015 
-8.640000 	 0.075543 
-8.620000 	 -0.220147 
-8.600000 	 0.125992 
-8.580000 	 -0.088633 
-8.560000 	 0.198382 
-8.540000 	 0.232778 
-8.520000 	 -0.021392 
-8.500000 	 -0.332399 
-8.480000 	 -0.000629 
-8.460000 	 0.013504 
-8.440000 	 0.069300 
-8.420000 	 0.033922 
-8.400000 	 0.060452 
-8.380000 	 0.015420 
-8.360000 	 0.255107 
-8.340000 	 0.188743 
-8.320000 	 -0.367855 
-8.300000 	 -0.078415 
-8.280000 	 0.123823 
-8.260000 	 0.069147 
-8.240000 	 0.333240 
-8.220000 	 0.151340 
-8.200000 	 0.088697 
-8.180000 	 0.125758 
-8.160000 	 -0.167235 
-8.140000 	 0.188149 
-8.120000 	 0.047638 
-8.100000 	 -0.164539 
-8.080000 	 0.127283 
-8.060000 	 -0.032137 
-8.040000 	 0.036364 
-8.020000 	 0.062295 
-8.000000 	 0.365458 
-7.980000 	 -0.197520 
-7.960000 	 0.054456 
-7.940000 	 0.128338 
-7.920000 	 -0.050982 
-7.900000 	 0.115570 
-7.880000 	 0.016898 
-7.860000 	 0.122966 
-7.840000 	 -0.082932 
-7.820000 	 0.208313 
-7.800000 	 0.133893 
-7.780000 	 0.135678 
-7.760000 	 0.006228 
-7.740000 	 0.121190 
-7.720000 	 0.173454 
-7.700000 	 0.033983 
-7.680000 	 0.201784 
-7.660000 	 -0.001938 
-7.640000 	 -0.038113 
-7.620000 	 -0.160364 
-7.600000 	 0.035776 
-7.580000 	 0.111675 
-7.560000 	 0.232189 
-7.540000 	 0.193121 
-7.520000 	 -0.226164 
-7.500000 	 -0.065609 
-7.480000 	 -0.200320 
-7.460000 	 0.206607 
-7.440000 	 0.062227 
-7.420000 	 -0.342621 
-7.400000 	 0.080938 
-7.380000 	 -0.164971 
-7.360000 	 0.145839 
-7.340000 	 0.029449 
-7.320000 	 0.092864 
-7.300000 	 0.154212 
-7.280000 	 0.084453 
-7.260000 	 -0.329860 
-7.240000 	 0.125356 
-7.220000 	 -0.118694 
-7.200000 	 0.146778 
-7.180000 	 0.062116 
-7.160000 	 0.079889 
-7.140000 	 0.143990 
-7.120000 	 0.040103 
-7.100000 	 0.068318 
-7.080000 	 -0.124878 
-7.060000 	 -0.155132 
-7.040000 	 0.226984 
-7.020000 	 0.286961 
-7.000000 	 0.277768 
-6.980000 	 0.234643 
-6.960000 	 0.249202 
-6.940000 	 0.333339 
-6.920000 	 -0.171659 
-6.900000 	 -0.093941 
-6.880000 	 -0.090702 
-6.860000 	 -0.119928 
-6.840000 	 0.312403 
-6.820000 	 0.353189 
-6.800000 	 0.136590 
-6.780000 	 0.205868 
-6.760000 	 -0.112041 
-6.740000 	 0.089358 
-6.720000 	 0.068286 
-6.700000 	 0.065403 
-6.680000 	 0.051130 
-6.660000 	 0.174541 
-6.640000 	 0.120123 
-6.620000 	 0.308633 
-6.600000 	 0.026351 
-6.580000 	 0.165405 
-6.560000 	 0.215251 
-6.540000 	 -0.014274 
-6.520000 	 0.086328 
-6.500000 	 -0.088089 
-6.480000 	 0.085815 
-6.460000 	 0.243896 
-6.440000 	 0.302522 
-6.420000 	 0.212614 
-6.400000 	 0.364084 
-6.380000 	 0.194042 
-6.360000 	 0.070701 
-6.340000 	 0.160384 
-6.320000 	 0.140475 
-6.300000 	 0.210680 
-6.280000 	 0.277269 
-6.260000 	 0.176119 
-6.240000 	 0.213166 
-6.220000 	 0.097401 
-6.200000 	 0.171194 
-6.180000 	 0.066940 
-6.160000 	 0.039190 
-6.140000 	 -0.031022 
-6.120000 	 0.261920 
-6.100000 	 0.212870 
-6.080000 	 0.078837 
-6.060000 	 0.002627 
-6.040000 	 0.134612 
-6.020000 	 0.290728 
-6.000000 	 0.395059 
-5.980000 	 0.269351 
-5.960000 	 0.371187 
-5.940000 	 0.190708 
-5.920000 	 0.033960 
-5.900000 	 0.291474 
-5.880000 	 0.271377 
-5.860000 	 0.157772 
-5.840000 	 0.368774 
-5.820000 	 0.048640 
-5.800000 	 -0.013716 
-5.780000 	 0.296776 
-5.760000 	 0.339647 
-5.740000 	 0.204989 
-5.720000 	 0.504315 
-5.700000 	 0.271955 
-5.680000 	 0.144997 
-5.660000 	 0.523025 
-5.640000 	 -0.105421 
-5.620000 	 0.334235 
-5.600000 	 0.048643 
-5.580000 	 0.405658 
-5.560000 	 0.327505 
-5.540000 	 0.365939 
-5.520000 	 0.375379 
-5.500000 	 0.157237 
-5.480000 	 0.328902 
-5.460000 	 0.500842 
-5.440000 	 0.369462 
-5.420000 	 0.213867 
-5.400000 	 0.547482 
-5.380000 	 0.439331 
-5.360000 	 0.572429 
-5.340000 	 -0.600000 
-5.320000 	 0.406523 
-5.300000 	 0.224930 
-5.280000 	 0.372417 
-5.260000 	 0.193597 
-5.240000 	 0.449747 
-5.220000 	 0.306064 
-5.200000 	 0.471496 
-5.180000 	 0.491327 
-5.160000 	 0.377501 
-5.140000 	 0.218514 
-5.120000 	 0.642274 
-5.100000 	 0.310197 
-5.080000 	 0.390708 
-5.060000 	 0.352854 
-5.040000 	 0.431075 
-5.020000 	 0.375903 
-5.000000 	 0.586616 
-4.980000 	 0.450165 
-4.960000 	 0.446048 
-4.940000 	 0.650776 
-4.920000 	 0.173064 
-4.900000 	 0.252496 
-4.880000 	 0.583938 
-4.860000 	 0.185366 
-4.840000 	 0.445024 
-4.820000 	 0.491905 
-4.800000 	 0.244282 
-4.780000 	 0.438193 
-4.760000 	 0.224810 
-4.740000 	 0.425185 
-4.720000 	 0.540143 
-4.700000 	 0.475630 
-4.680000 	 0.539600 
-4.660000 	 0.631989 
-4.640000 	 0.389892 
-4.620000 	 0.606361 
-4.600000 	 0.278516 
-4.580000 	 0.459926 
-4.560000 	 0.216607 
-4.540000 	 0.534936 
-4.520000 	 0.420896 
-4.500000 	 0.549038 
-4.480000 	 0.523960 
-4.460000 	 0.540257 
-4.440000 	 0.407345 
-4.420000 	 0.448334 
-4.400000 	 0.613128 
-4.380000 	 0.406832 
-4.360000 	 0.230821 
-4.340000 	 0.634251 
-4.320000 	 0.312709 
-4.300000 	 0.529840 
-4.280000 	 0.296383 
-4.260000 	 0.541633 
-4.240000 	 0.643374 
-4.220000 	 0.386114 
-4.200000 	 0.582669 
-4.180000 	 0.498075 
-4.160000 	 0.504728 
-4.140000 	 0.397875 
-4.120000 	 0.477130 
-4.100000 	 0.545458 
-4.080000 	 0.494760 
-4.060000 	 0.781529 
-4.040000 	 0.436688 
-4.020000 	 0.495278 
-4.000000 	 0.308830 
-3.980000 	 0.639807 
-3.960000 	 0.502762 
-3.940000 	 0.470399 
-3.920000 	 0.534425 
-3.900000 	 0.422087 
-3.880000 	 0.715595 
-3.860000 	 0.786505 
-3.840000 	 0.472257 
-3.820000 	 0.263959 
-3.800000 	 0.527696 
-3.780000 	 0.739603 
-3.760000 	 0.787571 
-3.740000 	 0.694672 
-3.720000 	 0.465631 
-3.700000 	 0.387571 
-3.680000 	 0.516094 
-3.660000 	 0.389647 
-3.640000 	 0.480480 
-3.620000 	 0.389338 
-3.600000 	 0.388526 
-3.580000 	 0.509165 
-3.560000 	 0.273512 
-3.540000 	 0.363281 
-3.520000 	 0.479334 
-3.500000 	 0.410547 
-3.480000 	 0.520887 
-3.460000 	 0.432869 
-3.440000 	 0.517564 
-3.420000 	 0.300234 
-3.400000 	 0.543858 
-3.380000 	 0.616786 
-3.360000 	 0.324274 
-3.340000 	 0.461891 
-3.320000 	 0.224914 
-3.300000 	 0.502182 
-3.280000 	 0.291625 
-3.260000 	 0.276134 
-3.240000 	 0.503603 
-3.220000 	 0.273694 
-3.200000 	 0.211182 
-3.180000 	 0.394719 
-3.160000 	 0.388719 
-3.140000 	 0.049516 
-3.120000 	 0.414236 
-3.100000 	 0.472702 
-3.080000 	 0.557317 
-3.060000 	 0.229534 
-3.040000 	 0.418738 
-3.020000 	 0.526138 
-3.000000 	 0.267501 
-2.980000 	 0.240849 
-2.960000 	 0.265898 
-2.940000 	 0.191349 
-2.920000 	 0.222681 
-2.900000 	 0.244377 
-2.880000 	 0.250963 
-2.860000 	 0.458560 
-2.840000 	 0.111431 
-2.820000 	 0.221287 
-2.800000 	 0.501757 
-2.780000 	 0.208038 
-2.760000 	 0.657839 
-2.740000 	 0.289387 
-2.720000 	 0.442066 
-2.700000 	 0.245624 
-2.680000 	 0.346659 
-2.660000 	 0.319718 
-2.640000 	 0.102883 
-2.620000 	 0.347378 
-2.600000 	 0.149393 
-2.580000 	 0.339727 
-2.560000 	 0.145959 
-2.540000 	 0.155997 
-2.520000 	 0.127622 
-2.500000 	 0.281164 
-2.480000 	 0.193464 
-2.460000 	 0.366623 
-2.440000 	 0.331988 
-2.420000 	 0.234516 
-2.400000 	 0.195266 
-2.380000 	 0.293242 
-2.360000 	 0.273018 
-2.340000 	 0.111226 
-2.320000 	 0.169873 
-2.300000 	 0.297286 
-2.280000 	 0.441697 
-2.260000 	 0.173411 
-2.240000 	 0.504496 
-2.220000 	 0.433111 
-2.200000 	 0.180851 
-2.180000 	 0.193502 
-2.160000 	 0.175681 
-2.140000 	 0.377030 
-2.120000 	 0.129107 
-2.100000 	 0.220748 
-2.080000 	 0.284597 
-2.060000 	 0.379301 
-2.040000 	 0.245567 
-2.020000 	 -0.078211 
-2.000000 	 0.370842 
-1.980000 	 0.116194 
-1.960000 	 0.189671 
-1.940000 	 0.308186 
-1.920000 	 0.467159 
-1.900000 	 0.224848 
-1.880000 	 0.352317 
-1.860000 	 0.279482 
-1.840000 	 0.462560 
-1.820000 	 0.319696 
-1.800000 	 0.290658 
-1.780000 	 0.208026 
-1.760000 	 0.317601 
-1.740000 	 0.045097 
-1.720000 	 0.200376 
-1.700000 	 0.455722 
-1.680000 	 0.371908 
-1.660000 	 -0.160229 
-1.640000 	 0.292423 
-1.620000 	 0.069765 
-1.600000 	 0.273882 
-1.580000 	 0.342664 
-1.560000 	 0.391861 
-1.540000 	 0.125034 
-1.520000 	 0.078245 
-1.500000 	 0.116700 
-1.480000 	 0.553647 
-1.460000 	 0.066755 
-1.440000 	 0.224558 
-1.420000 	 0.167235 
-1.400000 	 0.043007 
-1.380000 	 0.700000 
-1.360000 	 0.165434 
-1.340000 	 0.232213 
-1.320000 	 0.245362 
-1.300000 	 0.135041 
-1.280000 	 0.100856 
-1.260000 	 0.064788 
-1.240000 	 0.253470 
-1.220000 	 0.303365 
-1.200000 	 0.003496 
-1.180000 	 0.250529 
-1.160000 	 -0.007604 
-1.140000 	 0.407630 
-1.120000 	 0.261228 
-1.100000 	 -0.156703 
-1.080000 	 0.187919 
-1.060000 	 0.072545 
-1.040000 	 0.177374 
-1.020000 	 0.071933 
-1.000000 	 0.331303 
-0.980000 	 0.126262 
-0.960000 	 0.200512 
-0.940000 	 -0.091669 
-0.920000 	 0.002407 
-0.900000 	 0.037230 
-0.880000 	 0.097785 
-0.860000 	 0.331871 
-0.840000 	 0.323387 
-0.820000 	 0.316483 
-0.800000 	 0.182393 
-0.780000 	 0.086820 
-0.760000 	 0.209943 
-0.740000 	 0.149790 
-0.720000 	 -0.089314 
-0.700000 	 0.378823 
-0.680000 	 -0.116851 
-0.660000 	 -0.201383 
-0.640000 	 -0.097508 
-0.620000 	 0.299748 
-0.600000 	 0.358802 
-0.580000 	 0.086138 
-0.560000 	 0.208692 
-0.540000 	 0.156332 
-0.520000 	 0.167341 
-0.500000 	 0.002726 
-0.480000 	 0.170367 
-0.460000 	 0.123245 
-0.440000 	 0.431543 
-0.420000 	 0.306216 
-0.400000 	 0.205016 
-0.380000 	 0.327549 
-0.360000 	 0.158103 
-0.340000 	 0.224639 
-0.320000 	 0.062298 
-0.300000 	 0.119835 
-0.280000 	 0.270998 
-0.260000 	 0.222607 
-0.240000 	 0.098588 
-0.220000 	 0.329946 
-0.200000 	 0.053791 
-0.180000 	 -0.065302 
-0.160000 	 0.018424 
-0.140000 	 0.332951 
-0.120000 	 0.263875 
-0.100000 	 0.201660 
-0.080000 	 0.373166 
-0.060000 	 0.184043 
-0.040000 	 0.312779 
-0.020000 	 0.701814 
0.000000 	 0.347800 
0.020000 	 0.155145 
0.040000 	 0.236838 
0.060000 	 0.407490 
0.080000 	 0.135330 
0.100000 	 0.185524 
0.120000 	 0.489250 
0.140000 	 -0.015884 
0.160000 	 0.454538 
0.180000 	 0.600943 
0.200000 	 0.370575 
0.220000 	 0.399986 
0.240000 	 0.141599 
0.260000 	 0.331496 
0.280000 	 0.107161 
0.300000 	 0.046049 
0.320000 	 0.314107 
0.340000 	 0.224466 
0.360000 	 0.298466 
0.380000 	 0.640716 
0.400000 	 0.212966 
0.420000 	 0.220999 
0.440000 	 0.415643 
0.460000 	 0.532179 
0.480000 	 0.392780 
0.500000 	 0.284426 
0.520000 	 0.243930 
0.540000 	 0.193460 
0.560000 	 0.526748 
0.580000 	 0.425498 
0.600000 	 0.456128 
0.620000 	 0.334873 
0.640000 	 0.172547 
0.660000 	 0.541596 
0.680000 	 0.599483 
0.700000 	 0.224643 
0.720000 	 0.275540 
0.740000 	 0.192468 
0.760000 	 0.299188 
0.780000 	 0.398292 
0.800000 	 0.286446 
0.820000 	 0.094349 
0.840000 	 0.386859 
0.860000 	 0.615830 
0.880000 	 0.564754 
0.900000 	 0.557309 
0.920000 	 0.628405 
0.940000 	 0.364048 
0.960000 	 0.541758 
0.980000 	 0.784522 
1.000000 	 0.522150 
1.020000 	 0.700465 
1.040000 	 0.564503 
1.060000 	 0.749929 
1.080000 	 0.531597 
1.100000 	 0.568176 
1.120000 	 0.826581 
1.140000 	 0.564011 
1.160000 	 0.527135 
1.180000 	 0.767575 
1.200000 	 0.561305 
1.220000 	 0.694859 
1.240000 	 0.507118 
1.260000 	 0.736970 
1.280000 	 0.608081 
1.300000 	 0.805631 
1.320000 	 0.852531 
1.340000 	 0.770593 
1.360000 	 0.762952 
1.380000 	 0.561506 
1.400000 	 0.778091 
1.420000 	 0.930085 
1.440000 	 0.660251 
1.460000 	 0.878190 
1.480000 	 0.574185 
1.500000 	 0.937366 
1.520000 	 1.028234 
1.540000 	 1.055244 
1.560000 	 1.066502 
1.580000 	 0.869430 
1.600000 	 0.789371 
1.620000 	 0.807308 
1.640000 	 0.699404 
1.660000 	 0.748631 
1.680000 	 0.763040 
1.700000 	 0.485372 
1.720000 	 0.676074 
1.740000 	 0.624839 
1.760000 	 0.681360 
1.780000 	 0.887317 
1.800000 	 0.516263 
1.820000 	 0.925613 
1.840000 	 1.009157 
1.860000 	 0.956086 
1.880000 	 1.083352 
1.900000 	 0.615334 
1.920000 	 0.989084 
1.940000 	 1.023339 
1.960000 	 1.087667 
1.980000 	 1.046962 
2.000000 	 0.976872 
2.020000 	 0.874111 
2.040000 	 0.912304 
2.060000 	 1.006083 
2.080000 	 1.003235 
2.100000 	 1.143346 
2.120000 	 1.034270 
2.140000 	 0.990043 
2.160000 	 1.022787 
2.180000 	 0.922361 
2.200000 	 0.868425 
2.220000 	 0.967542 
2.240000 	 1.213767 
2.260000 	 1.086211 
2.280000 	 1.122636 
2.300000 	 1.168527 
2.320000 	 1.015357 
2.340000 	 1.075079 
2.360000 	 1.196558 
2.380000 	 0.938692 
2.400000 	 1.302281 
2.420000 	 1.272606 
2.440000 	 1.412342 
2.460000 	 1.229464 
2.480000 	 1.213388 
2.500000 	 1.480018 
2.520000 	 1.244699 
2.540000 	 1.394720 
2.560000 	 0.920439 
2.580000 	 1.275760 
2.600000 	 1.324094 
2.620000 	 1.240701 
2.640000 	 1.155962 
2.660000 	 1.121773 
2.680000 	 1.108809 
2.700000 	 1.374329 
2.720000 	 1.124313 
2.740000 	 1.390390 
2.760000 	 1.558665 
2.780000 	 1.450109 
2.800000 	 1.418254 
2.820000 	 1.057513 
2.840000 	 1.128564 
2.860000 	 1.168637 
2.880000 	 1.725809 
2.900000 	 1.543841 
2.920000 	 1.601795 
2.940000 	 1.497436 
2.960000 	 1.339396 
2.980000 	 1.439814 
3.000000 	 1.521937 
3.020000 	 1.259546 
3.040000 	 1.371488 
3.060000 	 1.525392 
3.080000 	 1.375849 
3.100000 	 1.298747 
3.120000 	 1.433562 
3.140000 	 1.513424 
3.160000 	 1.465232 
3.180000 	 1.544632 
3.200000 	 1.636741 
3.220000 	 1.424911 
3.240000 	 1.378175 
3.260000 	 1.495048 
3.280000 	 1.582310 
3.300000 	 1.392204 
3.320000 	 1.395567 
3.340000 	 1.325147 
3.360000 	 1.490614 
3.380000 	 1.584226 
3.400000 	 1.540885 
3.420000 	 1.535663 
3.440000 	 1.369450 
3.460000 	 1.632864 
3.480000 	 1.527972 
3.500000 	 1.899992 
3.520000 	 1.652681 
3.540000 	 1.408305 
3.560000 	 1.450521 
3.580000 	 1.355048 
3.600000 	 1.600191 
3.620000 	 1.480869 
3.640000 	 1.729921 
3.660000 	 1.661705 
3.680000 	 1.263483 
3.700000 	 1.614986 
3.720000 	 1.610903 
3.740000 	 1.560214 
3.760000 	 1.576719 
3.780000 	 1.636459 
3.800000 	 1.509757 
3.820000 	 1.606365 
3.840000 	 1.237462 
3.860000 	 1.707592 
3.880000 	 1.520482 
3.900000 	 1.662208 
3.920000 	 1.469862 
3.940000 	 1.475395 
3.960000 	 1.658982 
3.980000 	 1.567788 
4.000000 	 1.484619 
4.020000 	 1.488004 
4.040000 	 1.549619 
4.060000 	 1.676681 
4.080000 	 1.498755 
4.100000 	 1.682750 
4.120000 	 1.662669 
4.140000 	 1.995339 
4.160000 	 1.649095 
4.180000 	 1.730425 
4.200000 	 1.738739 
4.220000 	 1.400398 
4.240000 	 1.576964 
4.260000 	 1.624271 
4.280000 	 1.634821 
4.300000 	 1.490150 
4.320000 	 1.429553 
4.340000 	 1.627015 
4.360000 	 1.721974 
4.380000 	 1.418608 
4.400000 	 1.584917 
4.420000 	 1.685516 
4.440000 	 1.611268 
4.460000 	 1.565067 
4.480000 	 1.523487 
4.500000 	 1.714938 
4.520000 	 1.390404 
4.540000 	 1.707242 
4.560000 	 1.815975 
4.580000 	 1.753052 
4.600000 	 1.421259 
4.620000 	 1.456972 
4.640000 	 1.579598 
4.660000 	 1.378718 
4.680000 	 1.455372 
4.700000 	 1.234147 
4.720000 	 1.398530 
4.740000 	 1.666113 
4.760000 	 1.510905 
4.780000 	 1.508646 
4.800000 	 1.416149 
4.820000 	 1.356512 
4.840000 	 1.179843 
4.860000 	 1.473635 
4.880000 	 1.425820 
4.900000 	 1.403635 
4.920000 	 1.580310 
4.940000 	 1.219083 
4.960000 	 1.577863 
4.980000 	 1.412380 
5.000000 	 1.459881 
5.020000 	 1.360875 
5.040000 	 1.361965 
5.060000 	 1.175927 
5.080000 	 1.526098 
5.100000 	 1.550432 
5.120000 	 1.242313 
5.140000 	 1.379160 
5.160000 	 1.184774 
5.180000 	 1.453153 
5.200000 	 1.188591 
5.220000 	 1.275264 
5.240000 	 1.624530 
5.260000 	 1.345709 
5.280000 	 1.241523 
5.300000 	 1.232940 
5.320000 	 1.438769 
5.340000 	 1.153092 
5.360000 	 1.049995 
5.380000 	 0.986387 
5.400000 	 1.420674 
5.420000 	 1.234012 
5.440000 	 1.212031 
5.460000 	 1.114987 
5.480000 	 1.125305 
5.500000 	 1.134388 
5.520000 	 0.986733 
5.540000 	 1.076341 
5.560000 	 1.172418 
5.580000 	 1.225607 
5.600000 	 1.388373 
5.620000 	 0.949604 
5.640000 	 1.135458 
5.660000 	 1.174788 
5.680000 	 1.103967 
5.700000 	 0.984105 
5.720000 	 1.101960 
5.740000 	 1.129389 
5.760000 	 1.002462 
5.780000 	 1.270777 
5.800000 	 1.061769 
5.820000 	 1.100913 
5.840000 	 1.078983 
5.860000 	 0.727818 
5.880000 	 0.999820 
5.900000 	 1.051575 
5.920000 	 1.088830 
5.940000 	 1.065788 
5.960000 	 1.048922 
5.980000 	 0.828196 
6.000000 	 0.896747 
6.020000 	 1.153352 
6.040000 	 1.071350 
6.060000 	 0.727720 
6.080000 	 0.903804 
6.100000 	 1.051579 
6.120000 	 0.960994 
6.140000 	 1.204102 
6.160000 	 0.767820 
6.180000 	 0.748684 
6.200000 	 0.729273 
6.220000 	 1.064764 
6.240000 	 0.639896 
6.260000 	 1.067820 
6.280000 	 0.805088 
6.300000 	 0.689210 
6.320000 	 0.811017 
6.340000 	 0.771083 
6.360000 	 0.672581 
6.380000 	 0.879444 
6.400000 	 0.762887 
6.420000 	 0.697719 
6.440000 	 0.821313 
6.460000 	 0.775740 
6.480000 	 0.923851 
6.500000 	 0.937991 
6.520000 	 0.671458 
6.540000 	 0.830451 
6.560000 	 0.578077 
6.580000 	 0.825762 
6.600000 	 1.078503 
6.620000 	 0.507723 
6.640000 	 0.931575 
6.660000 	 0.723631 
6.680000 	 0.471830 
6.700000 	 0.707520 
6.720000 	 0.502536 
6.740000 	 0.875878 
6.760000 	 0.613110 
6.780000 	 0.683222 
6.800000 	 0.777924 
6.820000 	 0.378391 
6.840000 	 0.455145 
6.860000 	 0.434896 
6.880000 	 0.574084 
6.900000 	 0.442283 
6.920000 	 0.686702 
6.940000 	 0.424039 
6.960000 	 0.358790 
6.980000 	 0.434711 
7.000000 	 0.173030 
7.020000 	 0.297196 
7.040000 	 0.235155 
7.060000 	 0.474484 
7.080000 	 0.833525 
7.100000 	 0.317991 
7.120000 	 0.648349 
7.140000 	 0.349164 
7.160000 	 0.690092 
7.180000 	 0.457121 
7.200000 	 0.380023 
7.220000 	 0.340977 
7.240000 	 0.143154 
7.260000 	 0.194984 
7.280000 	 0.697441 
7.300000 	 0.541819 
7.320000 	 0.565617 
7.340000 	 0.274791 
7.360000 	 0.417562 
7.380000 	 0.199540 
7.400000 	 0.457724 
7.420000 	 0.480068 
7.440000 	 0.134280 
7.460000 	 0.281195 
7.480000 	 0.402314 
7.500000 	 0.375540 
7.520000 	 0.291336 
7.540000 	 0.355015 
7.560000 	 0.238321 
7.580000 	 0.174352 
7.600000 	 0.637311 
7.620000 	 0.209735 
7.640000 	 0.499073 
7.660000 	 0.033191 
7.680000 	 0.231596 
7.700000 	 0.351769 
7.720000 	 0.332002 
7.740000 	 0.152081 
7.760000 	 -0.012461 
7.780000 	 0.059744 
7.800000 	 0.250810 
7.820000 	 0.349817 
7.840000 	 0.272127 
7.860000 	 0.260142 
7.880000 	 0.137296 
7.900000 	 0.320820 
7.920000 	 0.567141 
7.940000 	 0.102870 
7.960000 	 0.131858 
7.980000 	 0.212154 
8.000000 	 0.517154 
8.020000 	 0.056222 
8.040000 	 0.346170 
8.060000 	 0.166555 
8.080000 	 0.279501 
8.100000 	 0.016130 
8.120000 	 0.514806 
8.140000 	 0.214837 
8.160000 	 0.288582 
8.180000 	 -0.089726 
8.200000 	 0.443290 
8.220000 	 0.435280 
8.240000 	 0.139312 
8.260000 	 0.210879 
8.280000 	 0.119080 
8.300000 	 0.080867 
8.320000 	 0.291455 
8.340000 	 -0.345034 
8.360000 	 0.460708 
8.380000 	 0.207878 
8.400000 	 0.570400 
8.420000 	 0.106838 
8.440000 	 0.161461 
8.460000 	 0.232338 
8.480000 	 0.131264 
8.500000 	 0.106681 
8.520000 	 0.205810 
8.540000 	 0.032305 
8.560000 	 0.399319 
8.580000 	 0.280730 
8.600000 	 0.329029 
8.620000 	 0.089547 
8.640000 	 0.231628 
8.660000 	 0.275657 
8.680000 	 0.129959 
8.700000 	 0.076958 
8.720000 	 -0.093428 
8.740000 	 0.113776 
8.760000 	 0.012130 
8.780000 	 -0.090437 
8.800000 	 0.463205 
8.820000 	 -0.089172 
8.840000 	 0.297587 
8.860000 	 0.212124 
8.880000 	 0.249931 
8.900000 	 0.292692 
8.920000 	 0.051071 
8.940000 	 -0.100345 
8.960000 	 0.041795 
8.980000 	 -0.104694 
9.000000 	 0.247090 
9.020000 	 0.129653 
9.040000 	 0.069052 
9.060000 	 0.118479 
9.080000 	 0.265559 
9.100000 	 0.131688 
9.120000 	 0.029074 
9.140000 	 0.096162 
9.160000 	 0.169725 
9.180000 	 -0.036523 
9.200000 	 -0.014758 
9.220000 	 0.052228 
9.240000 	 0.151080 
9.260000 	 0.131979 
9.280000 	 0.233542 
9.300000 	 -0.115070 
9.320000 	 -0.061314 
9.340000 	 0.000077 
9.360000 	 -0.064741 
9.380000 	 -0.014562 
9.400000 	 0.117928 
9.420000 	 -0.069735 
9.440000 	 0.019771 
9.460000 	 0.168991 
9.480000 	 0.119126 
9.500000 	 0.144093 
9.520000 	 0.089862 
9.540000 	 0.103231 
9.560000 	 0.299223 
9.580000 	 0.064484 
9.600000 	 0.094280 
9.620000 	 -0.138279 
9.640000 	 0.176697 
9.660000 	 0.113996 
9.680000 	 -0.201071 
9.700000 	 0.163906 
9.720000 	 0.072957 
9.740000 	 -0.123540 
9.760000 	 0.099245 
9.780000 	 -0.035158 
9.800000 	 0.258072 
9.820000 	 0.194963 
9.840000 	 -0.310802 
9.860000 	 -0.256391 
9.880000 	 -0.056740 
9.900000 	 -0.211534 
9.920000 	 0.031491 
9.940000 	 0.050652 
9.960000 	 0.345278 
9.980000 	 -0.014252 
10.000000 	 -0.188962 
10.020000 	 -0.156579 
10.040000 	 0.049065 
10.060000 	 0.079451 
10.080000 	 -0.020355 
10.100000 	 0.052373 
10.120000 	 -0.106772 
10.140000 	 0.222563 
10.160000 	 -0.059020 
10.180000 	 0.119433 
10.200000 	 0.255703 
10.220000 	 0.023471 
10.240000 	 -0.196185 
10.260000 	 -0.031940 
10.280000 	 0.063031 
10.300000 	 -0.135686 
10.320000 	 -0.150137 
10.340000 	 0.020585 
10.360000 	 -0.142872 
10.380000 	 0.145675 
10.400000 	 -0.157314 
10.420000 	 -0.081638 
10.440000 	 0.163738 
10.460000 	 -0.007144 
10.480000 	 -0.031300 
10.500000 	 -0.191225 
10.520000 	 -0.397888 
10.540000 	 -0.456312 
10.560000 	 0.117216 
10.580000 	 0.169226 
10.600000 	 -0.008388 
10.620000 	 0.084531 
10.640000 	 -0.028686 
10.660000 	 0.030311 
10.680000 	 0.041171 
10.700000 	 0.218784 
10.720000 	 -0.017446 
10.740000 	 -0.136655 
10.760000 	 0.192638 
10.780000 	 -0.107022 
10.800000 	 0.090715 
10.820000 	 0.108483 
10.840000 	 0.091145 
10.860000 	 0.027604 
10.880000 	 -0.064419 
10.900000 	 0.014997 
10.920000 	 -0.147849 
10.940000 	 -0.081946 
10.960000 	 0.269207 
10.980000 	 -0.083076 
11.000000 	 -0.259702 
11.020000 	 0.071629 
11.040000 	 -0.262279 
11.060000 	 0.077435 
11.080000 	 -0.054253 
11.100000 	 0.075486 
11.120000 	 -0.045172 
11.140000 	 0.084269 
11.160000 	 -0.004375 
11.180000 	 -0.192622 
11.200000 	 -0.137446 
11.220000 	 -0.011797 
11.240000 	 -0.055004 
11.260000 	 0.061065 
11.280000 	 -0.028084 
11.300000 	 0.064620 
11.320000 	 0.160717 
11.340000 	 0.091538 
11.360000 	 0.122875 
11.380000 	 0.146145 
11.400000 	 0.150216 
11.420000 	 -0.248716 
11.440000 	 0.047133 
11.460000 	 0.000953 
11.480000 	 -0.027230 
11.500000 	 -0.007380 
11.520000 	 0.067946 
11.540000 	 -0.091459 
11.560000 	 0.284003 
11.580000 	 0.093172 
11.600000 	 0.190553 
11.620000 	 -0.154485 
11.640000 	 0.260360 
11.660000 	 -0.022380 
11.680000 	 -0.281171 
11.700000 	 0.007494 
11.720000 	 0.256451 
11.740000 	 -0.097875 
11.760000 	 0.072125 
11.780000 	 0.060581 
11.800000 	 0.185711 
11.820000 	 -0.135048 
11.840000 	 0.293177 
11.860000 	 0.041167 
11.880000 	 -0.391459 
11.900000 	 -0.222337 
11.920000 	 -0.210484 
11.940000 	 0.251380 
11.960000 	 0.082246 
11.980000 	 0.103673 
12.000000 	 0.000251 
12.020000 	 -0.144499 
12.040000 	 0.094311 
12.060000 	 0.027017 
12.080000 	 0.076031 
12.100000 	 -0.158853 
12.120000 	 -0.057677 
12.140000 	 0.299961 
12.160000 	 -0.061796 
12.180000 	 0.060703 
12.200000 	 -0.165852 
12.220000 	 -0.005071 
12.240000 	 -0.201689 
12.260000 	 -0.700000 
12.280000 	 -0.080285 
12.300000 	 0.104128 
12.320000 	 0.274541 
12.340000 	 0.059627 
12.360000 	 0.000058 
12.380000 	 -0.128078 
12.400000 	 0.246039 
12.420000 	 -0.139099 
12.440000 	 -0.104700 
12.460000 	 -0.008682 
12.480000 	 -0.062534 
12.500000 	 0.020433 
12.520000 	 -0.080179 
12.540000 	 -0.151964 
12.560000 	 0.061420 
12.580000 	 0.288877 
12.600000 	 0.162388 
12.620000 	 -0.238214 
12.640000 	 0.128089 
12.660000 	 -0.116420 
12.680000 	 -0.211524 
12.700000 	 0.053530 
12.720000 	 -0.069601 
12.740000 	 -0.020510 
12.760000 	 0.024282 
12.780000 	 0.125139 
12.800000 	 0.110043 
12.820000 	 -0.268200 
12.840000 	 -0.001835 
12.860000 	 -0.000940 
12.880000 	 0.026957 
12.900000 	 0.098721 
12.920000 	 0.361746 
12.940000 	 -0.131157 
12.960000 	 -0.261301 
12.980000 	 0.310133 
13.000000 	 0.087197 
13.020000 	 0.190756 
13.040000 	 -0.099987 
13.060000 	 -0.161939 
13.080000 	 0.097788 
13.100000 	 -0.100703 
13.120000 	 -0.223156 
13.140000 	 0.014336 
13.160000 	 -0.165352 
13.180000 	 -0.138661 
13.200000 	 -0.172595 
13.220000 	 0.087644 
13.240000 	 0.153599 
13.260000 	 0.020367 
13.280000 	 -0.091413 
13.300000 	 -0.142497 
13.320000 	 -0.068790 
13.340000 	 0.109942 
13.360000 	 -0.072177 
13.380000 	 -0.080086 
13.400000 	 0.022319 
13.420000 	 -0.059281 
13.440000 	 0.181751 
13.460000 	 0.007017 
13.480000 	 0.019837 
13.500000 	 0.092684 
13.520000 	 0.183283 
13.540000 	 0.079554 
13.560000 	 -0.248199 
13.580000 	 0.018652 
13.600000 	 0.118922 
13.620000 	 0.091943 
13.640000 	 -0.076528 
13.660000 	 0.059763 
13.680000 	 0.012511 
13.700000 	 0.063624 
13.720000 	 -0.047903 
13.740000 	 0.009927 
13.760000 	 0.199198 
13.780000 	 -0.211933 
13.800000 	 0.050632 
13.820000 	 0.007633 
13.840000 	 -0.022947 
13.860000 	 0.240381 
13.880000 	 -0.113554 
13.900000 	 -0.178263 
13.920000 	 0.016119 
13.940000 	 0.018970 
13.960000 	 0.140054 
13.980000 	 0.108441 
14.000000 	 0.127666 
14.020000 	 -0.427602 
14.040000 	 -0.031067 
14.060000 	 -0.092502 
14.080000 	 -0.062453 
14.100000 	 -0.021784 
14.120000 	 0.131596 
14.140000 	 0.045142 
14.160000 	 -0.004754 
14.180000 	 0.063043 
14.200000 	 -0.031027 
14.220000 	 0.242621 
14.240000 	 -0.117486 
14.260000 	 0.149224 
14.280000 	 -0.129466 
14.300000 	 0.127357 
14.320000 	 0.071268 
14.340000 	 -0.100772 
14.360000 	 0.150019 
14.380000 	 -0.180524 
14.400000 	 -0.047258 
14.420000 	 -0.113014 
14.440000 	 0.137756 
14.460000 	 -0.007440 
14.480000 	 0.014281 
14.500000 	 -0.064759 
14.520000 	 -0.057678 
14.540000 	 -0.156128 
14.560000 	 -0.135929 
14.580000 	 -0.037076 
14.600000 	 0.140576 
14.620000 	 -0.076603 
14.640000 	 0.013608 
14.660000 	 -0.203267 
14.680000 	 -0.027536 
14.700000 	 -0.112293 
14.720000 	 0.035977 
14.740000 	 -0.140813 
14.760000 	 0.031731 
14.780000 	 -0.016622 
14.800000 	 -0.079353 
14.820000 	 0.189127 
14.840000 	 0.007110 
14.860000 	 -0.003799 
14.880000 	 0.136598 
14.900000 	 0.047506 
14.920000 	 -0.005518 
14.940000 	 0.197184 
14.960000 	 0.038384 
14.980000 	 0.020717 
15.000000 	 -0.060570 
