-15.000000 	 -0.043834 
-14.980000 	 0.083628 
-14.960000 	 0.136711 
-14.940000 	 -0.023759 
-14.920000 	 0.008945 
-14.900000 	 0.110855 
-14.880000 	 -0.256438 
-14.860000 	 -0.107531 
-14.840000 	 0.323093 
-14.820000 	 -0.083176 
-14.800000 	 -0.182540 
-14.780000 	 0.029074 
-14.760000 	 -0.283094 
-14.740000 	 -0.138639 
-14.720000 	 -0.015864 
-14.700000 	 -0.319122 
-14.680000 	 -0.092154 
-14.660000 	 -0.168471 
-14.640000 	 -0.097981 
-14.620000 	 -0.045284 
-14.600000 	 0.255852 
-14.580000 	 -0.045669 
-14.560000 	 -0.274995 
-14.540000 	 -0.015142 
-14.520000 	 0.109661 
-14.500000 	 -0.048974 
-14.480000 	 -0.202380 
-14.460000 	 -0.161323 
-14.440000 	 0.133986 
-14.420000 	 -0.018962 
-14.400000 	 0.179799 
-14.380000 	 0.135547 
-14.360000 	 0.322121 
-14.340000 	 -0.068287 
-14.320000 	 0.006984 
-14.300000 	 -0.089308 
-14.280000 	 0.024006 
-14.260000 	 -0.322247 
-14.240000 	 0.151764 
-14.220000 	 0.050579 
-14.200000 	 -0.069010 
-14.180000 	 0.322519 
-14.160000 	 0.179860 
-14.140000 	 -0.031955 
-14.120000 	 -0.049020 
-14.100000 	 0.164563 
-14.080000 	 0.259790 
-14.060000 	 0.059997 
-14.040000 	 -0.318705 
-14.020000 	 -0.095432 
-14.000000 	 0.204004 
-13.980000 	 0.049597 
-13.960000 	 0.166101 
-13.940000 	 -0.037658 
-13.920000 	 -0.004291 
-13.900000 	 -0.054835 
-13.880000 	 0.101952 
-13.860000 	 0.237203 
-13.840000 	 -0.292309 
-13.820000 	 -0.001216 
-13.800000 	 0.147176 
-13.780000 	 -0.020017 
-13.760000 	 0.012852 
-13.740000 	 0.405316 
-13.720000 	 0.017382 
-13.700000 	 0.073245 
-13.680000 	 -0.179089 
-13.660000 	 -0.154123 
-13.640000 	 0.137129 
-13.620000 	 0.256892 
-13.600000 	 -0.111220 
-13.580000 	 0.028655 
-13.560000 	 0.082608 
-13.540000 	 0.015245 
-13.520000 	 0.009562 
-13.500000 	 -0.055669 
-13.480000 	 0.030133 
-13.460000 	 0.159323 
-13.440000 	 -0.077469 
-13.420000 	 0.288449 
-13.400000 	 -0.147088 
-13.380000 	 0.203635 
-13.360000 	 -0.218617 
-13.340000 	 -0.029542 
-13.320000 	 -0.164665 
-13.300000 	 0.012464 
-13.280000 	 0.111365 
-13.260000 	 -0.046321 
-13.240000 	 -0.048628 
-13.220000 	 -0.192101 
-13.200000 	 -0.084451 
-13.180000 	 -0.174850 
-13.160000 	 0.024867 
-13.140000 	 0.115121 
-13.120000 	 -0.140968 
-13.100000 	 0.132902 
-13.080000 	 0.011121 
-13.060000 	 0.040916 
-13.040000 	 -0.203542 
-13.020000 	 0.115565 
-13.000000 	 -0.204564 
-12.980000 	 -0.030628 
-12.960000 	 0.153306 
-12.940000 	 0.216519 
-12.920000 	 0.065117 
-12.900000 	 -0.184203 
-12.880000 	 -0.077937 
-12.860000 	 -0.033612 
-12.840000 	 0.013726 
-12.820000 	 0.064550 
-12.800000 	 0.123470 
-12.780000 	 -0.118798 
-12.760000 	 -0.211470 
-12.740000 	 0.000116 
-12.720000 	 0.127499 
-12.700000 	 0.212280 
-12.680000 	 -0.134831 
-12.660000 	 -0.055952 
-12.640000 	 0.015095 
-12.620000 	 0.215874 
-12.600000 	 0.014883 
-12.580000 	 -0.067582 
-12.560000 	 0.205652 
-12.540000 	 -0.262049 
-12.520000 	 -0.013275 
-12.500000 	 0.097775 
-12.480000 	 -0.012565 
-12.460000 	 -0.210247 
-12.440000 	 -0.161450 
-12.420000 	 0.034703 
-12.400000 	 -0.366927 
-12.380000 	 0.355357 
-12.360000 	 0.278717 
-12.340000 	 0.126479 
-12.320000 	 0.030819 
-12.300000 	 0.193998 
-12.280000 	 -0.087887 
-12.260000 	 0.049547 
-12.240000 	 -0.090778 
-12.220000 	 0.252453 
-12.200000 	 0.167062 
-12.180000 	 -0.078537 
-12.160000 	 0.184944 
-12.140000 	 0.186659 
-12.120000 	 0.318506 
-12.100000 	 0.062918 
-12.080000 	 0.245709 
-12.060000 	 -0.094176 
-12.040000 	 -0.084630 
-12.020000 	 0.167900 
-12.000000 	 0.051806 
-11.980000 	 -0.069356 
-11.960000 	 0.056783 
-11.940000 	 -0.219469 
-11.920000 	 -0.017277 
-11.900000 	 0.047429 
-11.880000 	 0.094487 
-11.860000 	 0.069863 
-11.840000 	 -0.074727 
-11.820000 	 -0.105193 
-11.800000 	 0.200717 
-11.780000 	 0.051989 
-11.760000 	 0.156713 
-11.740000 	 -0.268821 
-11.720000 	 -0.096925 
-11.700000 	 -0.065314 
-11.680000 	 0.004033 
-11.660000 	 -0.121733 
-11.640000 	 -0.034065 
-11.620000 	 -0.054307 
-11.600000 	 0.021917 
-11.580000 	 -0.162607 
-11.560000 	 0.138919 
-11.540000 	 -0.167613 
-11.520000 	 -0.051111 
-11.500000 	 0.129730 
-11.480000 	 0.186946 
-11.460000 	 -0.024541 
-11.440000 	 0.010132 
-11.420000 	 0.075512 
-11.400000 	 -0.015605 
-11.380000 	 -0.194194 
-11.360000 	 -0.000273 
-11.340000 	 0.071068 
-11.320000 	 0.031542 
-11.300000 	 -0.079394 
-11.280000 	 -0.193024 
-11.260000 	 0.056904 
-11.240000 	 -0.190318 
-11.220000 	 0.142575 
-11.200000 	 -0.066367 
-11.180000 	 0.208961 
-11.160000 	 0.005005 
-11.140000 	 0.072912 
-11.120000 	 0.003251 
-11.100000 	 0.294215 
-11.080000 	 0.023064 
-11.060000 	 -0.344661 
-11.040000 	 0.116799 
-11.020000 	 0.102222 
-11.000000 	 -0.036355 
-10.980000 	 0.114054 
-10.960000 	 -0.055608 
-10.940000 	 -0.080795 
-10.920000 	 -0.043753 
-10.900000 	 -0.067701 
-10.880000 	 0.150417 
-10.860000 	 -0.325403 
-10.840000 	 -0.062658 
-10.820000 	 -0.086618 
-10.800000 	 -0.055859 
-10.780000 	 -0.194246 
-10.760000 	 -0.041057 
-10.740000 	 -0.107657 
-10.720000 	 0.050955 
-10.700000 	 -0.074302 
-10.680000 	 -0.070870 
-10.660000 	 -0.044217 
-10.640000 	 -0.056499 
-10.620000 	 -0.066149 
-10.600000 	 -0.065234 
-10.580000 	 0.014713 
-10.560000 	 -0.231510 
-10.540000 	 0.012174 
-10.520000 	 -0.136535 
-10.500000 	 0.021006 
-10.480000 	 0.021807 
-10.460000 	 0.246242 
-10.440000 	 0.097221 
-10.420000 	 0.249389 
-10.400000 	 -0.027232 
-10.380000 	 0.186092 
-10.360000 	 0.076602 
-10.340000 	 0.007649 
-10.320000 	 -0.045138 
-10.300000 	 0.104273 
-10.280000 	 -0.045869 
-10.260000 	 0.124200 
-10.240000 	 0.108200 
-10.220000 	 -0.118857 
-10.200000 	 0.165446 
-10.180000 	 -0.371252 
-10.160000 	 0.244749 
-10.140000 	 -0.071369 
-10.120000 	 -0.295523 
-10.100000 	 0.068051 
-10.080000 	 0.138999 
-10.060000 	 0.021499 
-10.040000 	 -0.162357 
-10.020000 	 0.500000 
-10.000000 	 -0.042859 
-9.980000 	 0.022566 
-9.960000 	 -0.157739 
-9.940000 	 -0.086144 
-9.920000 	 -0.198736 
-9.900000 	 0.006517 
-9.880000 	 -0.331051 
-9.860000 	 -0.062061 
-9.840000 	 -0.140617 
-9.820000 	 -0.224799 
-9.800000 	 0.115391 
-9.780000 	 0.032826 
-9.760000 	 -0.166923 
-9.740000 	 -0.101660 
-9.720000 	 0.197163 
-9.700000 	 -0.095718 
-9.680000 	 -0.128965 
-9.660000 	 -0.159213 
-9.640000 	 0.073120 
-9.620000 	 -0.060875 
-9.600000 	 0.022578 
-9.580000 	 0.077173 
-9.560000 	 -0.087459 
-9.540000 	 -0.034254 
-9.520000 	 0.057125 
-9.500000 	 -0.004467 
-9.480000 	 0.366427 
-9.460000 	 0.600000 
-9.440000 	 0.111687 
-9.420000 	 -0.005904 
-9.400000 	 0.084828 
-9.380000 	 0.360517 
-9.360000 	 -0.274030 
-9.340000 	 0.260087 
-9.320000 	 -0.027986 
-9.300000 	 -0.148121 
-9.280000 	 0.223848 
-9.260000 	 -0.202365 
-9.240000 	 -0.079420 
-9.220000 	 -0.105852 
-9.200000 	 -0.052066 
-9.180000 	 -0.195812 
-9.160000 	 -0.031174 
-9.140000 	 -0.047498 
-9.120000 	 0.260432 
-9.100000 	 0.306529 
-9.080000 	 0.043567 
-9.060000 	 0.072656 
-9.040000 	 0.097023 
-9.020000 	 0.063133 
-9.000000 	 0.169862 
-8.980000 	 0.125817 
-8.960000 	 -0.056753 
-8.940000 	 -0.059853 
-8.920000 	 0.197130 
-8.900000 	 0.070878 
-8.880000 	 0.008956 
-8.860000 	 -0.115824 
-8.840000 	 -0.152075 
-8.820000 	 0.132234 
-8.800000 	 0.116111 
-8.780000 	 0.301188 
-8.760000 	 -0.103205 
-8.740000 	 -0.041817 
-8.720000 	 -0.123087 
-8.700000 	 0.010002 
-8.680000 	 0.057111 
-8.660000 	 -0.161828 
-8.640000 	 0.063441 
-8.620000 	 -0.081449 
-8.600000 	 0.032606 
-8.580000 	 -0.351544 
-8.560000 	 0.112397 
-8.540000 	 -0.184896 
-8.520000 	 0.058455 
-8.500000 	 -0.076463 
-8.480000 	 -0.023310 
-8.460000 	 -0.060117 
-8.440000 	 -0.177850 
-8.420000 	 0.002991 
-8.400000 	 -0.204524 
-8.380000 	 -0.189832 
-8.360000 	 -0.240405 
-8.340000 	 -0.035383 
-8.320000 	 0.048406 
-8.300000 	 -0.121531 
-8.280000 	 0.097351 
-8.260000 	 -0.121935 
-8.240000 	 -0.213885 
-8.220000 	 0.053956 
-8.200000 	 0.240485 
-8.180000 	 0.001947 
-8.160000 	 0.168833 
-8.140000 	 -0.109955 
-8.120000 	 0.286275 
-8.100000 	 0.234004 
-8.080000 	 0.112565 
-8.060000 	 -0.024410 
-8.040000 	 -0.047433 
-8.020000 	 0.074881 
-8.000000 	 0.147997 
-7.980000 	 0.095048 
-7.960000 	 -0.013330 
-7.940000 	 0.165922 
-7.920000 	 0.210519 
-7.900000 	 -0.150381 
-7.880000 	 -0.245964 
-7.860000 	 0.124470 
-7.840000 	 -0.156083 
-7.820000 	 0.160272 
-7.800000 	 -0.188037 
-7.780000 	 0.050732 
-7.760000 	 -0.169946 
-7.740000 	 -0.270468 
-7.720000 	 0.069869 
-7.700000 	 0.244197 
-7.680000 	 0.170673 
-7.660000 	 -0.089911 
-7.640000 	 0.064417 
-7.620000 	 -0.080271 
-7.600000 	 -0.089486 
-7.580000 	 -0.040842 
-7.560000 	 0.090086 
-7.540000 	 0.130530 
-7.520000 	 -0.008975 
-7.500000 	 0.220640 
-7.480000 	 0.115600 
-7.460000 	 0.284392 
-7.440000 	 0.302820 
-7.420000 	 0.143921 
-7.400000 	 -0.040685 
-7.380000 	 0.003801 
-7.360000 	 0.038818 
-7.340000 	 0.246052 
-7.320000 	 0.053759 
-7.300000 	 -0.038421 
-7.280000 	 -0.065389 
-7.260000 	 0.099476 
-7.240000 	 0.186879 
-7.220000 	 -0.068272 
-7.200000 	 -0.087545 
-7.180000 	 -0.052476 
-7.160000 	 0.127994 
-7.140000 	 0.042000 
-7.120000 	 0.348111 
-7.100000 	 -0.146798 
-7.080000 	 -0.274771 
-7.060000 	 -0.342615 
-7.040000 	 0.041262 
-7.020000 	 -0.177609 
-7.000000 	 0.136869 
-6.980000 	 -0.066296 
-6.960000 	 0.369305 
-6.940000 	 0.094812 
-6.920000 	 0.292850 
-6.900000 	 -0.376160 
-6.880000 	 0.023342 
-6.860000 	 0.289784 
-6.840000 	 0.117337 
-6.820000 	 0.056952 
-6.800000 	 0.210908 
-6.780000 	 0.017619 
-6.760000 	 0.165683 
-6.740000 	 0.146380 
-6.720000 	 0.064269 
-6.700000 	 0.204103 
-6.680000 	 0.175215 
-6.660000 	 0.134010 
-6.640000 	 0.108207 
-6.620000 	 0.289404 
-6.600000 	 -0.213979 
-6.580000 	 -0.013224 
-6.560000 	 0.140861 
-6.540000 	 0.283553 
-6.520000 	 0.240185 
-6.500000 	 0.011250 
-6.480000 	 0.231825 
-6.460000 	 0.233071 
-6.440000 	 0.310761 
-6.420000 	 0.153525 
-6.400000 	 0.096813 
-6.380000 	 0.198568 
-6.360000 	 0.165862 
-6.340000 	 0.047703 
-6.320000 	 0.343777 
-6.300000 	 0.123338 
-6.280000 	 0.307480 
-6.260000 	 0.117057 
-6.240000 	 0.316363 
-6.220000 	 0.310080 
-6.200000 	 0.164768 
-6.180000 	 0.344199 
-6.160000 	 0.071028 
-6.140000 	 -0.600000 
-6.120000 	 0.020257 
-6.100000 	 0.188798 
-6.080000 	 0.082611 
-6.060000 	 0.012725 
-6.040000 	 0.240192 
-6.020000 	 0.403720 
-6.000000 	 0.329973 
-5.980000 	 -0.144829 
-5.960000 	 0.239025 
-5.940000 	 0.314233 
-5.920000 	 0.272681 
-5.900000 	 0.442818 
-5.880000 	 0.449523 
-5.860000 	 0.298603 
-5.840000 	 0.419224 
-5.820000 	 0.145716 
-5.800000 	 -0.018804 
-5.780000 	 0.119169 
-5.760000 	 -0.121976 
-5.740000 	 0.323682 
-5.720000 	 0.259426 
-5.700000 	 0.182477 
-5.680000 	 0.322801 
-5.660000 	 0.353902 
-5.640000 	 0.307864 
-5.620000 	 0.251611 
-5.600000 	 -0.064972 
-5.580000 	 0.386282 
-5.560000 	 0.123824 
-5.540000 	 0.245332 
-5.520000 	 0.351913 
-5.500000 	 0.599489 
-5.480000 	 0.580406 
-5.460000 	 0.251310 
-5.440000 	 0.029569 
-5.420000 	 0.445654 
-5.400000 	 0.403499 
-5.380000 	 0.136732 
-5.360000 	 0.689478 
-5.340000 	 0.173133 
-5.320000 	 0.319191 
-5.300000 	 0.295959 
-5.280000 	 0.567455 
-5.260000 	 0.317910 
-5.240000 	 0.440438 
-5.220000 	 0.558564 
-5.200000 	 0.647506 
-5.180000 	 0.519160 
-5.160000 	 0.225455 
-5.140000 	 0.369801 
-5.120000 	 0.681635 
-5.100000 	 0.409863 
-5.080000 	 0.250723 
-5.060000 	 0.546333 
-5.040000 	 0.511422 
-5.020000 	 0.602104 
-5.000000 	 0.251356 
-4.980000 	 0.314004 
-4.960000 	 0.287055 
-4.940000 	 0.293232 
-4.920000 	 0.324633 
-4.900000 	 0.485715 
-4.880000 	 0.389175 
-4.860000 	 0.431133 
-4.840000 	 0.560596 
-4.820000 	 0.341823 
-4.800000 	 0.467987 
-4.780000 	 0.311267 
-4.760000 	 0.186316 
-4.740000 	 0.522308 
-4.720000 	 0.363525 
-4.700000 	 0.315160 
-4.680000 	 0.669868 
-4.660000 	 0.607944 
-4.640000 	 0.581416 
-4.620000 	 0.346415 
-4.600000 	 0.529706 
-4.580000 	 0.258841 
-4.560000 	 0.626128 
-4.540000 	 0.236494 
-4.520000 	 0.714576 
-4.500000 	 0.455446 
-4.480000 	 0.298378 
-4.460000 	 0.464265 
-4.440000 	 0.467520 
-4.420000 	 0.540531 
-4.400000 	 0.552997 
-4.380000 	 0.543043 
-4.360000 	 0.429317 
-4.340000 	 0.613657 
-4.320000 	 0.645867 
-4.300000 	 0.416398 
-4.280000 	 0.608629 
-4.260000 	 0.521445 
-4.240000 	 0.271457 
-4.220000 	 0.543889 
-4.200000 	 0.626704 
-4.180000 	 0.578992 
-4.160000 	 0.225286 
-4.140000 	 0.574716 
-4.120000 	 0.531168 
-4.100000 	 0.420444 
-4.080000 	 0.402135 
-4.060000 	 0.296408 
-4.040000 	 0.535612 
-4.020000 	 0.502126 
-4.000000 	 0.309365 
-3.980000 	 0.476929 
-3.960000 	 0.629104 
-3.940000 	 0.513566 
-3.920000 	 0.532409 
-3.900000 	 0.683713 
-3.880000 	 0.599513 
-3.860000 	 0.520201 
-3.840000 	 0.359839 
-3.820000 	 0.454124 
-3.800000 	 0.346779 
-3.780000 	 0.425382 
-3.760000 	 0.536826 
-3.740000 	 0.360920 
-3.720000 	 0.369125 
-3.700000 	 0.668430 
-3.680000 	 0.637250 
-3.660000 	 0.178871 
-3.640000 	 0.394020 
-3.620000 	 0.312471 
-3.600000 	 0.541825 
-3.580000 	 0.678638 
-3.560000 	 0.586834 
-3.540000 	 0.427452 
-3.520000 	 0.282494 
-3.500000 	 0.579432 
-3.480000 	 0.523298 
-3.460000 	 0.168512 
-3.440000 	 0.440521 
-3.420000 	 0.454404 
-3.400000 	 0.301591 
-3.380000 	 0.440116 
-3.360000 	 0.362886 
-3.340000 	 0.522981 
-3.320000 	 0.186909 
-3.300000 	 0.398974 
-3.280000 	 0.418820 
-3.260000 	 0.306057 
-3.240000 	 0.373144 
-3.220000 	 0.604874 
-3.200000 	 0.312206 
-3.180000 	 0.454314 
-3.160000 	 0.289583 
-3.140000 	 0.317160 
-3.120000 	 0.230620 
-3.100000 	 0.462984 
-3.080000 	 0.777757 
-3.060000 	 0.446052 
-3.040000 	 0.432804 
-3.020000 	 0.723172 
-3.000000 	 0.326882 
-2.980000 	 0.261583 
-2.960000 	 0.276992 
-2.940000 	 0.187786 
-2.920000 	 0.145936 
-2.900000 	 0.451598 
-2.880000 	 0.529088 
-2.860000 	 0.369194 
-2.840000 	 0.446315 
-2.820000 	 0.587742 
-2.800000 	 0.266164 
-2.780000 	 0.337570 
-2.760000 	 0.668242 
-2.740000 	 0.593987 
-2.720000 	 0.411485 
-2.700000 	 0.516356 
-2.680000 	 0.317663 
-2.660000 	 0.284488 
-2.640000 	 0.489734 
-2.620000 	 0.342249 
-2.600000 	 0.344587 
-2.580000 	 0.244980 
-2.560000 	 0.472552 
-2.540000 	 0.195925 
-2.520000 	 0.365096 
-2.500000 	 0.216339 
-2.480000 	 0.144795 
-2.460000 	 0.545640 
-2.440000 	 0.129581 
-2.420000 	 0.415645 
-2.400000 	 0.175940 
-2.380000 	 0.001942 
-2.360000 	 0.140316 
-2.340000 	 0.214168 
-2.320000 	 0.408454 
-2.300000 	 0.427974 
-2.280000 	 0.505167 
-2.260000 	 0.206977 
-2.240000 	 0.080938 
-2.220000 	 0.534338 
-2.200000 	 -0.065461 
-2.180000 	 0.352642 
-2.160000 	 0.114218 
-2.140000 	 0.063391 
-2.120000 	 0.267664 
-2.100000 	 -0.058122 
-2.080000 	 0.115460 
-2.060000 	 0.068797 
-2.040000 	 0.597055 
-2.020000 	 0.062630 
-2.000000 	 0.387524 
-1.980000 	 0.450148 
-1.960000 	 0.530138 
-1.940000 	 0.284482 
-1.920000 	 -0.000593 
-1.900000 	 0.099460 
-1.880000 	 0.162892 
-1.860000 	 0.256976 
-1.840000 	 -0.183176 
-1.820000 	 0.250204 
-1.800000 	 0.328410 
-1.780000 	 0.091635 
-1.760000 	 0.274717 
-1.740000 	 0.266600 
-1.720000 	 0.128438 
-1.700000 	 0.259559 
-1.680000 	 0.367832 
-1.660000 	 0.097488 
-1.640000 	 0.112074 
-1.620000 	 0.069942 
-1.600000 	 0.162965 
-1.580000 	 0.232631 
-1.560000 	 0.500293 
-1.540000 	 0.414850 
-1.520000 	 0.126854 
-1.500000 	 0.116305 
-1.480000 	 -0.014184 
-1.460000 	 0.100621 
-1.440000 	 0.160164 
-1.420000 	 0.051781 
-1.400000 	 0.087575 
-1.380000 	 0.187618 
-1.360000 	 0.254990 
-1.340000 	 -0.163985 
-1.320000 	 -0.223622 
-1.300000 	 0.065434 
-1.280000 	 -0.045170 
-1.260000 	 0.268297 
-1.240000 	 0.354974 
-1.220000 	 0.193797 
-1.200000 	 0.138658 
-1.180000 	 0.193769 
-1.160000 	 0.248332 
-1.140000 	 -0.042059 
-1.120000 	 0.400044 
-1.100000 	 0.006919 
-1.080000 	 0.293369 
-1.060000 	 -0.139096 
-1.040000 	 -0.092296 
-1.020000 	 0.090233 
-1.000000 	 -0.046381 
-0.980000 	 0.019281 
-0.960000 	 0.280630 
-0.940000 	 0.127619 
-0.920000 	 0.219441 
-0.900000 	 -0.068474 
-0.880000 	 0.061501 
-0.860000 	 0.114231 
-0.840000 	 0.277565 
-0.820000 	 0.119382 
-0.800000 	 0.128519 
-0.780000 	 0.151683 
-0.760000 	 -0.113251 
-0.740000 	 0.178277 
-0.720000 	 0.228427 
-0.700000 	 0.259674 
-0.680000 	 0.159420 
-0.660000 	 0.115761 
-0.640000 	 0.036411 
-0.620000 	 0.118088 
-0.600000 	 0.040749 
-0.580000 	 -0.255041 
-0.560000 	 0.319408 
-0.540000 	 0.348227 
-0.520000 	 0.141265 
-0.500000 	 0.020766 
-0.480000 	 0.041359 
-0.460000 	 0.048612 
-0.440000 	 -0.026127 
-0.420000 	 0.147156 
-0.400000 	 0.315329 
-0.380000 	 0.327466 
-0.360000 	 0.277063 
-0.340000 	 0.039446 
-0.320000 	 0.021833 
-0.300000 	 0.188590 
-0.280000 	 0.267308 
-0.260000 	 0.281286 
-0.240000 	 0.280565 
-0.220000 	 0.245622 
-0.200000 	 0.417628 
-0.180000 	 0.486551 
-0.160000 	 0.205718 
-0.140000 	 0.234039 
-0.120000 	 0.045973 
-0.100000 	 0.347771 
-0.080000 	 0.175332 
-0.060000 	 0.245307 
-0.040000 	 0.241978 
-0.020000 	 0.638437 
0.000000 	 0.439469 
0.020000 	 0.287332 
0.040000 	 -0.105102 
0.060000 	 0.334209 
0.080000 	 0.355264 
0.100000 	 0.244729 
0.120000 	 0.245822 
0.140000 	 0.434036 
0.160000 	 0.534683 
0.180000 	 0.255815 
0.200000 	 -0.030567 
0.220000 	 0.189387 
0.240000 	 0.151971 
0.260000 	 0.370313 
0.280000 	 0.165988 
0.300000 	 0.331867 
0.320000 	 0.503824 
0.340000 	 0.449422 
0.360000 	 0.548271 
0.380000 	 0.420367 
0.400000 	 0.477721 
0.420000 	 0.397513 
0.440000 	 0.320579 
0.460000 	 0.304095 
0.480000 	 0.255432 
0.500000 	 0.582592 
0.520000 	 0.390958 
0.540000 	 0.472454 
0.560000 	 0.726934 
0.580000 	 -0.113077 
0.600000 	 0.356275 
0.620000 	 0.270899 
0.640000 	 0.373048 
0.660000 	 0.370108 
0.680000 	 0.168843 
0.700000 	 0.423672 
0.720000 	 0.573832 
0.740000 	 0.263413 
0.760000 	 0.427129 
0.780000 	 0.445608 
0.800000 	 0.412205 
0.820000 	 0.412263 
0.840000 	 0.515286 
0.860000 	 0.522636 
0.880000 	 0.009795 
0.900000 	 0.253088 
0.920000 	 0.551402 
0.940000 	 0.524116 
0.960000 	 0.499976 
0.980000 	 0.629621 
1.000000 	 0.432019 
1.020000 	 0.458014 
1.040000 	 0.653124 
1.060000 	 0.608530 
1.080000 	 0.579581 
1.100000 	 0.760063 
1.120000 	 0.318738 
1.140000 	 0.724643 
1.160000 	 0.821953 
1.180000 	 0.552077 
1.200000 	 0.489411 
1.220000 	 0.485474 
1.240000 	 0.417957 
1.260000 	 0.630938 
1.280000 	 0.878984 
1.300000 	 0.812900 
1.320000 	 0.907757 
1.340000 	 0.734209 
1.360000 	 0.898633 
1.380000 	 1.122007 
1.400000 	 0.608907 
1.420000 	 0.895466 
1.440000 	 0.703394 
1.460000 	 0.922938 
1.480000 	 0.631570 
1.500000 	 0.909207 
1.520000 	 0.519717 
1.540000 	 0.714482 
1.560000 	 0.644508 
1.580000 	 0.730311 
1.600000 	 0.901111 
1.620000 	 0.775219 
1.640000 	 0.995885 
1.660000 	 1.153991 
1.680000 	 0.706963 
1.700000 	 0.764289 
1.720000 	 0.659709 
1.740000 	 0.821558 
1.760000 	 0.634299 
1.780000 	 0.951878 
1.800000 	 1.209115 
1.820000 	 0.911340 
1.840000 	 1.215200 
1.860000 	 0.878575 
1.880000 	 0.785591 
1.900000 	 0.890561 
1.920000 	 1.002413 
1.940000 	 1.122646 
1.960000 	 0.886537 
1.980000 	 0.755942 
2.000000 	 0.887157 
2.020000 	 0.979161 
2.040000 	 1.115015 
2.060000 	 1.032235 
2.080000 	 0.884418 
2.100000 	 0.829878 
2.120000 	 1.168896 
2.140000 	 1.013635 
2.160000 	 0.975896 
2.180000 	 1.231362 
2.200000 	 1.238044 
2.220000 	 1.414096 
2.240000 	 0.865146 
2.260000 	 1.014708 
2.280000 	 1.081846 
2.300000 	 0.830010 
2.320000 	 1.426100 
2.340000 	 1.129242 
2.360000 	 1.035278 
2.380000 	 0.910846 
2.400000 	 1.403070 
2.420000 	 1.272027 
2.440000 	 1.238269 
2.460000 	 0.852089 
2.480000 	 1.384035 
2.500000 	 1.073205 
2.520000 	 0.937482 
2.540000 	 1.352467 
2.560000 	 1.200064 
2.580000 	 1.241420 
2.600000 	 1.228604 
2.620000 	 1.300031 
2.640000 	 1.315800 
2.660000 	 1.099977 
2.680000 	 1.239434 
2.700000 	 1.493443 
2.720000 	 1.128136 
2.740000 	 1.497422 
2.760000 	 1.463489 
2.780000 	 1.204637 
2.800000 	 1.453838 
2.820000 	 1.369649 
2.840000 	 1.315622 
2.860000 	 1.025616 
2.880000 	 1.578339 
2.900000 	 1.134538 
2.920000 	 1.457674 
2.940000 	 1.605133 
2.960000 	 1.557901 
2.980000 	 1.110597 
3.000000 	 1.651269 
3.020000 	 1.553451 
3.040000 	 1.508442 
3.060000 	 1.398650 
3.080000 	 1.121244 
3.100000 	 1.383826 
3.120000 	 1.345319 
3.140000 	 1.481071 
3.160000 	 1.553935 
3.180000 	 1.228158 
3.200000 	 1.444020 
3.220000 	 1.655460 
3.240000 	 1.459684 
3.260000 	 1.654663 
3.280000 	 1.407651 
3.300000 	 1.579178 
3.320000 	 1.643899 
3.340000 	 1.346497 
3.360000 	 1.299061 
3.380000 	 1.554993 
3.400000 	 1.280803 
3.420000 	 1.667841 
3.440000 	 1.710711 
3.460000 	 1.594632 
3.480000 	 1.504003 
3.500000 	 1.310479 
3.520000 	 1.461823 
3.540000 	 1.366134 
3.560000 	 1.419814 
3.580000 	 1.326421 
3.600000 	 1.602341 
3.620000 	 1.371106 
3.640000 	 1.541119 
3.660000 	 1.388236 
3.680000 	 1.686314 
3.700000 	 1.607196 
3.720000 	 -0.600000 
3.740000 	 1.460745 
3.760000 	 1.485672 
3.780000 	 1.413743 
3.800000 	 1.627401 
3.820000 	 1.660293 
3.840000 	 1.511027 
3.860000 	 1.581033 
3.880000 	 1.861785 
3.900000 	 1.406162 
3.920000 	 1.611498 
3.940000 	 1.687007 
3.960000 	 1.827895 
3.980000 	 1.310415 
4.000000 	 1.694442 
4.020000 	 1.773240 
4.040000 	 1.577172 
4.060000 	 1.455811 
4.080000 	 1.835994 
4.100000 	 1.305093 
4.120000 	 1.451083 
4.140000 	 1.444914 
4.160000 	 1.467763 
4.180000 	 1.687885 
4.200000 	 1.550119 
4.220000 	 1.204238 
4.240000 	 1.581266 
4.260000 	 1.493487 
4.280000 	 2.009544 
4.300000 	 1.538231 
4.320000 	 1.439271 
4.340000 	 1.775713 
4.360000 	 1.525612 
4.380000 	 1.561067 
4.400000 	 1.542783 
4.420000 	 1.824700 
4.440000 	 1.575193 
4.460000 	 1.524601 
4.480000 	 1.708242 
4.500000 	 1.659940 
4.520000 	 1.643295 
4.540000 	 1.720889 
4.560000 	 1.727420 
4.580000 	 1.315188 
4.600000 	 1.594329 
4.620000 	 1.522430 
4.640000 	 1.647797 
4.660000 	 1.278038 
4.680000 	 1.340241 
4.700000 	 1.534426 
4.720000 	 1.477104 
4.740000 	 1.179639 
4.760000 	 1.621005 
4.780000 	 1.754909 
4.800000 	 1.442782 
4.820000 	 1.616162 
4.840000 	 1.472830 
4.860000 	 1.636274 
4.880000 	 1.325226 
4.900000 	 1.372408 
4.920000 	 1.790019 
4.940000 	 1.371351 
4.960000 	 1.405226 
4.980000 	 1.549781 
5.000000 	 1.537051 
5.020000 	 1.278303 
5.040000 	 1.481934 
5.060000 	 1.298929 
5.080000 	 1.432289 
5.100000 	 1.304666 
5.120000 	 1.183427 
5.140000 	 -0.100000 
5.160000 	 1.466594 
5.180000 	 1.405846 
5.200000 	 1.652308 
5.220000 	 1.242208 
5.240000 	 1.388816 
5.260000 	 1.199497 
5.280000 	 1.111071 
5.300000 	 1.348456 
5.320000 	 1.246554 
5.340000 	 1.135310 
5.360000 	 1.251610 
5.380000 	 1.287672 
5.400000 	 1.261181 
5.420000 	 1.386867 
5.440000 	 1.285297 
5.460000 	 1.176400 
5.480000 	 1.178379 
5.500000 	 1.396724 
5.520000 	 1.301132 
5.540000 	 1.140537 
5.560000 	 1.142397 
5.580000 	 1.253272 
5.600000 	 1.078075 
5.620000 	 1.457636 
5.640000 	 1.148203 
5.660000 	 1.183067 
5.680000 	 0.882826 
5.700000 	 1.003903 
5.720000 	 0.927160 
5.740000 	 1.022978 
5.760000 	 1.064362 
5.780000 	 1.046305 
5.800000 	 1.314140 
5.820000 	 1.197377 
5.840000 	 0.938326 
5.860000 	 1.019102 
5.880000 	 0.917215 
5.900000 	 1.022467 
5.920000 	 1.148204 
5.940000 	 1.100797 
5.960000 	 1.227998 
5.980000 	 0.808463 
6.000000 	 1.062948 
6.020000 	 0.894972 
6.040000 	 0.941186 
6.060000 	 0.871150 
6.080000 	 0.921022 
6.100000 	 1.015364 
6.120000 	 0.814073 
6.140000 	 0.849314 
6.160000 	 0.833276 
6.180000 	 1.064816 
6.200000 	 0.873097 
6.220000 	 0.635915 
6.240000 	 0.793534 
6.260000 	 0.792371 
6.280000 	 1.057496 
6.300000 	 0.555517 
6.320000 	 0.723152 
6.340000 	 0.941213 
6.360000 	 0.891205 
6.380000 	 0.509991 
6.400000 	 0.859552 
6.420000 	 0.755355 
6.440000 	 0.617025 
6.460000 	 0.530132 
6.480000 	 0.713247 
6.500000 	 0.736469 
6.520000 	 0.698146 
6.540000 	 0.790406 
6.560000 	 0.905356 
6.580000 	 0.777977 
6.600000 	 0.777960 
6.620000 	 0.583968 
6.640000 	 0.744504 
6.660000 	 0.392006 
6.680000 	 0.492855 
6.700000 	 0.653150 
6.720000 	 0.578701 
6.740000 	 0.732042 
6.760000 	 0.683679 
6.780000 	 0.488256 
6.800000 	 0.656356 
6.820000 	 0.757275 
6.840000 	 0.589432 
6.860000 	 0.494953 
6.880000 	 0.545050 
6.900000 	 0.736132 
6.920000 	 0.652193 
6.940000 	 0.601433 
6.960000 	 0.550312 
6.980000 	 0.443994 
7.000000 	 0.287346 
7.020000 	 0.368391 
7.040000 	 0.691515 
7.060000 	 0.648103 
7.080000 	 0.676215 
7.100000 	 0.308640 
7.120000 	 0.539151 
7.140000 	 0.383777 
7.160000 	 0.622708 
7.180000 	 0.601795 
7.200000 	 0.310523 
7.220000 	 0.233890 
7.240000 	 0.264968 
7.260000 	 0.371796 
7.280000 	 0.735716 
7.300000 	 0.439691 
7.320000 	 0.494499 
7.340000 	 0.226173 
7.360000 	 0.344616 
7.380000 	 0.569643 
7.400000 	 0.491345 
7.420000 	 0.364847 
7.440000 	 0.246346 
7.460000 	 0.393737 
7.480000 	 0.489388 
7.500000 	 0.350473 
7.520000 	 0.265046 
7.540000 	 0.276249 
7.560000 	 0.169022 
7.580000 	 0.371493 
7.600000 	 0.214919 
7.620000 	 0.134667 
7.640000 	 0.505314 
7.660000 	 0.226409 
7.680000 	 0.326950 
7.700000 	 0.087593 
7.720000 	 0.244052 
7.740000 	 0.402786 
7.760000 	 0.255953 
7.780000 	 0.325647 
7.800000 	 0.319708 
7.820000 	 0.280837 
7.840000 	 0.469551 
7.860000 	 0.219694 
7.880000 	 0.063105 
7.900000 	 0.486572 
7.920000 	 0.398666 
7.940000 	 0.164383 
7.960000 	 0.260648 
7.980000 	 0.325127 
8.000000 	 0.560021 
8.020000 	 0.144249 
8.040000 	 0.200612 
8.060000 	 0.226277 
8.080000 	 0.307056 
8.100000 	 0.076163 
8.120000 	 -0.044682 
8.140000 	 0.296152 
8.160000 	 0.337627 
8.180000 	 0.129557 
8.200000 	 0.198015 
8.220000 	 0.128459 
8.240000 	 0.188744 
8.260000 	 -0.128619 
8.280000 	 0.109974 
8.300000 	 0.453711 
8.320000 	 -0.198185 
8.340000 	 0.300851 
8.360000 	 0.126793 
8.380000 	 0.097651 
8.400000 	 0.143464 
8.420000 	 0.128726 
8.440000 	 -0.009169 
8.460000 	 0.309339 
8.480000 	 0.072235 
8.500000 	 0.151692 
8.520000 	 0.030342 
8.540000 	 0.246229 
8.560000 	 0.010000 
8.580000 	 0.210233 
8.600000 	 0.043253 
8.620000 	 0.311813 
8.640000 	 0.406467 
8.660000 	 0.327895 
8.680000 	 0.134299 
8.700000 	 0.192425 
8.720000 	 0.110921 
8.740000 	 -0.061451 
8.760000 	 -0.021963 
8.780000 	 -0.071533 
8.800000 	 0.246102 
8.820000 	 0.249979 
8.840000 	 0.136012 
8.860000 	 0.288388 
8.880000 	 0.258859 
8.900000 	 0.004542 
8.920000 	 0.060953 
8.940000 	 -0.072872 
8.960000 	 0.209431 
8.980000 	 0.061195 
9.000000 	 0.146531 
9.020000 	 0.073887 
9.040000 	 0.183582 
9.060000 	 -0.102759 
9.080000 	 -0.014651 
9.100000 	 0.017172 
9.120000 	 -0.025137 
9.140000 	 -0.012265 
9.160000 	 0.061881 
9.180000 	 -0.131968 
9.200000 	 0.182842 
9.220000 	 0.066638 
9.240000 	 0.040296 
9.260000 	 0.029014 
9.280000 	 0.140258 
9.300000 	 0.120429 
9.320000 	 0.024278 
9.340000 	 0.130632 
9.360000 	 0.119841 
9.380000 	 -0.029011 
9.400000 	 0.241561 
9.420000 	 -0.275000 
9.440000 	 -0.158244 
9.460000 	 -0.075435 
9.480000 	 0.192167 
9.500000 	 -0.049980 
9.520000 	 0.093649 
9.540000 	 0.200643 
9.560000 	 -0.148617 
9.580000 	 0.143050 
9.600000 	 -0.096575 
9.620000 	 0.273004 
9.640000 	 0.182783 
9.660000 	 0.271302 
9.680000 	 0.100712 
9.700000 	 0.094611 
9.720000 	 -0.055544 
9.740000 	 -0.181832 
9.760000 	 -0.074344 
9.780000 	 0.023458 
9.800000 	 0.112549 
9.820000 	 0.153535 
9.840000 	 0.121255 
9.860000 	 -0.034819 
9.880000 	 0.311392 
9.900000 	 -0.339321 
9.920000 	 0.181265 
9.940000 	 -0.113318 
9.960000 	 -0.315767 
9.980000 	 0.215414 
10.000000 	 0.063365 
10.020000 	 -0.001283 
10.040000 	 -0.058251 
10.060000 	 -0.025893 
10.080000 	 0.040667 
10.100000 	 0.204807 
10.120000 	 0.011757 
10.140000 	 0.057851 
10.160000 	 0.252303 
10.180000 	 -0.164424 
10.200000 	 0.130743 
10.220000 	 -0.204929 
10.240000 	 0.204655 
10.260000 	 0.167671 
10.280000 	 -0.065940 
10.300000 	 -0.058687 
10.320000 	 0.097905 
10.340000 	 0.037760 
10.360000 	 -0.086428 
10.380000 	 -0.011636 
10.400000 	 -0.004406 
10.420000 	 0.209824 
10.440000 	 -0.098936 
10.460000 	 -0.032987 
10.480000 	 0.153667 
10.500000 	 0.092036 
10.520000 	 -0.062029 
10.540000 	 -0.030681 
10.560000 	 -0.116225 
10.580000 	 0.086618 
10.600000 	 0.106214 
10.620000 	 0.135881 
10.640000 	 -0.156879 
10.660000 	 -0.092085 
10.680000 	 -0.122336 
10.700000 	 -0.012317 
10.720000 	 0.220020 
10.740000 	 0.167144 
10.760000 	 -0.155995 
10.780000 	 -0.133043 
10.800000 	 0.021799 
10.820000 	 0.072914 
10.840000 	 -0.076854 
10.860000 	 -0.132796 
10.880000 	 -0.104657 
10.900000 	 -0.146905 
10.920000 	 0.078774 
10.940000 	 0.053346 
10.960000 	 0.270718 
10.980000 	 -0.004176 
11.000000 	 0.142314 
11.020000 	 -0.070031 
11.040000 	 0.032840 
11.060000 	 -0.026849 
11.080000 	 0.064589 
11.100000 	 -0.104522 
11.120000 	 0.158552 
11.140000 	 -0.215497 
11.160000 	 -0.045626 
11.180000 	 -0.061006 
11.200000 	 0.003406 
11.220000 	 -0.337051 
11.240000 	 -0.055159 
11.260000 	 -0.127971 
11.280000 	 -0.005065 
11.300000 	 0.191960 
11.320000 	 -0.295239 
11.340000 	 -0.137962 
11.360000 	 -0.119076 
11.380000 	 -0.129603 
11.400000 	 0.196577 
11.420000 	 0.041550 
11.440000 	 0.037733 
11.460000 	 -0.130643 
11.480000 	 -0.033125 
11.500000 	 0.039310 
11.520000 	 0.114026 
11.540000 	 -0.100288 
11.560000 	 0.271545 
11.580000 	 -0.364184 
11.600000 	 -0.087859 
11.620000 	 0.222918 
11.640000 	 -0.025636 
11.660000 	 -0.021493 
11.680000 	 -0.145396 
11.700000 	 0.099294 
11.720000 	 0.096400 
11.740000 	 -0.187552 
11.760000 	 0.366473 
11.780000 	 -0.076854 
11.800000 	 0.027880 
11.820000 	 0.185582 
11.840000 	 0.216843 
11.860000 	 -0.021382 
11.880000 	 0.072819 
11.900000 	 -0.032668 
11.920000 	 0.108431 
11.940000 	 0.113936 
11.960000 	 -0.212256 
11.980000 	 0.161452 
12.000000 	 -0.129099 
12.020000 	 -0.043025 
12.040000 	 0.136437 
12.060000 	 0.202639 
12.080000 	 0.039465 
12.100000 	 -0.147849 
12.120000 	 0.006833 
12.140000 	 0.242434 
12.160000 	 0.064571 
12.180000 	 0.117818 
12.200000 	 -0.142784 
12.220000 	 -0.160295 
12.240000 	 0.045175 
12.260000 	 -0.034721 
12.280000 	 0.311769 
12.300000 	 -0.209724 
12.320000 	 0.091484 
12.340000 	 -0.152722 
12.360000 	 0.073992 
12.380000 	 -0.206078 
12.400000 	 0.036357 
12.420000 	 0.121417 
12.440000 	 0.230001 
12.460000 	 -0.154541 
12.480000 	 -0.016719 
12.500000 	 -0.025168 
12.520000 	 0.314040 
12.540000 	 -0.009831 
12.560000 	 -0.262899 
12.580000 	 -0.005750 
12.600000 	 -0.067253 
12.620000 	 -0.166205 
12.640000 	 -0.023580 
12.660000 	 -0.259542 
12.680000 	 0.155838 
12.700000 	 -0.007539 
12.720000 	 0.164268 
12.740000 	 -0.011930 
12.760000 	 0.060918 
12.780000 	 -0.157992 
12.800000 	 0.070977 
12.820000 	 -0.025396 
12.840000 	 -0.093891 
12.860000 	 0.047242 
12.880000 	 0.025081 
12.900000 	 0.106989 
12.920000 	 -0.061706 
12.940000 	 0.022870 
12.960000 	 0.049615 
12.980000 	 -0.288212 
13.000000 	 -0.199822 
13.020000 	 -0.022425 
13.040000 	 0.253544 
13.060000 	 -0.400689 
13.080000 	 -0.239045 
13.100000 	 -0.202709 
13.120000 	 -0.023091 
13.140000 	 0.124399 
13.160000 	 -0.141660 
13.180000 	 -0.177731 
13.200000 	 0.455736 
13.220000 	 -0.065474 
13.240000 	 -0.146697 
13.260000 	 -0.030759 
13.280000 	 0.104060 
13.300000 	 0.040430 
13.320000 	 -0.015298 
13.340000 	 -0.129589 
13.360000 	 0.168539 
13.380000 	 0.015807 
13.400000 	 -0.044862 
13.420000 	 0.043703 
13.440000 	 -0.090962 
13.460000 	 -0.207899 
13.480000 	 0.062388 
13.500000 	 0.106685 
13.520000 	 -0.158289 
13.540000 	 0.145235 
13.560000 	 -0.115989 
13.580000 	 0.282209 
13.600000 	 0.391293 
13.620000 	 0.202541 
13.640000 	 -0.142480 
13.660000 	 0.071565 
13.680000 	 0.053969 
13.700000 	 0.012323 
13.720000 	 0.019966 
13.740000 	 0.102708 
13.760000 	 -0.010469 
13.780000 	 -0.008241 
13.800000 	 -0.197013 
13.820000 	 0.051110 
13.840000 	 -0.091931 
13.860000 	 -0.283036 
13.880000 	 -0.135870 
13.900000 	 0.330218 
13.920000 	 0.199267 
13.940000 	 0.131993 
13.960000 	 -0.176173 
13.980000 	 -0.054134 
14.000000 	 0.157186 
14.020000 	 -0.029383 
14.040000 	 -0.219992 
14.060000 	 0.090534 
14.080000 	 -0.097378 
14.100000 	 -0.124496 
14.120000 	 -0.169505 
14.140000 	 -0.161811 
14.160000 	 0.138026 
14.180000 	 -0.188365 
14.200000 	 0.017594 
14.220000 	 0.123976 
14.240000 	 -0.007162 
14.260000 	 -0.158285 
14.280000 	 0.038174 
14.300000 	 -0.182684 
14.320000 	 -0.152057 
14.340000 	 -0.195377 
14.360000 	 0.068326 
14.380000 	 0.110258 
14.400000 	 -0.001759 
14.420000 	 0.210977 
14.440000 	 -0.090426 
14.460000 	 -0.204469 
14.480000 	 -0.155053 
14.500000 	 0.013298 
14.520000 	 0.004549 
14.540000 	 0.093802 
14.560000 	 0.216810 
14.580000 	 0.011674 
14.600000 	 -0.064955 
14.620000 	 -0.098455 
14.640000 	 0.058827 
14.660000 	 0.001878 
14.680000 	 -0.041837 
14.700000 	 -0.314092 
14.720000 	 -0.039058 
14.740000 	 -0.083791 
14.760000 	 0.080052 
14.780000 	 -0.072071 
14.800000 	 0.168830 
14.820000 	 0.184169 
14.840000 	 -0.044930 
14.860000 	 -0.183573 
14.880000 	 -0.254124 
14.900000 	 -0.024074 
14.920000 	 0.139896 
14.940000 	 0.002150 
14.960000 	 -0.088712 
14.980000 	 -0.024222 
15.000000 	 -0.193078 
