-15.000000 	 0.197515 
-14.980000 	 0.045556 
-14.960000 	 0.003308 
-14.940000 	 0.023346 
-14.920000 	 -0.050023 
-14.900000 	 -0.073923 
-14.880000 	 0.086975 
-14.860000 	 -0.011204 
-14.840000 	 0.083098 
-14.820000 	 -0.132294 
-14.800000 	 -0.180004 
-14.780000 	 -0.059571 
-14.760000 	 0.072112 
-14.740000 	 -0.069134 
-14.720000 	 -0.088654 
-14.700000 	 -0.157417 
-14.680000 	 0.088070 
-14.660000 	 -0.145432 
-14.640000 	 -0.049119 
-14.620000 	 0.277736 
-14.600000 	 0.108442 
-14.580000 	 0.281667 
-14.560000 	 -0.157630 
-14.540000 	 0.176758 
-14.520000 	 -0.088529 
-14.500000 	 -0.208628 
-14.480000 	 -0.132808 
-14.460000 	 0.208965 
-14.440000 	 -0.158203 
-14.420000 	 -0.065082 
-14.400000 	 0.159662 
-14.380000 	 0.031975 
-14.360000 	 0.077728 
-14.340000 	 -0.063154 
-14.320000 	 0.015703 
-14.300000 	 -0.008940 
-14.280000 	 -0.210756 
-14.260000 	 0.108681 
-14.240000 	 -0.108054 
-14.220000 	 -0.187557 
-14.200000 	 -0.283152 
-14.180000 	 -0.108176 
-14.160000 	 0.014272 
-14.140000 	 0.001888 
-14.120000 	 0.183353 
-14.100000 	 -0.011361 
-14.080000 	 0.133654 
-14.060000 	 0.225178 
-14.040000 	 0.058009 
-14.020000 	 0.290980 
-14.000000 	 0.199312 
-13.980000 	 -0.147245 
-13.960000 	 0.220121 
-13.940000 	 -0.131072 
-13.920000 	 -0.048192 
-13.900000 	 0.600000 
-13.880000 	 -0.041012 
-13.860000 	 0.093673 
-13.840000 	 0.067597 
-13.820000 	 0.024041 
-13.800000 	 0.041288 
-13.780000 	 -0.045719 
-13.760000 	 -0.148483 
-13.740000 	 -0.209986 
-13.720000 	 -0.030417 
-13.700000 	 0.369698 
-13.680000 	 -0.067486 
-13.660000 	 -0.010514 
-13.640000 	 -0.287904 
-13.620000 	 0.077771 
-13.600000 	 -0.015192 
-13.580000 	 -0.020835 
-13.560000 	 -0.019999 
-13.540000 	 0.124958 
-13.520000 	 0.232740 
-13.500000 	 -0.162053 
-13.480000 	 -0.120703 
-13.460000 	 -0.056710 
-13.440000 	 0.134899 
-13.420000 	 -0.089726 
-13.400000 	 0.039099 
-13.380000 	 0.154454 
-13.360000 	 0.051700 
-13.340000 	 0.123190 
-13.320000 	 -0.059206 
-13.300000 	 0.075712 
-13.280000 	 -0.076828 
-13.260000 	 0.201745 
-13.240000 	 -0.213900 
-13.220000 	 0.052779 
-13.200000 	 -0.138647 
-13.180000 	 0.044686 
-13.160000 	 0.168309 
-13.140000 	 -0.074922 
-13.120000 	 -0.082457 
-13.100000 	 -0.228435 
-13.080000 	 0.179740 
-13.060000 	 -0.069344 
-13.040000 	 0.208734 
-13.020000 	 0.094697 
-13.000000 	 -0.083961 
-12.980000 	 0.009559 
-12.960000 	 0.120509 
-12.940000 	 -0.087577 
-12.920000 	 -0.140154 
-12.900000 	 0.041770 
-12.880000 	 -0.005252 
-12.860000 	 -0.287311 
-12.840000 	 -0.026692 
-12.820000 	 -0.001188 
-12.800000 	 0.022097 
-12.780000 	 0.179670 
-12.760000 	 -0.189110 
-12.740000 	 -0.064368 
-12.720000 	 -0.032349 
-12.700000 	 0.030740 
-12.680000 	 -0.137084 
-12.660000 	 -0.137531 
-12.640000 	 0.156098 
-12.620000 	 -0.007745 
-12.600000 	 -0.046831 
-12.580000 	 0.040746 
-12.560000 	 -0.035615 
-12.540000 	 -0.105793 
-12.520000 	 0.000688 
-12.500000 	 -0.057377 
-12.480000 	 -0.042097 
-12.460000 	 -0.325648 
-12.440000 	 0.109746 
-12.420000 	 0.128681 
-12.400000 	 -0.081436 
-12.380000 	 0.079180 
-12.360000 	 -0.252904 
-12.340000 	 -0.105634 
-12.320000 	 -0.051491 
-12.300000 	 0.290160 
-12.280000 	 0.231827 
-12.260000 	 0.003681 
-12.240000 	 -0.000002 
-12.220000 	 0.231925 
-12.200000 	 0.054961 
-12.180000 	 -0.163998 
-12.160000 	 -0.367786 
-12.140000 	 0.104764 
-12.120000 	 -0.223003 
-12.100000 	 -0.084266 
-12.080000 	 0.041141 
-12.060000 	 0.066693 
-12.040000 	 0.077479 
-12.020000 	 0.059009 
-12.000000 	 -0.217839 
-11.980000 	 0.057311 
-11.960000 	 0.212634 
-11.940000 	 0.172848 
-11.920000 	 -0.101763 
-11.900000 	 -0.125457 
-11.880000 	 -0.091697 
-11.860000 	 0.235709 
-11.840000 	 -0.254610 
-11.820000 	 0.186221 
-11.800000 	 -0.064981 
-11.780000 	 -0.167097 
-11.760000 	 0.122668 
-11.740000 	 -0.090035 
-11.720000 	 -0.119728 
-11.700000 	 0.074611 
-11.680000 	 -0.112957 
-11.660000 	 0.318030 
-11.640000 	 0.066151 
-11.620000 	 0.014265 
-11.600000 	 0.014579 
-11.580000 	 -0.004077 
-11.560000 	 0.059216 
-11.540000 	 -0.038170 
-11.520000 	 -0.214244 
-11.500000 	 0.068675 
-11.480000 	 0.032670 
-11.460000 	 -0.007662 
-11.440000 	 0.145475 
-11.420000 	 -0.054785 
-11.400000 	 0.118108 
-11.380000 	 0.003643 
-11.360000 	 -0.067038 
-11.340000 	 -0.107858 
-11.320000 	 0.145067 
-11.300000 	 0.108120 
-11.280000 	 -0.051371 
-11.260000 	 0.030916 
-11.240000 	 -0.070533 
-11.220000 	 -0.063774 
-11.200000 	 0.169708 
-11.180000 	 -0.098985 
-11.160000 	 -0.062588 
-11.140000 	 0.091425 
-11.120000 	 0.019977 
-11.100000 	 0.035604 
-11.080000 	 0.023240 
-11.060000 	 0.374852 
-11.040000 	 0.036345 
-11.020000 	 0.089717 
-11.000000 	 -0.184824 
-10.980000 	 0.011524 
-10.960000 	 0.223722 
-10.940000 	 0.002361 
-10.920000 	 0.002406 
-10.900000 	 -0.177310 
-10.880000 	 0.029848 
-10.860000 	 0.311054 
-10.840000 	 0.091068 
-10.820000 	 -0.107732 
-10.800000 	 0.199758 
-10.780000 	 0.104777 
-10.760000 	 -0.000891 
-10.740000 	 0.228994 
-10.720000 	 0.119410 
-10.700000 	 0.302605 
-10.680000 	 -0.147289 
-10.660000 	 0.046004 
-10.640000 	 0.068278 
-10.620000 	 0.075907 
-10.600000 	 -0.073892 
-10.580000 	 -0.096920 
-10.560000 	 0.132937 
-10.540000 	 0.093422 
-10.520000 	 0.017148 
-10.500000 	 0.116547 
-10.480000 	 -0.136934 
-10.460000 	 -0.093739 
-10.440000 	 -0.075457 
-10.420000 	 -0.201223 
-10.400000 	 -0.144782 
-10.380000 	 0.005373 
-10.360000 	 0.106297 
-10.340000 	 0.149407 
-10.320000 	 0.162979 
-10.300000 	 -0.048255 
-10.280000 	 0.067945 
-10.260000 	 -0.013445 
-10.240000 	 -0.164448 
-10.220000 	 -0.003652 
-10.200000 	 0.222017 
-10.180000 	 0.257961 
-10.160000 	 -0.015788 
-10.140000 	 0.339932 
-10.120000 	 0.020055 
-10.100000 	 0.111501 
-10.080000 	 -0.064003 
-10.060000 	 0.061081 
-10.040000 	 -0.014720 
-10.020000 	 0.147044 
-10.000000 	 -0.074933 
-9.980000 	 -0.178984 
-9.960000 	 -0.054077 
-9.940000 	 0.347699 
-9.920000 	 0.001727 
-9.900000 	 0.194405 
-9.880000 	 -0.177045 
-9.860000 	 -0.080893 
-9.840000 	 0.053093 
-9.820000 	 -0.080272 
-9.800000 	 -0.056373 
-9.780000 	 -0.139244 
-9.760000 	 0.057199 
-9.740000 	 -0.138705 
-9.720000 	 -0.040357 
-9.700000 	 0.069545 
-9.680000 	 -0.134979 
-9.660000 	 0.119563 
-9.640000 	 0.137453 
-9.620000 	 0.129073 
-9.600000 	 -0.237937 
-9.580000 	 -0.080252 
-9.560000 	 0.350593 
-9.540000 	 -0.173716 
-9.520000 	 0.066487 
-9.500000 	 -0.342981 
-9.480000 	 -0.086815 
-9.460000 	 -0.164521 
-9.440000 	 0.033734 
-9.420000 	 0.275607 
-9.400000 	 0.151099 
-9.380000 	 0.054237 
-9.360000 	 0.110463 
-9.340000 	 -0.193137 
-9.320000 	 0.103588 
-9.300000 	 0.214401 
-9.280000 	 -0.132978 
-9.260000 	 0.035030 
-9.240000 	 0.258049 
-9.220000 	 -0.055698 
-9.200000 	 0.040597 
-9.180000 	 0.050668 
-9.160000 	 -0.173639 
-9.140000 	 -0.125159 
-9.120000 	 0.033815 
-9.100000 	 -0.012108 
-9.080000 	 -0.054693 
-9.060000 	 -0.096673 
-9.040000 	 0.209834 
-9.020000 	 0.222690 
-9.000000 	 -0.132667 
-8.980000 	 -0.264238 
-8.960000 	 -0.050139 
-8.940000 	 0.040910 
-8.920000 	 -0.224585 
-8.900000 	 -0.031699 
-8.880000 	 -0.074772 
-8.860000 	 -0.135765 
-8.840000 	 0.051327 
-8.820000 	 -0.158859 
-8.800000 	 0.180032 
-8.780000 	 -0.024444 
-8.760000 	 -0.011287 
-8.740000 	 -0.000803 
-8.720000 	 0.079746 
-8.700000 	 0.037309 
-8.680000 	 0.068127 
-8.660000 	 -0.082190 
-8.640000 	 0.053266 
-8.620000 	 -0.066278 
-8.600000 	 0.033037 
-8.580000 	 -0.095694 
-8.560000 	 0.057385 
-8.540000 	 -0.096325 
-8.520000 	 0.083392 
-8.500000 	 -0.352211 
-8.480000 	 0.062683 
-8.460000 	 -0.090822 
-8.440000 	 -0.006838 
-8.420000 	 -0.284297 
-8.400000 	 -0.063363 
-8.380000 	 -0.070745 
-8.360000 	 -0.041686 
-8.340000 	 0.251653 
-8.320000 	 -0.239079 
-8.300000 	 0.097985 
-8.280000 	 0.023984 
-8.260000 	 -0.278288 
-8.240000 	 0.278621 
-8.220000 	 0.068314 
-8.200000 	 0.102664 
-8.180000 	 0.078881 
-8.160000 	 0.005821 
-8.140000 	 0.040383 
-8.120000 	 -0.089198 
-8.100000 	 0.121650 
-8.080000 	 0.030129 
-8.060000 	 0.063339 
-8.040000 	 0.157664 
-8.020000 	 -0.238305 
-8.000000 	 -0.035297 
-7.980000 	 -0.174138 
-7.960000 	 0.258686 
-7.940000 	 -0.149983 
-7.920000 	 0.013748 
-7.900000 	 -0.076006 
-7.880000 	 -0.092752 
-7.860000 	 0.180625 
-7.840000 	 0.104023 
-7.820000 	 0.093592 
-7.800000 	 0.386643 
-7.780000 	 0.219374 
-7.760000 	 -0.045295 
-7.740000 	 0.032006 
-7.720000 	 -0.001225 
-7.700000 	 -0.289570 
-7.680000 	 0.050231 
-7.660000 	 0.036396 
-7.640000 	 -0.259665 
-7.620000 	 0.151359 
-7.600000 	 0.134961 
-7.580000 	 0.089886 
-7.560000 	 -0.028782 
-7.540000 	 0.099098 
-7.520000 	 -0.036789 
-7.500000 	 0.266495 
-7.480000 	 0.007378 
-7.460000 	 0.228660 
-7.440000 	 -0.038815 
-7.420000 	 -0.075446 
-7.400000 	 -0.008507 
-7.380000 	 0.174038 
-7.360000 	 -0.111219 
-7.340000 	 0.133983 
-7.320000 	 -0.070557 
-7.300000 	 0.146703 
-7.280000 	 0.158930 
-7.260000 	 0.092687 
-7.240000 	 0.304170 
-7.220000 	 -0.074521 
-7.200000 	 0.167713 
-7.180000 	 0.013591 
-7.160000 	 0.112555 
-7.140000 	 0.168813 
-7.120000 	 0.042832 
-7.100000 	 -0.006366 
-7.080000 	 -0.286941 
-7.060000 	 0.106694 
-7.040000 	 -0.034631 
-7.020000 	 -0.133692 
-7.000000 	 0.067499 
-6.980000 	 0.251990 
-6.960000 	 0.194437 
-6.940000 	 -0.233309 
-6.920000 	 0.172828 
-6.900000 	 0.159412 
-6.880000 	 0.117312 
-6.860000 	 -0.275587 
-6.840000 	 -0.032183 
-6.820000 	 -0.073757 
-6.800000 	 -0.037360 
-6.780000 	 1.000000 
-6.760000 	 -0.237601 
-6.740000 	 0.125281 
-6.720000 	 0.154024 
-6.700000 	 0.151913 
-6.680000 	 0.040675 
-6.660000 	 -0.112903 
-6.640000 	 0.069462 
-6.620000 	 0.306432 
-6.600000 	 0.037198 
-6.580000 	 0.127780 
-6.560000 	 0.220240 
-6.540000 	 0.006021 
-6.520000 	 0.116161 
-6.500000 	 0.502074 
-6.480000 	 0.124285 
-6.460000 	 0.003600 
-6.440000 	 0.350292 
-6.420000 	 0.327878 
-6.400000 	 0.378339 
-6.380000 	 0.091185 
-6.360000 	 0.123099 
-6.340000 	 0.215388 
-6.320000 	 0.454602 
-6.300000 	 0.032979 
-6.280000 	 0.258856 
-6.260000 	 0.027295 
-6.240000 	 0.093642 
-6.220000 	 0.167712 
-6.200000 	 0.284321 
-6.180000 	 0.381395 
-6.160000 	 0.143707 
-6.140000 	 0.163849 
-6.120000 	 0.261159 
-6.100000 	 -0.012211 
-6.080000 	 0.025451 
-6.060000 	 0.312601 
-6.040000 	 0.454671 
-6.020000 	 0.354783 
-6.000000 	 0.233851 
-5.980000 	 0.117102 
-5.960000 	 -0.082431 
-5.940000 	 0.189917 
-5.920000 	 0.146035 
-5.900000 	 0.160428 
-5.880000 	 0.321188 
-5.860000 	 0.401087 
-5.840000 	 0.178408 
-5.820000 	 0.146744 
-5.800000 	 -0.018932 
-5.780000 	 0.184722 
-5.760000 	 0.267005 
-5.740000 	 0.096831 
-5.720000 	 0.273307 
-5.700000 	 0.336632 
-5.680000 	 0.284030 
-5.660000 	 0.294038 
-5.640000 	 0.075925 
-5.620000 	 0.015066 
-5.600000 	 0.291123 
-5.580000 	 0.378598 
-5.560000 	 0.193643 
-5.540000 	 0.344152 
-5.520000 	 0.622882 
-5.500000 	 0.347128 
-5.480000 	 0.257334 
-5.460000 	 0.202987 
-5.440000 	 0.398850 
-5.420000 	 0.283069 
-5.400000 	 0.320005 
-5.380000 	 0.160766 
-5.360000 	 0.355531 
-5.340000 	 0.300963 
-5.320000 	 0.164511 
-5.300000 	 0.619133 
-5.280000 	 0.391893 
-5.260000 	 0.303673 
-5.240000 	 0.292475 
-5.220000 	 0.588531 
-5.200000 	 0.532061 
-5.180000 	 0.248373 
-5.160000 	 0.471752 
-5.140000 	 0.312616 
-5.120000 	 0.204066 
-5.100000 	 0.164291 
-5.080000 	 0.501362 
-5.060000 	 0.264867 
-5.040000 	 0.308339 
-5.020000 	 0.341542 
-5.000000 	 0.281652 
-4.980000 	 0.280325 
-4.960000 	 0.327439 
-4.940000 	 0.446657 
-4.920000 	 0.544864 
-4.900000 	 0.424629 
-4.880000 	 0.334025 
-4.860000 	 0.517706 
-4.840000 	 0.365539 
-4.820000 	 0.288284 
-4.800000 	 0.512947 
-4.780000 	 0.471689 
-4.760000 	 0.496562 
-4.740000 	 0.497929 
-4.720000 	 0.375316 
-4.700000 	 0.362885 
-4.680000 	 0.425444 
-4.660000 	 0.539440 
-4.640000 	 0.270331 
-4.620000 	 0.513805 
-4.600000 	 0.401418 
-4.580000 	 0.040903 
-4.560000 	 0.485025 
-4.540000 	 0.362537 
-4.520000 	 0.352987 
-4.500000 	 0.359753 
-4.480000 	 0.750817 
-4.460000 	 0.468844 
-4.440000 	 0.410017 
-4.420000 	 0.537565 
-4.400000 	 0.603315 
-4.380000 	 0.403089 
-4.360000 	 0.460024 
-4.340000 	 0.319522 
-4.320000 	 0.591034 
-4.300000 	 0.452991 
-4.280000 	 0.519018 
-4.260000 	 0.540594 
-4.240000 	 0.503932 
-4.220000 	 0.222577 
-4.200000 	 0.383089 
-4.180000 	 0.433119 
-4.160000 	 0.648777 
-4.140000 	 0.562669 
-4.120000 	 0.683192 
-4.100000 	 0.576079 
-4.080000 	 0.574562 
-4.060000 	 0.425285 
-4.040000 	 0.386847 
-4.020000 	 0.369857 
-4.000000 	 0.475676 
-3.980000 	 0.487042 
-3.960000 	 0.465506 
-3.940000 	 0.435033 
-3.920000 	 0.348934 
-3.900000 	 0.774427 
-3.880000 	 0.428530 
-3.860000 	 0.302719 
-3.840000 	 0.609360 
-3.820000 	 0.796210 
-3.800000 	 0.501891 
-3.780000 	 0.580209 
-3.760000 	 0.341973 
-3.740000 	 0.193871 
-3.720000 	 0.263565 
-3.700000 	 0.312062 
-3.680000 	 0.770699 
-3.660000 	 0.569647 
-3.640000 	 0.605331 
-3.620000 	 0.511998 
-3.600000 	 0.174121 
-3.580000 	 0.358527 
-3.560000 	 0.533936 
-3.540000 	 0.413046 
-3.520000 	 0.693303 
-3.500000 	 0.555310 
-3.480000 	 0.463959 
-3.460000 	 0.530755 
-3.440000 	 0.384743 
-3.420000 	 0.605674 
-3.400000 	 0.306660 
-3.380000 	 0.646563 
-3.360000 	 0.655183 
-3.340000 	 0.569439 
-3.320000 	 0.449249 
-3.300000 	 0.298514 
-3.280000 	 0.470077 
-3.260000 	 0.587935 
-3.240000 	 0.817244 
-3.220000 	 0.373705 
-3.200000 	 0.284534 
-3.180000 	 0.414656 
-3.160000 	 0.352595 
-3.140000 	 0.446219 
-3.120000 	 0.555291 
-3.100000 	 0.472977 
-3.080000 	 0.473708 
-3.060000 	 0.490470 
-3.040000 	 0.247302 
-3.020000 	 0.356824 
-3.000000 	 0.228034 
-2.980000 	 0.454597 
-2.960000 	 0.753047 
-2.940000 	 0.271028 
-2.920000 	 0.492130 
-2.900000 	 0.373619 
-2.880000 	 0.326246 
-2.860000 	 0.489710 
-2.840000 	 0.301813 
-2.820000 	 0.569359 
-2.800000 	 0.468999 
-2.780000 	 0.430615 
-2.760000 	 0.550912 
-2.740000 	 0.145637 
-2.720000 	 0.192290 
-2.700000 	 0.465197 
-2.680000 	 0.478047 
-2.660000 	 0.124184 
-2.640000 	 0.370466 
-2.620000 	 0.759479 
-2.600000 	 0.461671 
-2.580000 	 0.477933 
-2.560000 	 0.576500 
-2.540000 	 0.692463 
-2.520000 	 0.295053 
-2.500000 	 0.361807 
-2.480000 	 0.372916 
-2.460000 	 0.345080 
-2.440000 	 0.330705 
-2.420000 	 0.290186 
-2.400000 	 0.202194 
-2.380000 	 0.232286 
-2.360000 	 0.693856 
-2.340000 	 0.238887 
-2.320000 	 0.600424 
-2.300000 	 0.181948 
-2.280000 	 -0.060294 
-2.260000 	 0.334350 
-2.240000 	 0.110552 
-2.220000 	 0.176922 
-2.200000 	 0.155205 
-2.180000 	 0.074487 
-2.160000 	 0.168130 
-2.140000 	 0.417370 
-2.120000 	 0.473925 
-2.100000 	 0.073963 
-2.080000 	 0.158067 
-2.060000 	 0.373631 
-2.040000 	 0.231630 
-2.020000 	 0.360232 
-2.000000 	 0.513445 
-1.980000 	 0.294962 
-1.960000 	 0.137613 
-1.940000 	 0.170272 
-1.920000 	 0.302852 
-1.900000 	 0.112357 
-1.880000 	 0.160989 
-1.860000 	 0.093417 
-1.840000 	 0.276331 
-1.820000 	 0.244521 
-1.800000 	 0.033996 
-1.780000 	 0.240100 
-1.760000 	 0.114589 
-1.740000 	 0.149794 
-1.720000 	 0.276585 
-1.700000 	 0.183051 
-1.680000 	 0.013940 
-1.660000 	 0.260413 
-1.640000 	 0.223387 
-1.620000 	 0.225500 
-1.600000 	 0.200802 
-1.580000 	 0.067238 
-1.560000 	 0.249507 
-1.540000 	 0.152737 
-1.520000 	 0.047070 
-1.500000 	 0.368839 
-1.480000 	 0.089749 
-1.460000 	 -0.082185 
-1.440000 	 0.012197 
-1.420000 	 0.345700 
-1.400000 	 -0.800000 
-1.380000 	 -0.075790 
-1.360000 	 0.052561 
-1.340000 	 0.313528 
-1.320000 	 0.293209 
-1.300000 	 0.024819 
-1.280000 	 0.012655 
-1.260000 	 0.277121 
-1.240000 	 0.262954 
-1.220000 	 0.078488 
-1.200000 	 0.220227 
-1.180000 	 0.188345 
-1.160000 	 0.166639 
-1.140000 	 0.205831 
-1.120000 	 -0.013909 
-1.100000 	 0.010444 
-1.080000 	 0.036883 
-1.060000 	 0.063481 
-1.040000 	 0.155584 
-1.020000 	 0.344811 
-1.000000 	 0.115396 
-0.980000 	 -0.018383 
-0.960000 	 0.000505 
-0.940000 	 0.327319 
-0.920000 	 0.142744 
-0.900000 	 0.224922 
-0.880000 	 0.038048 
-0.860000 	 0.006479 
-0.840000 	 0.370960 
-0.820000 	 0.243117 
-0.800000 	 0.397465 
-0.780000 	 0.207471 
-0.760000 	 0.450640 
-0.740000 	 0.122600 
-0.720000 	 0.034365 
-0.700000 	 0.367187 
-0.680000 	 -0.084167 
-0.660000 	 0.339649 
-0.640000 	 -0.173321 
-0.620000 	 0.245050 
-0.600000 	 0.086879 
-0.580000 	 0.373958 
-0.560000 	 0.070610 
-0.540000 	 0.178622 
-0.520000 	 0.032471 
-0.500000 	 0.273029 
-0.480000 	 -0.165046 
-0.460000 	 0.453174 
-0.440000 	 0.283041 
-0.420000 	 -0.090328 
-0.400000 	 0.340533 
-0.380000 	 0.387859 
-0.360000 	 -0.032194 
-0.340000 	 0.226689 
-0.320000 	 0.092881 
-0.300000 	 0.182699 
-0.280000 	 0.391833 
-0.260000 	 -0.074320 
-0.240000 	 0.056631 
-0.220000 	 0.443964 
-0.200000 	 0.250989 
-0.180000 	 0.083041 
-0.160000 	 0.233677 
-0.140000 	 0.352702 
-0.120000 	 0.191745 
-0.100000 	 0.352697 
-0.080000 	 0.327943 
-0.060000 	 0.079381 
-0.040000 	 0.278543 
-0.020000 	 0.239837 
0.000000 	 0.194362 
0.020000 	 0.144611 
0.040000 	 0.452534 
0.060000 	 0.154435 
0.080000 	 0.341598 
0.100000 	 0.044022 
0.120000 	 0.426087 
0.140000 	 0.287495 
0.160000 	 0.342828 
0.180000 	 0.176307 
0.200000 	 0.277255 
0.220000 	 0.074305 
0.240000 	 0.450370 
0.260000 	 0.347953 
0.280000 	 0.450054 
0.300000 	 0.295317 
0.320000 	 0.340917 
0.340000 	 0.563411 
0.360000 	 0.443726 
0.380000 	 0.301635 
0.400000 	 0.478917 
0.420000 	 0.397101 
0.440000 	 0.269736 
0.460000 	 0.427657 
0.480000 	 0.433795 
0.500000 	 0.678719 
0.520000 	 0.405524 
0.540000 	 0.228688 
0.560000 	 0.370490 
0.580000 	 0.383785 
0.600000 	 0.384984 
0.620000 	 0.462005 
0.640000 	 0.372713 
0.660000 	 0.378319 
0.680000 	 0.237297 
0.700000 	 0.227675 
0.720000 	 0.316934 
0.740000 	 0.700000 
0.760000 	 0.669264 
0.780000 	 0.468172 
0.800000 	 0.387755 
0.820000 	 0.425995 
0.840000 	 0.341292 
0.860000 	 0.319000 
0.880000 	 0.312857 
0.900000 	 0.342610 
0.920000 	 0.450549 
0.940000 	 0.382670 
0.960000 	 0.596612 
0.980000 	 0.400447 
1.000000 	 0.525083 
1.020000 	 0.445239 
1.040000 	 0.522650 
1.060000 	 0.653498 
1.080000 	 0.644667 
1.100000 	 0.362065 
1.120000 	 0.576649 
1.140000 	 0.499374 
1.160000 	 0.452552 
1.180000 	 0.415477 
1.200000 	 0.413156 
1.220000 	 0.506274 
1.240000 	 0.685631 
1.260000 	 0.481728 
1.280000 	 0.801105 
1.300000 	 0.705154 
1.320000 	 0.755349 
1.340000 	 0.724933 
1.360000 	 0.471537 
1.380000 	 0.630732 
1.400000 	 0.825739 
1.420000 	 0.683631 
1.440000 	 0.645961 
1.460000 	 0.814541 
1.480000 	 0.751452 
1.500000 	 0.863235 
1.520000 	 0.792612 
1.540000 	 0.700953 
1.560000 	 0.744593 
1.580000 	 0.853049 
1.600000 	 0.502614 
1.620000 	 1.047002 
1.640000 	 0.986516 
1.660000 	 0.645852 
1.680000 	 0.502732 
1.700000 	 0.970347 
1.720000 	 1.083095 
1.740000 	 0.670711 
1.760000 	 1.086424 
1.780000 	 1.254711 
1.800000 	 0.916418 
1.820000 	 0.965989 
1.840000 	 0.944722 
1.860000 	 0.793426 
1.880000 	 0.870458 
1.900000 	 0.892762 
1.920000 	 0.959102 
1.940000 	 0.897297 
1.960000 	 0.798872 
1.980000 	 1.049854 
2.000000 	 0.915856 
2.020000 	 0.935692 
2.040000 	 1.076024 
2.060000 	 0.967346 
2.080000 	 1.228750 
2.100000 	 1.041558 
2.120000 	 0.918007 
2.140000 	 0.965583 
2.160000 	 0.903716 
2.180000 	 0.880226 
2.200000 	 1.037359 
2.220000 	 1.052851 
2.240000 	 0.963434 
2.260000 	 1.324223 
2.280000 	 1.106082 
2.300000 	 1.388561 
2.320000 	 1.202795 
2.340000 	 0.906189 
2.360000 	 0.996802 
2.380000 	 1.075627 
2.400000 	 1.207747 
2.420000 	 1.066413 
2.440000 	 1.048244 
2.460000 	 1.279253 
2.480000 	 1.129734 
2.500000 	 1.162855 
2.520000 	 1.162667 
2.540000 	 1.476673 
2.560000 	 1.398710 
2.580000 	 1.315180 
2.600000 	 1.087178 
2.620000 	 1.715238 
2.640000 	 1.261863 
2.660000 	 1.526815 
2.680000 	 1.411623 
2.700000 	 1.122275 
2.720000 	 1.193838 
2.740000 	 1.374814 
2.760000 	 1.512630 
2.780000 	 1.115491 
2.800000 	 1.357755 
2.820000 	 1.290537 
2.840000 	 1.343468 
2.860000 	 1.497178 
2.880000 	 1.209647 
2.900000 	 1.567216 
2.920000 	 1.419131 
2.940000 	 1.257961 
2.960000 	 1.375118 
2.980000 	 1.144364 
3.000000 	 1.555733 
3.020000 	 1.325912 
3.040000 	 1.517862 
3.060000 	 1.253013 
3.080000 	 1.296558 
3.100000 	 1.644674 
3.120000 	 1.349837 
3.140000 	 1.605903 
3.160000 	 1.488255 
3.180000 	 1.573246 
3.200000 	 1.699505 
3.220000 	 1.503918 
3.240000 	 1.264454 
3.260000 	 1.601154 
3.280000 	 1.282359 
3.300000 	 1.743829 
3.320000 	 1.442876 
3.340000 	 1.470733 
3.360000 	 1.571583 
3.380000 	 1.697591 
3.400000 	 1.692489 
3.420000 	 1.837107 
3.440000 	 1.510151 
3.460000 	 1.523796 
3.480000 	 1.428749 
3.500000 	 1.079350 
3.520000 	 1.522982 
3.540000 	 1.478375 
3.560000 	 1.611771 
3.580000 	 1.425445 
3.600000 	 1.516117 
3.620000 	 1.386473 
3.640000 	 1.636464 
3.660000 	 1.107286 
3.680000 	 1.579060 
3.700000 	 1.453794 
3.720000 	 1.712041 
3.740000 	 1.871270 
3.760000 	 1.432317 
3.780000 	 1.553917 
3.800000 	 1.435501 
3.820000 	 1.211252 
3.840000 	 1.502291 
3.860000 	 1.378366 
3.880000 	 1.461356 
3.900000 	 1.437958 
3.920000 	 1.502055 
3.940000 	 1.548729 
3.960000 	 1.579861 
3.980000 	 1.310545 
4.000000 	 1.373240 
4.020000 	 1.545111 
4.040000 	 1.758601 
4.060000 	 1.410473 
4.080000 	 1.620598 
4.100000 	 1.322756 
4.120000 	 1.190651 
4.140000 	 1.646380 
4.160000 	 1.388049 
4.180000 	 1.766866 
4.200000 	 1.585453 
4.220000 	 1.468865 
4.240000 	 1.567762 
4.260000 	 1.602912 
4.280000 	 1.305964 
4.300000 	 1.450289 
4.320000 	 1.473124 
4.340000 	 1.526676 
4.360000 	 1.577015 
4.380000 	 1.668430 
4.400000 	 1.505839 
4.420000 	 1.315214 
4.440000 	 1.482654 
4.460000 	 1.559404 
4.480000 	 1.696039 
4.500000 	 1.381087 
4.520000 	 1.630399 
4.540000 	 1.472566 
4.560000 	 1.546921 
4.580000 	 1.333459 
4.600000 	 1.639684 
4.620000 	 1.549472 
4.640000 	 1.626426 
4.660000 	 1.288131 
4.680000 	 1.612055 
4.700000 	 1.416683 
4.720000 	 1.232321 
4.740000 	 1.273610 
4.760000 	 1.541475 
4.780000 	 1.235717 
4.800000 	 1.580781 
4.820000 	 1.452214 
4.840000 	 1.330503 
4.860000 	 1.567772 
4.880000 	 1.539601 
4.900000 	 1.400675 
4.920000 	 1.416531 
4.940000 	 1.252822 
4.960000 	 1.334940 
4.980000 	 0.965630 
5.000000 	 1.461535 
5.020000 	 1.339641 
5.040000 	 1.317746 
5.060000 	 1.446550 
5.080000 	 1.299059 
5.100000 	 1.196060 
5.120000 	 1.656071 
5.140000 	 1.308985 
5.160000 	 1.277330 
5.180000 	 1.329806 
5.200000 	 1.248204 
5.220000 	 1.361012 
5.240000 	 1.348370 
5.260000 	 1.398836 
5.280000 	 1.538320 
5.300000 	 1.263264 
5.320000 	 1.278724 
5.340000 	 1.525221 
5.360000 	 0.500000 
5.380000 	 1.122026 
5.400000 	 1.030703 
5.420000 	 1.194858 
5.440000 	 1.417951 
5.460000 	 1.271401 
5.480000 	 1.159409 
5.500000 	 1.334385 
5.520000 	 1.249462 
5.540000 	 1.052893 
5.560000 	 1.303154 
5.580000 	 1.028180 
5.600000 	 1.226750 
5.620000 	 1.069201 
5.640000 	 1.102768 
5.660000 	 0.997312 
5.680000 	 1.126051 
5.700000 	 1.000457 
5.720000 	 1.363232 
5.740000 	 1.210529 
5.760000 	 1.229233 
5.780000 	 1.100955 
5.800000 	 1.267178 
5.820000 	 1.054480 
5.840000 	 1.217253 
5.860000 	 0.670984 
5.880000 	 1.085335 
5.900000 	 1.117213 
5.920000 	 1.248416 
5.940000 	 0.872167 
5.960000 	 0.898267 
5.980000 	 0.897218 
6.000000 	 0.952106 
6.020000 	 1.027956 
6.040000 	 0.632035 
6.060000 	 0.928678 
6.080000 	 0.780050 
6.100000 	 1.151513 
6.120000 	 1.078492 
6.140000 	 0.591074 
6.160000 	 1.021935 
6.180000 	 0.665911 
6.200000 	 0.784647 
6.220000 	 0.550499 
6.240000 	 1.036865 
6.260000 	 0.731514 
6.280000 	 0.734932 
6.300000 	 1.031926 
6.320000 	 0.811219 
6.340000 	 0.782625 
6.360000 	 0.530363 
6.380000 	 0.898248 
6.400000 	 0.910886 
6.420000 	 1.118347 
6.440000 	 0.967225 
6.460000 	 0.754269 
6.480000 	 0.816193 
6.500000 	 0.740809 
6.520000 	 0.500944 
6.540000 	 0.441126 
6.560000 	 0.880811 
6.580000 	 0.536219 
6.600000 	 0.969647 
6.620000 	 0.383994 
6.640000 	 0.758013 
6.660000 	 0.887361 
6.680000 	 0.586612 
6.700000 	 0.709054 
6.720000 	 0.701076 
6.740000 	 0.313223 
6.760000 	 0.675396 
6.780000 	 0.437230 
6.800000 	 0.701902 
6.820000 	 0.704520 
6.840000 	 0.727255 
6.860000 	 0.625544 
6.880000 	 0.786577 
6.900000 	 0.687680 
6.920000 	 0.451965 
6.940000 	 0.368761 
6.960000 	 0.272862 
6.980000 	 0.830945 
7.000000 	 0.667307 
7.020000 	 0.529974 
7.040000 	 0.201896 
7.060000 	 0.644667 
7.080000 	 0.592178 
7.100000 	 0.429830 
7.120000 	 0.248742 
7.140000 	 0.658129 
7.160000 	 0.383923 
7.180000 	 0.254592 
7.200000 	 0.598697 
7.220000 	 0.451991 
7.240000 	 0.475333 
7.260000 	 0.471222 
7.280000 	 0.330497 
7.300000 	 -0.006036 
7.320000 	 0.299537 
7.340000 	 0.545201 
7.360000 	 0.594154 
7.380000 	 0.658714 
7.400000 	 0.259869 
7.420000 	 0.573888 
7.440000 	 0.470372 
7.460000 	 0.189125 
7.480000 	 0.390269 
7.500000 	 0.376464 
7.520000 	 0.231889 
7.540000 	 0.193466 
7.560000 	 0.310031 
7.580000 	 0.512358 
7.600000 	 0.085519 
7.620000 	 0.202145 
7.640000 	 0.403296 
7.660000 	 0.294941 
7.680000 	 0.281552 
7.700000 	 0.501662 
7.720000 	 0.245184 
7.740000 	 0.471346 
7.760000 	 0.454195 
7.780000 	 0.136069 
7.800000 	 0.235649 
7.820000 	 0.267216 
7.840000 	 0.489574 
7.860000 	 0.274147 
7.880000 	 0.197199 
7.900000 	 0.460521 
7.920000 	 0.385465 
7.940000 	 0.244313 
7.960000 	 -0.090966 
7.980000 	 0.288836 
8.000000 	 0.255643 
8.020000 	 0.064054 
8.040000 	 0.139313 
8.060000 	 0.214331 
8.080000 	 0.368993 
8.100000 	 0.226622 
8.120000 	 0.193513 
8.140000 	 0.239003 
8.160000 	 0.092832 
8.180000 	 -0.051060 
8.200000 	 0.404049 
8.220000 	 0.279353 
8.240000 	 0.212239 
8.260000 	 0.188404 
8.280000 	 0.252504 
8.300000 	 0.228095 
8.320000 	 0.405450 
8.340000 	 0.140266 
8.360000 	 0.030455 
8.380000 	 0.372258 
8.400000 	 -0.039674 
8.420000 	 0.176572 
8.440000 	 0.260517 
8.460000 	 -0.059259 
8.480000 	 0.162481 
8.500000 	 0.274328 
8.520000 	 0.233966 
8.540000 	 0.404900 
8.560000 	 0.056028 
8.580000 	 0.266009 
8.600000 	 0.164708 
8.620000 	 0.152713 
8.640000 	 0.154151 
8.660000 	 0.165616 
8.680000 	 0.128185 
8.700000 	 0.045329 
8.720000 	 0.147465 
8.740000 	 -0.142574 
8.760000 	 -0.055025 
8.780000 	 0.148952 
8.800000 	 0.367013 
8.820000 	 0.445876 
8.840000 	 -0.038546 
8.860000 	 0.177208 
8.880000 	 -0.057288 
8.900000 	 -0.050697 
8.920000 	 -0.006666 
8.940000 	 0.283559 
8.960000 	 0.025995 
8.980000 	 0.128335 
9.000000 	 -0.117133 
9.020000 	 0.294819 
9.040000 	 0.028309 
9.060000 	 0.163611 
9.080000 	 0.020040 
9.100000 	 0.162414 
9.120000 	 -0.042176 
9.140000 	 0.021833 
9.160000 	 0.012260 
9.180000 	 0.443600 
9.200000 	 -0.158595 
9.220000 	 -0.026389 
9.240000 	 -0.062120 
9.260000 	 0.274602 
9.280000 	 0.050957 
9.300000 	 -0.101814 
9.320000 	 -0.241441 
9.340000 	 -0.159863 
9.360000 	 -0.209314 
9.380000 	 0.038788 
9.400000 	 -0.027690 
9.420000 	 0.044639 
9.440000 	 -0.013970 
9.460000 	 0.019414 
9.480000 	 0.126473 
9.500000 	 0.219717 
9.520000 	 0.066934 
9.540000 	 0.102122 
9.560000 	 -0.295403 
9.580000 	 -0.090567 
9.600000 	 0.028137 
9.620000 	 0.132832 
9.640000 	 0.061250 
9.660000 	 0.085898 
9.680000 	 -0.034229 
9.700000 	 0.121895 
9.720000 	 -0.015912 
9.740000 	 -0.210611 
9.760000 	 0.095250 
9.780000 	 0.254470 
9.800000 	 0.168726 
9.820000 	 -0.201197 
9.840000 	 -0.007796 
9.860000 	 0.046576 
9.880000 	 0.154492 
9.900000 	 -0.138737 
9.920000 	 -0.049109 
9.940000 	 0.059370 
9.960000 	 0.226411 
9.980000 	 0.002910 
10.000000 	 0.010995 
10.020000 	 0.227569 
10.040000 	 0.111704 
10.060000 	 -0.005261 
10.080000 	 0.004202 
10.100000 	 -0.034494 
10.120000 	 0.139946 
10.140000 	 0.307750 
10.160000 	 -0.133237 
10.180000 	 0.162937 
10.200000 	 0.164905 
10.220000 	 0.107098 
10.240000 	 -0.220915 
10.260000 	 0.078644 
10.280000 	 -0.064239 
10.300000 	 -0.053902 
10.320000 	 0.135676 
10.340000 	 -0.019763 
10.360000 	 0.246283 
10.380000 	 0.141347 
10.400000 	 0.011548 
10.420000 	 -0.018422 
10.440000 	 -0.189098 
10.460000 	 0.041606 
10.480000 	 0.245372 
10.500000 	 0.055928 
10.520000 	 -0.156888 
10.540000 	 0.134298 
10.560000 	 0.134691 
10.580000 	 0.099607 
10.600000 	 -0.228982 
10.620000 	 0.074806 
10.640000 	 -0.065819 
10.660000 	 -0.055461 
10.680000 	 0.165312 
10.700000 	 0.260317 
10.720000 	 0.131702 
10.740000 	 0.013843 
10.760000 	 -0.140611 
10.780000 	 -0.053054 
10.800000 	 -0.160797 
10.820000 	 0.113948 
10.840000 	 -0.047139 
10.860000 	 0.119601 
10.880000 	 -0.010884 
10.900000 	 0.058146 
10.920000 	 0.110046 
10.940000 	 0.052775 
10.960000 	 0.108466 
10.980000 	 0.031314 
11.000000 	 0.074277 
11.020000 	 -0.127093 
11.040000 	 0.090049 
11.060000 	 -0.020231 
11.080000 	 -0.299576 
11.100000 	 -0.008334 
11.120000 	 0.022170 
11.140000 	 0.036394 
11.160000 	 0.053680 
11.180000 	 0.130802 
11.200000 	 0.341817 
11.220000 	 0.022884 
11.240000 	 -0.118525 
11.260000 	 -0.288615 
11.280000 	 0.187004 
11.300000 	 0.172115 
11.320000 	 0.171216 
11.340000 	 0.047908 
11.360000 	 -0.119453 
11.380000 	 0.114569 
11.400000 	 -0.229062 
11.420000 	 -0.176457 
11.440000 	 0.062745 
11.460000 	 0.098907 
11.480000 	 -0.258428 
11.500000 	 0.138878 
11.520000 	 0.058098 
11.540000 	 0.094423 
11.560000 	 -0.004149 
11.580000 	 -0.180444 
11.600000 	 -0.074453 
11.620000 	 -0.147305 
11.640000 	 0.187556 
11.660000 	 0.005201 
11.680000 	 0.079203 
11.700000 	 0.259228 
11.720000 	 -0.082645 
11.740000 	 0.110503 
11.760000 	 0.037190 
11.780000 	 0.078280 
11.800000 	 -0.084697 
11.820000 	 -0.041602 
11.840000 	 0.070770 
11.860000 	 -0.205397 
11.880000 	 -0.198893 
11.900000 	 -0.009544 
11.920000 	 0.056245 
11.940000 	 0.188990 
11.960000 	 -0.199004 
11.980000 	 -0.183453 
12.000000 	 0.122613 
12.020000 	 0.168991 
12.040000 	 -0.250029 
12.060000 	 -0.113724 
12.080000 	 0.075220 
12.100000 	 -0.032326 
12.120000 	 -0.034762 
12.140000 	 -0.058989 
12.160000 	 -0.065631 
12.180000 	 -0.043703 
12.200000 	 -0.181829 
12.220000 	 0.209323 
12.240000 	 0.091758 
12.260000 	 -0.303538 
12.280000 	 0.264881 
12.300000 	 -0.046043 
12.320000 	 -0.095310 
12.340000 	 0.201190 
12.360000 	 0.079985 
12.380000 	 0.188543 
12.400000 	 -0.237381 
12.420000 	 0.115992 
12.440000 	 -0.361636 
12.460000 	 0.095961 
12.480000 	 -0.053701 
12.500000 	 0.172270 
12.520000 	 -0.137572 
12.540000 	 0.242971 
12.560000 	 0.080784 
12.580000 	 0.270411 
12.600000 	 -0.032255 
12.620000 	 0.100328 
12.640000 	 0.232860 
12.660000 	 -0.051871 
12.680000 	 0.166214 
12.700000 	 0.073906 
12.720000 	 -0.027839 
12.740000 	 -0.157111 
12.760000 	 0.297465 
12.780000 	 0.138068 
12.800000 	 -0.171225 
12.820000 	 -0.008292 
12.840000 	 0.005308 
12.860000 	 0.106233 
12.880000 	 -0.034415 
12.900000 	 -0.121559 
12.920000 	 0.116250 
12.940000 	 0.175554 
12.960000 	 -0.038678 
12.980000 	 0.065749 
13.000000 	 0.174425 
13.020000 	 0.154837 
13.040000 	 0.069944 
13.060000 	 -0.007207 
13.080000 	 -0.042942 
13.100000 	 -0.006690 
13.120000 	 -0.102083 
13.140000 	 0.074313 
13.160000 	 0.128072 
13.180000 	 0.197273 
13.200000 	 0.063743 
13.220000 	 0.124508 
13.240000 	 -0.103120 
13.260000 	 0.029006 
13.280000 	 -0.085535 
13.300000 	 -0.170340 
13.320000 	 -0.027029 
13.340000 	 0.053442 
13.360000 	 -0.060815 
13.380000 	 0.105384 
13.400000 	 0.110819 
13.420000 	 -0.085457 
13.440000 	 -0.169307 
13.460000 	 -0.051302 
13.480000 	 0.135288 
13.500000 	 0.093911 
13.520000 	 -0.108035 
13.540000 	 0.020115 
13.560000 	 0.012068 
13.580000 	 0.199373 
13.600000 	 -0.029692 
13.620000 	 0.226534 
13.640000 	 0.051175 
13.660000 	 -0.259648 
13.680000 	 -0.024986 
13.700000 	 0.084121 
13.720000 	 0.055852 
13.740000 	 -0.190184 
13.760000 	 0.079519 
13.780000 	 -0.027364 
13.800000 	 -0.130079 
13.820000 	 0.107708 
13.840000 	 -0.076370 
13.860000 	 0.139652 
13.880000 	 -0.044609 
13.900000 	 -0.076146 
13.920000 	 0.013058 
13.940000 	 -0.127767 
13.960000 	 -0.081377 
13.980000 	 0.418721 
14.000000 	 0.118657 
14.020000 	 0.122505 
14.040000 	 -0.283268 
14.060000 	 -0.091715 
14.080000 	 -0.075989 
14.100000 	 0.034860 
14.120000 	 -0.117844 
14.140000 	 -0.219584 
14.160000 	 0.127917 
14.180000 	 -0.023368 
14.200000 	 0.104141 
14.220000 	 -0.028003 
14.240000 	 -0.031398 
14.260000 	 0.242354 
14.280000 	 -0.103039 
14.300000 	 0.006502 
14.320000 	 -0.522443 
14.340000 	 -0.351985 
14.360000 	 0.100268 
14.380000 	 -0.161379 
14.400000 	 0.036134 
14.420000 	 -0.287619 
14.440000 	 0.108159 
14.460000 	 0.057023 
14.480000 	 0.182671 
14.500000 	 -0.026671 
14.520000 	 -0.107034 
14.540000 	 -0.109742 
14.560000 	 -0.370769 
14.580000 	 -0.037031 
14.600000 	 0.139008 
14.620000 	 -0.120384 
14.640000 	 0.155963 
14.660000 	 0.096112 
14.680000 	 0.153312 
14.700000 	 0.142926 
14.720000 	 -0.075268 
14.740000 	 0.084818 
14.760000 	 0.085847 
14.780000 	 0.074614 
14.800000 	 -0.137201 
14.820000 	 -0.096204 
14.840000 	 -0.123794 
14.860000 	 0.000881 
14.880000 	 -0.363087 
14.900000 	 0.050020 
14.920000 	 -0.092741 
14.940000 	 0.024286 
14.960000 	 -0.131523 
14.980000 	 0.213816 
15.000000 	 0.034588 
