-15.000000 	 -0.100702 
-14.980000 	 0.164560 
-14.960000 	 -0.164966 
-14.940000 	 0.041404 
-14.920000 	 -0.079719 
-14.900000 	 -0.245226 
-14.880000 	 0.096831 
-14.860000 	 0.263741 
-14.840000 	 0.061069 
-14.820000 	 0.021077 
-14.800000 	 0.099238 
-14.780000 	 0.093997 
-14.760000 	 0.137362 
-14.740000 	 -0.044015 
-14.720000 	 0.252558 
-14.700000 	 -0.058586 
-14.680000 	 0.114160 
-14.660000 	 -0.133001 
-14.640000 	 -0.075498 
-14.620000 	 -0.040853 
-14.600000 	 0.032684 
-14.580000 	 0.098925 
-14.560000 	 0.112429 
-14.540000 	 0.373036 
-14.520000 	 -0.116360 
-14.500000 	 0.154127 
-14.480000 	 -0.109813 
-14.460000 	 0.098389 
-14.440000 	 -0.084901 
-14.420000 	 -0.056945 
-14.400000 	 0.003421 
-14.380000 	 -0.126544 
-14.360000 	 -0.048010 
-14.340000 	 0.015538 
-14.320000 	 0.033589 
-14.300000 	 0.033975 
-14.280000 	 -0.020691 
-14.260000 	 -0.120806 
-14.240000 	 -0.101278 
-14.220000 	 0.075468 
-14.200000 	 0.040221 
-14.180000 	 -0.026255 
-14.160000 	 -0.133329 
-14.140000 	 0.062161 
-14.120000 	 0.097046 
-14.100000 	 0.089853 
-14.080000 	 -0.118016 
-14.060000 	 -0.080130 
-14.040000 	 -0.153594 
-14.020000 	 0.237997 
-14.000000 	 0.195571 
-13.980000 	 0.121883 
-13.960000 	 0.038670 
-13.940000 	 0.104274 
-13.920000 	 -0.044776 
-13.900000 	 -0.079021 
-13.880000 	 0.112599 
-13.860000 	 -0.023581 
-13.840000 	 -0.309432 
-13.820000 	 0.257468 
-13.800000 	 0.003881 
-13.780000 	 0.281735 
-13.760000 	 -0.158082 
-13.740000 	 0.095927 
-13.720000 	 0.045900 
-13.700000 	 -0.255268 
-13.680000 	 0.037696 
-13.660000 	 -0.192710 
-13.640000 	 -0.178956 
-13.620000 	 0.167833 
-13.600000 	 -0.071053 
-13.580000 	 0.344090 
-13.560000 	 0.142372 
-13.540000 	 0.034556 
-13.520000 	 -0.217097 
-13.500000 	 0.096261 
-13.480000 	 0.184297 
-13.460000 	 0.029504 
-13.440000 	 -0.007886 
-13.420000 	 0.145488 
-13.400000 	 -0.152617 
-13.380000 	 -0.160927 
-13.360000 	 -0.125167 
-13.340000 	 0.361368 
-13.320000 	 -0.061039 
-13.300000 	 0.173747 
-13.280000 	 -0.046188 
-13.260000 	 0.087258 
-13.240000 	 0.303880 
-13.220000 	 -0.196108 
-13.200000 	 0.115181 
-13.180000 	 0.034365 
-13.160000 	 -0.027641 
-13.140000 	 0.323789 
-13.120000 	 0.030957 
-13.100000 	 -0.015849 
-13.080000 	 0.014704 
-13.060000 	 0.015422 
-13.040000 	 -0.113342 
-13.020000 	 0.210188 
-13.000000 	 0.184236 
-12.980000 	 -0.130991 
-12.960000 	 -0.202105 
-12.940000 	 0.333864 
-12.920000 	 -0.004996 
-12.900000 	 -0.126001 
-12.880000 	 -0.271494 
-12.860000 	 -0.169904 
-12.840000 	 0.194267 
-12.820000 	 0.147156 
-12.800000 	 -0.168321 
-12.780000 	 0.152766 
-12.760000 	 -0.163239 
-12.740000 	 -0.029009 
-12.720000 	 0.114585 
-12.700000 	 -0.145777 
-12.680000 	 0.144213 
-12.660000 	 0.168060 
-12.640000 	 -0.133527 
-12.620000 	 -0.238781 
-12.600000 	 -0.600000 
-12.580000 	 -0.119531 
-12.560000 	 -0.157884 
-12.540000 	 -0.036779 
-12.520000 	 0.127712 
-12.500000 	 0.039437 
-12.480000 	 0.074498 
-12.460000 	 0.008667 
-12.440000 	 0.061304 
-12.420000 	 0.255359 
-12.400000 	 -0.121632 
-12.380000 	 0.157907 
-12.360000 	 -0.136987 
-12.340000 	 0.314232 
-12.320000 	 -0.044480 
-12.300000 	 -0.235685 
-12.280000 	 0.142850 
-12.260000 	 -0.241592 
-12.240000 	 -0.061631 
-12.220000 	 -0.098011 
-12.200000 	 -0.029599 
-12.180000 	 -0.076456 
-12.160000 	 0.055400 
-12.140000 	 0.008702 
-12.120000 	 -0.039388 
-12.100000 	 0.441668 
-12.080000 	 0.047729 
-12.060000 	 0.170689 
-12.040000 	 -0.084846 
-12.020000 	 -0.158714 
-12.000000 	 0.081412 
-11.980000 	 -0.048431 
-11.960000 	 -0.234315 
-11.940000 	 0.096067 
-11.920000 	 0.302656 
-11.900000 	 -0.058169 
-11.880000 	 0.228158 
-11.860000 	 0.065404 
-11.840000 	 0.165055 
-11.820000 	 0.010040 
-11.800000 	 0.073545 
-11.780000 	 0.157993 
-11.760000 	 -0.049134 
-11.740000 	 -0.114684 
-11.720000 	 -0.002264 
-11.700000 	 0.112952 
-11.680000 	 0.166075 
-11.660000 	 0.123749 
-11.640000 	 -0.181904 
-11.620000 	 -0.158658 
-11.600000 	 0.188186 
-11.580000 	 -0.006250 
-11.560000 	 -0.216588 
-11.540000 	 0.090535 
-11.520000 	 -0.115548 
-11.500000 	 -0.029002 
-11.480000 	 -0.159205 
-11.460000 	 0.052790 
-11.440000 	 0.119189 
-11.420000 	 -0.045004 
-11.400000 	 -0.047416 
-11.380000 	 0.047427 
-11.360000 	 -0.157895 
-11.340000 	 0.115812 
-11.320000 	 -0.023153 
-11.300000 	 0.136902 
-11.280000 	 -0.010015 
-11.260000 	 0.004707 
-11.240000 	 0.067658 
-11.220000 	 0.099803 
-11.200000 	 -0.140437 
-11.180000 	 -0.046456 
-11.160000 	 0.088526 
-11.140000 	 -0.033864 
-11.120000 	 0.072518 
-11.100000 	 -0.117082 
-11.080000 	 0.113072 
-11.060000 	 0.006756 
-11.040000 	 0.048858 
-11.020000 	 -0.003529 
-11.000000 	 -0.070070 
-10.980000 	 0.120273 
-10.960000 	 0.120382 
-10.940000 	 -0.244449 
-10.920000 	 0.049738 
-10.900000 	 0.067004 
-10.880000 	 -0.014241 
-10.860000 	 0.051374 
-10.840000 	 0.061136 
-10.820000 	 -0.075790 
-10.800000 	 -0.122556 
-10.780000 	 0.159023 
-10.760000 	 0.067304 
-10.740000 	 -0.165398 
-10.720000 	 -0.192217 
-10.700000 	 -0.302719 
-10.680000 	 -0.164501 
-10.660000 	 0.272982 
-10.640000 	 -0.177290 
-10.620000 	 -0.154190 
-10.600000 	 -0.042770 
-10.580000 	 0.228916 
-10.560000 	 -0.205076 
-10.540000 	 0.066116 
-10.520000 	 0.123825 
-10.500000 	 0.150893 
-10.480000 	 0.050807 
-10.460000 	 0.088469 
-10.440000 	 -0.073077 
-10.420000 	 0.123390 
-10.400000 	 0.035804 
-10.380000 	 0.159090 
-10.360000 	 -0.243227 
-10.340000 	 0.263856 
-10.320000 	 -0.059391 
-10.300000 	 -0.420426 
-10.280000 	 -0.068186 
-10.260000 	 -0.120295 
-10.240000 	 0.096344 
-10.220000 	 0.042036 
-10.200000 	 0.080052 
-10.180000 	 -0.061169 
-10.160000 	 -0.074362 
-10.140000 	 0.020672 
-10.120000 	 0.273627 
-10.100000 	 -0.005268 
-10.080000 	 0.177594 
-10.060000 	 -0.206748 
-10.040000 	 -0.047779 
-10.020000 	 -0.214292 
-10.000000 	 -0.187421 
-9.980000 	 0.082295 
-9.960000 	 -0.213903 
-9.940000 	 -0.212969 
-9.920000 	 0.062615 
-9.900000 	 0.218105 
-9.880000 	 -0.020107 
-9.860000 	 0.062377 
-9.840000 	 -0.056200 
-9.820000 	 -0.023293 
-9.800000 	 0.084734 
-9.780000 	 0.030468 
-9.760000 	 0.072833 
-9.740000 	 0.151988 
-9.720000 	 0.323699 
-9.700000 	 0.119611 
-9.680000 	 0.067261 
-9.660000 	 -0.035049 
-9.640000 	 -0.155232 
-9.620000 	 0.068684 
-9.600000 	 -0.031281 
-9.580000 	 0.228317 
-9.560000 	 -0.112386 
-9.540000 	 0.147213 
-9.520000 	 -0.256930 
-9.500000 	 0.029646 
-9.480000 	 0.093888 
-9.460000 	 -0.073176 
-9.440000 	 0.161269 
-9.420000 	 -0.018140 
-9.400000 	 -0.251972 
-9.380000 	 -0.090619 
-9.360000 	 -0.126770 
-9.340000 	 0.192563 
-9.320000 	 0.128219 
-9.300000 	 -0.081362 
-9.280000 	 0.035139 
-9.260000 	 0.180819 
-9.240000 	 0.095706 
-9.220000 	 -0.014656 
-9.200000 	 -0.060249 
-9.180000 	 -0.087810 
-9.160000 	 0.271966 
-9.140000 	 -0.040920 
-9.120000 	 0.093954 
-9.100000 	 -0.081940 
-9.080000 	 -0.024248 
-9.060000 	 0.091048 
-9.040000 	 -0.223596 
-9.020000 	 0.031765 
-9.000000 	 -0.201724 
-8.980000 	 -0.014235 
-8.960000 	 0.059741 
-8.940000 	 -0.105016 
-8.920000 	 -0.044177 
-8.900000 	 0.125820 
-8.880000 	 0.039048 
-8.860000 	 -0.222054 
-8.840000 	 0.197390 
-8.820000 	 0.078329 
-8.800000 	 0.044225 
-8.780000 	 -0.196953 
-8.760000 	 0.019502 
-8.740000 	 0.248016 
-8.720000 	 -0.221026 
-8.700000 	 -0.120302 
-8.680000 	 0.035232 
-8.660000 	 -0.094141 
-8.640000 	 -0.152976 
-8.620000 	 -0.173784 
-8.600000 	 -0.158027 
-8.580000 	 -0.073762 
-8.560000 	 0.162389 
-8.540000 	 0.072343 
-8.520000 	 -0.249009 
-8.500000 	 -0.001853 
-8.480000 	 -0.013645 
-8.460000 	 0.039995 
-8.440000 	 -0.096791 
-8.420000 	 0.004725 
-8.400000 	 -0.066408 
-8.380000 	 -0.079885 
-8.360000 	 0.208461 
-8.340000 	 -0.127373 
-8.320000 	 0.033910 
-8.300000 	 -0.060008 
-8.280000 	 0.070063 
-8.260000 	 -0.023991 
-8.240000 	 0.036838 
-8.220000 	 0.182850 
-8.200000 	 0.106612 
-8.180000 	 -0.008277 
-8.160000 	 0.001996 
-8.140000 	 0.092353 
-8.120000 	 0.052767 
-8.100000 	 -0.028819 
-8.080000 	 0.090931 
-8.060000 	 0.249571 
-8.040000 	 -0.074807 
-8.020000 	 -0.030186 
-8.000000 	 0.249497 
-7.980000 	 0.210844 
-7.960000 	 -0.199384 
-7.940000 	 0.302038 
-7.920000 	 -0.076285 
-7.900000 	 0.078393 
-7.880000 	 0.100000 
-7.860000 	 -0.050745 
-7.840000 	 0.025432 
-7.820000 	 -0.176575 
-7.800000 	 0.087907 
-7.780000 	 -0.007257 
-7.760000 	 0.003682 
-7.740000 	 0.151311 
-7.720000 	 -0.059912 
-7.700000 	 -0.084641 
-7.680000 	 -0.267252 
-7.660000 	 0.218241 
-7.640000 	 0.091472 
-7.620000 	 -0.013822 
-7.600000 	 -0.091874 
-7.580000 	 0.055074 
-7.560000 	 0.118213 
-7.540000 	 0.099862 
-7.520000 	 0.185209 
-7.500000 	 0.210303 
-7.480000 	 -0.029484 
-7.460000 	 0.019780 
-7.440000 	 0.244394 
-7.420000 	 -0.022221 
-7.400000 	 0.091469 
-7.380000 	 -0.049854 
-7.360000 	 0.033159 
-7.340000 	 0.032192 
-7.320000 	 -0.107684 
-7.300000 	 0.145873 
-7.280000 	 -0.068680 
-7.260000 	 0.038245 
-7.240000 	 0.164996 
-7.220000 	 -0.166629 
-7.200000 	 0.159538 
-7.180000 	 0.085409 
-7.160000 	 0.050767 
-7.140000 	 0.117058 
-7.120000 	 -0.034359 
-7.100000 	 -0.210122 
-7.080000 	 0.092165 
-7.060000 	 0.189002 
-7.040000 	 -0.163218 
-7.020000 	 0.019800 
-7.000000 	 0.043259 
-6.980000 	 0.326842 
-6.960000 	 -0.084712 
-6.940000 	 -0.104483 
-6.920000 	 0.079600 
-6.900000 	 0.062049 
-6.880000 	 0.025904 
-6.860000 	 0.119663 
-6.840000 	 0.007155 
-6.820000 	 0.059974 
-6.800000 	 0.243696 
-6.780000 	 -0.026673 
-6.760000 	 0.042249 
-6.740000 	 0.228414 
-6.720000 	 0.199269 
-6.700000 	 0.282649 
-6.680000 	 -0.037774 
-6.660000 	 0.137431 
-6.640000 	 -0.051910 
-6.620000 	 -0.133662 
-6.600000 	 0.181819 
-6.580000 	 0.127368 
-6.560000 	 -0.004320 
-6.540000 	 0.000199 
-6.520000 	 -0.196091 
-6.500000 	 -0.077292 
-6.480000 	 0.136563 
-6.460000 	 0.011845 
-6.440000 	 -0.073294 
-6.420000 	 0.106199 
-6.400000 	 0.140746 
-6.380000 	 0.127558 
-6.360000 	 -0.183899 
-6.340000 	 -0.030549 
-6.320000 	 -0.121944 
-6.300000 	 0.317647 
-6.280000 	 0.388315 
-6.260000 	 0.053673 
-6.240000 	 0.356442 
-6.220000 	 0.031045 
-6.200000 	 0.218826 
-6.180000 	 0.231152 
-6.160000 	 0.217173 
-6.140000 	 0.323343 
-6.120000 	 0.154656 
-6.100000 	 0.398023 
-6.080000 	 0.275129 
-6.060000 	 0.203335 
-6.040000 	 0.132816 
-6.020000 	 0.174598 
-6.000000 	 -0.021799 
-5.980000 	 0.048736 
-5.960000 	 0.234835 
-5.940000 	 0.036020 
-5.920000 	 0.152470 
-5.900000 	 0.308276 
-5.880000 	 0.345086 
-5.860000 	 0.006275 
-5.840000 	 0.368129 
-5.820000 	 0.122619 
-5.800000 	 0.517844 
-5.780000 	 0.202180 
-5.760000 	 0.053556 
-5.740000 	 0.509843 
-5.720000 	 0.125521 
-5.700000 	 0.255069 
-5.680000 	 0.321960 
-5.660000 	 0.438067 
-5.640000 	 0.479981 
-5.620000 	 0.361846 
-5.600000 	 0.255812 
-5.580000 	 0.309809 
-5.560000 	 0.274551 
-5.540000 	 0.450009 
-5.520000 	 0.382856 
-5.500000 	 0.450341 
-5.480000 	 0.415891 
-5.460000 	 0.421500 
-5.440000 	 0.271853 
-5.420000 	 0.599961 
-5.400000 	 0.341064 
-5.380000 	 0.254899 
-5.360000 	 0.493405 
-5.340000 	 0.380850 
-5.320000 	 0.565413 
-5.300000 	 0.302519 
-5.280000 	 0.411251 
-5.260000 	 0.349103 
-5.240000 	 0.313094 
-5.220000 	 0.616468 
-5.200000 	 0.314911 
-5.180000 	 0.376333 
-5.160000 	 0.471991 
-5.140000 	 0.480575 
-5.120000 	 0.410050 
-5.100000 	 0.336364 
-5.080000 	 0.400695 
-5.060000 	 0.434938 
-5.040000 	 0.516727 
-5.020000 	 0.326463 
-5.000000 	 0.247124 
-4.980000 	 0.614794 
-4.960000 	 0.502682 
-4.940000 	 0.173155 
-4.920000 	 0.311655 
-4.900000 	 0.840216 
-4.880000 	 0.582822 
-4.860000 	 0.480598 
-4.840000 	 0.276592 
-4.820000 	 0.503692 
-4.800000 	 0.361003 
-4.780000 	 0.279340 
-4.760000 	 0.209076 
-4.740000 	 0.341958 
-4.720000 	 0.615424 
-4.700000 	 0.497338 
-4.680000 	 0.620443 
-4.660000 	 0.581883 
-4.640000 	 0.484205 
-4.620000 	 0.402602 
-4.600000 	 0.511130 
-4.580000 	 0.718834 
-4.560000 	 0.481503 
-4.540000 	 0.566421 
-4.520000 	 0.352854 
-4.500000 	 0.245761 
-4.480000 	 0.567009 
-4.460000 	 0.349715 
-4.440000 	 0.546655 
-4.420000 	 0.484912 
-4.400000 	 0.434714 
-4.380000 	 0.694905 
-4.360000 	 0.733784 
-4.340000 	 0.300974 
-4.320000 	 0.497190 
-4.300000 	 0.406644 
-4.280000 	 0.245906 
-4.260000 	 0.686736 
-4.240000 	 0.315832 
-4.220000 	 0.346872 
-4.200000 	 0.240250 
-4.180000 	 0.281347 
-4.160000 	 0.647819 
-4.140000 	 0.175131 
-4.120000 	 0.432592 
-4.100000 	 0.561329 
-4.080000 	 0.732900 
-4.060000 	 0.556221 
-4.040000 	 0.678470 
-4.020000 	 0.543578 
-4.000000 	 0.516767 
-3.980000 	 0.570568 
-3.960000 	 0.384701 
-3.940000 	 0.709174 
-3.920000 	 0.479222 
-3.900000 	 0.148287 
-3.880000 	 0.529851 
-3.860000 	 0.431262 
-3.840000 	 0.291265 
-3.820000 	 0.462787 
-3.800000 	 0.542797 
-3.780000 	 0.353883 
-3.760000 	 0.509454 
-3.740000 	 0.384640 
-3.720000 	 0.648482 
-3.700000 	 0.687308 
-3.680000 	 0.504613 
-3.660000 	 0.442305 
-3.640000 	 0.474831 
-3.620000 	 0.427343 
-3.600000 	 0.524978 
-3.580000 	 0.604012 
-3.560000 	 0.106417 
-3.540000 	 0.249264 
-3.520000 	 0.482232 
-3.500000 	 0.396558 
-3.480000 	 0.486749 
-3.460000 	 0.314491 
-3.440000 	 0.423034 
-3.420000 	 0.430632 
-3.400000 	 0.239743 
-3.380000 	 0.796279 
-3.360000 	 0.520147 
-3.340000 	 0.499966 
-3.320000 	 0.542169 
-3.300000 	 0.204455 
-3.280000 	 0.485007 
-3.260000 	 0.349291 
-3.240000 	 0.490502 
-3.220000 	 0.652461 
-3.200000 	 0.537707 
-3.180000 	 0.488451 
-3.160000 	 0.611377 
-3.140000 	 0.582384 
-3.120000 	 0.448572 
-3.100000 	 0.613321 
-3.080000 	 0.133811 
-3.060000 	 0.731110 
-3.040000 	 0.291710 
-3.020000 	 0.528351 
-3.000000 	 0.394888 
-2.980000 	 0.314231 
-2.960000 	 0.358625 
-2.940000 	 0.393979 
-2.920000 	 0.410249 
-2.900000 	 0.513048 
-2.880000 	 0.387086 
-2.860000 	 0.220313 
-2.840000 	 0.629291 
-2.820000 	 0.421736 
-2.800000 	 0.636406 
-2.780000 	 0.254493 
-2.760000 	 0.531867 
-2.740000 	 0.274994 
-2.720000 	 0.363677 
-2.700000 	 0.336886 
-2.680000 	 0.671273 
-2.660000 	 0.499016 
-2.640000 	 0.369709 
-2.620000 	 0.297037 
-2.600000 	 0.109580 
-2.580000 	 0.424422 
-2.560000 	 0.221138 
-2.540000 	 0.516497 
-2.520000 	 0.348299 
-2.500000 	 0.430602 
-2.480000 	 0.450473 
-2.460000 	 0.678540 
-2.440000 	 0.143285 
-2.420000 	 0.364762 
-2.400000 	 0.359525 
-2.380000 	 0.104638 
-2.360000 	 0.274530 
-2.340000 	 0.461515 
-2.320000 	 0.267759 
-2.300000 	 0.374232 
-2.280000 	 -0.053904 
-2.260000 	 0.527640 
-2.240000 	 0.268300 
-2.220000 	 0.294936 
-2.200000 	 0.066969 
-2.180000 	 0.189133 
-2.160000 	 0.456073 
-2.140000 	 0.457749 
-2.120000 	 0.169885 
-2.100000 	 0.286738 
-2.080000 	 -0.021688 
-2.060000 	 0.207335 
-2.040000 	 0.253551 
-2.020000 	 0.196946 
-2.000000 	 0.091877 
-1.980000 	 0.393151 
-1.960000 	 0.324264 
-1.940000 	 0.060865 
-1.920000 	 0.250199 
-1.900000 	 0.227943 
-1.880000 	 0.026907 
-1.860000 	 0.165545 
-1.840000 	 0.066801 
-1.820000 	 0.143947 
-1.800000 	 0.284973 
-1.780000 	 0.244854 
-1.760000 	 0.320993 
-1.740000 	 0.151561 
-1.720000 	 0.187582 
-1.700000 	 0.350951 
-1.680000 	 0.134204 
-1.660000 	 -0.000367 
-1.640000 	 0.261798 
-1.620000 	 0.225971 
-1.600000 	 -0.083191 
-1.580000 	 -0.011707 
-1.560000 	 0.348010 
-1.540000 	 0.289741 
-1.520000 	 0.120326 
-1.500000 	 0.300645 
-1.480000 	 0.110595 
-1.460000 	 0.358121 
-1.440000 	 0.153253 
-1.420000 	 0.192141 
-1.400000 	 0.021485 
-1.380000 	 0.171889 
-1.360000 	 0.224726 
-1.340000 	 -0.021694 
-1.320000 	 0.301673 
-1.300000 	 0.026381 
-1.280000 	 0.152454 
-1.260000 	 0.228732 
-1.240000 	 -0.030065 
-1.220000 	 0.143453 
-1.200000 	 -0.009850 
-1.180000 	 0.105415 
-1.160000 	 0.105700 
-1.140000 	 0.013766 
-1.120000 	 0.332112 
-1.100000 	 0.290539 
-1.080000 	 0.098498 
-1.060000 	 -0.050646 
-1.040000 	 0.218739 
-1.020000 	 -0.126849 
-1.000000 	 0.116591 
-0.980000 	 0.000975 
-0.960000 	 0.491690 
-0.940000 	 0.047641 
-0.920000 	 0.276186 
-0.900000 	 -0.055760 
-0.880000 	 0.156860 
-0.860000 	 0.107653 
-0.840000 	 0.137390 
-0.820000 	 0.230766 
-0.800000 	 0.070930 
-0.780000 	 0.300209 
-0.760000 	 0.184492 
-0.740000 	 0.168445 
-0.720000 	 0.179040 
-0.700000 	 0.432135 
-0.680000 	 0.095537 
-0.660000 	 0.157308 
-0.640000 	 -0.005124 
-0.620000 	 0.050592 
-0.600000 	 -0.042558 
-0.580000 	 0.181402 
-0.560000 	 0.372115 
-0.540000 	 0.319720 
-0.520000 	 0.194473 
-0.500000 	 0.020053 
-0.480000 	 0.259776 
-0.460000 	 -0.161033 
-0.440000 	 0.164635 
-0.420000 	 0.438356 
-0.400000 	 0.257468 
-0.380000 	 0.248563 
-0.360000 	 0.379308 
-0.340000 	 0.398420 
-0.320000 	 0.055427 
-0.300000 	 0.305982 
-0.280000 	 -0.018838 
-0.260000 	 0.208612 
-0.240000 	 0.436871 
-0.220000 	 0.099653 
-0.200000 	 0.067995 
-0.180000 	 -0.251645 
-0.160000 	 0.148469 
-0.140000 	 0.138917 
-0.120000 	 0.025741 
-0.100000 	 0.208039 
-0.080000 	 0.030701 
-0.060000 	 0.524671 
-0.040000 	 0.305845 
-0.020000 	 0.049003 
0.000000 	 0.237490 
0.020000 	 0.124911 
0.040000 	 0.257055 
0.060000 	 0.275819 
0.080000 	 0.327578 
0.100000 	 0.185951 
0.120000 	 0.298909 
0.140000 	 0.256756 
0.160000 	 0.206977 
0.180000 	 0.395277 
0.200000 	 0.274492 
0.220000 	 0.023045 
0.240000 	 0.484231 
0.260000 	 0.313403 
0.280000 	 0.345268 
0.300000 	 0.234563 
0.320000 	 0.100000 
0.340000 	 0.720710 
0.360000 	 0.395234 
0.380000 	 0.239194 
0.400000 	 0.288335 
0.420000 	 0.307215 
0.440000 	 0.449819 
0.460000 	 0.433033 
0.480000 	 0.488937 
0.500000 	 0.372945 
0.520000 	 0.429418 
0.540000 	 0.064920 
0.560000 	 0.471999 
0.580000 	 0.284771 
0.600000 	 0.397921 
0.620000 	 0.625396 
0.640000 	 0.101310 
0.660000 	 0.348794 
0.680000 	 0.681509 
0.700000 	 0.339522 
0.720000 	 0.537510 
0.740000 	 0.342242 
0.760000 	 0.350806 
0.780000 	 0.558831 
0.800000 	 0.444436 
0.820000 	 0.311265 
0.840000 	 0.798111 
0.860000 	 0.396790 
0.880000 	 0.244868 
0.900000 	 0.489394 
0.920000 	 0.377348 
0.940000 	 0.589465 
0.960000 	 0.326802 
0.980000 	 0.423682 
1.000000 	 0.200602 
1.020000 	 0.603822 
1.040000 	 0.523302 
1.060000 	 0.771078 
1.080000 	 0.409631 
1.100000 	 0.538236 
1.120000 	 0.675034 
1.140000 	 0.752272 
1.160000 	 0.552622 
1.180000 	 0.497066 
1.200000 	 0.448971 
1.220000 	 0.514618 
1.240000 	 0.549084 
1.260000 	 0.734270 
1.280000 	 0.454623 
1.300000 	 0.801190 
1.320000 	 0.594881 
1.340000 	 0.554487 
1.360000 	 1.022127 
1.380000 	 0.697144 
1.400000 	 0.822837 
1.420000 	 0.627989 
1.440000 	 0.955858 
1.460000 	 0.679292 
1.480000 	 0.682957 
1.500000 	 0.701278 
1.520000 	 0.681217 
1.540000 	 0.805669 
1.560000 	 0.679849 
1.580000 	 0.607435 
1.600000 	 0.539222 
1.620000 	 0.832236 
1.640000 	 0.774826 
1.660000 	 0.761522 
1.680000 	 1.086853 
1.700000 	 0.726775 
1.720000 	 0.883028 
1.740000 	 0.887774 
1.760000 	 0.742255 
1.780000 	 0.807623 
1.800000 	 0.855814 
1.820000 	 1.191367 
1.840000 	 0.948471 
1.860000 	 0.685541 
1.880000 	 0.945237 
1.900000 	 1.112727 
1.920000 	 0.882922 
1.940000 	 0.752685 
1.960000 	 1.115192 
1.980000 	 1.007434 
2.000000 	 1.006145 
2.020000 	 1.256680 
2.040000 	 1.256907 
2.060000 	 1.065299 
2.080000 	 0.918327 
2.100000 	 0.877356 
2.120000 	 1.023480 
2.140000 	 0.783478 
2.160000 	 0.924942 
2.180000 	 1.135695 
2.200000 	 1.225241 
2.220000 	 1.174264 
2.240000 	 1.096811 
2.260000 	 1.265791 
2.280000 	 1.122252 
2.300000 	 1.127688 
2.320000 	 1.100806 
2.340000 	 1.139766 
2.360000 	 1.231111 
2.380000 	 0.985986 
2.400000 	 1.348275 
2.420000 	 1.024111 
2.440000 	 1.052260 
2.460000 	 1.193682 
2.480000 	 1.129848 
2.500000 	 1.356770 
2.520000 	 1.134491 
2.540000 	 1.180396 
2.560000 	 1.113617 
2.580000 	 0.960605 
2.600000 	 1.306750 
2.620000 	 0.952674 
2.640000 	 1.399421 
2.660000 	 1.136340 
2.680000 	 1.378523 
2.700000 	 1.585803 
2.720000 	 1.309569 
2.740000 	 1.401494 
2.760000 	 1.313752 
2.780000 	 1.450457 
2.800000 	 1.493220 
2.820000 	 1.361501 
2.840000 	 1.500797 
2.860000 	 1.543930 
2.880000 	 1.355449 
2.900000 	 1.588426 
2.920000 	 1.619383 
2.940000 	 1.518611 
2.960000 	 1.455778 
2.980000 	 1.332281 
3.000000 	 1.507652 
3.020000 	 1.345557 
3.040000 	 1.480072 
3.060000 	 1.621318 
3.080000 	 1.269047 
3.100000 	 1.685805 
3.120000 	 1.273101 
3.140000 	 1.386156 
3.160000 	 1.420132 
3.180000 	 1.740083 
3.200000 	 1.520892 
3.220000 	 1.794773 
3.240000 	 1.283437 
3.260000 	 1.567182 
3.280000 	 1.654468 
3.300000 	 1.754397 
3.320000 	 1.411935 
3.340000 	 1.238238 
3.360000 	 1.611940 
3.380000 	 1.544084 
3.400000 	 1.646102 
3.420000 	 1.489626 
3.440000 	 1.449502 
3.460000 	 1.410034 
3.480000 	 1.487485 
3.500000 	 1.578339 
3.520000 	 1.673879 
3.540000 	 1.674007 
3.560000 	 1.585861 
3.580000 	 1.813049 
3.600000 	 1.514208 
3.620000 	 1.867419 
3.640000 	 1.464520 
3.660000 	 1.396268 
3.680000 	 1.513018 
3.700000 	 1.420365 
3.720000 	 1.701751 
3.740000 	 1.407290 
3.760000 	 1.457299 
3.780000 	 1.394749 
3.800000 	 1.826791 
3.820000 	 1.755047 
3.840000 	 1.693610 
3.860000 	 1.892239 
3.880000 	 1.550979 
3.900000 	 1.688666 
3.920000 	 1.793685 
3.940000 	 1.798367 
3.960000 	 1.377938 
3.980000 	 1.519012 
4.000000 	 1.450780 
4.020000 	 1.665694 
4.040000 	 1.865185 
4.060000 	 1.556128 
4.080000 	 1.931648 
4.100000 	 1.574949 
4.120000 	 1.450117 
4.140000 	 1.444407 
4.160000 	 1.531950 
4.180000 	 1.629842 
4.200000 	 1.703314 
4.220000 	 1.584196 
4.240000 	 1.644333 
4.260000 	 1.483662 
4.280000 	 1.658061 
4.300000 	 1.580449 
4.320000 	 1.756603 
4.340000 	 1.610121 
4.360000 	 1.512422 
4.380000 	 1.549508 
4.400000 	 1.701599 
4.420000 	 1.717137 
4.440000 	 1.730530 
4.460000 	 1.489530 
4.480000 	 1.630054 
4.500000 	 1.548716 
4.520000 	 1.634692 
4.540000 	 1.416864 
4.560000 	 1.371706 
4.580000 	 1.479286 
4.600000 	 1.570346 
4.620000 	 1.734491 
4.640000 	 1.442945 
4.660000 	 1.859405 
4.680000 	 1.414247 
4.700000 	 1.350056 
4.720000 	 1.568540 
4.740000 	 1.439232 
4.760000 	 1.449568 
4.780000 	 1.381646 
4.800000 	 1.296394 
4.820000 	 1.655719 
4.840000 	 1.409104 
4.860000 	 1.464182 
4.880000 	 1.501482 
4.900000 	 1.640327 
4.920000 	 1.772233 
4.940000 	 1.531108 
4.960000 	 1.485361 
4.980000 	 1.095542 
5.000000 	 1.276250 
5.020000 	 1.265085 
5.040000 	 1.385732 
5.060000 	 1.472787 
5.080000 	 1.553651 
5.100000 	 1.220296 
5.120000 	 1.479544 
5.140000 	 1.539613 
5.160000 	 1.447657 
5.180000 	 1.547415 
5.200000 	 1.328881 
5.220000 	 1.436650 
5.240000 	 1.415732 
5.260000 	 1.253835 
5.280000 	 1.445424 
5.300000 	 1.243617 
5.320000 	 1.284679 
5.340000 	 0.916297 
5.360000 	 1.033256 
5.380000 	 1.350750 
5.400000 	 1.535730 
5.420000 	 1.034307 
5.440000 	 1.244647 
5.460000 	 1.270980 
5.480000 	 1.179315 
5.500000 	 1.222742 
5.520000 	 1.151730 
5.540000 	 -0.400000 
5.560000 	 0.990223 
5.580000 	 1.101189 
5.600000 	 1.147683 
5.620000 	 0.875100 
5.640000 	 0.839560 
5.660000 	 1.141145 
5.680000 	 1.244329 
5.700000 	 1.084668 
5.720000 	 0.962194 
5.740000 	 0.921528 
5.760000 	 1.177680 
5.780000 	 1.336066 
5.800000 	 1.185718 
5.820000 	 1.062113 
5.840000 	 0.911938 
5.860000 	 1.183834 
5.880000 	 1.088665 
5.900000 	 0.897675 
5.920000 	 0.980133 
5.940000 	 0.864513 
5.960000 	 0.960244 
5.980000 	 1.002531 
6.000000 	 1.054775 
6.020000 	 1.087723 
6.040000 	 0.877012 
6.060000 	 0.919101 
6.080000 	 0.783828 
6.100000 	 0.962925 
6.120000 	 0.965613 
6.140000 	 1.148852 
6.160000 	 1.070718 
6.180000 	 0.761731 
6.200000 	 0.840529 
6.220000 	 0.982435 
6.240000 	 0.970239 
6.260000 	 0.956581 
6.280000 	 0.718505 
6.300000 	 0.878390 
6.320000 	 0.897566 
6.340000 	 0.676345 
6.360000 	 1.018000 
6.380000 	 0.988341 
6.400000 	 1.018832 
6.420000 	 0.443062 
6.440000 	 0.711436 
6.460000 	 0.742061 
6.480000 	 0.783536 
6.500000 	 0.847930 
6.520000 	 0.701339 
6.540000 	 0.577034 
6.560000 	 0.625444 
6.580000 	 0.744494 
6.600000 	 0.643996 
6.620000 	 0.484491 
6.640000 	 0.807108 
6.660000 	 0.659790 
6.680000 	 0.588503 
6.700000 	 0.688390 
6.720000 	 0.548189 
6.740000 	 0.607520 
6.760000 	 0.434111 
6.780000 	 0.637565 
6.800000 	 0.381920 
6.820000 	 0.498685 
6.840000 	 0.555587 
6.860000 	 0.589248 
6.880000 	 0.353322 
6.900000 	 0.336890 
6.920000 	 0.300068 
6.940000 	 0.510701 
6.960000 	 0.544942 
6.980000 	 0.436778 
7.000000 	 0.541301 
7.020000 	 0.661769 
7.040000 	 0.530820 
7.060000 	 0.209322 
7.080000 	 0.317513 
7.100000 	 0.819831 
7.120000 	 0.322093 
7.140000 	 0.622821 
7.160000 	 0.399462 
7.180000 	 0.349218 
7.200000 	 0.572476 
7.220000 	 0.379719 
7.240000 	 0.322225 
7.260000 	 0.279240 
7.280000 	 0.294126 
7.300000 	 0.665632 
7.320000 	 0.339029 
7.340000 	 0.434429 
7.360000 	 0.379736 
7.380000 	 0.608726 
7.400000 	 0.329616 
7.420000 	 0.256791 
7.440000 	 0.238774 
7.460000 	 0.479688 
7.480000 	 0.291221 
7.500000 	 0.525639 
7.520000 	 0.142083 
7.540000 	 0.365328 
7.560000 	 0.493500 
7.580000 	 0.468928 
7.600000 	 0.107322 
7.620000 	 0.268038 
7.640000 	 0.310043 
7.660000 	 -0.053177 
7.680000 	 0.292246 
7.700000 	 0.284376 
7.720000 	 0.215715 
7.740000 	 0.239802 
7.760000 	 0.315427 
7.780000 	 -0.003720 
7.800000 	 0.297961 
7.820000 	 0.167453 
7.840000 	 0.704266 
7.860000 	 0.420085 
7.880000 	 0.061392 
7.900000 	 -0.022844 
7.920000 	 0.317987 
7.940000 	 0.216585 
7.960000 	 0.207252 
7.980000 	 0.260963 
8.000000 	 0.293327 
8.020000 	 0.330389 
8.040000 	 0.414659 
8.060000 	 0.400935 
8.080000 	 0.343486 
8.100000 	 0.182760 
8.120000 	 0.359398 
8.140000 	 0.306498 
8.160000 	 0.197371 
8.180000 	 0.139529 
8.200000 	 0.011142 
8.220000 	 -0.048388 
8.240000 	 0.485217 
8.260000 	 0.050674 
8.280000 	 0.052453 
8.300000 	 -0.033359 
8.320000 	 0.033862 
8.340000 	 0.047249 
8.360000 	 0.336578 
8.380000 	 0.056762 
8.400000 	 0.240429 
8.420000 	 0.012718 
8.440000 	 -0.052696 
8.460000 	 0.049640 
8.480000 	 0.025528 
8.500000 	 0.258711 
8.520000 	 0.345962 
8.540000 	 0.531091 
8.560000 	 0.317527 
8.580000 	 0.160934 
8.600000 	 -0.083171 
8.620000 	 0.215946 
8.640000 	 0.216307 
8.660000 	 -0.045176 
8.680000 	 0.011601 
8.700000 	 0.172218 
8.720000 	 0.072667 
8.740000 	 0.222004 
8.760000 	 -0.034420 
8.780000 	 -0.039464 
8.800000 	 0.203384 
8.820000 	 -0.068184 
8.840000 	 -0.185666 
8.860000 	 0.024671 
8.880000 	 0.178003 
8.900000 	 0.068959 
8.920000 	 0.092846 
8.940000 	 -0.101268 
8.960000 	 0.240458 
8.980000 	 -0.091758 
9.000000 	 0.277355 
9.020000 	 0.181481 
9.040000 	 -0.009045 
9.060000 	 0.262579 
9.080000 	 0.232265 
9.100000 	 -0.120249 
9.120000 	 -0.141464 
9.140000 	 -0.079599 
9.160000 	 0.377336 
9.180000 	 -0.209056 
9.200000 	 -0.069807 
9.220000 	 0.040807 
9.240000 	 -0.085030 
9.260000 	 0.089863 
9.280000 	 -0.007034 
9.300000 	 0.041292 
9.320000 	 -0.160335 
9.340000 	 0.127879 
9.360000 	 0.294443 
9.380000 	 0.209545 
9.400000 	 -0.000814 
9.420000 	 0.085953 
9.440000 	 0.149354 
9.460000 	 0.214758 
9.480000 	 -0.003078 
9.500000 	 -0.103142 
9.520000 	 0.156340 
9.540000 	 -0.058599 
9.560000 	 0.115062 
9.580000 	 0.069868 
9.600000 	 -0.272003 
9.620000 	 0.029298 
9.640000 	 0.220412 
9.660000 	 -0.092694 
9.680000 	 0.077776 
9.700000 	 0.081462 
9.720000 	 0.144184 
9.740000 	 -0.017119 
9.760000 	 -0.150016 
9.780000 	 0.308899 
9.800000 	 -0.151512 
9.820000 	 0.338183 
9.840000 	 0.064967 
9.860000 	 -0.056806 
9.880000 	 0.077850 
9.900000 	 0.051794 
9.920000 	 -0.096542 
9.940000 	 0.089993 
9.960000 	 0.285185 
9.980000 	 -0.132396 
10.000000 	 -0.049328 
10.020000 	 -0.072752 
10.040000 	 -0.109873 
10.060000 	 -0.131419 
10.080000 	 -0.039867 
10.100000 	 -0.024121 
10.120000 	 -0.126977 
10.140000 	 0.055611 
10.160000 	 0.190863 
10.180000 	 0.278779 
10.200000 	 0.088638 
10.220000 	 0.243554 
10.240000 	 0.077373 
10.260000 	 0.112567 
10.280000 	 -0.086847 
10.300000 	 0.128137 
10.320000 	 0.013079 
10.340000 	 0.032992 
10.360000 	 0.159392 
10.380000 	 0.145544 
10.400000 	 -0.001817 
10.420000 	 -0.037787 
10.440000 	 0.047076 
10.460000 	 0.024790 
10.480000 	 0.149123 
10.500000 	 0.246028 
10.520000 	 -0.046877 
10.540000 	 0.155784 
10.560000 	 -0.167469 
10.580000 	 -0.066049 
10.600000 	 -0.041914 
10.620000 	 -0.038422 
10.640000 	 0.298003 
10.660000 	 0.061227 
10.680000 	 0.076213 
10.700000 	 -0.076863 
10.720000 	 0.186575 
10.740000 	 0.012269 
10.760000 	 0.123973 
10.780000 	 0.145360 
10.800000 	 -0.179879 
10.820000 	 0.158600 
10.840000 	 -0.026523 
10.860000 	 -0.101796 
10.880000 	 -0.083987 
10.900000 	 -0.119920 
10.920000 	 0.204796 
10.940000 	 -0.002232 
10.960000 	 0.274982 
10.980000 	 0.083014 
11.000000 	 0.188845 
11.020000 	 -0.260281 
11.040000 	 0.161604 
11.060000 	 0.076306 
11.080000 	 -0.248897 
11.100000 	 -0.056716 
11.120000 	 0.149698 
11.140000 	 0.242539 
11.160000 	 -0.057586 
11.180000 	 0.056567 
11.200000 	 -0.055880 
11.220000 	 -0.022511 
11.240000 	 -0.002677 
11.260000 	 0.039145 
11.280000 	 -0.109680 
11.300000 	 0.007493 
11.320000 	 -0.003785 
11.340000 	 -0.294128 
11.360000 	 0.012951 
11.380000 	 0.335775 
11.400000 	 0.177079 
11.420000 	 -0.113713 
11.440000 	 -0.016623 
11.460000 	 0.245795 
11.480000 	 -0.048143 
11.500000 	 -0.304608 
11.520000 	 0.156469 
11.540000 	 -0.041894 
11.560000 	 -0.160780 
11.580000 	 0.042097 
11.600000 	 0.090352 
11.620000 	 -0.188716 
11.640000 	 -0.062311 
11.660000 	 0.267446 
11.680000 	 0.192349 
11.700000 	 -0.203892 
11.720000 	 0.075303 
11.740000 	 -0.014731 
11.760000 	 0.085896 
11.780000 	 -0.187646 
11.800000 	 -0.105533 
11.820000 	 -0.003082 
11.840000 	 -0.056820 
11.860000 	 0.120776 
11.880000 	 0.060596 
11.900000 	 0.077402 
11.920000 	 0.127223 
11.940000 	 -0.023191 
11.960000 	 0.362618 
11.980000 	 0.056608 
12.000000 	 0.038873 
12.020000 	 0.084433 
12.040000 	 0.036258 
12.060000 	 -0.172397 
12.080000 	 -0.141078 
12.100000 	 0.193821 
12.120000 	 -0.071180 
12.140000 	 0.000484 
12.160000 	 0.107167 
12.180000 	 -0.140654 
12.200000 	 -0.136124 
12.220000 	 -0.245034 
12.240000 	 0.148201 
12.260000 	 0.237819 
12.280000 	 -0.026698 
12.300000 	 0.019446 
12.320000 	 0.102760 
12.340000 	 0.130951 
12.360000 	 0.106894 
12.380000 	 0.106657 
12.400000 	 -0.018788 
12.420000 	 0.007943 
12.440000 	 0.270243 
12.460000 	 0.132839 
12.480000 	 0.093115 
12.500000 	 -0.035189 
12.520000 	 0.124320 
12.540000 	 0.251989 
12.560000 	 0.062148 
12.580000 	 -0.091335 
12.600000 	 0.022399 
12.620000 	 0.001202 
12.640000 	 0.129427 
12.660000 	 -0.196592 
12.680000 	 0.179855 
12.700000 	 0.062552 
12.720000 	 0.192920 
12.740000 	 -0.200000 
12.760000 	 -0.167495 
12.780000 	 0.210479 
12.800000 	 -0.030296 
12.820000 	 0.032049 
12.840000 	 0.014833 
12.860000 	 0.195232 
12.880000 	 -0.017163 
12.900000 	 0.133051 
12.920000 	 -0.112315 
12.940000 	 -0.037869 
12.960000 	 -0.004034 
12.980000 	 -0.018040 
13.000000 	 0.051942 
13.020000 	 -0.214314 
13.040000 	 -0.090009 
13.060000 	 0.069328 
13.080000 	 0.047882 
13.100000 	 -0.048389 
13.120000 	 0.027516 
13.140000 	 0.073221 
13.160000 	 0.124236 
13.180000 	 0.020414 
13.200000 	 0.215870 
13.220000 	 -0.014424 
13.240000 	 0.028931 
13.260000 	 0.117031 
13.280000 	 -0.063785 
13.300000 	 -0.203526 
13.320000 	 0.170567 
13.340000 	 -0.079379 
13.360000 	 0.014969 
13.380000 	 -0.083221 
13.400000 	 0.170961 
13.420000 	 0.121977 
13.440000 	 0.306370 
13.460000 	 -0.207484 
13.480000 	 -0.167750 
13.500000 	 0.424381 
13.520000 	 -0.086647 
13.540000 	 -0.035411 
13.560000 	 -0.229174 
13.580000 	 0.005168 
13.600000 	 0.016733 
13.620000 	 0.075928 
13.640000 	 0.093442 
13.660000 	 -0.206539 
13.680000 	 -0.070044 
13.700000 	 -0.125428 
13.720000 	 -0.035516 
13.740000 	 -0.077663 
13.760000 	 0.092562 
13.780000 	 0.038271 
13.800000 	 -0.025588 
13.820000 	 0.218283 
13.840000 	 0.057585 
13.860000 	 0.073119 
13.880000 	 0.149668 
13.900000 	 0.181889 
13.920000 	 -0.175729 
13.940000 	 0.031320 
13.960000 	 -0.180025 
13.980000 	 0.042228 
14.000000 	 0.105741 
14.020000 	 -0.024071 
14.040000 	 -0.062570 
14.060000 	 -0.004281 
14.080000 	 0.076244 
14.100000 	 0.187676 
14.120000 	 0.163995 
14.140000 	 -0.074522 
14.160000 	 0.033640 
14.180000 	 -0.190465 
14.200000 	 -0.183641 
14.220000 	 0.079931 
14.240000 	 -0.232341 
14.260000 	 0.199848 
14.280000 	 -0.055620 
14.300000 	 -0.138558 
14.320000 	 0.022257 
14.340000 	 -0.136300 
14.360000 	 -0.003111 
14.380000 	 0.047920 
14.400000 	 0.066056 
14.420000 	 0.080090 
14.440000 	 -0.176185 
14.460000 	 -0.018277 
14.480000 	 -0.135047 
14.500000 	 -0.046663 
14.520000 	 -0.021545 
14.540000 	 0.053383 
14.560000 	 0.064873 
14.580000 	 -0.222271 
14.600000 	 -0.292420 
14.620000 	 0.051595 
14.640000 	 0.030023 
14.660000 	 0.040051 
14.680000 	 -0.096130 
14.700000 	 -0.376731 
14.720000 	 0.213996 
14.740000 	 -0.145708 
14.760000 	 0.434316 
14.780000 	 -0.287479 
14.800000 	 -0.083022 
14.820000 	 -0.071037 
14.840000 	 0.128088 
14.860000 	 -0.245531 
14.880000 	 0.078111 
14.900000 	 -0.007823 
14.920000 	 0.179475 
14.940000 	 0.014486 
14.960000 	 0.046765 
14.980000 	 0.172775 
15.000000 	 -0.132030 
