-15.000000 	 0.182909 
-14.980000 	 0.140291 
-14.960000 	 0.080514 
-14.940000 	 -0.171113 
-14.920000 	 0.015026 
-14.900000 	 0.014550 
-14.880000 	 0.057737 
-14.860000 	 0.056013 
-14.840000 	 0.256448 
-14.820000 	 -0.161431 
-14.800000 	 -0.213254 
-14.780000 	 0.030194 
-14.760000 	 0.134688 
-14.740000 	 0.005510 
-14.720000 	 -0.190920 
-14.700000 	 0.063259 
-14.680000 	 -0.258435 
-14.660000 	 -0.138568 
-14.640000 	 -0.262897 
-14.620000 	 0.176290 
-14.600000 	 0.140083 
-14.580000 	 0.025014 
-14.560000 	 0.134296 
-14.540000 	 -0.048850 
-14.520000 	 0.081018 
-14.500000 	 -0.001272 
-14.480000 	 0.197172 
-14.460000 	 0.047342 
-14.440000 	 -0.026744 
-14.420000 	 -0.016134 
-14.400000 	 0.102305 
-14.380000 	 -0.030335 
-14.360000 	 0.081387 
-14.340000 	 -0.250868 
-14.320000 	 -0.135754 
-14.300000 	 -0.080582 
-14.280000 	 0.115189 
-14.260000 	 -0.219232 
-14.240000 	 -0.141571 
-14.220000 	 0.068701 
-14.200000 	 0.266136 
-14.180000 	 0.091423 
-14.160000 	 0.006274 
-14.140000 	 -0.081935 
-14.120000 	 0.048360 
-14.100000 	 -0.188165 
-14.080000 	 -0.016921 
-14.060000 	 0.214973 
-14.040000 	 -0.198014 
-14.020000 	 -0.018908 
-14.000000 	 -0.056488 
-13.980000 	 0.162533 
-13.960000 	 -0.111941 
-13.940000 	 0.224383 
-13.920000 	 0.073474 
-13.900000 	 -0.155460 
-13.880000 	 0.013428 
-13.860000 	 -0.017353 
-13.840000 	 -0.011647 
-13.820000 	 -0.000185 
-13.800000 	 -0.142277 
-13.780000 	 -0.066641 
-13.760000 	 0.077756 
-13.740000 	 -0.097588 
-13.720000 	 0.021995 
-13.700000 	 0.047493 
-13.680000 	 -0.075274 
-13.660000 	 -0.201009 
-13.640000 	 -0.051140 
-13.620000 	 -0.071460 
-13.600000 	 -0.082991 
-13.580000 	 -0.293415 
-13.560000 	 -0.159750 
-13.540000 	 0.050446 
-13.520000 	 0.156426 
-13.500000 	 0.020355 
-13.480000 	 -0.122144 
-13.460000 	 -0.163522 
-13.440000 	 -0.067973 
-13.420000 	 -0.310410 
-13.400000 	 0.402483 
-13.380000 	 0.011203 
-13.360000 	 -0.026430 
-13.340000 	 0.103572 
-13.320000 	 -0.285437 
-13.300000 	 -0.119649 
-13.280000 	 0.113703 
-13.260000 	 -0.028056 
-13.240000 	 0.157598 
-13.220000 	 -0.019903 
-13.200000 	 -0.374184 
-13.180000 	 0.236999 
-13.160000 	 0.078146 
-13.140000 	 -0.202142 
-13.120000 	 -0.210192 
-13.100000 	 -0.194986 
-13.080000 	 0.162289 
-13.060000 	 -0.328717 
-13.040000 	 -0.121240 
-13.020000 	 0.075437 
-13.000000 	 -0.148490 
-12.980000 	 -0.243697 
-12.960000 	 -0.207707 
-12.940000 	 0.032252 
-12.920000 	 -0.356690 
-12.900000 	 -0.057699 
-12.880000 	 -0.070306 
-12.860000 	 0.112678 
-12.840000 	 -0.098191 
-12.820000 	 0.064198 
-12.800000 	 0.092623 
-12.780000 	 0.003407 
-12.760000 	 0.086771 
-12.740000 	 -0.098087 
-12.720000 	 0.173136 
-12.700000 	 0.117748 
-12.680000 	 0.016610 
-12.660000 	 -0.205414 
-12.640000 	 0.008185 
-12.620000 	 -0.070250 
-12.600000 	 -0.022467 
-12.580000 	 0.018385 
-12.560000 	 0.120994 
-12.540000 	 0.151849 
-12.520000 	 0.171556 
-12.500000 	 -0.055812 
-12.480000 	 -0.121432 
-12.460000 	 0.241865 
-12.440000 	 -0.055873 
-12.420000 	 0.155387 
-12.400000 	 0.090734 
-12.380000 	 -0.015590 
-12.360000 	 -0.374818 
-12.340000 	 -0.079456 
-12.320000 	 -0.401012 
-12.300000 	 0.019459 
-12.280000 	 -0.218967 
-12.260000 	 -0.086528 
-12.240000 	 -0.160903 
-12.220000 	 0.098276 
-12.200000 	 -0.168441 
-12.180000 	 0.043122 
-12.160000 	 0.019841 
-12.140000 	 0.296251 
-12.120000 	 -0.122393 
-12.100000 	 -0.213464 
-12.080000 	 -0.304403 
-12.060000 	 0.111180 
-12.040000 	 -0.134280 
-12.020000 	 0.152855 
-12.000000 	 -0.069594 
-11.980000 	 0.088291 
-11.960000 	 -0.164299 
-11.940000 	 0.001820 
-11.920000 	 -0.231188 
-11.900000 	 -0.042998 
-11.880000 	 0.020167 
-11.860000 	 -0.128761 
-11.840000 	 -0.109280 
-11.820000 	 0.224458 
-11.800000 	 0.126793 
-11.780000 	 0.172546 
-11.760000 	 0.022432 
-11.740000 	 -0.081877 
-11.720000 	 0.068240 
-11.700000 	 -0.073656 
-11.680000 	 0.059556 
-11.660000 	 0.038939 
-11.640000 	 -0.277815 
-11.620000 	 -0.119144 
-11.600000 	 -0.049480 
-11.580000 	 -0.144286 
-11.560000 	 0.129059 
-11.540000 	 -0.106833 
-11.520000 	 -0.057207 
-11.500000 	 -0.041300 
-11.480000 	 0.100962 
-11.460000 	 -0.010286 
-11.440000 	 -0.204037 
-11.420000 	 0.158861 
-11.400000 	 0.090972 
-11.380000 	 0.173141 
-11.360000 	 -0.068684 
-11.340000 	 0.218998 
-11.320000 	 -0.015931 
-11.300000 	 -0.009406 
-11.280000 	 -0.020385 
-11.260000 	 0.043574 
-11.240000 	 -0.242417 
-11.220000 	 0.382204 
-11.200000 	 -0.196428 
-11.180000 	 -0.266909 
-11.160000 	 0.096863 
-11.140000 	 -0.068933 
-11.120000 	 0.185544 
-11.100000 	 -0.146818 
-11.080000 	 0.150775 
-11.060000 	 -0.119538 
-11.040000 	 -0.071123 
-11.020000 	 -0.125363 
-11.000000 	 0.086212 
-10.980000 	 0.024394 
-10.960000 	 0.020610 
-10.940000 	 0.159379 
-10.920000 	 0.096069 
-10.900000 	 -0.061254 
-10.880000 	 0.021704 
-10.860000 	 0.036127 
-10.840000 	 -0.042050 
-10.820000 	 -0.145616 
-10.800000 	 -0.028689 
-10.780000 	 0.081689 
-10.760000 	 -0.232593 
-10.740000 	 0.120062 
-10.720000 	 0.132873 
-10.700000 	 -0.047139 
-10.680000 	 -0.174780 
-10.660000 	 -0.115703 
-10.640000 	 0.105492 
-10.620000 	 -0.125528 
-10.600000 	 -0.120015 
-10.580000 	 0.135449 
-10.560000 	 -0.088603 
-10.540000 	 -0.062895 
-10.520000 	 0.032369 
-10.500000 	 -0.036159 
-10.480000 	 0.330255 
-10.460000 	 -0.062346 
-10.440000 	 -0.054588 
-10.420000 	 -0.223560 
-10.400000 	 -0.102638 
-10.380000 	 0.108148 
-10.360000 	 -0.052683 
-10.340000 	 -0.056382 
-10.320000 	 0.131202 
-10.300000 	 0.000731 
-10.280000 	 -0.197490 
-10.260000 	 -0.133193 
-10.240000 	 0.330796 
-10.220000 	 0.153015 
-10.200000 	 0.174242 
-10.180000 	 -0.172915 
-10.160000 	 0.063458 
-10.140000 	 -0.054369 
-10.120000 	 0.177798 
-10.100000 	 -0.038928 
-10.080000 	 0.213276 
-10.060000 	 -0.239282 
-10.040000 	 -0.044962 
-10.020000 	 0.030655 
-10.000000 	 -0.164929 
-9.980000 	 -0.141473 
-9.960000 	 -0.129841 
-9.940000 	 -0.148471 
-9.920000 	 0.145071 
-9.900000 	 0.059929 
-9.880000 	 -0.173440 
-9.860000 	 0.102764 
-9.840000 	 -0.164209 
-9.820000 	 0.167902 
-9.800000 	 0.088449 
-9.780000 	 -0.103613 
-9.760000 	 0.100511 
-9.740000 	 -0.096570 
-9.720000 	 -0.067323 
-9.700000 	 -0.303737 
-9.680000 	 -0.031889 
-9.660000 	 -0.089156 
-9.640000 	 -0.062736 
-9.620000 	 0.085069 
-9.600000 	 -0.151125 
-9.580000 	 0.017740 
-9.560000 	 0.097110 
-9.540000 	 0.031844 
-9.520000 	 -0.011525 
-9.500000 	 0.128099 
-9.480000 	 0.118409 
-9.460000 	 -0.022517 
-9.440000 	 0.077499 
-9.420000 	 -0.096736 
-9.400000 	 0.250854 
-9.380000 	 0.109920 
-9.360000 	 -0.096906 
-9.340000 	 0.026907 
-9.320000 	 -0.062291 
-9.300000 	 -0.174800 
-9.280000 	 -0.141562 
-9.260000 	 0.138536 
-9.240000 	 -0.039041 
-9.220000 	 -0.324815 
-9.200000 	 -0.008390 
-9.180000 	 -0.268765 
-9.160000 	 -0.027596 
-9.140000 	 0.020514 
-9.120000 	 0.028017 
-9.100000 	 0.029406 
-9.080000 	 -0.086384 
-9.060000 	 0.002511 
-9.040000 	 -0.187563 
-9.020000 	 -0.119134 
-9.000000 	 0.097599 
-8.980000 	 0.122933 
-8.960000 	 0.255821 
-8.940000 	 -0.185945 
-8.920000 	 -0.027028 
-8.900000 	 -0.032028 
-8.880000 	 -0.213424 
-8.860000 	 -0.086519 
-8.840000 	 0.068251 
-8.820000 	 -0.040021 
-8.800000 	 -0.137301 
-8.780000 	 -0.132962 
-8.760000 	 -0.207850 
-8.740000 	 -0.221029 
-8.720000 	 0.036792 
-8.700000 	 0.122582 
-8.680000 	 -0.003552 
-8.660000 	 -0.101300 
-8.640000 	 0.158173 
-8.620000 	 0.135393 
-8.600000 	 -0.041584 
-8.580000 	 -0.263965 
-8.560000 	 -0.154444 
-8.540000 	 0.024560 
-8.520000 	 0.011345 
-8.500000 	 0.258096 
-8.480000 	 -0.049880 
-8.460000 	 -0.124082 
-8.440000 	 -0.074403 
-8.420000 	 0.008233 
-8.400000 	 -0.027610 
-8.380000 	 0.062349 
-8.360000 	 0.190655 
-8.340000 	 0.015822 
-8.320000 	 -0.044380 
-8.300000 	 0.004685 
-8.280000 	 -0.090100 
-8.260000 	 -0.308283 
-8.240000 	 0.253170 
-8.220000 	 0.100362 
-8.200000 	 0.103454 
-8.180000 	 -0.179125 
-8.160000 	 -0.039479 
-8.140000 	 -0.015568 
-8.120000 	 -0.103947 
-8.100000 	 0.214581 
-8.080000 	 0.027185 
-8.060000 	 0.035920 
-8.040000 	 0.276597 
-8.020000 	 -0.134990 
-8.000000 	 0.047125 
-7.980000 	 0.042204 
-7.960000 	 -0.158497 
-7.940000 	 -0.078269 
-7.920000 	 0.095044 
-7.900000 	 -0.355697 
-7.880000 	 0.126798 
-7.860000 	 -0.009868 
-7.840000 	 -0.064231 
-7.820000 	 -0.174795 
-7.800000 	 0.205488 
-7.780000 	 0.045761 
-7.760000 	 -0.124380 
-7.740000 	 -0.166995 
-7.720000 	 0.164491 
-7.700000 	 0.017957 
-7.680000 	 0.017156 
-7.660000 	 -0.133971 
-7.640000 	 0.058957 
-7.620000 	 -0.095505 
-7.600000 	 -0.085509 
-7.580000 	 -0.039597 
-7.560000 	 -0.022783 
-7.540000 	 -0.094650 
-7.520000 	 -0.245014 
-7.500000 	 -0.042612 
-7.480000 	 -0.016480 
-7.460000 	 0.007718 
-7.440000 	 0.157514 
-7.420000 	 0.165803 
-7.400000 	 0.029918 
-7.380000 	 0.039144 
-7.360000 	 0.116869 
-7.340000 	 0.076111 
-7.320000 	 0.022882 
-7.300000 	 0.112385 
-7.280000 	 0.057159 
-7.260000 	 0.175785 
-7.240000 	 0.033017 
-7.220000 	 -0.022607 
-7.200000 	 -0.104085 
-7.180000 	 0.365655 
-7.160000 	 0.113089 
-7.140000 	 0.310313 
-7.120000 	 0.211419 
-7.100000 	 0.037477 
-7.080000 	 0.439216 
-7.060000 	 -0.023462 
-7.040000 	 0.154989 
-7.020000 	 -0.053486 
-7.000000 	 0.190611 
-6.980000 	 0.258086 
-6.960000 	 0.041310 
-6.940000 	 0.450767 
-6.920000 	 -0.158459 
-6.900000 	 -0.049043 
-6.880000 	 0.358218 
-6.860000 	 0.016809 
-6.840000 	 0.228803 
-6.820000 	 0.038852 
-6.800000 	 -0.112446 
-6.780000 	 0.112442 
-6.760000 	 0.259402 
-6.740000 	 0.179009 
-6.720000 	 0.125163 
-6.700000 	 0.046054 
-6.680000 	 0.173966 
-6.660000 	 -0.146621 
-6.640000 	 0.287255 
-6.620000 	 -0.020500 
-6.600000 	 0.110676 
-6.580000 	 0.128649 
-6.560000 	 0.184375 
-6.540000 	 -0.058517 
-6.520000 	 -0.104249 
-6.500000 	 0.343038 
-6.480000 	 0.089757 
-6.460000 	 0.081075 
-6.440000 	 -0.023284 
-6.420000 	 0.290944 
-6.400000 	 0.029770 
-6.380000 	 0.346975 
-6.360000 	 0.180496 
-6.340000 	 0.234806 
-6.320000 	 -0.074089 
-6.300000 	 0.529218 
-6.280000 	 0.073646 
-6.260000 	 0.037812 
-6.240000 	 0.161655 
-6.220000 	 0.169144 
-6.200000 	 0.077080 
-6.180000 	 0.137607 
-6.160000 	 0.175624 
-6.140000 	 0.312702 
-6.120000 	 0.042920 
-6.100000 	 -0.051291 
-6.080000 	 0.136231 
-6.060000 	 0.172327 
-6.040000 	 0.422524 
-6.020000 	 0.272177 
-6.000000 	 0.380798 
-5.980000 	 0.160266 
-5.960000 	 0.416815 
-5.940000 	 0.273857 
-5.920000 	 0.164523 
-5.900000 	 0.024800 
-5.880000 	 0.053273 
-5.860000 	 0.192344 
-5.840000 	 0.096276 
-5.820000 	 0.230317 
-5.800000 	 0.362856 
-5.780000 	 0.349948 
-5.760000 	 0.247040 
-5.740000 	 0.258870 
-5.720000 	 0.276713 
-5.700000 	 0.120963 
-5.680000 	 0.161595 
-5.660000 	 0.064915 
-5.640000 	 0.292876 
-5.620000 	 0.319086 
-5.600000 	 0.155315 
-5.580000 	 0.193801 
-5.560000 	 0.303403 
-5.540000 	 0.295406 
-5.520000 	 0.271302 
-5.500000 	 0.492020 
-5.480000 	 0.102583 
-5.460000 	 0.375837 
-5.440000 	 0.180138 
-5.420000 	 0.332827 
-5.400000 	 0.413853 
-5.380000 	 0.499252 
-5.360000 	 0.342547 
-5.340000 	 0.404461 
-5.320000 	 0.359157 
-5.300000 	 0.549612 
-5.280000 	 0.401039 
-5.260000 	 0.313654 
-5.240000 	 0.166429 
-5.220000 	 0.364833 
-5.200000 	 0.235444 
-5.180000 	 0.340222 
-5.160000 	 0.321868 
-5.140000 	 0.409732 
-5.120000 	 0.305011 
-5.100000 	 0.380685 
-5.080000 	 0.062921 
-5.060000 	 0.415840 
-5.040000 	 0.582227 
-5.020000 	 0.368594 
-5.000000 	 0.318929 
-4.980000 	 0.508818 
-4.960000 	 0.221422 
-4.940000 	 0.250154 
-4.920000 	 0.341178 
-4.900000 	 0.489690 
-4.880000 	 0.563281 
-4.860000 	 0.518480 
-4.840000 	 0.346972 
-4.820000 	 0.605758 
-4.800000 	 0.585356 
-4.780000 	 0.616173 
-4.760000 	 0.669363 
-4.740000 	 0.598328 
-4.720000 	 0.705242 
-4.700000 	 0.326342 
-4.680000 	 0.376255 
-4.660000 	 0.506924 
-4.640000 	 0.541763 
-4.620000 	 0.595567 
-4.600000 	 0.334471 
-4.580000 	 0.372145 
-4.560000 	 0.235061 
-4.540000 	 0.487326 
-4.520000 	 0.465562 
-4.500000 	 0.860216 
-4.480000 	 0.389669 
-4.460000 	 0.724796 
-4.440000 	 0.378165 
-4.420000 	 0.211602 
-4.400000 	 0.262386 
-4.380000 	 0.706600 
-4.360000 	 0.620789 
-4.340000 	 0.548827 
-4.320000 	 0.553948 
-4.300000 	 0.536255 
-4.280000 	 0.460875 
-4.260000 	 0.698170 
-4.240000 	 0.390818 
-4.220000 	 0.271575 
-4.200000 	 0.280579 
-4.180000 	 0.568248 
-4.160000 	 0.494922 
-4.140000 	 0.618831 
-4.120000 	 0.495034 
-4.100000 	 0.542664 
-4.080000 	 0.300000 
-4.060000 	 0.504876 
-4.040000 	 0.917814 
-4.020000 	 0.752101 
-4.000000 	 0.826543 
-3.980000 	 0.370045 
-3.960000 	 0.826095 
-3.940000 	 0.526082 
-3.920000 	 0.561058 
-3.900000 	 0.479815 
-3.880000 	 0.507655 
-3.860000 	 -0.068967 
-3.840000 	 0.567096 
-3.820000 	 0.545795 
-3.800000 	 0.371135 
-3.780000 	 0.625300 
-3.760000 	 0.487700 
-3.740000 	 0.436876 
-3.720000 	 0.557715 
-3.700000 	 0.681479 
-3.680000 	 0.336858 
-3.660000 	 0.443580 
-3.640000 	 0.593275 
-3.620000 	 0.340974 
-3.600000 	 0.394523 
-3.580000 	 0.293690 
-3.560000 	 0.517555 
-3.540000 	 0.507985 
-3.520000 	 0.708116 
-3.500000 	 0.476752 
-3.480000 	 0.433136 
-3.460000 	 0.416010 
-3.440000 	 0.637102 
-3.420000 	 0.714013 
-3.400000 	 0.461246 
-3.380000 	 0.594463 
-3.360000 	 0.421164 
-3.340000 	 0.385313 
-3.320000 	 0.366609 
-3.300000 	 0.524542 
-3.280000 	 0.683803 
-3.260000 	 0.363276 
-3.240000 	 0.378425 
-3.220000 	 0.685334 
-3.200000 	 0.522465 
-3.180000 	 0.410469 
-3.160000 	 0.261686 
-3.140000 	 0.959968 
-3.120000 	 0.508725 
-3.100000 	 0.409443 
-3.080000 	 0.332429 
-3.060000 	 0.371889 
-3.040000 	 0.416831 
-3.020000 	 0.426780 
-3.000000 	 0.227028 
-2.980000 	 0.360737 
-2.960000 	 0.246168 
-2.940000 	 0.530605 
-2.920000 	 0.184966 
-2.900000 	 0.292884 
-2.880000 	 0.217149 
-2.860000 	 0.572651 
-2.840000 	 0.350429 
-2.820000 	 0.309828 
-2.800000 	 0.454952 
-2.780000 	 0.531428 
-2.760000 	 0.577871 
-2.740000 	 0.471354 
-2.720000 	 0.233320 
-2.700000 	 0.548453 
-2.680000 	 0.321206 
-2.660000 	 0.250010 
-2.640000 	 0.363624 
-2.620000 	 0.342879 
-2.600000 	 0.302886 
-2.580000 	 0.353010 
-2.560000 	 0.259865 
-2.540000 	 0.147809 
-2.520000 	 0.074918 
-2.500000 	 0.395768 
-2.480000 	 0.214002 
-2.460000 	 0.564533 
-2.440000 	 0.278892 
-2.420000 	 0.357066 
-2.400000 	 0.242976 
-2.380000 	 -0.041787 
-2.360000 	 0.359439 
-2.340000 	 0.123757 
-2.320000 	 0.033471 
-2.300000 	 0.013565 
-2.280000 	 0.193998 
-2.260000 	 0.169141 
-2.240000 	 0.312479 
-2.220000 	 0.110734 
-2.200000 	 -0.032297 
-2.180000 	 0.382232 
-2.160000 	 0.323265 
-2.140000 	 0.243565 
-2.120000 	 0.176339 
-2.100000 	 -0.028010 
-2.080000 	 0.140983 
-2.060000 	 0.313167 
-2.040000 	 0.313120 
-2.020000 	 0.265063 
-2.000000 	 0.032678 
-1.980000 	 0.226694 
-1.960000 	 0.267266 
-1.940000 	 0.147631 
-1.920000 	 0.242824 
-1.900000 	 0.276282 
-1.880000 	 -0.123574 
-1.860000 	 0.218607 
-1.840000 	 0.395350 
-1.820000 	 0.315102 
-1.800000 	 0.298272 
-1.780000 	 -0.007068 
-1.760000 	 0.465628 
-1.740000 	 0.282277 
-1.720000 	 -0.032556 
-1.700000 	 0.181374 
-1.680000 	 0.385120 
-1.660000 	 0.352767 
-1.640000 	 0.187100 
-1.620000 	 0.403143 
-1.600000 	 0.366970 
-1.580000 	 0.459145 
-1.560000 	 0.137592 
-1.540000 	 0.182986 
-1.520000 	 0.192365 
-1.500000 	 0.195216 
-1.480000 	 0.360298 
-1.460000 	 -0.168776 
-1.440000 	 0.126372 
-1.420000 	 0.038401 
-1.400000 	 0.085907 
-1.380000 	 -0.012559 
-1.360000 	 0.126278 
-1.340000 	 0.063767 
-1.320000 	 0.054523 
-1.300000 	 -0.089252 
-1.280000 	 0.130893 
-1.260000 	 0.158812 
-1.240000 	 0.307126 
-1.220000 	 0.357992 
-1.200000 	 -0.060318 
-1.180000 	 0.139386 
-1.160000 	 0.277517 
-1.140000 	 -0.147656 
-1.120000 	 0.354393 
-1.100000 	 0.168048 
-1.080000 	 0.248237 
-1.060000 	 0.062239 
-1.040000 	 0.295502 
-1.020000 	 -0.071759 
-1.000000 	 0.058442 
-0.980000 	 0.291615 
-0.960000 	 0.173440 
-0.940000 	 0.047019 
-0.920000 	 0.182413 
-0.900000 	 0.121842 
-0.880000 	 0.003082 
-0.860000 	 0.127870 
-0.840000 	 0.088200 
-0.820000 	 -0.179924 
-0.800000 	 0.121066 
-0.780000 	 0.277896 
-0.760000 	 0.182072 
-0.740000 	 0.128552 
-0.720000 	 0.332728 
-0.700000 	 0.163995 
-0.680000 	 0.118469 
-0.660000 	 0.082033 
-0.640000 	 -0.053248 
-0.620000 	 0.287042 
-0.600000 	 0.368953 
-0.580000 	 -0.142581 
-0.560000 	 0.370165 
-0.540000 	 0.205298 
-0.520000 	 0.023977 
-0.500000 	 0.042925 
-0.480000 	 0.268378 
-0.460000 	 0.095151 
-0.440000 	 0.331283 
-0.420000 	 0.093683 
-0.400000 	 -0.015712 
-0.380000 	 0.112878 
-0.360000 	 0.332256 
-0.340000 	 0.127076 
-0.320000 	 0.128291 
-0.300000 	 0.158338 
-0.280000 	 0.283783 
-0.260000 	 0.093052 
-0.240000 	 0.441508 
-0.220000 	 0.011991 
-0.200000 	 0.322315 
-0.180000 	 0.530217 
-0.160000 	 0.376503 
-0.140000 	 0.277291 
-0.120000 	 0.398888 
-0.100000 	 -0.105649 
-0.080000 	 0.095819 
-0.060000 	 -0.030193 
-0.040000 	 0.078505 
-0.020000 	 0.477431 
0.000000 	 0.125003 
0.020000 	 0.297518 
0.040000 	 0.320309 
0.060000 	 0.134655 
0.080000 	 0.233945 
0.100000 	 0.010210 
0.120000 	 0.115317 
0.140000 	 0.452894 
0.160000 	 0.208192 
0.180000 	 0.271276 
0.200000 	 0.253786 
0.220000 	 0.355187 
0.240000 	 0.212228 
0.260000 	 0.165945 
0.280000 	 0.272631 
0.300000 	 0.534522 
0.320000 	 0.252298 
0.340000 	 0.459718 
0.360000 	 0.407966 
0.380000 	 0.357785 
0.400000 	 0.381409 
0.420000 	 0.208567 
0.440000 	 0.494933 
0.460000 	 0.204128 
0.480000 	 0.452042 
0.500000 	 0.341163 
0.520000 	 0.375624 
0.540000 	 0.185696 
0.560000 	 0.464841 
0.580000 	 0.796176 
0.600000 	 0.372417 
0.620000 	 0.246789 
0.640000 	 0.332333 
0.660000 	 0.120322 
0.680000 	 0.441354 
0.700000 	 0.285467 
0.720000 	 0.455948 
0.740000 	 0.208821 
0.760000 	 0.491097 
0.780000 	 0.476575 
0.800000 	 0.413253 
0.820000 	 0.690715 
0.840000 	 0.231658 
0.860000 	 0.345138 
0.880000 	 0.314376 
0.900000 	 0.927120 
0.920000 	 0.405553 
0.940000 	 0.271935 
0.960000 	 0.876977 
0.980000 	 0.267223 
1.000000 	 0.604404 
1.020000 	 0.328347 
1.040000 	 0.610406 
1.060000 	 0.236926 
1.080000 	 0.762735 
1.100000 	 0.510290 
1.120000 	 0.778113 
1.140000 	 0.389275 
1.160000 	 0.585421 
1.180000 	 0.174709 
1.200000 	 0.441547 
1.220000 	 0.521384 
1.240000 	 0.586596 
1.260000 	 0.607324 
1.280000 	 0.589750 
1.300000 	 0.873965 
1.320000 	 0.790203 
1.340000 	 0.797334 
1.360000 	 0.736689 
1.380000 	 0.746508 
1.400000 	 0.924172 
1.420000 	 0.819917 
1.440000 	 0.704065 
1.460000 	 0.764060 
1.480000 	 1.145590 
1.500000 	 0.809815 
1.520000 	 0.715722 
1.540000 	 0.693958 
1.560000 	 0.684499 
1.580000 	 0.866854 
1.600000 	 1.079637 
1.620000 	 0.919912 
1.640000 	 0.627324 
1.660000 	 0.958537 
1.680000 	 1.113270 
1.700000 	 0.533569 
1.720000 	 1.204576 
1.740000 	 0.741509 
1.760000 	 0.885736 
1.780000 	 0.980405 
1.800000 	 0.773546 
1.820000 	 0.794055 
1.840000 	 1.037538 
1.860000 	 1.178946 
1.880000 	 1.001699 
1.900000 	 0.794565 
1.920000 	 0.712376 
1.940000 	 0.746435 
1.960000 	 0.992620 
1.980000 	 0.899799 
2.000000 	 1.259923 
2.020000 	 1.123750 
2.040000 	 1.009902 
2.060000 	 0.919737 
2.080000 	 0.920438 
2.100000 	 1.228646 
2.120000 	 1.304345 
2.140000 	 0.895970 
2.160000 	 0.827392 
2.180000 	 1.072611 
2.200000 	 1.159665 
2.220000 	 1.387493 
2.240000 	 1.139648 
2.260000 	 1.358592 
2.280000 	 1.101568 
2.300000 	 1.086281 
2.320000 	 0.953749 
2.340000 	 1.377517 
2.360000 	 1.051063 
2.380000 	 1.012617 
2.400000 	 1.292837 
2.420000 	 1.303503 
2.440000 	 1.167311 
2.460000 	 0.957203 
2.480000 	 1.400577 
2.500000 	 1.073270 
2.520000 	 1.317356 
2.540000 	 1.073486 
2.560000 	 1.448936 
2.580000 	 1.285340 
2.600000 	 1.029621 
2.620000 	 1.625733 
2.640000 	 0.946037 
2.660000 	 1.197034 
2.680000 	 1.220307 
2.700000 	 1.121363 
2.720000 	 1.301459 
2.740000 	 1.484407 
2.760000 	 1.251645 
2.780000 	 1.712523 
2.800000 	 1.299486 
2.820000 	 1.367986 
2.840000 	 1.461251 
2.860000 	 1.386799 
2.880000 	 1.334510 
2.900000 	 1.580645 
2.920000 	 1.266969 
2.940000 	 1.202099 
2.960000 	 1.233816 
2.980000 	 1.504354 
3.000000 	 1.349416 
3.020000 	 1.227722 
3.040000 	 1.301910 
3.060000 	 1.427977 
3.080000 	 1.339477 
3.100000 	 1.473069 
3.120000 	 1.420414 
3.140000 	 1.611073 
3.160000 	 1.192811 
3.180000 	 1.472588 
3.200000 	 1.447756 
3.220000 	 1.573982 
3.240000 	 1.496526 
3.260000 	 1.749369 
3.280000 	 1.483395 
3.300000 	 1.569206 
3.320000 	 1.253931 
3.340000 	 1.478463 
3.360000 	 1.571495 
3.380000 	 1.800562 
3.400000 	 1.651672 
3.420000 	 1.404962 
3.440000 	 1.357665 
3.460000 	 1.584793 
3.480000 	 1.604205 
3.500000 	 1.421149 
3.520000 	 1.341944 
3.540000 	 1.619165 
3.560000 	 1.422673 
3.580000 	 1.443258 
3.600000 	 1.473736 
3.620000 	 1.441554 
3.640000 	 1.500662 
3.660000 	 1.494503 
3.680000 	 1.474192 
3.700000 	 1.438057 
3.720000 	 1.659068 
3.740000 	 1.665658 
3.760000 	 1.406035 
3.780000 	 1.348984 
3.800000 	 1.670152 
3.820000 	 1.642341 
3.840000 	 1.434816 
3.860000 	 1.787407 
3.880000 	 1.475755 
3.900000 	 1.607658 
3.920000 	 1.430004 
3.940000 	 1.792250 
3.960000 	 1.430568 
3.980000 	 1.756788 
4.000000 	 0.100000 
4.020000 	 1.558222 
4.040000 	 1.790344 
4.060000 	 1.474105 
4.080000 	 1.425862 
4.100000 	 1.452302 
4.120000 	 1.637942 
4.140000 	 1.309798 
4.160000 	 1.676853 
4.180000 	 1.812983 
4.200000 	 1.645666 
4.220000 	 1.670584 
4.240000 	 1.709042 
4.260000 	 1.556266 
4.280000 	 1.392079 
4.300000 	 1.311278 
4.320000 	 1.856499 
4.340000 	 1.425890 
4.360000 	 1.826496 
4.380000 	 1.683845 
4.400000 	 1.320345 
4.420000 	 1.365504 
4.440000 	 1.613956 
4.460000 	 1.308056 
4.480000 	 1.806535 
4.500000 	 1.637280 
4.520000 	 1.787657 
4.540000 	 1.617345 
4.560000 	 1.786171 
4.580000 	 1.660819 
4.600000 	 1.487852 
4.620000 	 1.666459 
4.640000 	 1.627721 
4.660000 	 1.434588 
4.680000 	 1.616130 
4.700000 	 1.348921 
4.720000 	 1.256027 
4.740000 	 1.453583 
4.760000 	 1.496762 
4.780000 	 1.493794 
4.800000 	 1.398270 
4.820000 	 1.628958 
4.840000 	 1.352721 
4.860000 	 1.744084 
4.880000 	 1.480576 
4.900000 	 1.532284 
4.920000 	 1.397891 
4.940000 	 1.296605 
4.960000 	 1.553968 
4.980000 	 1.418713 
5.000000 	 1.537732 
5.020000 	 1.422478 
5.040000 	 1.494161 
5.060000 	 1.209103 
5.080000 	 1.583381 
5.100000 	 1.192867 
5.120000 	 1.466321 
5.140000 	 1.264811 
5.160000 	 1.081123 
5.180000 	 1.483293 
5.200000 	 1.540186 
5.220000 	 1.271868 
5.240000 	 1.218080 
5.260000 	 1.302789 
5.280000 	 1.126971 
5.300000 	 1.092054 
5.320000 	 1.370384 
5.340000 	 1.320599 
5.360000 	 1.308185 
5.380000 	 1.072648 
5.400000 	 1.157766 
5.420000 	 1.411425 
5.440000 	 1.038428 
5.460000 	 1.099793 
5.480000 	 1.366119 
5.500000 	 1.572485 
5.520000 	 1.437675 
5.540000 	 1.110304 
5.560000 	 1.120172 
5.580000 	 1.269722 
5.600000 	 1.166074 
5.620000 	 1.332270 
5.640000 	 1.163770 
5.660000 	 1.325453 
5.680000 	 1.118136 
5.700000 	 1.190563 
5.720000 	 0.977712 
5.740000 	 0.700895 
5.760000 	 1.012856 
5.780000 	 1.475582 
5.800000 	 1.218334 
5.820000 	 0.814937 
5.840000 	 0.944784 
5.860000 	 0.905665 
5.880000 	 1.292178 
5.900000 	 1.156455 
5.920000 	 1.193450 
5.940000 	 0.963303 
5.960000 	 1.031793 
5.980000 	 1.064165 
6.000000 	 0.817325 
6.020000 	 1.036805 
6.040000 	 0.915446 
6.060000 	 0.904778 
6.080000 	 0.868776 
6.100000 	 1.146567 
6.120000 	 0.932434 
6.140000 	 0.884402 
6.160000 	 0.919843 
6.180000 	 0.718219 
6.200000 	 0.709523 
6.220000 	 0.606311 
6.240000 	 0.848445 
6.260000 	 0.870815 
6.280000 	 0.824132 
6.300000 	 1.072993 
6.320000 	 0.983587 
6.340000 	 0.892993 
6.360000 	 0.842287 
6.380000 	 0.792206 
6.400000 	 1.106909 
6.420000 	 0.782478 
6.440000 	 0.472151 
6.460000 	 0.978260 
6.480000 	 0.909931 
6.500000 	 0.790631 
6.520000 	 0.744419 
6.540000 	 0.678693 
6.560000 	 0.772898 
6.580000 	 0.921644 
6.600000 	 0.559580 
6.620000 	 0.771431 
6.640000 	 0.598173 
6.660000 	 0.672530 
6.680000 	 0.616538 
6.700000 	 0.695107 
6.720000 	 0.565453 
6.740000 	 0.568634 
6.760000 	 0.720114 
6.780000 	 0.634877 
6.800000 	 0.446953 
6.820000 	 0.461055 
6.840000 	 0.560732 
6.860000 	 0.474506 
6.880000 	 0.651582 
6.900000 	 0.520980 
6.920000 	 0.538646 
6.940000 	 0.611111 
6.960000 	 0.627624 
6.980000 	 0.576236 
7.000000 	 0.644952 
7.020000 	 0.375638 
7.040000 	 0.464127 
7.060000 	 0.551867 
7.080000 	 0.526040 
7.100000 	 0.498085 
7.120000 	 0.307791 
7.140000 	 0.438768 
7.160000 	 0.308856 
7.180000 	 0.563060 
7.200000 	 0.108857 
7.220000 	 0.456056 
7.240000 	 0.630777 
7.260000 	 0.321872 
7.280000 	 0.401144 
7.300000 	 0.095376 
7.320000 	 0.484955 
7.340000 	 0.391028 
7.360000 	 0.416254 
7.380000 	 0.344193 
7.400000 	 0.281367 
7.420000 	 0.414456 
7.440000 	 0.536805 
7.460000 	 0.399567 
7.480000 	 0.491754 
7.500000 	 0.286135 
7.520000 	 0.589007 
7.540000 	 0.255760 
7.560000 	 0.312294 
7.580000 	 0.325409 
7.600000 	 0.590351 
7.620000 	 0.518863 
7.640000 	 0.453527 
7.660000 	 0.616079 
7.680000 	 0.426267 
7.700000 	 0.424891 
7.720000 	 -0.039435 
7.740000 	 0.150210 
7.760000 	 0.451681 
7.780000 	 -0.035172 
7.800000 	 0.310969 
7.820000 	 0.301071 
7.840000 	 0.318644 
7.860000 	 0.346312 
7.880000 	 -0.108629 
7.900000 	 -0.001394 
7.920000 	 0.245458 
7.940000 	 0.289172 
7.960000 	 0.251491 
7.980000 	 0.136813 
8.000000 	 0.077791 
8.020000 	 0.238771 
8.040000 	 0.600443 
8.060000 	 0.127968 
8.080000 	 0.061812 
8.100000 	 0.080305 
8.120000 	 0.477558 
8.140000 	 0.033062 
8.160000 	 0.107721 
8.180000 	 0.600000 
8.200000 	 0.120066 
8.220000 	 -0.157666 
8.240000 	 0.319546 
8.260000 	 0.144817 
8.280000 	 -0.014827 
8.300000 	 0.159683 
8.320000 	 0.133359 
8.340000 	 0.061224 
8.360000 	 0.175200 
8.380000 	 0.125500 
8.400000 	 0.182163 
8.420000 	 0.112870 
8.440000 	 0.130434 
8.460000 	 0.014169 
8.480000 	 0.227745 
8.500000 	 -0.018063 
8.520000 	 0.284452 
8.540000 	 0.218548 
8.560000 	 0.395107 
8.580000 	 0.226357 
8.600000 	 0.119098 
8.620000 	 0.341846 
8.640000 	 0.135846 
8.660000 	 0.228662 
8.680000 	 0.153114 
8.700000 	 -0.120865 
8.720000 	 -0.028545 
8.740000 	 0.382262 
8.760000 	 -0.030152 
8.780000 	 -0.051418 
8.800000 	 -0.120968 
8.820000 	 0.191461 
8.840000 	 -0.114159 
8.860000 	 0.193323 
8.880000 	 0.141568 
8.900000 	 -0.184043 
8.920000 	 0.422749 
8.940000 	 0.144064 
8.960000 	 -0.109243 
8.980000 	 0.020512 
9.000000 	 0.083697 
9.020000 	 -0.148664 
9.040000 	 0.165476 
9.060000 	 0.152599 
9.080000 	 -0.161235 
9.100000 	 -0.163586 
9.120000 	 -0.025693 
9.140000 	 -0.102092 
9.160000 	 -0.037688 
9.180000 	 0.315459 
9.200000 	 0.080339 
9.220000 	 0.165848 
9.240000 	 -0.005334 
9.260000 	 0.004422 
9.280000 	 0.129338 
9.300000 	 0.246905 
9.320000 	 -0.172935 
9.340000 	 0.075230 
9.360000 	 -0.055913 
9.380000 	 -0.102769 
9.400000 	 0.346950 
9.420000 	 -0.125143 
9.440000 	 0.056749 
9.460000 	 -0.117618 
9.480000 	 0.036084 
9.500000 	 0.212800 
9.520000 	 0.136932 
9.540000 	 -0.086179 
9.560000 	 -0.140225 
9.580000 	 0.093759 
9.600000 	 0.072886 
9.620000 	 -0.110835 
9.640000 	 0.074065 
9.660000 	 0.028975 
9.680000 	 -0.139682 
9.700000 	 0.006891 
9.720000 	 -0.047751 
9.740000 	 0.157639 
9.760000 	 0.087111 
9.780000 	 -0.049020 
9.800000 	 -0.082239 
9.820000 	 -0.054830 
9.840000 	 0.178348 
9.860000 	 -0.242572 
9.880000 	 0.093414 
9.900000 	 0.286811 
9.920000 	 -0.207078 
9.940000 	 0.176216 
9.960000 	 -0.093196 
9.980000 	 0.109761 
10.000000 	 -0.046643 
10.020000 	 0.230292 
10.040000 	 -0.215651 
10.060000 	 0.265138 
10.080000 	 0.036241 
10.100000 	 -0.023265 
10.120000 	 -0.061572 
10.140000 	 0.238944 
10.160000 	 0.171086 
10.180000 	 -0.006888 
10.200000 	 0.026614 
10.220000 	 0.029435 
10.240000 	 -0.147335 
10.260000 	 0.158630 
10.280000 	 -0.008589 
10.300000 	 -0.025940 
10.320000 	 0.218723 
10.340000 	 0.254494 
10.360000 	 -0.133161 
10.380000 	 0.158113 
10.400000 	 -0.033967 
10.420000 	 0.115185 
10.440000 	 -0.034351 
10.460000 	 -0.232924 
10.480000 	 0.045990 
10.500000 	 -0.211424 
10.520000 	 0.202744 
10.540000 	 0.127616 
10.560000 	 -0.313282 
10.580000 	 -0.142007 
10.600000 	 0.078549 
10.620000 	 0.133837 
10.640000 	 0.293001 
10.660000 	 0.109566 
10.680000 	 -0.031906 
10.700000 	 -0.203699 
10.720000 	 -0.002898 
10.740000 	 -0.009725 
10.760000 	 -0.129631 
10.780000 	 -0.044607 
10.800000 	 0.122677 
10.820000 	 0.113340 
10.840000 	 -0.042076 
10.860000 	 -0.269474 
10.880000 	 0.019201 
10.900000 	 0.155174 
10.920000 	 0.015133 
10.940000 	 -0.246609 
10.960000 	 -0.228138 
10.980000 	 -0.093243 
11.000000 	 0.029889 
11.020000 	 0.138435 
11.040000 	 0.147113 
11.060000 	 0.066107 
11.080000 	 0.186284 
11.100000 	 0.102934 
11.120000 	 -0.094699 
11.140000 	 0.323618 
11.160000 	 0.303921 
11.180000 	 0.248247 
11.200000 	 0.042250 
11.220000 	 -0.255618 
11.240000 	 -0.092645 
11.260000 	 -0.039461 
11.280000 	 -0.112421 
11.300000 	 0.196024 
11.320000 	 0.091712 
11.340000 	 0.362788 
11.360000 	 -0.163749 
11.380000 	 0.102765 
11.400000 	 -0.029367 
11.420000 	 0.018269 
11.440000 	 0.174333 
11.460000 	 0.184590 
11.480000 	 0.000566 
11.500000 	 0.235647 
11.520000 	 -0.073456 
11.540000 	 0.399376 
11.560000 	 -0.121716 
11.580000 	 0.024771 
11.600000 	 0.034329 
11.620000 	 0.054546 
11.640000 	 0.137463 
11.660000 	 0.047398 
11.680000 	 0.085892 
11.700000 	 -0.001664 
11.720000 	 0.030640 
11.740000 	 -0.111634 
11.760000 	 -0.366581 
11.780000 	 -0.049791 
11.800000 	 0.134893 
11.820000 	 0.088475 
11.840000 	 0.062186 
11.860000 	 -0.116953 
11.880000 	 0.117681 
11.900000 	 0.415659 
11.920000 	 0.083819 
11.940000 	 0.072733 
11.960000 	 0.055606 
11.980000 	 -0.156401 
12.000000 	 0.085495 
12.020000 	 0.013805 
12.040000 	 0.272870 
12.060000 	 -0.195135 
12.080000 	 0.117310 
12.100000 	 -0.106600 
12.120000 	 -0.104696 
12.140000 	 0.169957 
12.160000 	 0.158629 
12.180000 	 0.020069 
12.200000 	 -0.031632 
12.220000 	 -0.103403 
12.240000 	 0.119241 
12.260000 	 -0.049921 
12.280000 	 0.098959 
12.300000 	 0.204726 
12.320000 	 -0.043723 
12.340000 	 -0.020800 
12.360000 	 0.181303 
12.380000 	 0.118387 
12.400000 	 0.028062 
12.420000 	 -0.080899 
12.440000 	 0.486675 
12.460000 	 -0.132424 
12.480000 	 -0.147010 
12.500000 	 -0.198716 
12.520000 	 -0.025233 
12.540000 	 -0.025476 
12.560000 	 0.078794 
12.580000 	 0.022619 
12.600000 	 -0.063022 
12.620000 	 -0.142123 
12.640000 	 -0.003194 
12.660000 	 0.002707 
12.680000 	 0.067414 
12.700000 	 -0.033144 
12.720000 	 0.099456 
12.740000 	 -0.179608 
12.760000 	 -0.039102 
12.780000 	 0.130426 
12.800000 	 -0.226034 
12.820000 	 -0.124947 
12.840000 	 -0.123874 
12.860000 	 0.002989 
12.880000 	 -0.200000 
12.900000 	 0.088798 
12.920000 	 0.102388 
12.940000 	 0.053519 
12.960000 	 0.800000 
12.980000 	 -0.011663 
13.000000 	 -0.009588 
13.020000 	 -0.284462 
13.040000 	 0.262749 
13.060000 	 0.224259 
13.080000 	 0.034072 
13.100000 	 0.325061 
13.120000 	 -0.080261 
13.140000 	 0.371544 
13.160000 	 0.095362 
13.180000 	 0.069255 
13.200000 	 -0.178132 
13.220000 	 0.102326 
13.240000 	 0.049213 
13.260000 	 -0.274087 
13.280000 	 -0.103545 
13.300000 	 -0.193547 
13.320000 	 -0.071157 
13.340000 	 -0.246248 
13.360000 	 0.226318 
13.380000 	 -0.152365 
13.400000 	 0.108144 
13.420000 	 0.027075 
13.440000 	 -0.149809 
13.460000 	 -0.035016 
13.480000 	 -0.110782 
13.500000 	 0.340075 
13.520000 	 0.080536 
13.540000 	 0.036517 
13.560000 	 0.349366 
13.580000 	 0.086707 
13.600000 	 0.002277 
13.620000 	 -0.103621 
13.640000 	 0.116154 
13.660000 	 0.051612 
13.680000 	 -0.132710 
13.700000 	 -0.092172 
13.720000 	 0.148827 
13.740000 	 -0.006362 
13.760000 	 -0.136325 
13.780000 	 0.165943 
13.800000 	 -0.133635 
13.820000 	 0.113229 
13.840000 	 -0.114246 
13.860000 	 -0.216243 
13.880000 	 -0.025094 
13.900000 	 -0.049268 
13.920000 	 0.067278 
13.940000 	 0.083341 
13.960000 	 0.011307 
13.980000 	 0.063748 
14.000000 	 0.065243 
14.020000 	 0.000601 
14.040000 	 -0.074417 
14.060000 	 -0.066309 
14.080000 	 0.000481 
14.100000 	 0.041603 
14.120000 	 -0.086188 
14.140000 	 0.168948 
14.160000 	 -0.051191 
14.180000 	 -0.103168 
14.200000 	 0.195661 
14.220000 	 0.022798 
14.240000 	 0.086812 
14.260000 	 -0.035422 
14.280000 	 -0.141480 
14.300000 	 0.114234 
14.320000 	 0.110260 
14.340000 	 -0.156210 
14.360000 	 -0.095382 
14.380000 	 -0.006712 
14.400000 	 0.110314 
14.420000 	 0.102379 
14.440000 	 0.141218 
14.460000 	 0.006158 
14.480000 	 0.031626 
14.500000 	 0.191038 
14.520000 	 -0.063667 
14.540000 	 0.023388 
14.560000 	 0.059783 
14.580000 	 0.027984 
14.600000 	 0.100103 
14.620000 	 -0.134791 
14.640000 	 -0.194954 
14.660000 	 -0.073218 
14.680000 	 0.315310 
14.700000 	 -0.083136 
14.720000 	 0.110182 
14.740000 	 -0.191260 
14.760000 	 -0.401580 
14.780000 	 -0.082695 
14.800000 	 -0.052017 
14.820000 	 -0.039080 
14.840000 	 -0.370783 
14.860000 	 -0.092869 
14.880000 	 -0.115031 
14.900000 	 -0.116002 
14.920000 	 -0.233007 
14.940000 	 0.063698 
14.960000 	 -0.001151 
14.980000 	 -0.081236 
15.000000 	 0.188756 
