-15.000000 	 -0.212703 
-14.980000 	 -0.034656 
-14.960000 	 0.014149 
-14.940000 	 -0.174740 
-14.920000 	 -0.022261 
-14.900000 	 -0.108465 
-14.880000 	 0.051699 
-14.860000 	 0.161742 
-14.840000 	 -0.070801 
-14.820000 	 0.054766 
-14.800000 	 -0.114022 
-14.780000 	 0.048361 
-14.760000 	 -0.283390 
-14.740000 	 -0.095869 
-14.720000 	 0.104366 
-14.700000 	 0.038478 
-14.680000 	 -0.129635 
-14.660000 	 -0.040654 
-14.640000 	 0.244003 
-14.620000 	 0.217161 
-14.600000 	 -0.161814 
-14.580000 	 0.080782 
-14.560000 	 -0.161141 
-14.540000 	 0.160114 
-14.520000 	 -0.204354 
-14.500000 	 -0.072627 
-14.480000 	 -0.012691 
-14.460000 	 -0.061047 
-14.440000 	 0.148010 
-14.420000 	 0.150670 
-14.400000 	 -0.151870 
-14.380000 	 0.120057 
-14.360000 	 0.095721 
-14.340000 	 -0.037376 
-14.320000 	 -0.244427 
-14.300000 	 -0.125949 
-14.280000 	 0.218844 
-14.260000 	 -0.117981 
-14.240000 	 0.030509 
-14.220000 	 -0.027952 
-14.200000 	 0.117551 
-14.180000 	 0.121318 
-14.160000 	 0.113815 
-14.140000 	 -0.003085 
-14.120000 	 0.291539 
-14.100000 	 -0.005469 
-14.080000 	 0.127416 
-14.060000 	 0.127667 
-14.040000 	 0.063369 
-14.020000 	 0.010642 
-14.000000 	 -0.270976 
-13.980000 	 0.032809 
-13.960000 	 -0.046912 
-13.940000 	 -0.254258 
-13.920000 	 -0.215590 
-13.900000 	 0.019115 
-13.880000 	 0.144968 
-13.860000 	 -0.237263 
-13.840000 	 0.031379 
-13.820000 	 0.002812 
-13.800000 	 -0.118562 
-13.780000 	 0.322850 
-13.760000 	 0.229404 
-13.740000 	 -0.269537 
-13.720000 	 -0.055809 
-13.700000 	 0.057616 
-13.680000 	 0.092294 
-13.660000 	 -0.135080 
-13.640000 	 -0.091268 
-13.620000 	 -0.081459 
-13.600000 	 -0.212511 
-13.580000 	 0.143555 
-13.560000 	 -0.120886 
-13.540000 	 -0.047115 
-13.520000 	 0.052162 
-13.500000 	 -0.042631 
-13.480000 	 0.154145 
-13.460000 	 -0.002905 
-13.440000 	 -0.165068 
-13.420000 	 -0.082269 
-13.400000 	 -0.257478 
-13.380000 	 -0.061621 
-13.360000 	 -0.120455 
-13.340000 	 0.064084 
-13.320000 	 -0.020955 
-13.300000 	 -0.266295 
-13.280000 	 0.024878 
-13.260000 	 0.118822 
-13.240000 	 0.023300 
-13.220000 	 0.020628 
-13.200000 	 0.132941 
-13.180000 	 0.088201 
-13.160000 	 0.070326 
-13.140000 	 0.061684 
-13.120000 	 0.009500 
-13.100000 	 -0.033377 
-13.080000 	 0.414678 
-13.060000 	 0.030867 
-13.040000 	 -0.014911 
-13.020000 	 0.174036 
-13.000000 	 -0.150947 
-12.980000 	 -0.218033 
-12.960000 	 0.173105 
-12.940000 	 -0.115388 
-12.920000 	 -0.170618 
-12.900000 	 0.393013 
-12.880000 	 -0.213286 
-12.860000 	 -0.091084 
-12.840000 	 0.157107 
-12.820000 	 -0.191686 
-12.800000 	 -0.257038 
-12.780000 	 -0.138820 
-12.760000 	 -0.223001 
-12.740000 	 0.032796 
-12.720000 	 0.280162 
-12.700000 	 0.049827 
-12.680000 	 0.095569 
-12.660000 	 0.082681 
-12.640000 	 0.309641 
-12.620000 	 -0.000274 
-12.600000 	 0.150385 
-12.580000 	 0.156258 
-12.560000 	 0.029405 
-12.540000 	 0.031613 
-12.520000 	 -0.119661 
-12.500000 	 0.227761 
-12.480000 	 0.107851 
-12.460000 	 0.084360 
-12.440000 	 -0.097396 
-12.420000 	 0.208111 
-12.400000 	 0.107228 
-12.380000 	 -0.029646 
-12.360000 	 -0.086420 
-12.340000 	 0.301136 
-12.320000 	 -0.201140 
-12.300000 	 -0.095559 
-12.280000 	 0.145069 
-12.260000 	 -0.098660 
-12.240000 	 -0.058725 
-12.220000 	 0.229832 
-12.200000 	 0.118405 
-12.180000 	 -0.187005 
-12.160000 	 -0.049110 
-12.140000 	 0.100590 
-12.120000 	 0.021864 
-12.100000 	 0.165364 
-12.080000 	 0.021154 
-12.060000 	 -0.071054 
-12.040000 	 0.095941 
-12.020000 	 0.149396 
-12.000000 	 0.057349 
-11.980000 	 0.127416 
-11.960000 	 0.058981 
-11.940000 	 0.249637 
-11.920000 	 -0.067627 
-11.900000 	 -0.083902 
-11.880000 	 0.142682 
-11.860000 	 -0.076591 
-11.840000 	 -0.005234 
-11.820000 	 0.277000 
-11.800000 	 -0.147397 
-11.780000 	 -0.115960 
-11.760000 	 -0.081639 
-11.740000 	 -0.007918 
-11.720000 	 -0.020563 
-11.700000 	 0.032531 
-11.680000 	 -0.057728 
-11.660000 	 0.192879 
-11.640000 	 -0.073920 
-11.620000 	 0.225572 
-11.600000 	 -0.212966 
-11.580000 	 -0.057171 
-11.560000 	 0.235451 
-11.540000 	 0.023258 
-11.520000 	 -0.064037 
-11.500000 	 -0.136711 
-11.480000 	 0.051722 
-11.460000 	 0.147234 
-11.440000 	 -0.005336 
-11.420000 	 -0.063110 
-11.400000 	 0.058131 
-11.380000 	 0.090391 
-11.360000 	 -0.018359 
-11.340000 	 0.103752 
-11.320000 	 -0.019112 
-11.300000 	 -0.070988 
-11.280000 	 0.177069 
-11.260000 	 0.039745 
-11.240000 	 -0.034958 
-11.220000 	 0.045128 
-11.200000 	 0.102781 
-11.180000 	 0.013030 
-11.160000 	 0.255257 
-11.140000 	 0.116945 
-11.120000 	 0.245097 
-11.100000 	 -0.102608 
-11.080000 	 -0.048652 
-11.060000 	 0.119372 
-11.040000 	 0.039347 
-11.020000 	 0.301496 
-11.000000 	 0.016143 
-10.980000 	 0.142635 
-10.960000 	 -0.126917 
-10.940000 	 -0.099081 
-10.920000 	 -0.088580 
-10.900000 	 0.066952 
-10.880000 	 -0.130143 
-10.860000 	 -0.258431 
-10.840000 	 0.151695 
-10.820000 	 0.292882 
-10.800000 	 0.014738 
-10.780000 	 0.008962 
-10.760000 	 0.048611 
-10.740000 	 0.016011 
-10.720000 	 -0.099666 
-10.700000 	 -0.176554 
-10.680000 	 -0.109031 
-10.660000 	 0.202831 
-10.640000 	 -0.251771 
-10.620000 	 -0.117907 
-10.600000 	 -0.287606 
-10.580000 	 0.142167 
-10.560000 	 -0.082632 
-10.540000 	 0.079549 
-10.520000 	 -0.201026 
-10.500000 	 -0.011283 
-10.480000 	 0.037110 
-10.460000 	 0.125706 
-10.440000 	 -0.119944 
-10.420000 	 -0.059998 
-10.400000 	 -0.113853 
-10.380000 	 -0.144384 
-10.360000 	 0.082640 
-10.340000 	 -0.266453 
-10.320000 	 0.117143 
-10.300000 	 -0.214873 
-10.280000 	 0.308381 
-10.260000 	 -0.004561 
-10.240000 	 0.119951 
-10.220000 	 0.039095 
-10.200000 	 -0.046515 
-10.180000 	 -0.119196 
-10.160000 	 0.047904 
-10.140000 	 -0.201242 
-10.120000 	 0.027163 
-10.100000 	 0.031834 
-10.080000 	 -0.188834 
-10.060000 	 0.074082 
-10.040000 	 0.084014 
-10.020000 	 0.173353 
-10.000000 	 -0.151525 
-9.980000 	 -0.122514 
-9.960000 	 0.185498 
-9.940000 	 -0.062134 
-9.920000 	 0.148827 
-9.900000 	 -0.046881 
-9.880000 	 -0.210344 
-9.860000 	 -0.030062 
-9.840000 	 0.038903 
-9.820000 	 0.171974 
-9.800000 	 -0.195088 
-9.780000 	 0.062428 
-9.760000 	 0.105493 
-9.740000 	 0.016422 
-9.720000 	 0.118329 
-9.700000 	 -0.352621 
-9.680000 	 0.090555 
-9.660000 	 -0.152187 
-9.640000 	 0.050455 
-9.620000 	 -0.151182 
-9.600000 	 -0.030888 
-9.580000 	 0.355307 
-9.560000 	 0.243395 
-9.540000 	 0.246679 
-9.520000 	 -0.135769 
-9.500000 	 0.064531 
-9.480000 	 0.150052 
-9.460000 	 -0.526883 
-9.440000 	 -0.216349 
-9.420000 	 -0.230155 
-9.400000 	 -0.071219 
-9.380000 	 0.067040 
-9.360000 	 -0.089519 
-9.340000 	 -0.024489 
-9.320000 	 -0.130965 
-9.300000 	 -0.086228 
-9.280000 	 -0.029495 
-9.260000 	 -0.189212 
-9.240000 	 -0.315052 
-9.220000 	 0.116681 
-9.200000 	 -0.122244 
-9.180000 	 0.266797 
-9.160000 	 0.233958 
-9.140000 	 -0.140779 
-9.120000 	 -0.138428 
-9.100000 	 0.019240 
-9.080000 	 0.216018 
-9.060000 	 0.003451 
-9.040000 	 -0.126198 
-9.020000 	 -0.153962 
-9.000000 	 0.139736 
-8.980000 	 0.213501 
-8.960000 	 -0.186815 
-8.940000 	 0.002591 
-8.920000 	 -0.241052 
-8.900000 	 0.240449 
-8.880000 	 0.143408 
-8.860000 	 0.066728 
-8.840000 	 -0.107183 
-8.820000 	 -0.112201 
-8.800000 	 -0.325911 
-8.780000 	 -0.090084 
-8.760000 	 -0.226777 
-8.740000 	 -0.092395 
-8.720000 	 0.181313 
-8.700000 	 -0.264273 
-8.680000 	 0.071106 
-8.660000 	 0.132679 
-8.640000 	 0.194926 
-8.620000 	 0.254479 
-8.600000 	 0.050870 
-8.580000 	 -0.027478 
-8.560000 	 0.326842 
-8.540000 	 -0.110734 
-8.520000 	 -0.259740 
-8.500000 	 0.055803 
-8.480000 	 0.099977 
-8.460000 	 -0.214132 
-8.440000 	 0.579329 
-8.420000 	 -0.093924 
-8.400000 	 0.174591 
-8.380000 	 -0.063807 
-8.360000 	 -0.031270 
-8.340000 	 0.347486 
-8.320000 	 -0.230334 
-8.300000 	 0.122277 
-8.280000 	 0.192489 
-8.260000 	 -0.144727 
-8.240000 	 0.256133 
-8.220000 	 0.272912 
-8.200000 	 0.282244 
-8.180000 	 0.120561 
-8.160000 	 -0.204739 
-8.140000 	 -0.178237 
-8.120000 	 0.110489 
-8.100000 	 0.357213 
-8.080000 	 0.294704 
-8.060000 	 0.014126 
-8.040000 	 0.126052 
-8.020000 	 0.003741 
-8.000000 	 -0.069272 
-7.980000 	 0.116831 
-7.960000 	 -0.110157 
-7.940000 	 0.069212 
-7.920000 	 -0.144115 
-7.900000 	 -0.252363 
-7.880000 	 0.248131 
-7.860000 	 -0.040345 
-7.840000 	 0.173830 
-7.820000 	 0.085212 
-7.800000 	 0.319572 
-7.780000 	 -0.148188 
-7.760000 	 -0.041860 
-7.740000 	 0.107366 
-7.720000 	 -0.199873 
-7.700000 	 0.026644 
-7.680000 	 0.415908 
-7.660000 	 0.098092 
-7.640000 	 0.062123 
-7.620000 	 0.166597 
-7.600000 	 -0.100311 
-7.580000 	 -0.061484 
-7.560000 	 0.134899 
-7.540000 	 0.800000 
-7.520000 	 0.126956 
-7.500000 	 0.143363 
-7.480000 	 0.199584 
-7.460000 	 -0.428353 
-7.440000 	 -0.051730 
-7.420000 	 0.074043 
-7.400000 	 0.147987 
-7.380000 	 -0.181829 
-7.360000 	 0.153773 
-7.340000 	 0.192930 
-7.320000 	 0.160400 
-7.300000 	 -0.170092 
-7.280000 	 0.292655 
-7.260000 	 0.247443 
-7.240000 	 -0.192972 
-7.220000 	 0.022748 
-7.200000 	 0.270056 
-7.180000 	 -0.177008 
-7.160000 	 0.004015 
-7.140000 	 -0.198417 
-7.120000 	 0.115418 
-7.100000 	 -0.329410 
-7.080000 	 0.482709 
-7.060000 	 0.337879 
-7.040000 	 0.522143 
-7.020000 	 0.081467 
-7.000000 	 0.199229 
-6.980000 	 0.370357 
-6.960000 	 0.290423 
-6.940000 	 0.036273 
-6.920000 	 0.097038 
-6.900000 	 0.057854 
-6.880000 	 0.177805 
-6.860000 	 0.164243 
-6.840000 	 -0.002870 
-6.820000 	 0.039009 
-6.800000 	 0.004989 
-6.780000 	 0.359492 
-6.760000 	 0.006705 
-6.740000 	 -0.009975 
-6.720000 	 -0.022183 
-6.700000 	 0.182114 
-6.680000 	 0.005761 
-6.660000 	 0.224091 
-6.640000 	 0.157070 
-6.620000 	 0.183708 
-6.600000 	 0.187995 
-6.580000 	 0.148700 
-6.560000 	 0.333696 
-6.540000 	 -0.124587 
-6.520000 	 -0.196663 
-6.500000 	 0.356633 
-6.480000 	 0.130319 
-6.460000 	 0.170585 
-6.440000 	 0.093077 
-6.420000 	 -0.049896 
-6.400000 	 0.367476 
-6.380000 	 0.068936 
-6.360000 	 -0.084659 
-6.340000 	 0.145195 
-6.320000 	 0.217069 
-6.300000 	 0.050066 
-6.280000 	 0.137772 
-6.260000 	 0.149581 
-6.240000 	 -0.122632 
-6.220000 	 0.216177 
-6.200000 	 0.015885 
-6.180000 	 0.176357 
-6.160000 	 0.217103 
-6.140000 	 -0.036478 
-6.120000 	 0.004314 
-6.100000 	 0.249045 
-6.080000 	 -0.018881 
-6.060000 	 0.159787 
-6.040000 	 0.351183 
-6.020000 	 0.427844 
-6.000000 	 0.634224 
-5.980000 	 0.179676 
-5.960000 	 0.180479 
-5.940000 	 0.147412 
-5.920000 	 0.493001 
-5.900000 	 0.430621 
-5.880000 	 0.237705 
-5.860000 	 0.229863 
-5.840000 	 0.117828 
-5.820000 	 0.239263 
-5.800000 	 0.345937 
-5.780000 	 0.074540 
-5.760000 	 0.260658 
-5.740000 	 0.218909 
-5.720000 	 0.452104 
-5.700000 	 0.153034 
-5.680000 	 0.412925 
-5.660000 	 0.476269 
-5.640000 	 0.000535 
-5.620000 	 0.593166 
-5.600000 	 0.065281 
-5.580000 	 0.325788 
-5.560000 	 0.056686 
-5.540000 	 0.198537 
-5.520000 	 0.190468 
-5.500000 	 0.277951 
-5.480000 	 0.248613 
-5.460000 	 0.355794 
-5.440000 	 0.462282 
-5.420000 	 0.167646 
-5.400000 	 0.421651 
-5.380000 	 0.130386 
-5.360000 	 0.256242 
-5.340000 	 0.335107 
-5.320000 	 0.417406 
-5.300000 	 0.358648 
-5.280000 	 0.268328 
-5.260000 	 0.385454 
-5.240000 	 0.356359 
-5.220000 	 0.467914 
-5.200000 	 0.301421 
-5.180000 	 0.755834 
-5.160000 	 0.536664 
-5.140000 	 0.693349 
-5.120000 	 0.252907 
-5.100000 	 0.490745 
-5.080000 	 0.415848 
-5.060000 	 0.534292 
-5.040000 	 0.427269 
-5.020000 	 0.511111 
-5.000000 	 0.211666 
-4.980000 	 0.582985 
-4.960000 	 0.413295 
-4.940000 	 0.530266 
-4.920000 	 0.370873 
-4.900000 	 0.218772 
-4.880000 	 0.495747 
-4.860000 	 0.423661 
-4.840000 	 0.118478 
-4.820000 	 0.430777 
-4.800000 	 0.464378 
-4.780000 	 0.462503 
-4.760000 	 0.337671 
-4.740000 	 0.876757 
-4.720000 	 0.785104 
-4.700000 	 0.608237 
-4.680000 	 0.368693 
-4.660000 	 0.189232 
-4.640000 	 0.649840 
-4.620000 	 0.368269 
-4.600000 	 0.186155 
-4.580000 	 0.538820 
-4.560000 	 0.469239 
-4.540000 	 0.549284 
-4.520000 	 0.481490 
-4.500000 	 0.490076 
-4.480000 	 0.480899 
-4.460000 	 0.634767 
-4.440000 	 0.444833 
-4.420000 	 0.504496 
-4.400000 	 0.611806 
-4.380000 	 0.607118 
-4.360000 	 0.294355 
-4.340000 	 -0.100000 
-4.320000 	 0.599237 
-4.300000 	 0.348846 
-4.280000 	 0.373543 
-4.260000 	 0.469291 
-4.240000 	 0.329903 
-4.220000 	 0.540329 
-4.200000 	 0.653860 
-4.180000 	 0.656439 
-4.160000 	 0.713124 
-4.140000 	 0.498447 
-4.120000 	 0.606240 
-4.100000 	 0.685334 
-4.080000 	 0.651373 
-4.060000 	 0.198325 
-4.040000 	 0.422924 
-4.020000 	 0.344202 
-4.000000 	 0.263138 
-3.980000 	 0.506675 
-3.960000 	 0.645547 
-3.940000 	 0.608725 
-3.920000 	 0.492827 
-3.900000 	 0.262212 
-3.880000 	 0.398370 
-3.860000 	 0.599561 
-3.840000 	 0.337271 
-3.820000 	 0.581946 
-3.800000 	 0.595907 
-3.780000 	 0.317623 
-3.760000 	 0.349625 
-3.740000 	 0.501992 
-3.720000 	 0.039257 
-3.700000 	 0.719523 
-3.680000 	 0.651293 
-3.660000 	 0.531075 
-3.640000 	 0.327799 
-3.620000 	 0.584214 
-3.600000 	 0.470371 
-3.580000 	 0.679768 
-3.560000 	 0.490216 
-3.540000 	 0.416339 
-3.520000 	 0.506957 
-3.500000 	 0.711011 
-3.480000 	 0.534572 
-3.460000 	 0.571674 
-3.440000 	 0.533084 
-3.420000 	 0.371322 
-3.400000 	 0.375211 
-3.380000 	 0.626556 
-3.360000 	 0.641896 
-3.340000 	 0.534048 
-3.320000 	 0.342384 
-3.300000 	 0.692400 
-3.280000 	 0.297902 
-3.260000 	 0.329180 
-3.240000 	 0.371482 
-3.220000 	 0.267399 
-3.200000 	 0.138709 
-3.180000 	 0.239482 
-3.160000 	 0.528559 
-3.140000 	 0.432646 
-3.120000 	 0.139021 
-3.100000 	 0.424110 
-3.080000 	 0.514802 
-3.060000 	 0.515058 
-3.040000 	 0.258196 
-3.020000 	 0.260649 
-3.000000 	 0.325663 
-2.980000 	 0.254225 
-2.960000 	 0.525281 
-2.940000 	 0.256224 
-2.920000 	 0.588507 
-2.900000 	 0.579874 
-2.880000 	 0.398498 
-2.860000 	 0.426326 
-2.840000 	 0.403788 
-2.820000 	 0.511056 
-2.800000 	 0.637881 
-2.780000 	 0.281963 
-2.760000 	 0.359002 
-2.740000 	 0.099697 
-2.720000 	 0.356369 
-2.700000 	 0.350006 
-2.680000 	 0.341324 
-2.660000 	 0.097718 
-2.640000 	 0.438896 
-2.620000 	 0.294110 
-2.600000 	 0.291275 
-2.580000 	 0.292767 
-2.560000 	 0.198142 
-2.540000 	 0.411444 
-2.520000 	 0.509789 
-2.500000 	 0.424909 
-2.480000 	 0.550290 
-2.460000 	 0.371423 
-2.440000 	 0.202001 
-2.420000 	 0.277113 
-2.400000 	 0.307297 
-2.380000 	 0.263066 
-2.360000 	 0.042309 
-2.340000 	 0.320914 
-2.320000 	 0.378979 
-2.300000 	 0.357413 
-2.280000 	 0.148460 
-2.260000 	 0.317268 
-2.240000 	 0.166006 
-2.220000 	 0.200711 
-2.200000 	 0.253273 
-2.180000 	 0.116869 
-2.160000 	 0.488280 
-2.140000 	 0.389244 
-2.120000 	 0.271213 
-2.100000 	 0.160836 
-2.080000 	 0.254093 
-2.060000 	 0.094923 
-2.040000 	 0.233642 
-2.020000 	 0.407580 
-2.000000 	 0.265843 
-1.980000 	 0.093009 
-1.960000 	 0.420593 
-1.940000 	 0.139307 
-1.920000 	 0.472466 
-1.900000 	 0.038887 
-1.880000 	 0.188946 
-1.860000 	 -0.118118 
-1.840000 	 0.062844 
-1.820000 	 0.027465 
-1.800000 	 0.317514 
-1.780000 	 0.212055 
-1.760000 	 0.144735 
-1.740000 	 0.333745 
-1.720000 	 0.117227 
-1.700000 	 0.271193 
-1.680000 	 0.330895 
-1.660000 	 0.175543 
-1.640000 	 -0.110740 
-1.620000 	 0.044627 
-1.600000 	 0.180490 
-1.580000 	 0.276591 
-1.560000 	 0.066065 
-1.540000 	 0.071441 
-1.520000 	 0.242983 
-1.500000 	 0.172864 
-1.480000 	 0.179922 
-1.460000 	 0.285714 
-1.440000 	 0.281651 
-1.420000 	 -0.072669 
-1.400000 	 0.193338 
-1.380000 	 0.152819 
-1.360000 	 0.254839 
-1.340000 	 0.196814 
-1.320000 	 0.176527 
-1.300000 	 0.140260 
-1.280000 	 -0.048853 
-1.260000 	 0.215732 
-1.240000 	 -0.101628 
-1.220000 	 0.161415 
-1.200000 	 0.194158 
-1.180000 	 0.154594 
-1.160000 	 0.151660 
-1.140000 	 0.255939 
-1.120000 	 -0.085395 
-1.100000 	 0.238510 
-1.080000 	 0.184460 
-1.060000 	 -0.102879 
-1.040000 	 -0.109738 
-1.020000 	 -0.032605 
-1.000000 	 0.132653 
-0.980000 	 0.121638 
-0.960000 	 -0.103864 
-0.940000 	 0.367647 
-0.920000 	 -0.052547 
-0.900000 	 0.239891 
-0.880000 	 -0.053342 
-0.860000 	 0.157475 
-0.840000 	 0.014828 
-0.820000 	 -0.095014 
-0.800000 	 -0.012259 
-0.780000 	 0.232200 
-0.760000 	 0.178626 
-0.740000 	 0.116251 
-0.720000 	 0.012166 
-0.700000 	 -0.030572 
-0.680000 	 0.312263 
-0.660000 	 -0.058842 
-0.640000 	 0.016219 
-0.620000 	 0.016551 
-0.600000 	 0.155461 
-0.580000 	 0.181794 
-0.560000 	 -0.042789 
-0.540000 	 0.105192 
-0.520000 	 0.351701 
-0.500000 	 0.200016 
-0.480000 	 0.040539 
-0.460000 	 0.210149 
-0.440000 	 0.180568 
-0.420000 	 0.083292 
-0.400000 	 -0.008388 
-0.380000 	 0.107350 
-0.360000 	 0.210584 
-0.340000 	 0.360160 
-0.320000 	 -0.159589 
-0.300000 	 0.057713 
-0.280000 	 0.359908 
-0.260000 	 0.110048 
-0.240000 	 0.102163 
-0.220000 	 0.314414 
-0.200000 	 0.209671 
-0.180000 	 0.185540 
-0.160000 	 0.410845 
-0.140000 	 0.168002 
-0.120000 	 0.239299 
-0.100000 	 0.297767 
-0.080000 	 0.282518 
-0.060000 	 0.266520 
-0.040000 	 0.268379 
-0.020000 	 0.313687 
0.000000 	 0.221845 
0.020000 	 0.120900 
0.040000 	 0.154521 
0.060000 	 0.201842 
0.080000 	 0.217703 
0.100000 	 0.273790 
0.120000 	 0.193797 
0.140000 	 0.329665 
0.160000 	 0.419484 
0.180000 	 0.079218 
0.200000 	 0.358050 
0.220000 	 0.130847 
0.240000 	 0.321539 
0.260000 	 0.172055 
0.280000 	 0.324437 
0.300000 	 0.202015 
0.320000 	 0.446851 
0.340000 	 0.256028 
0.360000 	 0.145317 
0.380000 	 0.255921 
0.400000 	 0.472104 
0.420000 	 0.415147 
0.440000 	 0.621440 
0.460000 	 1.000000 
0.480000 	 0.257988 
0.500000 	 0.147968 
0.520000 	 0.247358 
0.540000 	 0.253937 
0.560000 	 0.173584 
0.580000 	 0.701458 
0.600000 	 0.264195 
0.620000 	 0.259640 
0.640000 	 0.355049 
0.660000 	 0.219174 
0.680000 	 0.251562 
0.700000 	 0.259974 
0.720000 	 0.388300 
0.740000 	 0.703423 
0.760000 	 0.255488 
0.780000 	 0.327094 
0.800000 	 0.309840 
0.820000 	 0.623269 
0.840000 	 0.622879 
0.860000 	 0.392516 
0.880000 	 0.618026 
0.900000 	 0.576932 
0.920000 	 0.370952 
0.940000 	 0.461587 
0.960000 	 0.480854 
0.980000 	 0.284606 
1.000000 	 0.343637 
1.020000 	 0.759737 
1.040000 	 0.492896 
1.060000 	 0.299775 
1.080000 	 0.516663 
1.100000 	 0.720135 
1.120000 	 0.471283 
1.140000 	 0.714235 
1.160000 	 0.677120 
1.180000 	 0.721174 
1.200000 	 0.552182 
1.220000 	 0.858544 
1.240000 	 0.751566 
1.260000 	 0.671064 
1.280000 	 0.628985 
1.300000 	 0.733055 
1.320000 	 0.815029 
1.340000 	 1.018196 
1.360000 	 0.676735 
1.380000 	 0.492925 
1.400000 	 0.537129 
1.420000 	 0.658687 
1.440000 	 0.746680 
1.460000 	 0.875180 
1.480000 	 0.719085 
1.500000 	 0.709531 
1.520000 	 0.732128 
1.540000 	 1.006691 
1.560000 	 0.928494 
1.580000 	 0.762356 
1.600000 	 0.748942 
1.620000 	 0.723985 
1.640000 	 0.817727 
1.660000 	 0.920816 
1.680000 	 0.842765 
1.700000 	 0.563159 
1.720000 	 0.901557 
1.740000 	 0.845870 
1.760000 	 0.904683 
1.780000 	 0.796105 
1.800000 	 0.883823 
1.820000 	 0.781514 
1.840000 	 1.165310 
1.860000 	 0.820421 
1.880000 	 0.950487 
1.900000 	 0.832382 
1.920000 	 0.879519 
1.940000 	 1.120224 
1.960000 	 0.888708 
1.980000 	 0.871930 
2.000000 	 1.049137 
2.020000 	 1.130555 
2.040000 	 1.127278 
2.060000 	 0.868946 
2.080000 	 1.225542 
2.100000 	 1.217564 
2.120000 	 0.886102 
2.140000 	 1.094189 
2.160000 	 1.287645 
2.180000 	 1.032980 
2.200000 	 0.935767 
2.220000 	 1.087241 
2.240000 	 0.551188 
2.260000 	 0.960475 
2.280000 	 1.212250 
2.300000 	 0.924378 
2.320000 	 1.333082 
2.340000 	 1.236571 
2.360000 	 1.346816 
2.380000 	 1.292107 
2.400000 	 1.324993 
2.420000 	 1.248011 
2.440000 	 1.361529 
2.460000 	 1.059748 
2.480000 	 1.142431 
2.500000 	 1.101426 
2.520000 	 0.898958 
2.540000 	 1.134283 
2.560000 	 1.142222 
2.580000 	 1.291448 
2.600000 	 1.189076 
2.620000 	 1.205882 
2.640000 	 1.276101 
2.660000 	 1.077445 
2.680000 	 1.015258 
2.700000 	 1.417872 
2.720000 	 1.374710 
2.740000 	 1.308160 
2.760000 	 1.198928 
2.780000 	 1.244842 
2.800000 	 1.428083 
2.820000 	 1.491058 
2.840000 	 1.382781 
2.860000 	 1.625961 
2.880000 	 1.587091 
2.900000 	 1.397955 
2.920000 	 1.458669 
2.940000 	 1.650848 
2.960000 	 1.297949 
2.980000 	 1.034187 
3.000000 	 1.454621 
3.020000 	 1.095818 
3.040000 	 1.353560 
3.060000 	 1.565395 
3.080000 	 1.419541 
3.100000 	 1.346049 
3.120000 	 1.446027 
3.140000 	 1.561893 
3.160000 	 1.649944 
3.180000 	 1.471621 
3.200000 	 1.527079 
3.220000 	 1.681585 
3.240000 	 1.444860 
3.260000 	 1.519568 
3.280000 	 1.494986 
3.300000 	 1.684030 
3.320000 	 1.698740 
3.340000 	 1.865417 
3.360000 	 1.530274 
3.380000 	 1.402034 
3.400000 	 1.129824 
3.420000 	 1.596673 
3.440000 	 1.610647 
3.460000 	 1.431101 
3.480000 	 1.520774 
3.500000 	 1.797839 
3.520000 	 1.563307 
3.540000 	 1.517739 
3.560000 	 1.568689 
3.580000 	 1.621567 
3.600000 	 1.671727 
3.620000 	 1.606205 
3.640000 	 1.570329 
3.660000 	 1.642223 
3.680000 	 1.476722 
3.700000 	 1.436231 
3.720000 	 1.498022 
3.740000 	 1.666518 
3.760000 	 1.504604 
3.780000 	 1.622287 
3.800000 	 1.639256 
3.820000 	 1.476448 
3.840000 	 1.514639 
3.860000 	 1.414890 
3.880000 	 1.372243 
3.900000 	 1.309906 
3.920000 	 1.445078 
3.940000 	 1.454452 
3.960000 	 1.824682 
3.980000 	 1.769645 
4.000000 	 1.676106 
4.020000 	 1.497413 
4.040000 	 1.428602 
4.060000 	 1.502411 
4.080000 	 1.699852 
4.100000 	 1.769221 
4.120000 	 1.656940 
4.140000 	 1.688889 
4.160000 	 1.447267 
4.180000 	 1.607047 
4.200000 	 1.738456 
4.220000 	 1.481444 
4.240000 	 1.447648 
4.260000 	 1.525546 
4.280000 	 1.447159 
4.300000 	 1.542269 
4.320000 	 1.748690 
4.340000 	 1.565363 
4.360000 	 1.560948 
4.380000 	 1.644377 
4.400000 	 1.584357 
4.420000 	 1.690726 
4.440000 	 1.410008 
4.460000 	 1.461892 
4.480000 	 1.463089 
4.500000 	 1.414500 
4.520000 	 1.822177 
4.540000 	 1.786472 
4.560000 	 1.501362 
4.580000 	 1.349538 
4.600000 	 1.777988 
4.620000 	 1.670466 
4.640000 	 1.459933 
4.660000 	 1.775887 
4.680000 	 1.640888 
4.700000 	 1.674116 
4.720000 	 1.649317 
4.740000 	 1.624465 
4.760000 	 1.476711 
4.780000 	 1.698541 
4.800000 	 1.157966 
4.820000 	 1.717511 
4.840000 	 1.479634 
4.860000 	 1.647833 
4.880000 	 1.219077 
4.900000 	 1.284872 
4.920000 	 1.337631 
4.940000 	 1.460784 
4.960000 	 1.578932 
4.980000 	 1.633174 
5.000000 	 1.327459 
5.020000 	 1.528137 
5.040000 	 1.280415 
5.060000 	 1.348189 
5.080000 	 1.255379 
5.100000 	 1.461142 
5.120000 	 1.381679 
5.140000 	 1.327576 
5.160000 	 1.389204 
5.180000 	 1.165601 
5.200000 	 1.366384 
5.220000 	 1.382657 
5.240000 	 1.201425 
5.260000 	 1.234993 
5.280000 	 1.159022 
5.300000 	 1.430037 
5.320000 	 1.485998 
5.340000 	 1.570746 
5.360000 	 1.295263 
5.380000 	 1.158131 
5.400000 	 1.238292 
5.420000 	 1.290078 
5.440000 	 1.384119 
5.460000 	 1.142741 
5.480000 	 0.927226 
5.500000 	 1.151118 
5.520000 	 1.311578 
5.540000 	 1.186459 
5.560000 	 1.180424 
5.580000 	 1.072499 
5.600000 	 1.298681 
5.620000 	 1.375623 
5.640000 	 1.222746 
5.660000 	 1.340324 
5.680000 	 1.046080 
5.700000 	 1.026067 
5.720000 	 1.149140 
5.740000 	 1.141375 
5.760000 	 1.013928 
5.780000 	 1.113724 
5.800000 	 0.980396 
5.820000 	 1.142966 
5.840000 	 1.235188 
5.860000 	 0.796051 
5.880000 	 1.068139 
5.900000 	 1.063005 
5.920000 	 0.703713 
5.940000 	 1.060650 
5.960000 	 0.849547 
5.980000 	 1.189242 
6.000000 	 0.946452 
6.020000 	 1.202588 
6.040000 	 0.882347 
6.060000 	 1.060615 
6.080000 	 0.942777 
6.100000 	 0.594778 
6.120000 	 0.965054 
6.140000 	 0.943830 
6.160000 	 1.001025 
6.180000 	 0.749289 
6.200000 	 0.999772 
6.220000 	 0.796671 
6.240000 	 0.997127 
6.260000 	 0.838717 
6.280000 	 0.642925 
6.300000 	 0.824708 
6.320000 	 0.787201 
6.340000 	 1.016768 
6.360000 	 0.716578 
6.380000 	 0.680503 
6.400000 	 0.726504 
6.420000 	 0.759146 
6.440000 	 1.177687 
6.460000 	 0.798836 
6.480000 	 0.469755 
6.500000 	 0.683162 
6.520000 	 0.978232 
6.540000 	 0.528396 
6.560000 	 0.999720 
6.580000 	 0.728393 
6.600000 	 0.576068 
6.620000 	 0.789836 
6.640000 	 0.891805 
6.660000 	 0.598131 
6.680000 	 0.900000 
6.700000 	 0.517736 
6.720000 	 0.806266 
6.740000 	 0.742085 
6.760000 	 0.834335 
6.780000 	 0.209085 
6.800000 	 0.687820 
6.820000 	 0.816441 
6.840000 	 0.633859 
6.860000 	 0.690206 
6.880000 	 0.876845 
6.900000 	 0.498471 
6.920000 	 0.645877 
6.940000 	 0.746939 
6.960000 	 0.722893 
6.980000 	 0.380778 
7.000000 	 0.352472 
7.020000 	 0.472788 
7.040000 	 0.524808 
7.060000 	 0.374192 
7.080000 	 0.755432 
7.100000 	 0.192039 
7.120000 	 0.214159 
7.140000 	 0.459131 
7.160000 	 0.404918 
7.180000 	 0.289550 
7.200000 	 0.375347 
7.220000 	 0.538648 
7.240000 	 0.103596 
7.260000 	 0.495657 
7.280000 	 0.398061 
7.300000 	 0.288646 
7.320000 	 0.175211 
7.340000 	 0.311432 
7.360000 	 0.522881 
7.380000 	 0.180428 
7.400000 	 0.214615 
7.420000 	 0.289863 
7.440000 	 0.351911 
7.460000 	 0.215553 
7.480000 	 0.347739 
7.500000 	 0.218939 
7.520000 	 0.487498 
7.540000 	 0.367894 
7.560000 	 0.591081 
7.580000 	 0.234255 
7.600000 	 0.411628 
7.620000 	 0.222618 
7.640000 	 0.473674 
7.660000 	 0.574534 
7.680000 	 0.313109 
7.700000 	 0.409328 
7.720000 	 0.240091 
7.740000 	 0.378801 
7.760000 	 0.347052 
7.780000 	 0.326820 
7.800000 	 0.109010 
7.820000 	 0.337880 
7.840000 	 0.212011 
7.860000 	 0.084315 
7.880000 	 0.573259 
7.900000 	 0.186800 
7.920000 	 0.452671 
7.940000 	 0.400762 
7.960000 	 0.047675 
7.980000 	 0.253053 
8.000000 	 -0.041483 
8.020000 	 0.197805 
8.040000 	 0.215338 
8.060000 	 0.299357 
8.080000 	 0.296498 
8.100000 	 0.106967 
8.120000 	 0.280762 
8.140000 	 0.002672 
8.160000 	 0.240587 
8.180000 	 0.458814 
8.200000 	 0.092785 
8.220000 	 0.011189 
8.240000 	 0.029341 
8.260000 	 0.177744 
8.280000 	 0.174298 
8.300000 	 -0.025763 
8.320000 	 0.006899 
8.340000 	 0.291779 
8.360000 	 0.145204 
8.380000 	 0.169299 
8.400000 	 -0.008557 
8.420000 	 0.268415 
8.440000 	 0.063962 
8.460000 	 0.158267 
8.480000 	 0.355398 
8.500000 	 -0.174902 
8.520000 	 0.162858 
8.540000 	 -0.052453 
8.560000 	 0.228212 
8.580000 	 0.261188 
8.600000 	 0.053311 
8.620000 	 0.108041 
8.640000 	 0.170115 
8.660000 	 -0.031942 
8.680000 	 0.265365 
8.700000 	 0.133137 
8.720000 	 0.308944 
8.740000 	 0.195987 
8.760000 	 -0.091998 
8.780000 	 0.046988 
8.800000 	 0.036048 
8.820000 	 0.098840 
8.840000 	 0.188151 
8.860000 	 -0.065300 
8.880000 	 0.245505 
8.900000 	 0.363978 
8.920000 	 -0.258054 
8.940000 	 0.154858 
8.960000 	 0.142243 
8.980000 	 -0.052028 
9.000000 	 0.170842 
9.020000 	 0.230201 
9.040000 	 -0.097243 
9.060000 	 0.133171 
9.080000 	 -0.027485 
9.100000 	 0.096500 
9.120000 	 -0.104282 
9.140000 	 -0.090084 
9.160000 	 0.122547 
9.180000 	 -0.082163 
9.200000 	 -0.104582 
9.220000 	 0.330142 
9.240000 	 0.088063 
9.260000 	 0.066367 
9.280000 	 -0.159984 
9.300000 	 -0.003463 
9.320000 	 -0.112987 
9.340000 	 -0.025762 
9.360000 	 -0.280176 
9.380000 	 -0.103112 
9.400000 	 0.299814 
9.420000 	 0.064834 
9.440000 	 -0.097268 
9.460000 	 0.398045 
9.480000 	 0.005107 
9.500000 	 -0.060677 
9.520000 	 0.172923 
9.540000 	 -0.002781 
9.560000 	 0.046378 
9.580000 	 0.044555 
9.600000 	 0.245980 
9.620000 	 0.205149 
9.640000 	 0.122546 
9.660000 	 0.185924 
9.680000 	 -0.071667 
9.700000 	 0.119290 
9.720000 	 0.314764 
9.740000 	 -0.049699 
9.760000 	 0.084278 
9.780000 	 -0.038807 
9.800000 	 -0.179145 
9.820000 	 -0.029967 
9.840000 	 -0.147923 
9.860000 	 -0.029893 
9.880000 	 0.258622 
9.900000 	 -0.111652 
9.920000 	 0.193726 
9.940000 	 0.061609 
9.960000 	 -0.099077 
9.980000 	 -0.000754 
10.000000 	 0.133836 
10.020000 	 -0.465152 
10.040000 	 -0.010451 
10.060000 	 -0.016756 
10.080000 	 0.191281 
10.100000 	 0.055329 
10.120000 	 -0.296902 
10.140000 	 0.006471 
10.160000 	 0.500000 
10.180000 	 -0.144266 
10.200000 	 0.102989 
10.220000 	 0.195055 
10.240000 	 -0.209396 
10.260000 	 -0.068098 
10.280000 	 -0.240295 
10.300000 	 0.259304 
10.320000 	 0.081820 
10.340000 	 0.218761 
10.360000 	 0.082302 
10.380000 	 0.028170 
10.400000 	 -0.012922 
10.420000 	 0.184195 
10.440000 	 0.016844 
10.460000 	 0.044508 
10.480000 	 -0.153579 
10.500000 	 0.062805 
10.520000 	 -0.123697 
10.540000 	 0.008465 
10.560000 	 0.124461 
10.580000 	 0.263656 
10.600000 	 0.056100 
10.620000 	 -0.094890 
10.640000 	 0.052524 
10.660000 	 -0.316621 
10.680000 	 0.191846 
10.700000 	 0.113787 
10.720000 	 0.058671 
10.740000 	 0.162455 
10.760000 	 -0.039739 
10.780000 	 -0.069534 
10.800000 	 -0.093564 
10.820000 	 0.196176 
10.840000 	 -0.020725 
10.860000 	 -0.018472 
10.880000 	 0.061892 
10.900000 	 -0.242940 
10.920000 	 0.318507 
10.940000 	 0.477259 
10.960000 	 0.321601 
10.980000 	 0.058957 
11.000000 	 0.094457 
11.020000 	 0.109734 
11.040000 	 0.329278 
11.060000 	 0.257150 
11.080000 	 0.028867 
11.100000 	 -0.106845 
11.120000 	 -0.114078 
11.140000 	 -0.132143 
11.160000 	 -0.075868 
11.180000 	 0.124267 
11.200000 	 0.141374 
11.220000 	 -0.105260 
11.240000 	 0.075286 
11.260000 	 -0.031684 
11.280000 	 -0.061481 
11.300000 	 0.034273 
11.320000 	 -0.037031 
11.340000 	 -0.074017 
11.360000 	 -0.058416 
11.380000 	 -0.203846 
11.400000 	 -0.022051 
11.420000 	 -0.105138 
11.440000 	 0.073232 
11.460000 	 0.267254 
11.480000 	 -0.016451 
11.500000 	 -0.274377 
11.520000 	 -0.101459 
11.540000 	 -0.068241 
11.560000 	 0.178183 
11.580000 	 0.113702 
11.600000 	 0.222846 
11.620000 	 0.173196 
11.640000 	 -0.051550 
11.660000 	 0.148658 
11.680000 	 -0.100536 
11.700000 	 -0.123522 
11.720000 	 -0.049971 
11.740000 	 0.086719 
11.760000 	 0.024863 
11.780000 	 -0.170501 
11.800000 	 0.126638 
11.820000 	 0.035178 
11.840000 	 0.134309 
11.860000 	 -0.214504 
11.880000 	 0.086343 
11.900000 	 0.018472 
11.920000 	 0.147544 
11.940000 	 0.092968 
11.960000 	 0.201965 
11.980000 	 0.249923 
12.000000 	 0.103253 
12.020000 	 0.013179 
12.040000 	 -0.110153 
12.060000 	 0.034255 
12.080000 	 0.187033 
12.100000 	 -0.001244 
12.120000 	 0.057528 
12.140000 	 0.397488 
12.160000 	 -0.004224 
12.180000 	 0.033672 
12.200000 	 -0.108969 
12.220000 	 -0.074188 
12.240000 	 0.010794 
12.260000 	 -0.030417 
12.280000 	 0.070773 
12.300000 	 0.059793 
12.320000 	 0.049003 
12.340000 	 0.248567 
12.360000 	 -0.107155 
12.380000 	 -0.080140 
12.400000 	 -0.069514 
12.420000 	 0.054068 
12.440000 	 -0.034673 
12.460000 	 0.169299 
12.480000 	 0.023929 
12.500000 	 -0.020568 
12.520000 	 0.265387 
12.540000 	 -0.074279 
12.560000 	 -0.045894 
12.580000 	 -0.101985 
12.600000 	 0.185798 
12.620000 	 0.129146 
12.640000 	 -0.005711 
12.660000 	 -0.007428 
12.680000 	 0.069698 
12.700000 	 -0.009521 
12.720000 	 -0.187093 
12.740000 	 -0.173864 
12.760000 	 -0.233903 
12.780000 	 -0.030242 
12.800000 	 0.256341 
12.820000 	 0.324047 
12.840000 	 0.035329 
12.860000 	 -0.048687 
12.880000 	 -0.045652 
12.900000 	 0.155124 
12.920000 	 0.147650 
12.940000 	 0.098057 
12.960000 	 0.198624 
12.980000 	 -0.257769 
13.000000 	 -0.012770 
13.020000 	 0.045462 
13.040000 	 0.120156 
13.060000 	 0.023253 
13.080000 	 -0.003685 
13.100000 	 0.138895 
13.120000 	 0.066813 
13.140000 	 -0.109192 
13.160000 	 0.315072 
13.180000 	 -0.072404 
13.200000 	 0.201088 
13.220000 	 0.019273 
13.240000 	 -0.119121 
13.260000 	 0.032578 
13.280000 	 -0.093877 
13.300000 	 0.086011 
13.320000 	 -0.158395 
13.340000 	 0.153156 
13.360000 	 -0.016689 
13.380000 	 -0.100695 
13.400000 	 -0.118743 
13.420000 	 0.332039 
13.440000 	 -0.069136 
13.460000 	 0.278010 
13.480000 	 -0.252830 
13.500000 	 -0.018513 
13.520000 	 -0.061816 
13.540000 	 -0.043718 
13.560000 	 0.221581 
13.580000 	 0.013843 
13.600000 	 -0.231422 
13.620000 	 0.012916 
13.640000 	 0.165199 
13.660000 	 -0.241456 
13.680000 	 0.212060 
13.700000 	 0.102547 
13.720000 	 -0.155513 
13.740000 	 0.067567 
13.760000 	 0.126981 
13.780000 	 -0.021934 
13.800000 	 0.304344 
13.820000 	 -0.122845 
13.840000 	 0.027566 
13.860000 	 0.090587 
13.880000 	 0.055741 
13.900000 	 0.117087 
13.920000 	 -0.055469 
13.940000 	 0.032085 
13.960000 	 0.123324 
13.980000 	 -0.060504 
14.000000 	 0.058610 
14.020000 	 0.186533 
14.040000 	 0.143841 
14.060000 	 -0.072795 
14.080000 	 0.131169 
14.100000 	 0.008973 
14.120000 	 -0.006392 
14.140000 	 -0.029618 
14.160000 	 0.040100 
14.180000 	 -0.081551 
14.200000 	 0.145724 
14.220000 	 -0.042157 
14.240000 	 0.093217 
14.260000 	 0.252865 
14.280000 	 0.086108 
14.300000 	 0.193027 
14.320000 	 -0.036384 
14.340000 	 0.024213 
14.360000 	 0.018099 
14.380000 	 -0.301219 
14.400000 	 -0.041431 
14.420000 	 -0.016650 
14.440000 	 -0.028842 
14.460000 	 0.153923 
14.480000 	 -0.035504 
14.500000 	 0.062521 
14.520000 	 -0.214519 
14.540000 	 0.173837 
14.560000 	 0.003133 
14.580000 	 -0.035184 
14.600000 	 -0.214903 
14.620000 	 0.046892 
14.640000 	 0.197444 
14.660000 	 0.116935 
14.680000 	 -0.099223 
14.700000 	 -0.156387 
14.720000 	 -0.423734 
14.740000 	 -0.403917 
14.760000 	 -0.023112 
14.780000 	 0.094149 
14.800000 	 0.183460 
14.820000 	 0.112269 
14.840000 	 0.009165 
14.860000 	 0.064316 
14.880000 	 -0.076109 
14.900000 	 0.022901 
14.920000 	 0.165221 
14.940000 	 0.222114 
14.960000 	 -0.107981 
14.980000 	 0.118930 
15.000000 	 0.016171 
