-15.000000 	 0.270280 
-14.980000 	 -0.060032 
-14.960000 	 0.071884 
-14.940000 	 0.252112 
-14.920000 	 -0.015609 
-14.900000 	 -0.280638 
-14.880000 	 0.044296 
-14.860000 	 0.079229 
-14.840000 	 0.069317 
-14.820000 	 0.197541 
-14.800000 	 0.225636 
-14.780000 	 -0.026140 
-14.760000 	 0.048404 
-14.740000 	 -0.139108 
-14.720000 	 -0.404152 
-14.700000 	 -0.093148 
-14.680000 	 -0.020547 
-14.660000 	 -0.076562 
-14.640000 	 0.224213 
-14.620000 	 -0.271712 
-14.600000 	 -0.167522 
-14.580000 	 -0.207333 
-14.560000 	 -0.209081 
-14.540000 	 0.035105 
-14.520000 	 -0.157620 
-14.500000 	 0.129906 
-14.480000 	 -0.282136 
-14.460000 	 -0.058146 
-14.440000 	 -0.207270 
-14.420000 	 -0.039145 
-14.400000 	 0.070707 
-14.380000 	 0.267654 
-14.360000 	 -0.406224 
-14.340000 	 -0.093887 
-14.320000 	 0.050995 
-14.300000 	 0.122542 
-14.280000 	 0.349270 
-14.260000 	 -0.050577 
-14.240000 	 -0.084184 
-14.220000 	 0.026435 
-14.200000 	 -0.236025 
-14.180000 	 0.174783 
-14.160000 	 -0.068441 
-14.140000 	 -0.098823 
-14.120000 	 0.203075 
-14.100000 	 -0.015960 
-14.080000 	 -0.224904 
-14.060000 	 -0.122544 
-14.040000 	 -0.096708 
-14.020000 	 0.102119 
-14.000000 	 -0.009297 
-13.980000 	 0.308001 
-13.960000 	 -0.174151 
-13.940000 	 0.158279 
-13.920000 	 0.009986 
-13.900000 	 -0.171380 
-13.880000 	 -0.266810 
-13.860000 	 -0.184344 
-13.840000 	 0.194807 
-13.820000 	 -0.115856 
-13.800000 	 0.065780 
-13.780000 	 -0.151170 
-13.760000 	 -0.123706 
-13.740000 	 -0.202235 
-13.720000 	 -0.027094 
-13.700000 	 -0.064516 
-13.680000 	 -0.029477 
-13.660000 	 -0.350927 
-13.640000 	 0.214120 
-13.620000 	 -0.082297 
-13.600000 	 -0.274383 
-13.580000 	 0.348911 
-13.560000 	 0.155631 
-13.540000 	 -0.079310 
-13.520000 	 0.104770 
-13.500000 	 -0.058883 
-13.480000 	 -0.182331 
-13.460000 	 -0.082461 
-13.440000 	 0.082358 
-13.420000 	 -0.035983 
-13.400000 	 -0.151333 
-13.380000 	 0.145926 
-13.360000 	 -0.055104 
-13.340000 	 -0.041620 
-13.320000 	 -0.005239 
-13.300000 	 0.231502 
-13.280000 	 0.045470 
-13.260000 	 -0.017134 
-13.240000 	 0.027436 
-13.220000 	 0.215979 
-13.200000 	 0.126031 
-13.180000 	 0.046529 
-13.160000 	 -0.003680 
-13.140000 	 0.091812 
-13.120000 	 0.002371 
-13.100000 	 -0.047750 
-13.080000 	 0.226210 
-13.060000 	 0.209017 
-13.040000 	 -0.067074 
-13.020000 	 0.246526 
-13.000000 	 -0.105624 
-12.980000 	 -0.272739 
-12.960000 	 0.136723 
-12.940000 	 -0.123814 
-12.920000 	 -0.119234 
-12.900000 	 -0.274873 
-12.880000 	 -0.154826 
-12.860000 	 0.288812 
-12.840000 	 0.071208 
-12.820000 	 0.057129 
-12.800000 	 0.079263 
-12.780000 	 -0.004099 
-12.760000 	 0.084863 
-12.740000 	 -0.025990 
-12.720000 	 -0.104638 
-12.700000 	 -0.139984 
-12.680000 	 -0.007010 
-12.660000 	 0.004221 
-12.640000 	 0.227080 
-12.620000 	 0.072101 
-12.600000 	 -0.078947 
-12.580000 	 -0.364274 
-12.560000 	 -0.056243 
-12.540000 	 -0.057723 
-12.520000 	 -0.137714 
-12.500000 	 -0.066668 
-12.480000 	 -0.093978 
-12.460000 	 -0.035522 
-12.440000 	 -0.008377 
-12.420000 	 -0.158765 
-12.400000 	 -0.145762 
-12.380000 	 -0.078130 
-12.360000 	 -0.300131 
-12.340000 	 0.151216 
-12.320000 	 0.175569 
-12.300000 	 -0.029047 
-12.280000 	 -0.101526 
-12.260000 	 0.032854 
-12.240000 	 0.233470 
-12.220000 	 -0.211281 
-12.200000 	 -0.018144 
-12.180000 	 0.116394 
-12.160000 	 0.029242 
-12.140000 	 0.036980 
-12.120000 	 -0.104366 
-12.100000 	 -0.039636 
-12.080000 	 0.081402 
-12.060000 	 -0.020481 
-12.040000 	 -0.143200 
-12.020000 	 -0.047712 
-12.000000 	 -0.113535 
-11.980000 	 -0.034653 
-11.960000 	 -0.017947 
-11.940000 	 0.059693 
-11.920000 	 -0.355777 
-11.900000 	 -0.144112 
-11.880000 	 -0.060590 
-11.860000 	 0.201874 
-11.840000 	 -0.290270 
-11.820000 	 0.192219 
-11.800000 	 -0.328841 
-11.780000 	 0.180152 
-11.760000 	 -0.153412 
-11.740000 	 0.057444 
-11.720000 	 0.008604 
-11.700000 	 -0.069679 
-11.680000 	 -0.208694 
-11.660000 	 0.141585 
-11.640000 	 0.000063 
-11.620000 	 0.149182 
-11.600000 	 0.033945 
-11.580000 	 -0.142581 
-11.560000 	 0.270132 
-11.540000 	 -0.028590 
-11.520000 	 0.322407 
-11.500000 	 -0.047202 
-11.480000 	 -0.100346 
-11.460000 	 -0.074480 
-11.440000 	 0.095946 
-11.420000 	 0.099041 
-11.400000 	 0.249725 
-11.380000 	 0.010883 
-11.360000 	 0.064729 
-11.340000 	 -0.028877 
-11.320000 	 -0.140059 
-11.300000 	 -0.041859 
-11.280000 	 -0.225055 
-11.260000 	 0.087251 
-11.240000 	 0.091564 
-11.220000 	 0.021995 
-11.200000 	 0.002287 
-11.180000 	 0.056300 
-11.160000 	 -0.281696 
-11.140000 	 -0.079619 
-11.120000 	 -0.094433 
-11.100000 	 -0.201610 
-11.080000 	 0.063918 
-11.060000 	 -0.106914 
-11.040000 	 0.068217 
-11.020000 	 -0.083631 
-11.000000 	 0.071931 
-10.980000 	 0.106481 
-10.960000 	 0.050095 
-10.940000 	 0.234956 
-10.920000 	 0.286188 
-10.900000 	 -0.226144 
-10.880000 	 0.110565 
-10.860000 	 -0.023434 
-10.840000 	 -0.065097 
-10.820000 	 0.038965 
-10.800000 	 0.175679 
-10.780000 	 0.071252 
-10.760000 	 -0.084396 
-10.740000 	 -0.289038 
-10.720000 	 -0.121676 
-10.700000 	 0.141466 
-10.680000 	 -0.060633 
-10.660000 	 0.276598 
-10.640000 	 0.009597 
-10.620000 	 0.030759 
-10.600000 	 -0.128762 
-10.580000 	 -0.023834 
-10.560000 	 0.300000 
-10.540000 	 0.047527 
-10.520000 	 -0.186404 
-10.500000 	 0.252266 
-10.480000 	 0.034281 
-10.460000 	 -0.042174 
-10.440000 	 -0.013288 
-10.420000 	 -0.064900 
-10.400000 	 0.104446 
-10.380000 	 0.047310 
-10.360000 	 0.099796 
-10.340000 	 -0.094644 
-10.320000 	 -0.277266 
-10.300000 	 0.061701 
-10.280000 	 -0.116872 
-10.260000 	 0.056010 
-10.240000 	 -0.119884 
-10.220000 	 0.176283 
-10.200000 	 0.016720 
-10.180000 	 -0.196192 
-10.160000 	 0.106848 
-10.140000 	 0.002316 
-10.120000 	 0.081292 
-10.100000 	 -0.175388 
-10.080000 	 0.208651 
-10.060000 	 0.068617 
-10.040000 	 -0.076005 
-10.020000 	 0.113652 
-10.000000 	 0.040974 
-9.980000 	 0.016404 
-9.960000 	 0.109296 
-9.940000 	 0.308757 
-9.920000 	 -0.116709 
-9.900000 	 -0.134121 
-9.880000 	 -0.154748 
-9.860000 	 0.007720 
-9.840000 	 0.123212 
-9.820000 	 -0.074482 
-9.800000 	 -0.372127 
-9.780000 	 0.093566 
-9.760000 	 0.173550 
-9.740000 	 -0.086184 
-9.720000 	 -0.001031 
-9.700000 	 0.056007 
-9.680000 	 0.164727 
-9.660000 	 -0.051934 
-9.640000 	 -0.077463 
-9.620000 	 -0.153992 
-9.600000 	 -0.076590 
-9.580000 	 0.034750 
-9.560000 	 -0.055834 
-9.540000 	 -0.020836 
-9.520000 	 -0.079607 
-9.500000 	 0.184280 
-9.480000 	 -0.030293 
-9.460000 	 -0.142413 
-9.440000 	 -0.122121 
-9.420000 	 -0.008794 
-9.400000 	 0.224534 
-9.380000 	 0.243501 
-9.360000 	 0.184426 
-9.340000 	 0.098441 
-9.320000 	 0.007261 
-9.300000 	 0.161331 
-9.280000 	 0.022339 
-9.260000 	 0.066329 
-9.240000 	 -0.052455 
-9.220000 	 -0.149957 
-9.200000 	 0.037206 
-9.180000 	 -0.106095 
-9.160000 	 -0.216095 
-9.140000 	 0.018625 
-9.120000 	 0.056882 
-9.100000 	 -0.169228 
-9.080000 	 -0.426199 
-9.060000 	 -0.035254 
-9.040000 	 -0.112312 
-9.020000 	 -0.039601 
-9.000000 	 -0.046175 
-8.980000 	 -0.218356 
-8.960000 	 -0.143386 
-8.940000 	 0.052238 
-8.920000 	 -0.081931 
-8.900000 	 -0.068861 
-8.880000 	 -0.022101 
-8.860000 	 0.013628 
-8.840000 	 -0.041559 
-8.820000 	 -0.139064 
-8.800000 	 -0.131085 
-8.780000 	 0.137705 
-8.760000 	 -0.128478 
-8.740000 	 0.330088 
-8.720000 	 0.143148 
-8.700000 	 0.014370 
-8.680000 	 -0.094461 
-8.660000 	 -0.096381 
-8.640000 	 -0.047907 
-8.620000 	 -0.142628 
-8.600000 	 0.248977 
-8.580000 	 -0.207845 
-8.560000 	 0.094033 
-8.540000 	 0.078742 
-8.520000 	 0.002390 
-8.500000 	 -0.099386 
-8.480000 	 -0.122510 
-8.460000 	 -0.041166 
-8.440000 	 0.001550 
-8.420000 	 0.105676 
-8.400000 	 0.165791 
-8.380000 	 0.228004 
-8.360000 	 0.231942 
-8.340000 	 -0.030621 
-8.320000 	 0.137407 
-8.300000 	 -0.109687 
-8.280000 	 -0.116257 
-8.260000 	 0.265501 
-8.240000 	 0.180206 
-8.220000 	 0.120286 
-8.200000 	 0.230136 
-8.180000 	 -0.199618 
-8.160000 	 0.101258 
-8.140000 	 0.065913 
-8.120000 	 -0.093033 
-8.100000 	 0.432428 
-8.080000 	 -0.199223 
-8.060000 	 -0.237869 
-8.040000 	 -0.123180 
-8.020000 	 -0.106116 
-8.000000 	 0.114618 
-7.980000 	 0.079220 
-7.960000 	 0.213345 
-7.940000 	 0.040701 
-7.920000 	 0.058508 
-7.900000 	 -0.024768 
-7.880000 	 0.092279 
-7.860000 	 0.107863 
-7.840000 	 0.198622 
-7.820000 	 0.036213 
-7.800000 	 0.089525 
-7.780000 	 0.185326 
-7.760000 	 -0.094161 
-7.740000 	 0.125383 
-7.720000 	 -0.099009 
-7.700000 	 0.012622 
-7.680000 	 0.146525 
-7.660000 	 -0.011988 
-7.640000 	 0.101734 
-7.620000 	 0.254781 
-7.600000 	 0.030221 
-7.580000 	 0.248336 
-7.560000 	 -0.200571 
-7.540000 	 0.043911 
-7.520000 	 0.067545 
-7.500000 	 0.021676 
-7.480000 	 -0.216722 
-7.460000 	 -0.197419 
-7.440000 	 -0.339761 
-7.420000 	 0.377303 
-7.400000 	 0.017445 
-7.380000 	 -0.019737 
-7.360000 	 -0.150288 
-7.340000 	 -0.095004 
-7.320000 	 0.117461 
-7.300000 	 0.011467 
-7.280000 	 0.157516 
-7.260000 	 -0.009140 
-7.240000 	 -0.004798 
-7.220000 	 0.454176 
-7.200000 	 0.097724 
-7.180000 	 -0.139770 
-7.160000 	 0.141304 
-7.140000 	 0.229186 
-7.120000 	 0.065598 
-7.100000 	 -0.027181 
-7.080000 	 -0.137461 
-7.060000 	 0.046723 
-7.040000 	 0.271952 
-7.020000 	 -0.167333 
-7.000000 	 0.296731 
-6.980000 	 0.166542 
-6.960000 	 0.068784 
-6.940000 	 -0.133939 
-6.920000 	 0.089852 
-6.900000 	 0.018387 
-6.880000 	 0.219427 
-6.860000 	 0.200274 
-6.840000 	 0.007655 
-6.820000 	 0.245354 
-6.800000 	 -0.032959 
-6.780000 	 -0.017554 
-6.760000 	 0.003773 
-6.740000 	 0.069565 
-6.720000 	 0.174676 
-6.700000 	 0.193849 
-6.680000 	 -0.152217 
-6.660000 	 0.223950 
-6.640000 	 0.114282 
-6.620000 	 0.305923 
-6.600000 	 0.435835 
-6.580000 	 0.285756 
-6.560000 	 0.323445 
-6.540000 	 0.013970 
-6.520000 	 -0.016276 
-6.500000 	 0.087293 
-6.480000 	 0.026724 
-6.460000 	 0.004986 
-6.440000 	 -0.058923 
-6.420000 	 -0.013891 
-6.400000 	 0.154081 
-6.380000 	 0.265150 
-6.360000 	 0.256939 
-6.340000 	 0.101624 
-6.320000 	 0.249242 
-6.300000 	 0.129614 
-6.280000 	 0.282397 
-6.260000 	 -0.094483 
-6.240000 	 0.223716 
-6.220000 	 0.165419 
-6.200000 	 0.095170 
-6.180000 	 0.383420 
-6.160000 	 0.210645 
-6.140000 	 0.307409 
-6.120000 	 0.148236 
-6.100000 	 0.063307 
-6.080000 	 0.193099 
-6.060000 	 0.343721 
-6.040000 	 0.178016 
-6.020000 	 0.071581 
-6.000000 	 0.239511 
-5.980000 	 0.617324 
-5.960000 	 0.268799 
-5.940000 	 0.191317 
-5.920000 	 0.324182 
-5.900000 	 0.137472 
-5.880000 	 0.138647 
-5.860000 	 0.309856 
-5.840000 	 -0.050968 
-5.820000 	 0.126013 
-5.800000 	 0.205109 
-5.780000 	 0.228650 
-5.760000 	 0.097528 
-5.740000 	 0.465342 
-5.720000 	 0.563350 
-5.700000 	 0.395458 
-5.680000 	 0.046248 
-5.660000 	 0.387514 
-5.640000 	 0.221345 
-5.620000 	 0.300332 
-5.600000 	 0.364062 
-5.580000 	 0.542980 
-5.560000 	 0.448466 
-5.540000 	 0.423477 
-5.520000 	 0.399534 
-5.500000 	 0.466911 
-5.480000 	 0.397100 
-5.460000 	 0.058079 
-5.440000 	 0.170586 
-5.420000 	 0.315169 
-5.400000 	 0.191147 
-5.380000 	 0.467455 
-5.360000 	 0.026187 
-5.340000 	 0.148367 
-5.320000 	 0.002449 
-5.300000 	 0.425633 
-5.280000 	 -0.031368 
-5.260000 	 0.051139 
-5.240000 	 0.421577 
-5.220000 	 0.454008 
-5.200000 	 0.612430 
-5.180000 	 0.439971 
-5.160000 	 0.712474 
-5.140000 	 0.671135 
-5.120000 	 0.295349 
-5.100000 	 0.162974 
-5.080000 	 0.259460 
-5.060000 	 0.521981 
-5.040000 	 0.297803 
-5.020000 	 0.271406 
-5.000000 	 0.234654 
-4.980000 	 0.094995 
-4.960000 	 0.392537 
-4.940000 	 0.500343 
-4.920000 	 0.326781 
-4.900000 	 0.413736 
-4.880000 	 0.181142 
-4.860000 	 0.334727 
-4.840000 	 0.439697 
-4.820000 	 0.442545 
-4.800000 	 0.138633 
-4.780000 	 0.263158 
-4.760000 	 0.418116 
-4.740000 	 0.441400 
-4.720000 	 0.332373 
-4.700000 	 0.465125 
-4.680000 	 0.351052 
-4.660000 	 0.469846 
-4.640000 	 0.373914 
-4.620000 	 0.419430 
-4.600000 	 0.642186 
-4.580000 	 0.173073 
-4.560000 	 0.624469 
-4.540000 	 0.422354 
-4.520000 	 0.284507 
-4.500000 	 0.545336 
-4.480000 	 0.614591 
-4.460000 	 0.147268 
-4.440000 	 0.567001 
-4.420000 	 0.601047 
-4.400000 	 0.454473 
-4.380000 	 0.532389 
-4.360000 	 0.698523 
-4.340000 	 0.492417 
-4.320000 	 0.324170 
-4.300000 	 0.207517 
-4.280000 	 0.268634 
-4.260000 	 0.668471 
-4.240000 	 0.403325 
-4.220000 	 0.243180 
-4.200000 	 0.538564 
-4.180000 	 0.595979 
-4.160000 	 0.525410 
-4.140000 	 0.521850 
-4.120000 	 0.776252 
-4.100000 	 0.500525 
-4.080000 	 0.576698 
-4.060000 	 0.648274 
-4.040000 	 0.465211 
-4.020000 	 0.485030 
-4.000000 	 0.496757 
-3.980000 	 0.485348 
-3.960000 	 0.444324 
-3.940000 	 0.552355 
-3.920000 	 0.411135 
-3.900000 	 0.320263 
-3.880000 	 0.459097 
-3.860000 	 0.539708 
-3.840000 	 0.461687 
-3.820000 	 0.429906 
-3.800000 	 0.425231 
-3.780000 	 0.672483 
-3.760000 	 0.286589 
-3.740000 	 0.219345 
-3.720000 	 0.416224 
-3.700000 	 0.344734 
-3.680000 	 0.419415 
-3.660000 	 0.437888 
-3.640000 	 0.391011 
-3.620000 	 0.542377 
-3.600000 	 0.182240 
-3.580000 	 0.580319 
-3.560000 	 0.770812 
-3.540000 	 0.465340 
-3.520000 	 0.413686 
-3.500000 	 0.214392 
-3.480000 	 0.692487 
-3.460000 	 0.472856 
-3.440000 	 0.435496 
-3.420000 	 0.490214 
-3.400000 	 0.513286 
-3.380000 	 0.456265 
-3.360000 	 0.381095 
-3.340000 	 0.491264 
-3.320000 	 0.451863 
-3.300000 	 0.637921 
-3.280000 	 0.261808 
-3.260000 	 0.312012 
-3.240000 	 0.783049 
-3.220000 	 0.483718 
-3.200000 	 0.589840 
-3.180000 	 0.278431 
-3.160000 	 0.308402 
-3.140000 	 0.496940 
-3.120000 	 0.463634 
-3.100000 	 0.276403 
-3.080000 	 0.432938 
-3.060000 	 0.514894 
-3.040000 	 0.408749 
-3.020000 	 0.593243 
-3.000000 	 0.573512 
-2.980000 	 0.557445 
-2.960000 	 0.515614 
-2.940000 	 0.195207 
-2.920000 	 0.349881 
-2.900000 	 0.421226 
-2.880000 	 0.283324 
-2.860000 	 0.502313 
-2.840000 	 0.173708 
-2.820000 	 0.198468 
-2.800000 	 0.393305 
-2.780000 	 0.405322 
-2.760000 	 0.292104 
-2.740000 	 0.549324 
-2.720000 	 0.524318 
-2.700000 	 0.115090 
-2.680000 	 0.554150 
-2.660000 	 0.291336 
-2.640000 	 0.335737 
-2.620000 	 0.256082 
-2.600000 	 0.486988 
-2.580000 	 0.160483 
-2.560000 	 0.330426 
-2.540000 	 0.123328 
-2.520000 	 0.210115 
-2.500000 	 0.198100 
-2.480000 	 0.490870 
-2.460000 	 0.414000 
-2.440000 	 0.547674 
-2.420000 	 0.175454 
-2.400000 	 0.428984 
-2.380000 	 0.265616 
-2.360000 	 0.384241 
-2.340000 	 0.400611 
-2.320000 	 0.301602 
-2.300000 	 -0.001876 
-2.280000 	 0.220618 
-2.260000 	 0.218304 
-2.240000 	 0.209150 
-2.220000 	 0.316975 
-2.200000 	 0.338877 
-2.180000 	 0.181095 
-2.160000 	 0.203683 
-2.140000 	 0.194430 
-2.120000 	 0.357264 
-2.100000 	 0.263813 
-2.080000 	 0.289032 
-2.060000 	 0.426474 
-2.040000 	 0.180828 
-2.020000 	 0.132562 
-2.000000 	 0.042161 
-1.980000 	 0.403158 
-1.960000 	 0.015917 
-1.940000 	 0.370586 
-1.920000 	 0.169890 
-1.900000 	 0.468359 
-1.880000 	 0.204730 
-1.860000 	 0.090953 
-1.840000 	 0.387851 
-1.820000 	 0.041705 
-1.800000 	 0.452935 
-1.780000 	 0.119650 
-1.760000 	 0.159635 
-1.740000 	 0.238912 
-1.720000 	 0.190908 
-1.700000 	 0.303750 
-1.680000 	 -0.142190 
-1.660000 	 0.182366 
-1.640000 	 0.054743 
-1.620000 	 0.251105 
-1.600000 	 -0.292442 
-1.580000 	 0.135937 
-1.560000 	 0.102097 
-1.540000 	 0.230008 
-1.520000 	 0.008669 
-1.500000 	 0.125735 
-1.480000 	 0.077703 
-1.460000 	 -0.191203 
-1.440000 	 0.292410 
-1.420000 	 0.239459 
-1.400000 	 0.103457 
-1.380000 	 0.198431 
-1.360000 	 0.261754 
-1.340000 	 0.326697 
-1.320000 	 0.184727 
-1.300000 	 0.278478 
-1.280000 	 0.099470 
-1.260000 	 0.111528 
-1.240000 	 0.341900 
-1.220000 	 0.357576 
-1.200000 	 0.058213 
-1.180000 	 0.174705 
-1.160000 	 -0.085633 
-1.140000 	 -0.003318 
-1.120000 	 0.345063 
-1.100000 	 0.021214 
-1.080000 	 0.064182 
-1.060000 	 0.316158 
-1.040000 	 0.209594 
-1.020000 	 -0.052873 
-1.000000 	 0.142743 
-0.980000 	 -0.053898 
-0.960000 	 0.071858 
-0.940000 	 0.247173 
-0.920000 	 0.177789 
-0.900000 	 -0.254861 
-0.880000 	 0.079398 
-0.860000 	 0.213605 
-0.840000 	 0.174370 
-0.820000 	 -0.044057 
-0.800000 	 0.172983 
-0.780000 	 0.300989 
-0.760000 	 0.185545 
-0.740000 	 0.110915 
-0.720000 	 0.442970 
-0.700000 	 0.196032 
-0.680000 	 0.098710 
-0.660000 	 0.009356 
-0.640000 	 0.115063 
-0.620000 	 0.287249 
-0.600000 	 0.129629 
-0.580000 	 0.329453 
-0.560000 	 0.178671 
-0.540000 	 0.109224 
-0.520000 	 0.382073 
-0.500000 	 0.215622 
-0.480000 	 -0.031889 
-0.460000 	 0.091482 
-0.440000 	 -0.142864 
-0.420000 	 0.066864 
-0.400000 	 0.048664 
-0.380000 	 0.329563 
-0.360000 	 0.234496 
-0.340000 	 0.271970 
-0.320000 	 0.185315 
-0.300000 	 0.341754 
-0.280000 	 0.275697 
-0.260000 	 -0.338369 
-0.240000 	 0.197030 
-0.220000 	 0.458576 
-0.200000 	 0.263044 
-0.180000 	 0.157243 
-0.160000 	 0.106380 
-0.140000 	 0.261768 
-0.120000 	 -0.296673 
-0.100000 	 0.005372 
-0.080000 	 0.240289 
-0.060000 	 0.138267 
-0.040000 	 0.087551 
-0.020000 	 0.145657 
0.000000 	 0.405536 
0.020000 	 0.176613 
0.040000 	 -0.039901 
0.060000 	 0.205266 
0.080000 	 0.227277 
0.100000 	 0.212643 
0.120000 	 0.134547 
0.140000 	 0.398044 
0.160000 	 0.328001 
0.180000 	 0.254164 
0.200000 	 0.483571 
0.220000 	 0.380906 
0.240000 	 0.336315 
0.260000 	 0.399001 
0.280000 	 0.376380 
0.300000 	 0.519601 
0.320000 	 -0.056842 
0.340000 	 0.183178 
0.360000 	 0.445976 
0.380000 	 0.038199 
0.400000 	 -0.041000 
0.420000 	 0.332408 
0.440000 	 0.330786 
0.460000 	 0.183948 
0.480000 	 0.531679 
0.500000 	 0.190222 
0.520000 	 0.338513 
0.540000 	 0.113125 
0.560000 	 0.158951 
0.580000 	 0.375090 
0.600000 	 0.176047 
0.620000 	 0.371120 
0.640000 	 0.814044 
0.660000 	 0.347863 
0.680000 	 0.279087 
0.700000 	 0.441983 
0.720000 	 0.342191 
0.740000 	 0.439267 
0.760000 	 0.074280 
0.780000 	 0.774728 
0.800000 	 0.154739 
0.820000 	 0.419021 
0.840000 	 0.176503 
0.860000 	 0.400565 
0.880000 	 0.615051 
0.900000 	 0.842031 
0.920000 	 0.559727 
0.940000 	 0.478026 
0.960000 	 0.783985 
0.980000 	 0.397822 
1.000000 	 0.644132 
1.020000 	 0.588649 
1.040000 	 0.753365 
1.060000 	 0.617151 
1.080000 	 0.862413 
1.100000 	 0.744866 
1.120000 	 0.597519 
1.140000 	 0.685922 
1.160000 	 0.902325 
1.180000 	 0.634698 
1.200000 	 0.698633 
1.220000 	 0.709604 
1.240000 	 0.557837 
1.260000 	 0.967271 
1.280000 	 0.738211 
1.300000 	 0.748109 
1.320000 	 0.629187 
1.340000 	 0.281394 
1.360000 	 0.464355 
1.380000 	 0.609498 
1.400000 	 0.762438 
1.420000 	 0.390543 
1.440000 	 0.368003 
1.460000 	 0.441997 
1.480000 	 0.560768 
1.500000 	 0.897019 
1.520000 	 0.579677 
1.540000 	 0.843314 
1.560000 	 0.929378 
1.580000 	 0.815869 
1.600000 	 0.886982 
1.620000 	 0.789391 
1.640000 	 0.951721 
1.660000 	 0.999834 
1.680000 	 0.744396 
1.700000 	 0.759941 
1.720000 	 0.626321 
1.740000 	 1.075698 
1.760000 	 0.771253 
1.780000 	 0.868892 
1.800000 	 0.937921 
1.820000 	 0.720171 
1.840000 	 0.979387 
1.860000 	 0.874966 
1.880000 	 0.707177 
1.900000 	 0.907167 
1.920000 	 1.048123 
1.940000 	 0.851550 
1.960000 	 0.871571 
1.980000 	 1.233529 
2.000000 	 0.817670 
2.020000 	 0.828596 
2.040000 	 1.074943 
2.060000 	 0.897922 
2.080000 	 0.792151 
2.100000 	 0.910279 
2.120000 	 1.012041 
2.140000 	 0.772112 
2.160000 	 0.975939 
2.180000 	 1.385664 
2.200000 	 0.966814 
2.220000 	 1.047676 
2.240000 	 0.998145 
2.260000 	 1.136445 
2.280000 	 0.977015 
2.300000 	 0.927641 
2.320000 	 1.169969 
2.340000 	 0.960891 
2.360000 	 1.262656 
2.380000 	 1.057536 
2.400000 	 1.402731 
2.420000 	 1.213253 
2.440000 	 1.249031 
2.460000 	 1.211550 
2.480000 	 1.195836 
2.500000 	 1.527408 
2.520000 	 1.286707 
2.540000 	 1.107628 
2.560000 	 1.069539 
2.580000 	 1.106550 
2.600000 	 1.448741 
2.620000 	 1.515284 
2.640000 	 1.272741 
2.660000 	 1.292894 
2.680000 	 1.489005 
2.700000 	 1.428888 
2.720000 	 -0.600000 
2.740000 	 1.186471 
2.760000 	 1.342040 
2.780000 	 1.461253 
2.800000 	 1.385716 
2.820000 	 1.296404 
2.840000 	 1.424124 
2.860000 	 1.335442 
2.880000 	 1.341486 
2.900000 	 1.445557 
2.920000 	 1.372509 
2.940000 	 1.604147 
2.960000 	 1.264374 
2.980000 	 1.654564 
3.000000 	 1.199720 
3.020000 	 1.474043 
3.040000 	 1.308831 
3.060000 	 1.705080 
3.080000 	 1.365439 
3.100000 	 1.634274 
3.120000 	 1.077995 
3.140000 	 1.477442 
3.160000 	 1.611731 
3.180000 	 1.474686 
3.200000 	 1.597439 
3.220000 	 1.417820 
3.240000 	 1.320327 
3.260000 	 1.754553 
3.280000 	 1.207103 
3.300000 	 1.452245 
3.320000 	 1.359122 
3.340000 	 1.520798 
3.360000 	 1.577163 
3.380000 	 1.613036 
3.400000 	 1.744071 
3.420000 	 1.399262 
3.440000 	 1.626515 
3.460000 	 1.490969 
3.480000 	 1.765015 
3.500000 	 1.741902 
3.520000 	 1.985454 
3.540000 	 1.281994 
3.560000 	 1.589717 
3.580000 	 1.463280 
3.600000 	 1.524671 
3.620000 	 1.548288 
3.640000 	 1.337797 
3.660000 	 1.799772 
3.680000 	 1.560049 
3.700000 	 1.508191 
3.720000 	 1.641346 
3.740000 	 1.533875 
3.760000 	 1.642724 
3.780000 	 1.645716 
3.800000 	 1.862013 
3.820000 	 1.462962 
3.840000 	 1.533286 
3.860000 	 1.671328 
3.880000 	 1.546753 
3.900000 	 1.756754 
3.920000 	 1.718519 
3.940000 	 1.720165 
3.960000 	 1.773799 
3.980000 	 1.608114 
4.000000 	 1.713873 
4.020000 	 1.628270 
4.040000 	 1.367854 
4.060000 	 1.447848 
4.080000 	 1.373500 
4.100000 	 1.666212 
4.120000 	 1.374159 
4.140000 	 1.588042 
4.160000 	 1.339598 
4.180000 	 1.544461 
4.200000 	 1.458133 
4.220000 	 1.731011 
4.240000 	 1.354130 
4.260000 	 1.642803 
4.280000 	 1.303569 
4.300000 	 1.816381 
4.320000 	 1.683305 
4.340000 	 1.447492 
4.360000 	 1.470681 
4.380000 	 1.524757 
4.400000 	 1.500478 
4.420000 	 1.473894 
4.440000 	 1.642308 
4.460000 	 1.514989 
4.480000 	 1.691919 
4.500000 	 1.395166 
4.520000 	 1.650570 
4.540000 	 1.385473 
4.560000 	 1.469610 
4.580000 	 1.587266 
4.600000 	 1.474921 
4.620000 	 1.139322 
4.640000 	 1.398998 
4.660000 	 1.744708 
4.680000 	 1.506186 
4.700000 	 1.610312 
4.720000 	 1.382869 
4.740000 	 1.467933 
4.760000 	 1.423320 
4.780000 	 1.580718 
4.800000 	 1.486216 
4.820000 	 1.645088 
4.840000 	 1.389595 
4.860000 	 1.351465 
4.880000 	 1.483477 
4.900000 	 1.411758 
4.920000 	 1.619466 
4.940000 	 1.379176 
4.960000 	 1.341238 
4.980000 	 1.481958 
5.000000 	 1.424059 
5.020000 	 1.348236 
5.040000 	 1.355524 
5.060000 	 1.227499 
5.080000 	 1.340160 
5.100000 	 1.955163 
5.120000 	 1.646420 
5.140000 	 1.288058 
5.160000 	 1.425099 
5.180000 	 1.168770 
5.200000 	 1.280166 
5.220000 	 1.184386 
5.240000 	 1.448175 
5.260000 	 1.166107 
5.280000 	 1.162855 
5.300000 	 1.337339 
5.320000 	 1.389672 
5.340000 	 1.417674 
5.360000 	 1.214212 
5.380000 	 1.191511 
5.400000 	 1.306418 
5.420000 	 1.258099 
5.440000 	 1.461445 
5.460000 	 1.148285 
5.480000 	 1.140475 
5.500000 	 1.381806 
5.520000 	 1.226780 
5.540000 	 1.288923 
5.560000 	 1.147391 
5.580000 	 1.132822 
5.600000 	 1.226196 
5.620000 	 0.200000 
5.640000 	 1.039815 
5.660000 	 1.051407 
5.680000 	 1.137540 
5.700000 	 1.210330 
5.720000 	 1.258493 
5.740000 	 1.163153 
5.760000 	 1.089647 
5.780000 	 1.387200 
5.800000 	 0.907685 
5.820000 	 0.878747 
5.840000 	 0.803306 
5.860000 	 0.884145 
5.880000 	 1.053408 
5.900000 	 1.164993 
5.920000 	 0.785486 
5.940000 	 0.889142 
5.960000 	 1.066336 
5.980000 	 1.284009 
6.000000 	 1.007199 
6.020000 	 1.189033 
6.040000 	 0.830700 
6.060000 	 1.001157 
6.080000 	 1.060381 
6.100000 	 0.967700 
6.120000 	 0.860406 
6.140000 	 1.053776 
6.160000 	 0.772346 
6.180000 	 0.910658 
6.200000 	 0.934278 
6.220000 	 0.877749 
6.240000 	 1.208300 
6.260000 	 0.641310 
6.280000 	 0.793250 
6.300000 	 0.925219 
6.320000 	 0.850320 
6.340000 	 0.785884 
6.360000 	 0.497342 
6.380000 	 0.717771 
6.400000 	 0.717536 
6.420000 	 0.563126 
6.440000 	 0.811688 
6.460000 	 0.743295 
6.480000 	 0.765210 
6.500000 	 0.505833 
6.520000 	 0.755445 
6.540000 	 0.897722 
6.560000 	 0.741543 
6.580000 	 0.575364 
6.600000 	 0.605357 
6.620000 	 0.693383 
6.640000 	 0.373868 
6.660000 	 0.825388 
6.680000 	 0.577108 
6.700000 	 0.292241 
6.720000 	 0.740558 
6.740000 	 0.478598 
6.760000 	 0.719006 
6.780000 	 0.513436 
6.800000 	 0.685096 
6.820000 	 0.479095 
6.840000 	 0.682351 
6.860000 	 0.785267 
6.880000 	 0.729239 
6.900000 	 0.699384 
6.920000 	 0.463026 
6.940000 	 0.521447 
6.960000 	 0.772196 
6.980000 	 0.372464 
7.000000 	 0.584215 
7.020000 	 0.504882 
7.040000 	 0.387217 
7.060000 	 0.450544 
7.080000 	 0.399119 
7.100000 	 0.728132 
7.120000 	 0.058415 
7.140000 	 0.287584 
7.160000 	 0.607325 
7.180000 	 0.372350 
7.200000 	 0.289631 
7.220000 	 0.512773 
7.240000 	 0.597378 
7.260000 	 0.617056 
7.280000 	 0.394792 
7.300000 	 0.294674 
7.320000 	 0.506069 
7.340000 	 0.731502 
7.360000 	 0.243905 
7.380000 	 0.314927 
7.400000 	 0.597835 
7.420000 	 0.704682 
7.440000 	 0.480038 
7.460000 	 0.382616 
7.480000 	 0.102946 
7.500000 	 0.400266 
7.520000 	 0.169307 
7.540000 	 0.336644 
7.560000 	 0.000607 
7.580000 	 0.495229 
7.600000 	 0.351957 
7.620000 	 0.088815 
7.640000 	 0.272526 
7.660000 	 0.217163 
7.680000 	 0.411342 
7.700000 	 0.222184 
7.720000 	 0.248095 
7.740000 	 0.306549 
7.760000 	 0.325426 
7.780000 	 0.348472 
7.800000 	 0.380273 
7.820000 	 0.250809 
7.840000 	 0.502698 
7.860000 	 0.269351 
7.880000 	 -0.002398 
7.900000 	 0.088601 
7.920000 	 0.253717 
7.940000 	 0.110000 
7.960000 	 0.424413 
7.980000 	 0.110367 
8.000000 	 0.135108 
8.020000 	 0.275726 
8.040000 	 0.108662 
8.060000 	 0.121830 
8.080000 	 0.493566 
8.100000 	 0.054324 
8.120000 	 0.082879 
8.140000 	 0.131372 
8.160000 	 0.129761 
8.180000 	 0.341089 
8.200000 	 0.114886 
8.220000 	 0.225431 
8.240000 	 0.036418 
8.260000 	 0.115612 
8.280000 	 0.043180 
8.300000 	 0.102968 
8.320000 	 0.423013 
8.340000 	 0.181214 
8.360000 	 -0.005422 
8.380000 	 0.129708 
8.400000 	 -0.014847 
8.420000 	 0.450147 
8.440000 	 0.160989 
8.460000 	 0.011370 
8.480000 	 0.198611 
8.500000 	 0.324669 
8.520000 	 0.064109 
8.540000 	 0.133142 
8.560000 	 0.239445 
8.580000 	 0.132100 
8.600000 	 -0.048414 
8.620000 	 -0.027032 
8.640000 	 0.318901 
8.660000 	 0.163978 
8.680000 	 0.129463 
8.700000 	 -0.362162 
8.720000 	 0.179409 
8.740000 	 0.169789 
8.760000 	 -0.142122 
8.780000 	 -0.031861 
8.800000 	 0.185936 
8.820000 	 0.231205 
8.840000 	 0.297097 
8.860000 	 -0.600000 
8.880000 	 0.067352 
8.900000 	 0.199716 
8.920000 	 0.254123 
8.940000 	 -0.005903 
8.960000 	 0.283779 
8.980000 	 -0.048304 
9.000000 	 0.193611 
9.020000 	 -0.089998 
9.040000 	 -0.015238 
9.060000 	 0.015937 
9.080000 	 -0.045543 
9.100000 	 0.036193 
9.120000 	 -0.088339 
9.140000 	 -0.131771 
9.160000 	 0.432413 
9.180000 	 -0.116616 
9.200000 	 -0.264629 
9.220000 	 0.198041 
9.240000 	 -0.073103 
9.260000 	 -0.030861 
9.280000 	 -0.068287 
9.300000 	 -0.043323 
9.320000 	 -0.037070 
9.340000 	 0.153332 
9.360000 	 0.249350 
9.380000 	 -0.062997 
9.400000 	 -0.103139 
9.420000 	 -0.135687 
9.440000 	 0.006685 
9.460000 	 0.001034 
9.480000 	 0.112241 
9.500000 	 -0.247647 
9.520000 	 -0.189154 
9.540000 	 0.089199 
9.560000 	 0.106097 
9.580000 	 -0.061606 
9.600000 	 -0.130407 
9.620000 	 0.085908 
9.640000 	 -0.035289 
9.660000 	 0.099256 
9.680000 	 0.033349 
9.700000 	 0.033454 
9.720000 	 0.084121 
9.740000 	 0.112336 
9.760000 	 -0.041015 
9.780000 	 -0.073296 
9.800000 	 0.259345 
9.820000 	 0.186942 
9.840000 	 -0.058238 
9.860000 	 0.130062 
9.880000 	 0.081012 
9.900000 	 0.269268 
9.920000 	 0.017550 
9.940000 	 -0.046315 
9.960000 	 0.051090 
9.980000 	 0.141492 
10.000000 	 0.125590 
10.020000 	 0.323122 
10.040000 	 0.026198 
10.060000 	 0.093761 
10.080000 	 0.800000 
10.100000 	 0.161262 
10.120000 	 0.125778 
10.140000 	 -0.160426 
10.160000 	 0.355832 
10.180000 	 0.167705 
10.200000 	 0.148138 
10.220000 	 -0.048417 
10.240000 	 -0.122127 
10.260000 	 0.121909 
10.280000 	 0.018662 
10.300000 	 -0.236479 
10.320000 	 0.257739 
10.340000 	 0.064943 
10.360000 	 0.089663 
10.380000 	 -0.059418 
10.400000 	 0.122028 
10.420000 	 0.008022 
10.440000 	 -0.281992 
10.460000 	 0.072755 
10.480000 	 0.188190 
10.500000 	 0.115144 
10.520000 	 0.037155 
10.540000 	 -0.290561 
10.560000 	 0.099962 
10.580000 	 -0.029979 
10.600000 	 0.077043 
10.620000 	 -0.014980 
10.640000 	 0.174995 
10.660000 	 0.313123 
10.680000 	 -0.013582 
10.700000 	 0.013629 
10.720000 	 0.072478 
10.740000 	 0.045843 
10.760000 	 0.093914 
10.780000 	 0.110344 
10.800000 	 0.155770 
10.820000 	 0.035543 
10.840000 	 -0.144122 
10.860000 	 0.072390 
10.880000 	 -0.148279 
10.900000 	 -0.207723 
10.920000 	 0.010816 
10.940000 	 -0.070611 
10.960000 	 -0.027191 
10.980000 	 0.154619 
11.000000 	 0.293933 
11.020000 	 -0.199678 
11.040000 	 -0.190301 
11.060000 	 0.046372 
11.080000 	 -0.006072 
11.100000 	 0.058434 
11.120000 	 0.264032 
11.140000 	 0.152217 
11.160000 	 0.061135 
11.180000 	 -0.109363 
11.200000 	 -0.065913 
11.220000 	 -0.035962 
11.240000 	 -0.021344 
11.260000 	 -0.190044 
11.280000 	 -0.391806 
11.300000 	 0.037711 
11.320000 	 0.104378 
11.340000 	 0.131099 
11.360000 	 0.041026 
11.380000 	 0.225283 
11.400000 	 -0.082850 
11.420000 	 0.112011 
11.440000 	 -0.073828 
11.460000 	 0.030522 
11.480000 	 0.154917 
11.500000 	 -0.211577 
11.520000 	 -0.052447 
11.540000 	 -0.158825 
11.560000 	 0.014680 
11.580000 	 0.193171 
11.600000 	 -0.064625 
11.620000 	 0.140728 
11.640000 	 0.116312 
11.660000 	 0.071967 
11.680000 	 0.137264 
11.700000 	 -0.023242 
11.720000 	 0.097382 
11.740000 	 -0.004284 
11.760000 	 -0.160060 
11.780000 	 -0.137845 
11.800000 	 -0.091486 
11.820000 	 -0.122648 
11.840000 	 0.095644 
11.860000 	 -0.058661 
11.880000 	 0.182879 
11.900000 	 -0.167473 
11.920000 	 0.254026 
11.940000 	 0.121065 
11.960000 	 0.172706 
11.980000 	 0.067575 
12.000000 	 -0.080032 
12.020000 	 0.131534 
12.040000 	 0.097947 
12.060000 	 0.143727 
12.080000 	 -0.140159 
12.100000 	 0.055316 
12.120000 	 -0.058528 
12.140000 	 0.109558 
12.160000 	 0.017871 
12.180000 	 -0.024869 
12.200000 	 -0.104423 
12.220000 	 0.061553 
12.240000 	 -0.010160 
12.260000 	 -0.398433 
12.280000 	 -0.008855 
12.300000 	 0.048506 
12.320000 	 0.014605 
12.340000 	 0.160813 
12.360000 	 -0.036310 
12.380000 	 -0.025208 
12.400000 	 -0.159799 
12.420000 	 -0.028621 
12.440000 	 0.174223 
12.460000 	 -0.103182 
12.480000 	 0.186583 
12.500000 	 0.028046 
12.520000 	 -0.018617 
12.540000 	 0.226391 
12.560000 	 -0.258439 
12.580000 	 0.131530 
12.600000 	 -0.104001 
12.620000 	 0.162691 
12.640000 	 0.169199 
12.660000 	 -0.180940 
12.680000 	 0.064643 
12.700000 	 -0.032874 
12.720000 	 -0.047219 
12.740000 	 0.061639 
12.760000 	 0.018930 
12.780000 	 0.057104 
12.800000 	 0.081495 
12.820000 	 0.087716 
12.840000 	 -0.055934 
12.860000 	 -0.006965 
12.880000 	 0.037866 
12.900000 	 0.097895 
12.920000 	 0.115118 
12.940000 	 0.048050 
12.960000 	 0.069564 
12.980000 	 -0.096130 
13.000000 	 0.284270 
13.020000 	 0.077176 
13.040000 	 0.132223 
13.060000 	 -0.300716 
13.080000 	 0.016741 
13.100000 	 -0.065513 
13.120000 	 0.119238 
13.140000 	 0.030652 
13.160000 	 0.035267 
13.180000 	 -0.019901 
13.200000 	 0.068515 
13.220000 	 -0.174548 
13.240000 	 0.051325 
13.260000 	 -0.123063 
13.280000 	 -0.002915 
13.300000 	 -0.296644 
13.320000 	 0.183555 
13.340000 	 0.062398 
13.360000 	 0.182836 
13.380000 	 0.058734 
13.400000 	 -0.137116 
13.420000 	 0.103228 
13.440000 	 -0.038335 
13.460000 	 -0.139945 
13.480000 	 -0.068587 
13.500000 	 0.107664 
13.520000 	 0.032921 
13.540000 	 0.157551 
13.560000 	 -0.007469 
13.580000 	 0.177132 
13.600000 	 0.193710 
13.620000 	 0.054386 
13.640000 	 0.211278 
13.660000 	 0.056681 
13.680000 	 0.049271 
13.700000 	 -0.111111 
13.720000 	 0.140902 
13.740000 	 -0.064375 
13.760000 	 0.007286 
13.780000 	 0.322988 
13.800000 	 0.138953 
13.820000 	 -0.088037 
13.840000 	 -0.115262 
13.860000 	 0.323243 
13.880000 	 -0.146382 
13.900000 	 -0.012639 
13.920000 	 -0.203034 
13.940000 	 0.136360 
13.960000 	 -0.153328 
13.980000 	 -0.141669 
14.000000 	 -0.135505 
14.020000 	 0.074433 
14.040000 	 0.006856 
14.060000 	 -0.085454 
14.080000 	 -0.058166 
14.100000 	 0.094886 
14.120000 	 0.036182 
14.140000 	 -0.102628 
14.160000 	 -0.355353 
14.180000 	 -0.102462 
14.200000 	 -0.213327 
14.220000 	 0.076373 
14.240000 	 -0.208016 
14.260000 	 -0.179447 
14.280000 	 0.013873 
14.300000 	 0.076348 
14.320000 	 -0.001940 
14.340000 	 -0.061043 
14.360000 	 -0.120858 
14.380000 	 -0.056637 
14.400000 	 -0.045129 
14.420000 	 0.031294 
14.440000 	 -0.103204 
14.460000 	 -0.310195 
14.480000 	 -0.245450 
14.500000 	 -0.142546 
14.520000 	 0.262983 
14.540000 	 -0.396769 
14.560000 	 -0.187295 
14.580000 	 -0.055658 
14.600000 	 0.276154 
14.620000 	 0.155825 
14.640000 	 0.022830 
14.660000 	 0.027598 
14.680000 	 -0.086321 
14.700000 	 -0.192720 
14.720000 	 0.093595 
14.740000 	 -0.053995 
14.760000 	 0.043158 
14.780000 	 -0.357790 
14.800000 	 -0.158916 
14.820000 	 0.059132 
14.840000 	 0.002385 
14.860000 	 -0.058842 
14.880000 	 0.021016 
14.900000 	 -0.015564 
14.920000 	 0.326251 
14.940000 	 0.072654 
14.960000 	 -0.192539 
14.980000 	 0.199862 
15.000000 	 0.435010 
