-15.000000 	 0.052312 
-14.980000 	 0.175081 
-14.960000 	 0.219312 
-14.940000 	 0.268016 
-14.920000 	 0.145390 
-14.900000 	 0.080813 
-14.880000 	 0.106117 
-14.860000 	 -0.141832 
-14.840000 	 -0.063167 
-14.820000 	 0.041159 
-14.800000 	 -0.143053 
-14.780000 	 0.000316 
-14.760000 	 -0.097966 
-14.740000 	 0.018174 
-14.720000 	 0.154741 
-14.700000 	 0.293476 
-14.680000 	 0.242101 
-14.660000 	 -0.046909 
-14.640000 	 0.067021 
-14.620000 	 0.058499 
-14.600000 	 0.221040 
-14.580000 	 -0.001708 
-14.560000 	 0.069597 
-14.540000 	 -0.020868 
-14.520000 	 0.042532 
-14.500000 	 -0.093738 
-14.480000 	 -0.070931 
-14.460000 	 -0.095588 
-14.440000 	 0.098932 
-14.420000 	 0.146423 
-14.400000 	 -0.146649 
-14.380000 	 -0.045227 
-14.360000 	 -0.095283 
-14.340000 	 -0.082435 
-14.320000 	 -0.311609 
-14.300000 	 0.173266 
-14.280000 	 0.070915 
-14.260000 	 0.155845 
-14.240000 	 -0.002277 
-14.220000 	 -0.147340 
-14.200000 	 -0.121587 
-14.180000 	 0.046486 
-14.160000 	 -0.069032 
-14.140000 	 0.145366 
-14.120000 	 0.120000 
-14.100000 	 0.296630 
-14.080000 	 0.085970 
-14.060000 	 -0.093374 
-14.040000 	 0.358934 
-14.020000 	 0.058563 
-14.000000 	 -0.014325 
-13.980000 	 -0.139814 
-13.960000 	 -0.163815 
-13.940000 	 -0.107111 
-13.920000 	 -0.266402 
-13.900000 	 0.162574 
-13.880000 	 0.284741 
-13.860000 	 -0.237286 
-13.840000 	 0.112290 
-13.820000 	 -0.112378 
-13.800000 	 -0.034897 
-13.780000 	 -0.102324 
-13.760000 	 0.015491 
-13.740000 	 -0.336272 
-13.720000 	 0.036314 
-13.700000 	 -0.197227 
-13.680000 	 -0.025145 
-13.660000 	 0.167371 
-13.640000 	 0.249888 
-13.620000 	 -0.163722 
-13.600000 	 0.176162 
-13.580000 	 -0.136933 
-13.560000 	 -0.035558 
-13.540000 	 0.066502 
-13.520000 	 0.117927 
-13.500000 	 -0.157400 
-13.480000 	 0.144878 
-13.460000 	 -0.001022 
-13.440000 	 -0.132559 
-13.420000 	 -0.248951 
-13.400000 	 -0.020578 
-13.380000 	 -0.197020 
-13.360000 	 0.232332 
-13.340000 	 -0.161034 
-13.320000 	 -0.014683 
-13.300000 	 -0.182572 
-13.280000 	 -0.106526 
-13.260000 	 0.167958 
-13.240000 	 0.268619 
-13.220000 	 -0.083374 
-13.200000 	 0.084685 
-13.180000 	 0.086531 
-13.160000 	 0.243236 
-13.140000 	 -0.216061 
-13.120000 	 -0.168343 
-13.100000 	 0.122288 
-13.080000 	 0.600000 
-13.060000 	 -0.050876 
-13.040000 	 -0.193597 
-13.020000 	 0.060994 
-13.000000 	 0.042515 
-12.980000 	 0.017842 
-12.960000 	 -0.160014 
-12.940000 	 -0.364662 
-12.920000 	 0.020343 
-12.900000 	 -0.127315 
-12.880000 	 0.023179 
-12.860000 	 0.067512 
-12.840000 	 -0.060183 
-12.820000 	 -0.321511 
-12.800000 	 -0.150318 
-12.780000 	 0.162176 
-12.760000 	 0.336878 
-12.740000 	 -0.159153 
-12.720000 	 -0.096505 
-12.700000 	 -0.039314 
-12.680000 	 0.270684 
-12.660000 	 0.015247 
-12.640000 	 -0.058689 
-12.620000 	 0.179738 
-12.600000 	 0.019209 
-12.580000 	 0.348084 
-12.560000 	 -0.153986 
-12.540000 	 0.011976 
-12.520000 	 -0.180190 
-12.500000 	 -0.048017 
-12.480000 	 0.122221 
-12.460000 	 0.080639 
-12.440000 	 0.154867 
-12.420000 	 -0.016761 
-12.400000 	 0.042599 
-12.380000 	 0.035692 
-12.360000 	 0.015836 
-12.340000 	 0.141178 
-12.320000 	 0.004076 
-12.300000 	 -0.005537 
-12.280000 	 0.059733 
-12.260000 	 -0.250997 
-12.240000 	 0.008058 
-12.220000 	 0.034628 
-12.200000 	 -0.035744 
-12.180000 	 0.157266 
-12.160000 	 0.356223 
-12.140000 	 0.047649 
-12.120000 	 -0.126976 
-12.100000 	 -0.120637 
-12.080000 	 0.119475 
-12.060000 	 0.107323 
-12.040000 	 -0.033176 
-12.020000 	 0.189052 
-12.000000 	 -0.173538 
-11.980000 	 0.232890 
-11.960000 	 -0.068413 
-11.940000 	 0.200664 
-11.920000 	 0.065278 
-11.900000 	 -0.218289 
-11.880000 	 0.033461 
-11.860000 	 -0.219520 
-11.840000 	 0.028461 
-11.820000 	 0.089530 
-11.800000 	 0.025623 
-11.780000 	 0.077161 
-11.760000 	 -0.337869 
-11.740000 	 0.036549 
-11.720000 	 -0.101535 
-11.700000 	 0.086318 
-11.680000 	 0.081465 
-11.660000 	 0.028219 
-11.640000 	 -0.032028 
-11.620000 	 0.009759 
-11.600000 	 0.011570 
-11.580000 	 0.025807 
-11.560000 	 -0.008168 
-11.540000 	 0.081533 
-11.520000 	 -0.026467 
-11.500000 	 -0.168280 
-11.480000 	 -0.171095 
-11.460000 	 0.108110 
-11.440000 	 0.071130 
-11.420000 	 -0.000577 
-11.400000 	 -0.125549 
-11.380000 	 -0.211383 
-11.360000 	 -0.013962 
-11.340000 	 -0.173068 
-11.320000 	 0.037441 
-11.300000 	 -0.066296 
-11.280000 	 -0.060560 
-11.260000 	 -0.028392 
-11.240000 	 0.288142 
-11.220000 	 0.167196 
-11.200000 	 -0.143080 
-11.180000 	 -0.024968 
-11.160000 	 -0.292716 
-11.140000 	 -0.087767 
-11.120000 	 0.059928 
-11.100000 	 -0.109852 
-11.080000 	 -0.225652 
-11.060000 	 -0.024990 
-11.040000 	 -0.358308 
-11.020000 	 0.199365 
-11.000000 	 0.015484 
-10.980000 	 -0.036646 
-10.960000 	 0.010492 
-10.940000 	 0.276051 
-10.920000 	 0.053242 
-10.900000 	 -0.153229 
-10.880000 	 -0.223182 
-10.860000 	 0.078840 
-10.840000 	 0.166790 
-10.820000 	 0.050997 
-10.800000 	 -0.061069 
-10.780000 	 0.201275 
-10.760000 	 -0.241850 
-10.740000 	 -0.020974 
-10.720000 	 0.209488 
-10.700000 	 0.061659 
-10.680000 	 0.076269 
-10.660000 	 0.134422 
-10.640000 	 -0.072426 
-10.620000 	 -0.049783 
-10.600000 	 -0.051431 
-10.580000 	 0.154455 
-10.560000 	 -0.047139 
-10.540000 	 -0.064315 
-10.520000 	 0.026867 
-10.500000 	 0.368007 
-10.480000 	 0.059368 
-10.460000 	 -0.223868 
-10.440000 	 0.091493 
-10.420000 	 0.016739 
-10.400000 	 0.026550 
-10.380000 	 -0.079361 
-10.360000 	 0.265134 
-10.340000 	 -0.013994 
-10.320000 	 0.187669 
-10.300000 	 0.130078 
-10.280000 	 -0.000414 
-10.260000 	 0.128723 
-10.240000 	 0.035757 
-10.220000 	 0.268730 
-10.200000 	 0.051428 
-10.180000 	 -0.147946 
-10.160000 	 0.246872 
-10.140000 	 -0.010562 
-10.120000 	 -0.107425 
-10.100000 	 -0.069211 
-10.080000 	 0.123534 
-10.060000 	 0.342084 
-10.040000 	 -0.079281 
-10.020000 	 -0.050614 
-10.000000 	 -0.090870 
-9.980000 	 0.104528 
-9.960000 	 0.019592 
-9.940000 	 -0.149436 
-9.920000 	 0.246750 
-9.900000 	 0.280686 
-9.880000 	 -0.178574 
-9.860000 	 0.012179 
-9.840000 	 0.265276 
-9.820000 	 -0.110719 
-9.800000 	 0.073827 
-9.780000 	 0.300589 
-9.760000 	 -0.107224 
-9.740000 	 -0.246854 
-9.720000 	 0.059949 
-9.700000 	 0.136694 
-9.680000 	 -0.071041 
-9.660000 	 0.041440 
-9.640000 	 -0.190631 
-9.620000 	 0.204945 
-9.600000 	 -0.013901 
-9.580000 	 -0.135757 
-9.560000 	 0.217172 
-9.540000 	 -0.320422 
-9.520000 	 0.233300 
-9.500000 	 -0.006641 
-9.480000 	 0.049343 
-9.460000 	 -0.063830 
-9.440000 	 -0.079986 
-9.420000 	 -0.237191 
-9.400000 	 0.206586 
-9.380000 	 -0.041081 
-9.360000 	 0.068427 
-9.340000 	 -0.021981 
-9.320000 	 -0.028474 
-9.300000 	 -0.211691 
-9.280000 	 -0.155346 
-9.260000 	 -0.087043 
-9.240000 	 -0.192080 
-9.220000 	 0.227711 
-9.200000 	 -0.036018 
-9.180000 	 -0.094902 
-9.160000 	 0.075307 
-9.140000 	 -0.168144 
-9.120000 	 0.006921 
-9.100000 	 -0.281364 
-9.080000 	 -0.185287 
-9.060000 	 0.070232 
-9.040000 	 -0.258449 
-9.020000 	 0.038016 
-9.000000 	 -0.042842 
-8.980000 	 -0.024864 
-8.960000 	 -0.159956 
-8.940000 	 -0.263266 
-8.920000 	 0.107025 
-8.900000 	 -0.131267 
-8.880000 	 0.006476 
-8.860000 	 0.277842 
-8.840000 	 -0.099183 
-8.820000 	 -0.258166 
-8.800000 	 -0.531464 
-8.780000 	 -0.077827 
-8.760000 	 -0.061269 
-8.740000 	 0.273285 
-8.720000 	 -0.108613 
-8.700000 	 -0.248336 
-8.680000 	 0.046882 
-8.660000 	 0.017646 
-8.640000 	 0.175685 
-8.620000 	 0.070004 
-8.600000 	 0.084533 
-8.580000 	 0.219032 
-8.560000 	 -0.260365 
-8.540000 	 0.173740 
-8.520000 	 -0.078425 
-8.500000 	 0.019890 
-8.480000 	 -0.097353 
-8.460000 	 0.071246 
-8.440000 	 -0.265360 
-8.420000 	 0.002713 
-8.400000 	 -0.045452 
-8.380000 	 0.096541 
-8.360000 	 0.001291 
-8.340000 	 0.113850 
-8.320000 	 0.044760 
-8.300000 	 -0.123573 
-8.280000 	 0.284056 
-8.260000 	 -0.163856 
-8.240000 	 -0.120332 
-8.220000 	 -0.161952 
-8.200000 	 -0.173358 
-8.180000 	 0.129371 
-8.160000 	 -0.018847 
-8.140000 	 -0.007869 
-8.120000 	 -0.020760 
-8.100000 	 -0.129484 
-8.080000 	 0.254686 
-8.060000 	 0.003857 
-8.040000 	 0.142879 
-8.020000 	 0.232756 
-8.000000 	 0.213965 
-7.980000 	 0.059076 
-7.960000 	 0.195549 
-7.940000 	 0.091852 
-7.920000 	 -0.186299 
-7.900000 	 0.047635 
-7.880000 	 0.070628 
-7.860000 	 -0.052026 
-7.840000 	 0.116999 
-7.820000 	 -0.127051 
-7.800000 	 0.251578 
-7.780000 	 0.063728 
-7.760000 	 0.129260 
-7.740000 	 0.700000 
-7.720000 	 0.087129 
-7.700000 	 0.100471 
-7.680000 	 0.022252 
-7.660000 	 0.067410 
-7.640000 	 -0.195924 
-7.620000 	 -0.087352 
-7.600000 	 0.159238 
-7.580000 	 -0.093203 
-7.560000 	 -0.096854 
-7.540000 	 0.171941 
-7.520000 	 0.023392 
-7.500000 	 0.063789 
-7.480000 	 -0.154219 
-7.460000 	 0.124174 
-7.440000 	 -0.137845 
-7.420000 	 -0.081647 
-7.400000 	 -0.128841 
-7.380000 	 0.095641 
-7.360000 	 0.043044 
-7.340000 	 -0.163136 
-7.320000 	 -0.119771 
-7.300000 	 -0.117189 
-7.280000 	 0.100872 
-7.260000 	 -0.124848 
-7.240000 	 0.160939 
-7.220000 	 -0.072758 
-7.200000 	 0.012172 
-7.180000 	 0.035168 
-7.160000 	 0.175345 
-7.140000 	 0.038570 
-7.120000 	 0.015834 
-7.100000 	 -0.209199 
-7.080000 	 -0.032724 
-7.060000 	 0.296436 
-7.040000 	 -0.245465 
-7.020000 	 0.151374 
-7.000000 	 -0.112596 
-6.980000 	 0.058736 
-6.960000 	 0.213945 
-6.940000 	 0.134033 
-6.920000 	 0.082621 
-6.900000 	 0.263056 
-6.880000 	 0.168662 
-6.860000 	 0.053888 
-6.840000 	 0.045360 
-6.820000 	 0.309462 
-6.800000 	 0.179304 
-6.780000 	 0.350857 
-6.760000 	 0.163424 
-6.740000 	 0.037223 
-6.720000 	 0.329878 
-6.700000 	 -0.097642 
-6.680000 	 0.260584 
-6.660000 	 0.271319 
-6.640000 	 0.054605 
-6.620000 	 0.118791 
-6.600000 	 -0.030228 
-6.580000 	 0.138767 
-6.560000 	 0.009945 
-6.540000 	 0.079830 
-6.520000 	 -0.027333 
-6.500000 	 -0.350711 
-6.480000 	 0.191265 
-6.460000 	 0.035622 
-6.440000 	 0.345282 
-6.420000 	 0.021688 
-6.400000 	 0.020597 
-6.380000 	 0.159487 
-6.360000 	 0.334527 
-6.340000 	 0.148790 
-6.320000 	 0.025718 
-6.300000 	 0.201936 
-6.280000 	 0.116602 
-6.260000 	 0.132217 
-6.240000 	 0.023075 
-6.220000 	 -0.004681 
-6.200000 	 0.110171 
-6.180000 	 0.281718 
-6.160000 	 -0.061030 
-6.140000 	 0.031751 
-6.120000 	 0.199999 
-6.100000 	 0.419642 
-6.080000 	 0.276384 
-6.060000 	 0.435721 
-6.040000 	 0.350827 
-6.020000 	 0.353985 
-6.000000 	 0.294622 
-5.980000 	 0.092080 
-5.960000 	 0.132384 
-5.940000 	 0.317675 
-5.920000 	 0.134532 
-5.900000 	 0.414900 
-5.880000 	 0.344502 
-5.860000 	 0.167665 
-5.840000 	 0.064558 
-5.820000 	 0.491160 
-5.800000 	 0.247801 
-5.780000 	 0.313472 
-5.760000 	 0.210531 
-5.740000 	 0.221742 
-5.720000 	 0.145520 
-5.700000 	 0.559058 
-5.680000 	 0.107867 
-5.660000 	 0.323285 
-5.640000 	 -0.073089 
-5.620000 	 0.572086 
-5.600000 	 0.390080 
-5.580000 	 0.248185 
-5.560000 	 0.258934 
-5.540000 	 0.383911 
-5.520000 	 0.533264 
-5.500000 	 0.221823 
-5.480000 	 0.161519 
-5.460000 	 0.180826 
-5.440000 	 0.308660 
-5.420000 	 0.260004 
-5.400000 	 0.447075 
-5.380000 	 0.239678 
-5.360000 	 0.518822 
-5.340000 	 0.472339 
-5.320000 	 0.272432 
-5.300000 	 0.181052 
-5.280000 	 0.478622 
-5.260000 	 0.446917 
-5.240000 	 0.395588 
-5.220000 	 0.227444 
-5.200000 	 0.403853 
-5.180000 	 0.390031 
-5.160000 	 0.509834 
-5.140000 	 0.264448 
-5.120000 	 0.049013 
-5.100000 	 0.516760 
-5.080000 	 0.346641 
-5.060000 	 0.352591 
-5.040000 	 0.405212 
-5.020000 	 0.367184 
-5.000000 	 0.498028 
-4.980000 	 0.390902 
-4.960000 	 0.280319 
-4.940000 	 0.311630 
-4.920000 	 0.459785 
-4.900000 	 0.388354 
-4.880000 	 0.598949 
-4.860000 	 0.599975 
-4.840000 	 0.486798 
-4.820000 	 0.284098 
-4.800000 	 0.523626 
-4.780000 	 0.467144 
-4.760000 	 0.539987 
-4.740000 	 0.891635 
-4.720000 	 0.474954 
-4.700000 	 0.385026 
-4.680000 	 0.676182 
-4.660000 	 0.553468 
-4.640000 	 0.583438 
-4.620000 	 0.521283 
-4.600000 	 0.579010 
-4.580000 	 0.470048 
-4.560000 	 0.149485 
-4.540000 	 0.409180 
-4.520000 	 0.398989 
-4.500000 	 0.529264 
-4.480000 	 0.245234 
-4.460000 	 0.496793 
-4.440000 	 0.487107 
-4.420000 	 0.215132 
-4.400000 	 0.444134 
-4.380000 	 0.561816 
-4.360000 	 0.553251 
-4.340000 	 0.593840 
-4.320000 	 0.632893 
-4.300000 	 0.552313 
-4.280000 	 0.313146 
-4.260000 	 0.492224 
-4.240000 	 0.676671 
-4.220000 	 0.151832 
-4.200000 	 0.448926 
-4.180000 	 0.687678 
-4.160000 	 0.211578 
-4.140000 	 0.601982 
-4.120000 	 0.465306 
-4.100000 	 0.241703 
-4.080000 	 0.539637 
-4.060000 	 0.704686 
-4.040000 	 0.708768 
-4.020000 	 0.549622 
-4.000000 	 0.520440 
-3.980000 	 0.450941 
-3.960000 	 0.491068 
-3.940000 	 0.318860 
-3.920000 	 0.350217 
-3.900000 	 0.489932 
-3.880000 	 0.419222 
-3.860000 	 0.533485 
-3.840000 	 0.527111 
-3.820000 	 0.433925 
-3.800000 	 0.442903 
-3.780000 	 0.760983 
-3.760000 	 0.662119 
-3.740000 	 0.508128 
-3.720000 	 0.485548 
-3.700000 	 0.620669 
-3.680000 	 0.487635 
-3.660000 	 0.421853 
-3.640000 	 0.529158 
-3.620000 	 0.464819 
-3.600000 	 0.639657 
-3.580000 	 0.506241 
-3.560000 	 0.328526 
-3.540000 	 0.579551 
-3.520000 	 0.219882 
-3.500000 	 0.552809 
-3.480000 	 0.194541 
-3.460000 	 0.637364 
-3.440000 	 0.349185 
-3.420000 	 0.615418 
-3.400000 	 0.566014 
-3.380000 	 0.522806 
-3.360000 	 0.361347 
-3.340000 	 0.639482 
-3.320000 	 0.523144 
-3.300000 	 0.518895 
-3.280000 	 0.534822 
-3.260000 	 0.213135 
-3.240000 	 0.432592 
-3.220000 	 0.382141 
-3.200000 	 0.285081 
-3.180000 	 0.186869 
-3.160000 	 0.491218 
-3.140000 	 0.349256 
-3.120000 	 0.471933 
-3.100000 	 0.470181 
-3.080000 	 0.488696 
-3.060000 	 0.357360 
-3.040000 	 0.730785 
-3.020000 	 0.571730 
-3.000000 	 0.117658 
-2.980000 	 0.347362 
-2.960000 	 0.454341 
-2.940000 	 0.611035 
-2.920000 	 0.402884 
-2.900000 	 0.263671 
-2.880000 	 0.191787 
-2.860000 	 0.218810 
-2.840000 	 0.310958 
-2.820000 	 0.228885 
-2.800000 	 0.280263 
-2.780000 	 0.506615 
-2.760000 	 0.568574 
-2.740000 	 0.230438 
-2.720000 	 0.528387 
-2.700000 	 0.456347 
-2.680000 	 0.183256 
-2.660000 	 0.568554 
-2.640000 	 0.253193 
-2.620000 	 0.274744 
-2.600000 	 0.414678 
-2.580000 	 0.426771 
-2.560000 	 0.164697 
-2.540000 	 0.294732 
-2.520000 	 0.199286 
-2.500000 	 0.311457 
-2.480000 	 0.264209 
-2.460000 	 0.385370 
-2.440000 	 0.082830 
-2.420000 	 0.507695 
-2.400000 	 0.507703 
-2.380000 	 0.416235 
-2.360000 	 0.104459 
-2.340000 	 0.314490 
-2.320000 	 0.055465 
-2.300000 	 0.024273 
-2.280000 	 0.340261 
-2.260000 	 0.347193 
-2.240000 	 0.368562 
-2.220000 	 0.133572 
-2.200000 	 0.231302 
-2.180000 	 0.203153 
-2.160000 	 -0.054077 
-2.140000 	 -0.025282 
-2.120000 	 0.170536 
-2.100000 	 0.211276 
-2.080000 	 0.385388 
-2.060000 	 0.198267 
-2.040000 	 0.128432 
-2.020000 	 0.291373 
-2.000000 	 -0.024371 
-1.980000 	 0.191568 
-1.960000 	 0.114412 
-1.940000 	 0.297172 
-1.920000 	 0.175436 
-1.900000 	 0.314658 
-1.880000 	 0.365685 
-1.860000 	 0.254129 
-1.840000 	 0.147063 
-1.820000 	 0.241478 
-1.800000 	 0.278204 
-1.780000 	 0.084120 
-1.760000 	 0.045025 
-1.740000 	 0.116767 
-1.720000 	 -0.001710 
-1.700000 	 0.286950 
-1.680000 	 0.078830 
-1.660000 	 -0.041500 
-1.640000 	 0.163506 
-1.620000 	 0.366590 
-1.600000 	 0.056860 
-1.580000 	 0.123395 
-1.560000 	 -0.083195 
-1.540000 	 0.203761 
-1.520000 	 0.236504 
-1.500000 	 0.097196 
-1.480000 	 0.116395 
-1.460000 	 0.238891 
-1.440000 	 -0.057325 
-1.420000 	 0.108493 
-1.400000 	 0.337988 
-1.380000 	 0.174027 
-1.360000 	 0.042095 
-1.340000 	 0.307266 
-1.320000 	 0.048117 
-1.300000 	 0.295177 
-1.280000 	 0.356004 
-1.260000 	 0.215521 
-1.240000 	 0.002717 
-1.220000 	 -0.021276 
-1.200000 	 -0.191314 
-1.180000 	 0.092511 
-1.160000 	 -0.070756 
-1.140000 	 0.092636 
-1.120000 	 0.237416 
-1.100000 	 -0.034501 
-1.080000 	 -0.144975 
-1.060000 	 0.117509 
-1.040000 	 0.263816 
-1.020000 	 0.061095 
-1.000000 	 0.204872 
-0.980000 	 -0.013888 
-0.960000 	 0.090012 
-0.940000 	 -0.092431 
-0.920000 	 0.021294 
-0.900000 	 0.202093 
-0.880000 	 -0.060385 
-0.860000 	 0.073612 
-0.840000 	 0.056283 
-0.820000 	 0.091345 
-0.800000 	 0.265815 
-0.780000 	 -0.043477 
-0.760000 	 0.231478 
-0.740000 	 0.155554 
-0.720000 	 -0.006872 
-0.700000 	 -0.001805 
-0.680000 	 0.180954 
-0.660000 	 -0.193197 
-0.640000 	 0.449418 
-0.620000 	 -0.060790 
-0.600000 	 0.024194 
-0.580000 	 0.300332 
-0.560000 	 0.046158 
-0.540000 	 0.388725 
-0.520000 	 0.168215 
-0.500000 	 0.034089 
-0.480000 	 0.081830 
-0.460000 	 0.216215 
-0.440000 	 0.406743 
-0.420000 	 0.333235 
-0.400000 	 0.251222 
-0.380000 	 0.154279 
-0.360000 	 0.113506 
-0.340000 	 0.161646 
-0.320000 	 0.056484 
-0.300000 	 0.046904 
-0.280000 	 0.247911 
-0.260000 	 0.251717 
-0.240000 	 0.358920 
-0.220000 	 0.036832 
-0.200000 	 0.163900 
-0.180000 	 0.300054 
-0.160000 	 0.228114 
-0.140000 	 0.066574 
-0.120000 	 0.472184 
-0.100000 	 0.177416 
-0.080000 	 0.074052 
-0.060000 	 0.201200 
-0.040000 	 0.143007 
-0.020000 	 0.331911 
0.000000 	 0.254972 
0.020000 	 0.208653 
0.040000 	 0.203860 
0.060000 	 0.195221 
0.080000 	 0.174986 
0.100000 	 0.132294 
0.120000 	 0.303975 
0.140000 	 0.102364 
0.160000 	 0.186812 
0.180000 	 0.195845 
0.200000 	 -0.002581 
0.220000 	 0.143697 
0.240000 	 0.381609 
0.260000 	 0.190053 
0.280000 	 0.470902 
0.300000 	 0.412785 
0.320000 	 0.071372 
0.340000 	 0.478111 
0.360000 	 0.456911 
0.380000 	 0.360580 
0.400000 	 0.549412 
0.420000 	 0.148486 
0.440000 	 0.389619 
0.460000 	 0.583803 
0.480000 	 0.337769 
0.500000 	 0.575622 
0.520000 	 0.460969 
0.540000 	 0.334888 
0.560000 	 0.503206 
0.580000 	 0.439181 
0.600000 	 0.437780 
0.620000 	 0.498141 
0.640000 	 0.439960 
0.660000 	 0.555703 
0.680000 	 0.468580 
0.700000 	 0.213381 
0.720000 	 0.348635 
0.740000 	 0.622373 
0.760000 	 0.286374 
0.780000 	 0.467368 
0.800000 	 0.456078 
0.820000 	 0.250073 
0.840000 	 0.281487 
0.860000 	 0.371598 
0.880000 	 0.413070 
0.900000 	 0.234408 
0.920000 	 0.611977 
0.940000 	 0.461940 
0.960000 	 0.743730 
0.980000 	 0.569246 
1.000000 	 0.455663 
1.020000 	 0.499319 
1.040000 	 0.397407 
1.060000 	 0.416531 
1.080000 	 0.715630 
1.100000 	 0.460219 
1.120000 	 0.397534 
1.140000 	 0.743838 
1.160000 	 0.405627 
1.180000 	 0.567176 
1.200000 	 0.559877 
1.220000 	 0.720526 
1.240000 	 0.302774 
1.260000 	 0.392268 
1.280000 	 0.568812 
1.300000 	 0.648732 
1.320000 	 0.778774 
1.340000 	 0.472364 
1.360000 	 0.541802 
1.380000 	 0.591396 
1.400000 	 0.716483 
1.420000 	 0.596529 
1.440000 	 0.744272 
1.460000 	 0.789823 
1.480000 	 0.498973 
1.500000 	 0.767589 
1.520000 	 0.769604 
1.540000 	 0.873325 
1.560000 	 0.889982 
1.580000 	 0.802638 
1.600000 	 0.839751 
1.620000 	 0.773595 
1.640000 	 0.595327 
1.660000 	 0.753473 
1.680000 	 1.031074 
1.700000 	 0.967950 
1.720000 	 0.672138 
1.740000 	 0.510843 
1.760000 	 0.967031 
1.780000 	 0.935493 
1.800000 	 0.620763 
1.820000 	 1.144668 
1.840000 	 0.867844 
1.860000 	 0.710297 
1.880000 	 0.796854 
1.900000 	 0.987877 
1.920000 	 0.736300 
1.940000 	 0.779280 
1.960000 	 1.057202 
1.980000 	 1.085782 
2.000000 	 0.834657 
2.020000 	 1.065197 
2.040000 	 0.914973 
2.060000 	 1.143289 
2.080000 	 1.017712 
2.100000 	 1.040184 
2.120000 	 1.136337 
2.140000 	 1.068154 
2.160000 	 1.419994 
2.180000 	 0.956748 
2.200000 	 1.245844 
2.220000 	 1.012905 
2.240000 	 1.226242 
2.260000 	 1.046934 
2.280000 	 1.289729 
2.300000 	 0.993647 
2.320000 	 1.173230 
2.340000 	 1.519803 
2.360000 	 1.331918 
2.380000 	 1.051844 
2.400000 	 0.732845 
2.420000 	 1.355625 
2.440000 	 0.946956 
2.460000 	 1.097967 
2.480000 	 1.153605 
2.500000 	 1.218585 
2.520000 	 1.104992 
2.540000 	 1.300347 
2.560000 	 1.078593 
2.580000 	 1.243091 
2.600000 	 0.975869 
2.620000 	 1.180873 
2.640000 	 1.241245 
2.660000 	 1.331088 
2.680000 	 1.268640 
2.700000 	 0.968539 
2.720000 	 1.454141 
2.740000 	 1.193288 
2.760000 	 1.183936 
2.780000 	 1.289596 
2.800000 	 1.579567 
2.820000 	 1.478821 
2.840000 	 1.378546 
2.860000 	 1.302813 
2.880000 	 1.349750 
2.900000 	 1.516749 
2.920000 	 1.391443 
2.940000 	 1.592390 
2.960000 	 1.711878 
2.980000 	 1.395185 
3.000000 	 1.507867 
3.020000 	 1.473292 
3.040000 	 1.317113 
3.060000 	 1.618253 
3.080000 	 1.209818 
3.100000 	 1.559548 
3.120000 	 1.355462 
3.140000 	 1.448520 
3.160000 	 1.381475 
3.180000 	 1.705178 
3.200000 	 1.379667 
3.220000 	 1.320684 
3.240000 	 1.481151 
3.260000 	 1.374654 
3.280000 	 1.505020 
3.300000 	 1.598709 
3.320000 	 1.561573 
3.340000 	 1.413363 
3.360000 	 1.562762 
3.380000 	 1.395461 
3.400000 	 1.309596 
3.420000 	 1.633445 
3.440000 	 1.365422 
3.460000 	 1.778308 
3.480000 	 1.673472 
3.500000 	 1.521374 
3.520000 	 1.922836 
3.540000 	 1.486063 
3.560000 	 1.505530 
3.580000 	 1.568983 
3.600000 	 1.361502 
3.620000 	 1.875445 
3.640000 	 1.659648 
3.660000 	 1.688105 
3.680000 	 1.636071 
3.700000 	 1.607495 
3.720000 	 1.615502 
3.740000 	 1.263703 
3.760000 	 1.814559 
3.780000 	 1.612875 
3.800000 	 1.732587 
3.820000 	 1.633533 
3.840000 	 1.643087 
3.860000 	 1.622663 
3.880000 	 1.533557 
3.900000 	 1.500721 
3.920000 	 1.643732 
3.940000 	 1.761674 
3.960000 	 1.605059 
3.980000 	 1.363925 
4.000000 	 1.658581 
4.020000 	 1.663356 
4.040000 	 1.691626 
4.060000 	 1.551827 
4.080000 	 1.660637 
4.100000 	 1.659417 
4.120000 	 1.812727 
4.140000 	 1.743511 
4.160000 	 1.056326 
4.180000 	 1.423007 
4.200000 	 1.722240 
4.220000 	 1.783299 
4.240000 	 1.553969 
4.260000 	 1.824745 
4.280000 	 1.667682 
4.300000 	 1.552006 
4.320000 	 1.771624 
4.340000 	 1.458632 
4.360000 	 1.715505 
4.380000 	 1.742352 
4.400000 	 1.575923 
4.420000 	 1.347923 
4.440000 	 1.413733 
4.460000 	 1.636050 
4.480000 	 1.376494 
4.500000 	 1.503928 
4.520000 	 1.544793 
4.540000 	 1.508247 
4.560000 	 1.480381 
4.580000 	 1.522967 
4.600000 	 1.605902 
4.620000 	 1.410078 
4.640000 	 1.490917 
4.660000 	 1.414479 
4.680000 	 1.672755 
4.700000 	 1.653458 
4.720000 	 1.616029 
4.740000 	 1.354304 
4.760000 	 1.442655 
4.780000 	 1.620248 
4.800000 	 1.579512 
4.820000 	 1.608806 
4.840000 	 1.395020 
4.860000 	 1.648720 
4.880000 	 1.569428 
4.900000 	 1.288555 
4.920000 	 1.462031 
4.940000 	 1.429957 
4.960000 	 1.312304 
4.980000 	 1.292699 
5.000000 	 1.635031 
5.020000 	 1.727791 
5.040000 	 1.234418 
5.060000 	 1.251561 
5.080000 	 1.321559 
5.100000 	 1.363863 
5.120000 	 1.369428 
5.140000 	 1.749791 
5.160000 	 1.273687 
5.180000 	 1.072629 
5.200000 	 1.446572 
5.220000 	 1.611215 
5.240000 	 1.376571 
5.260000 	 1.309846 
5.280000 	 1.261760 
5.300000 	 1.148505 
5.320000 	 1.483568 
5.340000 	 1.176180 
5.360000 	 1.266200 
5.380000 	 1.200415 
5.400000 	 1.104694 
5.420000 	 1.456425 
5.440000 	 1.409859 
5.460000 	 1.275904 
5.480000 	 1.301506 
5.500000 	 1.428033 
5.520000 	 1.290095 
5.540000 	 1.152478 
5.560000 	 0.846692 
5.580000 	 1.012909 
5.600000 	 1.379268 
5.620000 	 1.206481 
5.640000 	 1.305778 
5.660000 	 1.258945 
5.680000 	 1.062542 
5.700000 	 1.259946 
5.720000 	 1.145121 
5.740000 	 0.780657 
5.760000 	 1.115089 
5.780000 	 1.091739 
5.800000 	 1.503739 
5.820000 	 0.992040 
5.840000 	 0.952720 
5.860000 	 1.098013 
5.880000 	 0.853068 
5.900000 	 0.938345 
5.920000 	 1.056700 
5.940000 	 0.690573 
5.960000 	 1.142967 
5.980000 	 1.017122 
6.000000 	 0.873789 
6.020000 	 0.896083 
6.040000 	 1.192912 
6.060000 	 1.047761 
6.080000 	 1.086455 
6.100000 	 1.097984 
6.120000 	 1.088521 
6.140000 	 0.896714 
6.160000 	 0.810032 
6.180000 	 0.799326 
6.200000 	 0.962939 
6.220000 	 0.923430 
6.240000 	 0.731673 
6.260000 	 0.833407 
6.280000 	 0.508430 
6.300000 	 1.057074 
6.320000 	 0.469696 
6.340000 	 1.139789 
6.360000 	 0.529072 
6.380000 	 0.769372 
6.400000 	 0.837810 
6.420000 	 0.714480 
6.440000 	 0.799569 
6.460000 	 0.632913 
6.480000 	 0.822201 
6.500000 	 0.532525 
6.520000 	 0.786165 
6.540000 	 0.538533 
6.560000 	 0.697882 
6.580000 	 0.760420 
6.600000 	 0.689082 
6.620000 	 0.870066 
6.640000 	 0.782023 
6.660000 	 0.815514 
6.680000 	 0.792532 
6.700000 	 0.288378 
6.720000 	 0.571045 
6.740000 	 0.642803 
6.760000 	 0.817218 
6.780000 	 0.547355 
6.800000 	 0.639333 
6.820000 	 0.362734 
6.840000 	 0.585881 
6.860000 	 0.818553 
6.880000 	 0.714091 
6.900000 	 0.763723 
6.920000 	 0.426595 
6.940000 	 0.459921 
6.960000 	 0.392683 
6.980000 	 0.536742 
7.000000 	 0.596322 
7.020000 	 0.341956 
7.040000 	 0.661421 
7.060000 	 0.472403 
7.080000 	 0.501690 
7.100000 	 0.633268 
7.120000 	 0.266266 
7.140000 	 0.565286 
7.160000 	 0.397390 
7.180000 	 0.665474 
7.200000 	 0.625161 
7.220000 	 0.367365 
7.240000 	 0.376773 
7.260000 	 0.343263 
7.280000 	 0.538611 
7.300000 	 0.339939 
7.320000 	 0.151472 
7.340000 	 0.350309 
7.360000 	 0.468208 
7.380000 	 0.335954 
7.400000 	 0.541544 
7.420000 	 0.416035 
7.440000 	 0.412645 
7.460000 	 -0.300000 
7.480000 	 0.345037 
7.500000 	 0.450116 
7.520000 	 0.117920 
7.540000 	 0.362970 
7.560000 	 0.360645 
7.580000 	 0.248221 
7.600000 	 0.209880 
7.620000 	 0.548534 
7.640000 	 0.328164 
7.660000 	 0.348342 
7.680000 	 0.252929 
7.700000 	 0.600765 
7.720000 	 0.310040 
7.740000 	 0.561543 
7.760000 	 0.283932 
7.780000 	 0.900000 
7.800000 	 0.148651 
7.820000 	 0.165871 
7.840000 	 0.353831 
7.860000 	 0.204703 
7.880000 	 0.149302 
7.900000 	 0.317826 
7.920000 	 0.247181 
7.940000 	 -0.069583 
7.960000 	 0.325306 
7.980000 	 0.306011 
8.000000 	 0.388819 
8.020000 	 0.333252 
8.040000 	 0.174214 
8.060000 	 0.212754 
8.080000 	 0.321576 
8.100000 	 0.310694 
8.120000 	 0.169961 
8.140000 	 0.180582 
8.160000 	 0.251599 
8.180000 	 0.187991 
8.200000 	 0.339046 
8.220000 	 0.245054 
8.240000 	 0.431523 
8.260000 	 0.111152 
8.280000 	 0.156022 
8.300000 	 0.174767 
8.320000 	 0.064471 
8.340000 	 0.051939 
8.360000 	 0.273019 
8.380000 	 0.363077 
8.400000 	 0.324476 
8.420000 	 0.206790 
8.440000 	 0.067659 
8.460000 	 -0.061430 
8.480000 	 -0.042533 
8.500000 	 -0.106494 
8.520000 	 0.193196 
8.540000 	 0.434688 
8.560000 	 0.060151 
8.580000 	 0.142256 
8.600000 	 0.198135 
8.620000 	 0.071651 
8.640000 	 0.138846 
8.660000 	 -0.204536 
8.680000 	 0.320270 
8.700000 	 -0.055560 
8.720000 	 0.000404 
8.740000 	 0.175189 
8.760000 	 0.050742 
8.780000 	 -0.090094 
8.800000 	 0.121038 
8.820000 	 0.091707 
8.840000 	 -0.021011 
8.860000 	 -0.234334 
8.880000 	 0.054987 
8.900000 	 0.133598 
8.920000 	 0.257585 
8.940000 	 0.033170 
8.960000 	 0.137958 
8.980000 	 -0.074142 
9.000000 	 0.137161 
9.020000 	 -0.150897 
9.040000 	 -0.007465 
9.060000 	 0.188509 
9.080000 	 -0.078017 
9.100000 	 0.183116 
9.120000 	 0.152802 
9.140000 	 -0.032601 
9.160000 	 0.039113 
9.180000 	 -0.136112 
9.200000 	 -0.234958 
9.220000 	 0.165953 
9.240000 	 0.199361 
9.260000 	 -0.152523 
9.280000 	 0.095108 
9.300000 	 0.264790 
9.320000 	 -0.060228 
9.340000 	 -0.072176 
9.360000 	 0.006136 
9.380000 	 -0.090339 
9.400000 	 0.078399 
9.420000 	 0.350921 
9.440000 	 0.247953 
9.460000 	 -0.078168 
9.480000 	 0.199435 
9.500000 	 0.060080 
9.520000 	 -0.071387 
9.540000 	 0.064583 
9.560000 	 -0.046251 
9.580000 	 0.239664 
9.600000 	 -0.049481 
9.620000 	 0.063592 
9.640000 	 -0.145139 
9.660000 	 -0.183074 
9.680000 	 -0.050076 
9.700000 	 -0.008316 
9.720000 	 0.150858 
9.740000 	 0.111224 
9.760000 	 0.053633 
9.780000 	 -0.164212 
9.800000 	 -0.117118 
9.820000 	 0.106107 
9.840000 	 0.183684 
9.860000 	 -0.213029 
9.880000 	 -0.126363 
9.900000 	 -0.400000 
9.920000 	 0.158030 
9.940000 	 -0.039478 
9.960000 	 -0.295888 
9.980000 	 0.097770 
10.000000 	 0.042987 
10.020000 	 -0.119310 
10.040000 	 -0.035897 
10.060000 	 -0.018658 
10.080000 	 -0.033883 
10.100000 	 -0.181060 
10.120000 	 0.007550 
10.140000 	 0.041265 
10.160000 	 0.074584 
10.180000 	 -0.064460 
10.200000 	 0.084092 
10.220000 	 -0.133009 
10.240000 	 -0.133420 
10.260000 	 0.120955 
10.280000 	 0.076767 
10.300000 	 0.071684 
10.320000 	 0.048147 
10.340000 	 -0.107174 
10.360000 	 0.124729 
10.380000 	 -0.153852 
10.400000 	 0.191437 
10.420000 	 0.049166 
10.440000 	 0.029627 
10.460000 	 0.201317 
10.480000 	 -0.129849 
10.500000 	 0.209933 
10.520000 	 0.009621 
10.540000 	 0.098526 
10.560000 	 0.135064 
10.580000 	 0.042334 
10.600000 	 0.064813 
10.620000 	 0.138854 
10.640000 	 -0.288869 
10.660000 	 -0.070743 
10.680000 	 0.045911 
10.700000 	 0.350093 
10.720000 	 -0.179177 
10.740000 	 -0.206750 
10.760000 	 -0.251710 
10.780000 	 -0.210483 
10.800000 	 0.013975 
10.820000 	 0.139843 
10.840000 	 -0.062837 
10.860000 	 0.494572 
10.880000 	 -0.073955 
10.900000 	 0.227372 
10.920000 	 0.070141 
10.940000 	 -0.030625 
10.960000 	 -0.094888 
10.980000 	 -0.062045 
11.000000 	 -0.121797 
11.020000 	 -0.133093 
11.040000 	 0.284539 
11.060000 	 -0.044787 
11.080000 	 0.074560 
11.100000 	 -0.025120 
11.120000 	 -0.027408 
11.140000 	 -0.280955 
11.160000 	 0.056173 
11.180000 	 -0.140475 
11.200000 	 -0.079138 
11.220000 	 -0.239906 
11.240000 	 0.179009 
11.260000 	 -0.137060 
11.280000 	 0.230653 
11.300000 	 -0.094570 
11.320000 	 -0.366733 
11.340000 	 -0.250526 
11.360000 	 -0.235111 
11.380000 	 0.032386 
11.400000 	 0.207079 
11.420000 	 -0.075813 
11.440000 	 0.033068 
11.460000 	 -0.099914 
11.480000 	 -0.174799 
11.500000 	 -0.418857 
11.520000 	 -0.119656 
11.540000 	 -0.187391 
11.560000 	 -0.064980 
11.580000 	 -0.112213 
11.600000 	 0.167613 
11.620000 	 -0.063425 
11.640000 	 0.183633 
11.660000 	 0.130769 
11.680000 	 0.085221 
11.700000 	 -0.098529 
11.720000 	 0.245137 
11.740000 	 0.192189 
11.760000 	 -0.037914 
11.780000 	 0.010405 
11.800000 	 -0.085621 
11.820000 	 0.151381 
11.840000 	 -0.012569 
11.860000 	 0.007674 
11.880000 	 0.041564 
11.900000 	 -0.039254 
11.920000 	 0.103656 
11.940000 	 0.110030 
11.960000 	 0.007175 
11.980000 	 0.200164 
12.000000 	 0.199457 
12.020000 	 -0.087391 
12.040000 	 -0.215727 
12.060000 	 -0.058595 
12.080000 	 -0.128356 
12.100000 	 -0.172403 
12.120000 	 0.171753 
12.140000 	 0.086524 
12.160000 	 -0.107993 
12.180000 	 -0.052417 
12.200000 	 -0.015649 
12.220000 	 0.040025 
12.240000 	 0.053232 
12.260000 	 -0.045927 
12.280000 	 0.133628 
12.300000 	 -0.224015 
12.320000 	 -0.064086 
12.340000 	 0.168344 
12.360000 	 -0.074280 
12.380000 	 -0.353355 
12.400000 	 0.295468 
12.420000 	 0.044051 
12.440000 	 -0.201894 
12.460000 	 0.097726 
12.480000 	 0.308995 
12.500000 	 -0.044899 
12.520000 	 -0.085847 
12.540000 	 -0.011906 
12.560000 	 -0.097225 
12.580000 	 -0.085305 
12.600000 	 0.100446 
12.620000 	 0.237906 
12.640000 	 0.166016 
12.660000 	 -0.107119 
12.680000 	 0.005152 
12.700000 	 0.140842 
12.720000 	 -0.068957 
12.740000 	 -0.063667 
12.760000 	 -0.206163 
12.780000 	 0.031761 
12.800000 	 0.156982 
12.820000 	 0.146064 
12.840000 	 -0.233646 
12.860000 	 -0.217442 
12.880000 	 0.188901 
12.900000 	 0.198119 
12.920000 	 -0.236858 
12.940000 	 -0.275786 
12.960000 	 -0.144436 
12.980000 	 -0.121508 
13.000000 	 0.219423 
13.020000 	 0.364434 
13.040000 	 -0.026057 
13.060000 	 -0.120588 
13.080000 	 0.295552 
13.100000 	 0.215729 
13.120000 	 -0.029861 
13.140000 	 -0.211537 
13.160000 	 -0.046320 
13.180000 	 0.128100 
13.200000 	 -0.003360 
13.220000 	 0.060396 
13.240000 	 -0.229052 
13.260000 	 0.005680 
13.280000 	 0.017539 
13.300000 	 0.070331 
13.320000 	 -0.219545 
13.340000 	 0.231257 
13.360000 	 -0.206884 
13.380000 	 0.043616 
13.400000 	 -0.094007 
13.420000 	 0.062416 
13.440000 	 0.002574 
13.460000 	 0.317524 
13.480000 	 -0.335557 
13.500000 	 -0.047654 
13.520000 	 -0.167025 
13.540000 	 -0.112511 
13.560000 	 0.094928 
13.580000 	 -0.182503 
13.600000 	 -0.187705 
13.620000 	 0.141388 
13.640000 	 -0.213257 
13.660000 	 0.014194 
13.680000 	 0.003838 
13.700000 	 0.079140 
13.720000 	 0.186299 
13.740000 	 -0.200661 
13.760000 	 0.133181 
13.780000 	 0.015790 
13.800000 	 0.378390 
13.820000 	 0.248753 
13.840000 	 -0.247224 
13.860000 	 -0.109629 
13.880000 	 -0.151494 
13.900000 	 -0.005179 
13.920000 	 0.185611 
13.940000 	 -0.192094 
13.960000 	 0.032163 
13.980000 	 0.209683 
14.000000 	 -0.020564 
14.020000 	 -0.067745 
14.040000 	 -0.038158 
14.060000 	 0.404420 
14.080000 	 0.023768 
14.100000 	 -0.079551 
14.120000 	 -0.050025 
14.140000 	 0.056371 
14.160000 	 -0.356356 
14.180000 	 0.143594 
14.200000 	 0.227191 
14.220000 	 0.103041 
14.240000 	 -0.143354 
14.260000 	 -0.107285 
14.280000 	 -0.020244 
14.300000 	 -0.219086 
14.320000 	 0.029912 
14.340000 	 0.010891 
14.360000 	 -0.011039 
14.380000 	 0.120326 
14.400000 	 -0.142501 
14.420000 	 0.062056 
14.440000 	 0.190006 
14.460000 	 -0.094496 
14.480000 	 0.088973 
14.500000 	 -0.316462 
14.520000 	 -0.085924 
14.540000 	 -0.032783 
14.560000 	 0.120833 
14.580000 	 -0.136639 
14.600000 	 0.255674 
14.620000 	 -0.082968 
14.640000 	 -0.136246 
14.660000 	 0.157574 
14.680000 	 -0.333333 
14.700000 	 -0.053937 
14.720000 	 -0.067934 
14.740000 	 -0.019385 
14.760000 	 -0.042248 
14.780000 	 -0.271527 
14.800000 	 0.129066 
14.820000 	 0.084949 
14.840000 	 -0.055049 
14.860000 	 -0.286146 
14.880000 	 0.062669 
14.900000 	 0.083989 
14.920000 	 0.089014 
14.940000 	 0.199859 
14.960000 	 0.240753 
14.980000 	 0.065334 
15.000000 	 0.103952 
