-15.000000 	 0.197338 
-14.980000 	 -0.164694 
-14.960000 	 0.148476 
-14.940000 	 -0.125212 
-14.920000 	 -0.031744 
-14.900000 	 -0.028695 
-14.880000 	 -0.134345 
-14.860000 	 -0.280904 
-14.840000 	 0.030845 
-14.820000 	 0.103853 
-14.800000 	 0.078606 
-14.780000 	 -0.247010 
-14.760000 	 0.155252 
-14.740000 	 0.113624 
-14.720000 	 0.085752 
-14.700000 	 -0.003067 
-14.680000 	 0.222398 
-14.660000 	 0.006526 
-14.640000 	 -0.029588 
-14.620000 	 0.080807 
-14.600000 	 -0.208363 
-14.580000 	 -0.000178 
-14.560000 	 -0.017408 
-14.540000 	 0.031155 
-14.520000 	 0.235299 
-14.500000 	 -0.005980 
-14.480000 	 -0.338886 
-14.460000 	 -0.152706 
-14.440000 	 0.132857 
-14.420000 	 -0.010886 
-14.400000 	 0.071303 
-14.380000 	 0.109707 
-14.360000 	 0.351083 
-14.340000 	 -0.251480 
-14.320000 	 0.160169 
-14.300000 	 0.155381 
-14.280000 	 0.193864 
-14.260000 	 0.056226 
-14.240000 	 -0.067050 
-14.220000 	 0.168881 
-14.200000 	 -0.040876 
-14.180000 	 0.011501 
-14.160000 	 0.085396 
-14.140000 	 0.034911 
-14.120000 	 0.233618 
-14.100000 	 -0.035900 
-14.080000 	 -0.039966 
-14.060000 	 0.001565 
-14.040000 	 -0.040986 
-14.020000 	 0.076634 
-14.000000 	 0.109161 
-13.980000 	 -0.183723 
-13.960000 	 0.066515 
-13.940000 	 -0.241814 
-13.920000 	 -0.246452 
-13.900000 	 0.055454 
-13.880000 	 0.131455 
-13.860000 	 0.115775 
-13.840000 	 0.112605 
-13.820000 	 -0.018357 
-13.800000 	 -0.156725 
-13.780000 	 -0.246882 
-13.760000 	 -0.119899 
-13.740000 	 -0.125144 
-13.720000 	 -0.120604 
-13.700000 	 -0.218890 
-13.680000 	 0.096580 
-13.660000 	 0.079697 
-13.640000 	 0.027285 
-13.620000 	 -0.371161 
-13.600000 	 -0.106215 
-13.580000 	 0.066660 
-13.560000 	 -0.149093 
-13.540000 	 -0.071648 
-13.520000 	 0.110065 
-13.500000 	 0.030027 
-13.480000 	 -0.058439 
-13.460000 	 0.146340 
-13.440000 	 0.089569 
-13.420000 	 0.099396 
-13.400000 	 0.196078 
-13.380000 	 -0.254658 
-13.360000 	 0.001499 
-13.340000 	 -0.023097 
-13.320000 	 -0.245022 
-13.300000 	 -0.245910 
-13.280000 	 -0.266560 
-13.260000 	 -0.037729 
-13.240000 	 -0.179326 
-13.220000 	 0.257495 
-13.200000 	 0.206036 
-13.180000 	 -0.260574 
-13.160000 	 -0.237423 
-13.140000 	 0.187160 
-13.120000 	 0.192299 
-13.100000 	 0.174061 
-13.080000 	 -0.040738 
-13.060000 	 -0.191107 
-13.040000 	 0.086235 
-13.020000 	 -0.100590 
-13.000000 	 0.160461 
-12.980000 	 -0.025089 
-12.960000 	 -0.077963 
-12.940000 	 -0.081363 
-12.920000 	 0.235426 
-12.900000 	 0.145716 
-12.880000 	 -0.142932 
-12.860000 	 0.396865 
-12.840000 	 -0.036036 
-12.820000 	 -0.161206 
-12.800000 	 0.000680 
-12.780000 	 -0.024578 
-12.760000 	 0.009421 
-12.740000 	 -0.135157 
-12.720000 	 -0.039925 
-12.700000 	 0.017353 
-12.680000 	 0.120711 
-12.660000 	 -0.080564 
-12.640000 	 0.099686 
-12.620000 	 0.245540 
-12.600000 	 0.007818 
-12.580000 	 0.128275 
-12.560000 	 -0.097939 
-12.540000 	 0.052308 
-12.520000 	 -0.039082 
-12.500000 	 -0.142640 
-12.480000 	 -0.002200 
-12.460000 	 0.142439 
-12.440000 	 -0.232833 
-12.420000 	 -0.022394 
-12.400000 	 0.262859 
-12.380000 	 -0.030301 
-12.360000 	 0.046865 
-12.340000 	 0.129566 
-12.320000 	 -0.164542 
-12.300000 	 -0.063042 
-12.280000 	 0.103049 
-12.260000 	 -0.193614 
-12.240000 	 -0.053813 
-12.220000 	 0.114548 
-12.200000 	 0.205575 
-12.180000 	 -0.065561 
-12.160000 	 0.056453 
-12.140000 	 0.045363 
-12.120000 	 -0.012756 
-12.100000 	 -0.077152 
-12.080000 	 0.086551 
-12.060000 	 0.001043 
-12.040000 	 -0.067860 
-12.020000 	 -0.049016 
-12.000000 	 -0.040213 
-11.980000 	 0.053739 
-11.960000 	 0.098265 
-11.940000 	 -0.203372 
-11.920000 	 0.044423 
-11.900000 	 -0.052617 
-11.880000 	 -0.323341 
-11.860000 	 0.253227 
-11.840000 	 0.053586 
-11.820000 	 -0.070563 
-11.800000 	 0.099949 
-11.780000 	 0.031859 
-11.760000 	 -0.026267 
-11.740000 	 0.080648 
-11.720000 	 -0.149235 
-11.700000 	 0.207241 
-11.680000 	 -0.194895 
-11.660000 	 0.023596 
-11.640000 	 -0.470159 
-11.620000 	 -0.315198 
-11.600000 	 0.145220 
-11.580000 	 -0.184745 
-11.560000 	 -0.089822 
-11.540000 	 0.036892 
-11.520000 	 -0.253398 
-11.500000 	 -0.157446 
-11.480000 	 -0.166116 
-11.460000 	 0.132229 
-11.440000 	 0.194323 
-11.420000 	 0.239741 
-11.400000 	 -0.093911 
-11.380000 	 -0.019727 
-11.360000 	 -0.287241 
-11.340000 	 -0.113690 
-11.320000 	 -0.202980 
-11.300000 	 -0.227041 
-11.280000 	 -0.176457 
-11.260000 	 -0.158058 
-11.240000 	 0.077195 
-11.220000 	 -0.040680 
-11.200000 	 -0.096915 
-11.180000 	 -0.134556 
-11.160000 	 0.013725 
-11.140000 	 0.335663 
-11.120000 	 -0.124418 
-11.100000 	 -0.067650 
-11.080000 	 -0.066608 
-11.060000 	 -0.013733 
-11.040000 	 -0.209228 
-11.020000 	 0.156441 
-11.000000 	 0.116050 
-10.980000 	 0.056815 
-10.960000 	 -0.148150 
-10.940000 	 0.070187 
-10.920000 	 -0.108644 
-10.900000 	 -0.153345 
-10.880000 	 0.056478 
-10.860000 	 -0.016552 
-10.840000 	 -0.146542 
-10.820000 	 -0.124082 
-10.800000 	 0.059017 
-10.780000 	 0.172067 
-10.760000 	 0.175508 
-10.740000 	 0.075056 
-10.720000 	 0.237845 
-10.700000 	 0.072398 
-10.680000 	 0.038697 
-10.660000 	 -0.178106 
-10.640000 	 -0.022369 
-10.620000 	 -0.120378 
-10.600000 	 0.222566 
-10.580000 	 -0.241893 
-10.560000 	 -0.086012 
-10.540000 	 -0.099530 
-10.520000 	 -0.046751 
-10.500000 	 0.025259 
-10.480000 	 0.600000 
-10.460000 	 -0.066952 
-10.440000 	 -0.331518 
-10.420000 	 0.053273 
-10.400000 	 -0.044512 
-10.380000 	 0.231249 
-10.360000 	 -0.050151 
-10.340000 	 0.152781 
-10.320000 	 0.072600 
-10.300000 	 -0.167381 
-10.280000 	 0.142499 
-10.260000 	 0.090799 
-10.240000 	 0.091649 
-10.220000 	 -0.094643 
-10.200000 	 0.094765 
-10.180000 	 0.055082 
-10.160000 	 0.081165 
-10.140000 	 0.018460 
-10.120000 	 0.100755 
-10.100000 	 0.079169 
-10.080000 	 0.300000 
-10.060000 	 -0.104651 
-10.040000 	 0.135799 
-10.020000 	 0.238318 
-10.000000 	 -0.156966 
-9.980000 	 0.013819 
-9.960000 	 0.163762 
-9.940000 	 0.205675 
-9.920000 	 -0.097038 
-9.900000 	 0.016009 
-9.880000 	 0.021190 
-9.860000 	 -0.155190 
-9.840000 	 -0.180790 
-9.820000 	 0.013607 
-9.800000 	 0.241071 
-9.780000 	 -0.075572 
-9.760000 	 -0.080305 
-9.740000 	 0.163363 
-9.720000 	 -0.080098 
-9.700000 	 0.031964 
-9.680000 	 0.069237 
-9.660000 	 -0.076105 
-9.640000 	 -0.019872 
-9.620000 	 -0.249020 
-9.600000 	 -0.100719 
-9.580000 	 0.141539 
-9.560000 	 0.225240 
-9.540000 	 -0.099088 
-9.520000 	 -0.127303 
-9.500000 	 -0.190041 
-9.480000 	 -0.325722 
-9.460000 	 0.036765 
-9.440000 	 -0.281372 
-9.420000 	 0.227373 
-9.400000 	 0.070055 
-9.380000 	 -0.187531 
-9.360000 	 -0.005194 
-9.340000 	 0.042557 
-9.320000 	 0.152679 
-9.300000 	 -0.155125 
-9.280000 	 0.056630 
-9.260000 	 0.048608 
-9.240000 	 0.106241 
-9.220000 	 0.119696 
-9.200000 	 -0.031621 
-9.180000 	 -0.072522 
-9.160000 	 -0.108712 
-9.140000 	 0.090966 
-9.120000 	 -0.129820 
-9.100000 	 -0.117045 
-9.080000 	 -0.048466 
-9.060000 	 -0.132329 
-9.040000 	 0.185676 
-9.020000 	 0.271658 
-9.000000 	 -0.143141 
-8.980000 	 0.155752 
-8.960000 	 -0.001570 
-8.940000 	 -0.009072 
-8.920000 	 -0.009793 
-8.900000 	 0.041756 
-8.880000 	 0.041722 
-8.860000 	 0.166557 
-8.840000 	 -0.048188 
-8.820000 	 -0.342569 
-8.800000 	 0.006867 
-8.780000 	 0.299112 
-8.760000 	 0.280101 
-8.740000 	 0.137164 
-8.720000 	 0.062994 
-8.700000 	 -0.204991 
-8.680000 	 0.354100 
-8.660000 	 -0.065451 
-8.640000 	 -0.066487 
-8.620000 	 0.042740 
-8.600000 	 0.092043 
-8.580000 	 0.100904 
-8.560000 	 -0.203825 
-8.540000 	 0.122627 
-8.520000 	 -0.043443 
-8.500000 	 0.232324 
-8.480000 	 0.120583 
-8.460000 	 -0.212724 
-8.440000 	 -0.143722 
-8.420000 	 0.171446 
-8.400000 	 -0.088813 
-8.380000 	 -0.110195 
-8.360000 	 -0.050206 
-8.340000 	 -0.053073 
-8.320000 	 -0.183737 
-8.300000 	 -0.005761 
-8.280000 	 -0.097504 
-8.260000 	 0.085761 
-8.240000 	 0.101702 
-8.220000 	 0.065785 
-8.200000 	 0.111045 
-8.180000 	 0.188496 
-8.160000 	 -0.032368 
-8.140000 	 -0.088223 
-8.120000 	 -0.038147 
-8.100000 	 -0.153696 
-8.080000 	 -0.066827 
-8.060000 	 0.048723 
-8.040000 	 0.109812 
-8.020000 	 0.016606 
-8.000000 	 0.400891 
-7.980000 	 0.104636 
-7.960000 	 0.030624 
-7.940000 	 0.207158 
-7.920000 	 0.039030 
-7.900000 	 0.178182 
-7.880000 	 0.088073 
-7.860000 	 0.007291 
-7.840000 	 -0.122131 
-7.820000 	 0.015046 
-7.800000 	 0.226677 
-7.780000 	 -0.004738 
-7.760000 	 0.039097 
-7.740000 	 0.121039 
-7.720000 	 0.183379 
-7.700000 	 0.011592 
-7.680000 	 -0.105763 
-7.660000 	 0.096275 
-7.640000 	 -0.103834 
-7.620000 	 -0.138548 
-7.600000 	 -0.193225 
-7.580000 	 0.019292 
-7.560000 	 0.109908 
-7.540000 	 -0.133788 
-7.520000 	 0.025985 
-7.500000 	 -0.094029 
-7.480000 	 0.162914 
-7.460000 	 0.162952 
-7.440000 	 -0.224034 
-7.420000 	 -0.075718 
-7.400000 	 0.051617 
-7.380000 	 0.020191 
-7.360000 	 0.016406 
-7.340000 	 -0.087559 
-7.320000 	 0.222389 
-7.300000 	 -0.111648 
-7.280000 	 -0.186142 
-7.260000 	 -0.161580 
-7.240000 	 0.187600 
-7.220000 	 0.203015 
-7.200000 	 0.052940 
-7.180000 	 0.244587 
-7.160000 	 0.191025 
-7.140000 	 -0.031706 
-7.120000 	 0.148697 
-7.100000 	 0.030991 
-7.080000 	 0.043710 
-7.060000 	 -0.115709 
-7.040000 	 0.168751 
-7.020000 	 0.049600 
-7.000000 	 0.115231 
-6.980000 	 0.365033 
-6.960000 	 0.422381 
-6.940000 	 -0.206587 
-6.920000 	 0.208449 
-6.900000 	 0.022123 
-6.880000 	 -0.143488 
-6.860000 	 0.271815 
-6.840000 	 -0.013680 
-6.820000 	 0.016419 
-6.800000 	 0.312574 
-6.780000 	 0.174221 
-6.760000 	 0.033903 
-6.740000 	 0.133621 
-6.720000 	 0.040800 
-6.700000 	 0.014915 
-6.680000 	 0.120842 
-6.660000 	 0.266225 
-6.640000 	 0.121774 
-6.620000 	 0.345710 
-6.600000 	 0.229546 
-6.580000 	 -0.130844 
-6.560000 	 -0.014212 
-6.540000 	 0.215530 
-6.520000 	 -0.051576 
-6.500000 	 0.281774 
-6.480000 	 -0.017145 
-6.460000 	 0.104201 
-6.440000 	 -0.049570 
-6.420000 	 0.192217 
-6.400000 	 0.082476 
-6.380000 	 0.105549 
-6.360000 	 0.124994 
-6.340000 	 0.142739 
-6.320000 	 0.217505 
-6.300000 	 0.223041 
-6.280000 	 0.013269 
-6.260000 	 0.358717 
-6.240000 	 0.186492 
-6.220000 	 0.110643 
-6.200000 	 0.188405 
-6.180000 	 0.006094 
-6.160000 	 0.202210 
-6.140000 	 0.347256 
-6.120000 	 0.401355 
-6.100000 	 0.186810 
-6.080000 	 0.135400 
-6.060000 	 0.395519 
-6.040000 	 0.062160 
-6.020000 	 0.116276 
-6.000000 	 0.300162 
-5.980000 	 0.090579 
-5.960000 	 0.474729 
-5.940000 	 0.344177 
-5.920000 	 0.121796 
-5.900000 	 0.098189 
-5.880000 	 0.436493 
-5.860000 	 0.129152 
-5.840000 	 0.168883 
-5.820000 	 0.052185 
-5.800000 	 0.020105 
-5.780000 	 0.157588 
-5.760000 	 0.237230 
-5.740000 	 0.175631 
-5.720000 	 0.041624 
-5.700000 	 0.280909 
-5.680000 	 0.058941 
-5.660000 	 0.049931 
-5.640000 	 0.344615 
-5.620000 	 0.448182 
-5.600000 	 0.237063 
-5.580000 	 0.208001 
-5.560000 	 0.448447 
-5.540000 	 0.136397 
-5.520000 	 0.326985 
-5.500000 	 0.299857 
-5.480000 	 0.283891 
-5.460000 	 0.499171 
-5.440000 	 0.531452 
-5.420000 	 0.561564 
-5.400000 	 0.520819 
-5.380000 	 0.324243 
-5.360000 	 0.376250 
-5.340000 	 0.511149 
-5.320000 	 0.468871 
-5.300000 	 0.164459 
-5.280000 	 0.417981 
-5.260000 	 0.201482 
-5.240000 	 0.182620 
-5.220000 	 0.700985 
-5.200000 	 0.513445 
-5.180000 	 0.295516 
-5.160000 	 0.354436 
-5.140000 	 0.127445 
-5.120000 	 0.094164 
-5.100000 	 0.609790 
-5.080000 	 0.290243 
-5.060000 	 0.448983 
-5.040000 	 0.435838 
-5.020000 	 0.450523 
-5.000000 	 0.361790 
-4.980000 	 0.372237 
-4.960000 	 0.544375 
-4.940000 	 0.195084 
-4.920000 	 0.493710 
-4.900000 	 0.279801 
-4.880000 	 0.291445 
-4.860000 	 0.467221 
-4.840000 	 0.357907 
-4.820000 	 0.453954 
-4.800000 	 0.390550 
-4.780000 	 0.443239 
-4.760000 	 0.371610 
-4.740000 	 0.296903 
-4.720000 	 0.196668 
-4.700000 	 0.316506 
-4.680000 	 0.413087 
-4.660000 	 0.422101 
-4.640000 	 0.345943 
-4.620000 	 0.412245 
-4.600000 	 0.399906 
-4.580000 	 0.554786 
-4.560000 	 0.552615 
-4.540000 	 0.566369 
-4.520000 	 0.379785 
-4.500000 	 0.436926 
-4.480000 	 0.521733 
-4.460000 	 0.430174 
-4.440000 	 0.769941 
-4.420000 	 0.381573 
-4.400000 	 0.486672 
-4.380000 	 0.419917 
-4.360000 	 0.643412 
-4.340000 	 0.589568 
-4.320000 	 0.382922 
-4.300000 	 0.504060 
-4.280000 	 0.297703 
-4.260000 	 0.517065 
-4.240000 	 0.560644 
-4.220000 	 0.462992 
-4.200000 	 0.505214 
-4.180000 	 0.529258 
-4.160000 	 0.683448 
-4.140000 	 0.617852 
-4.120000 	 0.408286 
-4.100000 	 0.549690 
-4.080000 	 0.548478 
-4.060000 	 0.419784 
-4.040000 	 0.466289 
-4.020000 	 0.637993 
-4.000000 	 0.400000 
-3.980000 	 0.681084 
-3.960000 	 0.557920 
-3.940000 	 0.655345 
-3.920000 	 0.352955 
-3.900000 	 0.759794 
-3.880000 	 0.495076 
-3.860000 	 0.590923 
-3.840000 	 0.241708 
-3.820000 	 0.416507 
-3.800000 	 0.436224 
-3.780000 	 0.518693 
-3.760000 	 0.475074 
-3.740000 	 0.450655 
-3.720000 	 0.533898 
-3.700000 	 0.481475 
-3.680000 	 0.540866 
-3.660000 	 0.479315 
-3.640000 	 0.741999 
-3.620000 	 0.547223 
-3.600000 	 0.595451 
-3.580000 	 0.338260 
-3.560000 	 0.504130 
-3.540000 	 0.309897 
-3.520000 	 0.428622 
-3.500000 	 0.833839 
-3.480000 	 0.330039 
-3.460000 	 0.448866 
-3.440000 	 0.412635 
-3.420000 	 0.356816 
-3.400000 	 0.355716 
-3.380000 	 0.543232 
-3.360000 	 0.423181 
-3.340000 	 0.392804 
-3.320000 	 0.244974 
-3.300000 	 0.496831 
-3.280000 	 0.717479 
-3.260000 	 0.321633 
-3.240000 	 0.410377 
-3.220000 	 0.355206 
-3.200000 	 0.423961 
-3.180000 	 0.308273 
-3.160000 	 0.436310 
-3.140000 	 0.484142 
-3.120000 	 0.408679 
-3.100000 	 0.218713 
-3.080000 	 0.556368 
-3.060000 	 0.283203 
-3.040000 	 0.476209 
-3.020000 	 0.380296 
-3.000000 	 0.589913 
-2.980000 	 0.317570 
-2.960000 	 0.464046 
-2.940000 	 0.375337 
-2.920000 	 0.247118 
-2.900000 	 0.443110 
-2.880000 	 0.332697 
-2.860000 	 0.105571 
-2.840000 	 0.502771 
-2.820000 	 0.430438 
-2.800000 	 0.116312 
-2.780000 	 0.424813 
-2.760000 	 0.413070 
-2.740000 	 0.494238 
-2.720000 	 0.111218 
-2.700000 	 0.348648 
-2.680000 	 0.287103 
-2.660000 	 0.415935 
-2.640000 	 0.247893 
-2.620000 	 0.411579 
-2.600000 	 0.132620 
-2.580000 	 0.495238 
-2.560000 	 0.434768 
-2.540000 	 0.365697 
-2.520000 	 0.473064 
-2.500000 	 0.220302 
-2.480000 	 0.325251 
-2.460000 	 0.302047 
-2.440000 	 0.187678 
-2.420000 	 0.304083 
-2.400000 	 0.170087 
-2.380000 	 0.179310 
-2.360000 	 0.391441 
-2.340000 	 0.269394 
-2.320000 	 0.110822 
-2.300000 	 0.555269 
-2.280000 	 0.215709 
-2.260000 	 0.424625 
-2.240000 	 0.216779 
-2.220000 	 0.551366 
-2.200000 	 0.099978 
-2.180000 	 0.192027 
-2.160000 	 0.113499 
-2.140000 	 0.047409 
-2.120000 	 0.347179 
-2.100000 	 0.073450 
-2.080000 	 0.102988 
-2.060000 	 0.487407 
-2.040000 	 0.067158 
-2.020000 	 -0.020827 
-2.000000 	 0.252333 
-1.980000 	 0.259728 
-1.960000 	 0.234433 
-1.940000 	 0.348390 
-1.920000 	 0.343826 
-1.900000 	 0.081766 
-1.880000 	 0.098538 
-1.860000 	 0.231407 
-1.840000 	 0.300793 
-1.820000 	 0.021578 
-1.800000 	 0.117311 
-1.780000 	 0.151740 
-1.760000 	 0.184132 
-1.740000 	 0.112140 
-1.720000 	 0.079745 
-1.700000 	 0.128725 
-1.680000 	 -0.017864 
-1.660000 	 0.088683 
-1.640000 	 0.010868 
-1.620000 	 0.217256 
-1.600000 	 0.267571 
-1.580000 	 0.382761 
-1.560000 	 0.308026 
-1.540000 	 0.106481 
-1.520000 	 0.033883 
-1.500000 	 0.195172 
-1.480000 	 0.240064 
-1.460000 	 0.175387 
-1.440000 	 0.001777 
-1.420000 	 0.135181 
-1.400000 	 0.367947 
-1.380000 	 0.298746 
-1.360000 	 0.206931 
-1.340000 	 0.156440 
-1.320000 	 0.248679 
-1.300000 	 0.157446 
-1.280000 	 0.085604 
-1.260000 	 0.234899 
-1.240000 	 0.300100 
-1.220000 	 0.360628 
-1.200000 	 0.220972 
-1.180000 	 0.158735 
-1.160000 	 0.110022 
-1.140000 	 0.010429 
-1.120000 	 -0.040152 
-1.100000 	 0.306788 
-1.080000 	 0.015377 
-1.060000 	 0.068872 
-1.040000 	 0.145043 
-1.020000 	 0.246454 
-1.000000 	 0.111237 
-0.980000 	 0.112809 
-0.960000 	 -0.064773 
-0.940000 	 -0.041612 
-0.920000 	 0.186748 
-0.900000 	 0.324118 
-0.880000 	 0.161988 
-0.860000 	 0.233410 
-0.840000 	 -0.059951 
-0.820000 	 0.091468 
-0.800000 	 0.087102 
-0.780000 	 0.285908 
-0.760000 	 0.181436 
-0.740000 	 -0.022377 
-0.720000 	 0.014055 
-0.700000 	 0.144626 
-0.680000 	 0.289864 
-0.660000 	 0.163183 
-0.640000 	 0.334673 
-0.620000 	 0.107609 
-0.600000 	 0.046784 
-0.580000 	 0.157777 
-0.560000 	 0.139977 
-0.540000 	 0.066586 
-0.520000 	 -0.042030 
-0.500000 	 0.044197 
-0.480000 	 0.013803 
-0.460000 	 0.369535 
-0.440000 	 0.139619 
-0.420000 	 0.303010 
-0.400000 	 0.038780 
-0.380000 	 0.099960 
-0.360000 	 -0.067440 
-0.340000 	 0.106746 
-0.320000 	 -0.134306 
-0.300000 	 0.280454 
-0.280000 	 -0.298604 
-0.260000 	 0.037640 
-0.240000 	 0.047733 
-0.220000 	 0.127405 
-0.200000 	 0.190011 
-0.180000 	 -0.034313 
-0.160000 	 0.231994 
-0.140000 	 0.343430 
-0.120000 	 -0.038132 
-0.100000 	 0.391563 
-0.080000 	 0.303505 
-0.060000 	 0.094108 
-0.040000 	 0.212937 
-0.020000 	 0.252272 
0.000000 	 0.248932 
0.020000 	 0.228394 
0.040000 	 0.460754 
0.060000 	 0.227819 
0.080000 	 0.107305 
0.100000 	 0.432074 
0.120000 	 0.340522 
0.140000 	 0.072589 
0.160000 	 0.157823 
0.180000 	 0.424830 
0.200000 	 0.314383 
0.220000 	 0.164460 
0.240000 	 0.194816 
0.260000 	 0.400304 
0.280000 	 0.133566 
0.300000 	 0.525653 
0.320000 	 0.207377 
0.340000 	 0.456822 
0.360000 	 0.245681 
0.380000 	 0.326814 
0.400000 	 0.307763 
0.420000 	 0.375869 
0.440000 	 0.328167 
0.460000 	 0.416673 
0.480000 	 0.441309 
0.500000 	 0.398955 
0.520000 	 0.622018 
0.540000 	 0.415593 
0.560000 	 0.146076 
0.580000 	 0.352178 
0.600000 	 0.267650 
0.620000 	 0.421280 
0.640000 	 0.153010 
0.660000 	 0.443061 
0.680000 	 0.425621 
0.700000 	 0.542205 
0.720000 	 0.531650 
0.740000 	 0.370184 
0.760000 	 0.286344 
0.780000 	 0.546808 
0.800000 	 0.582782 
0.820000 	 0.498380 
0.840000 	 0.531004 
0.860000 	 0.616225 
0.880000 	 0.597479 
0.900000 	 0.846355 
0.920000 	 0.361056 
0.940000 	 0.364182 
0.960000 	 0.486296 
0.980000 	 0.317507 
1.000000 	 0.552963 
1.020000 	 0.741400 
1.040000 	 0.584885 
1.060000 	 0.386551 
1.080000 	 0.409228 
1.100000 	 0.537767 
1.120000 	 0.198027 
1.140000 	 0.724882 
1.160000 	 0.577522 
1.180000 	 0.377240 
1.200000 	 0.398358 
1.220000 	 0.372590 
1.240000 	 0.399570 
1.260000 	 0.558474 
1.280000 	 0.663675 
1.300000 	 0.441455 
1.320000 	 0.636292 
1.340000 	 0.330956 
1.360000 	 0.663072 
1.380000 	 0.823632 
1.400000 	 0.738855 
1.420000 	 0.526202 
1.440000 	 0.651154 
1.460000 	 0.496356 
1.480000 	 0.493732 
1.500000 	 0.805088 
1.520000 	 0.678113 
1.540000 	 0.502643 
1.560000 	 1.251253 
1.580000 	 0.910870 
1.600000 	 0.593753 
1.620000 	 1.010141 
1.640000 	 0.714547 
1.660000 	 0.888787 
1.680000 	 0.840602 
1.700000 	 0.802616 
1.720000 	 0.999359 
1.740000 	 0.869456 
1.760000 	 0.913708 
1.780000 	 0.949392 
1.800000 	 0.993730 
1.820000 	 0.957659 
1.840000 	 0.807448 
1.860000 	 0.858559 
1.880000 	 0.953339 
1.900000 	 0.945544 
1.920000 	 0.796122 
1.940000 	 0.896004 
1.960000 	 0.682132 
1.980000 	 0.859986 
2.000000 	 0.946206 
2.020000 	 0.870447 
2.040000 	 1.169350 
2.060000 	 1.148314 
2.080000 	 0.803689 
2.100000 	 0.873200 
2.120000 	 1.014412 
2.140000 	 1.121170 
2.160000 	 1.056091 
2.180000 	 1.034350 
2.200000 	 1.059346 
2.220000 	 1.246937 
2.240000 	 1.123557 
2.260000 	 0.930062 
2.280000 	 1.326645 
2.300000 	 1.172315 
2.320000 	 1.291999 
2.340000 	 1.418761 
2.360000 	 1.140303 
2.380000 	 1.215780 
2.400000 	 1.118514 
2.420000 	 1.074529 
2.440000 	 1.222305 
2.460000 	 1.527843 
2.480000 	 1.357064 
2.500000 	 1.290866 
2.520000 	 1.275532 
2.540000 	 1.121279 
2.560000 	 0.982359 
2.580000 	 1.068805 
2.600000 	 1.370371 
2.620000 	 1.314138 
2.640000 	 1.009604 
2.660000 	 1.512799 
2.680000 	 1.365599 
2.700000 	 1.275075 
2.720000 	 1.087965 
2.740000 	 1.488665 
2.760000 	 1.165841 
2.780000 	 1.201970 
2.800000 	 1.304247 
2.820000 	 1.378081 
2.840000 	 1.555709 
2.860000 	 1.606633 
2.880000 	 1.509914 
2.900000 	 1.307372 
2.920000 	 1.280032 
2.940000 	 1.314177 
2.960000 	 1.288531 
2.980000 	 1.663235 
3.000000 	 1.354008 
3.020000 	 1.446289 
3.040000 	 1.543980 
3.060000 	 1.497615 
3.080000 	 1.455434 
3.100000 	 1.452223 
3.120000 	 1.508519 
3.140000 	 1.750217 
3.160000 	 1.489477 
3.180000 	 1.452861 
3.200000 	 1.454937 
3.220000 	 1.448984 
3.240000 	 1.366789 
3.260000 	 1.575691 
3.280000 	 1.654252 
3.300000 	 1.720980 
3.320000 	 1.587512 
3.340000 	 1.389771 
3.360000 	 1.481194 
3.380000 	 1.465720 
3.400000 	 1.719228 
3.420000 	 1.585448 
3.440000 	 1.596996 
3.460000 	 1.583482 
3.480000 	 1.627798 
3.500000 	 1.502471 
3.520000 	 1.382795 
3.540000 	 1.747223 
3.560000 	 1.537408 
3.580000 	 1.451184 
3.600000 	 1.551954 
3.620000 	 1.544188 
3.640000 	 1.715088 
3.660000 	 1.302591 
3.680000 	 1.615339 
3.700000 	 1.299131 
3.720000 	 1.482579 
3.740000 	 1.531979 
3.760000 	 -0.400000 
3.780000 	 1.643598 
3.800000 	 1.517645 
3.820000 	 1.704842 
3.840000 	 1.385971 
3.860000 	 1.578123 
3.880000 	 1.642494 
3.900000 	 1.546797 
3.920000 	 1.698908 
3.940000 	 1.634555 
3.960000 	 1.471544 
3.980000 	 1.609954 
4.000000 	 1.302025 
4.020000 	 1.608423 
4.040000 	 1.508020 
4.060000 	 1.534979 
4.080000 	 1.587891 
4.100000 	 1.714370 
4.120000 	 1.609977 
4.140000 	 1.463652 
4.160000 	 1.591140 
4.180000 	 1.748052 
4.200000 	 1.629074 
4.220000 	 1.381016 
4.240000 	 1.439461 
4.260000 	 1.808524 
4.280000 	 1.426425 
4.300000 	 1.864174 
4.320000 	 1.370565 
4.340000 	 1.662164 
4.360000 	 1.557806 
4.380000 	 1.378439 
4.400000 	 1.485621 
4.420000 	 1.909907 
4.440000 	 1.442016 
4.460000 	 1.577456 
4.480000 	 1.331968 
4.500000 	 1.784459 
4.520000 	 1.653692 
4.540000 	 1.352759 
4.560000 	 1.653356 
4.580000 	 1.300818 
4.600000 	 1.508037 
4.620000 	 1.651460 
4.640000 	 1.341821 
4.660000 	 1.550372 
4.680000 	 1.510128 
4.700000 	 1.536427 
4.720000 	 1.272503 
4.740000 	 1.661432 
4.760000 	 1.352272 
4.780000 	 1.560523 
4.800000 	 1.598125 
4.820000 	 1.369186 
4.840000 	 1.555048 
4.860000 	 1.571331 
4.880000 	 1.427783 
4.900000 	 1.498495 
4.920000 	 1.651663 
4.940000 	 1.346062 
4.960000 	 1.442280 
4.980000 	 1.579464 
5.000000 	 1.292404 
5.020000 	 0.884896 
5.040000 	 1.383374 
5.060000 	 1.436173 
5.080000 	 1.514391 
5.100000 	 1.489226 
5.120000 	 1.644914 
5.140000 	 1.340265 
5.160000 	 1.005498 
5.180000 	 1.394013 
5.200000 	 1.484353 
5.220000 	 1.533106 
5.240000 	 1.000761 
5.260000 	 1.317928 
5.280000 	 1.244938 
5.300000 	 1.210519 
5.320000 	 1.117260 
5.340000 	 1.101685 
5.360000 	 1.275962 
5.380000 	 1.281582 
5.400000 	 1.206242 
5.420000 	 1.002775 
5.440000 	 1.057003 
5.460000 	 1.545230 
5.480000 	 1.355761 
5.500000 	 1.303978 
5.520000 	 1.160065 
5.540000 	 1.371687 
5.560000 	 1.113445 
5.580000 	 1.012509 
5.600000 	 1.085762 
5.620000 	 1.241019 
5.640000 	 1.245276 
5.660000 	 1.124572 
5.680000 	 0.961166 
5.700000 	 1.085880 
5.720000 	 1.024399 
5.740000 	 1.000266 
5.760000 	 1.315535 
5.780000 	 1.029867 
5.800000 	 1.164606 
5.820000 	 1.011668 
5.840000 	 1.145253 
5.860000 	 0.980947 
5.880000 	 1.151972 
5.900000 	 0.903995 
5.920000 	 1.040857 
5.940000 	 0.770655 
5.960000 	 1.097201 
5.980000 	 1.235845 
6.000000 	 0.978488 
6.020000 	 0.891599 
6.040000 	 0.941521 
6.060000 	 0.764948 
6.080000 	 1.245211 
6.100000 	 1.047688 
6.120000 	 0.643006 
6.140000 	 0.918483 
6.160000 	 0.477268 
6.180000 	 0.992542 
6.200000 	 1.090044 
6.220000 	 1.203673 
6.240000 	 0.826852 
6.260000 	 0.952230 
6.280000 	 0.729765 
6.300000 	 0.843277 
6.320000 	 0.900964 
6.340000 	 0.855128 
6.360000 	 0.858852 
6.380000 	 0.656458 
6.400000 	 0.857675 
6.420000 	 0.656990 
6.440000 	 0.736341 
6.460000 	 0.672006 
6.480000 	 0.756283 
6.500000 	 1.020330 
6.520000 	 0.818066 
6.540000 	 0.531318 
6.560000 	 0.781481 
6.580000 	 0.609502 
6.600000 	 0.681947 
6.620000 	 0.549621 
6.640000 	 0.627832 
6.660000 	 0.816270 
6.680000 	 0.789054 
6.700000 	 0.868445 
6.720000 	 0.791973 
6.740000 	 0.634138 
6.760000 	 0.640905 
6.780000 	 0.317307 
6.800000 	 0.574507 
6.820000 	 0.407721 
6.840000 	 0.853331 
6.860000 	 0.408763 
6.880000 	 0.547066 
6.900000 	 0.466294 
6.920000 	 0.626276 
6.940000 	 0.594288 
6.960000 	 0.532619 
6.980000 	 0.562293 
7.000000 	 0.624250 
7.020000 	 0.807659 
7.040000 	 0.384948 
7.060000 	 0.221735 
7.080000 	 0.485171 
7.100000 	 0.519794 
7.120000 	 0.424661 
7.140000 	 0.627077 
7.160000 	 0.298002 
7.180000 	 0.297026 
7.200000 	 0.543170 
7.220000 	 0.514316 
7.240000 	 0.215492 
7.260000 	 0.617742 
7.280000 	 0.474721 
7.300000 	 0.508854 
7.320000 	 0.424532 
7.340000 	 0.385654 
7.360000 	 0.561810 
7.380000 	 0.375839 
7.400000 	 0.453141 
7.420000 	 0.264994 
7.440000 	 0.414226 
7.460000 	 0.405354 
7.480000 	 0.252950 
7.500000 	 0.388576 
7.520000 	 0.171223 
7.540000 	 0.386413 
7.560000 	 0.395531 
7.580000 	 0.222457 
7.600000 	 0.241941 
7.620000 	 0.409366 
7.640000 	 0.371618 
7.660000 	 0.157483 
7.680000 	 0.319915 
7.700000 	 0.216407 
7.720000 	 0.407201 
7.740000 	 0.242375 
7.760000 	 0.074696 
7.780000 	 0.204054 
7.800000 	 0.147849 
7.820000 	 0.288356 
7.840000 	 0.419719 
7.860000 	 0.607320 
7.880000 	 0.352858 
7.900000 	 0.422726 
7.920000 	 0.004336 
7.940000 	 0.037532 
7.960000 	 0.313824 
7.980000 	 0.132699 
8.000000 	 0.178153 
8.020000 	 0.376480 
8.040000 	 0.047275 
8.060000 	 0.402978 
8.080000 	 0.289689 
8.100000 	 0.147749 
8.120000 	 0.109455 
8.140000 	 -0.103435 
8.160000 	 0.250325 
8.180000 	 0.257994 
8.200000 	 0.007558 
8.220000 	 0.138876 
8.240000 	 -0.020582 
8.260000 	 0.029493 
8.280000 	 -0.242881 
8.300000 	 0.351932 
8.320000 	 0.189528 
8.340000 	 0.189429 
8.360000 	 -0.049460 
8.380000 	 0.076273 
8.400000 	 -0.072939 
8.420000 	 0.275531 
8.440000 	 0.176462 
8.460000 	 0.041264 
8.480000 	 0.293705 
8.500000 	 -0.048840 
8.520000 	 0.173063 
8.540000 	 0.057535 
8.560000 	 0.139544 
8.580000 	 0.043986 
8.600000 	 0.354837 
8.620000 	 -0.219468 
8.640000 	 0.090524 
8.660000 	 0.080145 
8.680000 	 0.245438 
8.700000 	 0.028171 
8.720000 	 0.124828 
8.740000 	 0.324229 
8.760000 	 0.028902 
8.780000 	 0.149962 
8.800000 	 0.095143 
8.820000 	 0.361782 
8.840000 	 0.126822 
8.860000 	 -0.024592 
8.880000 	 0.079865 
8.900000 	 0.032752 
8.920000 	 -0.014805 
8.940000 	 -0.005471 
8.960000 	 0.046101 
8.980000 	 0.140558 
9.000000 	 0.026747 
9.020000 	 0.083120 
9.040000 	 -0.018394 
9.060000 	 0.070676 
9.080000 	 0.193500 
9.100000 	 -0.006722 
9.120000 	 0.077625 
9.140000 	 0.278478 
9.160000 	 0.031544 
9.180000 	 0.366760 
9.200000 	 0.074439 
9.220000 	 -0.378752 
9.240000 	 0.065105 
9.260000 	 0.071584 
9.280000 	 -0.084293 
9.300000 	 -0.080179 
9.320000 	 -0.271101 
9.340000 	 0.245072 
9.360000 	 0.024925 
9.380000 	 0.230947 
9.400000 	 -0.171675 
9.420000 	 0.192169 
9.440000 	 -0.028740 
9.460000 	 0.200544 
9.480000 	 0.101082 
9.500000 	 -0.174194 
9.520000 	 -0.028157 
9.540000 	 0.170779 
9.560000 	 0.029781 
9.580000 	 0.172148 
9.600000 	 0.163062 
9.620000 	 -0.150040 
9.640000 	 -0.020443 
9.660000 	 0.135466 
9.680000 	 0.214405 
9.700000 	 0.022892 
9.720000 	 0.220464 
9.740000 	 -0.291394 
9.760000 	 -0.161676 
9.780000 	 -0.044240 
9.800000 	 -0.191264 
9.820000 	 -0.064137 
9.840000 	 0.167052 
9.860000 	 0.182943 
9.880000 	 -0.038642 
9.900000 	 0.188446 
9.920000 	 0.070459 
9.940000 	 -0.115414 
9.960000 	 0.341934 
9.980000 	 0.035832 
10.000000 	 0.051357 
10.020000 	 0.196566 
10.040000 	 0.076779 
10.060000 	 0.135977 
10.080000 	 0.095859 
10.100000 	 0.173683 
10.120000 	 0.003853 
10.140000 	 0.046720 
10.160000 	 0.150321 
10.180000 	 0.003460 
10.200000 	 -0.060215 
10.220000 	 0.177464 
10.240000 	 -0.152155 
10.260000 	 -0.120091 
10.280000 	 0.068530 
10.300000 	 -0.120935 
10.320000 	 0.126214 
10.340000 	 0.016714 
10.360000 	 -0.301418 
10.380000 	 -0.095648 
10.400000 	 -0.190789 
10.420000 	 0.087594 
10.440000 	 -0.070037 
10.460000 	 0.199090 
10.480000 	 0.030459 
10.500000 	 0.167992 
10.520000 	 -0.160445 
10.540000 	 0.193716 
10.560000 	 -0.057931 
10.580000 	 -0.060077 
10.600000 	 -0.062449 
10.620000 	 0.237630 
10.640000 	 0.211125 
10.660000 	 0.039669 
10.680000 	 -0.145186 
10.700000 	 0.263064 
10.720000 	 -0.115553 
10.740000 	 0.054985 
10.760000 	 -0.043384 
10.780000 	 -0.044527 
10.800000 	 -0.092742 
10.820000 	 -0.075607 
10.840000 	 0.071799 
10.860000 	 0.091805 
10.880000 	 -0.145461 
10.900000 	 -0.160214 
10.920000 	 0.076073 
10.940000 	 -0.269311 
10.960000 	 -0.062571 
10.980000 	 -0.082461 
11.000000 	 0.085213 
11.020000 	 0.171929 
11.040000 	 -0.036694 
11.060000 	 -0.069907 
11.080000 	 0.000976 
11.100000 	 0.118519 
11.120000 	 0.395252 
11.140000 	 0.250665 
11.160000 	 0.063315 
11.180000 	 -0.284410 
11.200000 	 0.080638 
11.220000 	 0.033871 
11.240000 	 -0.294791 
11.260000 	 -0.256409 
11.280000 	 0.158549 
11.300000 	 0.044573 
11.320000 	 -0.066734 
11.340000 	 -0.102242 
11.360000 	 0.074511 
11.380000 	 0.031081 
11.400000 	 -0.041242 
11.420000 	 0.021733 
11.440000 	 0.188913 
11.460000 	 -0.050720 
11.480000 	 -0.144452 
11.500000 	 -0.073135 
11.520000 	 0.049355 
11.540000 	 0.022103 
11.560000 	 -0.304156 
11.580000 	 0.215759 
11.600000 	 0.009175 
11.620000 	 0.428869 
11.640000 	 -0.052401 
11.660000 	 -0.357425 
11.680000 	 -0.071222 
11.700000 	 -0.416283 
11.720000 	 -0.029199 
11.740000 	 0.127521 
11.760000 	 0.004184 
11.780000 	 0.105001 
11.800000 	 -0.414006 
11.820000 	 0.151925 
11.840000 	 -0.069266 
11.860000 	 -0.436931 
11.880000 	 0.092509 
11.900000 	 0.122684 
11.920000 	 -0.202295 
11.940000 	 -0.132663 
11.960000 	 -0.248219 
11.980000 	 -0.078558 
12.000000 	 0.058864 
12.020000 	 -0.239762 
12.040000 	 0.017450 
12.060000 	 0.154173 
12.080000 	 -0.155366 
12.100000 	 -0.304989 
12.120000 	 0.187987 
12.140000 	 -0.135894 
12.160000 	 0.247678 
12.180000 	 0.007048 
12.200000 	 0.092743 
12.220000 	 -0.213156 
12.240000 	 -0.400000 
12.260000 	 -0.112361 
12.280000 	 -0.135263 
12.300000 	 -0.112881 
12.320000 	 0.032247 
12.340000 	 0.115081 
12.360000 	 0.086394 
12.380000 	 -0.087465 
12.400000 	 -0.012790 
12.420000 	 -0.148646 
12.440000 	 -0.183939 
12.460000 	 -0.328812 
12.480000 	 0.027519 
12.500000 	 0.400413 
12.520000 	 0.058998 
12.540000 	 -0.190903 
12.560000 	 -0.291919 
12.580000 	 -0.061198 
12.600000 	 0.127264 
12.620000 	 -0.044738 
12.640000 	 -0.042616 
12.660000 	 0.136516 
12.680000 	 0.024121 
12.700000 	 0.066645 
12.720000 	 0.088597 
12.740000 	 -0.105466 
12.760000 	 -0.046237 
12.780000 	 -0.086963 
12.800000 	 -0.137911 
12.820000 	 0.124203 
12.840000 	 0.095798 
12.860000 	 0.092351 
12.880000 	 -0.284273 
12.900000 	 -0.130028 
12.920000 	 -0.016930 
12.940000 	 -0.051611 
12.960000 	 0.023484 
12.980000 	 -0.010133 
13.000000 	 0.144331 
13.020000 	 0.080055 
13.040000 	 -0.010714 
13.060000 	 0.106001 
13.080000 	 -0.030190 
13.100000 	 0.179866 
13.120000 	 -0.143690 
13.140000 	 0.282795 
13.160000 	 0.268574 
13.180000 	 -0.031687 
13.200000 	 -0.045644 
13.220000 	 -0.049250 
13.240000 	 -0.165607 
13.260000 	 0.115724 
13.280000 	 -0.007283 
13.300000 	 0.130986 
13.320000 	 -0.024717 
13.340000 	 -0.287371 
13.360000 	 0.087249 
13.380000 	 0.069027 
13.400000 	 -0.023858 
13.420000 	 0.118724 
13.440000 	 -0.080590 
13.460000 	 -0.039348 
13.480000 	 -0.161250 
13.500000 	 -0.183644 
13.520000 	 -0.112790 
13.540000 	 0.025624 
13.560000 	 0.113698 
13.580000 	 -0.137145 
13.600000 	 -0.209492 
13.620000 	 0.136234 
13.640000 	 0.040575 
13.660000 	 0.222341 
13.680000 	 -0.114721 
13.700000 	 -0.079807 
13.720000 	 -0.060515 
13.740000 	 -0.227090 
13.760000 	 0.079587 
13.780000 	 0.040977 
13.800000 	 0.201326 
13.820000 	 -0.026221 
13.840000 	 0.002021 
13.860000 	 -0.087638 
13.880000 	 -0.009086 
13.900000 	 0.126866 
13.920000 	 0.029883 
13.940000 	 -0.148619 
13.960000 	 -0.013648 
13.980000 	 0.244039 
14.000000 	 0.123251 
14.020000 	 -0.159124 
14.040000 	 0.234033 
14.060000 	 0.041513 
14.080000 	 -0.036002 
14.100000 	 -0.199789 
14.120000 	 0.210461 
14.140000 	 -0.224909 
14.160000 	 0.191225 
14.180000 	 -0.076917 
14.200000 	 0.135870 
14.220000 	 -0.353529 
14.240000 	 0.144565 
14.260000 	 0.176595 
14.280000 	 -0.337623 
14.300000 	 -0.095032 
14.320000 	 0.141504 
14.340000 	 0.113765 
14.360000 	 0.088910 
14.380000 	 -0.322798 
14.400000 	 -0.116721 
14.420000 	 0.083473 
14.440000 	 0.004204 
14.460000 	 0.142011 
14.480000 	 0.429404 
14.500000 	 -0.196647 
14.520000 	 -0.190405 
14.540000 	 0.199538 
14.560000 	 -0.198624 
14.580000 	 -0.067909 
14.600000 	 0.076727 
14.620000 	 0.005217 
14.640000 	 -0.052826 
14.660000 	 0.201356 
14.680000 	 0.237569 
14.700000 	 -0.099324 
14.720000 	 -0.205138 
14.740000 	 -0.141285 
14.760000 	 0.249431 
14.780000 	 -0.070000 
14.800000 	 0.204961 
14.820000 	 0.213962 
14.840000 	 -0.240044 
14.860000 	 0.346225 
14.880000 	 0.051483 
14.900000 	 -0.108163 
14.920000 	 0.179429 
14.940000 	 0.071879 
14.960000 	 -0.265214 
14.980000 	 0.233301 
15.000000 	 -0.239018 
