-15.000000 	 -0.110611 
-14.980000 	 0.056084 
-14.960000 	 -0.067419 
-14.940000 	 0.043361 
-14.920000 	 0.046408 
-14.900000 	 -0.030957 
-14.880000 	 0.176382 
-14.860000 	 -0.073625 
-14.840000 	 -0.106617 
-14.820000 	 -0.020923 
-14.800000 	 -0.208366 
-14.780000 	 0.063161 
-14.760000 	 -0.289712 
-14.740000 	 0.030207 
-14.720000 	 0.066810 
-14.700000 	 0.057058 
-14.680000 	 0.063011 
-14.660000 	 0.124039 
-14.640000 	 0.014936 
-14.620000 	 -0.007068 
-14.600000 	 0.150564 
-14.580000 	 -0.021683 
-14.560000 	 0.049736 
-14.540000 	 0.128421 
-14.520000 	 0.200609 
-14.500000 	 0.053990 
-14.480000 	 0.009550 
-14.460000 	 0.022211 
-14.440000 	 -0.490415 
-14.420000 	 0.148490 
-14.400000 	 0.170978 
-14.380000 	 -0.231228 
-14.360000 	 0.049980 
-14.340000 	 -0.006646 
-14.320000 	 0.063948 
-14.300000 	 -0.103061 
-14.280000 	 -0.110266 
-14.260000 	 -0.042564 
-14.240000 	 -0.000920 
-14.220000 	 0.135785 
-14.200000 	 0.086217 
-14.180000 	 -0.017160 
-14.160000 	 -0.166782 
-14.140000 	 -0.120663 
-14.120000 	 -0.147520 
-14.100000 	 0.100331 
-14.080000 	 0.111893 
-14.060000 	 -0.054000 
-14.040000 	 0.042071 
-14.020000 	 0.032917 
-14.000000 	 -0.014117 
-13.980000 	 -0.116173 
-13.960000 	 -0.000454 
-13.940000 	 -0.004013 
-13.920000 	 -0.124897 
-13.900000 	 -0.098108 
-13.880000 	 -0.000849 
-13.860000 	 -0.179299 
-13.840000 	 -0.198865 
-13.820000 	 0.014986 
-13.800000 	 0.450451 
-13.780000 	 -0.185329 
-13.760000 	 0.174305 
-13.740000 	 0.077106 
-13.720000 	 -0.040198 
-13.700000 	 0.022262 
-13.680000 	 -0.170205 
-13.660000 	 0.079777 
-13.640000 	 0.103633 
-13.620000 	 -0.083492 
-13.600000 	 -0.189516 
-13.580000 	 -0.074261 
-13.560000 	 -0.029922 
-13.540000 	 0.132530 
-13.520000 	 0.029900 
-13.500000 	 0.144993 
-13.480000 	 -0.286485 
-13.460000 	 0.084247 
-13.440000 	 0.107271 
-13.420000 	 -0.037944 
-13.400000 	 0.107930 
-13.380000 	 -0.097371 
-13.360000 	 0.108745 
-13.340000 	 -0.041712 
-13.320000 	 -0.034153 
-13.300000 	 -0.004357 
-13.280000 	 0.110982 
-13.260000 	 0.138766 
-13.240000 	 -0.056613 
-13.220000 	 0.057777 
-13.200000 	 0.220571 
-13.180000 	 -0.099393 
-13.160000 	 -0.033096 
-13.140000 	 -0.205274 
-13.120000 	 -0.154137 
-13.100000 	 0.233404 
-13.080000 	 -0.085598 
-13.060000 	 -0.177149 
-13.040000 	 0.125571 
-13.020000 	 0.093546 
-13.000000 	 -0.196806 
-12.980000 	 -0.195442 
-12.960000 	 -0.053160 
-12.940000 	 0.386950 
-12.920000 	 0.096677 
-12.900000 	 -0.276564 
-12.880000 	 -0.276784 
-12.860000 	 0.036292 
-12.840000 	 -0.144817 
-12.820000 	 0.045193 
-12.800000 	 -0.150007 
-12.780000 	 -0.082712 
-12.760000 	 0.023197 
-12.740000 	 0.027355 
-12.720000 	 0.122603 
-12.700000 	 0.097197 
-12.680000 	 -0.055831 
-12.660000 	 -0.097530 
-12.640000 	 0.065387 
-12.620000 	 0.003239 
-12.600000 	 -0.010880 
-12.580000 	 0.209653 
-12.560000 	 0.084103 
-12.540000 	 0.148004 
-12.520000 	 -0.168277 
-12.500000 	 -0.350956 
-12.480000 	 -0.096391 
-12.460000 	 0.203793 
-12.440000 	 0.088815 
-12.420000 	 -0.114881 
-12.400000 	 0.205856 
-12.380000 	 0.041448 
-12.360000 	 0.167940 
-12.340000 	 -0.288372 
-12.320000 	 -0.016312 
-12.300000 	 -0.038840 
-12.280000 	 -0.040782 
-12.260000 	 0.036467 
-12.240000 	 0.174618 
-12.220000 	 0.066666 
-12.200000 	 -0.036209 
-12.180000 	 -0.407852 
-12.160000 	 -0.019076 
-12.140000 	 0.051631 
-12.120000 	 0.125078 
-12.100000 	 0.033605 
-12.080000 	 -0.158024 
-12.060000 	 -0.059794 
-12.040000 	 -0.133005 
-12.020000 	 0.061295 
-12.000000 	 -0.128168 
-11.980000 	 0.157504 
-11.960000 	 -0.164143 
-11.940000 	 -0.111175 
-11.920000 	 0.241192 
-11.900000 	 -0.076797 
-11.880000 	 0.165718 
-11.860000 	 0.012755 
-11.840000 	 0.285877 
-11.820000 	 0.266388 
-11.800000 	 0.211852 
-11.780000 	 -0.053398 
-11.760000 	 -0.226084 
-11.740000 	 0.025333 
-11.720000 	 -0.009877 
-11.700000 	 -0.071857 
-11.680000 	 -0.190824 
-11.660000 	 0.045938 
-11.640000 	 -0.034312 
-11.620000 	 0.190660 
-11.600000 	 0.239080 
-11.580000 	 0.144570 
-11.560000 	 0.192845 
-11.540000 	 -0.223177 
-11.520000 	 0.110168 
-11.500000 	 -0.262403 
-11.480000 	 -0.143392 
-11.460000 	 -0.003973 
-11.440000 	 0.135878 
-11.420000 	 0.416799 
-11.400000 	 -0.381798 
-11.380000 	 0.188995 
-11.360000 	 -0.009806 
-11.340000 	 -0.028002 
-11.320000 	 -0.228251 
-11.300000 	 0.141578 
-11.280000 	 0.115505 
-11.260000 	 -0.027909 
-11.240000 	 0.002525 
-11.220000 	 0.237486 
-11.200000 	 -0.021170 
-11.180000 	 -0.126767 
-11.160000 	 -0.167035 
-11.140000 	 0.265528 
-11.120000 	 -0.033110 
-11.100000 	 -0.281775 
-11.080000 	 0.057912 
-11.060000 	 0.175231 
-11.040000 	 -0.128429 
-11.020000 	 -0.380057 
-11.000000 	 0.069073 
-10.980000 	 0.073809 
-10.960000 	 -0.121795 
-10.940000 	 0.000168 
-10.920000 	 0.023530 
-10.900000 	 0.139591 
-10.880000 	 -0.065632 
-10.860000 	 -0.013549 
-10.840000 	 -0.048010 
-10.820000 	 -0.039571 
-10.800000 	 -0.052821 
-10.780000 	 -0.144290 
-10.760000 	 -0.035915 
-10.740000 	 -0.211911 
-10.720000 	 -0.062314 
-10.700000 	 0.098682 
-10.680000 	 -0.033697 
-10.660000 	 0.090065 
-10.640000 	 -0.334760 
-10.620000 	 -0.035817 
-10.600000 	 -0.003930 
-10.580000 	 0.207732 
-10.560000 	 0.019014 
-10.540000 	 -0.203839 
-10.520000 	 -0.190214 
-10.500000 	 0.057555 
-10.480000 	 0.079495 
-10.460000 	 -0.040178 
-10.440000 	 0.180190 
-10.420000 	 -0.146156 
-10.400000 	 -0.116266 
-10.380000 	 0.073972 
-10.360000 	 -0.031853 
-10.340000 	 0.277296 
-10.320000 	 0.079146 
-10.300000 	 -0.253981 
-10.280000 	 0.079312 
-10.260000 	 -0.001719 
-10.240000 	 -0.050073 
-10.220000 	 -0.174724 
-10.200000 	 0.045832 
-10.180000 	 0.186915 
-10.160000 	 0.250592 
-10.140000 	 -0.019159 
-10.120000 	 -0.057842 
-10.100000 	 0.082730 
-10.080000 	 0.158540 
-10.060000 	 0.025459 
-10.040000 	 0.207791 
-10.020000 	 0.313471 
-10.000000 	 0.120103 
-9.980000 	 -0.103129 
-9.960000 	 0.109402 
-9.940000 	 0.032676 
-9.920000 	 -0.264159 
-9.900000 	 -0.117983 
-9.880000 	 0.000888 
-9.860000 	 0.193360 
-9.840000 	 -0.066929 
-9.820000 	 -0.047739 
-9.800000 	 0.024064 
-9.780000 	 0.059350 
-9.760000 	 0.167394 
-9.740000 	 -0.326631 
-9.720000 	 0.098460 
-9.700000 	 0.113411 
-9.680000 	 0.304642 
-9.660000 	 0.135909 
-9.640000 	 -0.189206 
-9.620000 	 -0.246866 
-9.600000 	 -0.134365 
-9.580000 	 0.011384 
-9.560000 	 0.029873 
-9.540000 	 0.173683 
-9.520000 	 -0.094770 
-9.500000 	 -0.200934 
-9.480000 	 -0.057807 
-9.460000 	 -0.038695 
-9.440000 	 0.091782 
-9.420000 	 -0.196801 
-9.400000 	 -0.002717 
-9.380000 	 0.018292 
-9.360000 	 -0.066316 
-9.340000 	 0.352906 
-9.320000 	 0.171221 
-9.300000 	 -0.117990 
-9.280000 	 -0.078592 
-9.260000 	 -0.000495 
-9.240000 	 0.121498 
-9.220000 	 0.192627 
-9.200000 	 -0.118172 
-9.180000 	 -0.054238 
-9.160000 	 -0.056233 
-9.140000 	 -0.221140 
-9.120000 	 -0.098436 
-9.100000 	 -0.007414 
-9.080000 	 0.068281 
-9.060000 	 0.017023 
-9.040000 	 0.138993 
-9.020000 	 -0.003615 
-9.000000 	 0.039201 
-8.980000 	 -0.189460 
-8.960000 	 -0.342825 
-8.940000 	 0.035673 
-8.920000 	 -0.077613 
-8.900000 	 0.160718 
-8.880000 	 -0.060495 
-8.860000 	 -0.046998 
-8.840000 	 0.079435 
-8.820000 	 -0.078591 
-8.800000 	 -0.017486 
-8.780000 	 -0.189804 
-8.760000 	 -0.192070 
-8.740000 	 -0.095140 
-8.720000 	 0.128068 
-8.700000 	 0.212368 
-8.680000 	 -0.096059 
-8.660000 	 0.067680 
-8.640000 	 0.127093 
-8.620000 	 0.128034 
-8.600000 	 0.120707 
-8.580000 	 0.031820 
-8.560000 	 -0.299113 
-8.540000 	 0.071877 
-8.520000 	 -0.209901 
-8.500000 	 -0.085994 
-8.480000 	 -0.170527 
-8.460000 	 0.103874 
-8.440000 	 -0.089699 
-8.420000 	 0.122788 
-8.400000 	 -0.007159 
-8.380000 	 0.011656 
-8.360000 	 -0.004427 
-8.340000 	 -0.355619 
-8.320000 	 0.266510 
-8.300000 	 0.245999 
-8.280000 	 -0.163990 
-8.260000 	 -0.264196 
-8.240000 	 0.108951 
-8.220000 	 -0.143880 
-8.200000 	 0.239723 
-8.180000 	 0.153314 
-8.160000 	 0.199407 
-8.140000 	 0.053596 
-8.120000 	 0.162109 
-8.100000 	 -0.052254 
-8.080000 	 -0.162935 
-8.060000 	 0.198094 
-8.040000 	 0.039100 
-8.020000 	 -0.008068 
-8.000000 	 0.009319 
-7.980000 	 -0.029815 
-7.960000 	 -0.028144 
-7.940000 	 -0.221782 
-7.920000 	 -0.086630 
-7.900000 	 0.018049 
-7.880000 	 -0.059083 
-7.860000 	 -0.118984 
-7.840000 	 0.052027 
-7.820000 	 0.059746 
-7.800000 	 0.013643 
-7.780000 	 -0.058892 
-7.760000 	 0.239948 
-7.740000 	 0.235566 
-7.720000 	 0.196572 
-7.700000 	 -0.203292 
-7.680000 	 -0.223443 
-7.660000 	 -0.221763 
-7.640000 	 0.136964 
-7.620000 	 -0.121383 
-7.600000 	 0.065663 
-7.580000 	 0.097063 
-7.560000 	 -0.047449 
-7.540000 	 0.021906 
-7.520000 	 0.121140 
-7.500000 	 0.216564 
-7.480000 	 0.011938 
-7.460000 	 0.061271 
-7.440000 	 -0.098674 
-7.420000 	 0.090784 
-7.400000 	 0.001926 
-7.380000 	 -0.032714 
-7.360000 	 0.026187 
-7.340000 	 0.213202 
-7.320000 	 -0.023614 
-7.300000 	 -0.144036 
-7.280000 	 0.185944 
-7.260000 	 0.046803 
-7.240000 	 -0.112861 
-7.220000 	 0.068763 
-7.200000 	 0.059357 
-7.180000 	 -0.065491 
-7.160000 	 -0.302295 
-7.140000 	 -0.017500 
-7.120000 	 0.030741 
-7.100000 	 0.139418 
-7.080000 	 0.186314 
-7.060000 	 0.038470 
-7.040000 	 0.021820 
-7.020000 	 0.261746 
-7.000000 	 0.339699 
-6.980000 	 -0.201729 
-6.960000 	 0.114582 
-6.940000 	 0.202671 
-6.920000 	 -0.007658 
-6.900000 	 0.075053 
-6.880000 	 0.341158 
-6.860000 	 0.030154 
-6.840000 	 0.081826 
-6.820000 	 0.320990 
-6.800000 	 0.091224 
-6.780000 	 0.169907 
-6.760000 	 -0.002662 
-6.740000 	 -0.052672 
-6.720000 	 0.002200 
-6.700000 	 -0.017643 
-6.680000 	 0.148779 
-6.660000 	 0.158979 
-6.640000 	 0.310366 
-6.620000 	 -0.000204 
-6.600000 	 -0.045206 
-6.580000 	 0.175432 
-6.560000 	 0.150324 
-6.540000 	 0.225790 
-6.520000 	 0.208361 
-6.500000 	 0.069915 
-6.480000 	 0.088268 
-6.460000 	 -0.007587 
-6.440000 	 0.002007 
-6.420000 	 0.148691 
-6.400000 	 0.322666 
-6.380000 	 0.063203 
-6.360000 	 0.033932 
-6.340000 	 0.108886 
-6.320000 	 0.205914 
-6.300000 	 0.391249 
-6.280000 	 0.016628 
-6.260000 	 0.213026 
-6.240000 	 0.222635 
-6.220000 	 0.276007 
-6.200000 	 0.140914 
-6.180000 	 0.046688 
-6.160000 	 0.286854 
-6.140000 	 0.151943 
-6.120000 	 0.185246 
-6.100000 	 0.020650 
-6.080000 	 0.163501 
-6.060000 	 0.162765 
-6.040000 	 0.034910 
-6.020000 	 0.098020 
-6.000000 	 0.272849 
-5.980000 	 0.041097 
-5.960000 	 0.247586 
-5.940000 	 0.076100 
-5.920000 	 0.345752 
-5.900000 	 0.132968 
-5.880000 	 0.109638 
-5.860000 	 0.178298 
-5.840000 	 0.253919 
-5.820000 	 -0.030484 
-5.800000 	 0.272597 
-5.780000 	 0.335274 
-5.760000 	 0.478423 
-5.740000 	 0.299655 
-5.720000 	 0.192728 
-5.700000 	 0.248340 
-5.680000 	 0.371775 
-5.660000 	 0.080537 
-5.640000 	 0.137846 
-5.620000 	 0.322817 
-5.600000 	 -0.099341 
-5.580000 	 0.130756 
-5.560000 	 0.487059 
-5.540000 	 0.436121 
-5.520000 	 0.508943 
-5.500000 	 0.171584 
-5.480000 	 0.356296 
-5.460000 	 0.122518 
-5.440000 	 0.338779 
-5.420000 	 0.401011 
-5.400000 	 0.173881 
-5.380000 	 0.387646 
-5.360000 	 0.209783 
-5.340000 	 0.350920 
-5.320000 	 0.463162 
-5.300000 	 0.076236 
-5.280000 	 0.409821 
-5.260000 	 0.321949 
-5.240000 	 0.575175 
-5.220000 	 0.460630 
-5.200000 	 0.352605 
-5.180000 	 0.630106 
-5.160000 	 0.315516 
-5.140000 	 0.350174 
-5.120000 	 0.099791 
-5.100000 	 0.420610 
-5.080000 	 0.538200 
-5.060000 	 0.477002 
-5.040000 	 0.596685 
-5.020000 	 0.477817 
-5.000000 	 0.411225 
-4.980000 	 0.547141 
-4.960000 	 0.121663 
-4.940000 	 0.454019 
-4.920000 	 0.340055 
-4.900000 	 0.657612 
-4.880000 	 0.417007 
-4.860000 	 0.738671 
-4.840000 	 0.369361 
-4.820000 	 0.451764 
-4.800000 	 0.562514 
-4.780000 	 0.455929 
-4.760000 	 0.617338 
-4.740000 	 0.340040 
-4.720000 	 0.300101 
-4.700000 	 0.602521 
-4.680000 	 0.453463 
-4.660000 	 0.622681 
-4.640000 	 0.410108 
-4.620000 	 0.562261 
-4.600000 	 0.452936 
-4.580000 	 0.234990 
-4.560000 	 0.505380 
-4.540000 	 0.604585 
-4.520000 	 0.465592 
-4.500000 	 0.461276 
-4.480000 	 0.439977 
-4.460000 	 0.603269 
-4.440000 	 0.342556 
-4.420000 	 0.396728 
-4.400000 	 0.605849 
-4.380000 	 0.329005 
-4.360000 	 0.265428 
-4.340000 	 0.533012 
-4.320000 	 0.394629 
-4.300000 	 0.652372 
-4.280000 	 0.704573 
-4.260000 	 0.683777 
-4.240000 	 0.287173 
-4.220000 	 0.487328 
-4.200000 	 0.506293 
-4.180000 	 0.517973 
-4.160000 	 0.648074 
-4.140000 	 0.496109 
-4.120000 	 0.651682 
-4.100000 	 0.238070 
-4.080000 	 0.686056 
-4.060000 	 0.574533 
-4.040000 	 0.643912 
-4.020000 	 0.548809 
-4.000000 	 0.269493 
-3.980000 	 0.569895 
-3.960000 	 0.551147 
-3.940000 	 0.515955 
-3.920000 	 0.339360 
-3.900000 	 0.316176 
-3.880000 	 0.298796 
-3.860000 	 0.553410 
-3.840000 	 0.574784 
-3.820000 	 0.626367 
-3.800000 	 0.361113 
-3.780000 	 0.378335 
-3.760000 	 0.405674 
-3.740000 	 0.519241 
-3.720000 	 0.340255 
-3.700000 	 0.590049 
-3.680000 	 0.513588 
-3.660000 	 0.316180 
-3.640000 	 0.626009 
-3.620000 	 0.717328 
-3.600000 	 0.383388 
-3.580000 	 0.773956 
-3.560000 	 0.149428 
-3.540000 	 0.364496 
-3.520000 	 0.554727 
-3.500000 	 0.499595 
-3.480000 	 0.374717 
-3.460000 	 0.424404 
-3.440000 	 0.393715 
-3.420000 	 0.447166 
-3.400000 	 0.668917 
-3.380000 	 0.260829 
-3.360000 	 0.382268 
-3.340000 	 0.230965 
-3.320000 	 0.513582 
-3.300000 	 0.389868 
-3.280000 	 0.457229 
-3.260000 	 0.658911 
-3.240000 	 0.473894 
-3.220000 	 0.674344 
-3.200000 	 0.554936 
-3.180000 	 0.554767 
-3.160000 	 0.451978 
-3.140000 	 0.539297 
-3.120000 	 0.273201 
-3.100000 	 0.435642 
-3.080000 	 0.584816 
-3.060000 	 0.288872 
-3.040000 	 0.416615 
-3.020000 	 0.618843 
-3.000000 	 0.425742 
-2.980000 	 0.385663 
-2.960000 	 0.176710 
-2.940000 	 0.424198 
-2.920000 	 0.194741 
-2.900000 	 0.394493 
-2.880000 	 0.534773 
-2.860000 	 0.438971 
-2.840000 	 0.456386 
-2.820000 	 0.572121 
-2.800000 	 0.093083 
-2.780000 	 0.338926 
-2.760000 	 0.296584 
-2.740000 	 0.499882 
-2.720000 	 0.030239 
-2.700000 	 0.186841 
-2.680000 	 0.204258 
-2.660000 	 0.292652 
-2.640000 	 0.250594 
-2.620000 	 0.429158 
-2.600000 	 0.502391 
-2.580000 	 0.087915 
-2.560000 	 0.412257 
-2.540000 	 0.124291 
-2.520000 	 0.096528 
-2.500000 	 0.236318 
-2.480000 	 0.321510 
-2.460000 	 0.145089 
-2.440000 	 0.148874 
-2.420000 	 0.123488 
-2.400000 	 0.192027 
-2.380000 	 0.085836 
-2.360000 	 0.298152 
-2.340000 	 0.267882 
-2.320000 	 0.135274 
-2.300000 	 0.343819 
-2.280000 	 0.230116 
-2.260000 	 0.506717 
-2.240000 	 0.361519 
-2.220000 	 0.395648 
-2.200000 	 0.195584 
-2.180000 	 0.137671 
-2.160000 	 0.208993 
-2.140000 	 0.216925 
-2.120000 	 0.434829 
-2.100000 	 0.161531 
-2.080000 	 0.426467 
-2.060000 	 0.236083 
-2.040000 	 0.183307 
-2.020000 	 0.237255 
-2.000000 	 0.205148 
-1.980000 	 0.454604 
-1.960000 	 0.191556 
-1.940000 	 0.257028 
-1.920000 	 0.324784 
-1.900000 	 0.256595 
-1.880000 	 0.367362 
-1.860000 	 -0.023283 
-1.840000 	 0.316054 
-1.820000 	 0.427730 
-1.800000 	 0.607763 
-1.780000 	 0.188050 
-1.760000 	 0.313026 
-1.740000 	 0.253713 
-1.720000 	 0.588113 
-1.700000 	 0.585797 
-1.680000 	 0.124924 
-1.660000 	 -0.094658 
-1.640000 	 0.245213 
-1.620000 	 0.506553 
-1.600000 	 0.155059 
-1.580000 	 0.202063 
-1.560000 	 0.190239 
-1.540000 	 0.064669 
-1.520000 	 0.249286 
-1.500000 	 0.256462 
-1.480000 	 0.023569 
-1.460000 	 0.397933 
-1.440000 	 0.058665 
-1.420000 	 -0.007115 
-1.400000 	 0.155863 
-1.380000 	 0.307304 
-1.360000 	 0.190823 
-1.340000 	 0.122846 
-1.320000 	 0.107642 
-1.300000 	 0.208692 
-1.280000 	 0.177937 
-1.260000 	 0.041776 
-1.240000 	 0.356434 
-1.220000 	 0.379264 
-1.200000 	 -0.241910 
-1.180000 	 0.155199 
-1.160000 	 0.070198 
-1.140000 	 0.214812 
-1.120000 	 -0.029582 
-1.100000 	 0.236856 
-1.080000 	 -0.075401 
-1.060000 	 0.333603 
-1.040000 	 0.413448 
-1.020000 	 0.070294 
-1.000000 	 0.033787 
-0.980000 	 -0.022797 
-0.960000 	 0.282635 
-0.940000 	 0.311505 
-0.920000 	 0.291679 
-0.900000 	 0.118917 
-0.880000 	 0.012561 
-0.860000 	 0.185304 
-0.840000 	 0.160131 
-0.820000 	 0.313367 
-0.800000 	 0.262022 
-0.780000 	 0.102496 
-0.760000 	 0.346380 
-0.740000 	 0.025934 
-0.720000 	 0.346574 
-0.700000 	 0.152072 
-0.680000 	 -0.008210 
-0.660000 	 0.084340 
-0.640000 	 0.410866 
-0.620000 	 0.159992 
-0.600000 	 -0.199935 
-0.580000 	 0.094197 
-0.560000 	 0.207087 
-0.540000 	 0.210334 
-0.520000 	 0.156869 
-0.500000 	 0.183633 
-0.480000 	 0.056489 
-0.460000 	 0.141276 
-0.440000 	 0.096161 
-0.420000 	 0.179542 
-0.400000 	 0.352902 
-0.380000 	 -0.004222 
-0.360000 	 0.066403 
-0.340000 	 0.421263 
-0.320000 	 0.156770 
-0.300000 	 0.037401 
-0.280000 	 0.121215 
-0.260000 	 0.162653 
-0.240000 	 0.020234 
-0.220000 	 0.360635 
-0.200000 	 0.107259 
-0.180000 	 -0.012668 
-0.160000 	 0.416039 
-0.140000 	 0.396571 
-0.120000 	 0.084627 
-0.100000 	 0.646697 
-0.080000 	 -0.079493 
-0.060000 	 0.076454 
-0.040000 	 0.175578 
-0.020000 	 0.187124 
0.000000 	 -0.068678 
0.020000 	 0.076566 
0.040000 	 0.369174 
0.060000 	 0.229034 
0.080000 	 0.138802 
0.100000 	 0.065137 
0.120000 	 0.113273 
0.140000 	 0.232680 
0.160000 	 0.190642 
0.180000 	 0.011185 
0.200000 	 0.179087 
0.220000 	 0.135942 
0.240000 	 0.188870 
0.260000 	 0.431123 
0.280000 	 0.224280 
0.300000 	 0.373782 
0.320000 	 0.241083 
0.340000 	 0.393012 
0.360000 	 0.278880 
0.380000 	 0.296337 
0.400000 	 0.286461 
0.420000 	 0.716028 
0.440000 	 0.229165 
0.460000 	 0.095834 
0.480000 	 0.200167 
0.500000 	 0.191569 
0.520000 	 0.313096 
0.540000 	 0.468853 
0.560000 	 0.398333 
0.580000 	 0.497771 
0.600000 	 0.290382 
0.620000 	 0.498414 
0.640000 	 0.797816 
0.660000 	 0.491932 
0.680000 	 0.260021 
0.700000 	 0.750689 
0.720000 	 0.445371 
0.740000 	 0.313503 
0.760000 	 0.359417 
0.780000 	 0.043597 
0.800000 	 0.340755 
0.820000 	 0.287669 
0.840000 	 0.590788 
0.860000 	 0.455259 
0.880000 	 0.552956 
0.900000 	 0.250537 
0.920000 	 0.344540 
0.940000 	 0.741767 
0.960000 	 0.450268 
0.980000 	 0.492383 
1.000000 	 0.309338 
1.020000 	 0.728705 
1.040000 	 0.647472 
1.060000 	 0.679855 
1.080000 	 0.449902 
1.100000 	 0.483935 
1.120000 	 0.087127 
1.140000 	 0.700115 
1.160000 	 0.759168 
1.180000 	 0.679394 
1.200000 	 0.706769 
1.220000 	 0.586456 
1.240000 	 0.628683 
1.260000 	 0.708924 
1.280000 	 0.550518 
1.300000 	 0.529645 
1.320000 	 0.827928 
1.340000 	 0.710341 
1.360000 	 0.900000 
1.380000 	 0.474113 
1.400000 	 0.858467 
1.420000 	 0.489785 
1.440000 	 0.617356 
1.460000 	 0.703946 
1.480000 	 0.776386 
1.500000 	 0.955285 
1.520000 	 0.755595 
1.540000 	 0.592355 
1.560000 	 0.600000 
1.580000 	 0.758886 
1.600000 	 0.666441 
1.620000 	 1.005430 
1.640000 	 0.896707 
1.660000 	 0.921668 
1.680000 	 0.734610 
1.700000 	 0.849828 
1.720000 	 0.742920 
1.740000 	 0.852336 
1.760000 	 1.176525 
1.780000 	 0.945765 
1.800000 	 0.872637 
1.820000 	 0.973757 
1.840000 	 0.735654 
1.860000 	 0.905379 
1.880000 	 0.684446 
1.900000 	 1.093182 
1.920000 	 1.125352 
1.940000 	 1.055255 
1.960000 	 0.931005 
1.980000 	 1.108126 
2.000000 	 1.016018 
2.020000 	 0.921170 
2.040000 	 0.981634 
2.060000 	 1.027350 
2.080000 	 1.060170 
2.100000 	 -0.200000 
2.120000 	 1.158944 
2.140000 	 1.195625 
2.160000 	 1.282313 
2.180000 	 1.144838 
2.200000 	 1.208124 
2.220000 	 0.962362 
2.240000 	 1.062258 
2.260000 	 1.066189 
2.280000 	 1.144604 
2.300000 	 1.310966 
2.320000 	 1.336898 
2.340000 	 1.091736 
2.360000 	 1.098426 
2.380000 	 1.281227 
2.400000 	 1.371401 
2.420000 	 1.211669 
2.440000 	 0.938477 
2.460000 	 1.438092 
2.480000 	 0.962452 
2.500000 	 1.107854 
2.520000 	 1.000621 
2.540000 	 1.377989 
2.560000 	 1.422184 
2.580000 	 1.597086 
2.600000 	 0.959622 
2.620000 	 1.197169 
2.640000 	 1.136034 
2.660000 	 1.242257 
2.680000 	 1.258145 
2.700000 	 1.401343 
2.720000 	 1.475418 
2.740000 	 1.731448 
2.760000 	 -0.200000 
2.780000 	 1.404355 
2.800000 	 1.443115 
2.820000 	 1.703397 
2.840000 	 1.128033 
2.860000 	 1.260144 
2.880000 	 1.686708 
2.900000 	 1.280085 
2.920000 	 1.442809 
2.940000 	 1.310325 
2.960000 	 1.576822 
2.980000 	 1.309713 
3.000000 	 1.351527 
3.020000 	 1.590724 
3.040000 	 1.452471 
3.060000 	 1.405589 
3.080000 	 1.362595 
3.100000 	 1.409719 
3.120000 	 1.642022 
3.140000 	 1.459800 
3.160000 	 1.289685 
3.180000 	 1.502845 
3.200000 	 1.317394 
3.220000 	 1.704509 
3.240000 	 1.478649 
3.260000 	 1.530883 
3.280000 	 1.425752 
3.300000 	 1.267804 
3.320000 	 1.469931 
3.340000 	 1.441812 
3.360000 	 1.341143 
3.380000 	 1.421421 
3.400000 	 1.672475 
3.420000 	 1.443751 
3.440000 	 1.436343 
3.460000 	 1.505304 
3.480000 	 1.590829 
3.500000 	 1.655322 
3.520000 	 1.747960 
3.540000 	 1.542863 
3.560000 	 1.324449 
3.580000 	 1.459831 
3.600000 	 1.463822 
3.620000 	 1.579516 
3.640000 	 1.384967 
3.660000 	 1.406084 
3.680000 	 1.606070 
3.700000 	 1.488610 
3.720000 	 1.771769 
3.740000 	 1.491219 
3.760000 	 1.694020 
3.780000 	 1.631965 
3.800000 	 1.571253 
3.820000 	 1.751862 
3.840000 	 1.764464 
3.860000 	 1.492666 
3.880000 	 1.696862 
3.900000 	 1.968492 
3.920000 	 1.439043 
3.940000 	 1.447195 
3.960000 	 1.450535 
3.980000 	 1.698294 
4.000000 	 1.688441 
4.020000 	 1.546245 
4.040000 	 1.678660 
4.060000 	 1.548763 
4.080000 	 1.729584 
4.100000 	 1.487861 
4.120000 	 1.572455 
4.140000 	 1.747571 
4.160000 	 1.411442 
4.180000 	 1.772197 
4.200000 	 1.511799 
4.220000 	 1.511085 
4.240000 	 1.795129 
4.260000 	 1.698386 
4.280000 	 1.742039 
4.300000 	 1.600292 
4.320000 	 1.448365 
4.340000 	 1.365339 
4.360000 	 1.797141 
4.380000 	 1.519763 
4.400000 	 1.363331 
4.420000 	 1.511017 
4.440000 	 1.761827 
4.460000 	 1.485028 
4.480000 	 1.703762 
4.500000 	 1.934918 
4.520000 	 1.415977 
4.540000 	 1.324484 
4.560000 	 1.644251 
4.580000 	 1.518983 
4.600000 	 1.278879 
4.620000 	 1.634714 
4.640000 	 1.779127 
4.660000 	 1.462285 
4.680000 	 1.705518 
4.700000 	 1.625964 
4.720000 	 1.391815 
4.740000 	 1.809352 
4.760000 	 1.333017 
4.780000 	 1.613106 
4.800000 	 1.135576 
4.820000 	 1.459804 
4.840000 	 1.712131 
4.860000 	 1.370090 
4.880000 	 1.450294 
4.900000 	 1.724984 
4.920000 	 1.535734 
4.940000 	 1.395149 
4.960000 	 1.336895 
4.980000 	 1.248438 
5.000000 	 1.411136 
5.020000 	 1.515623 
5.040000 	 1.640052 
5.060000 	 1.553253 
5.080000 	 1.528806 
5.100000 	 1.414622 
5.120000 	 1.309248 
5.140000 	 1.466811 
5.160000 	 1.234809 
5.180000 	 1.508697 
5.200000 	 1.303933 
5.220000 	 1.313373 
5.240000 	 1.435119 
5.260000 	 1.252219 
5.280000 	 1.153083 
5.300000 	 1.219294 
5.320000 	 1.287616 
5.340000 	 1.353009 
5.360000 	 1.620916 
5.380000 	 1.281109 
5.400000 	 1.098643 
5.420000 	 1.362258 
5.440000 	 1.020084 
5.460000 	 1.164606 
5.480000 	 1.249488 
5.500000 	 1.367598 
5.520000 	 1.219777 
5.540000 	 1.179879 
5.560000 	 1.352433 
5.580000 	 1.497084 
5.600000 	 1.228409 
5.620000 	 1.379098 
5.640000 	 1.291574 
5.660000 	 1.221443 
5.680000 	 1.253341 
5.700000 	 1.209396 
5.720000 	 0.982884 
5.740000 	 1.201772 
5.760000 	 1.258012 
5.780000 	 1.091092 
5.800000 	 0.968949 
5.820000 	 1.005598 
5.840000 	 0.974347 
5.860000 	 1.180708 
5.880000 	 1.133007 
5.900000 	 1.253953 
5.920000 	 1.083836 
5.940000 	 0.819103 
5.960000 	 0.977544 
5.980000 	 0.879201 
6.000000 	 0.995757 
6.020000 	 0.995499 
6.040000 	 0.953714 
6.060000 	 1.068117 
6.080000 	 1.013140 
6.100000 	 0.985941 
6.120000 	 1.052815 
6.140000 	 0.937766 
6.160000 	 0.917246 
6.180000 	 0.926602 
6.200000 	 0.722646 
6.220000 	 0.918057 
6.240000 	 0.744644 
6.260000 	 1.018927 
6.280000 	 0.606219 
6.300000 	 0.747991 
6.320000 	 0.772287 
6.340000 	 0.861719 
6.360000 	 0.717857 
6.380000 	 0.807014 
6.400000 	 0.815865 
6.420000 	 0.960717 
6.440000 	 0.523041 
6.460000 	 0.790152 
6.480000 	 0.774169 
6.500000 	 0.364696 
6.520000 	 0.698243 
6.540000 	 0.809756 
6.560000 	 0.755644 
6.580000 	 0.805477 
6.600000 	 0.775809 
6.620000 	 0.523952 
6.640000 	 0.824502 
6.660000 	 0.700444 
6.680000 	 0.770251 
6.700000 	 0.924774 
6.720000 	 0.829811 
6.740000 	 0.474616 
6.760000 	 0.685462 
6.780000 	 0.658859 
6.800000 	 0.501421 
6.820000 	 0.530066 
6.840000 	 0.768209 
6.860000 	 0.570532 
6.880000 	 0.622426 
6.900000 	 0.149779 
6.920000 	 0.563429 
6.940000 	 0.536374 
6.960000 	 0.638758 
6.980000 	 0.725096 
7.000000 	 0.594826 
7.020000 	 0.832425 
7.040000 	 0.472436 
7.060000 	 0.628487 
7.080000 	 0.538988 
7.100000 	 0.658806 
7.120000 	 0.377010 
7.140000 	 0.442115 
7.160000 	 0.485980 
7.180000 	 0.224686 
7.200000 	 0.548757 
7.220000 	 0.303999 
7.240000 	 0.541230 
7.260000 	 0.525178 
7.280000 	 0.366961 
7.300000 	 0.224145 
7.320000 	 0.099525 
7.340000 	 0.368392 
7.360000 	 0.100000 
7.380000 	 0.523973 
7.400000 	 0.159902 
7.420000 	 0.324690 
7.440000 	 0.501385 
7.460000 	 0.219664 
7.480000 	 0.329079 
7.500000 	 0.473545 
7.520000 	 0.331926 
7.540000 	 0.800736 
7.560000 	 0.433145 
7.580000 	 0.058006 
7.600000 	 0.292841 
7.620000 	 0.353042 
7.640000 	 0.187561 
7.660000 	 0.179127 
7.680000 	 0.327989 
7.700000 	 0.214940 
7.720000 	 0.360715 
7.740000 	 0.031161 
7.760000 	 0.300833 
7.780000 	 0.175770 
7.800000 	 0.281439 
7.820000 	 0.212540 
7.840000 	 0.416776 
7.860000 	 0.145756 
7.880000 	 0.381590 
7.900000 	 0.301536 
7.920000 	 0.253769 
7.940000 	 0.273922 
7.960000 	 0.407668 
7.980000 	 -0.064943 
8.000000 	 0.001324 
8.020000 	 -0.048639 
8.040000 	 0.297849 
8.060000 	 0.438545 
8.080000 	 0.040775 
8.100000 	 0.112709 
8.120000 	 0.362454 
8.140000 	 0.245327 
8.160000 	 0.395413 
8.180000 	 0.285150 
8.200000 	 0.106710 
8.220000 	 -0.123740 
8.240000 	 0.253677 
8.260000 	 0.382047 
8.280000 	 -0.016544 
8.300000 	 0.176241 
8.320000 	 0.255081 
8.340000 	 0.243434 
8.360000 	 0.168442 
8.380000 	 -0.319581 
8.400000 	 0.154754 
8.420000 	 0.344157 
8.440000 	 0.365258 
8.460000 	 -0.045716 
8.480000 	 -0.000033 
8.500000 	 0.140065 
8.520000 	 0.001189 
8.540000 	 0.182398 
8.560000 	 0.405734 
8.580000 	 0.120256 
8.600000 	 -0.047715 
8.620000 	 0.202367 
8.640000 	 0.322737 
8.660000 	 0.040464 
8.680000 	 0.174521 
8.700000 	 0.195131 
8.720000 	 0.384359 
8.740000 	 0.025996 
8.760000 	 0.146671 
8.780000 	 -0.029778 
8.800000 	 0.128220 
8.820000 	 -0.098261 
8.840000 	 0.038960 
8.860000 	 0.307156 
8.880000 	 0.227263 
8.900000 	 -0.077801 
8.920000 	 0.133565 
8.940000 	 0.068788 
8.960000 	 0.196149 
8.980000 	 0.045377 
9.000000 	 0.159513 
9.020000 	 0.158893 
9.040000 	 0.220911 
9.060000 	 -0.014771 
9.080000 	 0.070519 
9.100000 	 0.001655 
9.120000 	 0.026088 
9.140000 	 -0.175939 
9.160000 	 0.436184 
9.180000 	 0.340063 
9.200000 	 -0.121530 
9.220000 	 0.076074 
9.240000 	 0.153731 
9.260000 	 -0.267194 
9.280000 	 0.352853 
9.300000 	 -0.258280 
9.320000 	 -0.173827 
9.340000 	 0.026385 
9.360000 	 0.003660 
9.380000 	 0.234308 
9.400000 	 0.034809 
9.420000 	 0.031651 
9.440000 	 0.361180 
9.460000 	 0.353170 
9.480000 	 0.122826 
9.500000 	 -0.182549 
9.520000 	 0.089228 
9.540000 	 0.039809 
9.560000 	 0.162650 
9.580000 	 -0.183342 
9.600000 	 0.146970 
9.620000 	 -0.117163 
9.640000 	 -0.100348 
9.660000 	 0.027612 
9.680000 	 -0.138819 
9.700000 	 0.057862 
9.720000 	 0.002232 
9.740000 	 -0.050379 
9.760000 	 -0.001405 
9.780000 	 -0.085159 
9.800000 	 -0.051739 
9.820000 	 -0.048941 
9.840000 	 -0.145982 
9.860000 	 0.342002 
9.880000 	 0.077497 
9.900000 	 0.139710 
9.920000 	 -0.003531 
9.940000 	 0.034714 
9.960000 	 0.136275 
9.980000 	 0.044960 
10.000000 	 -0.107477 
10.020000 	 -0.237446 
10.040000 	 -0.003904 
10.060000 	 -0.030342 
10.080000 	 -0.225395 
10.100000 	 0.143871 
10.120000 	 0.082535 
10.140000 	 0.135901 
10.160000 	 -0.003727 
10.180000 	 -0.126010 
10.200000 	 0.099793 
10.220000 	 -0.066248 
10.240000 	 -0.219206 
10.260000 	 0.068120 
10.280000 	 0.037392 
10.300000 	 0.077935 
10.320000 	 0.050503 
10.340000 	 0.181352 
10.360000 	 0.110634 
10.380000 	 0.125088 
10.400000 	 0.027976 
10.420000 	 0.056826 
10.440000 	 -0.007879 
10.460000 	 -0.065721 
10.480000 	 0.034648 
10.500000 	 0.088300 
10.520000 	 0.207624 
10.540000 	 -0.033236 
10.560000 	 0.100191 
10.580000 	 0.085426 
10.600000 	 -0.300268 
10.620000 	 -0.044609 
10.640000 	 -0.019787 
10.660000 	 -0.153751 
10.680000 	 0.182180 
10.700000 	 0.291700 
10.720000 	 -0.116125 
10.740000 	 0.043710 
10.760000 	 0.078336 
10.780000 	 0.199625 
10.800000 	 0.169902 
10.820000 	 0.170438 
10.840000 	 -0.120459 
10.860000 	 -0.206118 
10.880000 	 0.366776 
10.900000 	 0.162463 
10.920000 	 0.116505 
10.940000 	 -0.045271 
10.960000 	 0.097163 
10.980000 	 -0.008438 
11.000000 	 0.152902 
11.020000 	 -0.066147 
11.040000 	 -0.229103 
11.060000 	 0.008632 
11.080000 	 -0.006520 
11.100000 	 0.028766 
11.120000 	 0.104203 
11.140000 	 -0.224927 
11.160000 	 -0.202891 
11.180000 	 0.024348 
11.200000 	 -0.033740 
11.220000 	 0.146754 
11.240000 	 -0.116124 
11.260000 	 -0.170947 
11.280000 	 0.015708 
11.300000 	 -0.089588 
11.320000 	 0.092914 
11.340000 	 0.096537 
11.360000 	 0.012645 
11.380000 	 0.319824 
11.400000 	 0.088526 
11.420000 	 0.112000 
11.440000 	 0.047696 
11.460000 	 -0.188225 
11.480000 	 0.109949 
11.500000 	 -0.075437 
11.520000 	 0.083342 
11.540000 	 -0.128147 
11.560000 	 0.211110 
11.580000 	 -0.010900 
11.600000 	 0.006013 
11.620000 	 -0.157430 
11.640000 	 0.106967 
11.660000 	 0.082944 
11.680000 	 -0.177765 
11.700000 	 0.101351 
11.720000 	 -0.090282 
11.740000 	 0.085382 
11.760000 	 -0.182166 
11.780000 	 -0.143228 
11.800000 	 -0.096012 
11.820000 	 0.269105 
11.840000 	 -0.067250 
11.860000 	 -0.070357 
11.880000 	 0.322366 
11.900000 	 -0.000290 
11.920000 	 0.078197 
11.940000 	 -0.145234 
11.960000 	 -0.120139 
11.980000 	 -0.290698 
12.000000 	 0.029634 
12.020000 	 0.031200 
12.040000 	 0.114662 
12.060000 	 0.037511 
12.080000 	 0.000768 
12.100000 	 -0.165161 
12.120000 	 0.088864 
12.140000 	 -0.222743 
12.160000 	 -0.029486 
12.180000 	 -0.220065 
12.200000 	 -0.195819 
12.220000 	 0.110445 
12.240000 	 0.016904 
12.260000 	 0.056863 
12.280000 	 0.062156 
12.300000 	 0.139060 
12.320000 	 -0.016749 
12.340000 	 -0.034828 
12.360000 	 0.196590 
12.380000 	 -0.252312 
12.400000 	 -0.169427 
12.420000 	 -0.066859 
12.440000 	 -0.004437 
12.460000 	 -0.108685 
12.480000 	 0.325656 
12.500000 	 0.030245 
12.520000 	 0.253712 
12.540000 	 0.084611 
12.560000 	 0.100644 
12.580000 	 -0.047691 
12.600000 	 0.016867 
12.620000 	 -0.126706 
12.640000 	 0.092318 
12.660000 	 -0.019403 
12.680000 	 -0.132378 
12.700000 	 0.112003 
12.720000 	 -0.066978 
12.740000 	 -0.074823 
12.760000 	 -0.000310 
12.780000 	 -0.210801 
12.800000 	 -0.043232 
12.820000 	 0.002812 
12.840000 	 -0.133948 
12.860000 	 -0.100516 
12.880000 	 0.044434 
12.900000 	 -0.101356 
12.920000 	 -0.066074 
12.940000 	 -0.187656 
12.960000 	 -0.040385 
12.980000 	 0.266257 
13.000000 	 -0.214560 
13.020000 	 -0.169515 
13.040000 	 0.292885 
13.060000 	 -0.024390 
13.080000 	 -0.035309 
13.100000 	 0.234924 
13.120000 	 0.158368 
13.140000 	 -0.167578 
13.160000 	 -0.049002 
13.180000 	 0.057057 
13.200000 	 0.070328 
13.220000 	 -0.122916 
13.240000 	 0.066966 
13.260000 	 -0.018776 
13.280000 	 0.301229 
13.300000 	 -0.340144 
13.320000 	 -0.018495 
13.340000 	 0.263308 
13.360000 	 0.044194 
13.380000 	 -0.249052 
13.400000 	 0.082151 
13.420000 	 -0.174613 
13.440000 	 0.066757 
13.460000 	 0.060791 
13.480000 	 -0.103201 
13.500000 	 -0.065327 
13.520000 	 0.101170 
13.540000 	 -0.052262 
13.560000 	 0.038318 
13.580000 	 -0.268704 
13.600000 	 -0.109951 
13.620000 	 0.037374 
13.640000 	 0.292440 
13.660000 	 -0.105287 
13.680000 	 -0.199178 
13.700000 	 -0.272065 
13.720000 	 0.265729 
13.740000 	 -0.217853 
13.760000 	 -0.043613 
13.780000 	 0.014731 
13.800000 	 0.410028 
13.820000 	 0.266170 
13.840000 	 -0.282469 
13.860000 	 0.151560 
13.880000 	 -0.174949 
13.900000 	 0.204679 
13.920000 	 0.058631 
13.940000 	 -0.020330 
13.960000 	 0.109620 
13.980000 	 0.045717 
14.000000 	 0.017379 
14.020000 	 -0.027253 
14.040000 	 0.237910 
14.060000 	 -0.230839 
14.080000 	 -0.052289 
14.100000 	 0.010998 
14.120000 	 -0.146371 
14.140000 	 -0.084885 
14.160000 	 0.147034 
14.180000 	 0.249929 
14.200000 	 0.105771 
14.220000 	 -0.005552 
14.240000 	 -0.081837 
14.260000 	 0.177929 
14.280000 	 0.134905 
14.300000 	 -0.332836 
14.320000 	 -0.015614 
14.340000 	 -0.250514 
14.360000 	 -0.037713 
14.380000 	 0.102510 
14.400000 	 -0.220235 
14.420000 	 0.111571 
14.440000 	 -0.098866 
14.460000 	 0.034031 
14.480000 	 -0.080894 
14.500000 	 -0.474453 
14.520000 	 -0.012185 
14.540000 	 -0.087102 
14.560000 	 -0.161350 
14.580000 	 -0.137727 
14.600000 	 -0.134142 
14.620000 	 0.124680 
14.640000 	 -0.011623 
14.660000 	 -0.071118 
14.680000 	 0.332974 
14.700000 	 0.039278 
14.720000 	 -0.298176 
14.740000 	 0.266853 
14.760000 	 0.025367 
14.780000 	 -0.092487 
14.800000 	 0.077999 
14.820000 	 0.070774 
14.840000 	 -0.097033 
14.860000 	 -0.047961 
14.880000 	 -0.348052 
14.900000 	 -0.008763 
14.920000 	 0.102277 
14.940000 	 0.130223 
14.960000 	 0.370850 
14.980000 	 -0.158275 
15.000000 	 0.151997 
