-15.000000 	 -0.197850 
-14.980000 	 -0.201052 
-14.960000 	 0.164110 
-14.940000 	 0.072332 
-14.920000 	 -0.168469 
-14.900000 	 -0.010382 
-14.880000 	 -0.026732 
-14.860000 	 -0.035904 
-14.840000 	 0.167636 
-14.820000 	 -0.074973 
-14.800000 	 0.204313 
-14.780000 	 -0.226079 
-14.760000 	 -0.010963 
-14.740000 	 -0.036354 
-14.720000 	 0.105126 
-14.700000 	 -0.285680 
-14.680000 	 0.189808 
-14.660000 	 0.004200 
-14.640000 	 0.063626 
-14.620000 	 0.189078 
-14.600000 	 -0.081499 
-14.580000 	 0.057959 
-14.560000 	 -0.176632 
-14.540000 	 -0.085537 
-14.520000 	 -0.195017 
-14.500000 	 0.093336 
-14.480000 	 -0.109744 
-14.460000 	 -0.508313 
-14.440000 	 -0.004870 
-14.420000 	 -0.066478 
-14.400000 	 0.055907 
-14.380000 	 0.176314 
-14.360000 	 -0.151628 
-14.340000 	 -0.036607 
-14.320000 	 -0.132359 
-14.300000 	 0.098246 
-14.280000 	 -0.003422 
-14.260000 	 -0.241801 
-14.240000 	 0.284812 
-14.220000 	 0.027918 
-14.200000 	 -0.000335 
-14.180000 	 -0.042140 
-14.160000 	 0.177749 
-14.140000 	 -0.116582 
-14.120000 	 0.018562 
-14.100000 	 0.099421 
-14.080000 	 0.115393 
-14.060000 	 0.042469 
-14.040000 	 -0.041663 
-14.020000 	 0.005469 
-14.000000 	 0.167105 
-13.980000 	 -0.031996 
-13.960000 	 0.125116 
-13.940000 	 0.138479 
-13.920000 	 0.006614 
-13.900000 	 -0.217557 
-13.880000 	 -0.034316 
-13.860000 	 -0.060004 
-13.840000 	 0.105763 
-13.820000 	 0.160154 
-13.800000 	 0.032302 
-13.780000 	 0.061860 
-13.760000 	 -0.179719 
-13.740000 	 0.026421 
-13.720000 	 0.177311 
-13.700000 	 -0.086712 
-13.680000 	 0.127535 
-13.660000 	 0.039374 
-13.640000 	 -0.146933 
-13.620000 	 -0.165273 
-13.600000 	 -0.203711 
-13.580000 	 -0.207143 
-13.560000 	 0.178464 
-13.540000 	 -0.165041 
-13.520000 	 -0.223051 
-13.500000 	 -0.232660 
-13.480000 	 0.087573 
-13.460000 	 -0.134291 
-13.440000 	 -0.034444 
-13.420000 	 0.026029 
-13.400000 	 -0.163117 
-13.380000 	 0.189632 
-13.360000 	 0.071417 
-13.340000 	 -0.042998 
-13.320000 	 -0.092631 
-13.300000 	 -0.243697 
-13.280000 	 -0.224395 
-13.260000 	 -0.000124 
-13.240000 	 -0.089485 
-13.220000 	 0.207697 
-13.200000 	 -0.138060 
-13.180000 	 -0.009228 
-13.160000 	 0.101059 
-13.140000 	 0.245350 
-13.120000 	 0.039796 
-13.100000 	 -0.197271 
-13.080000 	 -0.037572 
-13.060000 	 -0.026872 
-13.040000 	 0.041264 
-13.020000 	 -0.195662 
-13.000000 	 -0.144409 
-12.980000 	 0.200000 
-12.960000 	 0.129807 
-12.940000 	 0.104865 
-12.920000 	 -0.026316 
-12.900000 	 -0.050465 
-12.880000 	 0.017936 
-12.860000 	 -0.007818 
-12.840000 	 -0.158795 
-12.820000 	 0.117532 
-12.800000 	 -0.347581 
-12.780000 	 0.123821 
-12.760000 	 0.164526 
-12.740000 	 -0.001660 
-12.720000 	 0.001947 
-12.700000 	 0.102747 
-12.680000 	 -0.044215 
-12.660000 	 -0.014283 
-12.640000 	 0.117515 
-12.620000 	 0.170744 
-12.600000 	 -0.041327 
-12.580000 	 -0.329252 
-12.560000 	 -0.027157 
-12.540000 	 0.227926 
-12.520000 	 -0.208948 
-12.500000 	 0.005805 
-12.480000 	 -0.117343 
-12.460000 	 0.205859 
-12.440000 	 -0.063197 
-12.420000 	 -0.024276 
-12.400000 	 -0.322969 
-12.380000 	 0.022355 
-12.360000 	 -0.048189 
-12.340000 	 -0.178908 
-12.320000 	 -0.002320 
-12.300000 	 0.075833 
-12.280000 	 -0.202395 
-12.260000 	 -0.038844 
-12.240000 	 -0.031144 
-12.220000 	 0.096436 
-12.200000 	 -0.225234 
-12.180000 	 -0.011691 
-12.160000 	 0.410769 
-12.140000 	 -0.002334 
-12.120000 	 0.278496 
-12.100000 	 0.111271 
-12.080000 	 -0.162580 
-12.060000 	 -0.032435 
-12.040000 	 0.101336 
-12.020000 	 -0.052919 
-12.000000 	 -0.325393 
-11.980000 	 0.325036 
-11.960000 	 -0.016112 
-11.940000 	 0.063387 
-11.920000 	 -0.208984 
-11.900000 	 -0.136752 
-11.880000 	 0.159741 
-11.860000 	 -0.044406 
-11.840000 	 0.193959 
-11.820000 	 0.075889 
-11.800000 	 -0.183928 
-11.780000 	 -0.262289 
-11.760000 	 0.006682 
-11.740000 	 0.111543 
-11.720000 	 -0.171363 
-11.700000 	 0.092671 
-11.680000 	 -0.077194 
-11.660000 	 0.137967 
-11.640000 	 0.001992 
-11.620000 	 -0.028790 
-11.600000 	 0.004459 
-11.580000 	 -0.072398 
-11.560000 	 0.113444 
-11.540000 	 -0.084114 
-11.520000 	 -0.095652 
-11.500000 	 0.356982 
-11.480000 	 -0.084207 
-11.460000 	 0.035487 
-11.440000 	 0.146738 
-11.420000 	 -0.185176 
-11.400000 	 0.155591 
-11.380000 	 0.106789 
-11.360000 	 -0.092963 
-11.340000 	 -0.005688 
-11.320000 	 0.040306 
-11.300000 	 -0.104790 
-11.280000 	 0.011119 
-11.260000 	 -0.093713 
-11.240000 	 0.216313 
-11.220000 	 -0.055276 
-11.200000 	 0.027174 
-11.180000 	 -0.055829 
-11.160000 	 -0.148537 
-11.140000 	 -0.030042 
-11.120000 	 -0.179932 
-11.100000 	 -0.090250 
-11.080000 	 -0.242854 
-11.060000 	 0.244627 
-11.040000 	 0.081477 
-11.020000 	 -0.173971 
-11.000000 	 -0.214734 
-10.980000 	 -0.051851 
-10.960000 	 -0.050133 
-10.940000 	 -0.217837 
-10.920000 	 -0.092004 
-10.900000 	 -0.044390 
-10.880000 	 0.011000 
-10.860000 	 -0.205982 
-10.840000 	 0.083224 
-10.820000 	 -0.013421 
-10.800000 	 0.166129 
-10.780000 	 -0.107655 
-10.760000 	 -0.037185 
-10.740000 	 -0.166731 
-10.720000 	 -0.116557 
-10.700000 	 0.102374 
-10.680000 	 -0.302112 
-10.660000 	 -0.054958 
-10.640000 	 -0.380898 
-10.620000 	 0.200967 
-10.600000 	 -0.152292 
-10.580000 	 0.198586 
-10.560000 	 0.087509 
-10.540000 	 -0.120337 
-10.520000 	 -0.193960 
-10.500000 	 -0.012817 
-10.480000 	 0.139750 
-10.460000 	 -0.261766 
-10.440000 	 -0.249357 
-10.420000 	 0.322979 
-10.400000 	 -0.210069 
-10.380000 	 -0.174678 
-10.360000 	 0.064404 
-10.340000 	 -0.141591 
-10.320000 	 0.065965 
-10.300000 	 -0.156111 
-10.280000 	 -0.172483 
-10.260000 	 0.173835 
-10.240000 	 0.253429 
-10.220000 	 -0.124434 
-10.200000 	 0.170962 
-10.180000 	 0.150487 
-10.160000 	 -0.049716 
-10.140000 	 0.019667 
-10.120000 	 0.239652 
-10.100000 	 0.120864 
-10.080000 	 -0.059148 
-10.060000 	 -0.260154 
-10.040000 	 -0.113967 
-10.020000 	 0.098707 
-10.000000 	 0.352885 
-9.980000 	 -0.089041 
-9.960000 	 0.227727 
-9.940000 	 -0.376696 
-9.920000 	 0.177225 
-9.900000 	 -0.252425 
-9.880000 	 -0.029603 
-9.860000 	 -0.258955 
-9.840000 	 0.074223 
-9.820000 	 -0.006022 
-9.800000 	 -0.054455 
-9.780000 	 0.157579 
-9.760000 	 0.266495 
-9.740000 	 0.000821 
-9.720000 	 0.050526 
-9.700000 	 0.168230 
-9.680000 	 -0.094690 
-9.660000 	 -0.246621 
-9.640000 	 0.000672 
-9.620000 	 0.108353 
-9.600000 	 -0.157660 
-9.580000 	 -0.044794 
-9.560000 	 0.056938 
-9.540000 	 0.203979 
-9.520000 	 -0.139269 
-9.500000 	 0.181384 
-9.480000 	 0.091368 
-9.460000 	 -0.080429 
-9.440000 	 0.134790 
-9.420000 	 0.160530 
-9.400000 	 -0.021858 
-9.380000 	 0.255396 
-9.360000 	 -0.063288 
-9.340000 	 -0.065854 
-9.320000 	 -0.061513 
-9.300000 	 -0.217924 
-9.280000 	 0.347120 
-9.260000 	 -0.043114 
-9.240000 	 0.009401 
-9.220000 	 -0.221086 
-9.200000 	 -0.107193 
-9.180000 	 -0.038280 
-9.160000 	 0.071624 
-9.140000 	 -0.032862 
-9.120000 	 0.043668 
-9.100000 	 -0.149729 
-9.080000 	 -0.237965 
-9.060000 	 -0.015167 
-9.040000 	 -0.088530 
-9.020000 	 0.013857 
-9.000000 	 -0.170876 
-8.980000 	 -0.246367 
-8.960000 	 0.206538 
-8.940000 	 0.023423 
-8.920000 	 0.233104 
-8.900000 	 0.078638 
-8.880000 	 0.058630 
-8.860000 	 0.266709 
-8.840000 	 0.172695 
-8.820000 	 -0.094865 
-8.800000 	 -0.131823 
-8.780000 	 -0.148586 
-8.760000 	 -0.148168 
-8.740000 	 -0.127367 
-8.720000 	 0.039755 
-8.700000 	 0.360672 
-8.680000 	 0.103995 
-8.660000 	 0.023022 
-8.640000 	 0.152264 
-8.620000 	 0.022283 
-8.600000 	 -0.042391 
-8.580000 	 0.060859 
-8.560000 	 -0.218694 
-8.540000 	 0.111812 
-8.520000 	 0.036943 
-8.500000 	 -0.105228 
-8.480000 	 -0.401737 
-8.460000 	 -0.018149 
-8.440000 	 0.166952 
-8.420000 	 -0.057334 
-8.400000 	 -0.081320 
-8.380000 	 0.061625 
-8.360000 	 0.273750 
-8.340000 	 0.390457 
-8.320000 	 0.007930 
-8.300000 	 -0.043626 
-8.280000 	 0.080091 
-8.260000 	 -0.153921 
-8.240000 	 0.393304 
-8.220000 	 -0.169917 
-8.200000 	 0.021537 
-8.180000 	 -0.090363 
-8.160000 	 -0.093733 
-8.140000 	 -0.376641 
-8.120000 	 -0.219776 
-8.100000 	 0.235550 
-8.080000 	 0.049098 
-8.060000 	 -0.025975 
-8.040000 	 0.057382 
-8.020000 	 -0.307396 
-8.000000 	 0.212789 
-7.980000 	 -0.353472 
-7.960000 	 -0.435261 
-7.940000 	 -0.244691 
-7.920000 	 0.123490 
-7.900000 	 0.511750 
-7.880000 	 0.034649 
-7.860000 	 0.075393 
-7.840000 	 0.133437 
-7.820000 	 0.078649 
-7.800000 	 0.153709 
-7.780000 	 0.081130 
-7.760000 	 0.056380 
-7.740000 	 0.152538 
-7.720000 	 0.091705 
-7.700000 	 -0.149727 
-7.680000 	 0.059113 
-7.660000 	 0.247162 
-7.640000 	 0.057502 
-7.620000 	 -0.055194 
-7.600000 	 -0.017606 
-7.580000 	 -0.100000 
-7.560000 	 -0.102260 
-7.540000 	 0.183434 
-7.520000 	 0.095922 
-7.500000 	 -0.061504 
-7.480000 	 -0.130546 
-7.460000 	 -0.119228 
-7.440000 	 0.197746 
-7.420000 	 -0.053512 
-7.400000 	 -0.242983 
-7.380000 	 -0.131407 
-7.360000 	 -0.208593 
-7.340000 	 0.209507 
-7.320000 	 -0.191091 
-7.300000 	 0.094738 
-7.280000 	 -0.225110 
-7.260000 	 0.100000 
-7.240000 	 0.279527 
-7.220000 	 -0.063230 
-7.200000 	 -0.109897 
-7.180000 	 0.058499 
-7.160000 	 0.189676 
-7.140000 	 0.228217 
-7.120000 	 0.045671 
-7.100000 	 0.001546 
-7.080000 	 -0.343617 
-7.060000 	 0.085557 
-7.040000 	 0.067918 
-7.020000 	 0.073490 
-7.000000 	 0.192744 
-6.980000 	 0.131918 
-6.960000 	 -0.053353 
-6.940000 	 -0.000175 
-6.920000 	 0.074369 
-6.900000 	 0.193220 
-6.880000 	 0.065255 
-6.860000 	 0.208237 
-6.840000 	 0.079576 
-6.820000 	 0.071041 
-6.800000 	 0.274573 
-6.780000 	 -0.063441 
-6.760000 	 -0.027078 
-6.740000 	 -0.108264 
-6.720000 	 -0.112589 
-6.700000 	 0.073867 
-6.680000 	 0.075401 
-6.660000 	 0.064086 
-6.640000 	 -0.044943 
-6.620000 	 0.146051 
-6.600000 	 0.216192 
-6.580000 	 -0.024629 
-6.560000 	 0.013315 
-6.540000 	 0.302515 
-6.520000 	 0.055409 
-6.500000 	 0.232131 
-6.480000 	 0.182173 
-6.460000 	 0.252472 
-6.440000 	 -0.133092 
-6.420000 	 0.319383 
-6.400000 	 0.363886 
-6.380000 	 0.328699 
-6.360000 	 0.278494 
-6.340000 	 0.322091 
-6.320000 	 0.048190 
-6.300000 	 0.204291 
-6.280000 	 0.003771 
-6.260000 	 0.040704 
-6.240000 	 0.026709 
-6.220000 	 0.107862 
-6.200000 	 0.136697 
-6.180000 	 0.359824 
-6.160000 	 0.161513 
-6.140000 	 0.033668 
-6.120000 	 0.468811 
-6.100000 	 0.191736 
-6.080000 	 0.386284 
-6.060000 	 0.226128 
-6.040000 	 0.019602 
-6.020000 	 0.060029 
-6.000000 	 0.156534 
-5.980000 	 0.158989 
-5.960000 	 0.273064 
-5.940000 	 0.391816 
-5.920000 	 0.248791 
-5.900000 	 0.175866 
-5.880000 	 0.111129 
-5.860000 	 0.077048 
-5.840000 	 0.304580 
-5.820000 	 0.241171 
-5.800000 	 0.082984 
-5.780000 	 0.116712 
-5.760000 	 0.358597 
-5.740000 	 0.392950 
-5.720000 	 0.046229 
-5.700000 	 0.241055 
-5.680000 	 0.328431 
-5.660000 	 0.070186 
-5.640000 	 0.259765 
-5.620000 	 0.151523 
-5.600000 	 0.302285 
-5.580000 	 0.502673 
-5.560000 	 0.051403 
-5.540000 	 0.387406 
-5.520000 	 0.241666 
-5.500000 	 0.106428 
-5.480000 	 0.141693 
-5.460000 	 0.372533 
-5.440000 	 0.355569 
-5.420000 	 0.191982 
-5.400000 	 0.540381 
-5.380000 	 0.122145 
-5.360000 	 0.316782 
-5.340000 	 0.357241 
-5.320000 	 0.302907 
-5.300000 	 0.418875 
-5.280000 	 0.615352 
-5.260000 	 0.490595 
-5.240000 	 0.386686 
-5.220000 	 0.116691 
-5.200000 	 0.753692 
-5.180000 	 0.388589 
-5.160000 	 0.379908 
-5.140000 	 0.518025 
-5.120000 	 0.192963 
-5.100000 	 0.359235 
-5.080000 	 0.595065 
-5.060000 	 0.272781 
-5.040000 	 0.594692 
-5.020000 	 0.447237 
-5.000000 	 0.407532 
-4.980000 	 0.373125 
-4.960000 	 0.306757 
-4.940000 	 0.066971 
-4.920000 	 0.411014 
-4.900000 	 0.553556 
-4.880000 	 0.573307 
-4.860000 	 0.463704 
-4.840000 	 0.314267 
-4.820000 	 0.639244 
-4.800000 	 0.255580 
-4.780000 	 0.527016 
-4.760000 	 0.444476 
-4.740000 	 0.619914 
-4.720000 	 0.289062 
-4.700000 	 0.345530 
-4.680000 	 0.478121 
-4.660000 	 0.477974 
-4.640000 	 0.774773 
-4.620000 	 0.510676 
-4.600000 	 0.419038 
-4.580000 	 0.350266 
-4.560000 	 0.254261 
-4.540000 	 0.263168 
-4.520000 	 0.502902 
-4.500000 	 0.420174 
-4.480000 	 0.282128 
-4.460000 	 0.400811 
-4.440000 	 0.647504 
-4.420000 	 0.573070 
-4.400000 	 0.282416 
-4.380000 	 0.790617 
-4.360000 	 0.659335 
-4.340000 	 0.520978 
-4.320000 	 0.501336 
-4.300000 	 0.708425 
-4.280000 	 0.785920 
-4.260000 	 0.541879 
-4.240000 	 0.544382 
-4.220000 	 0.640036 
-4.200000 	 0.323190 
-4.180000 	 0.506354 
-4.160000 	 0.624900 
-4.140000 	 0.559821 
-4.120000 	 0.482108 
-4.100000 	 0.623619 
-4.080000 	 0.716796 
-4.060000 	 0.480519 
-4.040000 	 0.331931 
-4.020000 	 0.563569 
-4.000000 	 0.620312 
-3.980000 	 0.780733 
-3.960000 	 0.440917 
-3.940000 	 0.300231 
-3.920000 	 0.592886 
-3.900000 	 0.539956 
-3.880000 	 0.604586 
-3.860000 	 0.337094 
-3.840000 	 0.276438 
-3.820000 	 0.363683 
-3.800000 	 0.503558 
-3.780000 	 0.281872 
-3.760000 	 0.445168 
-3.740000 	 0.473685 
-3.720000 	 0.503644 
-3.700000 	 0.331408 
-3.680000 	 0.501301 
-3.660000 	 0.364615 
-3.640000 	 0.438817 
-3.620000 	 0.629809 
-3.600000 	 0.495495 
-3.580000 	 0.314110 
-3.560000 	 0.509794 
-3.540000 	 0.322729 
-3.520000 	 0.129954 
-3.500000 	 0.300152 
-3.480000 	 0.291859 
-3.460000 	 0.406429 
-3.440000 	 0.491615 
-3.420000 	 0.246697 
-3.400000 	 0.620830 
-3.380000 	 0.517903 
-3.360000 	 0.469994 
-3.340000 	 0.638723 
-3.320000 	 0.242724 
-3.300000 	 0.411318 
-3.280000 	 0.633168 
-3.260000 	 0.836770 
-3.240000 	 0.676169 
-3.220000 	 0.400249 
-3.200000 	 0.736261 
-3.180000 	 0.547021 
-3.160000 	 0.177802 
-3.140000 	 0.473725 
-3.120000 	 0.204698 
-3.100000 	 0.515757 
-3.080000 	 0.553740 
-3.060000 	 0.631775 
-3.040000 	 0.303118 
-3.020000 	 0.444880 
-3.000000 	 0.307897 
-2.980000 	 0.382080 
-2.960000 	 0.298890 
-2.940000 	 0.373600 
-2.920000 	 0.362709 
-2.900000 	 0.206491 
-2.880000 	 0.417694 
-2.860000 	 0.588368 
-2.840000 	 -0.000278 
-2.820000 	 0.430223 
-2.800000 	 0.289007 
-2.780000 	 0.540176 
-2.760000 	 0.435134 
-2.740000 	 0.425494 
-2.720000 	 0.137338 
-2.700000 	 0.217904 
-2.680000 	 0.366948 
-2.660000 	 0.530551 
-2.640000 	 0.516779 
-2.620000 	 0.295755 
-2.600000 	 0.550214 
-2.580000 	 0.400864 
-2.560000 	 0.435202 
-2.540000 	 0.130216 
-2.520000 	 0.235307 
-2.500000 	 0.009630 
-2.480000 	 0.440893 
-2.460000 	 -0.015449 
-2.440000 	 0.265872 
-2.420000 	 0.378688 
-2.400000 	 0.398619 
-2.380000 	 0.471682 
-2.360000 	 0.447450 
-2.340000 	 0.290338 
-2.320000 	 0.258120 
-2.300000 	 0.345295 
-2.280000 	 0.150665 
-2.260000 	 -0.017128 
-2.240000 	 0.394481 
-2.220000 	 0.288059 
-2.200000 	 0.085947 
-2.180000 	 0.450364 
-2.160000 	 0.035807 
-2.140000 	 -0.015164 
-2.120000 	 0.345025 
-2.100000 	 0.170252 
-2.080000 	 0.089974 
-2.060000 	 0.252154 
-2.040000 	 0.153303 
-2.020000 	 0.435455 
-2.000000 	 -0.053949 
-1.980000 	 0.268672 
-1.960000 	 0.009733 
-1.940000 	 0.277562 
-1.920000 	 0.101104 
-1.900000 	 0.313625 
-1.880000 	 0.165969 
-1.860000 	 0.153329 
-1.840000 	 0.278184 
-1.820000 	 -0.048584 
-1.800000 	 0.028373 
-1.780000 	 -0.046691 
-1.760000 	 0.072973 
-1.740000 	 0.061868 
-1.720000 	 0.340092 
-1.700000 	 -0.146318 
-1.680000 	 0.177682 
-1.660000 	 0.349809 
-1.640000 	 0.132446 
-1.620000 	 0.249158 
-1.600000 	 0.124416 
-1.580000 	 0.204150 
-1.560000 	 0.200220 
-1.540000 	 0.103150 
-1.520000 	 0.237399 
-1.500000 	 0.071610 
-1.480000 	 0.400697 
-1.460000 	 0.368858 
-1.440000 	 0.309474 
-1.420000 	 0.029595 
-1.400000 	 0.153754 
-1.380000 	 0.311377 
-1.360000 	 -0.237678 
-1.340000 	 0.167533 
-1.320000 	 0.428385 
-1.300000 	 -0.028744 
-1.280000 	 -0.036146 
-1.260000 	 0.228313 
-1.240000 	 0.038530 
-1.220000 	 0.208118 
-1.200000 	 -0.135949 
-1.180000 	 0.065352 
-1.160000 	 -0.049205 
-1.140000 	 0.221072 
-1.120000 	 0.023393 
-1.100000 	 0.087061 
-1.080000 	 0.160408 
-1.060000 	 0.287876 
-1.040000 	 0.085815 
-1.020000 	 0.018164 
-1.000000 	 0.161279 
-0.980000 	 0.121700 
-0.960000 	 0.043154 
-0.940000 	 0.364657 
-0.920000 	 0.364231 
-0.900000 	 0.235084 
-0.880000 	 0.039362 
-0.860000 	 0.194811 
-0.840000 	 -0.029694 
-0.820000 	 0.384744 
-0.800000 	 -0.006623 
-0.780000 	 0.089864 
-0.760000 	 -0.034980 
-0.740000 	 0.275063 
-0.720000 	 0.214015 
-0.700000 	 0.261822 
-0.680000 	 0.230490 
-0.660000 	 0.261437 
-0.640000 	 -0.052071 
-0.620000 	 0.122794 
-0.600000 	 -0.074245 
-0.580000 	 0.059447 
-0.560000 	 0.361509 
-0.540000 	 0.159805 
-0.520000 	 0.212412 
-0.500000 	 0.156313 
-0.480000 	 0.108603 
-0.460000 	 0.170389 
-0.440000 	 0.116347 
-0.420000 	 0.177381 
-0.400000 	 -0.027610 
-0.380000 	 0.003636 
-0.360000 	 0.169486 
-0.340000 	 0.078484 
-0.320000 	 0.255301 
-0.300000 	 0.180165 
-0.280000 	 0.446385 
-0.260000 	 0.032781 
-0.240000 	 0.125591 
-0.220000 	 0.049271 
-0.200000 	 0.282252 
-0.180000 	 0.316182 
-0.160000 	 0.464541 
-0.140000 	 0.155502 
-0.120000 	 0.158495 
-0.100000 	 0.169542 
-0.080000 	 0.170548 
-0.060000 	 0.366126 
-0.040000 	 0.160245 
-0.020000 	 0.280546 
0.000000 	 0.121407 
0.020000 	 0.144925 
0.040000 	 0.290277 
0.060000 	 0.041975 
0.080000 	 0.221842 
0.100000 	 0.318683 
0.120000 	 0.240292 
0.140000 	 0.209445 
0.160000 	 0.128825 
0.180000 	 0.270654 
0.200000 	 0.249203 
0.220000 	 0.224201 
0.240000 	 0.308739 
0.260000 	 0.265137 
0.280000 	 0.067508 
0.300000 	 0.188308 
0.320000 	 0.579477 
0.340000 	 0.645202 
0.360000 	 0.090104 
0.380000 	 0.497083 
0.400000 	 0.494088 
0.420000 	 0.375917 
0.440000 	 0.516839 
0.460000 	 0.414842 
0.480000 	 0.093250 
0.500000 	 0.420136 
0.520000 	 0.266181 
0.540000 	 0.388136 
0.560000 	 0.366570 
0.580000 	 0.303243 
0.600000 	 0.482920 
0.620000 	 0.346516 
0.640000 	 0.308323 
0.660000 	 0.289271 
0.680000 	 0.097610 
0.700000 	 0.087477 
0.720000 	 0.583720 
0.740000 	 0.268181 
0.760000 	 0.513993 
0.780000 	 0.182841 
0.800000 	 0.595414 
0.820000 	 0.456616 
0.840000 	 0.307828 
0.860000 	 0.404405 
0.880000 	 0.436251 
0.900000 	 0.530761 
0.920000 	 0.268147 
0.940000 	 0.217379 
0.960000 	 0.648226 
0.980000 	 0.414055 
1.000000 	 0.564082 
1.020000 	 0.661713 
1.040000 	 0.428777 
1.060000 	 0.386284 
1.080000 	 0.479029 
1.100000 	 0.538354 
1.120000 	 0.564020 
1.140000 	 0.520788 
1.160000 	 0.547358 
1.180000 	 0.484515 
1.200000 	 0.764082 
1.220000 	 0.740097 
1.240000 	 0.696097 
1.260000 	 0.400450 
1.280000 	 0.796265 
1.300000 	 1.012607 
1.320000 	 0.883828 
1.340000 	 0.469470 
1.360000 	 0.525992 
1.380000 	 0.798182 
1.400000 	 0.759800 
1.420000 	 0.349757 
1.440000 	 0.516896 
1.460000 	 0.674527 
1.480000 	 0.557449 
1.500000 	 0.659888 
1.520000 	 0.754214 
1.540000 	 0.874818 
1.560000 	 0.950344 
1.580000 	 0.798527 
1.600000 	 0.934517 
1.620000 	 0.830057 
1.640000 	 0.917965 
1.660000 	 0.983676 
1.680000 	 0.852707 
1.700000 	 1.073420 
1.720000 	 0.800910 
1.740000 	 1.043098 
1.760000 	 0.580805 
1.780000 	 0.743966 
1.800000 	 0.706458 
1.820000 	 0.848487 
1.840000 	 0.769999 
1.860000 	 1.083715 
1.880000 	 1.381306 
1.900000 	 0.768169 
1.920000 	 0.959603 
1.940000 	 1.021506 
1.960000 	 0.929237 
1.980000 	 1.063024 
2.000000 	 0.975647 
2.020000 	 1.150169 
2.040000 	 0.809416 
2.060000 	 1.235735 
2.080000 	 1.057729 
2.100000 	 1.095908 
2.120000 	 1.101315 
2.140000 	 0.742732 
2.160000 	 1.078859 
2.180000 	 1.106322 
2.200000 	 1.025540 
2.220000 	 0.954083 
2.240000 	 1.174030 
2.260000 	 0.974980 
2.280000 	 0.828590 
2.300000 	 1.011917 
2.320000 	 1.393292 
2.340000 	 0.974726 
2.360000 	 1.033231 
2.380000 	 1.141103 
2.400000 	 1.068441 
2.420000 	 1.461765 
2.440000 	 1.243390 
2.460000 	 1.146752 
2.480000 	 1.362740 
2.500000 	 1.041242 
2.520000 	 1.316948 
2.540000 	 1.163703 
2.560000 	 1.352816 
2.580000 	 0.876229 
2.600000 	 1.175569 
2.620000 	 1.467457 
2.640000 	 1.293307 
2.660000 	 1.247341 
2.680000 	 1.336541 
2.700000 	 1.521136 
2.720000 	 1.522679 
2.740000 	 1.273184 
2.760000 	 1.192845 
2.780000 	 1.569180 
2.800000 	 1.483439 
2.820000 	 1.426269 
2.840000 	 1.338871 
2.860000 	 1.315433 
2.880000 	 1.507596 
2.900000 	 1.525842 
2.920000 	 1.536986 
2.940000 	 1.551916 
2.960000 	 1.321130 
2.980000 	 1.425976 
3.000000 	 1.249551 
3.020000 	 1.211632 
3.040000 	 1.514374 
3.060000 	 1.584034 
3.080000 	 1.350206 
3.100000 	 1.605008 
3.120000 	 1.626876 
3.140000 	 1.365810 
3.160000 	 1.343150 
3.180000 	 1.383511 
3.200000 	 1.535459 
3.220000 	 1.336673 
3.240000 	 1.528260 
3.260000 	 1.353276 
3.280000 	 1.648275 
3.300000 	 1.427551 
3.320000 	 1.627161 
3.340000 	 1.604302 
3.360000 	 1.397138 
3.380000 	 1.376825 
3.400000 	 1.749558 
3.420000 	 1.628304 
3.440000 	 1.305240 
3.460000 	 1.837286 
3.480000 	 1.569104 
3.500000 	 1.538147 
3.520000 	 1.520797 
3.540000 	 1.452490 
3.560000 	 1.461705 
3.580000 	 1.519739 
3.600000 	 1.467813 
3.620000 	 1.737691 
3.640000 	 1.543491 
3.660000 	 1.544621 
3.680000 	 1.326418 
3.700000 	 1.645443 
3.720000 	 1.541902 
3.740000 	 1.361895 
3.760000 	 1.377535 
3.780000 	 1.593447 
3.800000 	 1.823954 
3.820000 	 1.574339 
3.840000 	 1.480202 
3.860000 	 1.715776 
3.880000 	 1.640720 
3.900000 	 1.690366 
3.920000 	 1.547325 
3.940000 	 1.631170 
3.960000 	 1.384644 
3.980000 	 1.239760 
4.000000 	 1.596409 
4.020000 	 1.301446 
4.040000 	 1.460204 
4.060000 	 1.660260 
4.080000 	 1.898182 
4.100000 	 1.731635 
4.120000 	 1.642366 
4.140000 	 1.877578 
4.160000 	 1.758398 
4.180000 	 1.545744 
4.200000 	 1.671805 
4.220000 	 1.653956 
4.240000 	 1.747861 
4.260000 	 1.496865 
4.280000 	 1.520943 
4.300000 	 1.888532 
4.320000 	 1.446838 
4.340000 	 1.576408 
4.360000 	 1.492416 
4.380000 	 1.489399 
4.400000 	 1.426536 
4.420000 	 1.540040 
4.440000 	 1.545954 
4.460000 	 1.529915 
4.480000 	 1.733902 
4.500000 	 1.537987 
4.520000 	 1.459673 
4.540000 	 1.529598 
4.560000 	 1.510629 
4.580000 	 1.553547 
4.600000 	 1.326398 
4.620000 	 1.643628 
4.640000 	 1.737685 
4.660000 	 1.610117 
4.680000 	 1.476303 
4.700000 	 1.541452 
4.720000 	 1.632242 
4.740000 	 1.402419 
4.760000 	 1.369625 
4.780000 	 1.421835 
4.800000 	 1.444956 
4.820000 	 1.490150 
4.840000 	 1.350432 
4.860000 	 1.363641 
4.880000 	 1.445791 
4.900000 	 1.572610 
4.920000 	 1.436071 
4.940000 	 1.244208 
4.960000 	 1.406443 
4.980000 	 1.361334 
5.000000 	 1.574003 
5.020000 	 1.337673 
5.040000 	 1.450638 
5.060000 	 1.388072 
5.080000 	 1.397667 
5.100000 	 1.148866 
5.120000 	 1.368403 
5.140000 	 1.357681 
5.160000 	 1.228710 
5.180000 	 1.096668 
5.200000 	 1.406753 
5.220000 	 1.134516 
5.240000 	 1.506363 
5.260000 	 1.331384 
5.280000 	 1.010951 
5.300000 	 1.426462 
5.320000 	 1.016991 
5.340000 	 1.120030 
5.360000 	 1.300185 
5.380000 	 1.330161 
5.400000 	 1.153382 
5.420000 	 1.315695 
5.440000 	 1.380833 
5.460000 	 1.075254 
5.480000 	 1.106584 
5.500000 	 1.121133 
5.520000 	 1.144176 
5.540000 	 1.092541 
5.560000 	 0.923215 
5.580000 	 1.021837 
5.600000 	 1.187486 
5.620000 	 0.789085 
5.640000 	 1.004179 
5.660000 	 1.175373 
5.680000 	 1.240040 
5.700000 	 0.703020 
5.720000 	 1.172916 
5.740000 	 1.297875 
5.760000 	 1.596366 
5.780000 	 1.083792 
5.800000 	 1.053511 
5.820000 	 1.108580 
5.840000 	 1.099895 
5.860000 	 0.962311 
5.880000 	 0.919344 
5.900000 	 0.902081 
5.920000 	 0.860835 
5.940000 	 1.186358 
5.960000 	 1.173370 
5.980000 	 0.984221 
6.000000 	 1.119044 
6.020000 	 0.775570 
6.040000 	 1.332934 
6.060000 	 0.869986 
6.080000 	 1.102491 
6.100000 	 1.001574 
6.120000 	 0.620389 
6.140000 	 1.014380 
6.160000 	 0.899685 
6.180000 	 0.898235 
6.200000 	 1.060662 
6.220000 	 0.767395 
6.240000 	 0.737295 
6.260000 	 0.686552 
6.280000 	 0.586980 
6.300000 	 0.647990 
6.320000 	 1.080299 
6.340000 	 0.973504 
6.360000 	 0.963698 
6.380000 	 0.773829 
6.400000 	 0.784355 
6.420000 	 0.769804 
6.440000 	 0.837536 
6.460000 	 0.584071 
6.480000 	 0.719286 
6.500000 	 0.533274 
6.520000 	 0.834493 
6.540000 	 0.718386 
6.560000 	 0.723772 
6.580000 	 0.709837 
6.600000 	 0.755821 
6.620000 	 0.519554 
6.640000 	 0.571697 
6.660000 	 0.688121 
6.680000 	 0.793436 
6.700000 	 0.616344 
6.720000 	 0.334891 
6.740000 	 0.914219 
6.760000 	 0.585060 
6.780000 	 0.537094 
6.800000 	 0.579200 
6.820000 	 0.427185 
6.840000 	 0.707423 
6.860000 	 0.651197 
6.880000 	 0.609725 
6.900000 	 0.694704 
6.920000 	 0.646904 
6.940000 	 0.517026 
6.960000 	 0.606053 
6.980000 	 0.385885 
7.000000 	 0.787133 
7.020000 	 0.589367 
7.040000 	 0.564481 
7.060000 	 0.775444 
7.080000 	 0.437498 
7.100000 	 0.712852 
7.120000 	 0.346733 
7.140000 	 0.317311 
7.160000 	 0.373371 
7.180000 	 0.554272 
7.200000 	 0.278868 
7.220000 	 0.565602 
7.240000 	 0.410719 
7.260000 	 0.406699 
7.280000 	 0.386948 
7.300000 	 0.547395 
7.320000 	 0.401984 
7.340000 	 0.618328 
7.360000 	 0.046604 
7.380000 	 0.192673 
7.400000 	 0.215066 
7.420000 	 0.730085 
7.440000 	 0.571723 
7.460000 	 0.356285 
7.480000 	 0.094761 
7.500000 	 0.242422 
7.520000 	 0.362416 
7.540000 	 0.259748 
7.560000 	 0.328522 
7.580000 	 0.413768 
7.600000 	 0.297230 
7.620000 	 0.340378 
7.640000 	 0.491445 
7.660000 	 0.167107 
7.680000 	 0.173444 
7.700000 	 0.252299 
7.720000 	 0.188962 
7.740000 	 0.627796 
7.760000 	 0.409160 
7.780000 	 0.211082 
7.800000 	 0.311686 
7.820000 	 0.099263 
7.840000 	 0.306849 
7.860000 	 0.239258 
7.880000 	 0.482681 
7.900000 	 0.184368 
7.920000 	 0.267574 
7.940000 	 0.101522 
7.960000 	 0.274387 
7.980000 	 0.327862 
8.000000 	 0.326285 
8.020000 	 0.340118 
8.040000 	 0.204635 
8.060000 	 0.144525 
8.080000 	 0.447740 
8.100000 	 0.131800 
8.120000 	 0.298562 
8.140000 	 -0.214583 
8.160000 	 0.334139 
8.180000 	 0.173064 
8.200000 	 0.248671 
8.220000 	 0.152992 
8.240000 	 0.184720 
8.260000 	 0.187402 
8.280000 	 0.406029 
8.300000 	 -0.400000 
8.320000 	 0.066205 
8.340000 	 0.231493 
8.360000 	 0.114449 
8.380000 	 0.269202 
8.400000 	 0.267961 
8.420000 	 0.052413 
8.440000 	 0.186578 
8.460000 	 0.184707 
8.480000 	 0.097303 
8.500000 	 0.157802 
8.520000 	 0.241784 
8.540000 	 -0.194827 
8.560000 	 -0.017669 
8.580000 	 0.344732 
8.600000 	 0.058212 
8.620000 	 -0.004450 
8.640000 	 0.259229 
8.660000 	 -0.103911 
8.680000 	 0.051604 
8.700000 	 0.098992 
8.720000 	 0.143532 
8.740000 	 0.049432 
8.760000 	 0.129179 
8.780000 	 0.289588 
8.800000 	 0.033326 
8.820000 	 -0.020360 
8.840000 	 0.060643 
8.860000 	 -0.058285 
8.880000 	 0.034041 
8.900000 	 -0.089718 
8.920000 	 -0.142161 
8.940000 	 0.051542 
8.960000 	 0.242670 
8.980000 	 0.046892 
9.000000 	 0.053837 
9.020000 	 0.012510 
9.040000 	 0.076734 
9.060000 	 0.075545 
9.080000 	 0.173178 
9.100000 	 0.092685 
9.120000 	 0.144056 
9.140000 	 0.026580 
9.160000 	 0.078926 
9.180000 	 -0.185115 
9.200000 	 -0.071015 
9.220000 	 -0.018521 
9.240000 	 0.124594 
9.260000 	 0.177086 
9.280000 	 0.110624 
9.300000 	 0.255312 
9.320000 	 -0.099662 
9.340000 	 -0.097482 
9.360000 	 -0.164568 
9.380000 	 0.137344 
9.400000 	 0.007685 
9.420000 	 0.126718 
9.440000 	 0.113447 
9.460000 	 -0.268423 
9.480000 	 -0.197330 
9.500000 	 0.336354 
9.520000 	 0.380074 
9.540000 	 0.095894 
9.560000 	 0.118028 
9.580000 	 0.350418 
9.600000 	 0.063918 
9.620000 	 0.067919 
9.640000 	 0.129718 
9.660000 	 0.251117 
9.680000 	 -0.285361 
9.700000 	 -0.046675 
9.720000 	 -0.030416 
9.740000 	 -0.090937 
9.760000 	 0.003436 
9.780000 	 -0.064782 
9.800000 	 0.005090 
9.820000 	 0.021509 
9.840000 	 0.078625 
9.860000 	 -0.073051 
9.880000 	 -0.213164 
9.900000 	 0.103458 
9.920000 	 -0.123256 
9.940000 	 0.130171 
9.960000 	 0.224523 
9.980000 	 -0.270596 
10.000000 	 -0.026074 
10.020000 	 0.172128 
10.040000 	 0.081705 
10.060000 	 0.003145 
10.080000 	 0.196506 
10.100000 	 0.096403 
10.120000 	 0.235256 
10.140000 	 -0.077034 
10.160000 	 -0.009059 
10.180000 	 0.017328 
10.200000 	 0.019854 
10.220000 	 -0.001153 
10.240000 	 0.026390 
10.260000 	 0.088309 
10.280000 	 0.178726 
10.300000 	 0.028979 
10.320000 	 -0.027423 
10.340000 	 -0.058872 
10.360000 	 -0.204006 
10.380000 	 -0.004704 
10.400000 	 0.263211 
10.420000 	 -0.265717 
10.440000 	 -0.370925 
10.460000 	 -0.174029 
10.480000 	 -0.210711 
10.500000 	 -0.038934 
10.520000 	 -0.184520 
10.540000 	 0.009270 
10.560000 	 0.560900 
10.580000 	 0.127860 
10.600000 	 0.108674 
10.620000 	 -0.122160 
10.640000 	 0.186558 
10.660000 	 0.131369 
10.680000 	 0.062524 
10.700000 	 0.120456 
10.720000 	 -0.233517 
10.740000 	 0.402898 
10.760000 	 0.146810 
10.780000 	 -0.074211 
10.800000 	 -0.104241 
10.820000 	 0.297337 
10.840000 	 0.158836 
10.860000 	 -0.018697 
10.880000 	 -0.002154 
10.900000 	 -0.145168 
10.920000 	 0.020326 
10.940000 	 0.017294 
10.960000 	 0.087564 
10.980000 	 -0.077512 
11.000000 	 -0.053770 
11.020000 	 0.044509 
11.040000 	 -0.193204 
11.060000 	 -0.076018 
11.080000 	 -0.217563 
11.100000 	 -0.056301 
11.120000 	 0.033547 
11.140000 	 -0.061042 
11.160000 	 0.104873 
11.180000 	 -0.077414 
11.200000 	 -0.190961 
11.220000 	 -0.022289 
11.240000 	 0.040834 
11.260000 	 0.024637 
11.280000 	 0.285066 
11.300000 	 0.058986 
11.320000 	 0.141499 
11.340000 	 0.140205 
11.360000 	 -0.049262 
11.380000 	 0.106987 
11.400000 	 0.130698 
11.420000 	 -0.070064 
11.440000 	 0.077533 
11.460000 	 0.054574 
11.480000 	 -0.373693 
11.500000 	 -0.076570 
11.520000 	 -0.383365 
11.540000 	 -0.166978 
11.560000 	 0.016805 
11.580000 	 -0.272814 
11.600000 	 0.107567 
11.620000 	 0.112826 
11.640000 	 0.109246 
11.660000 	 0.302734 
11.680000 	 0.374430 
11.700000 	 0.162059 
11.720000 	 0.065094 
11.740000 	 0.031248 
11.760000 	 -0.046193 
11.780000 	 0.057187 
11.800000 	 -0.094234 
11.820000 	 -0.102760 
11.840000 	 -0.030626 
11.860000 	 -0.000318 
11.880000 	 -0.108688 
11.900000 	 0.019448 
11.920000 	 -0.137135 
11.940000 	 0.017161 
11.960000 	 0.052013 
11.980000 	 0.069987 
12.000000 	 0.101354 
12.020000 	 0.008735 
12.040000 	 0.037994 
12.060000 	 0.242862 
12.080000 	 -0.360099 
12.100000 	 -0.055024 
12.120000 	 0.082358 
12.140000 	 0.056510 
12.160000 	 0.090121 
12.180000 	 -0.094364 
12.200000 	 0.115259 
12.220000 	 0.151991 
12.240000 	 -0.150731 
12.260000 	 -0.083610 
12.280000 	 -0.118447 
12.300000 	 0.087418 
12.320000 	 0.232237 
12.340000 	 0.150859 
12.360000 	 -0.228820 
12.380000 	 0.011401 
12.400000 	 -0.089133 
12.420000 	 -0.034126 
12.440000 	 -0.800000 
12.460000 	 -0.145962 
12.480000 	 -0.060706 
12.500000 	 0.107534 
12.520000 	 -0.022135 
12.540000 	 -0.167462 
12.560000 	 0.075022 
12.580000 	 0.078446 
12.600000 	 -0.039192 
12.620000 	 -0.020842 
12.640000 	 -0.043052 
12.660000 	 0.212037 
12.680000 	 -0.048932 
12.700000 	 -0.140154 
12.720000 	 -0.048071 
12.740000 	 0.047923 
12.760000 	 0.220239 
12.780000 	 -0.162563 
12.800000 	 0.197732 
12.820000 	 0.061382 
12.840000 	 -0.053751 
12.860000 	 -0.034557 
12.880000 	 -0.056848 
12.900000 	 0.062736 
12.920000 	 -0.002003 
12.940000 	 -0.014264 
12.960000 	 -0.115032 
12.980000 	 0.216324 
13.000000 	 -0.210924 
13.020000 	 -0.102943 
13.040000 	 -0.150384 
13.060000 	 0.102455 
13.080000 	 0.009592 
13.100000 	 -0.119352 
13.120000 	 0.219782 
13.140000 	 -0.195670 
13.160000 	 0.030107 
13.180000 	 -0.372121 
13.200000 	 0.101180 
13.220000 	 0.352108 
13.240000 	 0.016024 
13.260000 	 0.060701 
13.280000 	 0.116565 
13.300000 	 0.009512 
13.320000 	 0.098015 
13.340000 	 -0.207807 
13.360000 	 0.114560 
13.380000 	 0.136538 
13.400000 	 -0.035047 
13.420000 	 -0.041257 
13.440000 	 0.211632 
13.460000 	 -0.130949 
13.480000 	 -0.141729 
13.500000 	 0.028742 
13.520000 	 -0.241910 
13.540000 	 0.034845 
13.560000 	 0.088959 
13.580000 	 -0.026334 
13.600000 	 0.014523 
13.620000 	 0.196539 
13.640000 	 -0.026051 
13.660000 	 -0.009193 
13.680000 	 -0.031908 
13.700000 	 0.033154 
13.720000 	 -0.091973 
13.740000 	 0.269731 
13.760000 	 -0.070903 
13.780000 	 0.044322 
13.800000 	 -0.272668 
13.820000 	 0.077738 
13.840000 	 -0.045736 
13.860000 	 -0.186808 
13.880000 	 -0.111047 
13.900000 	 0.009099 
13.920000 	 -0.087426 
13.940000 	 -0.505484 
13.960000 	 -0.152712 
13.980000 	 0.077013 
14.000000 	 0.218128 
14.020000 	 0.069432 
14.040000 	 0.048870 
14.060000 	 0.252504 
14.080000 	 -0.004317 
14.100000 	 0.175344 
14.120000 	 -0.082834 
14.140000 	 0.344381 
14.160000 	 -0.158843 
14.180000 	 -0.106834 
14.200000 	 -0.092182 
14.220000 	 0.016481 
14.240000 	 0.109866 
14.260000 	 0.143503 
14.280000 	 -0.075943 
14.300000 	 -0.047389 
14.320000 	 0.134068 
14.340000 	 -0.474953 
14.360000 	 0.010326 
14.380000 	 0.268527 
14.400000 	 0.178353 
14.420000 	 -0.204169 
14.440000 	 -0.141591 
14.460000 	 -0.133886 
14.480000 	 -0.190207 
14.500000 	 0.208734 
14.520000 	 0.142809 
14.540000 	 0.365113 
14.560000 	 0.213940 
14.580000 	 0.018212 
14.600000 	 0.110182 
14.620000 	 0.135367 
14.640000 	 0.171402 
14.660000 	 0.175035 
14.680000 	 -0.217734 
14.700000 	 -0.207401 
14.720000 	 -0.012396 
14.740000 	 0.003891 
14.760000 	 0.167037 
14.780000 	 -0.209227 
14.800000 	 -0.201871 
14.820000 	 -0.001766 
14.840000 	 -0.082460 
14.860000 	 -0.025912 
14.880000 	 -0.007936 
14.900000 	 0.074886 
14.920000 	 0.242340 
14.940000 	 0.097145 
14.960000 	 0.219974 
14.980000 	 0.345847 
15.000000 	 0.092118 
