-15.000000 	 0.141563 
-14.980000 	 0.067184 
-14.960000 	 0.193530 
-14.940000 	 -0.014146 
-14.920000 	 0.110253 
-14.900000 	 -0.152039 
-14.880000 	 -0.063118 
-14.860000 	 0.183873 
-14.840000 	 -0.113645 
-14.820000 	 -0.005890 
-14.800000 	 0.064272 
-14.780000 	 -0.217688 
-14.760000 	 -0.051114 
-14.740000 	 -0.114325 
-14.720000 	 -0.051668 
-14.700000 	 -0.095245 
-14.680000 	 -0.030366 
-14.660000 	 0.111028 
-14.640000 	 0.066470 
-14.620000 	 -0.102065 
-14.600000 	 0.162208 
-14.580000 	 -0.143903 
-14.560000 	 0.246975 
-14.540000 	 -0.019270 
-14.520000 	 0.080399 
-14.500000 	 -0.088750 
-14.480000 	 0.146640 
-14.460000 	 -0.065567 
-14.440000 	 -0.114776 
-14.420000 	 -0.070823 
-14.400000 	 -0.126456 
-14.380000 	 0.125652 
-14.360000 	 -0.060331 
-14.340000 	 0.148772 
-14.320000 	 -0.063906 
-14.300000 	 -0.136596 
-14.280000 	 -0.126609 
-14.260000 	 0.076843 
-14.240000 	 -0.054802 
-14.220000 	 0.017549 
-14.200000 	 -0.026778 
-14.180000 	 0.023708 
-14.160000 	 0.081991 
-14.140000 	 -0.146185 
-14.120000 	 0.022236 
-14.100000 	 0.273056 
-14.080000 	 0.134772 
-14.060000 	 0.046048 
-14.040000 	 -0.029051 
-14.020000 	 -0.083057 
-14.000000 	 0.083775 
-13.980000 	 -0.087668 
-13.960000 	 0.060500 
-13.940000 	 0.012517 
-13.920000 	 -0.207023 
-13.900000 	 0.147794 
-13.880000 	 0.019426 
-13.860000 	 0.088905 
-13.840000 	 0.020054 
-13.820000 	 0.128594 
-13.800000 	 -0.162365 
-13.780000 	 -0.001389 
-13.760000 	 0.298923 
-13.740000 	 -0.029147 
-13.720000 	 -0.342078 
-13.700000 	 0.043077 
-13.680000 	 -0.052056 
-13.660000 	 -0.113465 
-13.640000 	 -0.053744 
-13.620000 	 0.061737 
-13.600000 	 0.121131 
-13.580000 	 0.125891 
-13.560000 	 0.129725 
-13.540000 	 -0.058000 
-13.520000 	 0.093821 
-13.500000 	 0.163037 
-13.480000 	 0.096856 
-13.460000 	 -0.011989 
-13.440000 	 -0.056701 
-13.420000 	 0.200849 
-13.400000 	 -0.104704 
-13.380000 	 0.048263 
-13.360000 	 -0.009591 
-13.340000 	 0.165963 
-13.320000 	 -0.312109 
-13.300000 	 0.225103 
-13.280000 	 -0.282273 
-13.260000 	 0.105201 
-13.240000 	 0.015862 
-13.220000 	 0.078636 
-13.200000 	 0.016169 
-13.180000 	 0.157391 
-13.160000 	 -0.003434 
-13.140000 	 -0.147707 
-13.120000 	 0.196162 
-13.100000 	 0.349038 
-13.080000 	 0.039427 
-13.060000 	 0.056430 
-13.040000 	 -0.000840 
-13.020000 	 -0.235321 
-13.000000 	 0.015513 
-12.980000 	 -0.202058 
-12.960000 	 0.065835 
-12.940000 	 0.141452 
-12.920000 	 -0.233885 
-12.900000 	 0.010983 
-12.880000 	 0.023586 
-12.860000 	 0.303910 
-12.840000 	 -0.084458 
-12.820000 	 -0.099342 
-12.800000 	 -0.063468 
-12.780000 	 -0.219963 
-12.760000 	 0.024069 
-12.740000 	 0.005277 
-12.720000 	 0.033051 
-12.700000 	 0.161513 
-12.680000 	 -0.026844 
-12.660000 	 0.102683 
-12.640000 	 0.059305 
-12.620000 	 0.057276 
-12.600000 	 0.232164 
-12.580000 	 -0.174907 
-12.560000 	 -0.132517 
-12.540000 	 -0.111143 
-12.520000 	 -0.084834 
-12.500000 	 0.218335 
-12.480000 	 -0.149525 
-12.460000 	 -0.050112 
-12.440000 	 -0.004719 
-12.420000 	 0.215565 
-12.400000 	 0.090302 
-12.380000 	 0.136564 
-12.360000 	 0.247732 
-12.340000 	 -0.049842 
-12.320000 	 0.242846 
-12.300000 	 0.243231 
-12.280000 	 0.058651 
-12.260000 	 0.065709 
-12.240000 	 0.186473 
-12.220000 	 0.131585 
-12.200000 	 -0.021729 
-12.180000 	 0.087635 
-12.160000 	 0.034101 
-12.140000 	 -0.108695 
-12.120000 	 -0.081111 
-12.100000 	 0.125952 
-12.080000 	 -0.001672 
-12.060000 	 -0.022654 
-12.040000 	 0.425817 
-12.020000 	 0.001331 
-12.000000 	 0.133617 
-11.980000 	 -0.328754 
-11.960000 	 0.057940 
-11.940000 	 -0.029353 
-11.920000 	 -0.234252 
-11.900000 	 -0.033120 
-11.880000 	 -0.022287 
-11.860000 	 -0.060078 
-11.840000 	 -0.179402 
-11.820000 	 0.125117 
-11.800000 	 0.023948 
-11.780000 	 0.041740 
-11.760000 	 -0.114885 
-11.740000 	 0.020837 
-11.720000 	 0.083527 
-11.700000 	 0.120828 
-11.680000 	 -0.186050 
-11.660000 	 -0.040802 
-11.640000 	 -0.157566 
-11.620000 	 0.206396 
-11.600000 	 -0.080655 
-11.580000 	 0.115039 
-11.560000 	 -0.008678 
-11.540000 	 -0.600000 
-11.520000 	 0.027750 
-11.500000 	 0.017042 
-11.480000 	 -0.170948 
-11.460000 	 -0.230159 
-11.440000 	 -0.081593 
-11.420000 	 0.004438 
-11.400000 	 0.209202 
-11.380000 	 -0.281862 
-11.360000 	 0.171402 
-11.340000 	 -0.088587 
-11.320000 	 0.160747 
-11.300000 	 0.196792 
-11.280000 	 0.400969 
-11.260000 	 -0.273548 
-11.240000 	 0.076380 
-11.220000 	 0.002823 
-11.200000 	 0.360487 
-11.180000 	 0.226532 
-11.160000 	 0.345303 
-11.140000 	 -0.062473 
-11.120000 	 0.071986 
-11.100000 	 -0.041551 
-11.080000 	 -0.002239 
-11.060000 	 -0.081267 
-11.040000 	 -0.176995 
-11.020000 	 -0.048324 
-11.000000 	 -0.136128 
-10.980000 	 0.180510 
-10.960000 	 0.002793 
-10.940000 	 -0.289613 
-10.920000 	 0.174556 
-10.900000 	 -0.112017 
-10.880000 	 0.119417 
-10.860000 	 -0.179109 
-10.840000 	 0.106481 
-10.820000 	 0.283219 
-10.800000 	 -0.211752 
-10.780000 	 -0.413827 
-10.760000 	 -0.065497 
-10.740000 	 0.216125 
-10.720000 	 -0.185994 
-10.700000 	 -0.046008 
-10.680000 	 0.071084 
-10.660000 	 0.220387 
-10.640000 	 -0.377119 
-10.620000 	 -0.101541 
-10.600000 	 -0.174959 
-10.580000 	 0.083562 
-10.560000 	 -0.026390 
-10.540000 	 -0.084296 
-10.520000 	 -0.009001 
-10.500000 	 0.069626 
-10.480000 	 -0.184618 
-10.460000 	 0.013244 
-10.440000 	 -0.056352 
-10.420000 	 -0.132087 
-10.400000 	 -0.009252 
-10.380000 	 0.070635 
-10.360000 	 0.092613 
-10.340000 	 -0.001962 
-10.320000 	 -0.109558 
-10.300000 	 0.159973 
-10.280000 	 -0.063751 
-10.260000 	 0.149857 
-10.240000 	 0.211334 
-10.220000 	 -0.258512 
-10.200000 	 -0.105390 
-10.180000 	 0.171920 
-10.160000 	 -0.282988 
-10.140000 	 0.005470 
-10.120000 	 0.095844 
-10.100000 	 -0.078642 
-10.080000 	 -0.229183 
-10.060000 	 -0.032235 
-10.040000 	 -0.204050 
-10.020000 	 0.044087 
-10.000000 	 -0.051096 
-9.980000 	 -0.263906 
-9.960000 	 -0.001413 
-9.940000 	 0.166357 
-9.920000 	 0.030336 
-9.900000 	 -0.361952 
-9.880000 	 0.034876 
-9.860000 	 0.099060 
-9.840000 	 0.344010 
-9.820000 	 0.081773 
-9.800000 	 0.123575 
-9.780000 	 0.045381 
-9.760000 	 -0.044149 
-9.740000 	 -0.146565 
-9.720000 	 0.096462 
-9.700000 	 -0.079536 
-9.680000 	 -0.168426 
-9.660000 	 0.212475 
-9.640000 	 -0.022059 
-9.620000 	 -0.073135 
-9.600000 	 -0.128727 
-9.580000 	 -0.123887 
-9.560000 	 -0.069118 
-9.540000 	 -0.237576 
-9.520000 	 -0.061924 
-9.500000 	 0.187265 
-9.480000 	 -0.187973 
-9.460000 	 -0.004796 
-9.440000 	 0.045131 
-9.420000 	 -0.042386 
-9.400000 	 -0.125064 
-9.380000 	 0.062808 
-9.360000 	 -0.003396 
-9.340000 	 -0.345692 
-9.320000 	 0.185150 
-9.300000 	 -0.101084 
-9.280000 	 -0.047717 
-9.260000 	 -0.057726 
-9.240000 	 -0.129050 
-9.220000 	 0.077645 
-9.200000 	 0.028779 
-9.180000 	 0.187305 
-9.160000 	 -0.076441 
-9.140000 	 0.111782 
-9.120000 	 0.007358 
-9.100000 	 -0.011463 
-9.080000 	 0.039715 
-9.060000 	 0.148526 
-9.040000 	 -0.173526 
-9.020000 	 0.222011 
-9.000000 	 -0.024771 
-8.980000 	 -0.034797 
-8.960000 	 0.015380 
-8.940000 	 0.127262 
-8.920000 	 0.168491 
-8.900000 	 -0.146913 
-8.880000 	 -0.191265 
-8.860000 	 -0.054709 
-8.840000 	 0.285939 
-8.820000 	 0.169179 
-8.800000 	 0.335165 
-8.780000 	 -0.025200 
-8.760000 	 0.070115 
-8.740000 	 -0.023641 
-8.720000 	 0.376230 
-8.700000 	 -0.153264 
-8.680000 	 0.282253 
-8.660000 	 0.081111 
-8.640000 	 -0.265470 
-8.620000 	 -0.000011 
-8.600000 	 -0.131876 
-8.580000 	 0.176801 
-8.560000 	 0.066832 
-8.540000 	 0.074909 
-8.520000 	 -0.119673 
-8.500000 	 0.055806 
-8.480000 	 0.074086 
-8.460000 	 0.031823 
-8.440000 	 -0.140852 
-8.420000 	 0.130895 
-8.400000 	 -0.035848 
-8.380000 	 0.130218 
-8.360000 	 -0.043437 
-8.340000 	 0.027979 
-8.320000 	 0.082493 
-8.300000 	 -0.261133 
-8.280000 	 -0.017364 
-8.260000 	 0.134481 
-8.240000 	 -0.106508 
-8.220000 	 -0.160672 
-8.200000 	 -0.081583 
-8.180000 	 0.096883 
-8.160000 	 -0.095709 
-8.140000 	 0.200640 
-8.120000 	 0.121981 
-8.100000 	 -0.088283 
-8.080000 	 0.083440 
-8.060000 	 -0.040837 
-8.040000 	 -0.080561 
-8.020000 	 0.154289 
-8.000000 	 0.172788 
-7.980000 	 0.100187 
-7.960000 	 -0.158827 
-7.940000 	 -0.118776 
-7.920000 	 0.068961 
-7.900000 	 0.166646 
-7.880000 	 0.104305 
-7.860000 	 -0.174564 
-7.840000 	 0.103932 
-7.820000 	 -0.270432 
-7.800000 	 0.176861 
-7.780000 	 0.151769 
-7.760000 	 0.030450 
-7.740000 	 0.055925 
-7.720000 	 0.007818 
-7.700000 	 -0.129083 
-7.680000 	 -0.027733 
-7.660000 	 -0.123408 
-7.640000 	 0.028518 
-7.620000 	 -0.143307 
-7.600000 	 -0.024909 
-7.580000 	 0.213087 
-7.560000 	 0.134126 
-7.540000 	 0.111955 
-7.520000 	 0.132309 
-7.500000 	 0.032655 
-7.480000 	 0.054225 
-7.460000 	 0.045634 
-7.440000 	 0.317315 
-7.420000 	 0.115451 
-7.400000 	 -0.175802 
-7.380000 	 0.389787 
-7.360000 	 0.362005 
-7.340000 	 0.144533 
-7.320000 	 -0.194423 
-7.300000 	 0.150801 
-7.280000 	 -0.035414 
-7.260000 	 0.150450 
-7.240000 	 -0.026140 
-7.220000 	 -0.176863 
-7.200000 	 -0.066639 
-7.180000 	 0.219034 
-7.160000 	 0.142426 
-7.140000 	 0.092297 
-7.120000 	 -0.165299 
-7.100000 	 0.311025 
-7.080000 	 0.229114 
-7.060000 	 0.309965 
-7.040000 	 0.046563 
-7.020000 	 0.040120 
-7.000000 	 0.270989 
-6.980000 	 -0.187306 
-6.960000 	 0.194808 
-6.940000 	 0.331016 
-6.920000 	 0.122438 
-6.900000 	 -0.075158 
-6.880000 	 0.410082 
-6.860000 	 0.334518 
-6.840000 	 0.057308 
-6.820000 	 0.184043 
-6.800000 	 0.356580 
-6.780000 	 -0.143246 
-6.760000 	 0.020628 
-6.740000 	 0.164497 
-6.720000 	 -0.009903 
-6.700000 	 -0.103962 
-6.680000 	 0.456362 
-6.660000 	 0.020336 
-6.640000 	 0.040966 
-6.620000 	 0.406446 
-6.600000 	 0.063842 
-6.580000 	 -0.003889 
-6.560000 	 0.152673 
-6.540000 	 0.253707 
-6.520000 	 0.020721 
-6.500000 	 -0.237531 
-6.480000 	 -0.142856 
-6.460000 	 0.221126 
-6.440000 	 0.231097 
-6.420000 	 0.171715 
-6.400000 	 0.536669 
-6.380000 	 -0.055883 
-6.360000 	 0.172760 
-6.340000 	 0.233389 
-6.320000 	 -0.092611 
-6.300000 	 0.047060 
-6.280000 	 -0.016662 
-6.260000 	 0.263130 
-6.240000 	 0.230471 
-6.220000 	 0.370681 
-6.200000 	 0.229755 
-6.180000 	 -0.207675 
-6.160000 	 0.315151 
-6.140000 	 0.011304 
-6.120000 	 0.358586 
-6.100000 	 -0.083600 
-6.080000 	 0.306534 
-6.060000 	 0.111300 
-6.040000 	 0.167127 
-6.020000 	 0.184939 
-6.000000 	 0.142599 
-5.980000 	 0.366489 
-5.960000 	 0.279685 
-5.940000 	 0.122909 
-5.920000 	 0.331854 
-5.900000 	 -0.023122 
-5.880000 	 0.352873 
-5.860000 	 0.252057 
-5.840000 	 0.280975 
-5.820000 	 0.102808 
-5.800000 	 0.060443 
-5.780000 	 0.140339 
-5.760000 	 0.219861 
-5.740000 	 0.227830 
-5.720000 	 0.019195 
-5.700000 	 0.377275 
-5.680000 	 0.105729 
-5.660000 	 0.140436 
-5.640000 	 0.371142 
-5.620000 	 0.327236 
-5.600000 	 0.380807 
-5.580000 	 0.326517 
-5.560000 	 0.437177 
-5.540000 	 0.289770 
-5.520000 	 0.303145 
-5.500000 	 0.419599 
-5.480000 	 0.479448 
-5.460000 	 0.149278 
-5.440000 	 0.365909 
-5.420000 	 0.202701 
-5.400000 	 0.330743 
-5.380000 	 0.237306 
-5.360000 	 0.371231 
-5.340000 	 0.101938 
-5.320000 	 0.519447 
-5.300000 	 0.442798 
-5.280000 	 0.398188 
-5.260000 	 0.213356 
-5.240000 	 0.271418 
-5.220000 	 0.544975 
-5.200000 	 0.638269 
-5.180000 	 0.057696 
-5.160000 	 0.727705 
-5.140000 	 0.343481 
-5.120000 	 0.321825 
-5.100000 	 0.400295 
-5.080000 	 0.342149 
-5.060000 	 0.278455 
-5.040000 	 0.588136 
-5.020000 	 0.748475 
-5.000000 	 0.363938 
-4.980000 	 0.316281 
-4.960000 	 0.425246 
-4.940000 	 0.451747 
-4.920000 	 0.216132 
-4.900000 	 0.740033 
-4.880000 	 0.339694 
-4.860000 	 0.474310 
-4.840000 	 0.607086 
-4.820000 	 0.452905 
-4.800000 	 0.451389 
-4.780000 	 0.371787 
-4.760000 	 0.349237 
-4.740000 	 0.656638 
-4.720000 	 0.018165 
-4.700000 	 0.270664 
-4.680000 	 0.454733 
-4.660000 	 0.599348 
-4.640000 	 0.660427 
-4.620000 	 0.353431 
-4.600000 	 0.569401 
-4.580000 	 0.539983 
-4.560000 	 0.409796 
-4.540000 	 0.607952 
-4.520000 	 0.418738 
-4.500000 	 0.442542 
-4.480000 	 0.275131 
-4.460000 	 0.391196 
-4.440000 	 0.429653 
-4.420000 	 0.251479 
-4.400000 	 0.539408 
-4.380000 	 0.523923 
-4.360000 	 0.832160 
-4.340000 	 0.385979 
-4.320000 	 0.326823 
-4.300000 	 0.368383 
-4.280000 	 0.590420 
-4.260000 	 0.413102 
-4.240000 	 0.429414 
-4.220000 	 0.312508 
-4.200000 	 0.502241 
-4.180000 	 0.341522 
-4.160000 	 0.548186 
-4.140000 	 0.411995 
-4.120000 	 0.774459 
-4.100000 	 0.253946 
-4.080000 	 0.495274 
-4.060000 	 0.630744 
-4.040000 	 0.706706 
-4.020000 	 0.479166 
-4.000000 	 0.542566 
-3.980000 	 0.679229 
-3.960000 	 0.420719 
-3.940000 	 0.610843 
-3.920000 	 0.423585 
-3.900000 	 0.600438 
-3.880000 	 0.531394 
-3.860000 	 0.495610 
-3.840000 	 0.482411 
-3.820000 	 0.560345 
-3.800000 	 0.682922 
-3.780000 	 0.696320 
-3.760000 	 0.695378 
-3.740000 	 0.213635 
-3.720000 	 0.814010 
-3.700000 	 0.434091 
-3.680000 	 0.340325 
-3.660000 	 0.715839 
-3.640000 	 0.716588 
-3.620000 	 0.533985 
-3.600000 	 0.372426 
-3.580000 	 0.647019 
-3.560000 	 0.413618 
-3.540000 	 0.555208 
-3.520000 	 0.444766 
-3.500000 	 0.437711 
-3.480000 	 0.472397 
-3.460000 	 0.612416 
-3.440000 	 0.502800 
-3.420000 	 0.420898 
-3.400000 	 0.532287 
-3.380000 	 0.391602 
-3.360000 	 0.470439 
-3.340000 	 0.176729 
-3.320000 	 0.458586 
-3.300000 	 0.569289 
-3.280000 	 0.612700 
-3.260000 	 0.169984 
-3.240000 	 0.668795 
-3.220000 	 0.520107 
-3.200000 	 0.083160 
-3.180000 	 0.335564 
-3.160000 	 0.442313 
-3.140000 	 0.710100 
-3.120000 	 0.470340 
-3.100000 	 0.396738 
-3.080000 	 0.307204 
-3.060000 	 0.541041 
-3.040000 	 0.688510 
-3.020000 	 0.283224 
-3.000000 	 0.099059 
-2.980000 	 0.243310 
-2.960000 	 0.470470 
-2.940000 	 0.500457 
-2.920000 	 0.440486 
-2.900000 	 0.295477 
-2.880000 	 0.462600 
-2.860000 	 0.545364 
-2.840000 	 0.446087 
-2.820000 	 0.737379 
-2.800000 	 0.592399 
-2.780000 	 0.650928 
-2.760000 	 0.341340 
-2.740000 	 0.194332 
-2.720000 	 0.274936 
-2.700000 	 0.426400 
-2.680000 	 0.547164 
-2.660000 	 0.294422 
-2.640000 	 0.217920 
-2.620000 	 0.040985 
-2.600000 	 0.091352 
-2.580000 	 0.569434 
-2.560000 	 0.262940 
-2.540000 	 0.559327 
-2.520000 	 0.303127 
-2.500000 	 0.288388 
-2.480000 	 0.271075 
-2.460000 	 0.081175 
-2.440000 	 0.488283 
-2.420000 	 0.210300 
-2.400000 	 0.259627 
-2.380000 	 0.477743 
-2.360000 	 0.144311 
-2.340000 	 0.447280 
-2.320000 	 0.431567 
-2.300000 	 0.341314 
-2.280000 	 0.173736 
-2.260000 	 0.300254 
-2.240000 	 0.367041 
-2.220000 	 0.343914 
-2.200000 	 0.437238 
-2.180000 	 0.353747 
-2.160000 	 0.540493 
-2.140000 	 0.391243 
-2.120000 	 0.276464 
-2.100000 	 0.117014 
-2.080000 	 0.364361 
-2.060000 	 0.361368 
-2.040000 	 0.313206 
-2.020000 	 0.039469 
-2.000000 	 0.196346 
-1.980000 	 0.061683 
-1.960000 	 0.318062 
-1.940000 	 0.467172 
-1.920000 	 0.033898 
-1.900000 	 0.256361 
-1.880000 	 0.379939 
-1.860000 	 0.507384 
-1.840000 	 0.084477 
-1.820000 	 0.196385 
-1.800000 	 0.587087 
-1.780000 	 -0.099870 
-1.760000 	 -0.094141 
-1.740000 	 0.097516 
-1.720000 	 0.267640 
-1.700000 	 0.139663 
-1.680000 	 0.109037 
-1.660000 	 0.295404 
-1.640000 	 0.283628 
-1.620000 	 -0.037808 
-1.600000 	 0.209821 
-1.580000 	 0.203022 
-1.560000 	 0.012931 
-1.540000 	 0.421205 
-1.520000 	 0.069161 
-1.500000 	 0.218060 
-1.480000 	 0.153505 
-1.460000 	 0.135495 
-1.440000 	 0.198414 
-1.420000 	 0.028603 
-1.400000 	 0.102221 
-1.380000 	 -0.136718 
-1.360000 	 0.033066 
-1.340000 	 0.406213 
-1.320000 	 0.256583 
-1.300000 	 0.268667 
-1.280000 	 -0.025572 
-1.260000 	 -0.002193 
-1.240000 	 0.017044 
-1.220000 	 -0.122231 
-1.200000 	 0.278280 
-1.180000 	 0.102787 
-1.160000 	 0.096204 
-1.140000 	 0.386889 
-1.120000 	 0.274687 
-1.100000 	 0.534396 
-1.080000 	 -0.001600 
-1.060000 	 0.139999 
-1.040000 	 0.199252 
-1.020000 	 0.247302 
-1.000000 	 0.332498 
-0.980000 	 0.353092 
-0.960000 	 0.224968 
-0.940000 	 -0.003012 
-0.920000 	 0.086183 
-0.900000 	 0.124635 
-0.880000 	 0.203441 
-0.860000 	 0.170019 
-0.840000 	 0.167968 
-0.820000 	 -0.069884 
-0.800000 	 0.014769 
-0.780000 	 0.453359 
-0.760000 	 0.288305 
-0.740000 	 0.340709 
-0.720000 	 0.134619 
-0.700000 	 0.222256 
-0.680000 	 0.323970 
-0.660000 	 0.097260 
-0.640000 	 0.125741 
-0.620000 	 0.068698 
-0.600000 	 0.276324 
-0.580000 	 0.005643 
-0.560000 	 0.013675 
-0.540000 	 0.194499 
-0.520000 	 0.286436 
-0.500000 	 -0.138944 
-0.480000 	 0.056093 
-0.460000 	 -0.001914 
-0.440000 	 0.314370 
-0.420000 	 0.104734 
-0.400000 	 0.498276 
-0.380000 	 0.095184 
-0.360000 	 -0.015741 
-0.340000 	 0.444000 
-0.320000 	 -0.107955 
-0.300000 	 0.383638 
-0.280000 	 -0.082137 
-0.260000 	 0.046367 
-0.240000 	 0.150696 
-0.220000 	 0.233268 
-0.200000 	 0.263978 
-0.180000 	 0.173863 
-0.160000 	 0.163226 
-0.140000 	 0.236500 
-0.120000 	 0.356512 
-0.100000 	 0.399189 
-0.080000 	 0.111742 
-0.060000 	 0.294435 
-0.040000 	 0.193022 
-0.020000 	 0.161901 
0.000000 	 0.112252 
0.020000 	 0.465107 
0.040000 	 0.253524 
0.060000 	 0.275687 
0.080000 	 0.559196 
0.100000 	 0.100781 
0.120000 	 0.394754 
0.140000 	 0.159430 
0.160000 	 0.361224 
0.180000 	 0.218946 
0.200000 	 0.334732 
0.220000 	 0.589093 
0.240000 	 0.363408 
0.260000 	 0.318804 
0.280000 	 0.328885 
0.300000 	 0.300604 
0.320000 	 0.334801 
0.340000 	 0.134357 
0.360000 	 0.384726 
0.380000 	 0.286259 
0.400000 	 0.571591 
0.420000 	 0.386940 
0.440000 	 0.168025 
0.460000 	 0.475661 
0.480000 	 0.172527 
0.500000 	 0.229393 
0.520000 	 0.386998 
0.540000 	 0.303239 
0.560000 	 0.707610 
0.580000 	 0.391515 
0.600000 	 0.234320 
0.620000 	 0.484209 
0.640000 	 0.558507 
0.660000 	 0.316491 
0.680000 	 0.496848 
0.700000 	 0.268722 
0.720000 	 0.218904 
0.740000 	 0.289155 
0.760000 	 0.738646 
0.780000 	 0.613389 
0.800000 	 0.401200 
0.820000 	 0.448281 
0.840000 	 0.489343 
0.860000 	 0.526615 
0.880000 	 0.373403 
0.900000 	 0.520386 
0.920000 	 0.522868 
0.940000 	 0.344768 
0.960000 	 0.344138 
0.980000 	 0.349650 
1.000000 	 0.642537 
1.020000 	 0.396488 
1.040000 	 0.578324 
1.060000 	 0.575484 
1.080000 	 0.673280 
1.100000 	 0.475061 
1.120000 	 0.547168 
1.140000 	 0.573619 
1.160000 	 0.943805 
1.180000 	 0.761525 
1.200000 	 0.655229 
1.220000 	 0.615175 
1.240000 	 0.580027 
1.260000 	 0.634715 
1.280000 	 0.604622 
1.300000 	 0.813480 
1.320000 	 0.741008 
1.340000 	 0.666885 
1.360000 	 0.587399 
1.380000 	 0.541904 
1.400000 	 0.590171 
1.420000 	 0.769369 
1.440000 	 0.703312 
1.460000 	 0.777341 
1.480000 	 0.861714 
1.500000 	 0.675968 
1.520000 	 0.838889 
1.540000 	 0.789652 
1.560000 	 0.627139 
1.580000 	 0.662385 
1.600000 	 0.839830 
1.620000 	 1.052667 
1.640000 	 0.891496 
1.660000 	 0.419466 
1.680000 	 0.856644 
1.700000 	 0.489475 
1.720000 	 0.899577 
1.740000 	 0.827288 
1.760000 	 1.001448 
1.780000 	 1.296180 
1.800000 	 0.787099 
1.820000 	 0.811331 
1.840000 	 0.862851 
1.860000 	 0.844709 
1.880000 	 0.896225 
1.900000 	 0.900265 
1.920000 	 0.950363 
1.940000 	 0.922814 
1.960000 	 0.912380 
1.980000 	 0.830801 
2.000000 	 0.958890 
2.020000 	 1.094961 
2.040000 	 0.619370 
2.060000 	 1.034229 
2.080000 	 1.136996 
2.100000 	 1.234863 
2.120000 	 1.039575 
2.140000 	 1.310531 
2.160000 	 1.038932 
2.180000 	 1.135731 
2.200000 	 1.052993 
2.220000 	 0.982088 
2.240000 	 1.019940 
2.260000 	 1.136902 
2.280000 	 1.160559 
2.300000 	 1.199241 
2.320000 	 1.051258 
2.340000 	 0.961602 
2.360000 	 1.032586 
2.380000 	 1.076327 
2.400000 	 1.348934 
2.420000 	 1.177818 
2.440000 	 1.265643 
2.460000 	 1.272459 
2.480000 	 1.242169 
2.500000 	 0.976703 
2.520000 	 1.222889 
2.540000 	 1.313346 
2.560000 	 1.415435 
2.580000 	 1.292719 
2.600000 	 1.232628 
2.620000 	 1.074856 
2.640000 	 1.367468 
2.660000 	 1.110070 
2.680000 	 1.450111 
2.700000 	 1.403876 
2.720000 	 1.246914 
2.740000 	 1.250408 
2.760000 	 1.247249 
2.780000 	 1.330412 
2.800000 	 1.435816 
2.820000 	 1.325454 
2.840000 	 1.259179 
2.860000 	 1.201072 
2.880000 	 1.457738 
2.900000 	 1.323498 
2.920000 	 1.150636 
2.940000 	 1.160403 
2.960000 	 1.446692 
2.980000 	 1.335731 
3.000000 	 1.358968 
3.020000 	 1.407087 
3.040000 	 1.470835 
3.060000 	 1.502382 
3.080000 	 1.205380 
3.100000 	 1.502150 
3.120000 	 1.284708 
3.140000 	 1.572217 
3.160000 	 1.633520 
3.180000 	 1.374295 
3.200000 	 1.491013 
3.220000 	 1.490464 
3.240000 	 1.504631 
3.260000 	 1.445952 
3.280000 	 1.395393 
3.300000 	 1.573432 
3.320000 	 1.352242 
3.340000 	 1.530732 
3.360000 	 1.657909 
3.380000 	 1.388799 
3.400000 	 1.651885 
3.420000 	 1.396967 
3.440000 	 1.239820 
3.460000 	 1.729668 
3.480000 	 1.188822 
3.500000 	 1.804953 
3.520000 	 1.385745 
3.540000 	 1.620974 
3.560000 	 1.697712 
3.580000 	 1.586606 
3.600000 	 1.334397 
3.620000 	 1.457483 
3.640000 	 1.450710 
3.660000 	 1.533521 
3.680000 	 1.494007 
3.700000 	 1.561796 
3.720000 	 1.683717 
3.740000 	 1.472432 
3.760000 	 1.725770 
3.780000 	 1.454888 
3.800000 	 1.666691 
3.820000 	 1.386308 
3.840000 	 1.462003 
3.860000 	 1.627748 
3.880000 	 1.522148 
3.900000 	 1.714694 
3.920000 	 1.495374 
3.940000 	 1.530866 
3.960000 	 1.786045 
3.980000 	 1.583623 
4.000000 	 1.659424 
4.020000 	 1.604851 
4.040000 	 1.465298 
4.060000 	 1.959247 
4.080000 	 1.534432 
4.100000 	 1.857389 
4.120000 	 1.556839 
4.140000 	 1.553076 
4.160000 	 1.309794 
4.180000 	 1.516687 
4.200000 	 1.464338 
4.220000 	 1.752666 
4.240000 	 1.578731 
4.260000 	 1.476973 
4.280000 	 1.630114 
4.300000 	 1.760688 
4.320000 	 1.298851 
4.340000 	 1.659344 
4.360000 	 1.410464 
4.380000 	 1.701712 
4.400000 	 1.419431 
4.420000 	 1.834830 
4.440000 	 1.628591 
4.460000 	 1.711370 
4.480000 	 1.562384 
4.500000 	 1.456182 
4.520000 	 1.546434 
4.540000 	 1.706835 
4.560000 	 1.543031 
4.580000 	 1.787580 
4.600000 	 1.669916 
4.620000 	 1.416016 
4.640000 	 1.286447 
4.660000 	 1.448263 
4.680000 	 1.654884 
4.700000 	 1.704136 
4.720000 	 1.300150 
4.740000 	 1.467369 
4.760000 	 1.561102 
4.780000 	 1.550727 
4.800000 	 1.534750 
4.820000 	 1.639763 
4.840000 	 1.347246 
4.860000 	 1.511218 
4.880000 	 1.306540 
4.900000 	 1.457386 
4.920000 	 1.535583 
4.940000 	 1.367221 
4.960000 	 1.304307 
4.980000 	 1.525630 
5.000000 	 1.239820 
5.020000 	 1.128223 
5.040000 	 1.356357 
5.060000 	 1.383785 
5.080000 	 1.440582 
5.100000 	 1.199625 
5.120000 	 1.420795 
5.140000 	 1.460702 
5.160000 	 1.112079 
5.180000 	 1.371419 
5.200000 	 0.918981 
5.220000 	 1.348068 
5.240000 	 1.280722 
5.260000 	 1.416048 
5.280000 	 1.308529 
5.300000 	 1.112913 
5.320000 	 1.568431 
5.340000 	 1.397618 
5.360000 	 1.299915 
5.380000 	 1.190778 
5.400000 	 1.186490 
5.420000 	 1.178162 
5.440000 	 1.284156 
5.460000 	 1.252601 
5.480000 	 1.236235 
5.500000 	 1.215997 
5.520000 	 1.439103 
5.540000 	 1.330868 
5.560000 	 1.304123 
5.580000 	 1.107745 
5.600000 	 1.286131 
5.620000 	 1.203273 
5.640000 	 0.918530 
5.660000 	 0.959897 
5.680000 	 1.329548 
5.700000 	 1.000854 
5.720000 	 0.925322 
5.740000 	 0.946517 
5.760000 	 0.841148 
5.780000 	 1.062289 
5.800000 	 1.081242 
5.820000 	 0.948434 
5.840000 	 0.992306 
5.860000 	 1.250461 
5.880000 	 1.140817 
5.900000 	 0.742602 
5.920000 	 1.100289 
5.940000 	 1.109853 
5.960000 	 1.198792 
5.980000 	 1.102841 
6.000000 	 0.590963 
6.020000 	 0.796410 
6.040000 	 0.781770 
6.060000 	 0.915182 
6.080000 	 1.050621 
6.100000 	 1.080390 
6.120000 	 1.025945 
6.140000 	 1.169919 
6.160000 	 0.941511 
6.180000 	 0.653633 
6.200000 	 0.697120 
6.220000 	 0.886438 
6.240000 	 0.947041 
6.260000 	 1.039649 
6.280000 	 0.932290 
6.300000 	 0.959363 
6.320000 	 0.726741 
6.340000 	 0.726833 
6.360000 	 0.700630 
6.380000 	 0.659714 
6.400000 	 0.663893 
6.420000 	 0.705076 
6.440000 	 0.849086 
6.460000 	 0.792052 
6.480000 	 0.610404 
6.500000 	 0.738632 
6.520000 	 0.691285 
6.540000 	 0.898990 
6.560000 	 0.778116 
6.580000 	 0.715722 
6.600000 	 0.748487 
6.620000 	 0.798959 
6.640000 	 0.853564 
6.660000 	 0.768672 
6.680000 	 0.785257 
6.700000 	 0.703777 
6.720000 	 0.748419 
6.740000 	 0.720603 
6.760000 	 0.548940 
6.780000 	 0.808910 
6.800000 	 0.683978 
6.820000 	 0.479378 
6.840000 	 0.407767 
6.860000 	 0.441217 
6.880000 	 0.645112 
6.900000 	 0.756527 
6.920000 	 0.265662 
6.940000 	 0.382224 
6.960000 	 0.871560 
6.980000 	 0.315939 
7.000000 	 0.590095 
7.020000 	 0.591032 
7.040000 	 0.580011 
7.060000 	 0.421199 
7.080000 	 0.457092 
7.100000 	 0.455529 
7.120000 	 0.597746 
7.140000 	 0.536591 
7.160000 	 0.631940 
7.180000 	 0.375756 
7.200000 	 0.328735 
7.220000 	 0.478416 
7.240000 	 0.424458 
7.260000 	 0.316131 
7.280000 	 0.485867 
7.300000 	 0.573231 
7.320000 	 0.429235 
7.340000 	 0.186131 
7.360000 	 0.449294 
7.380000 	 0.571606 
7.400000 	 0.109883 
7.420000 	 0.593088 
7.440000 	 0.425147 
7.460000 	 0.381073 
7.480000 	 0.655524 
7.500000 	 0.470740 
7.520000 	 0.267747 
7.540000 	 0.240234 
7.560000 	 0.571909 
7.580000 	 0.367576 
7.600000 	 0.252493 
7.620000 	 0.197182 
7.640000 	 0.289538 
7.660000 	 0.364680 
7.680000 	 0.037089 
7.700000 	 0.594517 
7.720000 	 0.211742 
7.740000 	 0.340385 
7.760000 	 0.174416 
7.780000 	 0.373672 
7.800000 	 0.309217 
7.820000 	 0.239708 
7.840000 	 0.143759 
7.860000 	 0.335806 
7.880000 	 0.326326 
7.900000 	 0.194599 
7.920000 	 0.097271 
7.940000 	 0.218424 
7.960000 	 0.408301 
7.980000 	 0.057253 
8.000000 	 0.242790 
8.020000 	 0.241611 
8.040000 	 0.090570 
8.060000 	 0.161352 
8.080000 	 0.217497 
8.100000 	 0.242577 
8.120000 	 0.239745 
8.140000 	 0.146669 
8.160000 	 0.235613 
8.180000 	 0.160641 
8.200000 	 0.043539 
8.220000 	 0.425475 
8.240000 	 0.049224 
8.260000 	 0.346030 
8.280000 	 -0.018511 
8.300000 	 0.127553 
8.320000 	 -0.170387 
8.340000 	 0.102281 
8.360000 	 0.097126 
8.380000 	 0.375527 
8.400000 	 -0.136707 
8.420000 	 0.447820 
8.440000 	 0.364086 
8.460000 	 0.021373 
8.480000 	 0.119641 
8.500000 	 0.268779 
8.520000 	 0.026283 
8.540000 	 0.080104 
8.560000 	 0.249668 
8.580000 	 0.058777 
8.600000 	 0.092266 
8.620000 	 -0.128894 
8.640000 	 0.310550 
8.660000 	 0.078027 
8.680000 	 0.047566 
8.700000 	 0.146777 
8.720000 	 0.211506 
8.740000 	 0.095180 
8.760000 	 0.098651 
8.780000 	 -0.054883 
8.800000 	 0.128485 
8.820000 	 0.289736 
8.840000 	 0.155298 
8.860000 	 0.050548 
8.880000 	 -0.092470 
8.900000 	 0.035375 
8.920000 	 -0.119999 
8.940000 	 0.049713 
8.960000 	 0.159841 
8.980000 	 0.054517 
9.000000 	 0.131515 
9.020000 	 0.130726 
9.040000 	 -0.033698 
9.060000 	 0.405874 
9.080000 	 -0.039034 
9.100000 	 0.086019 
9.120000 	 0.142596 
9.140000 	 -0.177904 
9.160000 	 -0.079952 
9.180000 	 0.095676 
9.200000 	 -0.050999 
9.220000 	 0.148191 
9.240000 	 -0.148291 
9.260000 	 -0.108495 
9.280000 	 -0.381126 
9.300000 	 0.251184 
9.320000 	 -0.053667 
9.340000 	 0.114704 
9.360000 	 0.226979 
9.380000 	 0.004732 
9.400000 	 -0.447868 
9.420000 	 -0.077156 
9.440000 	 -0.006048 
9.460000 	 0.016410 
9.480000 	 0.084412 
9.500000 	 0.079621 
9.520000 	 0.200611 
9.540000 	 0.131519 
9.560000 	 -0.156407 
9.580000 	 0.188970 
9.600000 	 0.124319 
9.620000 	 0.221657 
9.640000 	 0.228944 
9.660000 	 0.508485 
9.680000 	 -0.028483 
9.700000 	 -0.045234 
9.720000 	 0.061241 
9.740000 	 -0.116516 
9.760000 	 -0.136812 
9.780000 	 -0.023690 
9.800000 	 -0.167495 
9.820000 	 -0.130855 
9.840000 	 0.049057 
9.860000 	 -0.107810 
9.880000 	 0.130077 
9.900000 	 0.209850 
9.920000 	 -0.076536 
9.940000 	 0.008680 
9.960000 	 0.002471 
9.980000 	 0.015247 
10.000000 	 -0.400000 
10.020000 	 0.123734 
10.040000 	 -0.067378 
10.060000 	 -0.056815 
10.080000 	 0.237583 
10.100000 	 -0.457062 
10.120000 	 -0.067525 
10.140000 	 0.114828 
10.160000 	 -0.285220 
10.180000 	 -0.062734 
10.200000 	 0.089322 
10.220000 	 0.290744 
10.240000 	 -0.098713 
10.260000 	 -0.092153 
10.280000 	 -0.184709 
10.300000 	 0.163120 
10.320000 	 -0.048906 
10.340000 	 0.024081 
10.360000 	 0.006761 
10.380000 	 -0.154353 
10.400000 	 0.169814 
10.420000 	 0.323913 
10.440000 	 0.005115 
10.460000 	 -0.030975 
10.480000 	 -0.048057 
10.500000 	 0.109924 
10.520000 	 0.048491 
10.540000 	 -0.278672 
10.560000 	 0.035072 
10.580000 	 0.072467 
10.600000 	 -0.186921 
10.620000 	 0.217247 
10.640000 	 -0.065260 
10.660000 	 -0.002445 
10.680000 	 0.097271 
10.700000 	 0.207424 
10.720000 	 0.055053 
10.740000 	 0.210298 
10.760000 	 0.093427 
10.780000 	 -0.073349 
10.800000 	 0.248040 
10.820000 	 0.051270 
10.840000 	 0.010696 
10.860000 	 0.035995 
10.880000 	 -0.147256 
10.900000 	 0.108945 
10.920000 	 0.230541 
10.940000 	 -0.058777 
10.960000 	 -0.027050 
10.980000 	 0.056928 
11.000000 	 0.068996 
11.020000 	 0.005993 
11.040000 	 -0.116349 
11.060000 	 0.165057 
11.080000 	 -0.012044 
11.100000 	 0.103766 
11.120000 	 0.326326 
11.140000 	 0.061079 
11.160000 	 -0.425794 
11.180000 	 -0.217028 
11.200000 	 0.002403 
11.220000 	 -0.003059 
11.240000 	 -0.174221 
11.260000 	 0.045161 
11.280000 	 0.050990 
11.300000 	 -0.083410 
11.320000 	 -0.189597 
11.340000 	 -0.103970 
11.360000 	 -0.302575 
11.380000 	 -0.098266 
11.400000 	 -0.002624 
11.420000 	 0.031864 
11.440000 	 0.011257 
11.460000 	 -0.093979 
11.480000 	 0.013881 
11.500000 	 0.099653 
11.520000 	 -0.001382 
11.540000 	 0.500000 
11.560000 	 -0.119831 
11.580000 	 -0.109683 
11.600000 	 0.211125 
11.620000 	 -0.059321 
11.640000 	 -0.188273 
11.660000 	 -0.048873 
11.680000 	 0.035413 
11.700000 	 -0.156138 
11.720000 	 0.071378 
11.740000 	 -0.019237 
11.760000 	 -0.042086 
11.780000 	 0.066750 
11.800000 	 -0.035453 
11.820000 	 -0.091593 
11.840000 	 -0.140615 
11.860000 	 -0.140785 
11.880000 	 -0.160737 
11.900000 	 -0.228107 
11.920000 	 -0.116981 
11.940000 	 -0.082151 
11.960000 	 0.053742 
11.980000 	 0.195244 
12.000000 	 -0.123920 
12.020000 	 0.127454 
12.040000 	 0.063925 
12.060000 	 -0.079162 
12.080000 	 -0.137540 
12.100000 	 0.062515 
12.120000 	 -0.014255 
12.140000 	 0.094770 
12.160000 	 -0.065447 
12.180000 	 0.132422 
12.200000 	 0.210729 
12.220000 	 0.033082 
12.240000 	 0.078655 
12.260000 	 -0.145814 
12.280000 	 0.029036 
12.300000 	 0.098177 
12.320000 	 0.165616 
12.340000 	 0.006868 
12.360000 	 -0.071096 
12.380000 	 -0.180618 
12.400000 	 0.033505 
12.420000 	 0.011857 
12.440000 	 0.098384 
12.460000 	 0.033825 
12.480000 	 -0.169173 
12.500000 	 -0.105534 
12.520000 	 -0.040395 
12.540000 	 0.020764 
12.560000 	 -0.148594 
12.580000 	 -0.149437 
12.600000 	 0.173415 
12.620000 	 0.147752 
12.640000 	 -0.099683 
12.660000 	 0.179966 
12.680000 	 0.187054 
12.700000 	 0.052970 
12.720000 	 -0.049244 
12.740000 	 0.210555 
12.760000 	 0.108537 
12.780000 	 0.007205 
12.800000 	 0.016157 
12.820000 	 0.170972 
12.840000 	 0.236019 
12.860000 	 -0.090976 
12.880000 	 -0.112658 
12.900000 	 0.384934 
12.920000 	 0.087534 
12.940000 	 0.032049 
12.960000 	 0.214886 
12.980000 	 -0.235260 
13.000000 	 0.053206 
13.020000 	 0.090890 
13.040000 	 0.019663 
13.060000 	 0.216509 
13.080000 	 -0.109456 
13.100000 	 0.138661 
13.120000 	 0.024008 
13.140000 	 0.096962 
13.160000 	 0.067089 
13.180000 	 0.167689 
13.200000 	 -0.017218 
13.220000 	 0.085366 
13.240000 	 0.109486 
13.260000 	 0.017926 
13.280000 	 0.054945 
13.300000 	 0.100000 
13.320000 	 0.322863 
13.340000 	 -0.075578 
13.360000 	 0.003120 
13.380000 	 -0.137701 
13.400000 	 -0.065967 
13.420000 	 0.278587 
13.440000 	 0.053423 
13.460000 	 -0.197444 
13.480000 	 0.015600 
13.500000 	 0.140539 
13.520000 	 -0.118255 
13.540000 	 0.045589 
13.560000 	 -0.003896 
13.580000 	 0.176495 
13.600000 	 -0.362327 
13.620000 	 -0.168988 
13.640000 	 0.092295 
13.660000 	 0.009292 
13.680000 	 0.052781 
13.700000 	 0.068702 
13.720000 	 0.303295 
13.740000 	 0.100000 
13.760000 	 0.166948 
13.780000 	 -0.383702 
13.800000 	 -0.244481 
13.820000 	 0.004648 
13.840000 	 -0.256843 
13.860000 	 0.053907 
13.880000 	 0.141816 
13.900000 	 -0.076522 
13.920000 	 0.293762 
13.940000 	 0.033915 
13.960000 	 0.021563 
13.980000 	 0.161150 
14.000000 	 -0.110309 
14.020000 	 0.072161 
14.040000 	 -0.286600 
14.060000 	 0.053922 
14.080000 	 0.179257 
14.100000 	 -0.181543 
14.120000 	 -0.164847 
14.140000 	 0.074162 
14.160000 	 -0.195158 
14.180000 	 -0.254744 
14.200000 	 0.130127 
14.220000 	 0.086038 
14.240000 	 0.160607 
14.260000 	 0.009571 
14.280000 	 0.258635 
14.300000 	 0.115755 
14.320000 	 -0.046427 
14.340000 	 0.053357 
14.360000 	 -0.138814 
14.380000 	 0.071082 
14.400000 	 0.125107 
14.420000 	 0.258737 
14.440000 	 -0.237548 
14.460000 	 0.050740 
14.480000 	 -0.018624 
14.500000 	 -0.293302 
14.520000 	 -0.033510 
14.540000 	 0.021559 
14.560000 	 0.273674 
14.580000 	 0.018130 
14.600000 	 -0.111552 
14.620000 	 0.002522 
14.640000 	 0.013232 
14.660000 	 -0.226697 
14.680000 	 -0.004363 
14.700000 	 -0.004921 
14.720000 	 0.027200 
14.740000 	 0.243754 
14.760000 	 -0.122219 
14.780000 	 -0.136603 
14.800000 	 0.059156 
14.820000 	 0.097276 
14.840000 	 0.005677 
14.860000 	 -0.106953 
14.880000 	 0.412262 
14.900000 	 -0.062123 
14.920000 	 0.265086 
14.940000 	 -0.207604 
14.960000 	 -0.190046 
14.980000 	 0.027499 
15.000000 	 -0.163309 
