-15.000000 	 -0.146215 
-14.980000 	 0.116707 
-14.960000 	 -0.329024 
-14.940000 	 -0.043868 
-14.920000 	 -0.098440 
-14.900000 	 0.050344 
-14.880000 	 0.081466 
-14.860000 	 -0.082131 
-14.840000 	 0.071983 
-14.820000 	 0.087751 
-14.800000 	 -0.108585 
-14.780000 	 0.081898 
-14.760000 	 -0.351424 
-14.740000 	 -0.127475 
-14.720000 	 0.031156 
-14.700000 	 -0.040961 
-14.680000 	 0.178393 
-14.660000 	 -0.022506 
-14.640000 	 0.103503 
-14.620000 	 0.017890 
-14.600000 	 0.020729 
-14.580000 	 -0.317221 
-14.560000 	 0.089046 
-14.540000 	 -0.049181 
-14.520000 	 0.000861 
-14.500000 	 0.135543 
-14.480000 	 -0.082474 
-14.460000 	 0.200165 
-14.440000 	 0.221539 
-14.420000 	 0.044707 
-14.400000 	 -0.186552 
-14.380000 	 0.105590 
-14.360000 	 0.045831 
-14.340000 	 0.087881 
-14.320000 	 -0.160639 
-14.300000 	 0.051171 
-14.280000 	 0.055570 
-14.260000 	 -0.102652 
-14.240000 	 0.089069 
-14.220000 	 0.075473 
-14.200000 	 0.301474 
-14.180000 	 0.012060 
-14.160000 	 -0.191875 
-14.140000 	 0.113418 
-14.120000 	 -0.199073 
-14.100000 	 0.227098 
-14.080000 	 -0.198889 
-14.060000 	 0.138579 
-14.040000 	 -0.120482 
-14.020000 	 0.231882 
-14.000000 	 0.304545 
-13.980000 	 -0.039169 
-13.960000 	 -0.144521 
-13.940000 	 -0.094586 
-13.920000 	 -0.010174 
-13.900000 	 0.303966 
-13.880000 	 0.192790 
-13.860000 	 -0.064940 
-13.840000 	 -0.108048 
-13.820000 	 -0.148164 
-13.800000 	 -0.316908 
-13.780000 	 0.005645 
-13.760000 	 0.113897 
-13.740000 	 -0.197310 
-13.720000 	 -0.048493 
-13.700000 	 0.249447 
-13.680000 	 0.012513 
-13.660000 	 0.147685 
-13.640000 	 0.241577 
-13.620000 	 -0.074669 
-13.600000 	 0.081417 
-13.580000 	 -0.310034 
-13.560000 	 0.107482 
-13.540000 	 0.030342 
-13.520000 	 -0.003989 
-13.500000 	 0.146055 
-13.480000 	 0.017832 
-13.460000 	 -0.114376 
-13.440000 	 0.018914 
-13.420000 	 0.312410 
-13.400000 	 0.016472 
-13.380000 	 -0.184479 
-13.360000 	 -0.054776 
-13.340000 	 -0.134009 
-13.320000 	 0.065340 
-13.300000 	 -0.127706 
-13.280000 	 0.012630 
-13.260000 	 -0.026212 
-13.240000 	 0.158553 
-13.220000 	 -0.140633 
-13.200000 	 0.600000 
-13.180000 	 -0.051976 
-13.160000 	 0.079996 
-13.140000 	 0.128384 
-13.120000 	 -0.166244 
-13.100000 	 -0.108139 
-13.080000 	 -0.078330 
-13.060000 	 -0.032269 
-13.040000 	 0.080936 
-13.020000 	 -0.366026 
-13.000000 	 0.000004 
-12.980000 	 0.054073 
-12.960000 	 0.016531 
-12.940000 	 -0.022914 
-12.920000 	 0.202378 
-12.900000 	 0.181390 
-12.880000 	 -0.070667 
-12.860000 	 0.143360 
-12.840000 	 -0.177020 
-12.820000 	 0.278066 
-12.800000 	 0.046521 
-12.780000 	 0.028134 
-12.760000 	 -0.097636 
-12.740000 	 -0.386532 
-12.720000 	 0.053442 
-12.700000 	 -0.042998 
-12.680000 	 -0.119130 
-12.660000 	 0.101347 
-12.640000 	 0.044903 
-12.620000 	 -0.101987 
-12.600000 	 0.055448 
-12.580000 	 0.001646 
-12.560000 	 -0.034251 
-12.540000 	 0.108378 
-12.520000 	 -0.018503 
-12.500000 	 0.168903 
-12.480000 	 0.047001 
-12.460000 	 -0.075391 
-12.440000 	 -0.189884 
-12.420000 	 -0.306223 
-12.400000 	 0.073003 
-12.380000 	 -0.022388 
-12.360000 	 0.075025 
-12.340000 	 -0.047639 
-12.320000 	 -0.230258 
-12.300000 	 0.160816 
-12.280000 	 -0.310371 
-12.260000 	 -0.126543 
-12.240000 	 0.311837 
-12.220000 	 0.169613 
-12.200000 	 -0.052017 
-12.180000 	 -0.187289 
-12.160000 	 -0.063486 
-12.140000 	 -0.266130 
-12.120000 	 0.162467 
-12.100000 	 0.007648 
-12.080000 	 -0.080891 
-12.060000 	 -0.013744 
-12.040000 	 -0.086748 
-12.020000 	 0.068755 
-12.000000 	 0.007968 
-11.980000 	 -0.254882 
-11.960000 	 0.226032 
-11.940000 	 -0.060479 
-11.920000 	 0.100551 
-11.900000 	 0.060080 
-11.880000 	 -0.008414 
-11.860000 	 -0.068696 
-11.840000 	 -0.305541 
-11.820000 	 -0.141112 
-11.800000 	 0.125510 
-11.780000 	 0.021296 
-11.760000 	 0.341216 
-11.740000 	 -0.004454 
-11.720000 	 -0.044976 
-11.700000 	 -0.224021 
-11.680000 	 -0.202128 
-11.660000 	 -0.029621 
-11.640000 	 0.154865 
-11.620000 	 0.188117 
-11.600000 	 0.101143 
-11.580000 	 0.027297 
-11.560000 	 -0.077452 
-11.540000 	 -0.280972 
-11.520000 	 0.142567 
-11.500000 	 0.028351 
-11.480000 	 -0.023415 
-11.460000 	 -0.059130 
-11.440000 	 -0.197214 
-11.420000 	 0.111990 
-11.400000 	 -0.022396 
-11.380000 	 -0.189539 
-11.360000 	 0.020665 
-11.340000 	 -0.229473 
-11.320000 	 -0.009042 
-11.300000 	 0.192913 
-11.280000 	 -0.016785 
-11.260000 	 0.154580 
-11.240000 	 0.062936 
-11.220000 	 0.165149 
-11.200000 	 -0.266087 
-11.180000 	 0.334540 
-11.160000 	 -0.004199 
-11.140000 	 -0.098824 
-11.120000 	 -0.006589 
-11.100000 	 -0.027131 
-11.080000 	 -0.062492 
-11.060000 	 -0.127978 
-11.040000 	 -0.129705 
-11.020000 	 -0.026144 
-11.000000 	 0.058758 
-10.980000 	 -0.061688 
-10.960000 	 -0.289200 
-10.940000 	 -0.145522 
-10.920000 	 -0.181555 
-10.900000 	 0.191846 
-10.880000 	 0.034395 
-10.860000 	 -0.023110 
-10.840000 	 0.052606 
-10.820000 	 0.104060 
-10.800000 	 0.201294 
-10.780000 	 0.159723 
-10.760000 	 0.046730 
-10.740000 	 0.080438 
-10.720000 	 0.247052 
-10.700000 	 -0.041177 
-10.680000 	 0.118249 
-10.660000 	 -0.249652 
-10.640000 	 0.197380 
-10.620000 	 0.009352 
-10.600000 	 0.002636 
-10.580000 	 -0.072018 
-10.560000 	 -0.137092 
-10.540000 	 0.100384 
-10.520000 	 -0.024242 
-10.500000 	 0.129700 
-10.480000 	 0.009848 
-10.460000 	 0.215634 
-10.440000 	 0.005646 
-10.420000 	 -0.367978 
-10.400000 	 0.050235 
-10.380000 	 -0.074735 
-10.360000 	 -0.103940 
-10.340000 	 0.126719 
-10.320000 	 0.025088 
-10.300000 	 0.003325 
-10.280000 	 0.073086 
-10.260000 	 0.001812 
-10.240000 	 0.268828 
-10.220000 	 -0.060932 
-10.200000 	 -0.132198 
-10.180000 	 0.088514 
-10.160000 	 -0.071534 
-10.140000 	 -0.054957 
-10.120000 	 0.118337 
-10.100000 	 0.041663 
-10.080000 	 0.005581 
-10.060000 	 -0.006138 
-10.040000 	 -0.219226 
-10.020000 	 0.139601 
-10.000000 	 0.098962 
-9.980000 	 0.283727 
-9.960000 	 -0.116423 
-9.940000 	 -0.037794 
-9.920000 	 0.152474 
-9.900000 	 0.154348 
-9.880000 	 -0.039348 
-9.860000 	 0.007872 
-9.840000 	 -0.234332 
-9.820000 	 -0.188044 
-9.800000 	 0.239727 
-9.780000 	 0.075136 
-9.760000 	 -0.003724 
-9.740000 	 0.044876 
-9.720000 	 -0.183869 
-9.700000 	 -0.273980 
-9.680000 	 -0.036951 
-9.660000 	 0.037701 
-9.640000 	 -0.079563 
-9.620000 	 0.074383 
-9.600000 	 0.000830 
-9.580000 	 -0.101336 
-9.560000 	 -0.218008 
-9.540000 	 0.106765 
-9.520000 	 -0.046165 
-9.500000 	 -0.044182 
-9.480000 	 0.189119 
-9.460000 	 -0.146819 
-9.440000 	 -0.009899 
-9.420000 	 0.056804 
-9.400000 	 0.164714 
-9.380000 	 0.041463 
-9.360000 	 -0.226853 
-9.340000 	 -0.156909 
-9.320000 	 -0.032323 
-9.300000 	 -0.070392 
-9.280000 	 0.043959 
-9.260000 	 0.142033 
-9.240000 	 0.025222 
-9.220000 	 -0.100457 
-9.200000 	 0.207958 
-9.180000 	 0.017853 
-9.160000 	 -0.069422 
-9.140000 	 -0.107988 
-9.120000 	 0.162122 
-9.100000 	 -0.066411 
-9.080000 	 -0.038192 
-9.060000 	 -0.106573 
-9.040000 	 -0.001082 
-9.020000 	 0.113276 
-9.000000 	 0.122711 
-8.980000 	 -0.098906 
-8.960000 	 -0.026228 
-8.940000 	 -0.026431 
-8.920000 	 -0.186853 
-8.900000 	 -0.078130 
-8.880000 	 -0.042883 
-8.860000 	 -0.029045 
-8.840000 	 -0.064580 
-8.820000 	 -0.076034 
-8.800000 	 0.144132 
-8.780000 	 0.094341 
-8.760000 	 0.053055 
-8.740000 	 -0.095714 
-8.720000 	 -0.032879 
-8.700000 	 -0.000607 
-8.680000 	 -0.078044 
-8.660000 	 -0.024728 
-8.640000 	 -0.078952 
-8.620000 	 -0.195254 
-8.600000 	 -0.174805 
-8.580000 	 -0.053732 
-8.560000 	 0.009168 
-8.540000 	 -0.168793 
-8.520000 	 0.109346 
-8.500000 	 0.131815 
-8.480000 	 -0.026280 
-8.460000 	 -0.058104 
-8.440000 	 -0.013644 
-8.420000 	 0.184623 
-8.400000 	 0.088135 
-8.380000 	 0.056941 
-8.360000 	 -0.043650 
-8.340000 	 -0.092982 
-8.320000 	 0.349224 
-8.300000 	 0.083215 
-8.280000 	 0.028489 
-8.260000 	 0.043616 
-8.240000 	 -0.139306 
-8.220000 	 -0.033046 
-8.200000 	 -0.385675 
-8.180000 	 -0.085019 
-8.160000 	 0.335348 
-8.140000 	 0.052821 
-8.120000 	 -0.029917 
-8.100000 	 -0.163496 
-8.080000 	 0.274834 
-8.060000 	 -0.094127 
-8.040000 	 0.061070 
-8.020000 	 -0.008675 
-8.000000 	 -0.196409 
-7.980000 	 0.123832 
-7.960000 	 -0.223727 
-7.940000 	 -0.062306 
-7.920000 	 0.249480 
-7.900000 	 0.147776 
-7.880000 	 -0.064538 
-7.860000 	 -0.167577 
-7.840000 	 -0.030828 
-7.820000 	 -0.406680 
-7.800000 	 -0.105862 
-7.780000 	 0.158105 
-7.760000 	 0.040712 
-7.740000 	 -0.330606 
-7.720000 	 -0.065189 
-7.700000 	 0.034802 
-7.680000 	 -0.179700 
-7.660000 	 0.167473 
-7.640000 	 0.037278 
-7.620000 	 -0.066202 
-7.600000 	 0.049706 
-7.580000 	 -0.083222 
-7.560000 	 -0.067259 
-7.540000 	 -0.000067 
-7.520000 	 -0.087308 
-7.500000 	 -0.065034 
-7.480000 	 -0.064903 
-7.460000 	 -0.101941 
-7.440000 	 0.075921 
-7.420000 	 0.121754 
-7.400000 	 -0.122042 
-7.380000 	 0.192739 
-7.360000 	 -0.009757 
-7.340000 	 0.209793 
-7.320000 	 -0.065928 
-7.300000 	 -0.060250 
-7.280000 	 0.107543 
-7.260000 	 0.308630 
-7.240000 	 0.260848 
-7.220000 	 0.050997 
-7.200000 	 0.172854 
-7.180000 	 0.010636 
-7.160000 	 0.183932 
-7.140000 	 0.039195 
-7.120000 	 -0.083678 
-7.100000 	 0.282738 
-7.080000 	 0.172490 
-7.060000 	 0.253821 
-7.040000 	 0.339446 
-7.020000 	 0.008822 
-7.000000 	 0.025306 
-6.980000 	 0.186035 
-6.960000 	 0.223222 
-6.940000 	 0.334792 
-6.920000 	 0.026380 
-6.900000 	 0.206547 
-6.880000 	 0.311124 
-6.860000 	 0.013771 
-6.840000 	 -0.033302 
-6.820000 	 0.228674 
-6.800000 	 -0.019856 
-6.780000 	 0.107136 
-6.760000 	 0.014122 
-6.740000 	 -0.051365 
-6.720000 	 0.078184 
-6.700000 	 0.248274 
-6.680000 	 0.124901 
-6.660000 	 0.252819 
-6.640000 	 0.044816 
-6.620000 	 -0.150504 
-6.600000 	 0.036396 
-6.580000 	 -0.127503 
-6.560000 	 0.252980 
-6.540000 	 -0.030486 
-6.520000 	 -0.082524 
-6.500000 	 0.157265 
-6.480000 	 0.069433 
-6.460000 	 0.125098 
-6.440000 	 0.061776 
-6.420000 	 0.249641 
-6.400000 	 -0.038911 
-6.380000 	 -0.124897 
-6.360000 	 0.287185 
-6.340000 	 0.301950 
-6.320000 	 0.302517 
-6.300000 	 0.172047 
-6.280000 	 0.013923 
-6.260000 	 0.286241 
-6.240000 	 0.167327 
-6.220000 	 -0.077433 
-6.200000 	 0.149649 
-6.180000 	 0.376530 
-6.160000 	 -0.083656 
-6.140000 	 0.328695 
-6.120000 	 0.315156 
-6.100000 	 0.253449 
-6.080000 	 0.159679 
-6.060000 	 -0.117430 
-6.040000 	 0.179732 
-6.020000 	 0.151568 
-6.000000 	 0.311446 
-5.980000 	 0.394004 
-5.960000 	 0.393334 
-5.940000 	 0.239598 
-5.920000 	 -0.200000 
-5.900000 	 0.184754 
-5.880000 	 0.159041 
-5.860000 	 0.318828 
-5.840000 	 0.335210 
-5.820000 	 0.023002 
-5.800000 	 0.370066 
-5.780000 	 0.028128 
-5.760000 	 0.206746 
-5.740000 	 0.257209 
-5.720000 	 0.279975 
-5.700000 	 0.039243 
-5.680000 	 0.169800 
-5.660000 	 0.141548 
-5.640000 	 0.108052 
-5.620000 	 0.565905 
-5.600000 	 0.394393 
-5.580000 	 -0.001862 
-5.560000 	 0.010277 
-5.540000 	 0.115221 
-5.520000 	 0.370518 
-5.500000 	 0.341578 
-5.480000 	 0.391566 
-5.460000 	 0.356808 
-5.440000 	 0.184720 
-5.420000 	 0.389716 
-5.400000 	 0.178296 
-5.380000 	 0.199778 
-5.360000 	 0.283553 
-5.340000 	 0.183113 
-5.320000 	 0.421217 
-5.300000 	 0.315130 
-5.280000 	 0.498431 
-5.260000 	 0.523740 
-5.240000 	 0.438630 
-5.220000 	 0.617343 
-5.200000 	 0.453321 
-5.180000 	 0.447174 
-5.160000 	 0.490571 
-5.140000 	 0.501396 
-5.120000 	 0.415018 
-5.100000 	 0.596254 
-5.080000 	 0.482324 
-5.060000 	 0.374923 
-5.040000 	 0.532005 
-5.020000 	 0.459426 
-5.000000 	 0.461787 
-4.980000 	 0.257368 
-4.960000 	 0.244377 
-4.940000 	 0.253733 
-4.920000 	 0.341286 
-4.900000 	 0.239446 
-4.880000 	 0.505727 
-4.860000 	 0.674341 
-4.840000 	 0.611764 
-4.820000 	 0.151886 
-4.800000 	 0.472044 
-4.780000 	 0.565601 
-4.760000 	 0.480900 
-4.740000 	 0.387203 
-4.720000 	 0.423557 
-4.700000 	 0.447607 
-4.680000 	 0.210608 
-4.660000 	 0.469829 
-4.640000 	 0.305637 
-4.620000 	 0.604215 
-4.600000 	 0.403943 
-4.580000 	 0.663320 
-4.560000 	 0.533461 
-4.540000 	 0.643481 
-4.520000 	 0.298191 
-4.500000 	 0.218521 
-4.480000 	 0.633374 
-4.460000 	 0.412739 
-4.440000 	 0.722551 
-4.420000 	 0.379264 
-4.400000 	 0.617328 
-4.380000 	 0.742288 
-4.360000 	 0.475171 
-4.340000 	 0.584085 
-4.320000 	 0.353843 
-4.300000 	 0.487048 
-4.280000 	 0.414936 
-4.260000 	 0.431741 
-4.240000 	 0.540802 
-4.220000 	 0.365356 
-4.200000 	 0.409791 
-4.180000 	 0.679815 
-4.160000 	 0.319876 
-4.140000 	 0.502818 
-4.120000 	 0.283721 
-4.100000 	 0.419347 
-4.080000 	 0.261848 
-4.060000 	 0.376161 
-4.040000 	 0.476761 
-4.020000 	 0.454364 
-4.000000 	 0.311697 
-3.980000 	 0.494142 
-3.960000 	 0.821424 
-3.940000 	 0.453786 
-3.920000 	 0.367065 
-3.900000 	 0.611425 
-3.880000 	 0.531896 
-3.860000 	 0.240342 
-3.840000 	 0.673153 
-3.820000 	 0.680483 
-3.800000 	 0.765244 
-3.780000 	 0.399237 
-3.760000 	 0.433522 
-3.740000 	 0.540737 
-3.720000 	 0.558386 
-3.700000 	 0.331154 
-3.680000 	 0.578924 
-3.660000 	 0.337568 
-3.640000 	 0.685932 
-3.620000 	 0.246563 
-3.600000 	 0.234836 
-3.580000 	 0.385645 
-3.560000 	 0.341152 
-3.540000 	 0.486046 
-3.520000 	 0.530568 
-3.500000 	 0.497241 
-3.480000 	 0.398153 
-3.460000 	 0.467428 
-3.440000 	 0.342631 
-3.420000 	 0.484577 
-3.400000 	 0.679218 
-3.380000 	 0.491024 
-3.360000 	 0.625073 
-3.340000 	 0.469301 
-3.320000 	 0.655939 
-3.300000 	 0.548782 
-3.280000 	 0.402448 
-3.260000 	 0.563380 
-3.240000 	 0.367613 
-3.220000 	 0.590409 
-3.200000 	 0.631470 
-3.180000 	 0.571732 
-3.160000 	 0.457379 
-3.140000 	 0.673318 
-3.120000 	 0.478945 
-3.100000 	 0.161792 
-3.080000 	 0.271038 
-3.060000 	 0.321012 
-3.040000 	 0.489387 
-3.020000 	 0.232074 
-3.000000 	 0.375564 
-2.980000 	 0.363041 
-2.960000 	 0.432900 
-2.940000 	 0.250109 
-2.920000 	 0.517360 
-2.900000 	 0.693183 
-2.880000 	 0.307800 
-2.860000 	 0.374207 
-2.840000 	 0.551157 
-2.820000 	 0.346678 
-2.800000 	 0.406936 
-2.780000 	 0.225063 
-2.760000 	 0.444036 
-2.740000 	 0.433964 
-2.720000 	 0.420050 
-2.700000 	 0.266186 
-2.680000 	 0.335667 
-2.660000 	 0.220389 
-2.640000 	 0.382050 
-2.620000 	 0.397844 
-2.600000 	 0.192306 
-2.580000 	 0.382413 
-2.560000 	 0.361045 
-2.540000 	 0.391182 
-2.520000 	 0.143701 
-2.500000 	 0.460106 
-2.480000 	 0.324544 
-2.460000 	 0.504912 
-2.440000 	 0.412836 
-2.420000 	 0.244923 
-2.400000 	 0.181492 
-2.380000 	 0.250814 
-2.360000 	 0.383634 
-2.340000 	 0.148308 
-2.320000 	 0.573720 
-2.300000 	 0.215289 
-2.280000 	 0.146801 
-2.260000 	 0.358245 
-2.240000 	 0.615079 
-2.220000 	 0.122985 
-2.200000 	 0.290863 
-2.180000 	 0.294710 
-2.160000 	 0.305119 
-2.140000 	 0.202845 
-2.120000 	 0.800000 
-2.100000 	 0.357686 
-2.080000 	 0.230604 
-2.060000 	 0.407567 
-2.040000 	 0.382353 
-2.020000 	 0.062533 
-2.000000 	 0.147055 
-1.980000 	 0.040379 
-1.960000 	 0.306517 
-1.940000 	 0.214082 
-1.920000 	 0.192231 
-1.900000 	 0.245095 
-1.880000 	 0.104444 
-1.860000 	 0.380208 
-1.840000 	 0.236504 
-1.820000 	 0.091581 
-1.800000 	 0.209135 
-1.780000 	 0.174741 
-1.760000 	 0.088395 
-1.740000 	 0.160204 
-1.720000 	 0.064658 
-1.700000 	 0.127231 
-1.680000 	 0.074901 
-1.660000 	 0.013702 
-1.640000 	 0.246750 
-1.620000 	 -0.028883 
-1.600000 	 0.018933 
-1.580000 	 0.251902 
-1.560000 	 0.050132 
-1.540000 	 0.053574 
-1.520000 	 0.242283 
-1.500000 	 -0.065472 
-1.480000 	 0.084383 
-1.460000 	 -0.098573 
-1.440000 	 0.201964 
-1.420000 	 -0.065031 
-1.400000 	 0.197988 
-1.380000 	 0.343394 
-1.360000 	 0.276243 
-1.340000 	 0.319996 
-1.320000 	 0.154918 
-1.300000 	 0.185038 
-1.280000 	 0.137330 
-1.260000 	 0.139957 
-1.240000 	 0.349143 
-1.220000 	 0.252629 
-1.200000 	 0.026285 
-1.180000 	 0.216616 
-1.160000 	 -0.158927 
-1.140000 	 0.219520 
-1.120000 	 0.095071 
-1.100000 	 0.168744 
-1.080000 	 0.146861 
-1.060000 	 0.077277 
-1.040000 	 0.323581 
-1.020000 	 0.120211 
-1.000000 	 0.226837 
-0.980000 	 0.386092 
-0.960000 	 0.092934 
-0.940000 	 -0.180722 
-0.920000 	 0.364921 
-0.900000 	 0.306933 
-0.880000 	 0.256108 
-0.860000 	 -0.289712 
-0.840000 	 0.090614 
-0.820000 	 0.006931 
-0.800000 	 0.321899 
-0.780000 	 -0.126787 
-0.760000 	 0.335028 
-0.740000 	 0.007700 
-0.720000 	 0.088932 
-0.700000 	 -0.290604 
-0.680000 	 -0.077027 
-0.660000 	 0.133881 
-0.640000 	 -0.126619 
-0.620000 	 0.154179 
-0.600000 	 0.097827 
-0.580000 	 0.222475 
-0.560000 	 0.326000 
-0.540000 	 0.223383 
-0.520000 	 0.060987 
-0.500000 	 0.059908 
-0.480000 	 0.109409 
-0.460000 	 0.112095 
-0.440000 	 0.138262 
-0.420000 	 0.242453 
-0.400000 	 -0.015349 
-0.380000 	 0.246699 
-0.360000 	 0.294267 
-0.340000 	 0.252525 
-0.320000 	 0.337036 
-0.300000 	 0.473426 
-0.280000 	 0.022416 
-0.260000 	 0.305235 
-0.240000 	 0.232547 
-0.220000 	 0.167961 
-0.200000 	 0.130795 
-0.180000 	 0.080808 
-0.160000 	 0.238099 
-0.140000 	 -0.047181 
-0.120000 	 0.254584 
-0.100000 	 0.521918 
-0.080000 	 0.401413 
-0.060000 	 0.163684 
-0.040000 	 0.146796 
-0.020000 	 -0.031550 
0.000000 	 0.323854 
0.020000 	 0.165693 
0.040000 	 0.246679 
0.060000 	 0.260708 
0.080000 	 0.278243 
0.100000 	 0.222190 
0.120000 	 0.295703 
0.140000 	 0.248623 
0.160000 	 0.241898 
0.180000 	 0.396117 
0.200000 	 0.190764 
0.220000 	 0.204956 
0.240000 	 0.250535 
0.260000 	 0.328552 
0.280000 	 0.411068 
0.300000 	 0.180683 
0.320000 	 0.155001 
0.340000 	 0.454842 
0.360000 	 0.312467 
0.380000 	 0.360451 
0.400000 	 0.358043 
0.420000 	 -0.095676 
0.440000 	 0.383235 
0.460000 	 0.493651 
0.480000 	 0.514650 
0.500000 	 0.407782 
0.520000 	 0.404745 
0.540000 	 0.435061 
0.560000 	 0.179274 
0.580000 	 0.753103 
0.600000 	 0.475520 
0.620000 	 0.521756 
0.640000 	 0.457964 
0.660000 	 0.359972 
0.680000 	 0.189311 
0.700000 	 0.523603 
0.720000 	 0.586779 
0.740000 	 0.438169 
0.760000 	 0.393431 
0.780000 	 0.167220 
0.800000 	 0.659916 
0.820000 	 0.638303 
0.840000 	 0.403569 
0.860000 	 0.846678 
0.880000 	 0.417550 
0.900000 	 0.647675 
0.920000 	 0.204353 
0.940000 	 0.609629 
0.960000 	 0.624540 
0.980000 	 0.324944 
1.000000 	 0.181660 
1.020000 	 0.421091 
1.040000 	 0.628768 
1.060000 	 0.409740 
1.080000 	 0.715517 
1.100000 	 0.446888 
1.120000 	 0.805348 
1.140000 	 0.455898 
1.160000 	 0.531982 
1.180000 	 0.736138 
1.200000 	 0.574088 
1.220000 	 0.441944 
1.240000 	 0.478698 
1.260000 	 0.818095 
1.280000 	 0.910231 
1.300000 	 0.452073 
1.320000 	 0.641417 
1.340000 	 0.362539 
1.360000 	 0.434701 
1.380000 	 0.876974 
1.400000 	 0.560934 
1.420000 	 0.564138 
1.440000 	 0.810614 
1.460000 	 0.753819 
1.480000 	 0.541320 
1.500000 	 0.511338 
1.520000 	 0.774613 
1.540000 	 0.632648 
1.560000 	 0.790293 
1.580000 	 0.959284 
1.600000 	 0.777180 
1.620000 	 0.749705 
1.640000 	 0.905094 
1.660000 	 0.641786 
1.680000 	 0.957672 
1.700000 	 0.622606 
1.720000 	 0.638371 
1.740000 	 0.903847 
1.760000 	 0.882036 
1.780000 	 0.817257 
1.800000 	 0.889081 
1.820000 	 0.825291 
1.840000 	 0.903702 
1.860000 	 0.345192 
1.880000 	 0.866501 
1.900000 	 1.164094 
1.920000 	 1.072307 
1.940000 	 0.894036 
1.960000 	 1.105767 
1.980000 	 1.100585 
2.000000 	 1.114185 
2.020000 	 1.111448 
2.040000 	 0.844170 
2.060000 	 1.200046 
2.080000 	 1.078065 
2.100000 	 1.160051 
2.120000 	 1.214331 
2.140000 	 0.988083 
2.160000 	 1.252985 
2.180000 	 1.046574 
2.200000 	 0.921838 
2.220000 	 1.132136 
2.240000 	 0.998742 
2.260000 	 1.093452 
2.280000 	 0.991603 
2.300000 	 1.046237 
2.320000 	 1.057932 
2.340000 	 1.186052 
2.360000 	 1.099933 
2.380000 	 1.033035 
2.400000 	 1.159434 
2.420000 	 1.067922 
2.440000 	 1.073251 
2.460000 	 0.946503 
2.480000 	 1.351998 
2.500000 	 1.378414 
2.520000 	 1.270071 
2.540000 	 1.071228 
2.560000 	 1.194907 
2.580000 	 1.177985 
2.600000 	 1.404036 
2.620000 	 1.446448 
2.640000 	 1.539805 
2.660000 	 1.134637 
2.680000 	 1.401101 
2.700000 	 1.052651 
2.720000 	 1.426080 
2.740000 	 1.350421 
2.760000 	 1.477557 
2.780000 	 1.454694 
2.800000 	 1.418883 
2.820000 	 1.196906 
2.840000 	 1.264941 
2.860000 	 1.557084 
2.880000 	 1.334756 
2.900000 	 1.526080 
2.920000 	 1.206601 
2.940000 	 1.310837 
2.960000 	 1.644132 
2.980000 	 1.111299 
3.000000 	 1.578151 
3.020000 	 1.232443 
3.040000 	 1.421829 
3.060000 	 1.217890 
3.080000 	 1.696481 
3.100000 	 1.261245 
3.120000 	 1.339665 
3.140000 	 1.465355 
3.160000 	 1.329632 
3.180000 	 1.522583 
3.200000 	 1.521951 
3.220000 	 1.413218 
3.240000 	 1.385331 
3.260000 	 1.724273 
3.280000 	 1.300400 
3.300000 	 1.535128 
3.320000 	 1.580372 
3.340000 	 1.466838 
3.360000 	 1.417494 
3.380000 	 1.374572 
3.400000 	 1.560887 
3.420000 	 1.473377 
3.440000 	 1.586392 
3.460000 	 1.736425 
3.480000 	 1.180274 
3.500000 	 1.498905 
3.520000 	 1.678559 
3.540000 	 1.261282 
3.560000 	 1.424726 
3.580000 	 1.641843 
3.600000 	 1.607719 
3.620000 	 1.417391 
3.640000 	 1.757515 
3.660000 	 1.455697 
3.680000 	 1.620569 
3.700000 	 1.720189 
3.720000 	 1.565319 
3.740000 	 1.468908 
3.760000 	 0.100000 
3.780000 	 1.635107 
3.800000 	 1.577080 
3.820000 	 1.687903 
3.840000 	 1.719177 
3.860000 	 1.639291 
3.880000 	 1.760156 
3.900000 	 1.483836 
3.920000 	 1.718266 
3.940000 	 1.591285 
3.960000 	 1.563795 
3.980000 	 1.673293 
4.000000 	 1.719080 
4.020000 	 1.931097 
4.040000 	 1.456350 
4.060000 	 1.434952 
4.080000 	 1.534448 
4.100000 	 1.718733 
4.120000 	 1.914894 
4.140000 	 1.498067 
4.160000 	 1.710026 
4.180000 	 1.867143 
4.200000 	 1.811187 
4.220000 	 1.660210 
4.240000 	 1.349914 
4.260000 	 1.495531 
4.280000 	 1.668289 
4.300000 	 1.276952 
4.320000 	 1.466970 
4.340000 	 1.452909 
4.360000 	 1.614067 
4.380000 	 1.556856 
4.400000 	 1.750953 
4.420000 	 1.709146 
4.440000 	 1.696685 
4.460000 	 1.691612 
4.480000 	 1.180043 
4.500000 	 1.376987 
4.520000 	 1.473789 
4.540000 	 1.489373 
4.560000 	 1.457244 
4.580000 	 1.402394 
4.600000 	 1.552880 
4.620000 	 1.802878 
4.640000 	 1.713273 
4.660000 	 1.274823 
4.680000 	 1.621661 
4.700000 	 1.512192 
4.720000 	 1.274734 
4.740000 	 1.623388 
4.760000 	 1.473113 
4.780000 	 1.644909 
4.800000 	 1.690194 
4.820000 	 1.506717 
4.840000 	 1.640322 
4.860000 	 1.393660 
4.880000 	 1.766855 
4.900000 	 1.633196 
4.920000 	 1.564039 
4.940000 	 1.308234 
4.960000 	 1.637158 
4.980000 	 1.735446 
5.000000 	 1.410463 
5.020000 	 1.317314 
5.040000 	 1.418750 
5.060000 	 1.211819 
5.080000 	 1.455150 
5.100000 	 1.498921 
5.120000 	 1.089774 
5.140000 	 0.955020 
5.160000 	 1.424696 
5.180000 	 1.038119 
5.200000 	 1.189879 
5.220000 	 1.125291 
5.240000 	 1.341129 
5.260000 	 1.121884 
5.280000 	 1.155498 
5.300000 	 1.106886 
5.320000 	 1.293718 
5.340000 	 1.341951 
5.360000 	 1.349085 
5.380000 	 1.052840 
5.400000 	 1.283796 
5.420000 	 0.988522 
5.440000 	 1.289421 
5.460000 	 1.322706 
5.480000 	 1.120414 
5.500000 	 1.238943 
5.520000 	 1.304524 
5.540000 	 1.484947 
5.560000 	 1.268084 
5.580000 	 1.188730 
5.600000 	 1.148636 
5.620000 	 1.034882 
5.640000 	 1.173810 
5.660000 	 1.262394 
5.680000 	 0.989885 
5.700000 	 1.252170 
5.720000 	 1.423976 
5.740000 	 1.253748 
5.760000 	 1.017469 
5.780000 	 0.814145 
5.800000 	 0.962824 
5.820000 	 0.962943 
5.840000 	 1.116639 
5.860000 	 1.063157 
5.880000 	 0.993041 
5.900000 	 1.135146 
5.920000 	 0.869803 
5.940000 	 0.847417 
5.960000 	 0.927265 
5.980000 	 1.126612 
6.000000 	 0.938018 
6.020000 	 0.931739 
6.040000 	 0.880185 
6.060000 	 0.980421 
6.080000 	 1.059830 
6.100000 	 0.747072 
6.120000 	 1.139441 
6.140000 	 0.750188 
6.160000 	 0.841855 
6.180000 	 0.676565 
6.200000 	 0.727546 
6.220000 	 0.938128 
6.240000 	 1.089676 
6.260000 	 0.938174 
6.280000 	 0.961583 
6.300000 	 0.707018 
6.320000 	 1.003337 
6.340000 	 0.838731 
6.360000 	 0.640485 
6.380000 	 0.706317 
6.400000 	 0.819212 
6.420000 	 0.516145 
6.440000 	 0.846605 
6.460000 	 0.751845 
6.480000 	 0.901926 
6.500000 	 0.675281 
6.520000 	 0.587415 
6.540000 	 0.740870 
6.560000 	 0.439291 
6.580000 	 0.749338 
6.600000 	 0.778606 
6.620000 	 0.702773 
6.640000 	 0.600358 
6.660000 	 0.544216 
6.680000 	 0.410231 
6.700000 	 0.397747 
6.720000 	 0.319031 
6.740000 	 0.786418 
6.760000 	 0.539880 
6.780000 	 0.555066 
6.800000 	 0.355233 
6.820000 	 0.684156 
6.840000 	 0.721714 
6.860000 	 0.801999 
6.880000 	 0.743491 
6.900000 	 0.488058 
6.920000 	 0.360180 
6.940000 	 0.684002 
6.960000 	 0.435173 
6.980000 	 0.834263 
7.000000 	 0.292852 
7.020000 	 0.709412 
7.040000 	 0.572061 
7.060000 	 0.385519 
7.080000 	 0.303652 
7.100000 	 0.689411 
7.120000 	 0.322106 
7.140000 	 0.475947 
7.160000 	 0.441893 
7.180000 	 0.392912 
7.200000 	 0.182293 
7.220000 	 0.319206 
7.240000 	 0.524325 
7.260000 	 0.597540 
7.280000 	 0.362948 
7.300000 	 0.291901 
7.320000 	 0.277921 
7.340000 	 0.434562 
7.360000 	 0.509145 
7.380000 	 0.361862 
7.400000 	 0.687323 
7.420000 	 0.337893 
7.440000 	 0.579050 
7.460000 	 0.345843 
7.480000 	 0.586120 
7.500000 	 0.259913 
7.520000 	 0.506899 
7.540000 	 0.142653 
7.560000 	 0.428555 
7.580000 	 0.157810 
7.600000 	 0.257120 
7.620000 	 0.424874 
7.640000 	 0.405685 
7.660000 	 0.225465 
7.680000 	 0.289851 
7.700000 	 0.246025 
7.720000 	 0.327585 
7.740000 	 0.234611 
7.760000 	 0.615029 
7.780000 	 0.058044 
7.800000 	 0.002576 
7.820000 	 0.259924 
7.840000 	 0.241245 
7.860000 	 0.296637 
7.880000 	 0.121186 
7.900000 	 0.172069 
7.920000 	 0.136027 
7.940000 	 0.088147 
7.960000 	 0.201799 
7.980000 	 0.229331 
8.000000 	 0.041854 
8.020000 	 -0.012724 
8.040000 	 0.221076 
8.060000 	 0.287075 
8.080000 	 -0.026748 
8.100000 	 0.450140 
8.120000 	 0.076388 
8.140000 	 0.161338 
8.160000 	 0.172141 
8.180000 	 0.076216 
8.200000 	 0.228297 
8.220000 	 0.090327 
8.240000 	 0.056605 
8.260000 	 0.107477 
8.280000 	 0.583957 
8.300000 	 0.149221 
8.320000 	 0.357063 
8.340000 	 -0.025407 
8.360000 	 -0.064607 
8.380000 	 0.237501 
8.400000 	 0.464271 
8.420000 	 0.215150 
8.440000 	 0.240694 
8.460000 	 -0.038264 
8.480000 	 0.135072 
8.500000 	 0.150736 
8.520000 	 0.088863 
8.540000 	 0.225226 
8.560000 	 -0.023278 
8.580000 	 0.363336 
8.600000 	 0.177416 
8.620000 	 -0.009413 
8.640000 	 0.041412 
8.660000 	 0.272768 
8.680000 	 0.151915 
8.700000 	 0.194338 
8.720000 	 0.321127 
8.740000 	 0.299137 
8.760000 	 0.201658 
8.780000 	 0.100998 
8.800000 	 -0.135400 
8.820000 	 -0.134233 
8.840000 	 0.071566 
8.860000 	 0.174108 
8.880000 	 0.015050 
8.900000 	 -0.028151 
8.920000 	 0.209996 
8.940000 	 -0.095360 
8.960000 	 -0.087190 
8.980000 	 0.090181 
9.000000 	 -0.096530 
9.020000 	 0.075434 
9.040000 	 0.055293 
9.060000 	 0.024757 
9.080000 	 0.237342 
9.100000 	 -0.344099 
9.120000 	 0.108377 
9.140000 	 0.136494 
9.160000 	 0.245838 
9.180000 	 0.163406 
9.200000 	 0.129332 
9.220000 	 0.095241 
9.240000 	 0.170394 
9.260000 	 -0.165826 
9.280000 	 0.354289 
9.300000 	 -0.044436 
9.320000 	 -0.055731 
9.340000 	 0.060157 
9.360000 	 0.138047 
9.380000 	 0.125792 
9.400000 	 0.047981 
9.420000 	 -0.291328 
9.440000 	 0.035149 
9.460000 	 -0.016589 
9.480000 	 -0.023797 
9.500000 	 -0.055539 
9.520000 	 -0.154610 
9.540000 	 0.197467 
9.560000 	 0.034293 
9.580000 	 -0.176164 
9.600000 	 -0.124893 
9.620000 	 -0.100527 
9.640000 	 -0.145794 
9.660000 	 0.041157 
9.680000 	 -0.113525 
9.700000 	 0.223541 
9.720000 	 0.224376 
9.740000 	 0.175408 
9.760000 	 0.168067 
9.780000 	 0.021923 
9.800000 	 0.046688 
9.820000 	 0.180690 
9.840000 	 0.075591 
9.860000 	 -0.072334 
9.880000 	 -0.021255 
9.900000 	 0.141199 
9.920000 	 0.078873 
9.940000 	 -0.006788 
9.960000 	 -0.052167 
9.980000 	 0.154901 
10.000000 	 0.059143 
10.020000 	 0.110771 
10.040000 	 -0.043734 
10.060000 	 -0.000213 
10.080000 	 0.139493 
10.100000 	 -0.025285 
10.120000 	 0.405211 
10.140000 	 -0.265298 
10.160000 	 -0.187951 
10.180000 	 0.010559 
10.200000 	 0.028077 
10.220000 	 0.060606 
10.240000 	 -0.013915 
10.260000 	 0.254759 
10.280000 	 0.179584 
10.300000 	 -0.195747 
10.320000 	 -0.048483 
10.340000 	 -0.068235 
10.360000 	 0.017136 
10.380000 	 0.029763 
10.400000 	 -0.445450 
10.420000 	 -0.160815 
10.440000 	 -0.012856 
10.460000 	 0.088505 
10.480000 	 -0.179337 
10.500000 	 -0.233622 
10.520000 	 -0.208702 
10.540000 	 0.068160 
10.560000 	 0.076588 
10.580000 	 -0.028927 
10.600000 	 0.025886 
10.620000 	 -0.221963 
10.640000 	 -0.163927 
10.660000 	 0.163636 
10.680000 	 -0.050339 
10.700000 	 -0.022365 
10.720000 	 -0.159870 
10.740000 	 -0.148274 
10.760000 	 0.010333 
10.780000 	 -0.019941 
10.800000 	 -0.005480 
10.820000 	 0.031792 
10.840000 	 0.154126 
10.860000 	 0.067295 
10.880000 	 -0.015638 
10.900000 	 0.035168 
10.920000 	 -0.094227 
10.940000 	 -0.127302 
10.960000 	 0.210303 
10.980000 	 -0.040575 
11.000000 	 -0.129056 
11.020000 	 -0.158261 
11.040000 	 0.131844 
11.060000 	 -0.097804 
11.080000 	 -0.058231 
11.100000 	 0.083760 
11.120000 	 -0.017133 
11.140000 	 0.334082 
11.160000 	 -0.059517 
11.180000 	 -0.040506 
11.200000 	 0.052959 
11.220000 	 -0.042925 
11.240000 	 0.006849 
11.260000 	 -0.041180 
11.280000 	 -0.105527 
11.300000 	 0.177192 
11.320000 	 -0.014094 
11.340000 	 0.125071 
11.360000 	 0.061450 
11.380000 	 -0.282271 
11.400000 	 0.177638 
11.420000 	 0.114966 
11.440000 	 -0.010591 
11.460000 	 -0.107349 
11.480000 	 0.289107 
11.500000 	 -0.087666 
11.520000 	 -0.382220 
11.540000 	 0.236427 
11.560000 	 -0.003381 
11.580000 	 0.044909 
11.600000 	 -0.032400 
11.620000 	 -0.190738 
11.640000 	 0.208053 
11.660000 	 0.152198 
11.680000 	 -0.176330 
11.700000 	 -0.124865 
11.720000 	 0.051524 
11.740000 	 -0.013454 
11.760000 	 0.065682 
11.780000 	 -0.077015 
11.800000 	 -0.003741 
11.820000 	 -0.183953 
11.840000 	 0.066072 
11.860000 	 0.046856 
11.880000 	 -0.011668 
11.900000 	 -0.101641 
11.920000 	 0.247067 
11.940000 	 0.303830 
11.960000 	 0.038018 
11.980000 	 0.108618 
12.000000 	 0.000274 
12.020000 	 -0.069783 
12.040000 	 0.104614 
12.060000 	 -0.169162 
12.080000 	 0.252825 
12.100000 	 0.407061 
12.120000 	 -0.051164 
12.140000 	 -0.052293 
12.160000 	 -0.140567 
12.180000 	 -0.017906 
12.200000 	 -0.115708 
12.220000 	 -0.081154 
12.240000 	 0.022024 
12.260000 	 0.067373 
12.280000 	 -0.301443 
12.300000 	 0.109291 
12.320000 	 0.104719 
12.340000 	 0.085200 
12.360000 	 0.057756 
12.380000 	 0.110781 
12.400000 	 0.182633 
12.420000 	 -0.289074 
12.440000 	 0.141596 
12.460000 	 0.089459 
12.480000 	 0.145295 
12.500000 	 -0.034071 
12.520000 	 -0.121848 
12.540000 	 0.245902 
12.560000 	 0.128389 
12.580000 	 0.039465 
12.600000 	 0.269930 
12.620000 	 0.066368 
12.640000 	 0.169743 
12.660000 	 -0.024293 
12.680000 	 -0.079742 
12.700000 	 -0.008247 
12.720000 	 0.067674 
12.740000 	 0.107075 
12.760000 	 0.287140 
12.780000 	 -0.067844 
12.800000 	 0.140288 
12.820000 	 0.096472 
12.840000 	 0.161569 
12.860000 	 0.017286 
12.880000 	 -0.224908 
12.900000 	 -0.175830 
12.920000 	 -0.134803 
12.940000 	 0.049511 
12.960000 	 -0.023814 
12.980000 	 0.229062 
13.000000 	 -0.139429 
13.020000 	 -0.137862 
13.040000 	 -0.180746 
13.060000 	 0.320210 
13.080000 	 0.047035 
13.100000 	 0.126445 
13.120000 	 0.185482 
13.140000 	 0.075446 
13.160000 	 -0.244791 
13.180000 	 -0.214987 
13.200000 	 0.050493 
13.220000 	 -0.009324 
13.240000 	 0.370021 
13.260000 	 -0.016305 
13.280000 	 -0.033607 
13.300000 	 0.078249 
13.320000 	 -0.078023 
13.340000 	 0.123535 
13.360000 	 0.067098 
13.380000 	 0.141773 
13.400000 	 0.018748 
13.420000 	 -0.178682 
13.440000 	 -0.059222 
13.460000 	 0.200351 
13.480000 	 0.500000 
13.500000 	 -0.160274 
13.520000 	 0.033377 
13.540000 	 -0.249898 
13.560000 	 -0.086062 
13.580000 	 -0.169125 
13.600000 	 0.203657 
13.620000 	 -0.113015 
13.640000 	 -0.024877 
13.660000 	 -0.226111 
13.680000 	 -0.100868 
13.700000 	 -0.190335 
13.720000 	 -0.260477 
13.740000 	 -0.044711 
13.760000 	 0.088197 
13.780000 	 -0.065189 
13.800000 	 0.011071 
13.820000 	 0.304534 
13.840000 	 0.282357 
13.860000 	 0.010541 
13.880000 	 0.091938 
13.900000 	 0.227859 
13.920000 	 -0.165452 
13.940000 	 -0.097253 
13.960000 	 0.081137 
13.980000 	 -0.279287 
14.000000 	 0.039702 
14.020000 	 0.092319 
14.040000 	 -0.233379 
14.060000 	 0.048904 
14.080000 	 -0.247055 
14.100000 	 -0.096557 
14.120000 	 0.224737 
14.140000 	 0.167740 
14.160000 	 -0.111606 
14.180000 	 -0.214994 
14.200000 	 0.007289 
14.220000 	 0.003213 
14.240000 	 -0.178109 
14.260000 	 0.001622 
14.280000 	 0.302683 
14.300000 	 -0.025041 
14.320000 	 0.009716 
14.340000 	 0.069225 
14.360000 	 -0.083573 
14.380000 	 0.201202 
14.400000 	 0.079132 
14.420000 	 -0.094838 
14.440000 	 -0.181325 
14.460000 	 0.003153 
14.480000 	 0.217018 
14.500000 	 0.127884 
14.520000 	 0.114030 
14.540000 	 -0.033040 
14.560000 	 -0.028076 
14.580000 	 -0.209426 
14.600000 	 0.232991 
14.620000 	 -0.185112 
14.640000 	 0.061910 
14.660000 	 -0.006137 
14.680000 	 -0.273851 
14.700000 	 -0.042482 
14.720000 	 -0.147565 
14.740000 	 -0.108515 
14.760000 	 0.157589 
14.780000 	 0.076901 
14.800000 	 0.272398 
14.820000 	 -0.163531 
14.840000 	 0.193126 
14.860000 	 0.027216 
14.880000 	 0.125467 
14.900000 	 0.075336 
14.920000 	 -0.389894 
14.940000 	 -0.035165 
14.960000 	 0.212137 
14.980000 	 -0.269157 
15.000000 	 0.003107 
