-15.000000 	 0.033462 
-14.980000 	 0.110050 
-14.960000 	 0.247568 
-14.940000 	 -0.140599 
-14.920000 	 -0.309543 
-14.900000 	 -0.123827 
-14.880000 	 0.024371 
-14.860000 	 0.060628 
-14.840000 	 0.060958 
-14.820000 	 -0.050518 
-14.800000 	 0.059423 
-14.780000 	 -0.103606 
-14.760000 	 0.014612 
-14.740000 	 0.190823 
-14.720000 	 -0.006643 
-14.700000 	 0.062431 
-14.680000 	 0.002851 
-14.660000 	 -0.188701 
-14.640000 	 -0.047903 
-14.620000 	 0.081995 
-14.600000 	 -0.121864 
-14.580000 	 0.070342 
-14.560000 	 -0.180862 
-14.540000 	 0.121883 
-14.520000 	 -0.088959 
-14.500000 	 0.110951 
-14.480000 	 0.111031 
-14.460000 	 -0.040411 
-14.440000 	 -0.002017 
-14.420000 	 -0.181987 
-14.400000 	 -0.002761 
-14.380000 	 -0.064903 
-14.360000 	 -0.168028 
-14.340000 	 0.105800 
-14.320000 	 -0.154026 
-14.300000 	 0.032407 
-14.280000 	 0.010381 
-14.260000 	 -0.221693 
-14.240000 	 -0.184032 
-14.220000 	 -0.225595 
-14.200000 	 -0.095859 
-14.180000 	 -0.172697 
-14.160000 	 0.145890 
-14.140000 	 -0.191791 
-14.120000 	 0.500000 
-14.100000 	 -0.102979 
-14.080000 	 -0.339141 
-14.060000 	 -0.011927 
-14.040000 	 0.078580 
-14.020000 	 -0.393091 
-14.000000 	 0.076185 
-13.980000 	 -0.196184 
-13.960000 	 0.059139 
-13.940000 	 0.182425 
-13.920000 	 -0.007091 
-13.900000 	 0.129052 
-13.880000 	 -0.177155 
-13.860000 	 0.004689 
-13.840000 	 -0.255822 
-13.820000 	 0.228090 
-13.800000 	 -0.004659 
-13.780000 	 0.023146 
-13.760000 	 0.322660 
-13.740000 	 0.056986 
-13.720000 	 0.193160 
-13.700000 	 0.169424 
-13.680000 	 -0.218554 
-13.660000 	 0.198313 
-13.640000 	 0.108122 
-13.620000 	 0.098168 
-13.600000 	 -0.174883 
-13.580000 	 -0.000323 
-13.560000 	 -0.169833 
-13.540000 	 -0.021731 
-13.520000 	 0.183296 
-13.500000 	 -0.161393 
-13.480000 	 -0.127729 
-13.460000 	 0.010169 
-13.440000 	 -0.095647 
-13.420000 	 0.082644 
-13.400000 	 0.010122 
-13.380000 	 -0.079729 
-13.360000 	 -0.000147 
-13.340000 	 -0.113709 
-13.320000 	 -0.037558 
-13.300000 	 -0.007381 
-13.280000 	 0.065181 
-13.260000 	 -0.181426 
-13.240000 	 0.198758 
-13.220000 	 -0.060751 
-13.200000 	 0.187366 
-13.180000 	 0.034874 
-13.160000 	 -0.242489 
-13.140000 	 0.050105 
-13.120000 	 -0.089904 
-13.100000 	 -0.117736 
-13.080000 	 0.157631 
-13.060000 	 -0.061430 
-13.040000 	 0.025113 
-13.020000 	 -0.090405 
-13.000000 	 0.003175 
-12.980000 	 -0.100646 
-12.960000 	 -0.278566 
-12.940000 	 -0.062219 
-12.920000 	 0.060157 
-12.900000 	 -0.024640 
-12.880000 	 0.134521 
-12.860000 	 0.008528 
-12.840000 	 0.077384 
-12.820000 	 0.069497 
-12.800000 	 -0.053604 
-12.780000 	 -0.004744 
-12.760000 	 0.076846 
-12.740000 	 0.110179 
-12.720000 	 -0.181046 
-12.700000 	 -0.495500 
-12.680000 	 0.051990 
-12.660000 	 -0.122993 
-12.640000 	 -0.037085 
-12.620000 	 -0.204087 
-12.600000 	 0.008344 
-12.580000 	 0.132570 
-12.560000 	 -0.013988 
-12.540000 	 0.120532 
-12.520000 	 -0.147923 
-12.500000 	 0.184529 
-12.480000 	 0.092260 
-12.460000 	 0.240616 
-12.440000 	 -0.074627 
-12.420000 	 0.078551 
-12.400000 	 0.297852 
-12.380000 	 -0.108442 
-12.360000 	 -0.131128 
-12.340000 	 0.041751 
-12.320000 	 0.091496 
-12.300000 	 -0.066438 
-12.280000 	 -0.341067 
-12.260000 	 -0.060331 
-12.240000 	 0.071674 
-12.220000 	 -0.029288 
-12.200000 	 0.050043 
-12.180000 	 -0.139653 
-12.160000 	 -0.034509 
-12.140000 	 -0.314992 
-12.120000 	 0.198841 
-12.100000 	 0.036902 
-12.080000 	 -0.027523 
-12.060000 	 0.036052 
-12.040000 	 0.067957 
-12.020000 	 0.139723 
-12.000000 	 0.027970 
-11.980000 	 -0.013476 
-11.960000 	 -0.000011 
-11.940000 	 -0.022122 
-11.920000 	 0.211363 
-11.900000 	 0.061636 
-11.880000 	 0.149136 
-11.860000 	 -0.110722 
-11.840000 	 -0.024681 
-11.820000 	 0.104255 
-11.800000 	 0.094545 
-11.780000 	 -0.174550 
-11.760000 	 -0.092554 
-11.740000 	 -0.309728 
-11.720000 	 0.100734 
-11.700000 	 0.010791 
-11.680000 	 0.224178 
-11.660000 	 0.207668 
-11.640000 	 -0.093928 
-11.620000 	 -0.060114 
-11.600000 	 -0.024033 
-11.580000 	 0.082567 
-11.560000 	 0.060042 
-11.540000 	 -0.134249 
-11.520000 	 -0.125915 
-11.500000 	 0.042035 
-11.480000 	 0.201204 
-11.460000 	 0.134327 
-11.440000 	 0.115353 
-11.420000 	 0.227112 
-11.400000 	 0.059613 
-11.380000 	 -0.208792 
-11.360000 	 0.056921 
-11.340000 	 0.222081 
-11.320000 	 0.132150 
-11.300000 	 -0.303925 
-11.280000 	 0.030989 
-11.260000 	 -0.197216 
-11.240000 	 0.110524 
-11.220000 	 0.040566 
-11.200000 	 0.415361 
-11.180000 	 0.048315 
-11.160000 	 0.061104 
-11.140000 	 0.044361 
-11.120000 	 0.085666 
-11.100000 	 -0.089900 
-11.080000 	 -0.324331 
-11.060000 	 0.179199 
-11.040000 	 -0.056215 
-11.020000 	 0.312634 
-11.000000 	 -0.079955 
-10.980000 	 -0.174159 
-10.960000 	 0.181966 
-10.940000 	 -0.013643 
-10.920000 	 0.265144 
-10.900000 	 0.008488 
-10.880000 	 -0.018645 
-10.860000 	 0.088441 
-10.840000 	 -0.127650 
-10.820000 	 -0.207950 
-10.800000 	 -0.119014 
-10.780000 	 -0.147215 
-10.760000 	 -0.058568 
-10.740000 	 -0.046004 
-10.720000 	 -0.045326 
-10.700000 	 -0.111179 
-10.680000 	 0.242882 
-10.660000 	 0.051772 
-10.640000 	 0.026037 
-10.620000 	 -0.128527 
-10.600000 	 -0.298206 
-10.580000 	 0.088069 
-10.560000 	 0.200370 
-10.540000 	 -0.045248 
-10.520000 	 -0.187107 
-10.500000 	 0.215346 
-10.480000 	 -0.054957 
-10.460000 	 0.107024 
-10.440000 	 -0.115608 
-10.420000 	 -0.045234 
-10.400000 	 0.136998 
-10.380000 	 -0.234942 
-10.360000 	 0.030291 
-10.340000 	 -0.080570 
-10.320000 	 -0.184004 
-10.300000 	 -0.097726 
-10.280000 	 0.100911 
-10.260000 	 0.049010 
-10.240000 	 0.013570 
-10.220000 	 0.144651 
-10.200000 	 -0.194831 
-10.180000 	 0.262792 
-10.160000 	 -0.135458 
-10.140000 	 -0.030731 
-10.120000 	 -0.131042 
-10.100000 	 -0.054606 
-10.080000 	 0.089605 
-10.060000 	 0.129337 
-10.040000 	 0.030463 
-10.020000 	 0.163500 
-10.000000 	 0.082977 
-9.980000 	 -0.081474 
-9.960000 	 0.046048 
-9.940000 	 -0.042138 
-9.920000 	 0.051411 
-9.900000 	 0.258270 
-9.880000 	 0.021441 
-9.860000 	 -0.073937 
-9.840000 	 -0.098887 
-9.820000 	 -0.176296 
-9.800000 	 -0.088202 
-9.780000 	 -0.274026 
-9.760000 	 0.180997 
-9.740000 	 -0.004922 
-9.720000 	 -0.242555 
-9.700000 	 -0.081933 
-9.680000 	 0.104518 
-9.660000 	 -0.055533 
-9.640000 	 -0.156778 
-9.620000 	 0.057161 
-9.600000 	 0.195485 
-9.580000 	 -0.209306 
-9.560000 	 0.024873 
-9.540000 	 0.066534 
-9.520000 	 0.040200 
-9.500000 	 0.089683 
-9.480000 	 0.149305 
-9.460000 	 0.086263 
-9.440000 	 -0.040422 
-9.420000 	 0.239307 
-9.400000 	 -0.013089 
-9.380000 	 0.073453 
-9.360000 	 0.097154 
-9.340000 	 -0.013808 
-9.320000 	 0.076898 
-9.300000 	 0.004614 
-9.280000 	 0.305209 
-9.260000 	 -0.037744 
-9.240000 	 0.202389 
-9.220000 	 0.089743 
-9.200000 	 0.165193 
-9.180000 	 0.161489 
-9.160000 	 -0.014245 
-9.140000 	 0.228660 
-9.120000 	 0.086107 
-9.100000 	 0.104004 
-9.080000 	 -0.123992 
-9.060000 	 0.035669 
-9.040000 	 -0.156671 
-9.020000 	 -0.301726 
-9.000000 	 -0.029711 
-8.980000 	 -0.136387 
-8.960000 	 -0.021249 
-8.940000 	 0.059804 
-8.920000 	 -0.036995 
-8.900000 	 -0.056170 
-8.880000 	 0.233037 
-8.860000 	 -0.072237 
-8.840000 	 0.040891 
-8.820000 	 0.007931 
-8.800000 	 -0.078702 
-8.780000 	 -0.111158 
-8.760000 	 0.050844 
-8.740000 	 0.099563 
-8.720000 	 0.100937 
-8.700000 	 -0.099591 
-8.680000 	 -0.033647 
-8.660000 	 -0.159540 
-8.640000 	 0.065764 
-8.620000 	 -0.146852 
-8.600000 	 -0.090379 
-8.580000 	 -0.042256 
-8.560000 	 0.087009 
-8.540000 	 -0.042932 
-8.520000 	 -0.043545 
-8.500000 	 0.009035 
-8.480000 	 -0.080314 
-8.460000 	 -0.102600 
-8.440000 	 0.138570 
-8.420000 	 0.204333 
-8.400000 	 -0.119953 
-8.380000 	 -0.192363 
-8.360000 	 -0.082326 
-8.340000 	 -0.068281 
-8.320000 	 0.068992 
-8.300000 	 -0.031910 
-8.280000 	 0.216675 
-8.260000 	 0.065563 
-8.240000 	 -0.160731 
-8.220000 	 0.003262 
-8.200000 	 0.167208 
-8.180000 	 0.132843 
-8.160000 	 -0.120689 
-8.140000 	 0.173752 
-8.120000 	 -0.060559 
-8.100000 	 0.012809 
-8.080000 	 0.244817 
-8.060000 	 0.074928 
-8.040000 	 0.283093 
-8.020000 	 0.110629 
-8.000000 	 -0.138989 
-7.980000 	 -0.002082 
-7.960000 	 0.013178 
-7.940000 	 0.030362 
-7.920000 	 -0.026426 
-7.900000 	 0.111151 
-7.880000 	 0.036936 
-7.860000 	 -0.129613 
-7.840000 	 -0.227542 
-7.820000 	 -0.068368 
-7.800000 	 -0.025317 
-7.780000 	 0.008403 
-7.760000 	 0.542041 
-7.740000 	 0.257379 
-7.720000 	 0.036124 
-7.700000 	 -0.082674 
-7.680000 	 0.022305 
-7.660000 	 0.271116 
-7.640000 	 -0.005841 
-7.620000 	 -0.110436 
-7.600000 	 -0.275839 
-7.580000 	 0.164333 
-7.560000 	 0.020700 
-7.540000 	 0.007684 
-7.520000 	 0.073192 
-7.500000 	 -0.027169 
-7.480000 	 -0.012134 
-7.460000 	 0.151916 
-7.440000 	 0.214288 
-7.420000 	 0.244060 
-7.400000 	 -0.037276 
-7.380000 	 -0.129709 
-7.360000 	 0.242713 
-7.340000 	 0.087834 
-7.320000 	 -0.067868 
-7.300000 	 -0.110473 
-7.280000 	 0.213372 
-7.260000 	 -0.169394 
-7.240000 	 0.237028 
-7.220000 	 0.156369 
-7.200000 	 -0.019931 
-7.180000 	 -0.258957 
-7.160000 	 0.183804 
-7.140000 	 0.256087 
-7.120000 	 0.341403 
-7.100000 	 0.256213 
-7.080000 	 -0.302299 
-7.060000 	 -0.268148 
-7.040000 	 0.159142 
-7.020000 	 -0.010825 
-7.000000 	 0.289518 
-6.980000 	 0.166416 
-6.960000 	 0.012673 
-6.940000 	 0.257229 
-6.920000 	 0.137304 
-6.900000 	 -0.022983 
-6.880000 	 0.267841 
-6.860000 	 0.014018 
-6.840000 	 -0.049249 
-6.820000 	 0.024383 
-6.800000 	 0.002602 
-6.780000 	 0.142134 
-6.760000 	 0.029765 
-6.740000 	 0.228287 
-6.720000 	 0.352907 
-6.700000 	 0.174634 
-6.680000 	 -0.034509 
-6.660000 	 -0.166490 
-6.640000 	 -0.071482 
-6.620000 	 0.291843 
-6.600000 	 -0.041566 
-6.580000 	 0.275519 
-6.560000 	 0.206963 
-6.540000 	 0.010000 
-6.520000 	 -0.054082 
-6.500000 	 0.213318 
-6.480000 	 0.271650 
-6.460000 	 -0.039238 
-6.440000 	 0.046172 
-6.420000 	 0.117234 
-6.400000 	 -0.082829 
-6.380000 	 0.203496 
-6.360000 	 0.217717 
-6.340000 	 0.248240 
-6.320000 	 0.204429 
-6.300000 	 0.111180 
-6.280000 	 0.213867 
-6.260000 	 0.250001 
-6.240000 	 0.170872 
-6.220000 	 0.246710 
-6.200000 	 -0.063645 
-6.180000 	 -0.198819 
-6.160000 	 0.181368 
-6.140000 	 0.044821 
-6.120000 	 0.109658 
-6.100000 	 0.064269 
-6.080000 	 0.348857 
-6.060000 	 0.074932 
-6.040000 	 -0.076274 
-6.020000 	 0.220106 
-6.000000 	 0.179615 
-5.980000 	 0.244625 
-5.960000 	 0.333310 
-5.940000 	 0.522914 
-5.920000 	 0.075725 
-5.900000 	 0.058206 
-5.880000 	 0.476652 
-5.860000 	 -0.285020 
-5.840000 	 0.186056 
-5.820000 	 0.387219 
-5.800000 	 0.177674 
-5.780000 	 0.123592 
-5.760000 	 0.241330 
-5.740000 	 0.111717 
-5.720000 	 0.312664 
-5.700000 	 0.218113 
-5.680000 	 0.308457 
-5.660000 	 0.344355 
-5.640000 	 0.110757 
-5.620000 	 0.281595 
-5.600000 	 0.050134 
-5.580000 	 -0.055582 
-5.560000 	 0.179351 
-5.540000 	 0.532831 
-5.520000 	 0.180548 
-5.500000 	 0.703304 
-5.480000 	 0.348590 
-5.460000 	 0.156426 
-5.440000 	 0.629976 
-5.420000 	 0.341356 
-5.400000 	 0.323909 
-5.380000 	 0.337794 
-5.360000 	 0.268957 
-5.340000 	 0.484428 
-5.320000 	 0.594135 
-5.300000 	 0.358413 
-5.280000 	 0.344990 
-5.260000 	 0.255304 
-5.240000 	 0.670529 
-5.220000 	 0.349954 
-5.200000 	 0.237958 
-5.180000 	 0.490190 
-5.160000 	 0.232233 
-5.140000 	 0.157035 
-5.120000 	 0.207204 
-5.100000 	 0.574977 
-5.080000 	 0.331668 
-5.060000 	 0.386677 
-5.040000 	 0.677749 
-5.020000 	 0.573161 
-5.000000 	 0.375576 
-4.980000 	 0.300073 
-4.960000 	 0.214330 
-4.940000 	 0.511843 
-4.920000 	 0.549524 
-4.900000 	 0.615739 
-4.880000 	 0.375182 
-4.860000 	 0.120128 
-4.840000 	 0.691886 
-4.820000 	 0.883390 
-4.800000 	 0.289386 
-4.780000 	 0.422533 
-4.760000 	 0.452489 
-4.740000 	 0.552897 
-4.720000 	 0.447805 
-4.700000 	 0.468656 
-4.680000 	 0.448716 
-4.660000 	 0.453715 
-4.640000 	 0.396495 
-4.620000 	 0.666745 
-4.600000 	 0.520774 
-4.580000 	 0.470873 
-4.560000 	 0.526124 
-4.540000 	 0.598070 
-4.520000 	 0.350544 
-4.500000 	 0.362378 
-4.480000 	 0.373737 
-4.460000 	 0.392530 
-4.440000 	 0.608802 
-4.420000 	 0.457552 
-4.400000 	 0.580360 
-4.380000 	 0.257574 
-4.360000 	 0.651899 
-4.340000 	 0.434186 
-4.320000 	 0.461092 
-4.300000 	 0.325288 
-4.280000 	 0.399602 
-4.260000 	 0.486931 
-4.240000 	 0.467947 
-4.220000 	 0.520309 
-4.200000 	 0.695527 
-4.180000 	 0.485100 
-4.160000 	 0.106739 
-4.140000 	 0.625521 
-4.120000 	 0.542860 
-4.100000 	 0.580501 
-4.080000 	 0.389533 
-4.060000 	 0.518848 
-4.040000 	 0.711246 
-4.020000 	 0.479287 
-4.000000 	 0.654373 
-3.980000 	 0.574433 
-3.960000 	 0.866485 
-3.940000 	 0.293010 
-3.920000 	 0.453101 
-3.900000 	 0.444600 
-3.880000 	 0.489025 
-3.860000 	 0.774919 
-3.840000 	 0.508170 
-3.820000 	 0.175256 
-3.800000 	 0.468974 
-3.780000 	 0.313016 
-3.760000 	 0.449912 
-3.740000 	 0.497615 
-3.720000 	 0.621562 
-3.700000 	 0.354011 
-3.680000 	 0.755448 
-3.660000 	 0.557259 
-3.640000 	 0.722547 
-3.620000 	 0.309125 
-3.600000 	 0.539537 
-3.580000 	 0.433620 
-3.560000 	 0.559441 
-3.540000 	 0.699264 
-3.520000 	 0.275108 
-3.500000 	 0.559446 
-3.480000 	 0.532242 
-3.460000 	 0.495838 
-3.440000 	 0.590680 
-3.420000 	 0.570320 
-3.400000 	 0.432739 
-3.380000 	 0.732393 
-3.360000 	 0.183779 
-3.340000 	 0.469374 
-3.320000 	 0.712621 
-3.300000 	 0.582148 
-3.280000 	 0.517491 
-3.260000 	 0.707916 
-3.240000 	 0.170132 
-3.220000 	 0.686106 
-3.200000 	 0.477259 
-3.180000 	 0.454024 
-3.160000 	 0.055621 
-3.140000 	 0.598205 
-3.120000 	 0.263518 
-3.100000 	 0.406953 
-3.080000 	 0.518794 
-3.060000 	 0.648696 
-3.040000 	 0.423102 
-3.020000 	 0.377681 
-3.000000 	 0.395162 
-2.980000 	 0.024872 
-2.960000 	 0.578104 
-2.940000 	 0.662312 
-2.920000 	 0.000256 
-2.900000 	 0.509198 
-2.880000 	 0.258882 
-2.860000 	 0.427914 
-2.840000 	 0.298059 
-2.820000 	 0.460160 
-2.800000 	 0.271646 
-2.780000 	 0.305457 
-2.760000 	 0.204495 
-2.740000 	 0.399258 
-2.720000 	 0.257248 
-2.700000 	 0.616808 
-2.680000 	 0.473898 
-2.660000 	 0.515400 
-2.640000 	 0.304277 
-2.620000 	 0.270298 
-2.600000 	 0.512270 
-2.580000 	 0.281062 
-2.560000 	 0.441591 
-2.540000 	 0.143068 
-2.520000 	 0.066675 
-2.500000 	 0.478890 
-2.480000 	 0.190524 
-2.460000 	 0.134637 
-2.440000 	 0.039282 
-2.420000 	 -0.002045 
-2.400000 	 0.253432 
-2.380000 	 0.207045 
-2.360000 	 0.152602 
-2.340000 	 0.056369 
-2.320000 	 0.177668 
-2.300000 	 0.513488 
-2.280000 	 0.281787 
-2.260000 	 0.258696 
-2.240000 	 0.202695 
-2.220000 	 0.193550 
-2.200000 	 0.464257 
-2.180000 	 0.395185 
-2.160000 	 0.608063 
-2.140000 	 0.398281 
-2.120000 	 0.209440 
-2.100000 	 0.278682 
-2.080000 	 0.265080 
-2.060000 	 0.161043 
-2.040000 	 0.139740 
-2.020000 	 0.359375 
-2.000000 	 0.125357 
-1.980000 	 0.283229 
-1.960000 	 0.409570 
-1.940000 	 0.161266 
-1.920000 	 0.230453 
-1.900000 	 0.177476 
-1.880000 	 0.232006 
-1.860000 	 0.294452 
-1.840000 	 0.037820 
-1.820000 	 0.379147 
-1.800000 	 0.117070 
-1.780000 	 0.162137 
-1.760000 	 0.159034 
-1.740000 	 0.198130 
-1.720000 	 0.322392 
-1.700000 	 0.191668 
-1.680000 	 0.153535 
-1.660000 	 0.013504 
-1.640000 	 0.274283 
-1.620000 	 0.194328 
-1.600000 	 0.235871 
-1.580000 	 0.261430 
-1.560000 	 0.206559 
-1.540000 	 0.071776 
-1.520000 	 0.118850 
-1.500000 	 0.283724 
-1.480000 	 -0.113376 
-1.460000 	 0.000292 
-1.440000 	 0.054441 
-1.420000 	 0.142791 
-1.400000 	 -0.116334 
-1.380000 	 -0.085436 
-1.360000 	 0.162974 
-1.340000 	 0.378437 
-1.320000 	 0.400000 
-1.300000 	 0.159982 
-1.280000 	 -0.032773 
-1.260000 	 0.195469 
-1.240000 	 0.542435 
-1.220000 	 0.222066 
-1.200000 	 0.212473 
-1.180000 	 -0.051184 
-1.160000 	 0.203513 
-1.140000 	 -0.057501 
-1.120000 	 0.426810 
-1.100000 	 0.158430 
-1.080000 	 0.374104 
-1.060000 	 -0.012879 
-1.040000 	 0.190786 
-1.020000 	 0.318402 
-1.000000 	 0.218067 
-0.980000 	 0.133000 
-0.960000 	 0.130927 
-0.940000 	 -0.063511 
-0.920000 	 0.100452 
-0.900000 	 0.200573 
-0.880000 	 0.150926 
-0.860000 	 -0.055834 
-0.840000 	 0.411574 
-0.820000 	 0.166904 
-0.800000 	 0.136487 
-0.780000 	 0.109879 
-0.760000 	 0.067350 
-0.740000 	 0.068800 
-0.720000 	 0.088409 
-0.700000 	 -0.082155 
-0.680000 	 -0.089376 
-0.660000 	 0.038628 
-0.640000 	 0.096402 
-0.620000 	 0.207218 
-0.600000 	 0.013228 
-0.580000 	 -0.056434 
-0.560000 	 0.071818 
-0.540000 	 0.146549 
-0.520000 	 0.185132 
-0.500000 	 0.160959 
-0.480000 	 0.078128 
-0.460000 	 0.242882 
-0.440000 	 0.175689 
-0.420000 	 0.217317 
-0.400000 	 0.124147 
-0.380000 	 -0.075162 
-0.360000 	 0.297558 
-0.340000 	 -0.014590 
-0.320000 	 0.012106 
-0.300000 	 0.041044 
-0.280000 	 0.142370 
-0.260000 	 0.254994 
-0.240000 	 0.330021 
-0.220000 	 0.225148 
-0.200000 	 -0.036661 
-0.180000 	 0.082696 
-0.160000 	 0.305143 
-0.140000 	 0.262002 
-0.120000 	 0.379713 
-0.100000 	 0.260791 
-0.080000 	 0.156285 
-0.060000 	 0.333855 
-0.040000 	 0.038786 
-0.020000 	 0.173657 
0.000000 	 0.143725 
0.020000 	 0.300125 
0.040000 	 0.296978 
0.060000 	 0.248370 
0.080000 	 0.443844 
0.100000 	 0.389111 
0.120000 	 0.311679 
0.140000 	 0.414207 
0.160000 	 0.196247 
0.180000 	 0.207528 
0.200000 	 0.275769 
0.220000 	 0.437500 
0.240000 	 0.007072 
0.260000 	 0.040085 
0.280000 	 0.233007 
0.300000 	 0.800000 
0.320000 	 0.231201 
0.340000 	 0.175030 
0.360000 	 0.220675 
0.380000 	 0.154594 
0.400000 	 0.214311 
0.420000 	 0.407123 
0.440000 	 0.392733 
0.460000 	 0.194289 
0.480000 	 0.245830 
0.500000 	 0.229398 
0.520000 	 0.610087 
0.540000 	 0.048989 
0.560000 	 0.337386 
0.580000 	 0.105457 
0.600000 	 0.311440 
0.620000 	 0.004122 
0.640000 	 0.436052 
0.660000 	 0.161436 
0.680000 	 0.136971 
0.700000 	 0.482009 
0.720000 	 0.558636 
0.740000 	 0.299321 
0.760000 	 0.505856 
0.780000 	 0.580001 
0.800000 	 0.524708 
0.820000 	 0.637259 
0.840000 	 0.686319 
0.860000 	 0.343916 
0.880000 	 0.556351 
0.900000 	 0.540902 
0.920000 	 0.835147 
0.940000 	 0.437560 
0.960000 	 0.412931 
0.980000 	 0.700238 
1.000000 	 0.442060 
1.020000 	 0.825679 
1.040000 	 0.611995 
1.060000 	 0.449843 
1.080000 	 0.864528 
1.100000 	 0.576228 
1.120000 	 0.460733 
1.140000 	 0.689695 
1.160000 	 0.521792 
1.180000 	 0.578409 
1.200000 	 0.692153 
1.220000 	 0.520425 
1.240000 	 0.581278 
1.260000 	 0.682251 
1.280000 	 0.579059 
1.300000 	 0.586410 
1.320000 	 0.698214 
1.340000 	 0.654552 
1.360000 	 0.942952 
1.380000 	 0.720756 
1.400000 	 0.785284 
1.420000 	 0.652759 
1.440000 	 0.995392 
1.460000 	 0.583921 
1.480000 	 0.701335 
1.500000 	 0.867786 
1.520000 	 0.731307 
1.540000 	 0.734493 
1.560000 	 0.617148 
1.580000 	 1.074073 
1.600000 	 0.767137 
1.620000 	 0.762801 
1.640000 	 0.831472 
1.660000 	 0.739006 
1.680000 	 1.043204 
1.700000 	 0.756134 
1.720000 	 0.790423 
1.740000 	 0.604062 
1.760000 	 1.053460 
1.780000 	 0.957760 
1.800000 	 0.967902 
1.820000 	 1.086610 
1.840000 	 0.989557 
1.860000 	 0.918708 
1.880000 	 1.002486 
1.900000 	 0.925262 
1.920000 	 1.006987 
1.940000 	 1.021917 
1.960000 	 1.103265 
1.980000 	 0.995260 
2.000000 	 0.867578 
2.020000 	 0.811382 
2.040000 	 0.945860 
2.060000 	 0.854510 
2.080000 	 1.199477 
2.100000 	 1.030724 
2.120000 	 0.775013 
2.140000 	 0.852428 
2.160000 	 0.907191 
2.180000 	 1.324448 
2.200000 	 1.075928 
2.220000 	 1.093767 
2.240000 	 1.423594 
2.260000 	 1.083089 
2.280000 	 1.089813 
2.300000 	 1.041882 
2.320000 	 1.313202 
2.340000 	 1.225038 
2.360000 	 1.103533 
2.380000 	 1.282048 
2.400000 	 1.392334 
2.420000 	 1.212738 
2.440000 	 1.136747 
2.460000 	 1.199815 
2.480000 	 1.050463 
2.500000 	 1.043685 
2.520000 	 1.205244 
2.540000 	 1.338633 
2.560000 	 1.099897 
2.580000 	 1.122743 
2.600000 	 1.195118 
2.620000 	 1.337809 
2.640000 	 1.353029 
2.660000 	 1.154271 
2.680000 	 1.444385 
2.700000 	 1.226693 
2.720000 	 1.491801 
2.740000 	 1.230549 
2.760000 	 1.366698 
2.780000 	 1.571081 
2.800000 	 1.239862 
2.820000 	 1.227180 
2.840000 	 1.344656 
2.860000 	 1.556245 
2.880000 	 1.399175 
2.900000 	 1.527603 
2.920000 	 1.474442 
2.940000 	 1.627620 
2.960000 	 1.249866 
2.980000 	 1.524144 
3.000000 	 1.460889 
3.020000 	 1.429853 
3.040000 	 1.311725 
3.060000 	 1.326294 
3.080000 	 1.597094 
3.100000 	 1.384524 
3.120000 	 1.295626 
3.140000 	 1.597311 
3.160000 	 1.340060 
3.180000 	 1.199329 
3.200000 	 1.659393 
3.220000 	 1.282619 
3.240000 	 1.732628 
3.260000 	 1.396843 
3.280000 	 1.677696 
3.300000 	 1.630429 
3.320000 	 1.484294 
3.340000 	 1.500845 
3.360000 	 1.581861 
3.380000 	 1.544921 
3.400000 	 1.298817 
3.420000 	 1.628907 
3.440000 	 1.928366 
3.460000 	 1.634003 
3.480000 	 1.599940 
3.500000 	 1.393615 
3.520000 	 1.340285 
3.540000 	 1.623567 
3.560000 	 1.733813 
3.580000 	 1.628716 
3.600000 	 1.391398 
3.620000 	 1.514990 
3.640000 	 1.321526 
3.660000 	 1.493406 
3.680000 	 1.697250 
3.700000 	 1.434566 
3.720000 	 1.503593 
3.740000 	 1.456260 
3.760000 	 1.715211 
3.780000 	 1.797152 
3.800000 	 1.921590 
3.820000 	 1.699130 
3.840000 	 1.970370 
3.860000 	 1.420683 
3.880000 	 1.790410 
3.900000 	 1.427749 
3.920000 	 1.374369 
3.940000 	 1.829440 
3.960000 	 1.523692 
3.980000 	 1.577889 
4.000000 	 1.666861 
4.020000 	 1.833550 
4.040000 	 1.392407 
4.060000 	 1.406765 
4.080000 	 1.479141 
4.100000 	 1.290189 
4.120000 	 1.532681 
4.140000 	 1.238860 
4.160000 	 1.350021 
4.180000 	 1.479648 
4.200000 	 1.465177 
4.220000 	 1.526307 
4.240000 	 1.325258 
4.260000 	 1.595351 
4.280000 	 1.381108 
4.300000 	 1.983510 
4.320000 	 1.721436 
4.340000 	 1.728598 
4.360000 	 1.674923 
4.380000 	 1.342266 
4.400000 	 1.522356 
4.420000 	 1.745305 
4.440000 	 1.363874 
4.460000 	 1.564529 
4.480000 	 1.537482 
4.500000 	 1.658920 
4.520000 	 1.338796 
4.540000 	 1.400703 
4.560000 	 2.015659 
4.580000 	 1.612093 
4.600000 	 1.502272 
4.620000 	 1.501338 
4.640000 	 1.165998 
4.660000 	 1.725023 
4.680000 	 1.425884 
4.700000 	 1.306442 
4.720000 	 1.587449 
4.740000 	 1.440081 
4.760000 	 1.559197 
4.780000 	 1.520753 
4.800000 	 1.460762 
4.820000 	 1.323410 
4.840000 	 1.614138 
4.860000 	 1.621995 
4.880000 	 1.496187 
4.900000 	 1.550593 
4.920000 	 1.524490 
4.940000 	 1.236149 
4.960000 	 1.264630 
4.980000 	 1.330886 
5.000000 	 1.301379 
5.020000 	 1.399186 
5.040000 	 1.495876 
5.060000 	 1.439191 
5.080000 	 1.236247 
5.100000 	 1.299745 
5.120000 	 1.514475 
5.140000 	 1.384502 
5.160000 	 1.618517 
5.180000 	 1.424057 
5.200000 	 1.256855 
5.220000 	 1.392409 
5.240000 	 1.219555 
5.260000 	 1.383294 
5.280000 	 1.428063 
5.300000 	 1.213713 
5.320000 	 1.337880 
5.340000 	 1.480029 
5.360000 	 1.296279 
5.380000 	 1.389572 
5.400000 	 1.228959 
5.420000 	 1.316906 
5.440000 	 1.420313 
5.460000 	 1.037397 
5.480000 	 1.404847 
5.500000 	 1.435965 
5.520000 	 1.162233 
5.540000 	 1.055023 
5.560000 	 1.200428 
5.580000 	 1.295807 
5.600000 	 0.827467 
5.620000 	 1.000970 
5.640000 	 1.148754 
5.660000 	 0.735351 
5.680000 	 1.194042 
5.700000 	 1.113926 
5.720000 	 0.980583 
5.740000 	 1.305199 
5.760000 	 1.116707 
5.780000 	 1.151734 
5.800000 	 0.961719 
5.820000 	 0.897430 
5.840000 	 1.159979 
5.860000 	 0.972493 
5.880000 	 1.224420 
5.900000 	 1.102239 
5.920000 	 1.211577 
5.940000 	 0.946815 
5.960000 	 0.886116 
5.980000 	 0.752742 
6.000000 	 0.942132 
6.020000 	 1.133965 
6.040000 	 1.111910 
6.060000 	 0.926388 
6.080000 	 1.388511 
6.100000 	 0.965786 
6.120000 	 0.731711 
6.140000 	 1.133181 
6.160000 	 0.918800 
6.180000 	 0.942447 
6.200000 	 0.941420 
6.220000 	 0.689256 
6.240000 	 0.772402 
6.260000 	 0.686971 
6.280000 	 0.783185 
6.300000 	 0.711780 
6.320000 	 1.069389 
6.340000 	 0.826017 
6.360000 	 0.611452 
6.380000 	 0.820194 
6.400000 	 0.895335 
6.420000 	 0.716330 
6.440000 	 0.877791 
6.460000 	 0.831058 
6.480000 	 0.748690 
6.500000 	 0.439487 
6.520000 	 0.488693 
6.540000 	 0.886982 
6.560000 	 0.838549 
6.580000 	 0.854309 
6.600000 	 0.775743 
6.620000 	 0.860473 
6.640000 	 0.720830 
6.660000 	 0.599095 
6.680000 	 0.520814 
6.700000 	 0.555359 
6.720000 	 0.755300 
6.740000 	 0.622971 
6.760000 	 0.785851 
6.780000 	 0.382435 
6.800000 	 0.593995 
6.820000 	 0.807502 
6.840000 	 0.473910 
6.860000 	 0.669001 
6.880000 	 0.635432 
6.900000 	 0.772765 
6.920000 	 0.689505 
6.940000 	 0.616029 
6.960000 	 0.436128 
6.980000 	 0.463099 
7.000000 	 0.576338 
7.020000 	 0.654512 
7.040000 	 0.331952 
7.060000 	 0.566297 
7.080000 	 0.447613 
7.100000 	 0.607957 
7.120000 	 0.436430 
7.140000 	 0.491635 
7.160000 	 0.663878 
7.180000 	 0.592420 
7.200000 	 0.231457 
7.220000 	 0.505689 
7.240000 	 0.281352 
7.260000 	 0.494906 
7.280000 	 0.224356 
7.300000 	 0.351224 
7.320000 	 0.791700 
7.340000 	 0.469755 
7.360000 	 0.148108 
7.380000 	 0.465695 
7.400000 	 0.427097 
7.420000 	 0.130867 
7.440000 	 0.332968 
7.460000 	 0.346927 
7.480000 	 0.386120 
7.500000 	 0.113764 
7.520000 	 0.438319 
7.540000 	 0.148282 
7.560000 	 0.338989 
7.580000 	 0.428629 
7.600000 	 0.397632 
7.620000 	 0.142891 
7.640000 	 0.099985 
7.660000 	 0.347576 
7.680000 	 0.465389 
7.700000 	 -0.079021 
7.720000 	 0.242080 
7.740000 	 0.256548 
7.760000 	 0.334012 
7.780000 	 0.120933 
7.800000 	 0.275680 
7.820000 	 0.387052 
7.840000 	 0.371175 
7.860000 	 0.141689 
7.880000 	 0.339140 
7.900000 	 0.114660 
7.920000 	 0.207062 
7.940000 	 -0.071258 
7.960000 	 0.268633 
7.980000 	 0.346014 
8.000000 	 0.170274 
8.020000 	 0.252125 
8.040000 	 0.178829 
8.060000 	 0.195054 
8.080000 	 0.236731 
8.100000 	 -0.029257 
8.120000 	 0.239505 
8.140000 	 0.146321 
8.160000 	 -0.025981 
8.180000 	 0.360924 
8.200000 	 0.326776 
8.220000 	 -0.094116 
8.240000 	 0.307471 
8.260000 	 0.019643 
8.280000 	 0.287812 
8.300000 	 0.331263 
8.320000 	 0.182367 
8.340000 	 0.477938 
8.360000 	 0.166642 
8.380000 	 0.170886 
8.400000 	 0.305393 
8.420000 	 -0.193797 
8.440000 	 -0.073472 
8.460000 	 0.037508 
8.480000 	 0.188606 
8.500000 	 -0.031953 
8.520000 	 -0.054262 
8.540000 	 -0.087518 
8.560000 	 0.182798 
8.580000 	 0.143024 
8.600000 	 0.295684 
8.620000 	 0.005868 
8.640000 	 0.308170 
8.660000 	 0.322435 
8.680000 	 0.077964 
8.700000 	 0.025758 
8.720000 	 0.039747 
8.740000 	 -0.137106 
8.760000 	 -0.135565 
8.780000 	 0.041288 
8.800000 	 0.334662 
8.820000 	 -0.023801 
8.840000 	 0.118519 
8.860000 	 0.006668 
8.880000 	 0.102904 
8.900000 	 -0.205409 
8.920000 	 0.059721 
8.940000 	 0.222085 
8.960000 	 0.117130 
8.980000 	 0.100000 
9.000000 	 0.298342 
9.020000 	 0.175561 
9.040000 	 0.414247 
9.060000 	 0.198760 
9.080000 	 -0.260811 
9.100000 	 0.025065 
9.120000 	 0.160341 
9.140000 	 -0.192111 
9.160000 	 -0.103107 
9.180000 	 0.111215 
9.200000 	 0.050366 
9.220000 	 0.052337 
9.240000 	 0.122082 
9.260000 	 -0.066983 
9.280000 	 0.014804 
9.300000 	 -0.182745 
9.320000 	 0.283398 
9.340000 	 0.224310 
9.360000 	 0.089567 
9.380000 	 0.081535 
9.400000 	 0.152056 
9.420000 	 0.257867 
9.440000 	 0.082600 
9.460000 	 -0.004224 
9.480000 	 0.018304 
9.500000 	 -0.089218 
9.520000 	 0.308340 
9.540000 	 -0.049168 
9.560000 	 -0.056985 
9.580000 	 -0.074410 
9.600000 	 0.103542 
9.620000 	 -0.031600 
9.640000 	 0.202678 
9.660000 	 -0.166972 
9.680000 	 -0.060201 
9.700000 	 -0.011764 
9.720000 	 0.118425 
9.740000 	 0.029567 
9.760000 	 0.012359 
9.780000 	 -0.117378 
9.800000 	 0.187232 
9.820000 	 -0.109672 
9.840000 	 0.230413 
9.860000 	 0.171221 
9.880000 	 0.168235 
9.900000 	 0.064446 
9.920000 	 -0.111426 
9.940000 	 -0.070130 
9.960000 	 -0.261916 
9.980000 	 0.198206 
10.000000 	 -0.073381 
10.020000 	 -0.071764 
10.040000 	 -0.188860 
10.060000 	 0.114301 
10.080000 	 0.147112 
10.100000 	 0.108212 
10.120000 	 -0.097471 
10.140000 	 0.135656 
10.160000 	 -0.172409 
10.180000 	 0.164109 
10.200000 	 0.170924 
10.220000 	 0.076845 
10.240000 	 0.031819 
10.260000 	 -0.142624 
10.280000 	 -0.075453 
10.300000 	 -0.067409 
10.320000 	 -0.060974 
10.340000 	 -0.093254 
10.360000 	 0.100840 
10.380000 	 -0.103375 
10.400000 	 -0.056111 
10.420000 	 0.036160 
10.440000 	 -0.005590 
10.460000 	 0.157940 
10.480000 	 0.141541 
10.500000 	 0.203315 
10.520000 	 -0.216850 
10.540000 	 0.009179 
10.560000 	 0.001017 
10.580000 	 -0.259921 
10.600000 	 -0.197759 
10.620000 	 -0.106984 
10.640000 	 -0.158870 
10.660000 	 0.152016 
10.680000 	 -0.031935 
10.700000 	 -0.284220 
10.720000 	 0.113792 
10.740000 	 -0.084282 
10.760000 	 0.004136 
10.780000 	 0.160409 
10.800000 	 0.183838 
10.820000 	 -0.135625 
10.840000 	 0.364773 
10.860000 	 0.088923 
10.880000 	 0.320909 
10.900000 	 -0.040027 
10.920000 	 0.156864 
10.940000 	 0.252063 
10.960000 	 -0.245900 
10.980000 	 0.242206 
11.000000 	 0.256137 
11.020000 	 0.138593 
11.040000 	 0.066005 
11.060000 	 0.141770 
11.080000 	 0.038415 
11.100000 	 0.185634 
11.120000 	 -0.056109 
11.140000 	 -0.132957 
11.160000 	 -0.176205 
11.180000 	 0.199645 
11.200000 	 -0.019858 
11.220000 	 0.360706 
11.240000 	 -0.022794 
11.260000 	 0.055253 
11.280000 	 0.243988 
11.300000 	 0.106274 
11.320000 	 -0.030664 
11.340000 	 0.239918 
11.360000 	 -0.073926 
11.380000 	 0.163032 
11.400000 	 -0.227165 
11.420000 	 0.343823 
11.440000 	 -0.121751 
11.460000 	 0.028307 
11.480000 	 -0.072769 
11.500000 	 -0.253651 
11.520000 	 -0.075877 
11.540000 	 0.005569 
11.560000 	 -0.025931 
11.580000 	 0.041157 
11.600000 	 -0.260635 
11.620000 	 0.268290 
11.640000 	 0.065007 
11.660000 	 -0.045176 
11.680000 	 -0.345336 
11.700000 	 -0.125228 
11.720000 	 0.248798 
11.740000 	 0.109718 
11.760000 	 -0.062010 
11.780000 	 -0.101737 
11.800000 	 -0.095247 
11.820000 	 0.050223 
11.840000 	 -0.285843 
11.860000 	 0.021694 
11.880000 	 0.045920 
11.900000 	 -0.459597 
11.920000 	 -0.003677 
11.940000 	 -0.165687 
11.960000 	 -0.222360 
11.980000 	 -0.018541 
12.000000 	 -0.028512 
12.020000 	 0.081948 
12.040000 	 0.051059 
12.060000 	 0.028213 
12.080000 	 0.800000 
12.100000 	 0.121826 
12.120000 	 0.227913 
12.140000 	 0.186895 
12.160000 	 0.214376 
12.180000 	 -0.063693 
12.200000 	 0.110798 
12.220000 	 0.072472 
12.240000 	 -0.079171 
12.260000 	 -0.007691 
12.280000 	 -0.003840 
12.300000 	 -0.021255 
12.320000 	 0.135245 
12.340000 	 -0.146745 
12.360000 	 -0.018779 
12.380000 	 -0.084317 
12.400000 	 0.075761 
12.420000 	 0.049616 
12.440000 	 -0.087321 
12.460000 	 -0.068421 
12.480000 	 0.004943 
12.500000 	 -0.175318 
12.520000 	 0.243509 
12.540000 	 0.003433 
12.560000 	 -0.033703 
12.580000 	 0.003887 
12.600000 	 -0.130695 
12.620000 	 -0.122834 
12.640000 	 0.024294 
12.660000 	 0.169181 
12.680000 	 0.204802 
12.700000 	 -0.234148 
12.720000 	 -0.020773 
12.740000 	 -0.131494 
12.760000 	 0.016705 
12.780000 	 -0.134030 
12.800000 	 -0.217639 
12.820000 	 0.133492 
12.840000 	 0.100202 
12.860000 	 -0.025232 
12.880000 	 -0.149553 
12.900000 	 0.237685 
12.920000 	 -0.023566 
12.940000 	 -0.159417 
12.960000 	 -0.144726 
12.980000 	 -0.089202 
13.000000 	 0.001523 
13.020000 	 -0.154458 
13.040000 	 -0.242489 
13.060000 	 0.157786 
13.080000 	 -0.368092 
13.100000 	 -0.147032 
13.120000 	 -0.041378 
13.140000 	 -0.095086 
13.160000 	 -0.010408 
13.180000 	 0.004015 
13.200000 	 0.094452 
13.220000 	 -0.149876 
13.240000 	 0.000768 
13.260000 	 0.204569 
13.280000 	 -0.016056 
13.300000 	 0.036507 
13.320000 	 0.149901 
13.340000 	 0.241438 
13.360000 	 0.040316 
13.380000 	 -0.132479 
13.400000 	 0.079062 
13.420000 	 0.288626 
13.440000 	 -0.262457 
13.460000 	 0.353323 
13.480000 	 0.156557 
13.500000 	 -0.413072 
13.520000 	 0.298537 
13.540000 	 0.138125 
13.560000 	 -0.223385 
13.580000 	 0.004885 
13.600000 	 0.172457 
13.620000 	 -0.072993 
13.640000 	 -0.280131 
13.660000 	 0.174500 
13.680000 	 0.113191 
13.700000 	 0.042650 
13.720000 	 0.030343 
13.740000 	 0.170450 
13.760000 	 0.047089 
13.780000 	 0.018552 
13.800000 	 0.246443 
13.820000 	 0.137936 
13.840000 	 -0.162630 
13.860000 	 -0.011984 
13.880000 	 -0.099320 
13.900000 	 0.109709 
13.920000 	 0.284358 
13.940000 	 -0.069424 
13.960000 	 0.059523 
13.980000 	 -0.084827 
14.000000 	 -0.039295 
14.020000 	 -0.131736 
14.040000 	 0.153537 
14.060000 	 -0.109226 
14.080000 	 -0.253540 
14.100000 	 0.077824 
14.120000 	 -0.010077 
14.140000 	 -0.088074 
14.160000 	 -0.008161 
14.180000 	 0.165417 
14.200000 	 0.246301 
14.220000 	 -0.091794 
14.240000 	 -0.034085 
14.260000 	 -0.279031 
14.280000 	 -0.030235 
14.300000 	 -0.071733 
14.320000 	 -0.218733 
14.340000 	 -0.112632 
14.360000 	 -0.024120 
14.380000 	 0.042148 
14.400000 	 -0.026471 
14.420000 	 0.108258 
14.440000 	 -0.255213 
14.460000 	 -0.124028 
14.480000 	 -0.021824 
14.500000 	 -0.059991 
14.520000 	 -0.036674 
14.540000 	 -0.343487 
14.560000 	 0.183619 
14.580000 	 -0.190698 
14.600000 	 0.245916 
14.620000 	 0.133396 
14.640000 	 0.008680 
14.660000 	 0.165358 
14.680000 	 0.092404 
14.700000 	 -0.080292 
14.720000 	 -0.064989 
14.740000 	 0.163668 
14.760000 	 -0.213699 
14.780000 	 -0.061186 
14.800000 	 0.071760 
14.820000 	 0.019712 
14.840000 	 -0.060658 
14.860000 	 -0.038162 
14.880000 	 0.385410 
14.900000 	 0.086592 
14.920000 	 0.214440 
14.940000 	 0.044057 
14.960000 	 0.010148 
14.980000 	 0.187149 
15.000000 	 -0.213175 
