-15.000000 	 -0.081789 
-14.980000 	 -0.036754 
-14.960000 	 0.031447 
-14.940000 	 0.178025 
-14.920000 	 -0.007531 
-14.900000 	 0.097615 
-14.880000 	 0.310890 
-14.860000 	 -0.212461 
-14.840000 	 -0.116608 
-14.820000 	 0.331454 
-14.800000 	 -0.202113 
-14.780000 	 -0.275419 
-14.760000 	 -0.318363 
-14.740000 	 0.046937 
-14.720000 	 0.125089 
-14.700000 	 0.185870 
-14.680000 	 0.162566 
-14.660000 	 0.097121 
-14.640000 	 0.009687 
-14.620000 	 0.113668 
-14.600000 	 -0.124028 
-14.580000 	 -0.107353 
-14.560000 	 -0.008627 
-14.540000 	 0.177138 
-14.520000 	 -0.074756 
-14.500000 	 -0.003286 
-14.480000 	 -0.034412 
-14.460000 	 0.099121 
-14.440000 	 -0.083148 
-14.420000 	 0.024560 
-14.400000 	 0.107450 
-14.380000 	 -0.077324 
-14.360000 	 0.028607 
-14.340000 	 -0.254475 
-14.320000 	 -0.012294 
-14.300000 	 0.109404 
-14.280000 	 0.142454 
-14.260000 	 -0.031406 
-14.240000 	 0.249754 
-14.220000 	 -0.171070 
-14.200000 	 -0.187677 
-14.180000 	 -0.228274 
-14.160000 	 0.269385 
-14.140000 	 0.035758 
-14.120000 	 0.066606 
-14.100000 	 0.048341 
-14.080000 	 0.041928 
-14.060000 	 -0.107301 
-14.040000 	 0.232950 
-14.020000 	 -0.265025 
-14.000000 	 0.054974 
-13.980000 	 0.117321 
-13.960000 	 -0.112969 
-13.940000 	 0.000128 
-13.920000 	 0.222506 
-13.900000 	 0.132852 
-13.880000 	 -0.092413 
-13.860000 	 -0.237533 
-13.840000 	 0.176797 
-13.820000 	 0.011110 
-13.800000 	 0.165681 
-13.780000 	 -0.269856 
-13.760000 	 0.044313 
-13.740000 	 -0.015421 
-13.720000 	 -0.242019 
-13.700000 	 -0.093201 
-13.680000 	 0.058655 
-13.660000 	 -0.076332 
-13.640000 	 0.138013 
-13.620000 	 0.117561 
-13.600000 	 -0.154643 
-13.580000 	 -0.023644 
-13.560000 	 0.343480 
-13.540000 	 0.053341 
-13.520000 	 -0.144377 
-13.500000 	 0.144243 
-13.480000 	 0.192181 
-13.460000 	 0.051456 
-13.440000 	 0.043787 
-13.420000 	 0.002585 
-13.400000 	 0.153456 
-13.380000 	 0.131460 
-13.360000 	 -0.100779 
-13.340000 	 -0.119149 
-13.320000 	 0.064779 
-13.300000 	 -0.008575 
-13.280000 	 -0.152632 
-13.260000 	 -0.136252 
-13.240000 	 -0.038007 
-13.220000 	 -0.044014 
-13.200000 	 -0.186041 
-13.180000 	 -0.189470 
-13.160000 	 0.318177 
-13.140000 	 0.116201 
-13.120000 	 0.216061 
-13.100000 	 0.278762 
-13.080000 	 0.018998 
-13.060000 	 -0.049046 
-13.040000 	 -0.023437 
-13.020000 	 -0.105806 
-13.000000 	 0.091761 
-12.980000 	 -0.216112 
-12.960000 	 0.068497 
-12.940000 	 0.158118 
-12.920000 	 0.166844 
-12.900000 	 -0.086009 
-12.880000 	 0.074818 
-12.860000 	 -0.085973 
-12.840000 	 -0.291616 
-12.820000 	 0.161397 
-12.800000 	 -0.158572 
-12.780000 	 0.178562 
-12.760000 	 -0.134675 
-12.740000 	 0.315349 
-12.720000 	 -0.008775 
-12.700000 	 -0.001080 
-12.680000 	 0.176683 
-12.660000 	 0.253478 
-12.640000 	 -0.122776 
-12.620000 	 0.002172 
-12.600000 	 0.093087 
-12.580000 	 -0.167219 
-12.560000 	 -0.022404 
-12.540000 	 0.198280 
-12.520000 	 -0.005024 
-12.500000 	 -0.062318 
-12.480000 	 -0.242776 
-12.460000 	 -0.178476 
-12.440000 	 -0.284546 
-12.420000 	 -0.035060 
-12.400000 	 0.079635 
-12.380000 	 -0.007874 
-12.360000 	 0.206980 
-12.340000 	 -0.023724 
-12.320000 	 -0.144276 
-12.300000 	 0.103782 
-12.280000 	 -0.087703 
-12.260000 	 -0.008328 
-12.240000 	 -0.002199 
-12.220000 	 -0.050097 
-12.200000 	 0.103521 
-12.180000 	 0.227736 
-12.160000 	 0.143319 
-12.140000 	 0.087201 
-12.120000 	 0.234801 
-12.100000 	 0.008380 
-12.080000 	 -0.111467 
-12.060000 	 0.065981 
-12.040000 	 0.028488 
-12.020000 	 -0.035435 
-12.000000 	 0.009895 
-11.980000 	 -0.032684 
-11.960000 	 -0.145189 
-11.940000 	 -0.044997 
-11.920000 	 -0.018042 
-11.900000 	 -0.547139 
-11.880000 	 0.041257 
-11.860000 	 -0.026633 
-11.840000 	 0.002665 
-11.820000 	 0.144712 
-11.800000 	 -0.030108 
-11.780000 	 0.154005 
-11.760000 	 -0.020394 
-11.740000 	 0.277384 
-11.720000 	 -0.070971 
-11.700000 	 -0.026632 
-11.680000 	 -0.155274 
-11.660000 	 0.109847 
-11.640000 	 0.167333 
-11.620000 	 -0.300204 
-11.600000 	 -0.177136 
-11.580000 	 -0.099440 
-11.560000 	 0.324496 
-11.540000 	 0.060689 
-11.520000 	 -0.120157 
-11.500000 	 -0.010359 
-11.480000 	 -0.337984 
-11.460000 	 -0.122816 
-11.440000 	 -0.089434 
-11.420000 	 0.072119 
-11.400000 	 0.020496 
-11.380000 	 0.032725 
-11.360000 	 -0.038072 
-11.340000 	 -0.107655 
-11.320000 	 0.096570 
-11.300000 	 0.039069 
-11.280000 	 0.062355 
-11.260000 	 -0.215130 
-11.240000 	 -0.106697 
-11.220000 	 -0.228655 
-11.200000 	 -0.097395 
-11.180000 	 0.012719 
-11.160000 	 0.088046 
-11.140000 	 0.419804 
-11.120000 	 -0.213019 
-11.100000 	 0.109152 
-11.080000 	 -0.092911 
-11.060000 	 0.042188 
-11.040000 	 0.172230 
-11.020000 	 0.287365 
-11.000000 	 -0.139930 
-10.980000 	 -0.130703 
-10.960000 	 -0.013707 
-10.940000 	 -0.063944 
-10.920000 	 -0.168721 
-10.900000 	 -0.001835 
-10.880000 	 0.096044 
-10.860000 	 0.284021 
-10.840000 	 -0.048111 
-10.820000 	 0.046251 
-10.800000 	 0.071920 
-10.780000 	 -0.033021 
-10.760000 	 0.147261 
-10.740000 	 0.034096 
-10.720000 	 0.148984 
-10.700000 	 0.067897 
-10.680000 	 -0.049894 
-10.660000 	 -0.103924 
-10.640000 	 0.242941 
-10.620000 	 -0.071343 
-10.600000 	 0.142947 
-10.580000 	 -0.193567 
-10.560000 	 0.310038 
-10.540000 	 0.085526 
-10.520000 	 -0.436898 
-10.500000 	 -0.310182 
-10.480000 	 -0.300779 
-10.460000 	 0.234737 
-10.440000 	 -0.031617 
-10.420000 	 -0.159869 
-10.400000 	 0.142400 
-10.380000 	 0.007126 
-10.360000 	 -0.163868 
-10.340000 	 0.129732 
-10.320000 	 -0.029428 
-10.300000 	 -0.160220 
-10.280000 	 -0.185577 
-10.260000 	 0.105168 
-10.240000 	 0.048571 
-10.220000 	 0.199311 
-10.200000 	 0.400000 
-10.180000 	 0.022284 
-10.160000 	 -0.200027 
-10.140000 	 -0.186188 
-10.120000 	 -0.119141 
-10.100000 	 -0.187136 
-10.080000 	 0.176193 
-10.060000 	 0.040551 
-10.040000 	 0.084163 
-10.020000 	 -0.228258 
-10.000000 	 -0.280023 
-9.980000 	 -0.030630 
-9.960000 	 -0.306458 
-9.940000 	 0.053545 
-9.920000 	 -0.083432 
-9.900000 	 0.037853 
-9.880000 	 -0.056799 
-9.860000 	 -0.070979 
-9.840000 	 -0.260622 
-9.820000 	 -0.054162 
-9.800000 	 0.097322 
-9.780000 	 -0.295278 
-9.760000 	 -0.102009 
-9.740000 	 0.162352 
-9.720000 	 -0.234032 
-9.700000 	 -0.208199 
-9.680000 	 -0.068099 
-9.660000 	 0.000892 
-9.640000 	 0.089761 
-9.620000 	 -0.185728 
-9.600000 	 0.154863 
-9.580000 	 0.157070 
-9.560000 	 -0.072509 
-9.540000 	 0.181721 
-9.520000 	 -0.067421 
-9.500000 	 0.094151 
-9.480000 	 -0.095461 
-9.460000 	 0.269131 
-9.440000 	 0.087624 
-9.420000 	 0.052752 
-9.400000 	 0.090245 
-9.380000 	 -0.147850 
-9.360000 	 -0.111891 
-9.340000 	 0.054267 
-9.320000 	 0.249996 
-9.300000 	 0.088261 
-9.280000 	 -0.066565 
-9.260000 	 0.209029 
-9.240000 	 0.034508 
-9.220000 	 -0.085693 
-9.200000 	 -0.205184 
-9.180000 	 0.083495 
-9.160000 	 0.060217 
-9.140000 	 0.075812 
-9.120000 	 0.384144 
-9.100000 	 -0.160539 
-9.080000 	 -0.138683 
-9.060000 	 0.169386 
-9.040000 	 -0.126772 
-9.020000 	 0.071152 
-9.000000 	 -0.387547 
-8.980000 	 0.185790 
-8.960000 	 0.269762 
-8.940000 	 -0.132522 
-8.920000 	 -0.013926 
-8.900000 	 0.201290 
-8.880000 	 0.147211 
-8.860000 	 -0.121194 
-8.840000 	 -0.192825 
-8.820000 	 -0.234547 
-8.800000 	 0.085195 
-8.780000 	 -0.187916 
-8.760000 	 -0.272127 
-8.740000 	 -0.013924 
-8.720000 	 0.220613 
-8.700000 	 -0.006992 
-8.680000 	 0.072871 
-8.660000 	 0.014296 
-8.640000 	 -0.229408 
-8.620000 	 0.008189 
-8.600000 	 0.186196 
-8.580000 	 -0.113379 
-8.560000 	 -0.121684 
-8.540000 	 -0.118927 
-8.520000 	 0.072495 
-8.500000 	 0.097489 
-8.480000 	 0.215453 
-8.460000 	 0.067841 
-8.440000 	 0.053177 
-8.420000 	 0.048225 
-8.400000 	 0.184050 
-8.380000 	 0.159375 
-8.360000 	 0.218536 
-8.340000 	 -0.022613 
-8.320000 	 -0.033040 
-8.300000 	 0.107196 
-8.280000 	 0.008971 
-8.260000 	 0.088641 
-8.240000 	 0.146819 
-8.220000 	 0.095914 
-8.200000 	 -0.193754 
-8.180000 	 0.056155 
-8.160000 	 0.049683 
-8.140000 	 -0.030969 
-8.120000 	 0.058023 
-8.100000 	 0.188104 
-8.080000 	 -0.291163 
-8.060000 	 0.066776 
-8.040000 	 0.138632 
-8.020000 	 0.009370 
-8.000000 	 -0.086774 
-7.980000 	 0.068602 
-7.960000 	 0.085197 
-7.940000 	 -0.307212 
-7.920000 	 -0.128156 
-7.900000 	 0.057023 
-7.880000 	 0.181473 
-7.860000 	 0.106879 
-7.840000 	 -0.130263 
-7.820000 	 -0.144399 
-7.800000 	 0.030810 
-7.780000 	 -0.267931 
-7.760000 	 0.051194 
-7.740000 	 -0.137239 
-7.720000 	 0.059960 
-7.700000 	 0.078984 
-7.680000 	 -0.301519 
-7.660000 	 0.050484 
-7.640000 	 -0.207877 
-7.620000 	 0.109339 
-7.600000 	 0.069035 
-7.580000 	 0.075493 
-7.560000 	 -0.027016 
-7.540000 	 0.162414 
-7.520000 	 0.181558 
-7.500000 	 0.132392 
-7.480000 	 -0.221707 
-7.460000 	 0.041778 
-7.440000 	 0.249448 
-7.420000 	 -0.194746 
-7.400000 	 0.138890 
-7.380000 	 0.244084 
-7.360000 	 -0.095875 
-7.340000 	 -0.016618 
-7.320000 	 -0.043660 
-7.300000 	 0.172314 
-7.280000 	 0.212978 
-7.260000 	 0.034397 
-7.240000 	 0.039049 
-7.220000 	 0.017757 
-7.200000 	 -0.041584 
-7.180000 	 0.182054 
-7.160000 	 0.181613 
-7.140000 	 0.255968 
-7.120000 	 0.132953 
-7.100000 	 0.147347 
-7.080000 	 0.103131 
-7.060000 	 -0.007061 
-7.040000 	 -0.061322 
-7.020000 	 -0.099502 
-7.000000 	 -0.144665 
-6.980000 	 0.084899 
-6.960000 	 0.083688 
-6.940000 	 -0.033857 
-6.920000 	 0.138230 
-6.900000 	 -0.082348 
-6.880000 	 0.123968 
-6.860000 	 0.186127 
-6.840000 	 0.030271 
-6.820000 	 0.135087 
-6.800000 	 0.223130 
-6.780000 	 0.240771 
-6.760000 	 0.094270 
-6.740000 	 0.022888 
-6.720000 	 0.017237 
-6.700000 	 -0.065358 
-6.680000 	 0.069904 
-6.660000 	 -0.050039 
-6.640000 	 0.020440 
-6.620000 	 0.285039 
-6.600000 	 0.136520 
-6.580000 	 0.189215 
-6.560000 	 0.036616 
-6.540000 	 0.315271 
-6.520000 	 0.166167 
-6.500000 	 0.154809 
-6.480000 	 0.163665 
-6.460000 	 0.210155 
-6.440000 	 0.004260 
-6.420000 	 0.054561 
-6.400000 	 0.017658 
-6.380000 	 -0.015805 
-6.360000 	 -0.003440 
-6.340000 	 0.217079 
-6.320000 	 0.403975 
-6.300000 	 0.303624 
-6.280000 	 0.171784 
-6.260000 	 0.159626 
-6.240000 	 0.129588 
-6.220000 	 -0.129977 
-6.200000 	 0.215174 
-6.180000 	 0.124453 
-6.160000 	 -0.037531 
-6.140000 	 0.163637 
-6.120000 	 0.128214 
-6.100000 	 0.072391 
-6.080000 	 0.323349 
-6.060000 	 0.288631 
-6.040000 	 0.311010 
-6.020000 	 0.009048 
-6.000000 	 0.046739 
-5.980000 	 0.344973 
-5.960000 	 0.232603 
-5.940000 	 0.408199 
-5.920000 	 0.212193 
-5.900000 	 0.268909 
-5.880000 	 0.430438 
-5.860000 	 0.309567 
-5.840000 	 0.266973 
-5.820000 	 0.189944 
-5.800000 	 0.514480 
-5.780000 	 -0.004321 
-5.760000 	 0.554455 
-5.740000 	 0.434005 
-5.720000 	 0.418967 
-5.700000 	 0.408255 
-5.680000 	 0.528217 
-5.660000 	 0.339133 
-5.640000 	 0.201811 
-5.620000 	 0.292914 
-5.600000 	 0.250839 
-5.580000 	 0.269529 
-5.560000 	 0.553654 
-5.540000 	 0.359970 
-5.520000 	 0.419093 
-5.500000 	 0.452153 
-5.480000 	 0.224130 
-5.460000 	 0.245302 
-5.440000 	 0.245001 
-5.420000 	 0.344828 
-5.400000 	 0.451128 
-5.380000 	 0.194436 
-5.360000 	 0.372617 
-5.340000 	 0.283528 
-5.320000 	 0.237069 
-5.300000 	 0.492942 
-5.280000 	 0.328608 
-5.260000 	 0.182549 
-5.240000 	 0.412320 
-5.220000 	 0.490731 
-5.200000 	 0.362066 
-5.180000 	 0.534645 
-5.160000 	 0.498312 
-5.140000 	 0.235099 
-5.120000 	 0.619255 
-5.100000 	 0.106487 
-5.080000 	 0.594843 
-5.060000 	 0.434758 
-5.040000 	 0.202124 
-5.020000 	 0.347369 
-5.000000 	 0.677767 
-4.980000 	 0.237824 
-4.960000 	 0.504551 
-4.940000 	 0.379117 
-4.920000 	 0.542729 
-4.900000 	 0.346915 
-4.880000 	 0.417171 
-4.860000 	 0.518302 
-4.840000 	 0.527941 
-4.820000 	 0.290868 
-4.800000 	 0.403986 
-4.780000 	 0.285150 
-4.760000 	 0.439444 
-4.740000 	 0.650154 
-4.720000 	 0.422051 
-4.700000 	 0.602201 
-4.680000 	 0.208864 
-4.660000 	 0.252006 
-4.640000 	 0.363450 
-4.620000 	 0.386065 
-4.600000 	 0.245294 
-4.580000 	 0.383007 
-4.560000 	 0.263616 
-4.540000 	 0.457794 
-4.520000 	 0.608124 
-4.500000 	 0.656221 
-4.480000 	 0.378778 
-4.460000 	 0.643609 
-4.440000 	 0.657041 
-4.420000 	 0.391957 
-4.400000 	 0.662729 
-4.380000 	 0.400614 
-4.360000 	 0.781999 
-4.340000 	 0.410593 
-4.320000 	 0.460894 
-4.300000 	 0.503556 
-4.280000 	 0.672132 
-4.260000 	 0.547178 
-4.240000 	 0.182489 
-4.220000 	 0.414157 
-4.200000 	 0.408919 
-4.180000 	 0.575049 
-4.160000 	 0.354356 
-4.140000 	 0.542603 
-4.120000 	 0.520348 
-4.100000 	 0.435913 
-4.080000 	 0.480576 
-4.060000 	 0.481253 
-4.040000 	 0.506993 
-4.020000 	 0.275620 
-4.000000 	 0.662832 
-3.980000 	 0.502558 
-3.960000 	 0.754934 
-3.940000 	 0.506785 
-3.920000 	 0.266268 
-3.900000 	 0.612690 
-3.880000 	 0.565308 
-3.860000 	 0.694275 
-3.840000 	 0.376790 
-3.820000 	 0.637942 
-3.800000 	 0.502740 
-3.780000 	 0.464746 
-3.760000 	 0.453393 
-3.740000 	 0.603272 
-3.720000 	 0.558082 
-3.700000 	 0.589155 
-3.680000 	 0.578225 
-3.660000 	 0.423604 
-3.640000 	 0.388154 
-3.620000 	 0.315419 
-3.600000 	 0.526593 
-3.580000 	 0.503265 
-3.560000 	 0.368082 
-3.540000 	 0.463054 
-3.520000 	 0.980693 
-3.500000 	 0.468913 
-3.480000 	 0.383020 
-3.460000 	 0.191142 
-3.440000 	 0.718286 
-3.420000 	 0.250691 
-3.400000 	 0.526059 
-3.380000 	 0.271346 
-3.360000 	 0.263490 
-3.340000 	 0.428138 
-3.320000 	 0.614768 
-3.300000 	 0.148083 
-3.280000 	 0.352710 
-3.260000 	 0.479552 
-3.240000 	 0.342076 
-3.220000 	 0.433701 
-3.200000 	 0.522560 
-3.180000 	 0.558965 
-3.160000 	 0.463251 
-3.140000 	 0.416070 
-3.120000 	 0.452828 
-3.100000 	 0.524845 
-3.080000 	 0.391585 
-3.060000 	 0.642539 
-3.040000 	 0.561408 
-3.020000 	 0.236790 
-3.000000 	 0.110079 
-2.980000 	 0.472968 
-2.960000 	 0.346752 
-2.940000 	 0.315353 
-2.920000 	 0.182407 
-2.900000 	 0.132122 
-2.880000 	 0.380227 
-2.860000 	 0.545198 
-2.840000 	 0.427556 
-2.820000 	 0.351454 
-2.800000 	 0.195262 
-2.780000 	 0.558026 
-2.760000 	 0.562726 
-2.740000 	 0.317532 
-2.720000 	 0.363079 
-2.700000 	 0.415149 
-2.680000 	 0.490482 
-2.660000 	 0.420609 
-2.640000 	 0.457632 
-2.620000 	 0.389517 
-2.600000 	 0.550921 
-2.580000 	 0.251047 
-2.560000 	 0.382213 
-2.540000 	 0.234909 
-2.520000 	 0.405187 
-2.500000 	 0.303113 
-2.480000 	 0.431524 
-2.460000 	 0.596842 
-2.440000 	 0.567463 
-2.420000 	 0.229157 
-2.400000 	 0.350870 
-2.380000 	 0.368564 
-2.360000 	 0.227771 
-2.340000 	 0.253576 
-2.320000 	 0.217646 
-2.300000 	 0.185542 
-2.280000 	 0.421840 
-2.260000 	 0.328737 
-2.240000 	 0.224181 
-2.220000 	 0.262280 
-2.200000 	 0.370400 
-2.180000 	 0.599409 
-2.160000 	 0.286085 
-2.140000 	 0.314743 
-2.120000 	 0.303550 
-2.100000 	 0.049379 
-2.080000 	 0.076454 
-2.060000 	 0.108664 
-2.040000 	 0.430992 
-2.020000 	 0.177926 
-2.000000 	 0.270620 
-1.980000 	 0.100970 
-1.960000 	 0.390259 
-1.940000 	 0.174654 
-1.920000 	 -0.091864 
-1.900000 	 0.227603 
-1.880000 	 0.082174 
-1.860000 	 0.147285 
-1.840000 	 0.151409 
-1.820000 	 0.381815 
-1.800000 	 0.303289 
-1.780000 	 0.223792 
-1.760000 	 0.031016 
-1.740000 	 0.165675 
-1.720000 	 0.477867 
-1.700000 	 0.300426 
-1.680000 	 0.150957 
-1.660000 	 0.200475 
-1.640000 	 -0.015728 
-1.620000 	 0.092588 
-1.600000 	 0.563197 
-1.580000 	 -0.120514 
-1.560000 	 0.259195 
-1.540000 	 0.273820 
-1.520000 	 0.603271 
-1.500000 	 0.436790 
-1.480000 	 0.122646 
-1.460000 	 0.299794 
-1.440000 	 0.266627 
-1.420000 	 0.140714 
-1.400000 	 0.126335 
-1.380000 	 0.101474 
-1.360000 	 0.126447 
-1.340000 	 0.321985 
-1.320000 	 0.280617 
-1.300000 	 0.341764 
-1.280000 	 0.144423 
-1.260000 	 0.354064 
-1.240000 	 0.300000 
-1.220000 	 0.239231 
-1.200000 	 0.313125 
-1.180000 	 0.454747 
-1.160000 	 -0.024665 
-1.140000 	 0.266302 
-1.120000 	 0.456469 
-1.100000 	 0.119848 
-1.080000 	 0.141546 
-1.060000 	 0.298926 
-1.040000 	 0.259826 
-1.020000 	 0.182384 
-1.000000 	 0.092337 
-0.980000 	 0.363950 
-0.960000 	 0.140696 
-0.940000 	 0.302105 
-0.920000 	 0.384976 
-0.900000 	 0.033842 
-0.880000 	 0.323360 
-0.860000 	 -0.379064 
-0.840000 	 0.398825 
-0.820000 	 -0.094265 
-0.800000 	 0.362815 
-0.780000 	 0.295266 
-0.760000 	 -0.039297 
-0.740000 	 0.303560 
-0.720000 	 0.246027 
-0.700000 	 0.148670 
-0.680000 	 -0.095963 
-0.660000 	 0.057516 
-0.640000 	 0.238797 
-0.620000 	 0.245956 
-0.600000 	 0.232574 
-0.580000 	 0.231593 
-0.560000 	 0.409473 
-0.540000 	 0.426366 
-0.520000 	 0.191945 
-0.500000 	 0.304486 
-0.480000 	 0.094711 
-0.460000 	 0.173559 
-0.440000 	 0.192215 
-0.420000 	 -0.002765 
-0.400000 	 0.231036 
-0.380000 	 0.127736 
-0.360000 	 -0.157736 
-0.340000 	 0.164603 
-0.320000 	 0.253527 
-0.300000 	 0.446381 
-0.280000 	 0.091618 
-0.260000 	 -0.096630 
-0.240000 	 0.253283 
-0.220000 	 0.178383 
-0.200000 	 -0.011414 
-0.180000 	 0.173065 
-0.160000 	 0.158273 
-0.140000 	 0.031153 
-0.120000 	 0.253175 
-0.100000 	 0.153745 
-0.080000 	 0.193110 
-0.060000 	 0.086173 
-0.040000 	 0.285255 
-0.020000 	 0.257058 
0.000000 	 0.158936 
0.020000 	 0.220508 
0.040000 	 0.066172 
0.060000 	 0.165660 
0.080000 	 0.402064 
0.100000 	 0.123617 
0.120000 	 0.222636 
0.140000 	 0.386588 
0.160000 	 0.425797 
0.180000 	 0.238346 
0.200000 	 0.259480 
0.220000 	 0.194730 
0.240000 	 0.117893 
0.260000 	 0.579883 
0.280000 	 0.305284 
0.300000 	 0.390775 
0.320000 	 0.512619 
0.340000 	 0.359695 
0.360000 	 0.416366 
0.380000 	 0.473617 
0.400000 	 0.364154 
0.420000 	 0.302206 
0.440000 	 0.393991 
0.460000 	 0.098990 
0.480000 	 0.239575 
0.500000 	 0.203332 
0.520000 	 0.158425 
0.540000 	 0.279079 
0.560000 	 0.195714 
0.580000 	 0.167392 
0.600000 	 0.217303 
0.620000 	 0.503106 
0.640000 	 0.027356 
0.660000 	 0.056164 
0.680000 	 0.366679 
0.700000 	 0.713341 
0.720000 	 0.588379 
0.740000 	 0.800410 
0.760000 	 0.473882 
0.780000 	 0.380941 
0.800000 	 0.330158 
0.820000 	 0.409865 
0.840000 	 0.276553 
0.860000 	 0.541204 
0.880000 	 0.457542 
0.900000 	 0.520036 
0.920000 	 0.645560 
0.940000 	 0.522144 
0.960000 	 0.758399 
0.980000 	 0.394779 
1.000000 	 0.539183 
1.020000 	 0.557775 
1.040000 	 0.690556 
1.060000 	 0.477492 
1.080000 	 0.584504 
1.100000 	 0.647814 
1.120000 	 0.468704 
1.140000 	 0.611257 
1.160000 	 0.479060 
1.180000 	 0.661155 
1.200000 	 0.553797 
1.220000 	 0.760894 
1.240000 	 0.772554 
1.260000 	 0.636208 
1.280000 	 0.590407 
1.300000 	 0.739858 
1.320000 	 0.599856 
1.340000 	 0.782581 
1.360000 	 0.724417 
1.380000 	 0.624515 
1.400000 	 0.789019 
1.420000 	 0.844095 
1.440000 	 0.854118 
1.460000 	 0.790705 
1.480000 	 0.633662 
1.500000 	 0.496393 
1.520000 	 0.622514 
1.540000 	 0.768261 
1.560000 	 0.650465 
1.580000 	 0.741385 
1.600000 	 0.804470 
1.620000 	 0.843155 
1.640000 	 0.799275 
1.660000 	 0.978039 
1.680000 	 0.836109 
1.700000 	 0.683929 
1.720000 	 0.772453 
1.740000 	 0.864677 
1.760000 	 0.786385 
1.780000 	 0.898183 
1.800000 	 0.895972 
1.820000 	 1.102063 
1.840000 	 1.020287 
1.860000 	 1.129114 
1.880000 	 0.812496 
1.900000 	 1.061287 
1.920000 	 0.780755 
1.940000 	 0.984609 
1.960000 	 0.957482 
1.980000 	 1.013530 
2.000000 	 1.273205 
2.020000 	 1.120224 
2.040000 	 1.100477 
2.060000 	 0.903137 
2.080000 	 0.960029 
2.100000 	 1.071295 
2.120000 	 0.931453 
2.140000 	 1.143314 
2.160000 	 1.366215 
2.180000 	 0.896426 
2.200000 	 0.998744 
2.220000 	 0.809284 
2.240000 	 1.114836 
2.260000 	 1.231018 
2.280000 	 1.148201 
2.300000 	 1.064174 
2.320000 	 1.170180 
2.340000 	 1.090497 
2.360000 	 0.977971 
2.380000 	 1.246442 
2.400000 	 1.105277 
2.420000 	 0.823372 
2.440000 	 1.090184 
2.460000 	 1.282304 
2.480000 	 1.586684 
2.500000 	 1.231099 
2.520000 	 1.261705 
2.540000 	 1.370519 
2.560000 	 1.339047 
2.580000 	 1.353679 
2.600000 	 1.218361 
2.620000 	 1.282624 
2.640000 	 1.328552 
2.660000 	 1.435552 
2.680000 	 1.216453 
2.700000 	 1.470989 
2.720000 	 1.203100 
2.740000 	 1.367272 
2.760000 	 1.412093 
2.780000 	 1.290020 
2.800000 	 1.302311 
2.820000 	 1.253813 
2.840000 	 1.289793 
2.860000 	 1.494375 
2.880000 	 1.286014 
2.900000 	 1.408999 
2.920000 	 1.474555 
2.940000 	 1.378012 
2.960000 	 1.321918 
2.980000 	 1.490237 
3.000000 	 1.392272 
3.020000 	 1.189516 
3.040000 	 1.658552 
3.060000 	 1.477091 
3.080000 	 1.326035 
3.100000 	 1.196478 
3.120000 	 1.592063 
3.140000 	 1.344659 
3.160000 	 1.483020 
3.180000 	 1.303836 
3.200000 	 1.644197 
3.220000 	 1.245832 
3.240000 	 1.428019 
3.260000 	 1.578441 
3.280000 	 1.731203 
3.300000 	 1.495416 
3.320000 	 1.495718 
3.340000 	 1.451461 
3.360000 	 1.457610 
3.380000 	 1.582570 
3.400000 	 1.390481 
3.420000 	 1.537764 
3.440000 	 -0.600000 
3.460000 	 1.539055 
3.480000 	 1.559400 
3.500000 	 1.548119 
3.520000 	 1.476396 
3.540000 	 1.450881 
3.560000 	 1.560433 
3.580000 	 1.622471 
3.600000 	 1.504169 
3.620000 	 1.493993 
3.640000 	 1.454465 
3.660000 	 1.772057 
3.680000 	 1.301883 
3.700000 	 1.677816 
3.720000 	 1.488542 
3.740000 	 1.401188 
3.760000 	 1.708067 
3.780000 	 1.490230 
3.800000 	 1.472109 
3.820000 	 1.574418 
3.840000 	 1.523106 
3.860000 	 1.487156 
3.880000 	 1.277193 
3.900000 	 1.651456 
3.920000 	 1.558175 
3.940000 	 1.490503 
3.960000 	 1.448691 
3.980000 	 1.670366 
4.000000 	 1.807005 
4.020000 	 1.395319 
4.040000 	 1.469215 
4.060000 	 1.649228 
4.080000 	 1.823684 
4.100000 	 1.901173 
4.120000 	 1.611983 
4.140000 	 1.482387 
4.160000 	 1.761869 
4.180000 	 1.598250 
4.200000 	 1.643004 
4.220000 	 1.636120 
4.240000 	 1.596047 
4.260000 	 1.727932 
4.280000 	 1.545232 
4.300000 	 1.489944 
4.320000 	 1.767253 
4.340000 	 1.415507 
4.360000 	 1.367106 
4.380000 	 1.676291 
4.400000 	 1.721807 
4.420000 	 1.560262 
4.440000 	 1.663900 
4.460000 	 1.645281 
4.480000 	 1.670558 
4.500000 	 1.667273 
4.520000 	 1.420187 
4.540000 	 1.587285 
4.560000 	 1.491998 
4.580000 	 1.484604 
4.600000 	 1.719214 
4.620000 	 1.658043 
4.640000 	 1.213515 
4.660000 	 1.783452 
4.680000 	 1.514686 
4.700000 	 1.445160 
4.720000 	 1.647485 
4.740000 	 1.393221 
4.760000 	 1.482856 
4.780000 	 1.350267 
4.800000 	 1.311246 
4.820000 	 1.333312 
4.840000 	 1.492726 
4.860000 	 1.365961 
4.880000 	 1.512040 
4.900000 	 1.316159 
4.920000 	 1.406961 
4.940000 	 1.319077 
4.960000 	 1.473313 
4.980000 	 1.460751 
5.000000 	 1.548008 
5.020000 	 1.394107 
5.040000 	 1.356884 
5.060000 	 1.583418 
5.080000 	 1.362541 
5.100000 	 1.475258 
5.120000 	 1.249485 
5.140000 	 1.247908 
5.160000 	 1.322591 
5.180000 	 1.493820 
5.200000 	 1.564652 
5.220000 	 1.414989 
5.240000 	 1.042681 
5.260000 	 1.327203 
5.280000 	 1.316233 
5.300000 	 1.491063 
5.320000 	 1.714945 
5.340000 	 1.293700 
5.360000 	 1.443273 
5.380000 	 1.240607 
5.400000 	 1.264813 
5.420000 	 1.070010 
5.440000 	 1.546805 
5.460000 	 1.164915 
5.480000 	 1.076655 
5.500000 	 1.028787 
5.520000 	 0.000000 
5.540000 	 1.013492 
5.560000 	 1.488984 
5.580000 	 1.195366 
5.600000 	 1.346315 
5.620000 	 0.990725 
5.640000 	 1.119694 
5.660000 	 1.003933 
5.680000 	 1.197301 
5.700000 	 0.869821 
5.720000 	 0.739964 
5.740000 	 1.248938 
5.760000 	 0.937092 
5.780000 	 0.832832 
5.800000 	 0.991047 
5.820000 	 0.900412 
5.840000 	 1.048361 
5.860000 	 1.255466 
5.880000 	 1.020854 
5.900000 	 0.951678 
5.920000 	 0.997416 
5.940000 	 1.005303 
5.960000 	 0.893995 
5.980000 	 0.938241 
6.000000 	 0.901165 
6.020000 	 1.145007 
6.040000 	 0.797705 
6.060000 	 0.880339 
6.080000 	 0.991910 
6.100000 	 0.742127 
6.120000 	 0.896043 
6.140000 	 0.887992 
6.160000 	 0.968453 
6.180000 	 0.603226 
6.200000 	 0.841605 
6.220000 	 0.870248 
6.240000 	 0.788514 
6.260000 	 0.788349 
6.280000 	 0.888250 
6.300000 	 0.756645 
6.320000 	 0.842021 
6.340000 	 0.780567 
6.360000 	 1.080244 
6.380000 	 0.734844 
6.400000 	 0.767490 
6.420000 	 0.817996 
6.440000 	 0.732680 
6.460000 	 0.816195 
6.480000 	 0.921761 
6.500000 	 0.612024 
6.520000 	 0.558616 
6.540000 	 0.592037 
6.560000 	 0.686145 
6.580000 	 0.817281 
6.600000 	 0.621253 
6.620000 	 0.834385 
6.640000 	 0.617264 
6.660000 	 0.624608 
6.680000 	 0.551100 
6.700000 	 0.655316 
6.720000 	 0.680267 
6.740000 	 0.919146 
6.760000 	 0.721346 
6.780000 	 0.414566 
6.800000 	 0.586460 
6.820000 	 0.533779 
6.840000 	 0.661376 
6.860000 	 0.586195 
6.880000 	 0.776112 
6.900000 	 0.474217 
6.920000 	 0.729364 
6.940000 	 0.747881 
6.960000 	 0.722858 
6.980000 	 0.643993 
7.000000 	 0.363590 
7.020000 	 0.251861 
7.040000 	 0.262615 
7.060000 	 0.548698 
7.080000 	 0.209307 
7.100000 	 0.485787 
7.120000 	 0.312386 
7.140000 	 0.301980 
7.160000 	 0.689823 
7.180000 	 0.511077 
7.200000 	 0.549361 
7.220000 	 0.300000 
7.240000 	 0.553776 
7.260000 	 0.528320 
7.280000 	 0.474170 
7.300000 	 0.473703 
7.320000 	 0.628517 
7.340000 	 0.590143 
7.360000 	 0.260927 
7.380000 	 0.289452 
7.400000 	 0.741192 
7.420000 	 0.461759 
7.440000 	 0.464741 
7.460000 	 0.413507 
7.480000 	 0.408990 
7.500000 	 0.249386 
7.520000 	 0.379517 
7.540000 	 0.398189 
7.560000 	 0.459678 
7.580000 	 0.506753 
7.600000 	 0.523350 
7.620000 	 0.177027 
7.640000 	 0.649331 
7.660000 	 0.577322 
7.680000 	 0.397856 
7.700000 	 0.177522 
7.720000 	 0.286392 
7.740000 	 0.490166 
7.760000 	 0.336077 
7.780000 	 0.281408 
7.800000 	 0.395230 
7.820000 	 0.486626 
7.840000 	 0.296615 
7.860000 	 0.522255 
7.880000 	 0.194913 
7.900000 	 0.043137 
7.920000 	 0.300996 
7.940000 	 0.229378 
7.960000 	 0.145021 
7.980000 	 0.190801 
8.000000 	 0.316703 
8.020000 	 0.529321 
8.040000 	 0.210772 
8.060000 	 0.190780 
8.080000 	 0.250700 
8.100000 	 0.363040 
8.120000 	 0.250794 
8.140000 	 0.210747 
8.160000 	 -0.112280 
8.180000 	 -0.034866 
8.200000 	 -0.038278 
8.220000 	 0.163851 
8.240000 	 -0.208484 
8.260000 	 -0.092336 
8.280000 	 0.204090 
8.300000 	 -0.127532 
8.320000 	 0.098574 
8.340000 	 0.214385 
8.360000 	 -0.052282 
8.380000 	 0.195655 
8.400000 	 0.129732 
8.420000 	 0.085052 
8.440000 	 -0.069125 
8.460000 	 0.059415 
8.480000 	 0.189902 
8.500000 	 0.130110 
8.520000 	 0.201999 
8.540000 	 0.217440 
8.560000 	 0.087312 
8.580000 	 0.066062 
8.600000 	 0.048330 
8.620000 	 0.426701 
8.640000 	 -0.064864 
8.660000 	 0.225292 
8.680000 	 -0.018523 
8.700000 	 -0.004160 
8.720000 	 0.258615 
8.740000 	 -0.042301 
8.760000 	 0.310674 
8.780000 	 -0.028060 
8.800000 	 0.275632 
8.820000 	 0.111218 
8.840000 	 -0.021385 
8.860000 	 0.168976 
8.880000 	 0.236168 
8.900000 	 0.090025 
8.920000 	 -0.078339 
8.940000 	 0.063631 
8.960000 	 0.409613 
8.980000 	 0.247878 
9.000000 	 -0.164028 
9.020000 	 -0.029582 
9.040000 	 -0.139814 
9.060000 	 0.297452 
9.080000 	 0.145151 
9.100000 	 0.078883 
9.120000 	 0.360376 
9.140000 	 0.110073 
9.160000 	 0.061712 
9.180000 	 0.028722 
9.200000 	 -0.101596 
9.220000 	 0.081506 
9.240000 	 -0.094950 
9.260000 	 -0.029780 
9.280000 	 0.208492 
9.300000 	 -0.118479 
9.320000 	 -0.242722 
9.340000 	 0.050522 
9.360000 	 0.254681 
9.380000 	 -0.149140 
9.400000 	 -0.002605 
9.420000 	 0.097750 
9.440000 	 -0.344471 
9.460000 	 0.235810 
9.480000 	 -0.010122 
9.500000 	 0.152647 
9.520000 	 -0.087544 
9.540000 	 -0.056516 
9.560000 	 -0.029439 
9.580000 	 0.167172 
9.600000 	 -0.410643 
9.620000 	 0.014578 
9.640000 	 0.369542 
9.660000 	 -0.224722 
9.680000 	 -0.163612 
9.700000 	 -0.030357 
9.720000 	 0.197971 
9.740000 	 -0.184112 
9.760000 	 0.072485 
9.780000 	 -0.098511 
9.800000 	 0.037495 
9.820000 	 -0.303308 
9.840000 	 -0.159475 
9.860000 	 -0.134807 
9.880000 	 -0.065966 
9.900000 	 0.034017 
9.920000 	 -0.112273 
9.940000 	 0.088817 
9.960000 	 0.223523 
9.980000 	 0.129477 
10.000000 	 0.021679 
10.020000 	 0.008782 
10.040000 	 0.175145 
10.060000 	 -0.160833 
10.080000 	 0.057805 
10.100000 	 0.157318 
10.120000 	 -0.284843 
10.140000 	 -0.263753 
10.160000 	 0.173179 
10.180000 	 0.042212 
10.200000 	 -0.012959 
10.220000 	 -0.056068 
10.240000 	 0.141180 
10.260000 	 -0.161845 
10.280000 	 -0.048075 
10.300000 	 -0.034119 
10.320000 	 0.226827 
10.340000 	 0.100187 
10.360000 	 0.014788 
10.380000 	 0.154118 
10.400000 	 0.082836 
10.420000 	 0.003908 
10.440000 	 -0.032315 
10.460000 	 -0.020408 
10.480000 	 0.060688 
10.500000 	 0.355109 
10.520000 	 0.011789 
10.540000 	 0.290397 
10.560000 	 -0.341958 
10.580000 	 0.233687 
10.600000 	 0.050964 
10.620000 	 0.313779 
10.640000 	 0.211291 
10.660000 	 0.002704 
10.680000 	 -0.323301 
10.700000 	 0.168149 
10.720000 	 -0.020150 
10.740000 	 0.087236 
10.760000 	 0.027695 
10.780000 	 0.118067 
10.800000 	 0.072810 
10.820000 	 -0.056389 
10.840000 	 0.221074 
10.860000 	 -0.007696 
10.880000 	 0.354751 
10.900000 	 -0.032876 
10.920000 	 -0.144076 
10.940000 	 -0.034196 
10.960000 	 0.270899 
10.980000 	 -0.125142 
11.000000 	 -0.079708 
11.020000 	 -0.038252 
11.040000 	 -0.060009 
11.060000 	 -0.075236 
11.080000 	 0.338044 
11.100000 	 0.034105 
11.120000 	 0.137728 
11.140000 	 -0.126185 
11.160000 	 -0.181791 
11.180000 	 -0.257685 
11.200000 	 0.394879 
11.220000 	 -0.001546 
11.240000 	 -0.331002 
11.260000 	 0.065609 
11.280000 	 -0.095243 
11.300000 	 0.102107 
11.320000 	 0.447510 
11.340000 	 -0.126011 
11.360000 	 0.032512 
11.380000 	 0.349520 
11.400000 	 0.030075 
11.420000 	 0.078065 
11.440000 	 0.141010 
11.460000 	 0.336692 
11.480000 	 -0.027643 
11.500000 	 -0.019071 
11.520000 	 0.249986 
11.540000 	 0.055348 
11.560000 	 0.152960 
11.580000 	 -0.227975 
11.600000 	 0.014633 
11.620000 	 -0.168135 
11.640000 	 -0.081908 
11.660000 	 -0.027386 
11.680000 	 -0.107695 
11.700000 	 -0.152777 
11.720000 	 0.057674 
11.740000 	 -0.056594 
11.760000 	 0.159598 
11.780000 	 -0.194957 
11.800000 	 -0.079571 
11.820000 	 -0.193148 
11.840000 	 -0.056756 
11.860000 	 0.102598 
11.880000 	 -0.240543 
11.900000 	 -0.013924 
11.920000 	 0.073439 
11.940000 	 -0.325601 
11.960000 	 -0.002787 
11.980000 	 0.136080 
12.000000 	 0.153675 
12.020000 	 -0.135014 
12.040000 	 -0.077998 
12.060000 	 0.085636 
12.080000 	 0.087231 
12.100000 	 0.023188 
12.120000 	 -0.230572 
12.140000 	 -0.054218 
12.160000 	 0.024449 
12.180000 	 -0.071973 
12.200000 	 -0.117733 
12.220000 	 0.087882 
12.240000 	 -0.098515 
12.260000 	 -0.088308 
12.280000 	 0.007805 
12.300000 	 -0.008813 
12.320000 	 0.121193 
12.340000 	 -0.033572 
12.360000 	 0.164196 
12.380000 	 -0.052247 
12.400000 	 -0.056079 
12.420000 	 0.039184 
12.440000 	 0.168215 
12.460000 	 -0.267723 
12.480000 	 0.394861 
12.500000 	 0.049777 
12.520000 	 0.079868 
12.540000 	 -0.141194 
12.560000 	 -0.149182 
12.580000 	 0.122193 
12.600000 	 -0.181685 
12.620000 	 0.037388 
12.640000 	 0.094079 
12.660000 	 0.092012 
12.680000 	 0.159928 
12.700000 	 0.009986 
12.720000 	 0.168990 
12.740000 	 0.026246 
12.760000 	 -0.176565 
12.780000 	 0.048926 
12.800000 	 0.020247 
12.820000 	 -0.234687 
12.840000 	 -0.076437 
12.860000 	 0.114341 
12.880000 	 0.248677 
12.900000 	 -0.015560 
12.920000 	 0.111584 
12.940000 	 0.295810 
12.960000 	 -0.057031 
12.980000 	 0.043578 
13.000000 	 -0.287715 
13.020000 	 -0.194131 
13.040000 	 -0.166997 
13.060000 	 0.081129 
13.080000 	 0.137568 
13.100000 	 0.099204 
13.120000 	 -0.094077 
13.140000 	 -0.271840 
13.160000 	 -0.022861 
13.180000 	 0.149097 
13.200000 	 -0.098228 
13.220000 	 0.047464 
13.240000 	 -0.221267 
13.260000 	 -0.014704 
13.280000 	 0.107711 
13.300000 	 0.145505 
13.320000 	 0.088194 
13.340000 	 0.073993 
13.360000 	 -0.047823 
13.380000 	 -0.025209 
13.400000 	 0.076711 
13.420000 	 -0.017961 
13.440000 	 0.101237 
13.460000 	 -0.005330 
13.480000 	 0.221712 
13.500000 	 -0.062272 
13.520000 	 -0.034753 
13.540000 	 -0.199217 
13.560000 	 -0.095432 
13.580000 	 -0.023031 
13.600000 	 -0.183660 
13.620000 	 -0.151548 
13.640000 	 -0.072193 
13.660000 	 0.047894 
13.680000 	 0.011048 
13.700000 	 0.037979 
13.720000 	 0.081991 
13.740000 	 0.162922 
13.760000 	 0.180057 
13.780000 	 -0.181979 
13.800000 	 -0.081053 
13.820000 	 0.386046 
13.840000 	 0.035316 
13.860000 	 0.008941 
13.880000 	 -0.106879 
13.900000 	 -0.109579 
13.920000 	 -0.218943 
13.940000 	 -0.073513 
13.960000 	 -0.093128 
13.980000 	 0.063749 
14.000000 	 0.252493 
14.020000 	 0.000054 
14.040000 	 0.001603 
14.060000 	 -0.081028 
14.080000 	 -0.122168 
14.100000 	 0.260569 
14.120000 	 -0.074760 
14.140000 	 -0.265107 
14.160000 	 -0.126988 
14.180000 	 -0.051143 
14.200000 	 0.060642 
14.220000 	 0.199306 
14.240000 	 0.053418 
14.260000 	 -0.298976 
14.280000 	 0.066550 
14.300000 	 -0.057634 
14.320000 	 0.105787 
14.340000 	 -0.231991 
14.360000 	 -0.036437 
14.380000 	 0.206303 
14.400000 	 0.320509 
14.420000 	 -0.009451 
14.440000 	 0.028786 
14.460000 	 -0.186617 
14.480000 	 0.050817 
14.500000 	 -0.031641 
14.520000 	 -0.075134 
14.540000 	 0.098086 
14.560000 	 -0.014319 
14.580000 	 -0.209128 
14.600000 	 0.006022 
14.620000 	 -0.297666 
14.640000 	 0.370916 
14.660000 	 -0.031333 
14.680000 	 -0.274777 
14.700000 	 -0.022413 
14.720000 	 -0.016185 
14.740000 	 -0.111051 
14.760000 	 -0.113373 
14.780000 	 0.143781 
14.800000 	 0.219214 
14.820000 	 0.202300 
14.840000 	 -0.164068 
14.860000 	 0.056109 
14.880000 	 -0.331508 
14.900000 	 -0.138938 
14.920000 	 -0.091922 
14.940000 	 0.196931 
14.960000 	 -0.144648 
14.980000 	 -0.171915 
15.000000 	 -0.040328 
