-15.000000 	 -0.107893 
-14.980000 	 0.231679 
-14.960000 	 0.111623 
-14.940000 	 -0.198176 
-14.920000 	 -0.441040 
-14.900000 	 0.064806 
-14.880000 	 0.217718 
-14.860000 	 -0.161160 
-14.840000 	 -0.207155 
-14.820000 	 -0.053004 
-14.800000 	 -0.052440 
-14.780000 	 -0.031453 
-14.760000 	 0.138297 
-14.740000 	 -0.033392 
-14.720000 	 0.039354 
-14.700000 	 -0.147360 
-14.680000 	 -0.323391 
-14.660000 	 0.069885 
-14.640000 	 -0.130524 
-14.620000 	 0.018557 
-14.600000 	 0.147550 
-14.580000 	 0.178370 
-14.560000 	 0.063156 
-14.540000 	 -0.206496 
-14.520000 	 -0.146746 
-14.500000 	 -0.240300 
-14.480000 	 -0.019475 
-14.460000 	 0.128404 
-14.440000 	 0.153779 
-14.420000 	 0.140954 
-14.400000 	 0.066617 
-14.380000 	 0.054515 
-14.360000 	 0.146127 
-14.340000 	 0.258077 
-14.320000 	 -0.194179 
-14.300000 	 -0.100570 
-14.280000 	 -0.070575 
-14.260000 	 -0.110487 
-14.240000 	 0.006327 
-14.220000 	 0.024022 
-14.200000 	 -0.087791 
-14.180000 	 -0.250547 
-14.160000 	 -0.008973 
-14.140000 	 0.208336 
-14.120000 	 0.071821 
-14.100000 	 0.113184 
-14.080000 	 0.147913 
-14.060000 	 0.101801 
-14.040000 	 0.190090 
-14.020000 	 -0.098762 
-14.000000 	 -0.101600 
-13.980000 	 -0.384056 
-13.960000 	 -0.077543 
-13.940000 	 -0.090695 
-13.920000 	 0.036221 
-13.900000 	 -0.166434 
-13.880000 	 -0.212547 
-13.860000 	 -0.020390 
-13.840000 	 0.236237 
-13.820000 	 0.032433 
-13.800000 	 0.189089 
-13.780000 	 -0.109032 
-13.760000 	 0.119383 
-13.740000 	 -0.273452 
-13.720000 	 -0.089614 
-13.700000 	 -0.008070 
-13.680000 	 0.038111 
-13.660000 	 -0.170506 
-13.640000 	 0.186942 
-13.620000 	 -0.129480 
-13.600000 	 -0.133706 
-13.580000 	 0.103524 
-13.560000 	 -0.250546 
-13.540000 	 -0.103695 
-13.520000 	 -0.342746 
-13.500000 	 -0.130641 
-13.480000 	 -0.015048 
-13.460000 	 -0.137962 
-13.440000 	 0.151770 
-13.420000 	 -0.114436 
-13.400000 	 0.015675 
-13.380000 	 -0.073511 
-13.360000 	 0.075260 
-13.340000 	 0.161340 
-13.320000 	 -0.031378 
-13.300000 	 -0.025022 
-13.280000 	 0.110172 
-13.260000 	 0.114698 
-13.240000 	 -0.226847 
-13.220000 	 0.006501 
-13.200000 	 -0.187960 
-13.180000 	 0.071716 
-13.160000 	 -0.313659 
-13.140000 	 -0.008389 
-13.120000 	 0.256637 
-13.100000 	 0.232984 
-13.080000 	 -0.117628 
-13.060000 	 0.016034 
-13.040000 	 0.120193 
-13.020000 	 -0.035134 
-13.000000 	 -0.063343 
-12.980000 	 0.042458 
-12.960000 	 0.025216 
-12.940000 	 0.046607 
-12.920000 	 0.058377 
-12.900000 	 0.119457 
-12.880000 	 -0.128876 
-12.860000 	 -0.317657 
-12.840000 	 0.169333 
-12.820000 	 -0.140439 
-12.800000 	 -0.101819 
-12.780000 	 0.109245 
-12.760000 	 0.258609 
-12.740000 	 -0.092408 
-12.720000 	 0.100895 
-12.700000 	 0.031374 
-12.680000 	 0.041553 
-12.660000 	 0.390908 
-12.640000 	 0.025297 
-12.620000 	 -0.109764 
-12.600000 	 -0.059261 
-12.580000 	 -0.208012 
-12.560000 	 0.133595 
-12.540000 	 -0.111143 
-12.520000 	 -0.298240 
-12.500000 	 -0.204127 
-12.480000 	 -0.373979 
-12.460000 	 -0.037415 
-12.440000 	 0.060853 
-12.420000 	 -0.043463 
-12.400000 	 -0.164273 
-12.380000 	 -0.064573 
-12.360000 	 0.020185 
-12.340000 	 0.071695 
-12.320000 	 -0.014198 
-12.300000 	 0.088711 
-12.280000 	 0.094342 
-12.260000 	 0.107367 
-12.240000 	 -0.103401 
-12.220000 	 0.040271 
-12.200000 	 0.013685 
-12.180000 	 0.081312 
-12.160000 	 -0.105908 
-12.140000 	 -0.051623 
-12.120000 	 0.072769 
-12.100000 	 -0.088086 
-12.080000 	 0.065931 
-12.060000 	 0.021684 
-12.040000 	 0.065746 
-12.020000 	 -0.018457 
-12.000000 	 -0.372274 
-11.980000 	 -0.220533 
-11.960000 	 -0.225587 
-11.940000 	 -0.056409 
-11.920000 	 0.041915 
-11.900000 	 0.077531 
-11.880000 	 0.114412 
-11.860000 	 0.169061 
-11.840000 	 -0.197699 
-11.820000 	 -0.297713 
-11.800000 	 -0.143813 
-11.780000 	 0.106836 
-11.760000 	 0.048133 
-11.740000 	 -0.123116 
-11.720000 	 -0.219588 
-11.700000 	 -0.010053 
-11.680000 	 0.042042 
-11.660000 	 0.270722 
-11.640000 	 -0.053066 
-11.620000 	 0.140472 
-11.600000 	 -0.089638 
-11.580000 	 -0.066449 
-11.560000 	 -0.137294 
-11.540000 	 -0.104891 
-11.520000 	 0.373000 
-11.500000 	 -0.309331 
-11.480000 	 -0.012448 
-11.460000 	 0.194385 
-11.440000 	 -0.008033 
-11.420000 	 0.019382 
-11.400000 	 -0.096477 
-11.380000 	 0.163401 
-11.360000 	 -0.060851 
-11.340000 	 -0.026223 
-11.320000 	 0.153936 
-11.300000 	 -0.023514 
-11.280000 	 -0.025036 
-11.260000 	 -0.136950 
-11.240000 	 0.248269 
-11.220000 	 -0.184922 
-11.200000 	 0.169624 
-11.180000 	 0.172499 
-11.160000 	 0.257457 
-11.140000 	 -0.119073 
-11.120000 	 0.085385 
-11.100000 	 -0.022192 
-11.080000 	 0.054125 
-11.060000 	 0.062866 
-11.040000 	 0.097655 
-11.020000 	 0.026013 
-11.000000 	 0.019662 
-10.980000 	 0.100421 
-10.960000 	 0.004586 
-10.940000 	 0.033600 
-10.920000 	 -0.047786 
-10.900000 	 0.107517 
-10.880000 	 0.090080 
-10.860000 	 0.109738 
-10.840000 	 0.195853 
-10.820000 	 1.000000 
-10.800000 	 0.234672 
-10.780000 	 0.192640 
-10.760000 	 -0.237063 
-10.740000 	 0.049919 
-10.720000 	 -0.257169 
-10.700000 	 0.123354 
-10.680000 	 -0.238729 
-10.660000 	 0.017442 
-10.640000 	 0.080062 
-10.620000 	 0.017172 
-10.600000 	 0.108891 
-10.580000 	 -0.057466 
-10.560000 	 -0.121821 
-10.540000 	 -0.059149 
-10.520000 	 -0.067859 
-10.500000 	 0.116390 
-10.480000 	 -0.006442 
-10.460000 	 0.061181 
-10.440000 	 -0.174812 
-10.420000 	 0.003079 
-10.400000 	 0.039250 
-10.380000 	 -0.091310 
-10.360000 	 0.000997 
-10.340000 	 -0.175716 
-10.320000 	 0.096047 
-10.300000 	 -0.158165 
-10.280000 	 0.084763 
-10.260000 	 0.387960 
-10.240000 	 0.031177 
-10.220000 	 -0.112962 
-10.200000 	 0.023174 
-10.180000 	 0.110102 
-10.160000 	 0.046573 
-10.140000 	 -0.176522 
-10.120000 	 0.220107 
-10.100000 	 0.039762 
-10.080000 	 0.040928 
-10.060000 	 0.105180 
-10.040000 	 -0.170406 
-10.020000 	 -0.308406 
-10.000000 	 0.263486 
-9.980000 	 -0.149965 
-9.960000 	 0.049433 
-9.940000 	 -0.123779 
-9.920000 	 -0.072556 
-9.900000 	 0.036530 
-9.880000 	 -0.122389 
-9.860000 	 0.049105 
-9.840000 	 0.153675 
-9.820000 	 -0.186590 
-9.800000 	 -0.204561 
-9.780000 	 -0.115003 
-9.760000 	 -0.112536 
-9.740000 	 -0.022831 
-9.720000 	 -0.131566 
-9.700000 	 0.031554 
-9.680000 	 -0.108551 
-9.660000 	 0.289170 
-9.640000 	 0.106650 
-9.620000 	 -0.090088 
-9.600000 	 -0.042901 
-9.580000 	 0.000752 
-9.560000 	 0.199003 
-9.540000 	 0.078567 
-9.520000 	 -0.101486 
-9.500000 	 0.044107 
-9.480000 	 0.190807 
-9.460000 	 -0.168679 
-9.440000 	 -0.190015 
-9.420000 	 0.052109 
-9.400000 	 0.158531 
-9.380000 	 -0.163348 
-9.360000 	 0.142398 
-9.340000 	 0.147382 
-9.320000 	 0.285989 
-9.300000 	 -0.207821 
-9.280000 	 -0.476785 
-9.260000 	 -0.104781 
-9.240000 	 0.104513 
-9.220000 	 0.208956 
-9.200000 	 0.176816 
-9.180000 	 -0.012155 
-9.160000 	 -0.075725 
-9.140000 	 0.132276 
-9.120000 	 -0.020983 
-9.100000 	 -0.059980 
-9.080000 	 0.000000 
-9.060000 	 0.044971 
-9.040000 	 -0.069237 
-9.020000 	 -0.221239 
-9.000000 	 -0.050768 
-8.980000 	 0.103519 
-8.960000 	 -0.222854 
-8.940000 	 -0.323459 
-8.920000 	 -0.041724 
-8.900000 	 0.249392 
-8.880000 	 -0.170261 
-8.860000 	 -0.183438 
-8.840000 	 0.039418 
-8.820000 	 0.319251 
-8.800000 	 -0.075306 
-8.780000 	 -0.142589 
-8.760000 	 0.022651 
-8.740000 	 0.241117 
-8.720000 	 0.038948 
-8.700000 	 0.098762 
-8.680000 	 -0.175020 
-8.660000 	 0.200416 
-8.640000 	 0.059752 
-8.620000 	 0.249734 
-8.600000 	 -0.086057 
-8.580000 	 0.154039 
-8.560000 	 -0.039555 
-8.540000 	 0.137505 
-8.520000 	 0.153312 
-8.500000 	 0.035470 
-8.480000 	 -0.039058 
-8.460000 	 0.119312 
-8.440000 	 -0.195665 
-8.420000 	 -0.002270 
-8.400000 	 -0.114607 
-8.380000 	 -0.103338 
-8.360000 	 -0.243379 
-8.340000 	 -0.137192 
-8.320000 	 0.051658 
-8.300000 	 0.293216 
-8.280000 	 0.103695 
-8.260000 	 -0.137939 
-8.240000 	 -0.211043 
-8.220000 	 -0.048733 
-8.200000 	 0.265730 
-8.180000 	 -0.074054 
-8.160000 	 -0.003985 
-8.140000 	 0.010703 
-8.120000 	 0.094242 
-8.100000 	 0.186039 
-8.080000 	 0.073214 
-8.060000 	 0.063834 
-8.040000 	 -0.193357 
-8.020000 	 -0.008013 
-8.000000 	 -0.054620 
-7.980000 	 0.102549 
-7.960000 	 -0.082782 
-7.940000 	 0.067246 
-7.920000 	 -0.036152 
-7.900000 	 0.156627 
-7.880000 	 0.139335 
-7.860000 	 0.049307 
-7.840000 	 0.044371 
-7.820000 	 0.019874 
-7.800000 	 -0.228312 
-7.780000 	 -0.078198 
-7.760000 	 0.067576 
-7.740000 	 -0.127221 
-7.720000 	 0.004813 
-7.700000 	 0.052882 
-7.680000 	 0.231695 
-7.660000 	 0.048850 
-7.640000 	 0.134237 
-7.620000 	 -0.086516 
-7.600000 	 0.192667 
-7.580000 	 0.012307 
-7.560000 	 0.080791 
-7.540000 	 0.312443 
-7.520000 	 -0.161764 
-7.500000 	 -0.003160 
-7.480000 	 0.178405 
-7.460000 	 0.166546 
-7.440000 	 -0.107934 
-7.420000 	 -0.138163 
-7.400000 	 0.043057 
-7.380000 	 -0.014136 
-7.360000 	 0.237957 
-7.340000 	 0.243475 
-7.320000 	 -0.007453 
-7.300000 	 0.339295 
-7.280000 	 0.019941 
-7.260000 	 0.157048 
-7.240000 	 -0.050645 
-7.220000 	 0.402998 
-7.200000 	 -0.128820 
-7.180000 	 -0.313581 
-7.160000 	 -0.039217 
-7.140000 	 -0.113328 
-7.120000 	 0.183497 
-7.100000 	 0.111229 
-7.080000 	 0.127126 
-7.060000 	 0.060959 
-7.040000 	 0.241922 
-7.020000 	 0.030104 
-7.000000 	 -0.030958 
-6.980000 	 -0.021785 
-6.960000 	 0.221202 
-6.940000 	 0.039482 
-6.920000 	 0.001939 
-6.900000 	 0.173942 
-6.880000 	 0.159712 
-6.860000 	 -0.018308 
-6.840000 	 0.331856 
-6.820000 	 0.255478 
-6.800000 	 -0.125854 
-6.780000 	 0.097220 
-6.760000 	 -0.076338 
-6.740000 	 0.197958 
-6.720000 	 -0.006339 
-6.700000 	 0.448476 
-6.680000 	 -0.036580 
-6.660000 	 0.195801 
-6.640000 	 0.107429 
-6.620000 	 0.266261 
-6.600000 	 0.153924 
-6.580000 	 0.241111 
-6.560000 	 0.295888 
-6.540000 	 -0.079126 
-6.520000 	 0.127496 
-6.500000 	 0.133680 
-6.480000 	 0.122316 
-6.460000 	 0.438834 
-6.440000 	 -0.138328 
-6.420000 	 0.348598 
-6.400000 	 -0.045223 
-6.380000 	 0.117880 
-6.360000 	 -0.010872 
-6.340000 	 0.360410 
-6.320000 	 0.288689 
-6.300000 	 -0.003334 
-6.280000 	 0.015421 
-6.260000 	 0.330785 
-6.240000 	 0.191200 
-6.220000 	 0.108907 
-6.200000 	 0.386410 
-6.180000 	 0.094908 
-6.160000 	 0.454397 
-6.140000 	 0.176072 
-6.120000 	 0.280214 
-6.100000 	 0.189753 
-6.080000 	 0.333832 
-6.060000 	 0.306484 
-6.040000 	 0.342514 
-6.020000 	 0.242732 
-6.000000 	 0.478497 
-5.980000 	 0.135850 
-5.960000 	 0.001216 
-5.940000 	 0.280331 
-5.920000 	 0.508058 
-5.900000 	 0.133315 
-5.880000 	 0.115011 
-5.860000 	 0.426366 
-5.840000 	 0.398918 
-5.820000 	 0.437633 
-5.800000 	 0.482672 
-5.780000 	 0.467692 
-5.760000 	 0.448799 
-5.740000 	 0.437257 
-5.720000 	 0.247607 
-5.700000 	 0.384340 
-5.680000 	 0.538910 
-5.660000 	 0.384741 
-5.640000 	 0.164645 
-5.620000 	 0.133894 
-5.600000 	 0.315571 
-5.580000 	 0.217190 
-5.560000 	 0.423460 
-5.540000 	 0.483003 
-5.520000 	 0.502166 
-5.500000 	 0.432153 
-5.480000 	 0.476529 
-5.460000 	 0.538707 
-5.440000 	 0.387995 
-5.420000 	 0.584595 
-5.400000 	 0.126092 
-5.380000 	 0.192045 
-5.360000 	 0.654609 
-5.340000 	 0.245498 
-5.320000 	 0.228331 
-5.300000 	 0.268535 
-5.280000 	 0.025195 
-5.260000 	 0.639950 
-5.240000 	 0.544999 
-5.220000 	 0.212121 
-5.200000 	 0.130212 
-5.180000 	 0.422608 
-5.160000 	 0.405257 
-5.140000 	 0.498866 
-5.120000 	 0.162042 
-5.100000 	 0.535296 
-5.080000 	 0.277860 
-5.060000 	 0.265772 
-5.040000 	 0.384774 
-5.020000 	 0.227286 
-5.000000 	 0.553401 
-4.980000 	 0.328975 
-4.960000 	 0.343448 
-4.940000 	 0.707150 
-4.920000 	 0.411958 
-4.900000 	 0.709318 
-4.880000 	 0.403922 
-4.860000 	 0.379851 
-4.840000 	 0.420917 
-4.820000 	 0.373863 
-4.800000 	 0.511373 
-4.780000 	 0.636740 
-4.760000 	 0.606705 
-4.740000 	 0.459028 
-4.720000 	 0.337815 
-4.700000 	 0.423273 
-4.680000 	 0.571244 
-4.660000 	 0.389254 
-4.640000 	 0.473772 
-4.620000 	 -0.100000 
-4.600000 	 0.431355 
-4.580000 	 0.329114 
-4.560000 	 0.526076 
-4.540000 	 0.247642 
-4.520000 	 0.657485 
-4.500000 	 0.476387 
-4.480000 	 0.767839 
-4.460000 	 0.683391 
-4.440000 	 0.352868 
-4.420000 	 0.413646 
-4.400000 	 0.522818 
-4.380000 	 0.483297 
-4.360000 	 0.715924 
-4.340000 	 0.672126 
-4.320000 	 0.314780 
-4.300000 	 0.390963 
-4.280000 	 0.475604 
-4.260000 	 0.258785 
-4.240000 	 0.337739 
-4.220000 	 0.611711 
-4.200000 	 0.478242 
-4.180000 	 0.438204 
-4.160000 	 0.730916 
-4.140000 	 0.429475 
-4.120000 	 0.792145 
-4.100000 	 0.397469 
-4.080000 	 0.165881 
-4.060000 	 0.503311 
-4.040000 	 0.762109 
-4.020000 	 0.612918 
-4.000000 	 0.384112 
-3.980000 	 0.241009 
-3.960000 	 0.265275 
-3.940000 	 0.220171 
-3.920000 	 0.372844 
-3.900000 	 0.552496 
-3.880000 	 0.206741 
-3.860000 	 0.241160 
-3.840000 	 0.455549 
-3.820000 	 0.363760 
-3.800000 	 0.441974 
-3.780000 	 0.168672 
-3.760000 	 0.691833 
-3.740000 	 0.514675 
-3.720000 	 0.302235 
-3.700000 	 0.522409 
-3.680000 	 0.637237 
-3.660000 	 0.527535 
-3.640000 	 0.735742 
-3.620000 	 0.389607 
-3.600000 	 0.663188 
-3.580000 	 0.526287 
-3.560000 	 0.686293 
-3.540000 	 0.282446 
-3.520000 	 0.408852 
-3.500000 	 0.458148 
-3.480000 	 0.232768 
-3.460000 	 0.559983 
-3.440000 	 0.554458 
-3.420000 	 0.410459 
-3.400000 	 0.328569 
-3.380000 	 0.273495 
-3.360000 	 0.229408 
-3.340000 	 0.684652 
-3.320000 	 0.396997 
-3.300000 	 0.665339 
-3.280000 	 0.540936 
-3.260000 	 0.505084 
-3.240000 	 0.440722 
-3.220000 	 0.738823 
-3.200000 	 0.357319 
-3.180000 	 0.427420 
-3.160000 	 0.443817 
-3.140000 	 0.349160 
-3.120000 	 0.441969 
-3.100000 	 0.315824 
-3.080000 	 0.465451 
-3.060000 	 0.349867 
-3.040000 	 0.258345 
-3.020000 	 0.285623 
-3.000000 	 0.417200 
-2.980000 	 0.396892 
-2.960000 	 0.384987 
-2.940000 	 0.115266 
-2.920000 	 0.626315 
-2.900000 	 0.613914 
-2.880000 	 0.276119 
-2.860000 	 0.392222 
-2.840000 	 0.408035 
-2.820000 	 0.593109 
-2.800000 	 0.575109 
-2.780000 	 0.311954 
-2.760000 	 0.375707 
-2.740000 	 0.514468 
-2.720000 	 0.161059 
-2.700000 	 0.098102 
-2.680000 	 0.527240 
-2.660000 	 0.392717 
-2.640000 	 0.473641 
-2.620000 	 0.550620 
-2.600000 	 0.299262 
-2.580000 	 0.227787 
-2.560000 	 0.302010 
-2.540000 	 0.130769 
-2.520000 	 0.237567 
-2.500000 	 0.335158 
-2.480000 	 0.333331 
-2.460000 	 0.183888 
-2.440000 	 0.297631 
-2.420000 	 0.574998 
-2.400000 	 0.298800 
-2.380000 	 0.106979 
-2.360000 	 0.151641 
-2.340000 	 0.464301 
-2.320000 	 0.504433 
-2.300000 	 0.315978 
-2.280000 	 0.450430 
-2.260000 	 0.505701 
-2.240000 	 0.366720 
-2.220000 	 0.631980 
-2.200000 	 0.533045 
-2.180000 	 0.217586 
-2.160000 	 0.695587 
-2.140000 	 0.337208 
-2.120000 	 0.565081 
-2.100000 	 -0.200000 
-2.080000 	 -0.066373 
-2.060000 	 0.373217 
-2.040000 	 0.207607 
-2.020000 	 0.324953 
-2.000000 	 0.160085 
-1.980000 	 0.085910 
-1.960000 	 0.214930 
-1.940000 	 0.369130 
-1.920000 	 0.157144 
-1.900000 	 0.270333 
-1.880000 	 0.442962 
-1.860000 	 0.262787 
-1.840000 	 0.082076 
-1.820000 	 0.041313 
-1.800000 	 -0.021433 
-1.780000 	 0.078098 
-1.760000 	 0.179305 
-1.740000 	 0.326336 
-1.720000 	 0.087849 
-1.700000 	 0.353084 
-1.680000 	 0.073874 
-1.660000 	 0.094408 
-1.640000 	 0.407659 
-1.620000 	 0.016448 
-1.600000 	 0.068058 
-1.580000 	 0.097306 
-1.560000 	 0.189984 
-1.540000 	 -0.061946 
-1.520000 	 1.000000 
-1.500000 	 -0.056134 
-1.480000 	 -0.065111 
-1.460000 	 0.116216 
-1.440000 	 0.259673 
-1.420000 	 0.155033 
-1.400000 	 0.290793 
-1.380000 	 0.252648 
-1.360000 	 0.090770 
-1.340000 	 0.378026 
-1.320000 	 0.041831 
-1.300000 	 0.248948 
-1.280000 	 -0.006122 
-1.260000 	 0.233043 
-1.240000 	 -0.122490 
-1.220000 	 0.470331 
-1.200000 	 -0.168002 
-1.180000 	 0.264566 
-1.160000 	 -0.021981 
-1.140000 	 0.149279 
-1.120000 	 0.174933 
-1.100000 	 0.118598 
-1.080000 	 0.194188 
-1.060000 	 0.453985 
-1.040000 	 0.038072 
-1.020000 	 0.348024 
-1.000000 	 -0.163509 
-0.980000 	 -0.036214 
-0.960000 	 0.260441 
-0.940000 	 0.141927 
-0.920000 	 0.061202 
-0.900000 	 0.026036 
-0.880000 	 0.131910 
-0.860000 	 -0.057832 
-0.840000 	 0.131328 
-0.820000 	 0.640357 
-0.800000 	 0.168965 
-0.780000 	 -0.105210 
-0.760000 	 0.051550 
-0.740000 	 0.262081 
-0.720000 	 0.214169 
-0.700000 	 0.274641 
-0.680000 	 0.201537 
-0.660000 	 0.149266 
-0.640000 	 0.171106 
-0.620000 	 0.381674 
-0.600000 	 0.138525 
-0.580000 	 0.140775 
-0.560000 	 0.068897 
-0.540000 	 0.297736 
-0.520000 	 0.225716 
-0.500000 	 0.198256 
-0.480000 	 0.165478 
-0.460000 	 0.012759 
-0.440000 	 0.108511 
-0.420000 	 0.154143 
-0.400000 	 0.081857 
-0.380000 	 -0.027401 
-0.360000 	 -0.077737 
-0.340000 	 0.127506 
-0.320000 	 0.326156 
-0.300000 	 0.068190 
-0.280000 	 -0.084423 
-0.260000 	 0.257632 
-0.240000 	 0.146928 
-0.220000 	 0.507906 
-0.200000 	 0.450495 
-0.180000 	 0.303213 
-0.160000 	 0.294857 
-0.140000 	 0.166140 
-0.120000 	 -0.063460 
-0.100000 	 0.138485 
-0.080000 	 0.111578 
-0.060000 	 0.334904 
-0.040000 	 0.282685 
-0.020000 	 -0.020327 
0.000000 	 0.052202 
0.020000 	 0.379996 
0.040000 	 0.021809 
0.060000 	 0.259200 
0.080000 	 0.565061 
0.100000 	 0.124443 
0.120000 	 0.117211 
0.140000 	 0.289899 
0.160000 	 0.401069 
0.180000 	 0.514176 
0.200000 	 0.592385 
0.220000 	 0.226954 
0.240000 	 0.296868 
0.260000 	 0.156794 
0.280000 	 0.325493 
0.300000 	 0.361533 
0.320000 	 0.269336 
0.340000 	 0.229582 
0.360000 	 0.087739 
0.380000 	 0.262560 
0.400000 	 0.097594 
0.420000 	 0.589558 
0.440000 	 0.386151 
0.460000 	 0.291082 
0.480000 	 0.663982 
0.500000 	 0.319631 
0.520000 	 0.311223 
0.540000 	 0.428937 
0.560000 	 0.308500 
0.580000 	 0.002421 
0.600000 	 0.273309 
0.620000 	 0.486461 
0.640000 	 0.212525 
0.660000 	 0.314604 
0.680000 	 0.328287 
0.700000 	 0.373852 
0.720000 	 0.387266 
0.740000 	 0.600510 
0.760000 	 0.501198 
0.780000 	 0.382786 
0.800000 	 0.595143 
0.820000 	 0.257819 
0.840000 	 0.458786 
0.860000 	 0.755193 
0.880000 	 0.458475 
0.900000 	 0.580390 
0.920000 	 0.542114 
0.940000 	 0.463322 
0.960000 	 0.619853 
0.980000 	 0.538818 
1.000000 	 0.620017 
1.020000 	 0.434881 
1.040000 	 0.548932 
1.060000 	 0.646863 
1.080000 	 0.626847 
1.100000 	 0.656373 
1.120000 	 0.470994 
1.140000 	 0.733948 
1.160000 	 0.727769 
1.180000 	 0.359845 
1.200000 	 0.296497 
1.220000 	 0.686594 
1.240000 	 0.824676 
1.260000 	 0.811118 
1.280000 	 0.928187 
1.300000 	 0.693508 
1.320000 	 0.960059 
1.340000 	 0.625430 
1.360000 	 0.566605 
1.380000 	 0.509824 
1.400000 	 0.628195 
1.420000 	 0.495305 
1.440000 	 0.871059 
1.460000 	 0.711722 
1.480000 	 0.854953 
1.500000 	 0.662303 
1.520000 	 0.629037 
1.540000 	 0.758501 
1.560000 	 0.818886 
1.580000 	 0.933873 
1.600000 	 0.720653 
1.620000 	 0.693649 
1.640000 	 0.853279 
1.660000 	 0.789152 
1.680000 	 0.792849 
1.700000 	 0.976843 
1.720000 	 0.953002 
1.740000 	 0.929023 
1.760000 	 0.386678 
1.780000 	 0.683719 
1.800000 	 0.788214 
1.820000 	 0.803690 
1.840000 	 1.075133 
1.860000 	 0.763078 
1.880000 	 0.734872 
1.900000 	 0.816203 
1.920000 	 1.071487 
1.940000 	 0.792736 
1.960000 	 1.016650 
1.980000 	 1.154500 
2.000000 	 1.053163 
2.020000 	 1.041232 
2.040000 	 0.750657 
2.060000 	 1.179756 
2.080000 	 0.970309 
2.100000 	 0.981521 
2.120000 	 1.171523 
2.140000 	 1.182384 
2.160000 	 1.155040 
2.180000 	 0.773204 
2.200000 	 0.893940 
2.220000 	 1.139527 
2.240000 	 1.086276 
2.260000 	 1.331730 
2.280000 	 0.934880 
2.300000 	 1.039876 
2.320000 	 1.300311 
2.340000 	 1.000893 
2.360000 	 1.135493 
2.380000 	 1.363452 
2.400000 	 1.259452 
2.420000 	 1.286925 
2.440000 	 1.276739 
2.460000 	 1.174239 
2.480000 	 1.082591 
2.500000 	 1.334996 
2.520000 	 1.362580 
2.540000 	 1.286061 
2.560000 	 1.447214 
2.580000 	 1.309697 
2.600000 	 1.321311 
2.620000 	 1.437593 
2.640000 	 1.244874 
2.660000 	 1.262952 
2.680000 	 1.331072 
2.700000 	 1.360315 
2.720000 	 1.500192 
2.740000 	 1.353494 
2.760000 	 1.125490 
2.780000 	 1.448213 
2.800000 	 1.164145 
2.820000 	 1.459549 
2.840000 	 1.314456 
2.860000 	 1.229989 
2.880000 	 1.517591 
2.900000 	 1.239315 
2.920000 	 1.359608 
2.940000 	 1.490089 
2.960000 	 1.638101 
2.980000 	 1.329386 
3.000000 	 1.594257 
3.020000 	 1.256943 
3.040000 	 1.432540 
3.060000 	 1.113643 
3.080000 	 1.507368 
3.100000 	 1.353559 
3.120000 	 1.366878 
3.140000 	 1.241913 
3.160000 	 1.536837 
3.180000 	 1.366284 
3.200000 	 1.287359 
3.220000 	 1.374475 
3.240000 	 1.377991 
3.260000 	 1.569730 
3.280000 	 1.525753 
3.300000 	 1.719224 
3.320000 	 1.443584 
3.340000 	 1.555275 
3.360000 	 1.524237 
3.380000 	 1.482875 
3.400000 	 1.400337 
3.420000 	 1.560261 
3.440000 	 1.336634 
3.460000 	 1.155285 
3.480000 	 1.371038 
3.500000 	 1.684623 
3.520000 	 1.827455 
3.540000 	 1.757445 
3.560000 	 1.779705 
3.580000 	 1.585767 
3.600000 	 1.567432 
3.620000 	 1.496566 
3.640000 	 1.352682 
3.660000 	 1.424585 
3.680000 	 1.554892 
3.700000 	 1.457835 
3.720000 	 1.631458 
3.740000 	 1.594456 
3.760000 	 1.650431 
3.780000 	 1.407661 
3.800000 	 1.837577 
3.820000 	 1.600058 
3.840000 	 1.750484 
3.860000 	 1.795922 
3.880000 	 1.590883 
3.900000 	 1.514989 
3.920000 	 1.701561 
3.940000 	 1.523266 
3.960000 	 1.711393 
3.980000 	 1.510373 
4.000000 	 1.561829 
4.020000 	 1.651875 
4.040000 	 1.903013 
4.060000 	 1.369722 
4.080000 	 1.531689 
4.100000 	 1.630408 
4.120000 	 1.651234 
4.140000 	 1.559210 
4.160000 	 1.598625 
4.180000 	 1.749803 
4.200000 	 1.474637 
4.220000 	 1.602943 
4.240000 	 1.762350 
4.260000 	 1.489166 
4.280000 	 1.465486 
4.300000 	 1.697578 
4.320000 	 1.557523 
4.340000 	 1.569408 
4.360000 	 1.604221 
4.380000 	 1.683797 
4.400000 	 2.067837 
4.420000 	 1.425296 
4.440000 	 1.509629 
4.460000 	 1.667794 
4.480000 	 1.704653 
4.500000 	 1.880988 
4.520000 	 1.833679 
4.540000 	 1.428819 
4.560000 	 1.706766 
4.580000 	 1.752508 
4.600000 	 1.683516 
4.620000 	 1.629222 
4.640000 	 1.639256 
4.660000 	 1.574086 
4.680000 	 1.620734 
4.700000 	 1.465841 
4.720000 	 1.215634 
4.740000 	 1.574901 
4.760000 	 1.580810 
4.780000 	 1.422046 
4.800000 	 1.317074 
4.820000 	 1.384588 
4.840000 	 1.499696 
4.860000 	 1.426153 
4.880000 	 1.610720 
4.900000 	 1.289037 
4.920000 	 1.332195 
4.940000 	 1.312026 
4.960000 	 1.560397 
4.980000 	 1.362785 
5.000000 	 1.027336 
5.020000 	 1.425288 
5.040000 	 1.432932 
5.060000 	 1.463379 
5.080000 	 1.383154 
5.100000 	 1.484656 
5.120000 	 1.443179 
5.140000 	 1.384892 
5.160000 	 1.215319 
5.180000 	 1.529503 
5.200000 	 1.230128 
5.220000 	 1.031162 
5.240000 	 1.206822 
5.260000 	 1.433858 
5.280000 	 1.368587 
5.300000 	 1.140926 
5.320000 	 1.374235 
5.340000 	 1.259226 
5.360000 	 1.414682 
5.380000 	 1.205485 
5.400000 	 1.315034 
5.420000 	 1.392639 
5.440000 	 1.026783 
5.460000 	 1.381894 
5.480000 	 1.567326 
5.500000 	 1.402392 
5.520000 	 1.319105 
5.540000 	 1.196623 
5.560000 	 1.427246 
5.580000 	 1.079283 
5.600000 	 1.477602 
5.620000 	 1.124168 
5.640000 	 0.832263 
5.660000 	 0.907154 
5.680000 	 1.124455 
5.700000 	 1.160667 
5.720000 	 1.179252 
5.740000 	 0.892345 
5.760000 	 1.023946 
5.780000 	 0.914804 
5.800000 	 0.907212 
5.820000 	 1.091593 
5.840000 	 0.839324 
5.860000 	 1.067623 
5.880000 	 1.058407 
5.900000 	 1.024382 
5.920000 	 1.190752 
5.940000 	 1.038008 
5.960000 	 0.944150 
5.980000 	 1.010625 
6.000000 	 1.104685 
6.020000 	 1.009083 
6.040000 	 0.718827 
6.060000 	 0.984258 
6.080000 	 0.977616 
6.100000 	 0.739462 
6.120000 	 0.908139 
6.140000 	 0.980794 
6.160000 	 0.796371 
6.180000 	 0.749013 
6.200000 	 0.868378 
6.220000 	 0.819420 
6.240000 	 0.918668 
6.260000 	 0.905549 
6.280000 	 0.786655 
6.300000 	 0.906405 
6.320000 	 1.094837 
6.340000 	 0.882010 
6.360000 	 0.582520 
6.380000 	 0.937350 
6.400000 	 0.819759 
6.420000 	 0.847485 
6.440000 	 0.703264 
6.460000 	 0.956535 
6.480000 	 0.633010 
6.500000 	 0.621698 
6.520000 	 0.736273 
6.540000 	 0.755905 
6.560000 	 0.670146 
6.580000 	 0.601266 
6.600000 	 0.787292 
6.620000 	 0.632092 
6.640000 	 0.746984 
6.660000 	 0.662883 
6.680000 	 0.450177 
6.700000 	 0.485411 
6.720000 	 0.948451 
6.740000 	 0.709903 
6.760000 	 0.518645 
6.780000 	 0.554225 
6.800000 	 0.844211 
6.820000 	 0.563732 
6.840000 	 0.632783 
6.860000 	 0.674859 
6.880000 	 0.549993 
6.900000 	 0.631260 
6.920000 	 0.645932 
6.940000 	 0.624487 
6.960000 	 0.607448 
6.980000 	 0.436458 
7.000000 	 0.467378 
7.020000 	 0.319370 
7.040000 	 0.588348 
7.060000 	 0.475613 
7.080000 	 0.322936 
7.100000 	 0.672267 
7.120000 	 0.652511 
7.140000 	 0.352391 
7.160000 	 0.295072 
7.180000 	 0.447111 
7.200000 	 0.182960 
7.220000 	 0.321519 
7.240000 	 0.464171 
7.260000 	 0.345424 
7.280000 	 0.229289 
7.300000 	 0.417001 
7.320000 	 0.186348 
7.340000 	 0.494122 
7.360000 	 0.599629 
7.380000 	 0.296275 
7.400000 	 0.431784 
7.420000 	 0.291889 
7.440000 	 0.491012 
7.460000 	 0.146109 
7.480000 	 0.299350 
7.500000 	 0.368111 
7.520000 	 0.637180 
7.540000 	 0.296342 
7.560000 	 0.385706 
7.580000 	 0.602572 
7.600000 	 -0.006588 
7.620000 	 0.279045 
7.640000 	 0.568171 
7.660000 	 0.153251 
7.680000 	 0.343841 
7.700000 	 0.291728 
7.720000 	 0.085294 
7.740000 	 0.650205 
7.760000 	 0.432661 
7.780000 	 0.365622 
7.800000 	 0.164450 
7.820000 	 0.214573 
7.840000 	 0.024948 
7.860000 	 0.200042 
7.880000 	 -0.197467 
7.900000 	 0.082338 
7.920000 	 0.283892 
7.940000 	 0.217542 
7.960000 	 0.451041 
7.980000 	 0.391179 
8.000000 	 0.315612 
8.020000 	 0.080880 
8.040000 	 -0.004230 
8.060000 	 0.284445 
8.080000 	 0.257561 
8.100000 	 0.517348 
8.120000 	 0.448453 
8.140000 	 0.239212 
8.160000 	 0.207610 
8.180000 	 0.042043 
8.200000 	 -0.109311 
8.220000 	 -0.019866 
8.240000 	 -0.033146 
8.260000 	 0.196404 
8.280000 	 0.093520 
8.300000 	 0.005721 
8.320000 	 0.121420 
8.340000 	 0.044187 
8.360000 	 0.313482 
8.380000 	 0.194945 
8.400000 	 0.222264 
8.420000 	 0.537215 
8.440000 	 -0.198102 
8.460000 	 0.310124 
8.480000 	 -0.150499 
8.500000 	 0.112751 
8.520000 	 0.463266 
8.540000 	 0.026542 
8.560000 	 -0.176915 
8.580000 	 0.146040 
8.600000 	 0.246255 
8.620000 	 0.129813 
8.640000 	 -0.105966 
8.660000 	 0.324325 
8.680000 	 0.168553 
8.700000 	 -0.047902 
8.720000 	 0.048104 
8.740000 	 0.055006 
8.760000 	 0.071100 
8.780000 	 -0.161613 
8.800000 	 0.167120 
8.820000 	 0.192212 
8.840000 	 -0.143458 
8.860000 	 -0.020767 
8.880000 	 -0.204206 
8.900000 	 -0.077600 
8.920000 	 0.186099 
8.940000 	 0.060056 
8.960000 	 0.036357 
8.980000 	 0.043232 
9.000000 	 -0.133412 
9.020000 	 -0.114266 
9.040000 	 -0.111544 
9.060000 	 0.222086 
9.080000 	 0.094876 
9.100000 	 -0.011036 
9.120000 	 0.303221 
9.140000 	 0.050991 
9.160000 	 0.182361 
9.180000 	 -0.026743 
9.200000 	 0.118790 
9.220000 	 0.055797 
9.240000 	 -0.127304 
9.260000 	 0.062175 
9.280000 	 0.053559 
9.300000 	 0.013664 
9.320000 	 0.179982 
9.340000 	 0.176741 
9.360000 	 -0.064879 
9.380000 	 0.146636 
9.400000 	 0.169120 
9.420000 	 0.148535 
9.440000 	 -0.120413 
9.460000 	 0.011032 
9.480000 	 -0.011291 
9.500000 	 -0.196262 
9.520000 	 0.212605 
9.540000 	 -0.176046 
9.560000 	 -0.040641 
9.580000 	 -0.113515 
9.600000 	 0.254152 
9.620000 	 -0.050284 
9.640000 	 0.052017 
9.660000 	 0.158748 
9.680000 	 -0.232532 
9.700000 	 -0.025668 
9.720000 	 0.042085 
9.740000 	 -0.121431 
9.760000 	 0.077710 
9.780000 	 0.031343 
9.800000 	 -0.016883 
9.820000 	 0.142233 
9.840000 	 0.097723 
9.860000 	 0.028390 
9.880000 	 0.012395 
9.900000 	 -0.104007 
9.920000 	 0.207861 
9.940000 	 0.199327 
9.960000 	 -0.147998 
9.980000 	 0.223500 
10.000000 	 0.156248 
10.020000 	 0.025905 
10.040000 	 -0.016352 
10.060000 	 -0.193765 
10.080000 	 -0.058836 
10.100000 	 0.018131 
10.120000 	 0.188083 
10.140000 	 0.161865 
10.160000 	 -0.036638 
10.180000 	 -0.179527 
10.200000 	 -0.307423 
10.220000 	 0.254871 
10.240000 	 0.066162 
10.260000 	 -0.054710 
10.280000 	 -0.033917 
10.300000 	 -0.231621 
10.320000 	 0.022532 
10.340000 	 -0.021011 
10.360000 	 -0.122952 
10.380000 	 -0.051115 
10.400000 	 0.221018 
10.420000 	 -0.088454 
10.440000 	 0.135749 
10.460000 	 -0.148973 
10.480000 	 -0.147150 
10.500000 	 -0.019042 
10.520000 	 0.110637 
10.540000 	 -0.119461 
10.560000 	 0.341605 
10.580000 	 0.103554 
10.600000 	 0.152163 
10.620000 	 -0.228038 
10.640000 	 0.055747 
10.660000 	 0.171031 
10.680000 	 -0.074667 
10.700000 	 0.315402 
10.720000 	 0.147741 
10.740000 	 -0.026624 
10.760000 	 0.119747 
10.780000 	 -0.037058 
10.800000 	 -0.073564 
10.820000 	 -0.211173 
10.840000 	 -0.183984 
10.860000 	 -0.012204 
10.880000 	 -0.045679 
10.900000 	 -0.114227 
10.920000 	 0.198255 
10.940000 	 -0.081068 
10.960000 	 -0.020507 
10.980000 	 0.264956 
11.000000 	 0.175864 
11.020000 	 -0.088158 
11.040000 	 0.126567 
11.060000 	 0.061238 
11.080000 	 -0.106448 
11.100000 	 -0.250787 
11.120000 	 0.067351 
11.140000 	 0.202576 
11.160000 	 -0.140679 
11.180000 	 0.098542 
11.200000 	 0.036981 
11.220000 	 0.269735 
11.240000 	 0.251724 
11.260000 	 0.235794 
11.280000 	 0.317187 
11.300000 	 0.186372 
11.320000 	 -0.299657 
11.340000 	 0.048838 
11.360000 	 0.122367 
11.380000 	 -0.194466 
11.400000 	 0.102623 
11.420000 	 0.024464 
11.440000 	 0.112988 
11.460000 	 -0.125807 
11.480000 	 -0.163969 
11.500000 	 -0.027208 
11.520000 	 0.044364 
11.540000 	 0.149845 
11.560000 	 0.095176 
11.580000 	 0.020014 
11.600000 	 -0.209430 
11.620000 	 -0.148072 
11.640000 	 -0.101345 
11.660000 	 -0.064367 
11.680000 	 -0.274888 
11.700000 	 -0.126181 
11.720000 	 0.063073 
11.740000 	 0.040429 
11.760000 	 0.020930 
11.780000 	 -0.100238 
11.800000 	 0.039701 
11.820000 	 0.074925 
11.840000 	 -0.082144 
11.860000 	 0.144989 
11.880000 	 -0.107038 
11.900000 	 0.038894 
11.920000 	 -0.165188 
11.940000 	 0.035419 
11.960000 	 -0.170974 
11.980000 	 -0.036462 
12.000000 	 -0.133013 
12.020000 	 -0.041448 
12.040000 	 0.043448 
12.060000 	 0.022959 
12.080000 	 0.084918 
12.100000 	 0.067902 
12.120000 	 -0.071712 
12.140000 	 0.042028 
12.160000 	 -0.149819 
12.180000 	 0.071071 
12.200000 	 -0.136693 
12.220000 	 -0.026655 
12.240000 	 0.099184 
12.260000 	 0.021354 
12.280000 	 0.050154 
12.300000 	 0.173941 
12.320000 	 -0.273050 
12.340000 	 -0.042154 
12.360000 	 -0.074527 
12.380000 	 -0.311723 
12.400000 	 0.237526 
12.420000 	 -0.063189 
12.440000 	 -0.008217 
12.460000 	 -0.034939 
12.480000 	 -0.053215 
12.500000 	 0.064648 
12.520000 	 -0.084504 
12.540000 	 -0.024228 
12.560000 	 -0.013677 
12.580000 	 0.115399 
12.600000 	 0.226503 
12.620000 	 0.040664 
12.640000 	 0.062296 
12.660000 	 0.087087 
12.680000 	 -0.135037 
12.700000 	 0.348470 
12.720000 	 0.173888 
12.740000 	 0.183595 
12.760000 	 -0.009110 
12.780000 	 0.167694 
12.800000 	 -0.025037 
12.820000 	 0.162994 
12.840000 	 -0.302226 
12.860000 	 0.002769 
12.880000 	 -0.019018 
12.900000 	 -0.169537 
12.920000 	 0.161415 
12.940000 	 0.395375 
12.960000 	 0.245210 
12.980000 	 -0.125269 
13.000000 	 0.060462 
13.020000 	 -0.022178 
13.040000 	 0.123351 
13.060000 	 0.090330 
13.080000 	 0.139991 
13.100000 	 0.051718 
13.120000 	 -0.067872 
13.140000 	 -0.171130 
13.160000 	 0.006048 
13.180000 	 0.059639 
13.200000 	 0.068572 
13.220000 	 0.013364 
13.240000 	 0.225585 
13.260000 	 0.015812 
13.280000 	 0.025169 
13.300000 	 0.083348 
13.320000 	 0.004747 
13.340000 	 0.147082 
13.360000 	 -0.070769 
13.380000 	 -0.187034 
13.400000 	 0.154427 
13.420000 	 0.107025 
13.440000 	 0.083149 
13.460000 	 -0.094279 
13.480000 	 -0.059232 
13.500000 	 -0.076357 
13.520000 	 0.040730 
13.540000 	 -0.052686 
13.560000 	 -0.133722 
13.580000 	 0.081463 
13.600000 	 0.147443 
13.620000 	 0.076641 
13.640000 	 0.203699 
13.660000 	 0.035378 
13.680000 	 -0.202693 
13.700000 	 -0.026899 
13.720000 	 0.145764 
13.740000 	 -0.053441 
13.760000 	 0.122137 
13.780000 	 0.126590 
13.800000 	 0.420719 
13.820000 	 0.033983 
13.840000 	 -0.265930 
13.860000 	 0.072297 
13.880000 	 -0.066335 
13.900000 	 0.078047 
13.920000 	 0.081121 
13.940000 	 0.014568 
13.960000 	 0.049839 
13.980000 	 -0.116157 
14.000000 	 0.050805 
14.020000 	 -0.020837 
14.040000 	 -0.058848 
14.060000 	 -0.102639 
14.080000 	 -0.065748 
14.100000 	 -0.202133 
14.120000 	 0.061436 
14.140000 	 -0.024295 
14.160000 	 0.091239 
14.180000 	 -0.105936 
14.200000 	 0.029569 
14.220000 	 -0.020217 
14.240000 	 0.044563 
14.260000 	 -0.164224 
14.280000 	 0.147205 
14.300000 	 0.017545 
14.320000 	 -0.014235 
14.340000 	 -0.046986 
14.360000 	 -0.026932 
14.380000 	 0.393939 
14.400000 	 -0.035746 
14.420000 	 -0.067190 
14.440000 	 -0.184339 
14.460000 	 -0.091228 
14.480000 	 0.153109 
14.500000 	 0.158853 
14.520000 	 0.023047 
14.540000 	 0.106046 
14.560000 	 -0.095979 
14.580000 	 0.082310 
14.600000 	 0.114045 
14.620000 	 -0.136608 
14.640000 	 -0.096450 
14.660000 	 -0.036083 
14.680000 	 0.016041 
14.700000 	 0.145913 
14.720000 	 -0.022942 
14.740000 	 0.162125 
14.760000 	 -0.102211 
14.780000 	 0.124419 
14.800000 	 0.166386 
14.820000 	 -0.071653 
14.840000 	 0.207116 
14.860000 	 -0.361888 
14.880000 	 -0.146703 
14.900000 	 -0.260187 
14.920000 	 0.033581 
14.940000 	 -0.087440 
14.960000 	 0.103552 
14.980000 	 0.140060 
15.000000 	 -0.206558 
