-15.000000 	 0.029042 
-14.980000 	 -0.135584 
-14.960000 	 -0.174378 
-14.940000 	 0.135922 
-14.920000 	 -0.177211 
-14.900000 	 0.149303 
-14.880000 	 0.148959 
-14.860000 	 -0.120403 
-14.840000 	 -0.168509 
-14.820000 	 0.059173 
-14.800000 	 -0.050492 
-14.780000 	 -0.146070 
-14.760000 	 -0.124324 
-14.740000 	 -0.220535 
-14.720000 	 0.361589 
-14.700000 	 -0.114945 
-14.680000 	 0.095694 
-14.660000 	 0.225348 
-14.640000 	 -0.241780 
-14.620000 	 -0.212064 
-14.600000 	 0.135215 
-14.580000 	 0.360914 
-14.560000 	 -0.087157 
-14.540000 	 -0.023541 
-14.520000 	 -0.033059 
-14.500000 	 -0.044096 
-14.480000 	 0.117588 
-14.460000 	 0.020648 
-14.440000 	 -0.148669 
-14.420000 	 -0.003675 
-14.400000 	 -0.104068 
-14.380000 	 0.050454 
-14.360000 	 -0.011657 
-14.340000 	 -0.163898 
-14.320000 	 0.026469 
-14.300000 	 0.359385 
-14.280000 	 -0.079237 
-14.260000 	 0.288954 
-14.240000 	 0.095968 
-14.220000 	 0.123693 
-14.200000 	 0.068464 
-14.180000 	 0.037942 
-14.160000 	 -0.162144 
-14.140000 	 0.105337 
-14.120000 	 -0.282465 
-14.100000 	 -0.217251 
-14.080000 	 0.005773 
-14.060000 	 0.374768 
-14.040000 	 -0.090140 
-14.020000 	 0.215730 
-14.000000 	 -0.117224 
-13.980000 	 0.202621 
-13.960000 	 -0.101849 
-13.940000 	 0.217420 
-13.920000 	 0.058292 
-13.900000 	 0.050024 
-13.880000 	 -0.171642 
-13.860000 	 -0.015696 
-13.840000 	 -0.133641 
-13.820000 	 -0.150439 
-13.800000 	 -0.144319 
-13.780000 	 0.109069 
-13.760000 	 0.149488 
-13.740000 	 0.206250 
-13.720000 	 0.266642 
-13.700000 	 -0.205188 
-13.680000 	 0.087532 
-13.660000 	 -0.214935 
-13.640000 	 0.116461 
-13.620000 	 -0.005169 
-13.600000 	 0.076333 
-13.580000 	 0.002846 
-13.560000 	 -0.016849 
-13.540000 	 0.018138 
-13.520000 	 -0.309190 
-13.500000 	 0.048798 
-13.480000 	 0.500000 
-13.460000 	 0.186123 
-13.440000 	 0.086330 
-13.420000 	 0.116866 
-13.400000 	 -0.015372 
-13.380000 	 0.022838 
-13.360000 	 0.130354 
-13.340000 	 -0.009643 
-13.320000 	 0.046087 
-13.300000 	 0.068047 
-13.280000 	 0.105414 
-13.260000 	 0.158908 
-13.240000 	 0.111347 
-13.220000 	 0.069056 
-13.200000 	 -0.154561 
-13.180000 	 0.255800 
-13.160000 	 -0.060105 
-13.140000 	 -0.029307 
-13.120000 	 -0.446651 
-13.100000 	 -0.069510 
-13.080000 	 -0.061169 
-13.060000 	 0.082792 
-13.040000 	 0.181325 
-13.020000 	 -0.094075 
-13.000000 	 -0.036604 
-12.980000 	 -0.124654 
-12.960000 	 0.189341 
-12.940000 	 -0.197541 
-12.920000 	 -0.230297 
-12.900000 	 0.023643 
-12.880000 	 -0.508943 
-12.860000 	 0.048730 
-12.840000 	 0.098198 
-12.820000 	 -0.087998 
-12.800000 	 -0.105109 
-12.780000 	 0.065680 
-12.760000 	 -0.103222 
-12.740000 	 0.004479 
-12.720000 	 0.137773 
-12.700000 	 -0.126775 
-12.680000 	 0.008398 
-12.660000 	 0.091897 
-12.640000 	 0.154953 
-12.620000 	 0.203610 
-12.600000 	 0.243381 
-12.580000 	 0.262208 
-12.560000 	 -0.018621 
-12.540000 	 -0.256583 
-12.520000 	 -0.216070 
-12.500000 	 0.044255 
-12.480000 	 0.013838 
-12.460000 	 0.020187 
-12.440000 	 0.091932 
-12.420000 	 0.274421 
-12.400000 	 -0.012787 
-12.380000 	 0.089831 
-12.360000 	 0.042258 
-12.340000 	 -0.072792 
-12.320000 	 -0.087897 
-12.300000 	 0.240199 
-12.280000 	 0.178046 
-12.260000 	 -0.078349 
-12.240000 	 -0.029164 
-12.220000 	 0.243131 
-12.200000 	 -0.123009 
-12.180000 	 0.212033 
-12.160000 	 -0.297172 
-12.140000 	 0.085438 
-12.120000 	 -0.024962 
-12.100000 	 0.174321 
-12.080000 	 0.109826 
-12.060000 	 -0.167863 
-12.040000 	 0.098795 
-12.020000 	 0.120145 
-12.000000 	 0.068903 
-11.980000 	 -0.180104 
-11.960000 	 0.075837 
-11.940000 	 -0.304832 
-11.920000 	 0.121066 
-11.900000 	 -0.030088 
-11.880000 	 -0.006009 
-11.860000 	 0.138540 
-11.840000 	 -0.275565 
-11.820000 	 0.003039 
-11.800000 	 0.267257 
-11.780000 	 0.127662 
-11.760000 	 0.044350 
-11.740000 	 0.170384 
-11.720000 	 -0.175318 
-11.700000 	 0.033975 
-11.680000 	 0.255709 
-11.660000 	 0.285455 
-11.640000 	 0.040545 
-11.620000 	 -0.327080 
-11.600000 	 -0.139830 
-11.580000 	 0.064122 
-11.560000 	 -0.177551 
-11.540000 	 0.067510 
-11.520000 	 0.020108 
-11.500000 	 0.133369 
-11.480000 	 0.220313 
-11.460000 	 -0.112615 
-11.440000 	 0.323148 
-11.420000 	 -0.022502 
-11.400000 	 0.206973 
-11.380000 	 0.083879 
-11.360000 	 0.225942 
-11.340000 	 -0.015279 
-11.320000 	 -0.057634 
-11.300000 	 -0.176588 
-11.280000 	 0.141750 
-11.260000 	 -0.078895 
-11.240000 	 0.152132 
-11.220000 	 0.010377 
-11.200000 	 -0.086262 
-11.180000 	 -0.091018 
-11.160000 	 -0.050082 
-11.140000 	 0.039622 
-11.120000 	 -0.176149 
-11.100000 	 0.094036 
-11.080000 	 -0.185586 
-11.060000 	 -0.071896 
-11.040000 	 0.173772 
-11.020000 	 -0.040929 
-11.000000 	 -0.035384 
-10.980000 	 0.103169 
-10.960000 	 0.043687 
-10.940000 	 0.266411 
-10.920000 	 -0.134692 
-10.900000 	 0.110971 
-10.880000 	 0.083162 
-10.860000 	 -0.164355 
-10.840000 	 0.182433 
-10.820000 	 0.168401 
-10.800000 	 0.206894 
-10.780000 	 0.060110 
-10.760000 	 0.080194 
-10.740000 	 -0.081815 
-10.720000 	 0.074963 
-10.700000 	 0.053025 
-10.680000 	 -0.071345 
-10.660000 	 0.172718 
-10.640000 	 -0.084595 
-10.620000 	 0.067423 
-10.600000 	 0.118391 
-10.580000 	 0.106391 
-10.560000 	 -0.086162 
-10.540000 	 0.040947 
-10.520000 	 -0.134239 
-10.500000 	 0.248526 
-10.480000 	 0.172952 
-10.460000 	 -0.030187 
-10.440000 	 0.095551 
-10.420000 	 0.080754 
-10.400000 	 -0.084353 
-10.380000 	 -0.112111 
-10.360000 	 0.289997 
-10.340000 	 0.232250 
-10.320000 	 0.061670 
-10.300000 	 0.312237 
-10.280000 	 -0.104088 
-10.260000 	 0.002769 
-10.240000 	 -0.037887 
-10.220000 	 -0.028519 
-10.200000 	 0.010737 
-10.180000 	 0.083528 
-10.160000 	 0.015310 
-10.140000 	 0.049664 
-10.120000 	 0.032337 
-10.100000 	 -0.181136 
-10.080000 	 0.108073 
-10.060000 	 0.058505 
-10.040000 	 -0.007064 
-10.020000 	 -0.171117 
-10.000000 	 0.102469 
-9.980000 	 -0.069500 
-9.960000 	 -0.023040 
-9.940000 	 0.233624 
-9.920000 	 0.167200 
-9.900000 	 0.200727 
-9.880000 	 0.011367 
-9.860000 	 0.163825 
-9.840000 	 -0.142655 
-9.820000 	 -0.196727 
-9.800000 	 0.074463 
-9.780000 	 0.021622 
-9.760000 	 -0.115540 
-9.740000 	 0.306295 
-9.720000 	 0.097932 
-9.700000 	 0.108819 
-9.680000 	 0.292694 
-9.660000 	 -0.108309 
-9.640000 	 -0.122413 
-9.620000 	 0.070083 
-9.600000 	 0.054638 
-9.580000 	 -0.068776 
-9.560000 	 0.033846 
-9.540000 	 -0.030765 
-9.520000 	 -0.101651 
-9.500000 	 -0.071371 
-9.480000 	 -0.136815 
-9.460000 	 0.108892 
-9.440000 	 0.203128 
-9.420000 	 0.055233 
-9.400000 	 0.012452 
-9.380000 	 -0.009860 
-9.360000 	 0.102025 
-9.340000 	 0.065114 
-9.320000 	 -0.202374 
-9.300000 	 -0.021280 
-9.280000 	 0.044238 
-9.260000 	 -0.009008 
-9.240000 	 0.228734 
-9.220000 	 -0.008336 
-9.200000 	 -0.100681 
-9.180000 	 -0.044182 
-9.160000 	 0.267130 
-9.140000 	 -0.104771 
-9.120000 	 -0.317168 
-9.100000 	 0.099689 
-9.080000 	 -0.066409 
-9.060000 	 0.138203 
-9.040000 	 0.025953 
-9.020000 	 0.017901 
-9.000000 	 0.067101 
-8.980000 	 0.003623 
-8.960000 	 -0.199990 
-8.940000 	 0.203743 
-8.920000 	 0.063260 
-8.900000 	 -0.052763 
-8.880000 	 -0.226080 
-8.860000 	 -0.079106 
-8.840000 	 -0.234177 
-8.820000 	 -0.027137 
-8.800000 	 0.064972 
-8.780000 	 -0.125498 
-8.760000 	 -0.206381 
-8.740000 	 -0.038154 
-8.720000 	 0.082710 
-8.700000 	 -0.064950 
-8.680000 	 0.134091 
-8.660000 	 0.240668 
-8.640000 	 0.175217 
-8.620000 	 0.169594 
-8.600000 	 -0.022253 
-8.580000 	 0.196675 
-8.560000 	 0.189740 
-8.540000 	 -0.255670 
-8.520000 	 0.101675 
-8.500000 	 -0.186709 
-8.480000 	 0.280869 
-8.460000 	 -0.086035 
-8.440000 	 -0.074924 
-8.420000 	 -0.069865 
-8.400000 	 0.034235 
-8.380000 	 0.069614 
-8.360000 	 -0.021059 
-8.340000 	 0.197237 
-8.320000 	 0.281190 
-8.300000 	 -0.019427 
-8.280000 	 -0.103962 
-8.260000 	 0.058449 
-8.240000 	 -0.004175 
-8.220000 	 -0.108000 
-8.200000 	 0.088061 
-8.180000 	 0.162748 
-8.160000 	 -0.001861 
-8.140000 	 -0.208132 
-8.120000 	 -0.024376 
-8.100000 	 0.213241 
-8.080000 	 -0.096548 
-8.060000 	 0.038182 
-8.040000 	 -0.158917 
-8.020000 	 -0.000122 
-8.000000 	 0.177846 
-7.980000 	 -0.168640 
-7.960000 	 0.085952 
-7.940000 	 -0.130967 
-7.920000 	 0.278100 
-7.900000 	 -0.085612 
-7.880000 	 -0.069787 
-7.860000 	 -0.017652 
-7.840000 	 -0.140856 
-7.820000 	 0.007140 
-7.800000 	 0.202382 
-7.780000 	 0.190691 
-7.760000 	 0.036641 
-7.740000 	 0.119363 
-7.720000 	 0.143855 
-7.700000 	 -0.041754 
-7.680000 	 0.197724 
-7.660000 	 -0.068529 
-7.640000 	 0.019289 
-7.620000 	 -0.056123 
-7.600000 	 -0.018937 
-7.580000 	 -0.101647 
-7.560000 	 -0.027775 
-7.540000 	 0.145112 
-7.520000 	 -0.068766 
-7.500000 	 -0.075272 
-7.480000 	 0.125060 
-7.460000 	 -0.100923 
-7.440000 	 0.145699 
-7.420000 	 0.237770 
-7.400000 	 -0.003948 
-7.380000 	 -0.063533 
-7.360000 	 0.038988 
-7.340000 	 0.280907 
-7.320000 	 -0.060665 
-7.300000 	 0.149703 
-7.280000 	 0.106478 
-7.260000 	 0.024104 
-7.240000 	 0.072210 
-7.220000 	 -0.010741 
-7.200000 	 0.194470 
-7.180000 	 0.036251 
-7.160000 	 0.170614 
-7.140000 	 -0.021669 
-7.120000 	 0.302582 
-7.100000 	 -0.187146 
-7.080000 	 -0.134661 
-7.060000 	 0.294010 
-7.040000 	 0.250895 
-7.020000 	 0.238279 
-7.000000 	 0.021390 
-6.980000 	 -0.034337 
-6.960000 	 -0.023874 
-6.940000 	 0.080200 
-6.920000 	 0.057912 
-6.900000 	 -0.055224 
-6.880000 	 0.173022 
-6.860000 	 0.013416 
-6.840000 	 0.189868 
-6.820000 	 -0.136915 
-6.800000 	 0.118962 
-6.780000 	 -0.231519 
-6.760000 	 0.368770 
-6.740000 	 -0.069817 
-6.720000 	 0.340662 
-6.700000 	 0.247280 
-6.680000 	 0.243852 
-6.660000 	 -0.128179 
-6.640000 	 0.088701 
-6.620000 	 0.152127 
-6.600000 	 -0.158934 
-6.580000 	 0.152179 
-6.560000 	 0.199345 
-6.540000 	 0.342534 
-6.520000 	 0.121703 
-6.500000 	 -0.003459 
-6.480000 	 0.113345 
-6.460000 	 0.262690 
-6.440000 	 -0.276237 
-6.420000 	 0.266246 
-6.400000 	 0.016959 
-6.380000 	 0.320367 
-6.360000 	 0.281228 
-6.340000 	 -0.056666 
-6.320000 	 0.354406 
-6.300000 	 -0.054016 
-6.280000 	 0.231195 
-6.260000 	 0.069046 
-6.240000 	 0.192981 
-6.220000 	 0.047390 
-6.200000 	 0.270441 
-6.180000 	 0.002178 
-6.160000 	 0.171291 
-6.140000 	 0.404700 
-6.120000 	 0.200997 
-6.100000 	 0.208168 
-6.080000 	 0.052601 
-6.060000 	 0.455494 
-6.040000 	 -0.011691 
-6.020000 	 -0.104640 
-6.000000 	 0.454803 
-5.980000 	 0.301523 
-5.960000 	 0.261495 
-5.940000 	 0.274499 
-5.920000 	 0.176684 
-5.900000 	 0.088849 
-5.880000 	 0.201970 
-5.860000 	 0.379310 
-5.840000 	 0.097481 
-5.820000 	 0.280466 
-5.800000 	 0.500000 
-5.780000 	 0.337703 
-5.760000 	 0.022067 
-5.740000 	 0.221157 
-5.720000 	 0.209568 
-5.700000 	 0.390530 
-5.680000 	 0.145693 
-5.660000 	 0.229078 
-5.640000 	 0.364029 
-5.620000 	 0.024284 
-5.600000 	 0.291766 
-5.580000 	 0.372820 
-5.560000 	 0.194182 
-5.540000 	 0.279091 
-5.520000 	 0.175558 
-5.500000 	 0.438319 
-5.480000 	 0.429070 
-5.460000 	 0.189705 
-5.440000 	 0.156738 
-5.420000 	 0.245062 
-5.400000 	 0.385087 
-5.380000 	 0.516024 
-5.360000 	 0.386751 
-5.340000 	 0.460992 
-5.320000 	 0.394059 
-5.300000 	 0.250775 
-5.280000 	 0.434658 
-5.260000 	 0.453285 
-5.240000 	 0.385307 
-5.220000 	 0.499637 
-5.200000 	 0.344681 
-5.180000 	 0.431286 
-5.160000 	 0.461145 
-5.140000 	 0.216389 
-5.120000 	 0.341785 
-5.100000 	 0.212589 
-5.080000 	 0.281789 
-5.060000 	 0.424566 
-5.040000 	 0.235899 
-5.020000 	 0.634121 
-5.000000 	 0.110327 
-4.980000 	 0.275418 
-4.960000 	 0.429676 
-4.940000 	 0.256453 
-4.920000 	 0.602916 
-4.900000 	 0.357477 
-4.880000 	 0.437272 
-4.860000 	 0.655725 
-4.840000 	 0.329731 
-4.820000 	 0.372775 
-4.800000 	 0.599108 
-4.780000 	 0.382454 
-4.760000 	 0.261466 
-4.740000 	 0.544999 
-4.720000 	 0.613076 
-4.700000 	 0.655999 
-4.680000 	 0.337918 
-4.660000 	 0.431559 
-4.640000 	 0.348380 
-4.620000 	 0.342500 
-4.600000 	 0.378522 
-4.580000 	 0.536331 
-4.560000 	 0.537063 
-4.540000 	 0.615841 
-4.520000 	 0.374105 
-4.500000 	 0.576152 
-4.480000 	 0.666316 
-4.460000 	 0.267131 
-4.440000 	 0.431963 
-4.420000 	 0.406848 
-4.400000 	 0.397542 
-4.380000 	 0.411829 
-4.360000 	 0.398056 
-4.340000 	 0.322319 
-4.320000 	 0.758537 
-4.300000 	 0.404456 
-4.280000 	 0.500443 
-4.260000 	 0.571788 
-4.240000 	 0.566340 
-4.220000 	 0.361531 
-4.200000 	 0.414158 
-4.180000 	 0.386697 
-4.160000 	 0.522666 
-4.140000 	 0.308899 
-4.120000 	 0.560095 
-4.100000 	 0.627667 
-4.080000 	 0.771764 
-4.060000 	 0.496632 
-4.040000 	 0.421069 
-4.020000 	 0.585672 
-4.000000 	 0.498591 
-3.980000 	 0.642453 
-3.960000 	 0.470798 
-3.940000 	 0.586549 
-3.920000 	 0.554517 
-3.900000 	 0.496227 
-3.880000 	 0.516450 
-3.860000 	 0.470242 
-3.840000 	 0.344386 
-3.820000 	 0.222413 
-3.800000 	 0.290803 
-3.780000 	 0.535372 
-3.760000 	 0.256709 
-3.740000 	 0.510351 
-3.720000 	 0.387473 
-3.700000 	 0.593872 
-3.680000 	 0.602111 
-3.660000 	 0.517613 
-3.640000 	 0.488680 
-3.620000 	 0.438924 
-3.600000 	 0.497476 
-3.580000 	 0.595445 
-3.560000 	 0.275228 
-3.540000 	 0.597270 
-3.520000 	 0.368841 
-3.500000 	 0.434671 
-3.480000 	 0.423849 
-3.460000 	 0.554153 
-3.440000 	 0.621915 
-3.420000 	 0.399060 
-3.400000 	 0.588472 
-3.380000 	 0.378756 
-3.360000 	 0.383094 
-3.340000 	 0.494422 
-3.320000 	 0.592392 
-3.300000 	 0.646270 
-3.280000 	 0.167968 
-3.260000 	 0.396191 
-3.240000 	 0.498892 
-3.220000 	 0.209216 
-3.200000 	 0.489044 
-3.180000 	 0.255631 
-3.160000 	 0.658824 
-3.140000 	 0.391054 
-3.120000 	 0.467740 
-3.100000 	 0.405415 
-3.080000 	 0.355526 
-3.060000 	 0.473476 
-3.040000 	 0.430169 
-3.020000 	 0.422663 
-3.000000 	 0.235603 
-2.980000 	 0.409849 
-2.960000 	 0.191190 
-2.940000 	 0.359970 
-2.920000 	 0.394490 
-2.900000 	 0.356814 
-2.880000 	 0.370059 
-2.860000 	 0.502924 
-2.840000 	 0.574958 
-2.820000 	 0.245662 
-2.800000 	 0.356452 
-2.780000 	 0.446613 
-2.760000 	 0.309046 
-2.740000 	 0.346997 
-2.720000 	 0.338536 
-2.700000 	 0.508241 
-2.680000 	 0.269344 
-2.660000 	 0.226531 
-2.640000 	 0.366739 
-2.620000 	 0.225179 
-2.600000 	 0.524055 
-2.580000 	 0.158424 
-2.560000 	 0.349436 
-2.540000 	 0.273365 
-2.520000 	 0.541922 
-2.500000 	 0.170324 
-2.480000 	 0.342127 
-2.460000 	 0.405022 
-2.440000 	 0.219892 
-2.420000 	 0.242038 
-2.400000 	 0.554263 
-2.380000 	 0.642772 
-2.360000 	 0.078140 
-2.340000 	 0.172809 
-2.320000 	 0.291421 
-2.300000 	 0.445360 
-2.280000 	 0.314108 
-2.260000 	 0.027650 
-2.240000 	 0.085316 
-2.220000 	 0.536400 
-2.200000 	 0.247353 
-2.180000 	 0.447233 
-2.160000 	 0.371916 
-2.140000 	 -0.043178 
-2.120000 	 0.421884 
-2.100000 	 0.342429 
-2.080000 	 0.470471 
-2.060000 	 0.382511 
-2.040000 	 0.175556 
-2.020000 	 0.269042 
-2.000000 	 0.407079 
-1.980000 	 0.080187 
-1.960000 	 0.202441 
-1.940000 	 0.064548 
-1.920000 	 -0.034539 
-1.900000 	 0.174248 
-1.880000 	 0.285832 
-1.860000 	 0.083942 
-1.840000 	 0.108245 
-1.820000 	 0.198155 
-1.800000 	 0.284136 
-1.780000 	 0.376706 
-1.760000 	 0.119580 
-1.740000 	 0.271999 
-1.720000 	 0.461757 
-1.700000 	 -0.026682 
-1.680000 	 0.029741 
-1.660000 	 -0.025284 
-1.640000 	 0.025256 
-1.620000 	 0.001533 
-1.600000 	 0.160507 
-1.580000 	 0.030606 
-1.560000 	 0.136054 
-1.540000 	 0.058497 
-1.520000 	 0.288687 
-1.500000 	 -0.088975 
-1.480000 	 0.239172 
-1.460000 	 0.175849 
-1.440000 	 0.167838 
-1.420000 	 0.119859 
-1.400000 	 0.266379 
-1.380000 	 0.200631 
-1.360000 	 0.315572 
-1.340000 	 0.019025 
-1.320000 	 -0.081188 
-1.300000 	 0.404470 
-1.280000 	 0.351672 
-1.260000 	 0.325534 
-1.240000 	 -0.041619 
-1.220000 	 0.121059 
-1.200000 	 0.110299 
-1.180000 	 0.097474 
-1.160000 	 0.402431 
-1.140000 	 0.248022 
-1.120000 	 0.215018 
-1.100000 	 0.156331 
-1.080000 	 0.182567 
-1.060000 	 -0.119203 
-1.040000 	 -0.109150 
-1.020000 	 0.078984 
-1.000000 	 0.273305 
-0.980000 	 0.198561 
-0.960000 	 0.046187 
-0.940000 	 0.145356 
-0.920000 	 0.027468 
-0.900000 	 0.479755 
-0.880000 	 -0.183363 
-0.860000 	 0.176673 
-0.840000 	 0.112402 
-0.820000 	 0.224145 
-0.800000 	 0.190182 
-0.780000 	 -0.024196 
-0.760000 	 0.004814 
-0.740000 	 0.156447 
-0.720000 	 0.167605 
-0.700000 	 -0.046523 
-0.680000 	 0.308493 
-0.660000 	 0.242479 
-0.640000 	 0.120062 
-0.620000 	 0.175842 
-0.600000 	 0.348790 
-0.580000 	 -0.155062 
-0.560000 	 -0.274091 
-0.540000 	 0.155484 
-0.520000 	 0.404551 
-0.500000 	 0.349438 
-0.480000 	 0.062207 
-0.460000 	 0.168125 
-0.440000 	 -0.070709 
-0.420000 	 0.234952 
-0.400000 	 -0.206889 
-0.380000 	 -0.112923 
-0.360000 	 -0.073798 
-0.340000 	 0.067619 
-0.320000 	 0.042224 
-0.300000 	 0.281123 
-0.280000 	 0.207589 
-0.260000 	 0.026218 
-0.240000 	 0.417594 
-0.220000 	 -0.006738 
-0.200000 	 0.182861 
-0.180000 	 0.208179 
-0.160000 	 0.197448 
-0.140000 	 0.290714 
-0.120000 	 0.336680 
-0.100000 	 0.066583 
-0.080000 	 0.342104 
-0.060000 	 0.396320 
-0.040000 	 0.227804 
-0.020000 	 -0.052784 
0.000000 	 0.436929 
0.020000 	 0.189517 
0.040000 	 0.359117 
0.060000 	 0.371333 
0.080000 	 0.362129 
0.100000 	 -0.153566 
0.120000 	 0.485034 
0.140000 	 0.167854 
0.160000 	 0.115962 
0.180000 	 0.609228 
0.200000 	 0.305184 
0.220000 	 0.385879 
0.240000 	 0.464197 
0.260000 	 0.200015 
0.280000 	 0.436461 
0.300000 	 0.279625 
0.320000 	 0.410430 
0.340000 	 0.386990 
0.360000 	 0.183367 
0.380000 	 0.171287 
0.400000 	 0.410226 
0.420000 	 0.093010 
0.440000 	 -0.012321 
0.460000 	 0.315303 
0.480000 	 0.299133 
0.500000 	 0.338921 
0.520000 	 0.473623 
0.540000 	 0.564323 
0.560000 	 0.470708 
0.580000 	 0.421398 
0.600000 	 0.389505 
0.620000 	 0.483049 
0.640000 	 0.375284 
0.660000 	 0.293364 
0.680000 	 0.086212 
0.700000 	 0.432702 
0.720000 	 0.204874 
0.740000 	 0.384780 
0.760000 	 0.371285 
0.780000 	 0.608909 
0.800000 	 0.445945 
0.820000 	 0.492070 
0.840000 	 0.497798 
0.860000 	 0.301931 
0.880000 	 0.316721 
0.900000 	 0.705348 
0.920000 	 0.576576 
0.940000 	 0.590110 
0.960000 	 0.800862 
0.980000 	 0.421816 
1.000000 	 0.667915 
1.020000 	 0.512439 
1.040000 	 0.357056 
1.060000 	 0.656677 
1.080000 	 0.109839 
1.100000 	 0.627752 
1.120000 	 0.729150 
1.140000 	 0.435442 
1.160000 	 0.621802 
1.180000 	 0.591816 
1.200000 	 0.485585 
1.220000 	 0.611585 
1.240000 	 0.443545 
1.260000 	 0.525913 
1.280000 	 0.427795 
1.300000 	 0.773799 
1.320000 	 0.489910 
1.340000 	 0.726322 
1.360000 	 0.562087 
1.380000 	 0.730240 
1.400000 	 0.666220 
1.420000 	 0.746471 
1.440000 	 0.763995 
1.460000 	 0.903101 
1.480000 	 0.778455 
1.500000 	 0.723693 
1.520000 	 1.039462 
1.540000 	 0.403167 
1.560000 	 0.718465 
1.580000 	 0.691109 
1.600000 	 0.837472 
1.620000 	 0.731268 
1.640000 	 0.616024 
1.660000 	 0.817938 
1.680000 	 1.055286 
1.700000 	 0.754214 
1.720000 	 0.782285 
1.740000 	 0.908460 
1.760000 	 1.159539 
1.780000 	 0.809424 
1.800000 	 0.708187 
1.820000 	 1.119508 
1.840000 	 0.643564 
1.860000 	 0.829812 
1.880000 	 0.846644 
1.900000 	 1.180389 
1.920000 	 1.083589 
1.940000 	 0.814177 
1.960000 	 0.890708 
1.980000 	 1.019153 
2.000000 	 1.120692 
2.020000 	 1.184576 
2.040000 	 1.022666 
2.060000 	 1.169142 
2.080000 	 0.914141 
2.100000 	 0.845130 
2.120000 	 0.912561 
2.140000 	 1.094805 
2.160000 	 1.314921 
2.180000 	 1.214320 
2.200000 	 1.172619 
2.220000 	 1.272957 
2.240000 	 0.918872 
2.260000 	 1.032917 
2.280000 	 1.269770 
2.300000 	 1.106498 
2.320000 	 1.401547 
2.340000 	 1.139356 
2.360000 	 1.052163 
2.380000 	 0.968400 
2.400000 	 1.406782 
2.420000 	 1.119039 
2.440000 	 1.148282 
2.460000 	 1.389662 
2.480000 	 1.193178 
2.500000 	 0.995995 
2.520000 	 1.409614 
2.540000 	 1.295157 
2.560000 	 0.898721 
2.580000 	 1.154716 
2.600000 	 1.065043 
2.620000 	 1.103839 
2.640000 	 1.168623 
2.660000 	 0.928233 
2.680000 	 1.386586 
2.700000 	 1.227675 
2.720000 	 1.256992 
2.740000 	 1.173914 
2.760000 	 1.359756 
2.780000 	 1.387667 
2.800000 	 1.371384 
2.820000 	 1.412826 
2.840000 	 1.399584 
2.860000 	 1.173766 
2.880000 	 1.134876 
2.900000 	 1.523835 
2.920000 	 1.138403 
2.940000 	 1.284889 
2.960000 	 1.412246 
2.980000 	 1.352695 
3.000000 	 1.295773 
3.020000 	 1.282384 
3.040000 	 1.312448 
3.060000 	 1.573483 
3.080000 	 1.366383 
3.100000 	 1.539571 
3.120000 	 1.426043 
3.140000 	 1.615275 
3.160000 	 1.458376 
3.180000 	 1.486783 
3.200000 	 1.598433 
3.220000 	 1.575477 
3.240000 	 1.645894 
3.260000 	 1.651340 
3.280000 	 1.396518 
3.300000 	 1.347994 
3.320000 	 1.459030 
3.340000 	 1.461214 
3.360000 	 1.349458 
3.380000 	 1.471206 
3.400000 	 1.601288 
3.420000 	 1.411775 
3.440000 	 1.590066 
3.460000 	 1.705922 
3.480000 	 1.383549 
3.500000 	 1.598626 
3.520000 	 1.573065 
3.540000 	 1.717340 
3.560000 	 1.590414 
3.580000 	 1.287803 
3.600000 	 1.416190 
3.620000 	 1.546623 
3.640000 	 1.825469 
3.660000 	 1.466293 
3.680000 	 1.698508 
3.700000 	 1.602127 
3.720000 	 1.716505 
3.740000 	 1.745368 
3.760000 	 1.313694 
3.780000 	 1.532093 
3.800000 	 1.710591 
3.820000 	 1.723000 
3.840000 	 1.510014 
3.860000 	 1.401087 
3.880000 	 1.729622 
3.900000 	 1.679659 
3.920000 	 1.839118 
3.940000 	 1.698316 
3.960000 	 1.462186 
3.980000 	 0.500000 
4.000000 	 1.622273 
4.020000 	 1.784534 
4.040000 	 1.456415 
4.060000 	 1.628610 
4.080000 	 1.595384 
4.100000 	 1.392432 
4.120000 	 1.655059 
4.140000 	 1.303405 
4.160000 	 1.517391 
4.180000 	 1.842347 
4.200000 	 1.415671 
4.220000 	 1.894758 
4.240000 	 1.571109 
4.260000 	 1.638746 
4.280000 	 1.369153 
4.300000 	 1.614031 
4.320000 	 1.771508 
4.340000 	 1.818810 
4.360000 	 1.656169 
4.380000 	 1.713463 
4.400000 	 1.630058 
4.420000 	 1.340787 
4.440000 	 1.487695 
4.460000 	 1.724430 
4.480000 	 1.904027 
4.500000 	 1.645624 
4.520000 	 1.506407 
4.540000 	 1.708711 
4.560000 	 1.535891 
4.580000 	 1.272215 
4.600000 	 1.582140 
4.620000 	 1.386897 
4.640000 	 1.413214 
4.660000 	 1.542785 
4.680000 	 1.587559 
4.700000 	 1.578878 
4.720000 	 1.311393 
4.740000 	 1.492724 
4.760000 	 1.275226 
4.780000 	 1.821164 
4.800000 	 1.543788 
4.820000 	 1.560825 
4.840000 	 1.264044 
4.860000 	 1.290300 
4.880000 	 1.284924 
4.900000 	 1.577456 
4.920000 	 1.330374 
4.940000 	 1.470590 
4.960000 	 1.420707 
4.980000 	 1.411460 
5.000000 	 1.437756 
5.020000 	 1.540639 
5.040000 	 1.361188 
5.060000 	 1.180625 
5.080000 	 1.567030 
5.100000 	 1.427585 
5.120000 	 1.250028 
5.140000 	 1.607030 
5.160000 	 1.473619 
5.180000 	 1.561623 
5.200000 	 1.207087 
5.220000 	 1.497915 
5.240000 	 1.285178 
5.260000 	 1.122116 
5.280000 	 1.301250 
5.300000 	 1.233379 
5.320000 	 1.100877 
5.340000 	 1.387197 
5.360000 	 1.268335 
5.380000 	 1.335605 
5.400000 	 1.443819 
5.420000 	 1.271774 
5.440000 	 1.249556 
5.460000 	 1.265632 
5.480000 	 0.955165 
5.500000 	 0.937955 
5.520000 	 1.246343 
5.540000 	 0.856139 
5.560000 	 1.523709 
5.580000 	 1.210969 
5.600000 	 1.214525 
5.620000 	 1.545354 
5.640000 	 0.965142 
5.660000 	 1.353106 
5.680000 	 1.133125 
5.700000 	 1.014691 
5.720000 	 1.105995 
5.740000 	 1.102610 
5.760000 	 1.110673 
5.780000 	 1.015395 
5.800000 	 1.033705 
5.820000 	 0.877381 
5.840000 	 1.018559 
5.860000 	 1.149355 
5.880000 	 1.118389 
5.900000 	 0.721831 
5.920000 	 1.159774 
5.940000 	 0.734093 
5.960000 	 1.100883 
5.980000 	 1.054195 
6.000000 	 1.092948 
6.020000 	 0.920789 
6.040000 	 0.758309 
6.060000 	 0.828429 
6.080000 	 0.860170 
6.100000 	 0.740515 
6.120000 	 0.966889 
6.140000 	 1.074719 
6.160000 	 0.844723 
6.180000 	 0.834770 
6.200000 	 0.933059 
6.220000 	 1.014637 
6.240000 	 0.853974 
6.260000 	 0.781179 
6.280000 	 0.792833 
6.300000 	 0.869028 
6.320000 	 0.826819 
6.340000 	 0.878521 
6.360000 	 0.757445 
6.380000 	 0.764205 
6.400000 	 0.438065 
6.420000 	 0.628547 
6.440000 	 0.768766 
6.460000 	 0.891226 
6.480000 	 0.753418 
6.500000 	 0.305623 
6.520000 	 0.964353 
6.540000 	 0.610378 
6.560000 	 0.542647 
6.580000 	 0.841957 
6.600000 	 0.618743 
6.620000 	 0.892830 
6.640000 	 0.743814 
6.660000 	 0.578084 
6.680000 	 0.501274 
6.700000 	 0.689167 
6.720000 	 0.581457 
6.740000 	 0.680578 
6.760000 	 0.642570 
6.780000 	 0.634241 
6.800000 	 0.506384 
6.820000 	 0.516011 
6.840000 	 0.754534 
6.860000 	 0.482970 
6.880000 	 0.757704 
6.900000 	 0.526337 
6.920000 	 0.465381 
6.940000 	 0.449664 
6.960000 	 0.422759 
6.980000 	 0.615422 
7.000000 	 0.532335 
7.020000 	 0.619577 
7.040000 	 0.625508 
7.060000 	 0.429617 
7.080000 	 0.491138 
7.100000 	 0.397804 
7.120000 	 0.591454 
7.140000 	 0.383484 
7.160000 	 0.636222 
7.180000 	 0.491811 
7.200000 	 0.421410 
7.220000 	 0.188050 
7.240000 	 0.490622 
7.260000 	 0.714406 
7.280000 	 0.439534 
7.300000 	 0.449509 
7.320000 	 0.277160 
7.340000 	 0.539419 
7.360000 	 0.073463 
7.380000 	 0.569707 
7.400000 	 0.515762 
7.420000 	 0.608859 
7.440000 	 0.507009 
7.460000 	 0.297977 
7.480000 	 0.482679 
7.500000 	 0.445509 
7.520000 	 0.193436 
7.540000 	 0.305646 
7.560000 	 0.488540 
7.580000 	 0.244645 
7.600000 	 0.484977 
7.620000 	 0.315174 
7.640000 	 0.402926 
7.660000 	 0.237916 
7.680000 	 0.274582 
7.700000 	 0.258560 
7.720000 	 0.209805 
7.740000 	 0.188733 
7.760000 	 0.357316 
7.780000 	 0.610499 
7.800000 	 0.490850 
7.820000 	 0.237663 
7.840000 	 0.294916 
7.860000 	 -0.071334 
7.880000 	 0.218806 
7.900000 	 0.374934 
7.920000 	 -0.017679 
7.940000 	 0.283319 
7.960000 	 0.234115 
7.980000 	 0.304631 
8.000000 	 0.218673 
8.020000 	 0.417306 
8.040000 	 0.398304 
8.060000 	 0.072294 
8.080000 	 0.239972 
8.100000 	 0.165859 
8.120000 	 0.171982 
8.140000 	 0.249059 
8.160000 	 0.117812 
8.180000 	 0.182804 
8.200000 	 0.313306 
8.220000 	 0.081177 
8.240000 	 0.269334 
8.260000 	 0.298362 
8.280000 	 0.170557 
8.300000 	 0.318846 
8.320000 	 0.142528 
8.340000 	 0.374100 
8.360000 	 0.095362 
8.380000 	 0.163072 
8.400000 	 -0.033872 
8.420000 	 0.145194 
8.440000 	 0.224538 
8.460000 	 0.317290 
8.480000 	 0.193459 
8.500000 	 -0.196293 
8.520000 	 0.107533 
8.540000 	 -0.053299 
8.560000 	 -0.042001 
8.580000 	 0.342742 
8.600000 	 0.140351 
8.620000 	 0.224225 
8.640000 	 0.147773 
8.660000 	 0.288209 
8.680000 	 0.266672 
8.700000 	 0.217691 
8.720000 	 0.166208 
8.740000 	 -0.030366 
8.760000 	 0.103539 
8.780000 	 0.111401 
8.800000 	 0.275237 
8.820000 	 0.334345 
8.840000 	 -0.139918 
8.860000 	 0.069307 
8.880000 	 0.161115 
8.900000 	 0.208507 
8.920000 	 0.099092 
8.940000 	 0.304351 
8.960000 	 0.344624 
8.980000 	 0.063987 
9.000000 	 -0.069184 
9.020000 	 0.132232 
9.040000 	 -0.085344 
9.060000 	 0.249702 
9.080000 	 0.104157 
9.100000 	 0.266266 
9.120000 	 -0.013669 
9.140000 	 0.095380 
9.160000 	 0.070287 
9.180000 	 -0.098802 
9.200000 	 0.004478 
9.220000 	 0.023162 
9.240000 	 0.078222 
9.260000 	 0.108367 
9.280000 	 -0.093453 
9.300000 	 0.205738 
9.320000 	 0.055105 
9.340000 	 0.116661 
9.360000 	 -0.106080 
9.380000 	 0.074503 
9.400000 	 0.014886 
9.420000 	 -0.158989 
9.440000 	 -0.135380 
9.460000 	 -0.101526 
9.480000 	 0.012571 
9.500000 	 0.051091 
9.520000 	 0.170130 
9.540000 	 0.028361 
9.560000 	 -0.282143 
9.580000 	 -0.101083 
9.600000 	 -0.074888 
9.620000 	 -0.106209 
9.640000 	 0.079512 
9.660000 	 0.190982 
9.680000 	 0.229011 
9.700000 	 -0.105206 
9.720000 	 -0.023901 
9.740000 	 -0.129954 
9.760000 	 0.041957 
9.780000 	 -0.120750 
9.800000 	 0.046900 
9.820000 	 -0.112539 
9.840000 	 -0.122309 
9.860000 	 0.204815 
9.880000 	 -0.220452 
9.900000 	 0.166026 
9.920000 	 -0.059876 
9.940000 	 0.079781 
9.960000 	 -0.194872 
9.980000 	 0.010433 
10.000000 	 0.101087 
10.020000 	 -0.044387 
10.040000 	 0.041366 
10.060000 	 0.265442 
10.080000 	 -0.114366 
10.100000 	 -0.050901 
10.120000 	 0.048450 
10.140000 	 0.062200 
10.160000 	 -0.128489 
10.180000 	 0.230640 
10.200000 	 0.240608 
10.220000 	 0.004153 
10.240000 	 -0.088402 
10.260000 	 -0.140478 
10.280000 	 -0.060523 
10.300000 	 0.184280 
10.320000 	 -0.059644 
10.340000 	 -0.192320 
10.360000 	 0.096880 
10.380000 	 0.171857 
10.400000 	 -0.029562 
10.420000 	 -0.159404 
10.440000 	 0.088500 
10.460000 	 -0.230409 
10.480000 	 -0.045408 
10.500000 	 -0.047993 
10.520000 	 0.115083 
10.540000 	 -0.009006 
10.560000 	 0.113857 
10.580000 	 0.002101 
10.600000 	 -0.053529 
10.620000 	 0.132012 
10.640000 	 -0.039307 
10.660000 	 0.058943 
10.680000 	 -0.106767 
10.700000 	 -0.121125 
10.720000 	 0.197358 
10.740000 	 -0.037119 
10.760000 	 0.029865 
10.780000 	 -0.045105 
10.800000 	 0.130370 
10.820000 	 0.221739 
10.840000 	 0.064007 
10.860000 	 0.106065 
10.880000 	 0.184332 
10.900000 	 0.190529 
10.920000 	 0.148546 
10.940000 	 -0.111585 
10.960000 	 0.169025 
10.980000 	 0.019579 
11.000000 	 0.089587 
11.020000 	 -0.129048 
11.040000 	 0.027911 
11.060000 	 -0.031097 
11.080000 	 -0.242535 
11.100000 	 0.098197 
11.120000 	 0.118715 
11.140000 	 0.036251 
11.160000 	 -0.001873 
11.180000 	 0.002177 
11.200000 	 -0.146858 
11.220000 	 0.115355 
11.240000 	 0.224550 
11.260000 	 0.091942 
11.280000 	 0.015856 
11.300000 	 -0.015907 
11.320000 	 -0.020599 
11.340000 	 0.106322 
11.360000 	 -0.165876 
11.380000 	 0.062257 
11.400000 	 0.001624 
11.420000 	 0.156251 
11.440000 	 0.240920 
11.460000 	 0.415978 
11.480000 	 0.100000 
11.500000 	 -0.083874 
11.520000 	 -0.107199 
11.540000 	 0.043548 
11.560000 	 0.166475 
11.580000 	 0.171466 
11.600000 	 -0.329651 
11.620000 	 0.112812 
11.640000 	 -0.070888 
11.660000 	 0.075307 
11.680000 	 -0.077885 
11.700000 	 -0.258043 
11.720000 	 0.028383 
11.740000 	 -0.117132 
11.760000 	 0.045802 
11.780000 	 0.123843 
11.800000 	 0.014447 
11.820000 	 0.201280 
11.840000 	 -0.036363 
11.860000 	 0.331252 
11.880000 	 0.073359 
11.900000 	 -0.071425 
11.920000 	 0.132105 
11.940000 	 0.222277 
11.960000 	 -0.180487 
11.980000 	 0.192159 
12.000000 	 -0.113626 
12.020000 	 -0.139108 
12.040000 	 -0.074813 
12.060000 	 0.200774 
12.080000 	 0.072522 
12.100000 	 -0.019275 
12.120000 	 -0.042504 
12.140000 	 0.164833 
12.160000 	 0.011672 
12.180000 	 -0.040508 
12.200000 	 0.263465 
12.220000 	 0.019536 
12.240000 	 -0.263823 
12.260000 	 -0.076508 
12.280000 	 -0.246298 
12.300000 	 -0.085943 
12.320000 	 0.800000 
12.340000 	 0.127995 
12.360000 	 0.000402 
12.380000 	 0.091268 
12.400000 	 0.070855 
12.420000 	 -0.096184 
12.440000 	 -0.020669 
12.460000 	 0.016935 
12.480000 	 0.119653 
12.500000 	 0.106335 
12.520000 	 0.002442 
12.540000 	 -0.027731 
12.560000 	 0.064191 
12.580000 	 0.207980 
12.600000 	 -0.109070 
12.620000 	 -0.166306 
12.640000 	 -0.008707 
12.660000 	 -0.154961 
12.680000 	 0.007506 
12.700000 	 0.027029 
12.720000 	 0.073437 
12.740000 	 0.190719 
12.760000 	 -0.062648 
12.780000 	 -0.096849 
12.800000 	 0.093484 
12.820000 	 0.028938 
12.840000 	 -0.061707 
12.860000 	 -0.094796 
12.880000 	 0.075293 
12.900000 	 0.056484 
12.920000 	 -0.056468 
12.940000 	 0.048519 
12.960000 	 -0.077443 
12.980000 	 0.103359 
13.000000 	 0.121542 
13.020000 	 0.249794 
13.040000 	 0.030991 
13.060000 	 0.335584 
13.080000 	 -0.098181 
13.100000 	 0.128609 
13.120000 	 -0.279077 
13.140000 	 0.186018 
13.160000 	 -0.069809 
13.180000 	 -0.234383 
13.200000 	 0.062673 
13.220000 	 0.006577 
13.240000 	 0.083144 
13.260000 	 0.326611 
13.280000 	 -0.060785 
13.300000 	 0.110923 
13.320000 	 0.269767 
13.340000 	 0.209331 
13.360000 	 -0.121401 
13.380000 	 -0.225159 
13.400000 	 -0.179766 
13.420000 	 0.294601 
13.440000 	 -0.168765 
13.460000 	 -0.089062 
13.480000 	 -0.072677 
13.500000 	 0.153377 
13.520000 	 -0.112962 
13.540000 	 -0.126314 
13.560000 	 -0.095583 
13.580000 	 -0.138145 
13.600000 	 -0.057838 
13.620000 	 -0.064405 
13.640000 	 0.073880 
13.660000 	 0.074738 
13.680000 	 0.004011 
13.700000 	 -0.018924 
13.720000 	 0.021945 
13.740000 	 0.054467 
13.760000 	 0.198574 
13.780000 	 -0.225972 
13.800000 	 0.145302 
13.820000 	 -0.258655 
13.840000 	 0.025096 
13.860000 	 0.010847 
13.880000 	 -0.086045 
13.900000 	 0.044927 
13.920000 	 0.188464 
13.940000 	 0.004768 
13.960000 	 0.060691 
13.980000 	 0.049827 
14.000000 	 0.224732 
14.020000 	 -0.372686 
14.040000 	 -0.079577 
14.060000 	 0.077608 
14.080000 	 -0.157204 
14.100000 	 -0.072774 
14.120000 	 -0.363201 
14.140000 	 -0.025896 
14.160000 	 0.073919 
14.180000 	 0.061019 
14.200000 	 -0.176310 
14.220000 	 -0.094213 
14.240000 	 0.172382 
14.260000 	 -0.138859 
14.280000 	 0.112366 
14.300000 	 0.058968 
14.320000 	 0.000574 
14.340000 	 0.145654 
14.360000 	 0.283632 
14.380000 	 -0.130038 
14.400000 	 0.140055 
14.420000 	 0.055348 
14.440000 	 -0.091941 
14.460000 	 0.057496 
14.480000 	 -0.118934 
14.500000 	 -0.066304 
14.520000 	 0.060325 
14.540000 	 -0.255183 
14.560000 	 -0.144882 
14.580000 	 0.234686 
14.600000 	 0.086431 
14.620000 	 0.008363 
14.640000 	 0.235568 
14.660000 	 0.076917 
14.680000 	 0.174733 
14.700000 	 0.083460 
14.720000 	 0.272605 
14.740000 	 0.204555 
14.760000 	 -0.223647 
14.780000 	 -0.051226 
14.800000 	 -0.048008 
14.820000 	 -0.116303 
14.840000 	 0.157416 
14.860000 	 -0.182545 
14.880000 	 0.007680 
14.900000 	 -0.120661 
14.920000 	 -0.054323 
14.940000 	 -0.030447 
14.960000 	 -0.236340 
14.980000 	 0.079805 
15.000000 	 0.017499 
