-15.000000 	 -0.014699 
-14.980000 	 -0.174957 
-14.960000 	 0.079977 
-14.940000 	 0.064144 
-14.920000 	 0.047835 
-14.900000 	 -0.241782 
-14.880000 	 0.025956 
-14.860000 	 -0.307326 
-14.840000 	 0.400000 
-14.820000 	 0.257956 
-14.800000 	 -0.082325 
-14.780000 	 0.156157 
-14.760000 	 0.052972 
-14.740000 	 -0.107227 
-14.720000 	 -0.058535 
-14.700000 	 -0.072026 
-14.680000 	 -0.120719 
-14.660000 	 -0.036988 
-14.640000 	 0.185815 
-14.620000 	 0.077213 
-14.600000 	 0.178753 
-14.580000 	 -0.029873 
-14.560000 	 0.148344 
-14.540000 	 0.125419 
-14.520000 	 0.150505 
-14.500000 	 0.381903 
-14.480000 	 -0.022269 
-14.460000 	 0.089488 
-14.440000 	 -0.117045 
-14.420000 	 -0.120194 
-14.400000 	 -0.259923 
-14.380000 	 0.113171 
-14.360000 	 0.053767 
-14.340000 	 0.057932 
-14.320000 	 -0.097146 
-14.300000 	 -0.192475 
-14.280000 	 -0.152802 
-14.260000 	 -0.202927 
-14.240000 	 0.182787 
-14.220000 	 -0.033311 
-14.200000 	 0.396326 
-14.180000 	 0.033791 
-14.160000 	 0.119082 
-14.140000 	 0.119657 
-14.120000 	 -0.118041 
-14.100000 	 0.288504 
-14.080000 	 -0.343767 
-14.060000 	 -0.171625 
-14.040000 	 0.029438 
-14.020000 	 0.160613 
-14.000000 	 0.143875 
-13.980000 	 0.092860 
-13.960000 	 0.189692 
-13.940000 	 0.180490 
-13.920000 	 0.053123 
-13.900000 	 -0.120248 
-13.880000 	 -0.100324 
-13.860000 	 -0.133897 
-13.840000 	 0.102566 
-13.820000 	 -0.052751 
-13.800000 	 0.041284 
-13.780000 	 0.102885 
-13.760000 	 0.007202 
-13.740000 	 -0.013647 
-13.720000 	 -0.012799 
-13.700000 	 -0.287601 
-13.680000 	 -0.143098 
-13.660000 	 -0.256046 
-13.640000 	 0.128635 
-13.620000 	 0.163227 
-13.600000 	 0.049899 
-13.580000 	 0.046597 
-13.560000 	 0.041462 
-13.540000 	 0.149484 
-13.520000 	 -0.015829 
-13.500000 	 0.007433 
-13.480000 	 0.178924 
-13.460000 	 -0.122236 
-13.440000 	 0.067556 
-13.420000 	 -0.163047 
-13.400000 	 0.083459 
-13.380000 	 0.209151 
-13.360000 	 -0.000473 
-13.340000 	 -0.172366 
-13.320000 	 -0.042126 
-13.300000 	 0.373947 
-13.280000 	 -0.042873 
-13.260000 	 0.140980 
-13.240000 	 0.101499 
-13.220000 	 -0.022702 
-13.200000 	 -0.300822 
-13.180000 	 0.046913 
-13.160000 	 0.139150 
-13.140000 	 -0.156645 
-13.120000 	 0.035495 
-13.100000 	 -0.070643 
-13.080000 	 -0.012904 
-13.060000 	 -0.012875 
-13.040000 	 0.098148 
-13.020000 	 -0.074150 
-13.000000 	 0.190350 
-12.980000 	 0.131646 
-12.960000 	 0.218274 
-12.940000 	 -0.174334 
-12.920000 	 -0.020859 
-12.900000 	 -0.064032 
-12.880000 	 -0.104569 
-12.860000 	 0.012207 
-12.840000 	 0.059488 
-12.820000 	 0.021585 
-12.800000 	 -0.061103 
-12.780000 	 0.094593 
-12.760000 	 0.046447 
-12.740000 	 0.145524 
-12.720000 	 0.018269 
-12.700000 	 -0.079016 
-12.680000 	 -0.171748 
-12.660000 	 -0.161378 
-12.640000 	 -0.010277 
-12.620000 	 -0.025412 
-12.600000 	 -0.040057 
-12.580000 	 -0.078862 
-12.560000 	 -0.084381 
-12.540000 	 0.098366 
-12.520000 	 -0.034567 
-12.500000 	 -0.160737 
-12.480000 	 0.242314 
-12.460000 	 0.289554 
-12.440000 	 0.090741 
-12.420000 	 0.204162 
-12.400000 	 -0.011762 
-12.380000 	 0.018920 
-12.360000 	 0.300000 
-12.340000 	 -0.336740 
-12.320000 	 0.028837 
-12.300000 	 -0.141670 
-12.280000 	 0.067516 
-12.260000 	 0.107369 
-12.240000 	 0.038218 
-12.220000 	 -0.004092 
-12.200000 	 0.114328 
-12.180000 	 0.126164 
-12.160000 	 -0.146051 
-12.140000 	 0.165349 
-12.120000 	 0.017853 
-12.100000 	 0.231497 
-12.080000 	 0.177154 
-12.060000 	 0.174556 
-12.040000 	 -0.010393 
-12.020000 	 -0.152944 
-12.000000 	 -0.262320 
-11.980000 	 0.013579 
-11.960000 	 -0.136772 
-11.940000 	 0.079766 
-11.920000 	 0.023051 
-11.900000 	 0.028113 
-11.880000 	 0.230603 
-11.860000 	 -0.031933 
-11.840000 	 0.039611 
-11.820000 	 0.305650 
-11.800000 	 -0.170206 
-11.780000 	 -0.399606 
-11.760000 	 -0.078786 
-11.740000 	 -0.012909 
-11.720000 	 0.129008 
-11.700000 	 -0.274086 
-11.680000 	 -0.096397 
-11.660000 	 0.109563 
-11.640000 	 -0.082915 
-11.620000 	 0.245873 
-11.600000 	 -0.190242 
-11.580000 	 -0.033578 
-11.560000 	 -0.031935 
-11.540000 	 0.066049 
-11.520000 	 0.108121 
-11.500000 	 -0.219018 
-11.480000 	 0.138757 
-11.460000 	 -0.290500 
-11.440000 	 0.213420 
-11.420000 	 0.057172 
-11.400000 	 0.146664 
-11.380000 	 -0.177539 
-11.360000 	 0.083429 
-11.340000 	 0.021597 
-11.320000 	 -0.213754 
-11.300000 	 0.074607 
-11.280000 	 -0.212615 
-11.260000 	 -0.087489 
-11.240000 	 0.041803 
-11.220000 	 0.097620 
-11.200000 	 0.010570 
-11.180000 	 0.204147 
-11.160000 	 -0.042707 
-11.140000 	 0.080800 
-11.120000 	 0.151287 
-11.100000 	 -0.008873 
-11.080000 	 0.040681 
-11.060000 	 -0.039324 
-11.040000 	 0.010607 
-11.020000 	 0.014109 
-11.000000 	 -0.047373 
-10.980000 	 0.035398 
-10.960000 	 0.174955 
-10.940000 	 -0.194437 
-10.920000 	 0.142976 
-10.900000 	 -0.044894 
-10.880000 	 0.290950 
-10.860000 	 0.124178 
-10.840000 	 0.005897 
-10.820000 	 0.114186 
-10.800000 	 -0.155903 
-10.780000 	 0.149395 
-10.760000 	 -0.129376 
-10.740000 	 -0.125688 
-10.720000 	 0.199255 
-10.700000 	 0.062734 
-10.680000 	 -0.108349 
-10.660000 	 0.028307 
-10.640000 	 0.246460 
-10.620000 	 0.004925 
-10.600000 	 -0.181695 
-10.580000 	 -0.239739 
-10.560000 	 0.090340 
-10.540000 	 0.087409 
-10.520000 	 -0.113132 
-10.500000 	 -0.067782 
-10.480000 	 0.081565 
-10.460000 	 0.158263 
-10.440000 	 0.185669 
-10.420000 	 0.046526 
-10.400000 	 0.189426 
-10.380000 	 0.042946 
-10.360000 	 0.121313 
-10.340000 	 -0.028385 
-10.320000 	 0.110156 
-10.300000 	 -0.092901 
-10.280000 	 -0.136074 
-10.260000 	 -0.160218 
-10.240000 	 0.388620 
-10.220000 	 0.184335 
-10.200000 	 -0.441061 
-10.180000 	 -0.093938 
-10.160000 	 0.243792 
-10.140000 	 0.048599 
-10.120000 	 -0.045894 
-10.100000 	 -0.129750 
-10.080000 	 -0.402601 
-10.060000 	 -0.089044 
-10.040000 	 0.095460 
-10.020000 	 -0.042405 
-10.000000 	 -0.228984 
-9.980000 	 0.058868 
-9.960000 	 -0.104291 
-9.940000 	 -0.158095 
-9.920000 	 0.112588 
-9.900000 	 0.081705 
-9.880000 	 -0.188871 
-9.860000 	 -0.247552 
-9.840000 	 -0.001084 
-9.820000 	 0.193255 
-9.800000 	 -0.258610 
-9.780000 	 0.115213 
-9.760000 	 -0.092574 
-9.740000 	 0.025497 
-9.720000 	 0.115199 
-9.700000 	 -0.026906 
-9.680000 	 0.136067 
-9.660000 	 -0.079315 
-9.640000 	 -0.126132 
-9.620000 	 -0.272865 
-9.600000 	 0.005746 
-9.580000 	 0.176529 
-9.560000 	 0.188355 
-9.540000 	 -0.026554 
-9.520000 	 -0.147617 
-9.500000 	 -0.173009 
-9.480000 	 -0.200980 
-9.460000 	 0.085868 
-9.440000 	 0.213224 
-9.420000 	 0.262525 
-9.400000 	 -0.123005 
-9.380000 	 -0.043087 
-9.360000 	 0.281425 
-9.340000 	 0.200147 
-9.320000 	 0.027629 
-9.300000 	 -0.113520 
-9.280000 	 -0.105666 
-9.260000 	 -0.026122 
-9.240000 	 -0.065930 
-9.220000 	 -0.113921 
-9.200000 	 -0.092854 
-9.180000 	 -0.246278 
-9.160000 	 0.122232 
-9.140000 	 -0.484428 
-9.120000 	 -0.126485 
-9.100000 	 -0.310809 
-9.080000 	 -0.020879 
-9.060000 	 -0.241748 
-9.040000 	 0.050054 
-9.020000 	 -0.045422 
-9.000000 	 0.147694 
-8.980000 	 -0.086136 
-8.960000 	 0.061520 
-8.940000 	 0.069492 
-8.920000 	 -0.041275 
-8.900000 	 -0.113016 
-8.880000 	 0.081719 
-8.860000 	 0.037586 
-8.840000 	 -0.246938 
-8.820000 	 0.117321 
-8.800000 	 0.154323 
-8.780000 	 -0.146438 
-8.760000 	 -0.187385 
-8.740000 	 -0.099198 
-8.720000 	 -0.021589 
-8.700000 	 0.229129 
-8.680000 	 -0.291350 
-8.660000 	 0.117687 
-8.640000 	 0.030229 
-8.620000 	 -0.217101 
-8.600000 	 0.008734 
-8.580000 	 0.061025 
-8.560000 	 0.118157 
-8.540000 	 -0.097611 
-8.520000 	 -0.023550 
-8.500000 	 0.220190 
-8.480000 	 0.012469 
-8.460000 	 -0.124427 
-8.440000 	 -0.065619 
-8.420000 	 -0.254083 
-8.400000 	 0.094811 
-8.380000 	 0.107885 
-8.360000 	 -0.044583 
-8.340000 	 -0.042083 
-8.320000 	 -0.021944 
-8.300000 	 -0.154570 
-8.280000 	 -0.016854 
-8.260000 	 0.165061 
-8.240000 	 0.032011 
-8.220000 	 0.103529 
-8.200000 	 -0.182946 
-8.180000 	 0.081952 
-8.160000 	 0.026103 
-8.140000 	 0.060813 
-8.120000 	 0.057336 
-8.100000 	 -0.060452 
-8.080000 	 -0.009605 
-8.060000 	 -0.042486 
-8.040000 	 0.227443 
-8.020000 	 -0.161467 
-8.000000 	 -0.101939 
-7.980000 	 -0.034890 
-7.960000 	 0.125101 
-7.940000 	 -0.128435 
-7.920000 	 -0.148487 
-7.900000 	 -0.015577 
-7.880000 	 -0.275873 
-7.860000 	 0.052633 
-7.840000 	 -0.002967 
-7.820000 	 0.078917 
-7.800000 	 0.044218 
-7.780000 	 0.121160 
-7.760000 	 0.238693 
-7.740000 	 -0.040773 
-7.720000 	 0.219007 
-7.700000 	 0.272037 
-7.680000 	 0.191002 
-7.660000 	 0.160150 
-7.640000 	 0.103785 
-7.620000 	 0.033733 
-7.600000 	 0.163408 
-7.580000 	 -0.147216 
-7.560000 	 -0.263437 
-7.540000 	 0.176546 
-7.520000 	 -0.051834 
-7.500000 	 0.013740 
-7.480000 	 0.191038 
-7.460000 	 -0.207210 
-7.440000 	 0.021151 
-7.420000 	 -0.087564 
-7.400000 	 0.080129 
-7.380000 	 -0.285446 
-7.360000 	 -0.069855 
-7.340000 	 0.228389 
-7.320000 	 0.018109 
-7.300000 	 -0.000455 
-7.280000 	 0.226723 
-7.260000 	 0.083017 
-7.240000 	 0.115067 
-7.220000 	 0.152381 
-7.200000 	 -0.096185 
-7.180000 	 -0.031858 
-7.160000 	 0.060357 
-7.140000 	 0.422055 
-7.120000 	 -0.127445 
-7.100000 	 0.044090 
-7.080000 	 0.226837 
-7.060000 	 0.149515 
-7.040000 	 0.271914 
-7.020000 	 -0.049626 
-7.000000 	 0.275834 
-6.980000 	 -0.207707 
-6.960000 	 0.283905 
-6.940000 	 -0.061006 
-6.920000 	 -0.204076 
-6.900000 	 0.018357 
-6.880000 	 0.015280 
-6.860000 	 0.252397 
-6.840000 	 0.082904 
-6.820000 	 0.190655 
-6.800000 	 -0.112294 
-6.780000 	 0.113750 
-6.760000 	 0.167753 
-6.740000 	 0.190629 
-6.720000 	 0.296619 
-6.700000 	 0.055657 
-6.680000 	 0.193313 
-6.660000 	 0.177487 
-6.640000 	 0.359287 
-6.620000 	 0.306903 
-6.600000 	 0.211119 
-6.580000 	 0.374203 
-6.560000 	 0.015661 
-6.540000 	 0.123723 
-6.520000 	 0.036504 
-6.500000 	 0.195607 
-6.480000 	 0.071926 
-6.460000 	 0.082564 
-6.440000 	 -0.258960 
-6.420000 	 0.142821 
-6.400000 	 0.039498 
-6.380000 	 0.178703 
-6.360000 	 0.269634 
-6.340000 	 0.353296 
-6.320000 	 0.082801 
-6.300000 	 0.247859 
-6.280000 	 0.228592 
-6.260000 	 0.186956 
-6.240000 	 0.184477 
-6.220000 	 -0.304940 
-6.200000 	 0.340280 
-6.180000 	 0.490387 
-6.160000 	 0.130706 
-6.140000 	 0.183071 
-6.120000 	 0.342521 
-6.100000 	 0.340199 
-6.080000 	 0.227690 
-6.060000 	 0.333242 
-6.040000 	 0.270757 
-6.020000 	 0.190544 
-6.000000 	 0.239536 
-5.980000 	 0.215363 
-5.960000 	 0.124475 
-5.940000 	 0.132988 
-5.920000 	 0.349821 
-5.900000 	 0.032108 
-5.880000 	 0.148303 
-5.860000 	 0.133416 
-5.840000 	 0.138933 
-5.820000 	 0.430631 
-5.800000 	 0.313521 
-5.780000 	 0.044076 
-5.760000 	 0.119356 
-5.740000 	 0.167822 
-5.720000 	 0.436147 
-5.700000 	 0.236838 
-5.680000 	 0.401102 
-5.660000 	 0.355111 
-5.640000 	 0.187479 
-5.620000 	 0.202521 
-5.600000 	 0.318104 
-5.580000 	 0.414930 
-5.560000 	 0.403764 
-5.540000 	 0.385142 
-5.520000 	 0.212662 
-5.500000 	 0.511955 
-5.480000 	 0.207359 
-5.460000 	 0.193125 
-5.440000 	 0.116588 
-5.420000 	 0.276908 
-5.400000 	 0.469465 
-5.380000 	 0.503885 
-5.360000 	 0.622168 
-5.340000 	 0.320319 
-5.320000 	 0.300585 
-5.300000 	 0.360387 
-5.280000 	 0.319873 
-5.260000 	 0.369825 
-5.240000 	 0.600038 
-5.220000 	 0.574646 
-5.200000 	 0.183651 
-5.180000 	 0.154037 
-5.160000 	 0.490839 
-5.140000 	 0.280658 
-5.120000 	 0.750697 
-5.100000 	 0.287119 
-5.080000 	 0.257994 
-5.060000 	 0.507908 
-5.040000 	 0.465997 
-5.020000 	 0.327840 
-5.000000 	 0.327970 
-4.980000 	 0.271087 
-4.960000 	 0.584038 
-4.940000 	 0.035841 
-4.920000 	 0.529891 
-4.900000 	 0.530497 
-4.880000 	 0.651584 
-4.860000 	 0.574470 
-4.840000 	 0.420387 
-4.820000 	 0.665354 
-4.800000 	 0.506509 
-4.780000 	 0.546543 
-4.760000 	 0.478816 
-4.740000 	 0.332236 
-4.720000 	 0.392686 
-4.700000 	 0.442904 
-4.680000 	 0.308355 
-4.660000 	 0.635282 
-4.640000 	 0.505849 
-4.620000 	 0.011964 
-4.600000 	 0.455851 
-4.580000 	 0.307047 
-4.560000 	 0.228700 
-4.540000 	 0.301539 
-4.520000 	 0.449963 
-4.500000 	 0.723026 
-4.480000 	 0.381354 
-4.460000 	 0.672591 
-4.440000 	 0.446833 
-4.420000 	 0.515277 
-4.400000 	 0.237791 
-4.380000 	 0.122471 
-4.360000 	 0.601301 
-4.340000 	 0.691653 
-4.320000 	 0.548466 
-4.300000 	 0.293978 
-4.280000 	 0.237497 
-4.260000 	 0.463532 
-4.240000 	 0.658256 
-4.220000 	 0.411942 
-4.200000 	 0.612795 
-4.180000 	 0.705094 
-4.160000 	 0.505776 
-4.140000 	 0.380111 
-4.120000 	 0.454812 
-4.100000 	 0.629355 
-4.080000 	 0.660610 
-4.060000 	 0.500125 
-4.040000 	 0.556296 
-4.020000 	 0.746793 
-4.000000 	 0.504622 
-3.980000 	 0.383420 
-3.960000 	 0.609465 
-3.940000 	 0.394669 
-3.920000 	 0.472942 
-3.900000 	 0.380607 
-3.880000 	 0.242500 
-3.860000 	 0.668485 
-3.840000 	 0.419128 
-3.820000 	 0.789456 
-3.800000 	 0.368883 
-3.780000 	 0.509709 
-3.760000 	 0.253527 
-3.740000 	 0.463193 
-3.720000 	 0.525237 
-3.700000 	 0.694675 
-3.680000 	 0.603041 
-3.660000 	 0.413396 
-3.640000 	 0.450293 
-3.620000 	 0.508230 
-3.600000 	 0.408962 
-3.580000 	 0.804103 
-3.560000 	 0.470293 
-3.540000 	 0.374442 
-3.520000 	 0.499079 
-3.500000 	 0.478664 
-3.480000 	 0.718975 
-3.460000 	 0.541100 
-3.440000 	 0.494395 
-3.420000 	 0.450538 
-3.400000 	 0.545681 
-3.380000 	 0.526100 
-3.360000 	 0.660536 
-3.340000 	 0.356984 
-3.320000 	 0.433895 
-3.300000 	 0.663222 
-3.280000 	 0.310407 
-3.260000 	 0.230116 
-3.240000 	 0.279212 
-3.220000 	 0.297983 
-3.200000 	 0.368745 
-3.180000 	 0.384475 
-3.160000 	 0.601878 
-3.140000 	 0.613612 
-3.120000 	 0.396690 
-3.100000 	 0.540688 
-3.080000 	 0.532306 
-3.060000 	 0.430980 
-3.040000 	 0.423270 
-3.020000 	 0.425826 
-3.000000 	 0.368022 
-2.980000 	 0.408957 
-2.960000 	 0.288351 
-2.940000 	 0.446548 
-2.920000 	 0.416055 
-2.900000 	 0.346581 
-2.880000 	 0.663899 
-2.860000 	 0.422719 
-2.840000 	 0.523587 
-2.820000 	 0.272077 
-2.800000 	 0.478089 
-2.780000 	 0.234960 
-2.760000 	 0.479804 
-2.740000 	 0.456690 
-2.720000 	 0.299828 
-2.700000 	 0.313362 
-2.680000 	 0.358723 
-2.660000 	 0.539297 
-2.640000 	 0.146211 
-2.620000 	 0.532519 
-2.600000 	 0.267919 
-2.580000 	 0.474626 
-2.560000 	 0.315845 
-2.540000 	 0.100000 
-2.520000 	 0.052482 
-2.500000 	 0.063924 
-2.480000 	 0.400170 
-2.460000 	 0.226447 
-2.440000 	 0.356750 
-2.420000 	 0.341119 
-2.400000 	 0.024741 
-2.380000 	 0.124065 
-2.360000 	 0.109901 
-2.340000 	 0.410164 
-2.320000 	 0.413257 
-2.300000 	 0.460194 
-2.280000 	 0.240071 
-2.260000 	 0.184847 
-2.240000 	 0.294788 
-2.220000 	 0.188243 
-2.200000 	 0.348595 
-2.180000 	 0.101550 
-2.160000 	 0.332775 
-2.140000 	 0.253680 
-2.120000 	 0.100997 
-2.100000 	 0.240303 
-2.080000 	 0.257891 
-2.060000 	 -0.061884 
-2.040000 	 -0.055160 
-2.020000 	 0.115431 
-2.000000 	 0.042679 
-1.980000 	 0.160130 
-1.960000 	 0.302075 
-1.940000 	 -0.124387 
-1.920000 	 0.114055 
-1.900000 	 0.225421 
-1.880000 	 0.298577 
-1.860000 	 0.506687 
-1.840000 	 0.112858 
-1.820000 	 0.202753 
-1.800000 	 0.208486 
-1.780000 	 0.009705 
-1.760000 	 0.069719 
-1.740000 	 0.447967 
-1.720000 	 0.546810 
-1.700000 	 0.287349 
-1.680000 	 0.213519 
-1.660000 	 0.231091 
-1.640000 	 0.395934 
-1.620000 	 0.317690 
-1.600000 	 0.056730 
-1.580000 	 -0.043546 
-1.560000 	 0.145563 
-1.540000 	 0.096330 
-1.520000 	 0.059778 
-1.500000 	 -0.032021 
-1.480000 	 -0.122963 
-1.460000 	 -0.170832 
-1.440000 	 0.328905 
-1.420000 	 -0.010931 
-1.400000 	 0.174328 
-1.380000 	 0.233590 
-1.360000 	 0.229457 
-1.340000 	 0.206070 
-1.320000 	 0.263402 
-1.300000 	 0.130929 
-1.280000 	 0.087674 
-1.260000 	 0.299062 
-1.240000 	 0.134411 
-1.220000 	 0.145411 
-1.200000 	 0.112458 
-1.180000 	 0.288726 
-1.160000 	 0.355018 
-1.140000 	 0.381181 
-1.120000 	 0.152660 
-1.100000 	 0.306059 
-1.080000 	 0.422948 
-1.060000 	 -0.086849 
-1.040000 	 0.081732 
-1.020000 	 0.249526 
-1.000000 	 0.080640 
-0.980000 	 0.071098 
-0.960000 	 0.201949 
-0.940000 	 0.289019 
-0.920000 	 0.005596 
-0.900000 	 0.450289 
-0.880000 	 0.505047 
-0.860000 	 -0.056861 
-0.840000 	 -0.118606 
-0.820000 	 0.390402 
-0.800000 	 0.167467 
-0.780000 	 0.104745 
-0.760000 	 0.252929 
-0.740000 	 0.052197 
-0.720000 	 0.284479 
-0.700000 	 0.026350 
-0.680000 	 0.184298 
-0.660000 	 0.380447 
-0.640000 	 0.052919 
-0.620000 	 0.198708 
-0.600000 	 -0.139364 
-0.580000 	 0.214577 
-0.560000 	 -0.124624 
-0.540000 	 0.236267 
-0.520000 	 0.241573 
-0.500000 	 -0.033704 
-0.480000 	 0.018043 
-0.460000 	 0.173646 
-0.440000 	 0.208760 
-0.420000 	 0.252554 
-0.400000 	 -0.252733 
-0.380000 	 0.091101 
-0.360000 	 0.250562 
-0.340000 	 0.315859 
-0.320000 	 0.242063 
-0.300000 	 0.216851 
-0.280000 	 0.312440 
-0.260000 	 0.184098 
-0.240000 	 -0.012831 
-0.220000 	 0.013325 
-0.200000 	 0.186369 
-0.180000 	 0.052021 
-0.160000 	 0.424409 
-0.140000 	 0.229320 
-0.120000 	 0.003840 
-0.100000 	 0.014456 
-0.080000 	 0.129043 
-0.060000 	 0.105750 
-0.040000 	 0.199925 
-0.020000 	 0.666261 
0.000000 	 0.318544 
0.020000 	 0.081060 
0.040000 	 0.410071 
0.060000 	 0.216665 
0.080000 	 0.202775 
0.100000 	 0.487087 
0.120000 	 0.206295 
0.140000 	 0.207742 
0.160000 	 -0.018113 
0.180000 	 0.390993 
0.200000 	 0.396893 
0.220000 	 0.457120 
0.240000 	 0.189339 
0.260000 	 0.074796 
0.280000 	 0.328401 
0.300000 	 0.390199 
0.320000 	 0.056095 
0.340000 	 0.248052 
0.360000 	 0.201172 
0.380000 	 0.216435 
0.400000 	 0.371014 
0.420000 	 0.469600 
0.440000 	 0.371965 
0.460000 	 0.187926 
0.480000 	 0.219918 
0.500000 	 0.270654 
0.520000 	 0.387448 
0.540000 	 0.502904 
0.560000 	 0.545847 
0.580000 	 0.466772 
0.600000 	 0.077682 
0.620000 	 0.412329 
0.640000 	 0.340608 
0.660000 	 0.440370 
0.680000 	 0.319826 
0.700000 	 0.266954 
0.720000 	 0.341346 
0.740000 	 -0.200000 
0.760000 	 0.455340 
0.780000 	 0.602280 
0.800000 	 0.341964 
0.820000 	 0.495736 
0.840000 	 0.619223 
0.860000 	 0.713973 
0.880000 	 0.540077 
0.900000 	 0.244614 
0.920000 	 0.453453 
0.940000 	 0.486627 
0.960000 	 0.661133 
0.980000 	 0.567024 
1.000000 	 0.860225 
1.020000 	 0.609324 
1.040000 	 0.606856 
1.060000 	 0.536010 
1.080000 	 0.561717 
1.100000 	 0.461176 
1.120000 	 0.445115 
1.140000 	 0.370709 
1.160000 	 0.840242 
1.180000 	 0.581098 
1.200000 	 0.371655 
1.220000 	 0.589259 
1.240000 	 0.610776 
1.260000 	 0.819075 
1.280000 	 0.511954 
1.300000 	 0.774530 
1.320000 	 1.006662 
1.340000 	 0.645583 
1.360000 	 0.702667 
1.380000 	 0.800874 
1.400000 	 0.746538 
1.420000 	 0.527320 
1.440000 	 0.710538 
1.460000 	 0.762798 
1.480000 	 0.951384 
1.500000 	 0.533578 
1.520000 	 0.647054 
1.540000 	 0.904895 
1.560000 	 0.472732 
1.580000 	 0.553741 
1.600000 	 0.948581 
1.620000 	 0.752874 
1.640000 	 0.866275 
1.660000 	 0.871751 
1.680000 	 0.953883 
1.700000 	 0.667639 
1.720000 	 0.778442 
1.740000 	 0.957893 
1.760000 	 0.905792 
1.780000 	 0.869378 
1.800000 	 0.657735 
1.820000 	 0.927174 
1.840000 	 1.034952 
1.860000 	 0.869676 
1.880000 	 0.981645 
1.900000 	 0.901778 
1.920000 	 0.772370 
1.940000 	 0.803391 
1.960000 	 0.970061 
1.980000 	 0.813939 
2.000000 	 1.039159 
2.020000 	 1.177249 
2.040000 	 0.955149 
2.060000 	 1.019930 
2.080000 	 0.735075 
2.100000 	 1.040852 
2.120000 	 1.161213 
2.140000 	 0.906657 
2.160000 	 1.209501 
2.180000 	 1.148716 
2.200000 	 1.249047 
2.220000 	 1.215898 
2.240000 	 1.304113 
2.260000 	 0.986452 
2.280000 	 1.165245 
2.300000 	 1.135621 
2.320000 	 1.179145 
2.340000 	 1.205376 
2.360000 	 0.967157 
2.380000 	 1.211542 
2.400000 	 1.067515 
2.420000 	 1.074782 
2.440000 	 1.412108 
2.460000 	 1.259758 
2.480000 	 1.207155 
2.500000 	 1.052294 
2.520000 	 1.336002 
2.540000 	 1.063815 
2.560000 	 1.287379 
2.580000 	 1.287539 
2.600000 	 1.295368 
2.620000 	 0.982249 
2.640000 	 1.319706 
2.660000 	 1.638792 
2.680000 	 1.135148 
2.700000 	 1.266637 
2.720000 	 1.164451 
2.740000 	 1.306289 
2.760000 	 1.412142 
2.780000 	 1.241594 
2.800000 	 1.347556 
2.820000 	 1.150384 
2.840000 	 1.260209 
2.860000 	 1.160756 
2.880000 	 1.377983 
2.900000 	 1.601333 
2.920000 	 1.113465 
2.940000 	 1.505892 
2.960000 	 1.419133 
2.980000 	 1.390606 
3.000000 	 1.365951 
3.020000 	 1.227402 
3.040000 	 1.788712 
3.060000 	 1.464782 
3.080000 	 1.585927 
3.100000 	 1.290096 
3.120000 	 1.348867 
3.140000 	 1.418768 
3.160000 	 1.461416 
3.180000 	 1.637279 
3.200000 	 1.549317 
3.220000 	 1.388473 
3.240000 	 1.618439 
3.260000 	 1.392902 
3.280000 	 1.390432 
3.300000 	 1.750620 
3.320000 	 1.602057 
3.340000 	 1.578226 
3.360000 	 1.685690 
3.380000 	 1.501813 
3.400000 	 1.233950 
3.420000 	 1.606654 
3.440000 	 1.187673 
3.460000 	 1.307933 
3.480000 	 1.599266 
3.500000 	 1.511512 
3.520000 	 1.337924 
3.540000 	 1.622541 
3.560000 	 1.598010 
3.580000 	 1.536085 
3.600000 	 1.821404 
3.620000 	 1.614004 
3.640000 	 1.413964 
3.660000 	 1.695782 
3.680000 	 1.570441 
3.700000 	 1.548353 
3.720000 	 1.487389 
3.740000 	 1.624005 
3.760000 	 1.562155 
3.780000 	 1.398368 
3.800000 	 1.615322 
3.820000 	 1.646426 
3.840000 	 1.817051 
3.860000 	 1.590518 
3.880000 	 1.440143 
3.900000 	 1.859984 
3.920000 	 1.514890 
3.940000 	 1.663139 
3.960000 	 1.717326 
3.980000 	 1.939503 
4.000000 	 1.647420 
4.020000 	 1.502726 
4.040000 	 1.819966 
4.060000 	 1.675178 
4.080000 	 1.411970 
4.100000 	 1.610110 
4.120000 	 1.790176 
4.140000 	 1.683644 
4.160000 	 1.818346 
4.180000 	 1.628688 
4.200000 	 1.473940 
4.220000 	 1.567194 
4.240000 	 1.427236 
4.260000 	 1.618167 
4.280000 	 1.821803 
4.300000 	 1.823086 
4.320000 	 1.734072 
4.340000 	 1.780442 
4.360000 	 1.499600 
4.380000 	 1.370486 
4.400000 	 1.493306 
4.420000 	 1.695721 
4.440000 	 1.324642 
4.460000 	 1.621627 
4.480000 	 1.393917 
4.500000 	 1.444233 
4.520000 	 1.645983 
4.540000 	 1.472786 
4.560000 	 1.623060 
4.580000 	 1.653810 
4.600000 	 1.647604 
4.620000 	 1.513580 
4.640000 	 1.398115 
4.660000 	 1.568496 
4.680000 	 1.441993 
4.700000 	 1.424139 
4.720000 	 1.506032 
4.740000 	 1.366894 
4.760000 	 1.727670 
4.780000 	 1.635342 
4.800000 	 1.536656 
4.820000 	 1.237138 
4.840000 	 1.580114 
4.860000 	 1.459355 
4.880000 	 1.425595 
4.900000 	 1.417913 
4.920000 	 1.604719 
4.940000 	 1.658715 
4.960000 	 1.707700 
4.980000 	 1.247214 
5.000000 	 1.620395 
5.020000 	 1.348929 
5.040000 	 1.434807 
5.060000 	 1.560328 
5.080000 	 1.582658 
5.100000 	 1.357129 
5.120000 	 1.565326 
5.140000 	 1.184260 
5.160000 	 1.429667 
5.180000 	 0.911519 
5.200000 	 1.377700 
5.220000 	 0.960941 
5.240000 	 1.390138 
5.260000 	 0.976877 
5.280000 	 1.458193 
5.300000 	 1.442268 
5.320000 	 1.125792 
5.340000 	 1.367464 
5.360000 	 1.223993 
5.380000 	 1.199683 
5.400000 	 1.272113 
5.420000 	 1.328612 
5.440000 	 1.018675 
5.460000 	 1.087172 
5.480000 	 0.852617 
5.500000 	 1.318660 
5.520000 	 0.798110 
5.540000 	 1.085375 
5.560000 	 0.984981 
5.580000 	 1.073484 
5.600000 	 1.285479 
5.620000 	 1.072483 
5.640000 	 1.272913 
5.660000 	 1.123345 
5.680000 	 1.067357 
5.700000 	 1.217355 
5.720000 	 1.271351 
5.740000 	 1.105502 
5.760000 	 1.174371 
5.780000 	 1.040090 
5.800000 	 1.107329 
5.820000 	 0.776443 
5.840000 	 0.875726 
5.860000 	 1.022642 
5.880000 	 0.922896 
5.900000 	 0.928116 
5.920000 	 1.075875 
5.940000 	 0.891941 
5.960000 	 1.209594 
5.980000 	 0.936938 
6.000000 	 0.916954 
6.020000 	 0.719232 
6.040000 	 1.093023 
6.060000 	 0.917892 
6.080000 	 1.002262 
6.100000 	 0.502897 
6.120000 	 0.998755 
6.140000 	 0.930360 
6.160000 	 0.990991 
6.180000 	 0.845569 
6.200000 	 1.043762 
6.220000 	 0.710098 
6.240000 	 0.799899 
6.260000 	 0.554363 
6.280000 	 0.713065 
6.300000 	 1.082916 
6.320000 	 0.686914 
6.340000 	 0.698987 
6.360000 	 0.385611 
6.380000 	 0.787547 
6.400000 	 0.686942 
6.420000 	 0.662662 
6.440000 	 0.965075 
6.460000 	 0.616687 
6.480000 	 0.811597 
6.500000 	 0.924606 
6.520000 	 0.685696 
6.540000 	 0.899414 
6.560000 	 0.514407 
6.580000 	 0.692364 
6.600000 	 0.575438 
6.620000 	 0.808314 
6.640000 	 0.757268 
6.660000 	 0.806787 
6.680000 	 0.623505 
6.700000 	 0.470653 
6.720000 	 0.682760 
6.740000 	 0.625109 
6.760000 	 0.232186 
6.780000 	 0.500590 
6.800000 	 0.663056 
6.820000 	 0.791653 
6.840000 	 0.673146 
6.860000 	 -0.300000 
6.880000 	 0.319998 
6.900000 	 0.521121 
6.920000 	 0.709256 
6.940000 	 0.614972 
6.960000 	 0.736639 
6.980000 	 0.342374 
7.000000 	 0.618170 
7.020000 	 0.590348 
7.040000 	 0.663447 
7.060000 	 0.531351 
7.080000 	 0.477016 
7.100000 	 0.283680 
7.120000 	 0.330143 
7.140000 	 0.425158 
7.160000 	 0.307510 
7.180000 	 0.305714 
7.200000 	 0.454302 
7.220000 	 0.542022 
7.240000 	 0.574001 
7.260000 	 0.260385 
7.280000 	 0.384841 
7.300000 	 0.458105 
7.320000 	 0.399329 
7.340000 	 0.504212 
7.360000 	 0.307422 
7.380000 	 0.297031 
7.400000 	 0.254583 
7.420000 	 0.445324 
7.440000 	 0.484199 
7.460000 	 0.429413 
7.480000 	 0.400708 
7.500000 	 0.319410 
7.520000 	 0.300391 
7.540000 	 0.306321 
7.560000 	 0.447737 
7.580000 	 0.473898 
7.600000 	 0.411141 
7.620000 	 0.449914 
7.640000 	 0.258317 
7.660000 	 0.163669 
7.680000 	 0.399132 
7.700000 	 0.363126 
7.720000 	 0.137365 
7.740000 	 0.720975 
7.760000 	 0.081119 
7.780000 	 0.011081 
7.800000 	 -0.050464 
7.820000 	 0.191701 
7.840000 	 0.250018 
7.860000 	 0.109885 
7.880000 	 0.398523 
7.900000 	 0.070102 
7.920000 	 0.157743 
7.940000 	 0.437399 
7.960000 	 0.326307 
7.980000 	 -0.056573 
8.000000 	 0.427477 
8.020000 	 0.031373 
8.040000 	 0.284345 
8.060000 	 0.080165 
8.080000 	 0.160568 
8.100000 	 0.267496 
8.120000 	 0.156308 
8.140000 	 0.113486 
8.160000 	 0.434898 
8.180000 	 0.113843 
8.200000 	 0.129733 
8.220000 	 -0.140058 
8.240000 	 0.259616 
8.260000 	 0.222943 
8.280000 	 0.123597 
8.300000 	 0.091933 
8.320000 	 0.275707 
8.340000 	 0.342631 
8.360000 	 -0.052504 
8.380000 	 -0.029287 
8.400000 	 -0.038034 
8.420000 	 0.078264 
8.440000 	 0.144840 
8.460000 	 -0.119780 
8.480000 	 0.270807 
8.500000 	 -0.013096 
8.520000 	 0.154494 
8.540000 	 0.144453 
8.560000 	 0.246643 
8.580000 	 0.435772 
8.600000 	 -0.001612 
8.620000 	 -0.018538 
8.640000 	 -0.024739 
8.660000 	 0.305379 
8.680000 	 0.084572 
8.700000 	 0.009652 
8.720000 	 0.209225 
8.740000 	 -0.136824 
8.760000 	 0.091218 
8.780000 	 0.145205 
8.800000 	 -0.075292 
8.820000 	 0.204081 
8.840000 	 -0.073692 
8.860000 	 0.205675 
8.880000 	 -0.219464 
8.900000 	 -0.042511 
8.920000 	 -0.261273 
8.940000 	 0.007401 
8.960000 	 0.129253 
8.980000 	 -0.055130 
9.000000 	 0.181872 
9.020000 	 0.032308 
9.040000 	 -0.092293 
9.060000 	 0.005407 
9.080000 	 0.161288 
9.100000 	 0.010017 
9.120000 	 0.045911 
9.140000 	 -0.118675 
9.160000 	 0.081272 
9.180000 	 -0.067849 
9.200000 	 0.020710 
9.220000 	 -0.037815 
9.240000 	 -0.080395 
9.260000 	 -0.090350 
9.280000 	 -0.096523 
9.300000 	 -0.026373 
9.320000 	 0.006963 
9.340000 	 0.078985 
9.360000 	 0.148773 
9.380000 	 0.406429 
9.400000 	 0.259285 
9.420000 	 -0.110295 
9.440000 	 0.076426 
9.460000 	 -0.054397 
9.480000 	 -0.020083 
9.500000 	 0.092520 
9.520000 	 0.175066 
9.540000 	 -0.211852 
9.560000 	 0.091349 
9.580000 	 -0.073798 
9.600000 	 -0.054104 
9.620000 	 -0.174890 
9.640000 	 -0.053336 
9.660000 	 0.065135 
9.680000 	 -0.095950 
9.700000 	 0.090625 
9.720000 	 0.083341 
9.740000 	 -0.110507 
9.760000 	 -0.125693 
9.780000 	 -0.174788 
9.800000 	 0.022774 
9.820000 	 -0.191688 
9.840000 	 0.169330 
9.860000 	 0.003938 
9.880000 	 0.163038 
9.900000 	 -0.068151 
9.920000 	 0.086102 
9.940000 	 -0.014153 
9.960000 	 -0.049654 
9.980000 	 0.019838 
10.000000 	 0.097870 
10.020000 	 0.038291 
10.040000 	 -0.036619 
10.060000 	 -0.128780 
10.080000 	 0.192315 
10.100000 	 -0.022857 
10.120000 	 -0.187661 
10.140000 	 -0.396405 
10.160000 	 -0.150196 
10.180000 	 -0.097641 
10.200000 	 0.046941 
10.220000 	 0.042705 
10.240000 	 0.060932 
10.260000 	 0.038947 
10.280000 	 0.068302 
10.300000 	 0.028984 
10.320000 	 -0.146668 
10.340000 	 0.155789 
10.360000 	 -0.031451 
10.380000 	 0.183388 
10.400000 	 -0.110156 
10.420000 	 0.067319 
10.440000 	 0.178505 
10.460000 	 0.157774 
10.480000 	 -0.300161 
10.500000 	 0.309998 
10.520000 	 -0.183300 
10.540000 	 0.225995 
10.560000 	 0.073718 
10.580000 	 -0.019578 
10.600000 	 0.039064 
10.620000 	 -0.249115 
10.640000 	 0.056340 
10.660000 	 -0.160316 
10.680000 	 -0.041542 
10.700000 	 0.010569 
10.720000 	 -0.082406 
10.740000 	 -0.188193 
10.760000 	 -0.056611 
10.780000 	 -0.049091 
10.800000 	 0.080162 
10.820000 	 -0.405014 
10.840000 	 -0.075099 
10.860000 	 -0.136388 
10.880000 	 -0.222037 
10.900000 	 -0.076193 
10.920000 	 -0.224800 
10.940000 	 0.314260 
10.960000 	 -0.051179 
10.980000 	 -0.237473 
11.000000 	 -0.096917 
11.020000 	 -0.043866 
11.040000 	 0.157085 
11.060000 	 0.066560 
11.080000 	 0.087965 
11.100000 	 -0.180979 
11.120000 	 -0.162545 
11.140000 	 -0.072922 
11.160000 	 -0.254113 
11.180000 	 0.143045 
11.200000 	 -0.255086 
11.220000 	 0.187864 
11.240000 	 0.005738 
11.260000 	 -0.104840 
11.280000 	 -0.015992 
11.300000 	 -0.030718 
11.320000 	 -0.036347 
11.340000 	 0.110625 
11.360000 	 -0.065296 
11.380000 	 0.059895 
11.400000 	 0.054348 
11.420000 	 0.452841 
11.440000 	 -0.019834 
11.460000 	 0.082656 
11.480000 	 0.264955 
11.500000 	 -0.086736 
11.520000 	 0.246017 
11.540000 	 0.197103 
11.560000 	 0.215035 
11.580000 	 0.258203 
11.600000 	 -0.025268 
11.620000 	 -0.103078 
11.640000 	 -0.169752 
11.660000 	 0.003895 
11.680000 	 0.295382 
11.700000 	 -0.159646 
11.720000 	 0.108901 
11.740000 	 0.139593 
11.760000 	 -0.017188 
11.780000 	 -0.169005 
11.800000 	 0.018213 
11.820000 	 -0.032424 
11.840000 	 0.166912 
11.860000 	 0.114915 
11.880000 	 0.195956 
11.900000 	 -0.087460 
11.920000 	 -0.239715 
11.940000 	 0.016695 
11.960000 	 -0.099503 
11.980000 	 0.149094 
12.000000 	 -0.022612 
12.020000 	 -0.041594 
12.040000 	 0.063575 
12.060000 	 0.125618 
12.080000 	 0.070013 
12.100000 	 0.092683 
12.120000 	 -0.253169 
12.140000 	 -0.000984 
12.160000 	 -0.056990 
12.180000 	 -0.211731 
12.200000 	 -0.066540 
12.220000 	 0.096904 
12.240000 	 0.057525 
12.260000 	 -0.001562 
12.280000 	 0.013698 
12.300000 	 0.095987 
12.320000 	 0.158722 
12.340000 	 -0.013305 
12.360000 	 0.076305 
12.380000 	 -0.250618 
12.400000 	 -0.053578 
12.420000 	 0.030837 
12.440000 	 -0.020086 
12.460000 	 -0.110030 
12.480000 	 0.251006 
12.500000 	 0.184929 
12.520000 	 0.086289 
12.540000 	 -0.098386 
12.560000 	 -0.092064 
12.580000 	 -0.272972 
12.600000 	 -0.057693 
12.620000 	 0.166816 
12.640000 	 -0.236900 
12.660000 	 -0.011293 
12.680000 	 0.221195 
12.700000 	 -0.059147 
12.720000 	 -0.100681 
12.740000 	 0.162808 
12.760000 	 0.011262 
12.780000 	 -0.215399 
12.800000 	 -0.204474 
12.820000 	 -0.126886 
12.840000 	 -0.162385 
12.860000 	 0.044965 
12.880000 	 -0.168583 
12.900000 	 0.130654 
12.920000 	 -0.244179 
12.940000 	 -0.115406 
12.960000 	 -0.135612 
12.980000 	 0.095021 
13.000000 	 0.006818 
13.020000 	 0.085002 
13.040000 	 -0.031282 
13.060000 	 0.001830 
13.080000 	 -0.079799 
13.100000 	 0.148209 
13.120000 	 -0.178567 
13.140000 	 -0.033500 
13.160000 	 0.044055 
13.180000 	 -0.073368 
13.200000 	 0.171216 
13.220000 	 0.178223 
13.240000 	 -0.182665 
13.260000 	 0.148858 
13.280000 	 -0.123103 
13.300000 	 0.025265 
13.320000 	 0.006572 
13.340000 	 0.128536 
13.360000 	 0.169729 
13.380000 	 0.108954 
13.400000 	 -0.040024 
13.420000 	 -0.179698 
13.440000 	 -0.138171 
13.460000 	 -0.267420 
13.480000 	 -0.089275 
13.500000 	 0.108245 
13.520000 	 0.054436 
13.540000 	 0.177123 
13.560000 	 0.037344 
13.580000 	 0.157684 
13.600000 	 0.169836 
13.620000 	 -0.067314 
13.640000 	 0.093267 
13.660000 	 0.075355 
13.680000 	 0.193056 
13.700000 	 -0.155661 
13.720000 	 -0.214918 
13.740000 	 0.150219 
13.760000 	 -0.033588 
13.780000 	 -0.095130 
13.800000 	 0.237040 
13.820000 	 0.008108 
13.840000 	 -0.034339 
13.860000 	 -0.080113 
13.880000 	 0.321823 
13.900000 	 0.223688 
13.920000 	 -0.264113 
13.940000 	 -0.002368 
13.960000 	 -0.080389 
13.980000 	 0.067416 
14.000000 	 -0.066687 
14.020000 	 -0.004135 
14.040000 	 -0.005245 
14.060000 	 0.175004 
14.080000 	 -0.044127 
14.100000 	 -0.073658 
14.120000 	 -0.076509 
14.140000 	 -0.062390 
14.160000 	 0.047354 
14.180000 	 -0.047295 
14.200000 	 -0.011416 
14.220000 	 0.046429 
14.240000 	 0.087403 
14.260000 	 0.085823 
14.280000 	 0.236620 
14.300000 	 0.087931 
14.320000 	 0.147473 
14.340000 	 -0.172442 
14.360000 	 -0.141967 
14.380000 	 0.019017 
14.400000 	 0.267870 
14.420000 	 -0.224260 
14.440000 	 -0.119404 
14.460000 	 -0.246064 
14.480000 	 0.103623 
14.500000 	 -0.235972 
14.520000 	 -0.083332 
14.540000 	 0.006606 
14.560000 	 -0.071300 
14.580000 	 0.098653 
14.600000 	 -0.069205 
14.620000 	 0.135852 
14.640000 	 0.089544 
14.660000 	 0.088689 
14.680000 	 -0.131165 
14.700000 	 0.036768 
14.720000 	 0.006034 
14.740000 	 0.077426 
14.760000 	 -0.146665 
14.780000 	 -0.004487 
14.800000 	 -0.219304 
14.820000 	 -0.292753 
14.840000 	 0.177061 
14.860000 	 -0.055140 
14.880000 	 -0.083232 
14.900000 	 0.017333 
14.920000 	 -0.172159 
14.940000 	 -0.214650 
14.960000 	 0.250897 
14.980000 	 0.059769 
15.000000 	 0.045482 
