-15.000000 	 -0.039209 
-14.980000 	 -0.143467 
-14.960000 	 0.127178 
-14.940000 	 0.030613 
-14.920000 	 -0.009752 
-14.900000 	 0.066935 
-14.880000 	 0.070036 
-14.860000 	 0.209519 
-14.840000 	 0.186319 
-14.820000 	 -0.096048 
-14.800000 	 -0.153405 
-14.780000 	 -0.010098 
-14.760000 	 0.149055 
-14.740000 	 0.158801 
-14.720000 	 0.153100 
-14.700000 	 0.000112 
-14.680000 	 -0.191375 
-14.660000 	 -0.023164 
-14.640000 	 0.129449 
-14.620000 	 -0.109123 
-14.600000 	 0.006830 
-14.580000 	 -0.047008 
-14.560000 	 -0.033576 
-14.540000 	 0.263923 
-14.520000 	 0.113788 
-14.500000 	 -0.100866 
-14.480000 	 -0.246964 
-14.460000 	 -0.193188 
-14.440000 	 0.281260 
-14.420000 	 -0.099470 
-14.400000 	 0.107180 
-14.380000 	 -0.187261 
-14.360000 	 0.156785 
-14.340000 	 0.084598 
-14.320000 	 -0.052654 
-14.300000 	 -0.001199 
-14.280000 	 -0.139187 
-14.260000 	 0.317641 
-14.240000 	 0.198774 
-14.220000 	 -0.036179 
-14.200000 	 -0.056352 
-14.180000 	 -0.224746 
-14.160000 	 -0.151664 
-14.140000 	 0.050485 
-14.120000 	 0.284137 
-14.100000 	 0.246382 
-14.080000 	 -0.145492 
-14.060000 	 0.046602 
-14.040000 	 -0.112738 
-14.020000 	 0.096713 
-14.000000 	 0.100015 
-13.980000 	 -0.000884 
-13.960000 	 -0.008497 
-13.940000 	 -0.061705 
-13.920000 	 -0.171160 
-13.900000 	 -0.431290 
-13.880000 	 0.004892 
-13.860000 	 -0.008928 
-13.840000 	 0.177122 
-13.820000 	 -0.190933 
-13.800000 	 -0.174636 
-13.780000 	 0.110609 
-13.760000 	 -0.018636 
-13.740000 	 -0.084790 
-13.720000 	 0.197532 
-13.700000 	 -0.103513 
-13.680000 	 0.037802 
-13.660000 	 -0.147472 
-13.640000 	 0.255066 
-13.620000 	 -0.050662 
-13.600000 	 -0.090106 
-13.580000 	 -0.114622 
-13.560000 	 -0.032042 
-13.540000 	 -0.145828 
-13.520000 	 -0.031438 
-13.500000 	 -0.019059 
-13.480000 	 -0.027868 
-13.460000 	 0.217233 
-13.440000 	 0.160375 
-13.420000 	 0.136434 
-13.400000 	 0.133369 
-13.380000 	 0.198101 
-13.360000 	 0.189524 
-13.340000 	 0.087918 
-13.320000 	 -0.055171 
-13.300000 	 -0.103181 
-13.280000 	 0.168715 
-13.260000 	 -0.085109 
-13.240000 	 -0.022453 
-13.220000 	 -0.137115 
-13.200000 	 -0.183912 
-13.180000 	 -0.052038 
-13.160000 	 0.044274 
-13.140000 	 0.083120 
-13.120000 	 -0.016912 
-13.100000 	 0.181938 
-13.080000 	 0.135840 
-13.060000 	 0.132915 
-13.040000 	 0.069445 
-13.020000 	 0.101939 
-13.000000 	 -0.148247 
-12.980000 	 0.058894 
-12.960000 	 -0.078683 
-12.940000 	 -0.092308 
-12.920000 	 0.076360 
-12.900000 	 0.092419 
-12.880000 	 0.122594 
-12.860000 	 0.163030 
-12.840000 	 -0.033045 
-12.820000 	 0.304511 
-12.800000 	 0.268984 
-12.780000 	 -0.183433 
-12.760000 	 0.001555 
-12.740000 	 -0.223226 
-12.720000 	 -0.075859 
-12.700000 	 0.122404 
-12.680000 	 -0.068698 
-12.660000 	 -0.153459 
-12.640000 	 0.455873 
-12.620000 	 -0.229997 
-12.600000 	 0.047194 
-12.580000 	 0.142610 
-12.560000 	 -0.086576 
-12.540000 	 0.086306 
-12.520000 	 0.121629 
-12.500000 	 0.102034 
-12.480000 	 0.104066 
-12.460000 	 0.124507 
-12.440000 	 -0.113063 
-12.420000 	 -0.066016 
-12.400000 	 -0.088898 
-12.380000 	 -0.025790 
-12.360000 	 -0.227141 
-12.340000 	 -0.018710 
-12.320000 	 0.202518 
-12.300000 	 0.091675 
-12.280000 	 -0.072659 
-12.260000 	 -0.207776 
-12.240000 	 0.084380 
-12.220000 	 -0.128620 
-12.200000 	 -0.056547 
-12.180000 	 -0.077796 
-12.160000 	 0.129384 
-12.140000 	 0.136658 
-12.120000 	 -0.276959 
-12.100000 	 0.003363 
-12.080000 	 -0.016675 
-12.060000 	 0.102672 
-12.040000 	 -0.172600 
-12.020000 	 -0.023299 
-12.000000 	 -0.089230 
-11.980000 	 -0.264737 
-11.960000 	 -0.286703 
-11.940000 	 0.155054 
-11.920000 	 -0.025370 
-11.900000 	 -0.146456 
-11.880000 	 0.190388 
-11.860000 	 -0.099337 
-11.840000 	 -0.107549 
-11.820000 	 0.063081 
-11.800000 	 -0.164077 
-11.780000 	 -0.034561 
-11.760000 	 0.384229 
-11.740000 	 0.346037 
-11.720000 	 0.176142 
-11.700000 	 0.062289 
-11.680000 	 0.183188 
-11.660000 	 -0.078763 
-11.640000 	 -0.017362 
-11.620000 	 -0.033716 
-11.600000 	 0.195284 
-11.580000 	 -0.009462 
-11.560000 	 0.027469 
-11.540000 	 -0.013748 
-11.520000 	 -0.206690 
-11.500000 	 -0.142807 
-11.480000 	 -0.198331 
-11.460000 	 0.117122 
-11.440000 	 0.072415 
-11.420000 	 -0.054316 
-11.400000 	 -0.234740 
-11.380000 	 0.256318 
-11.360000 	 -0.064992 
-11.340000 	 -0.062982 
-11.320000 	 -0.000169 
-11.300000 	 -0.144598 
-11.280000 	 0.047537 
-11.260000 	 0.060664 
-11.240000 	 -0.066456 
-11.220000 	 0.333877 
-11.200000 	 0.289156 
-11.180000 	 0.168475 
-11.160000 	 -0.125001 
-11.140000 	 0.040815 
-11.120000 	 0.128858 
-11.100000 	 -0.225467 
-11.080000 	 0.139775 
-11.060000 	 -0.088243 
-11.040000 	 0.174674 
-11.020000 	 0.046560 
-11.000000 	 -0.318372 
-10.980000 	 0.125091 
-10.960000 	 0.059480 
-10.940000 	 0.149276 
-10.920000 	 0.192135 
-10.900000 	 0.162648 
-10.880000 	 -0.068240 
-10.860000 	 -0.220048 
-10.840000 	 0.052088 
-10.820000 	 -0.090019 
-10.800000 	 0.086335 
-10.780000 	 -0.043805 
-10.760000 	 -0.142598 
-10.740000 	 0.150589 
-10.720000 	 -0.125075 
-10.700000 	 -0.180560 
-10.680000 	 0.179844 
-10.660000 	 0.140085 
-10.640000 	 -0.304117 
-10.620000 	 -0.122918 
-10.600000 	 -0.002781 
-10.580000 	 0.126578 
-10.560000 	 0.139651 
-10.540000 	 0.030613 
-10.520000 	 0.071091 
-10.500000 	 -0.075408 
-10.480000 	 0.189092 
-10.460000 	 -0.113905 
-10.440000 	 -0.128441 
-10.420000 	 0.251527 
-10.400000 	 0.306172 
-10.380000 	 0.244306 
-10.360000 	 0.026763 
-10.340000 	 0.029385 
-10.320000 	 0.126656 
-10.300000 	 -0.147693 
-10.280000 	 0.166517 
-10.260000 	 0.163030 
-10.240000 	 0.166578 
-10.220000 	 -0.128656 
-10.200000 	 -0.042322 
-10.180000 	 -0.088818 
-10.160000 	 -0.083936 
-10.140000 	 0.225305 
-10.120000 	 -0.162900 
-10.100000 	 -0.112030 
-10.080000 	 -0.121566 
-10.060000 	 -0.031321 
-10.040000 	 0.193891 
-10.020000 	 -0.081992 
-10.000000 	 0.317808 
-9.980000 	 -0.099181 
-9.960000 	 -0.102168 
-9.940000 	 -0.075525 
-9.920000 	 0.353337 
-9.900000 	 0.189694 
-9.880000 	 0.019038 
-9.860000 	 0.380088 
-9.840000 	 -0.179740 
-9.820000 	 0.003947 
-9.800000 	 0.210934 
-9.780000 	 -0.104377 
-9.760000 	 -0.091021 
-9.740000 	 -0.095785 
-9.720000 	 -0.236609 
-9.700000 	 0.156644 
-9.680000 	 -0.090305 
-9.660000 	 -0.290802 
-9.640000 	 -0.098833 
-9.620000 	 0.141756 
-9.600000 	 -0.241892 
-9.580000 	 -0.010319 
-9.560000 	 0.054110 
-9.540000 	 -0.221047 
-9.520000 	 0.123022 
-9.500000 	 -0.265179 
-9.480000 	 0.148299 
-9.460000 	 -0.396693 
-9.440000 	 0.085406 
-9.420000 	 0.217305 
-9.400000 	 0.017469 
-9.380000 	 -0.056703 
-9.360000 	 0.023422 
-9.340000 	 0.086636 
-9.320000 	 -0.031725 
-9.300000 	 0.058557 
-9.280000 	 0.061126 
-9.260000 	 0.199432 
-9.240000 	 0.168701 
-9.220000 	 -0.182650 
-9.200000 	 0.130607 
-9.180000 	 -0.157482 
-9.160000 	 -0.046883 
-9.140000 	 -0.090841 
-9.120000 	 0.054648 
-9.100000 	 -0.012557 
-9.080000 	 -0.006645 
-9.060000 	 0.127081 
-9.040000 	 -0.216705 
-9.020000 	 -0.145548 
-9.000000 	 -0.085019 
-8.980000 	 0.511539 
-8.960000 	 0.212108 
-8.940000 	 -0.274565 
-8.920000 	 -0.072464 
-8.900000 	 0.114195 
-8.880000 	 -0.244891 
-8.860000 	 0.079582 
-8.840000 	 -0.022750 
-8.820000 	 0.008872 
-8.800000 	 0.043470 
-8.780000 	 -0.027829 
-8.760000 	 0.098639 
-8.740000 	 0.371543 
-8.720000 	 -0.080512 
-8.700000 	 -0.079665 
-8.680000 	 -0.195986 
-8.660000 	 0.034620 
-8.640000 	 -0.033057 
-8.620000 	 0.050461 
-8.600000 	 -0.097234 
-8.580000 	 0.240789 
-8.560000 	 -0.202410 
-8.540000 	 -0.044388 
-8.520000 	 0.050949 
-8.500000 	 0.007144 
-8.480000 	 -0.378644 
-8.460000 	 0.189434 
-8.440000 	 0.004218 
-8.420000 	 0.098893 
-8.400000 	 0.135473 
-8.380000 	 -0.056333 
-8.360000 	 -0.002029 
-8.340000 	 0.219628 
-8.320000 	 -0.100358 
-8.300000 	 0.054001 
-8.280000 	 -0.103920 
-8.260000 	 0.042013 
-8.240000 	 0.067275 
-8.220000 	 -0.049619 
-8.200000 	 -0.129184 
-8.180000 	 -0.029093 
-8.160000 	 0.075072 
-8.140000 	 -0.424632 
-8.120000 	 -0.212821 
-8.100000 	 0.200000 
-8.080000 	 0.217519 
-8.060000 	 0.134953 
-8.040000 	 -0.016398 
-8.020000 	 0.181935 
-8.000000 	 0.013398 
-7.980000 	 0.095601 
-7.960000 	 0.188175 
-7.940000 	 0.084890 
-7.920000 	 -0.105297 
-7.900000 	 -0.021093 
-7.880000 	 -0.030368 
-7.860000 	 -0.107782 
-7.840000 	 -0.143659 
-7.820000 	 0.100686 
-7.800000 	 0.284675 
-7.780000 	 -0.011902 
-7.760000 	 -0.167997 
-7.740000 	 0.100105 
-7.720000 	 0.092607 
-7.700000 	 0.193780 
-7.680000 	 -0.104856 
-7.660000 	 -0.129674 
-7.640000 	 0.020250 
-7.620000 	 0.262417 
-7.600000 	 -0.277418 
-7.580000 	 0.135138 
-7.560000 	 -0.060967 
-7.540000 	 0.600000 
-7.520000 	 0.075277 
-7.500000 	 0.203127 
-7.480000 	 0.049557 
-7.460000 	 0.247659 
-7.440000 	 0.196681 
-7.420000 	 -0.139701 
-7.400000 	 -0.308941 
-7.380000 	 0.238177 
-7.360000 	 0.272262 
-7.340000 	 0.077077 
-7.320000 	 -0.053390 
-7.300000 	 0.058131 
-7.280000 	 0.270229 
-7.260000 	 -0.153008 
-7.240000 	 0.107560 
-7.220000 	 0.223762 
-7.200000 	 0.001589 
-7.180000 	 0.239478 
-7.160000 	 -0.044414 
-7.140000 	 0.147069 
-7.120000 	 0.220325 
-7.100000 	 0.359549 
-7.080000 	 0.126841 
-7.060000 	 -0.342295 
-7.040000 	 -0.170756 
-7.020000 	 0.183637 
-7.000000 	 0.093451 
-6.980000 	 0.287280 
-6.960000 	 0.002207 
-6.940000 	 0.078630 
-6.920000 	 0.002952 
-6.900000 	 0.326437 
-6.880000 	 0.216051 
-6.860000 	 0.178107 
-6.840000 	 -0.150900 
-6.820000 	 0.044393 
-6.800000 	 0.153292 
-6.780000 	 -0.020297 
-6.760000 	 0.220758 
-6.740000 	 -0.032205 
-6.720000 	 0.045252 
-6.700000 	 0.159811 
-6.680000 	 0.085730 
-6.660000 	 -0.044597 
-6.640000 	 -0.049762 
-6.620000 	 0.215970 
-6.600000 	 0.147061 
-6.580000 	 0.202280 
-6.560000 	 -0.007012 
-6.540000 	 0.102149 
-6.520000 	 0.374908 
-6.500000 	 -0.028931 
-6.480000 	 -0.032396 
-6.460000 	 -0.013375 
-6.440000 	 -0.089865 
-6.420000 	 -0.066694 
-6.400000 	 0.082937 
-6.380000 	 0.162335 
-6.360000 	 0.278889 
-6.340000 	 0.077796 
-6.320000 	 0.156915 
-6.300000 	 0.127480 
-6.280000 	 0.164882 
-6.260000 	 0.084432 
-6.240000 	 0.520601 
-6.220000 	 0.174242 
-6.200000 	 -0.025302 
-6.180000 	 0.213532 
-6.160000 	 0.166173 
-6.140000 	 0.155323 
-6.120000 	 -0.064536 
-6.100000 	 0.003384 
-6.080000 	 0.305690 
-6.060000 	 0.204489 
-6.040000 	 0.563295 
-6.020000 	 0.205455 
-6.000000 	 0.433522 
-5.980000 	 0.175147 
-5.960000 	 0.094731 
-5.940000 	 0.143107 
-5.920000 	 0.138407 
-5.900000 	 0.356030 
-5.880000 	 0.339724 
-5.860000 	 0.283778 
-5.840000 	 0.254699 
-5.820000 	 0.323406 
-5.800000 	 0.394211 
-5.780000 	 0.136900 
-5.760000 	 0.465672 
-5.740000 	 0.141571 
-5.720000 	 0.232659 
-5.700000 	 0.128844 
-5.680000 	 0.147169 
-5.660000 	 0.149899 
-5.640000 	 0.074773 
-5.620000 	 0.060727 
-5.600000 	 0.326171 
-5.580000 	 0.062428 
-5.560000 	 0.522349 
-5.540000 	 0.634965 
-5.520000 	 0.316430 
-5.500000 	 -0.129450 
-5.480000 	 0.463170 
-5.460000 	 0.375151 
-5.440000 	 0.405385 
-5.420000 	 0.439037 
-5.400000 	 0.169338 
-5.380000 	 0.338572 
-5.360000 	 0.634865 
-5.340000 	 0.497036 
-5.320000 	 0.190838 
-5.300000 	 0.647683 
-5.280000 	 0.519625 
-5.260000 	 0.511902 
-5.240000 	 0.383620 
-5.220000 	 0.128615 
-5.200000 	 0.340180 
-5.180000 	 0.359451 
-5.160000 	 0.346908 
-5.140000 	 0.372394 
-5.120000 	 0.563994 
-5.100000 	 0.139962 
-5.080000 	 0.358830 
-5.060000 	 0.086653 
-5.040000 	 0.468418 
-5.020000 	 0.359484 
-5.000000 	 0.433378 
-4.980000 	 0.062446 
-4.960000 	 0.470184 
-4.940000 	 0.624889 
-4.920000 	 0.272426 
-4.900000 	 0.255042 
-4.880000 	 0.511972 
-4.860000 	 0.347858 
-4.840000 	 0.288127 
-4.820000 	 0.542988 
-4.800000 	 0.430913 
-4.780000 	 0.590286 
-4.760000 	 0.676307 
-4.740000 	 0.462963 
-4.720000 	 0.323609 
-4.700000 	 0.316401 
-4.680000 	 0.222017 
-4.660000 	 0.398525 
-4.640000 	 0.467865 
-4.620000 	 0.547452 
-4.600000 	 0.227444 
-4.580000 	 0.575124 
-4.560000 	 0.541097 
-4.540000 	 0.444026 
-4.520000 	 0.363031 
-4.500000 	 0.467901 
-4.480000 	 0.489671 
-4.460000 	 0.249566 
-4.440000 	 0.564588 
-4.420000 	 0.637634 
-4.400000 	 0.435776 
-4.380000 	 0.670449 
-4.360000 	 0.456721 
-4.340000 	 0.266139 
-4.320000 	 0.377435 
-4.300000 	 0.572911 
-4.280000 	 0.458115 
-4.260000 	 0.414284 
-4.240000 	 0.450120 
-4.220000 	 0.428848 
-4.200000 	 0.432477 
-4.180000 	 0.535892 
-4.160000 	 0.483503 
-4.140000 	 0.210185 
-4.120000 	 0.676412 
-4.100000 	 0.380737 
-4.080000 	 0.614270 
-4.060000 	 0.448318 
-4.040000 	 0.552520 
-4.020000 	 0.326666 
-4.000000 	 0.455388 
-3.980000 	 0.451114 
-3.960000 	 0.273416 
-3.940000 	 0.630419 
-3.920000 	 0.615500 
-3.900000 	 0.664580 
-3.880000 	 0.624380 
-3.860000 	 0.466285 
-3.840000 	 0.602695 
-3.820000 	 0.728532 
-3.800000 	 0.682252 
-3.780000 	 0.439552 
-3.760000 	 0.582423 
-3.740000 	 0.514845 
-3.720000 	 0.490349 
-3.700000 	 0.542156 
-3.680000 	 0.515596 
-3.660000 	 0.278401 
-3.640000 	 0.567961 
-3.620000 	 0.377563 
-3.600000 	 0.534298 
-3.580000 	 0.527083 
-3.560000 	 0.648501 
-3.540000 	 0.599041 
-3.520000 	 0.407329 
-3.500000 	 0.274738 
-3.480000 	 0.414067 
-3.460000 	 0.470050 
-3.440000 	 0.637376 
-3.420000 	 0.442094 
-3.400000 	 0.529195 
-3.380000 	 0.499126 
-3.360000 	 0.442947 
-3.340000 	 0.431286 
-3.320000 	 0.487230 
-3.300000 	 0.179468 
-3.280000 	 0.182420 
-3.260000 	 0.230005 
-3.240000 	 0.537076 
-3.220000 	 0.576215 
-3.200000 	 0.414343 
-3.180000 	 0.528658 
-3.160000 	 0.504560 
-3.140000 	 0.556767 
-3.120000 	 0.707533 
-3.100000 	 0.491063 
-3.080000 	 0.541469 
-3.060000 	 0.385769 
-3.040000 	 0.584960 
-3.020000 	 0.608680 
-3.000000 	 0.463095 
-2.980000 	 0.296264 
-2.960000 	 0.218122 
-2.940000 	 0.580809 
-2.920000 	 0.422848 
-2.900000 	 0.321589 
-2.880000 	 0.301312 
-2.860000 	 0.528865 
-2.840000 	 0.394256 
-2.820000 	 0.245208 
-2.800000 	 0.523841 
-2.780000 	 0.532632 
-2.760000 	 0.435944 
-2.740000 	 0.450604 
-2.720000 	 0.243497 
-2.700000 	 0.149639 
-2.680000 	 0.070391 
-2.660000 	 0.417235 
-2.640000 	 0.345429 
-2.620000 	 0.619469 
-2.600000 	 0.329510 
-2.580000 	 0.240739 
-2.560000 	 0.539106 
-2.540000 	 0.102646 
-2.520000 	 0.268263 
-2.500000 	 0.483378 
-2.480000 	 0.297810 
-2.460000 	 0.544611 
-2.440000 	 0.274572 
-2.420000 	 0.278421 
-2.400000 	 0.464965 
-2.380000 	 0.130134 
-2.360000 	 0.035056 
-2.340000 	 0.503032 
-2.320000 	 0.211185 
-2.300000 	 0.391158 
-2.280000 	 0.224998 
-2.260000 	 0.221253 
-2.240000 	 0.396058 
-2.220000 	 0.158710 
-2.200000 	 0.378370 
-2.180000 	 0.343273 
-2.160000 	 0.337170 
-2.140000 	 0.401348 
-2.120000 	 0.360534 
-2.100000 	 0.066934 
-2.080000 	 0.423394 
-2.060000 	 0.252564 
-2.040000 	 0.355567 
-2.020000 	 0.131939 
-2.000000 	 0.082940 
-1.980000 	 0.212738 
-1.960000 	 0.360886 
-1.940000 	 -0.030061 
-1.920000 	 -0.034322 
-1.900000 	 0.174756 
-1.880000 	 0.300059 
-1.860000 	 0.331735 
-1.840000 	 0.445614 
-1.820000 	 0.009329 
-1.800000 	 0.361581 
-1.780000 	 0.293755 
-1.760000 	 0.119818 
-1.740000 	 0.269103 
-1.720000 	 0.228845 
-1.700000 	 0.231154 
-1.680000 	 0.021100 
-1.660000 	 0.900000 
-1.640000 	 0.085301 
-1.620000 	 0.560298 
-1.600000 	 -0.086677 
-1.580000 	 0.118393 
-1.560000 	 0.014308 
-1.540000 	 -0.046583 
-1.520000 	 0.057521 
-1.500000 	 0.072038 
-1.480000 	 0.227900 
-1.460000 	 0.039903 
-1.440000 	 0.139159 
-1.420000 	 0.338342 
-1.400000 	 0.311618 
-1.380000 	 0.500750 
-1.360000 	 0.239467 
-1.340000 	 0.101813 
-1.320000 	 0.209255 
-1.300000 	 0.141966 
-1.280000 	 0.109138 
-1.260000 	 0.057602 
-1.240000 	 0.361284 
-1.220000 	 0.136564 
-1.200000 	 -0.131739 
-1.180000 	 0.259271 
-1.160000 	 0.346019 
-1.140000 	 0.024795 
-1.120000 	 0.148433 
-1.100000 	 0.190252 
-1.080000 	 0.042492 
-1.060000 	 0.206316 
-1.040000 	 0.187946 
-1.020000 	 0.301920 
-1.000000 	 0.243157 
-0.980000 	 0.369920 
-0.960000 	 0.234312 
-0.940000 	 0.252881 
-0.920000 	 0.139157 
-0.900000 	 0.080086 
-0.880000 	 0.175506 
-0.860000 	 0.103792 
-0.840000 	 0.160944 
-0.820000 	 0.326833 
-0.800000 	 0.096530 
-0.780000 	 0.172374 
-0.760000 	 -0.011529 
-0.740000 	 0.383864 
-0.720000 	 0.023810 
-0.700000 	 0.258699 
-0.680000 	 0.197741 
-0.660000 	 0.214251 
-0.640000 	 0.175256 
-0.620000 	 0.133005 
-0.600000 	 0.148385 
-0.580000 	 0.231667 
-0.560000 	 0.084050 
-0.540000 	 0.417683 
-0.520000 	 0.167548 
-0.500000 	 0.385449 
-0.480000 	 0.083427 
-0.460000 	 0.120679 
-0.440000 	 0.146526 
-0.420000 	 0.158687 
-0.400000 	 0.244552 
-0.380000 	 0.004530 
-0.360000 	 0.114154 
-0.340000 	 0.150743 
-0.320000 	 0.416098 
-0.300000 	 0.304440 
-0.280000 	 0.231391 
-0.260000 	 0.115631 
-0.240000 	 0.065316 
-0.220000 	 0.269377 
-0.200000 	 0.654809 
-0.180000 	 0.238195 
-0.160000 	 0.305624 
-0.140000 	 0.145012 
-0.120000 	 0.032615 
-0.100000 	 0.128682 
-0.080000 	 1.000000 
-0.060000 	 0.072124 
-0.040000 	 0.333481 
-0.020000 	 0.149764 
0.000000 	 0.305744 
0.020000 	 0.163616 
0.040000 	 0.213100 
0.060000 	 0.318849 
0.080000 	 0.227989 
0.100000 	 0.316979 
0.120000 	 -0.051804 
0.140000 	 0.195927 
0.160000 	 0.352450 
0.180000 	 0.414546 
0.200000 	 0.282892 
0.220000 	 0.062894 
0.240000 	 0.450311 
0.260000 	 0.358843 
0.280000 	 0.259488 
0.300000 	 0.293996 
0.320000 	 0.230630 
0.340000 	 0.644938 
0.360000 	 0.105800 
0.380000 	 0.611297 
0.400000 	 0.074792 
0.420000 	 0.255225 
0.440000 	 0.384553 
0.460000 	 0.635408 
0.480000 	 0.240980 
0.500000 	 0.269067 
0.520000 	 0.101784 
0.540000 	 0.522273 
0.560000 	 0.484899 
0.580000 	 0.620011 
0.600000 	 0.003719 
0.620000 	 0.481109 
0.640000 	 0.537298 
0.660000 	 0.231512 
0.680000 	 0.276417 
0.700000 	 0.422973 
0.720000 	 0.488511 
0.740000 	 0.691843 
0.760000 	 0.350946 
0.780000 	 0.534572 
0.800000 	 0.380182 
0.820000 	 0.490752 
0.840000 	 0.418113 
0.860000 	 0.453333 
0.880000 	 0.713381 
0.900000 	 0.431898 
0.920000 	 0.350165 
0.940000 	 0.434240 
0.960000 	 0.448226 
0.980000 	 0.424545 
1.000000 	 0.575610 
1.020000 	 0.582768 
1.040000 	 0.370395 
1.060000 	 0.682277 
1.080000 	 0.563397 
1.100000 	 0.682323 
1.120000 	 0.613564 
1.140000 	 0.587848 
1.160000 	 0.815955 
1.180000 	 0.724185 
1.200000 	 0.485547 
1.220000 	 0.422591 
1.240000 	 0.216820 
1.260000 	 0.807989 
1.280000 	 0.578258 
1.300000 	 0.949175 
1.320000 	 0.493955 
1.340000 	 0.731940 
1.360000 	 0.725403 
1.380000 	 0.851911 
1.400000 	 0.684703 
1.420000 	 0.481783 
1.440000 	 0.629861 
1.460000 	 1.050855 
1.480000 	 0.737513 
1.500000 	 0.653275 
1.520000 	 0.867088 
1.540000 	 0.545468 
1.560000 	 0.746958 
1.580000 	 1.004680 
1.600000 	 0.700278 
1.620000 	 0.824450 
1.640000 	 0.758312 
1.660000 	 0.593349 
1.680000 	 0.752251 
1.700000 	 0.681560 
1.720000 	 0.597046 
1.740000 	 0.881895 
1.760000 	 0.878668 
1.780000 	 0.937485 
1.800000 	 0.674497 
1.820000 	 0.634742 
1.840000 	 0.774939 
1.860000 	 0.868545 
1.880000 	 0.989049 
1.900000 	 1.025560 
1.920000 	 1.011500 
1.940000 	 1.092578 
1.960000 	 0.841222 
1.980000 	 0.724993 
2.000000 	 1.107400 
2.020000 	 1.034939 
2.040000 	 0.900643 
2.060000 	 1.165947 
2.080000 	 0.716620 
2.100000 	 0.810532 
2.120000 	 0.875345 
2.140000 	 1.183333 
2.160000 	 1.024381 
2.180000 	 0.799547 
2.200000 	 0.999176 
2.220000 	 1.217023 
2.240000 	 0.779505 
2.260000 	 0.905884 
2.280000 	 1.051713 
2.300000 	 0.934738 
2.320000 	 1.121832 
2.340000 	 1.287503 
2.360000 	 0.949386 
2.380000 	 1.346396 
2.400000 	 1.350622 
2.420000 	 1.170700 
2.440000 	 1.360970 
2.460000 	 1.269413 
2.480000 	 0.880816 
2.500000 	 1.115826 
2.520000 	 1.126787 
2.540000 	 0.907430 
2.560000 	 1.309647 
2.580000 	 1.204129 
2.600000 	 1.432629 
2.620000 	 1.125880 
2.640000 	 1.609442 
2.660000 	 1.210485 
2.680000 	 1.474306 
2.700000 	 1.291280 
2.720000 	 0.815669 
2.740000 	 0.787389 
2.760000 	 1.112005 
2.780000 	 1.354485 
2.800000 	 1.488478 
2.820000 	 1.428979 
2.840000 	 1.255841 
2.860000 	 1.315360 
2.880000 	 1.628614 
2.900000 	 1.344324 
2.920000 	 1.450344 
2.940000 	 1.551595 
2.960000 	 1.429053 
2.980000 	 1.677594 
3.000000 	 1.673962 
3.020000 	 1.193708 
3.040000 	 1.408419 
3.060000 	 1.497358 
3.080000 	 1.499113 
3.100000 	 1.423802 
3.120000 	 1.345032 
3.140000 	 1.608909 
3.160000 	 1.581944 
3.180000 	 1.457698 
3.200000 	 1.614422 
3.220000 	 1.428205 
3.240000 	 1.258188 
3.260000 	 1.607647 
3.280000 	 1.742461 
3.300000 	 1.749554 
3.320000 	 1.535088 
3.340000 	 1.798511 
3.360000 	 1.345732 
3.380000 	 1.374821 
3.400000 	 1.310690 
3.420000 	 1.669739 
3.440000 	 1.173115 
3.460000 	 1.652709 
3.480000 	 1.653356 
3.500000 	 1.619169 
3.520000 	 1.602804 
3.540000 	 1.857771 
3.560000 	 1.813276 
3.580000 	 1.590862 
3.600000 	 1.655478 
3.620000 	 1.460023 
3.640000 	 1.424136 
3.660000 	 1.483790 
3.680000 	 1.468072 
3.700000 	 1.512508 
3.720000 	 1.482486 
3.740000 	 1.772853 
3.760000 	 1.607719 
3.780000 	 1.599950 
3.800000 	 1.854113 
3.820000 	 1.542027 
3.840000 	 1.433777 
3.860000 	 1.624831 
3.880000 	 1.749035 
3.900000 	 1.683411 
3.920000 	 1.670600 
3.940000 	 1.384489 
3.960000 	 1.602635 
3.980000 	 1.460211 
4.000000 	 2.054958 
4.020000 	 1.780604 
4.040000 	 1.746107 
4.060000 	 1.439421 
4.080000 	 1.595103 
4.100000 	 2.005003 
4.120000 	 1.596311 
4.140000 	 1.479022 
4.160000 	 1.403779 
4.180000 	 1.540372 
4.200000 	 1.463117 
4.220000 	 1.491093 
4.240000 	 1.609228 
4.260000 	 1.779171 
4.280000 	 1.532682 
4.300000 	 1.564454 
4.320000 	 1.422539 
4.340000 	 1.591529 
4.360000 	 1.696067 
4.380000 	 1.576458 
4.400000 	 1.519831 
4.420000 	 1.614926 
4.440000 	 1.521767 
4.460000 	 1.725712 
4.480000 	 1.718611 
4.500000 	 1.565333 
4.520000 	 1.596749 
4.540000 	 1.488542 
4.560000 	 1.468151 
4.580000 	 1.388724 
4.600000 	 1.464666 
4.620000 	 1.739181 
4.640000 	 1.527134 
4.660000 	 1.570421 
4.680000 	 1.719379 
4.700000 	 1.760941 
4.720000 	 1.792682 
4.740000 	 1.348320 
4.760000 	 1.474779 
4.780000 	 1.729105 
4.800000 	 1.669309 
4.820000 	 1.534060 
4.840000 	 1.501286 
4.860000 	 1.366679 
4.880000 	 1.180396 
4.900000 	 1.281310 
4.920000 	 1.486409 
4.940000 	 1.287662 
4.960000 	 1.547074 
4.980000 	 1.390369 
5.000000 	 1.304967 
5.020000 	 1.617219 
5.040000 	 1.359199 
5.060000 	 1.425752 
5.080000 	 1.428189 
5.100000 	 1.419769 
5.120000 	 1.431775 
5.140000 	 1.261615 
5.160000 	 1.486534 
5.180000 	 1.255756 
5.200000 	 1.425784 
5.220000 	 1.219469 
5.240000 	 1.274900 
5.260000 	 1.061785 
5.280000 	 1.051979 
5.300000 	 1.188016 
5.320000 	 1.247789 
5.340000 	 1.036313 
5.360000 	 1.397846 
5.380000 	 1.231314 
5.400000 	 0.981538 
5.420000 	 1.584563 
5.440000 	 1.215043 
5.460000 	 1.176493 
5.480000 	 1.238645 
5.500000 	 1.456860 
5.520000 	 1.209547 
5.540000 	 1.315956 
5.560000 	 1.249638 
5.580000 	 1.179436 
5.600000 	 1.319703 
5.620000 	 1.054742 
5.640000 	 -0.700000 
5.660000 	 1.574937 
5.680000 	 1.228457 
5.700000 	 1.067136 
5.720000 	 1.085379 
5.740000 	 1.273159 
5.760000 	 1.177498 
5.780000 	 1.026280 
5.800000 	 0.910004 
5.820000 	 0.874776 
5.840000 	 1.214777 
5.860000 	 1.005974 
5.880000 	 1.127403 
5.900000 	 0.770296 
5.920000 	 0.829476 
5.940000 	 1.232513 
5.960000 	 1.053964 
5.980000 	 1.142414 
6.000000 	 1.148977 
6.020000 	 1.062212 
6.040000 	 0.836691 
6.060000 	 1.176502 
6.080000 	 1.210417 
6.100000 	 0.932076 
6.120000 	 0.935172 
6.140000 	 0.542446 
6.160000 	 0.681949 
6.180000 	 0.787723 
6.200000 	 0.857242 
6.220000 	 0.795333 
6.240000 	 0.968268 
6.260000 	 0.926364 
6.280000 	 0.729315 
6.300000 	 1.081520 
6.320000 	 0.663400 
6.340000 	 0.737369 
6.360000 	 0.751444 
6.380000 	 0.753624 
6.400000 	 0.833005 
6.420000 	 0.900793 
6.440000 	 0.500764 
6.460000 	 0.792000 
6.480000 	 1.089811 
6.500000 	 0.680985 
6.520000 	 0.496404 
6.540000 	 0.833982 
6.560000 	 0.690816 
6.580000 	 0.737997 
6.600000 	 0.518663 
6.620000 	 0.617351 
6.640000 	 0.947731 
6.660000 	 0.702042 
6.680000 	 0.948882 
6.700000 	 0.729859 
6.720000 	 0.532181 
6.740000 	 0.592880 
6.760000 	 0.628250 
6.780000 	 0.816300 
6.800000 	 0.584353 
6.820000 	 0.303041 
6.840000 	 0.928061 
6.860000 	 0.484930 
6.880000 	 0.570307 
6.900000 	 0.511010 
6.920000 	 0.536360 
6.940000 	 0.606947 
6.960000 	 0.469319 
6.980000 	 0.339918 
7.000000 	 0.509720 
7.020000 	 0.291919 
7.040000 	 0.412227 
7.060000 	 0.626973 
7.080000 	 0.471206 
7.100000 	 0.314698 
7.120000 	 0.278623 
7.140000 	 0.170740 
7.160000 	 0.689875 
7.180000 	 0.392907 
7.200000 	 0.149086 
7.220000 	 0.404398 
7.240000 	 0.540614 
7.260000 	 0.438804 
7.280000 	 0.357688 
7.300000 	 0.392144 
7.320000 	 0.458891 
7.340000 	 0.418858 
7.360000 	 0.467158 
7.380000 	 0.516249 
7.400000 	 0.403591 
7.420000 	 0.256935 
7.440000 	 0.480609 
7.460000 	 0.388975 
7.480000 	 0.468567 
7.500000 	 0.312839 
7.520000 	 0.092888 
7.540000 	 0.543738 
7.560000 	 0.298274 
7.580000 	 0.178589 
7.600000 	 0.300340 
7.620000 	 0.510516 
7.640000 	 0.279835 
7.660000 	 0.443992 
7.680000 	 0.595131 
7.700000 	 0.102492 
7.720000 	 0.234597 
7.740000 	 0.539517 
7.760000 	 0.351583 
7.780000 	 0.342988 
7.800000 	 0.334636 
7.820000 	 -0.037254 
7.840000 	 0.224578 
7.860000 	 0.247212 
7.880000 	 0.366535 
7.900000 	 0.205147 
7.920000 	 0.194709 
7.940000 	 0.214030 
7.960000 	 -0.167190 
7.980000 	 0.166727 
8.000000 	 0.267959 
8.020000 	 0.246861 
8.040000 	 0.312858 
8.060000 	 0.360679 
8.080000 	 0.133876 
8.100000 	 0.208488 
8.120000 	 0.005835 
8.140000 	 0.060565 
8.160000 	 0.325911 
8.180000 	 0.344451 
8.200000 	 0.245734 
8.220000 	 0.220111 
8.240000 	 0.106102 
8.260000 	 0.016265 
8.280000 	 0.235908 
8.300000 	 0.191519 
8.320000 	 0.202268 
8.340000 	 0.281698 
8.360000 	 0.081620 
8.380000 	 0.160820 
8.400000 	 0.175253 
8.420000 	 0.044429 
8.440000 	 0.034355 
8.460000 	 0.041101 
8.480000 	 0.032898 
8.500000 	 0.239325 
8.520000 	 0.123658 
8.540000 	 0.000887 
8.560000 	 0.154466 
8.580000 	 -0.121899 
8.600000 	 -0.023249 
8.620000 	 0.235822 
8.640000 	 -0.068415 
8.660000 	 0.097293 
8.680000 	 0.141270 
8.700000 	 0.018373 
8.720000 	 -0.033859 
8.740000 	 0.289295 
8.760000 	 0.263620 
8.780000 	 0.246178 
8.800000 	 -0.022011 
8.820000 	 0.140614 
8.840000 	 -0.156903 
8.860000 	 0.229357 
8.880000 	 0.192772 
8.900000 	 0.109534 
8.920000 	 0.041462 
8.940000 	 0.044691 
8.960000 	 0.075975 
8.980000 	 0.309375 
9.000000 	 -0.081848 
9.020000 	 0.137089 
9.040000 	 -0.167293 
9.060000 	 0.074821 
9.080000 	 0.199811 
9.100000 	 0.344082 
9.120000 	 -0.102655 
9.140000 	 -0.080237 
9.160000 	 0.029876 
9.180000 	 -0.143735 
9.200000 	 0.052648 
9.220000 	 0.014835 
9.240000 	 -0.051662 
9.260000 	 0.183079 
9.280000 	 0.228260 
9.300000 	 0.187628 
9.320000 	 0.054291 
9.340000 	 -0.222727 
9.360000 	 0.272477 
9.380000 	 0.318008 
9.400000 	 0.079885 
9.420000 	 -0.064511 
9.440000 	 0.086867 
9.460000 	 0.148869 
9.480000 	 0.058063 
9.500000 	 0.042436 
9.520000 	 0.118347 
9.540000 	 -0.018373 
9.560000 	 0.147666 
9.580000 	 -0.063754 
9.600000 	 0.053292 
9.620000 	 0.051208 
9.640000 	 -0.091943 
9.660000 	 -0.033281 
9.680000 	 -0.152459 
9.700000 	 -0.081981 
9.720000 	 0.046636 
9.740000 	 -0.059996 
9.760000 	 0.172476 
9.780000 	 0.038594 
9.800000 	 0.220757 
9.820000 	 0.077311 
9.840000 	 0.266523 
9.860000 	 -0.028214 
9.880000 	 0.177012 
9.900000 	 0.032009 
9.920000 	 0.146860 
9.940000 	 -0.104455 
9.960000 	 0.135497 
9.980000 	 -0.216962 
10.000000 	 0.020873 
10.020000 	 0.047434 
10.040000 	 -0.195722 
10.060000 	 0.064993 
10.080000 	 -0.190699 
10.100000 	 -0.118164 
10.120000 	 0.193251 
10.140000 	 0.097702 
10.160000 	 -0.051363 
10.180000 	 0.009432 
10.200000 	 0.197907 
10.220000 	 -0.326347 
10.240000 	 -0.198815 
10.260000 	 0.128123 
10.280000 	 0.401833 
10.300000 	 -0.069927 
10.320000 	 -0.025146 
10.340000 	 -0.114640 
10.360000 	 0.055963 
10.380000 	 0.139338 
10.400000 	 0.017032 
10.420000 	 -0.088910 
10.440000 	 -0.101777 
10.460000 	 0.163824 
10.480000 	 0.129783 
10.500000 	 0.194996 
10.520000 	 0.289521 
10.540000 	 -0.008031 
10.560000 	 0.052140 
10.580000 	 -0.085335 
10.600000 	 0.154983 
10.620000 	 0.303512 
10.640000 	 0.056027 
10.660000 	 -0.172626 
10.680000 	 0.163677 
10.700000 	 -0.056740 
10.720000 	 0.237764 
10.740000 	 0.123004 
10.760000 	 0.034243 
10.780000 	 0.203686 
10.800000 	 -0.133098 
10.820000 	 0.266966 
10.840000 	 0.104231 
10.860000 	 0.198781 
10.880000 	 0.026441 
10.900000 	 -0.047239 
10.920000 	 -0.042626 
10.940000 	 0.317313 
10.960000 	 -0.163106 
10.980000 	 0.021164 
11.000000 	 0.072017 
11.020000 	 -0.064913 
11.040000 	 -0.167605 
11.060000 	 0.031771 
11.080000 	 -0.103519 
11.100000 	 -0.088719 
11.120000 	 0.102815 
11.140000 	 0.074469 
11.160000 	 0.003680 
11.180000 	 0.057293 
11.200000 	 0.035890 
11.220000 	 0.046929 
11.240000 	 -0.052529 
11.260000 	 -0.019170 
11.280000 	 0.053893 
11.300000 	 0.005207 
11.320000 	 -0.005672 
11.340000 	 0.238926 
11.360000 	 0.247730 
11.380000 	 0.288962 
11.400000 	 0.010809 
11.420000 	 0.347661 
11.440000 	 0.263696 
11.460000 	 -0.232466 
11.480000 	 0.106354 
11.500000 	 -0.129178 
11.520000 	 0.141193 
11.540000 	 0.132613 
11.560000 	 0.057045 
11.580000 	 0.085749 
11.600000 	 -0.206960 
11.620000 	 -0.019750 
11.640000 	 0.059954 
11.660000 	 0.263561 
11.680000 	 0.420704 
11.700000 	 -0.056987 
11.720000 	 -0.252763 
11.740000 	 -0.215976 
11.760000 	 -0.110155 
11.780000 	 0.068839 
11.800000 	 -0.129484 
11.820000 	 -0.140982 
11.840000 	 0.118809 
11.860000 	 -0.255006 
11.880000 	 -0.138262 
11.900000 	 0.200492 
11.920000 	 -0.029114 
11.940000 	 0.062883 
11.960000 	 0.333256 
11.980000 	 0.211651 
12.000000 	 -0.030152 
12.020000 	 -0.134913 
12.040000 	 0.025255 
12.060000 	 -0.234366 
12.080000 	 0.015043 
12.100000 	 -0.098722 
12.120000 	 0.106526 
12.140000 	 -0.029712 
12.160000 	 -0.181783 
12.180000 	 0.133914 
12.200000 	 -0.101417 
12.220000 	 0.108219 
12.240000 	 0.066683 
12.260000 	 -0.231057 
12.280000 	 -0.108700 
12.300000 	 -0.265103 
12.320000 	 -0.141872 
12.340000 	 -0.177300 
12.360000 	 -0.106364 
12.380000 	 0.095614 
12.400000 	 0.063703 
12.420000 	 0.135761 
12.440000 	 -0.038537 
12.460000 	 0.104959 
12.480000 	 -0.149657 
12.500000 	 0.229605 
12.520000 	 -0.082992 
12.540000 	 -0.403597 
12.560000 	 -0.176802 
12.580000 	 -0.349641 
12.600000 	 0.191879 
12.620000 	 0.349854 
12.640000 	 0.007027 
12.660000 	 -0.004075 
12.680000 	 -0.103005 
12.700000 	 -0.232829 
12.720000 	 0.025180 
12.740000 	 -0.166166 
12.760000 	 0.184430 
12.780000 	 0.141917 
12.800000 	 0.136857 
12.820000 	 0.093739 
12.840000 	 -0.054733 
12.860000 	 -0.368520 
12.880000 	 -0.131437 
12.900000 	 0.146361 
12.920000 	 0.107086 
12.940000 	 0.117577 
12.960000 	 0.073981 
12.980000 	 -0.113661 
13.000000 	 -0.019213 
13.020000 	 -0.091387 
13.040000 	 -0.035128 
13.060000 	 0.114073 
13.080000 	 0.253271 
13.100000 	 0.056662 
13.120000 	 -0.105764 
13.140000 	 -0.117838 
13.160000 	 -0.213611 
13.180000 	 -0.214342 
13.200000 	 -0.038614 
13.220000 	 -0.229197 
13.240000 	 0.203982 
13.260000 	 -0.033487 
13.280000 	 -0.029385 
13.300000 	 -0.190968 
13.320000 	 0.058525 
13.340000 	 -0.093300 
13.360000 	 0.207218 
13.380000 	 -0.123230 
13.400000 	 0.073020 
13.420000 	 0.049713 
13.440000 	 0.357673 
13.460000 	 -0.006472 
13.480000 	 -0.304220 
13.500000 	 0.047665 
13.520000 	 0.107025 
13.540000 	 -0.011969 
13.560000 	 0.167710 
13.580000 	 0.178107 
13.600000 	 0.135134 
13.620000 	 0.184454 
13.640000 	 0.126500 
13.660000 	 0.148228 
13.680000 	 -0.010751 
13.700000 	 -0.060554 
13.720000 	 -0.047796 
13.740000 	 -0.140520 
13.760000 	 -0.166010 
13.780000 	 -0.052580 
13.800000 	 0.148225 
13.820000 	 -0.264350 
13.840000 	 0.224290 
13.860000 	 0.057447 
13.880000 	 0.069473 
13.900000 	 -0.127714 
13.920000 	 0.142317 
13.940000 	 -0.055625 
13.960000 	 0.173116 
13.980000 	 -0.004034 
14.000000 	 -0.150341 
14.020000 	 -0.033797 
14.040000 	 -0.056141 
14.060000 	 -0.143304 
14.080000 	 0.206957 
14.100000 	 0.036577 
14.120000 	 -0.124032 
14.140000 	 0.048495 
14.160000 	 -0.263880 
14.180000 	 0.014601 
14.200000 	 -0.127076 
14.220000 	 0.163271 
14.240000 	 -0.086428 
14.260000 	 0.087557 
14.280000 	 -0.081812 
14.300000 	 0.025690 
14.320000 	 0.113786 
14.340000 	 0.206487 
14.360000 	 -0.076376 
14.380000 	 -0.048546 
14.400000 	 0.061033 
14.420000 	 0.161869 
14.440000 	 0.149888 
14.460000 	 0.322363 
14.480000 	 0.125739 
14.500000 	 0.045325 
14.520000 	 0.239307 
14.540000 	 -0.083181 
14.560000 	 0.030932 
14.580000 	 0.215459 
14.600000 	 0.076137 
14.620000 	 0.039217 
14.640000 	 0.010794 
14.660000 	 -0.114683 
14.680000 	 -0.183469 
14.700000 	 -0.003976 
14.720000 	 -0.066114 
14.740000 	 -0.180960 
14.760000 	 -0.186013 
14.780000 	 0.072923 
14.800000 	 -0.060603 
14.820000 	 -0.202875 
14.840000 	 0.169289 
14.860000 	 -0.091898 
14.880000 	 0.039497 
14.900000 	 0.037816 
14.920000 	 0.091036 
14.940000 	 -0.188445 
14.960000 	 -0.185544 
14.980000 	 -0.153244 
15.000000 	 -0.180333 
