a4 a3 a2 a1 a0 da4 da3 da2 da1 da0 noise intensity
0.0956 0.3091 -0.9424 0.9668 -0.0753 0.0116 0.031 0.1153 0.1944 0.2419 1.7636
0.1011 0.2899 -1.029 1.0592 0.1794 0.0136 0.0362 0.1344 0.2266 0.282 2.0555
0.0968 0.3202 -0.9681 0.8758 -0.0123 0.0111 0.0295 0.1096 0.1848 0.2299 1.6761
0.1053 0.2809 -1.0399 1.1225 0.1137 0.0106 0.0283 0.1053 0.1775 0.221 1.6106
0.1058 0.2878 -1.0489 1.0583 0.0286 0.0107 0.0287 0.1066 0.1797 0.2236 1.6302
0.1128 0.2682 -1.1219 1.1612 0.1346 0.0107 0.0285 0.1058 0.1783 0.2219 1.6175
0.1001 0.2905 -1.0207 1.0711 0.11 0.0119 0.0319 0.1185 0.1997 0.2486 1.8118
0.0982 0.3147 -0.975 0.8494 -0.0673 0.0135 0.036 0.1339 0.2257 0.2809 2.0472
0.1036 0.291 -1.0603 1.0878 0.2594 0.0108 0.0288 0.1071 0.1805 0.2246 1.6374
0.105 0.3015 -1.0705 0.9558 0.1081 0.0116 0.0309 0.115 0.1938 0.2412 1.7581
0.1052 0.2833 -1.0209 1.0511 -0.0214 0.0114 0.0303 0.1127 0.19 0.2365 1.7236
0.0954 0.2966 -0.9494 1.0414 0.0091 0.0111 0.0297 0.1105 0.1862 0.2318 1.6893
0.0977 0.3009 -0.9441 1.0048 -0.1934 0.0104 0.0277 0.1031 0.1737 0.2163 1.5763
0.0976 0.2869 -0.9325 1.1061 -0.1181 0.0121 0.0324 0.1203 0.2027 0.2523 1.839
0.1068 0.2759 -1.0511 1.1329 -0.0069 0.0119 0.0318 0.1184 0.1995 0.2483 1.8099
0.1051 0.2963 -1.0962 1.0211 0.2256 0.0124 0.0332 0.1234 0.2079 0.2588 1.8862
0.0941 0.3206 -0.9661 0.8395 0.0795 0.0144 0.0385 0.1432 0.2413 0.3003 2.1889
0.0958 0.3091 -1.0044 0.998 0.3081 0.0139 0.037 0.1377 0.2321 0.2889 2.1057
0.1002 0.2956 -0.9987 0.9674 -0.0521 0.0131 0.0349 0.1296 0.2184 0.2718 1.9811
0.096 0.3098 -0.9428 0.8905 -0.1105 0.0115 0.0308 0.1144 0.1927 0.2399 1.7486
0.1074 0.2746 -1.0762 1.2498 0.2162 0.0124 0.033 0.1227 0.2068 0.2574 1.876
0.1061 0.2912 -1.0727 1.0914 0.0945 0.0107 0.0285 0.1061 0.1788 0.2225 1.622
0.1005 0.3098 -1.0209 0.9217 0.0822 0.0109 0.0291 0.1083 0.1825 0.2272 1.656
0.0963 0.3033 -0.9399 0.9149 -0.0866 0.0111 0.0297 0.1103 0.1859 0.2314 1.6864
0.0917 0.2991 -0.8735 0.9932 -0.1859 0.0129 0.0345 0.1281 0.2159 0.2687 1.9585
0.0871 0.315 -0.9006 0.9632 -0.1233 0.0145 0.0386 0.1437 0.2421 0.3013 2.1965
0.1023 0.3131 -1.0418 0.8523 0.0715 0.0119 0.0317 0.1177 0.1984 0.2469 1.7997
0.1034 0.3154 -1.0659 0.8641 0.0991 0.0116 0.0308 0.1146 0.1932 0.2405 1.7528
0.094 0.3301 -0.9703 0.7694 0.0574 0.0127 0.0339 0.1259 0.2121 0.264 1.9245
0.0977 0.3117 -0.9904 0.8589 0.0328 0.0126 0.0337 0.1253 0.2111 0.2627 1.9151
0.1033 0.2841 -1.007 1.0402 -0.0083 0.0136 0.0364 0.1352 0.2279 0.2836 2.0674
0.094 0.3003 -0.9536 1.0351 0.0987 0.0136 0.0362 0.1347 0.227 0.2825 2.0591
0.0985 0.3017 -0.9464 0.9991 -0.0826 0.0114 0.0303 0.1128 0.1901 0.2367 1.725
0.0845 0.3403 -0.8939 0.7316 0.0928 0.0119 0.0317 0.118 0.1988 0.2475 1.8037
0.0925 0.3317 -0.9429 0.7683 -0.0214 0.0117 0.0312 0.1161 0.1956 0.2434 1.7744
0.1015 0.2996 -1.0005 0.9259 -0.0186 0.0103 0.0275 0.1023 0.1725 0.2147 1.5646
0.0925 0.3048 -0.9082 1.0238 -0.0938 0.0133 0.0356 0.1324 0.2231 0.2777 2.0245
0.0903 0.3142 -0.9369 0.9841 0.1015 0.0117 0.0312 0.1162 0.1958 0.2437 1.7763
0.1095 0.2841 -1.0807 1.0829 0.0312 0.0116 0.031 0.1153 0.1943 0.2418 1.7625
0.1059 0.2878 -1.0527 1.0231 -0.0441 0.013 0.0346 0.1286 0.2167 0.2697 1.9658
0.0926 0.3038 -0.9014 1.011 -0.1042 0.0117 0.0312 0.116 0.1955 0.2434 1.7739
0.1022 0.2957 -1.0473 1.0941 0.1256 0.0126 0.0335 0.1246 0.21 0.2614 1.9056
0.0983 0.3113 -1.0065 0.9121 0.0155 0.0108 0.0287 0.1068 0.1799 0.2239 1.6322
0.092 0.3099 -0.9035 0.9259 -0.134 0.0116 0.031 0.1152 0.1942 0.2417 1.7614
0.0961 0.3028 -0.9837 1.0777 0.1714 0.0126 0.0337 0.1252 0.2109 0.2625 1.9134
0.1039 0.2827 -1.039 1.1158 -0.001 0.0137 0.0364 0.1354 0.2282 0.2841 2.0705
0.1077 0.2866 -1.0711 1.0493 0.0042 0.0106 0.0283 0.1051 0.1772 0.2205 1.6075
0.1003 0.288 -0.9969 1.119 -0.0094 0.0118 0.0315 0.117 0.1971 0.2453 1.7883
0.1111 0.2753 -1.1197 1.2063 0.2894 0.0133 0.0356 0.1322 0.2228 0.2773 2.0209
0.0965 0.2944 -0.9651 1.0902 0.0381 0.012 0.0319 0.1186 0.1999 0.2488 1.8135
0.0939 0.3319 -0.9536 0.8195 -0.0925 0.013 0.0346 0.1285 0.2166 0.2696 1.9654
0.1009 0.3043 -1.0177 0.8827 0.033 0.0136 0.0363 0.135 0.2274 0.2831 2.0633
0.1105 0.2746 -1.085 1.1418 0.0836 0.0117 0.0311 0.1157 0.1951 0.2428 1.7697
0.0862 0.3197 -0.8759 0.9268 -0.0354 0.0121 0.0323 0.1202 0.2025 0.252 1.8372
0.0951 0.3102 -0.9547 0.9548 -0.149 0.0119 0.0317 0.1177 0.1983 0.2468 1.7992
0.1023 0.3054 -1.0479 0.909 0.211 0.0142 0.0379 0.141 0.2377 0.2959 2.1565
0.0912 0.3259 -0.9123 0.8117 -0.3327 0.0136 0.0363 0.1349 0.2273 0.2829 2.0624
0.1037 0.2926 -1.0301 1.019 0.1258 0.0102 0.0272 0.1013 0.1706 0.2124 1.5481
0.0971 0.2942 -0.9334 1.015 -0.0951 0.0115 0.0306 0.1138 0.1918 0.2388 1.7404
0.096 0.3051 -0.9833 1.0653 0.1517 0.0134 0.0358 0.1329 0.224 0.2788 2.0323
0.1034 0.2976 -1.0225 0.969 -0.009 0.0109 0.0292 0.1084 0.1827 0.2275 1.658
0.1033 0.2816 -1.0229 1.0812 0.068 0.0119 0.0317 0.1178 0.1985 0.247 1.8007
0.0999 0.3039 -1.0046 0.947 0.0392 0.0121 0.0324 0.1203 0.2027 0.2523 1.8392
0.0984 0.3044 -0.9603 0.9638 -0.0265 0.0129 0.0344 0.1278 0.2153 0.268 1.9536
0.1095 0.2671 -1.0632 1.1689 0.1881 0.0148 0.0394 0.1466 0.2471 0.3075 2.2414
0.0924 0.3023 -0.8971 0.9727 -0.0943 0.0123 0.0328 0.1219 0.2054 0.2556 1.863
0.1089 0.2889 -1.1262 1.1032 0.2693 0.0136 0.0364 0.1353 0.228 0.2838 2.0687
0.1003 0.3036 -1.0091 0.9538 0.0791 0.0111 0.0296 0.1099 0.1852 0.2305 1.68
0.093 0.3296 -0.9455 0.8022 -0.1049 0.0123 0.0329 0.1224 0.2063 0.2567 1.8713
0.1073 0.2893 -1.1088 1.0867 0.2389 0.0137 0.0365 0.1359 0.229 0.285 2.0773
0.0947 0.3056 -0.9636 0.9932 -0.0148 0.0136 0.0364 0.1353 0.228 0.2838 2.0687
0.0957 0.3082 -0.9728 0.9735 0.1045 0.0131 0.0349 0.1299 0.2189 0.2725 1.9864
0.1015 0.276 -0.9491 1.1149 -0.0999 0.0149 0.0399 0.1482 0.2497 0.3108 2.2652
0.0939 0.32 -0.9573 0.8405 0.0712 0.0143 0.0382 0.142 0.2393 0.2979 2.1713
0.1146 0.2463 -1.0946 1.3322 0.1314 0.0127 0.0338 0.1258 0.212 0.2639 1.9238
0.0942 0.3074 -0.9406 0.9526 -0.0452 0.012 0.032 0.119 0.2006 0.2497 1.8199
0.0959 0.3165 -0.9997 0.959 0.2445 0.0142 0.038 0.1413 0.2381 0.2964 2.1605
0.0915 0.3137 -0.946 0.9476 0.0745 0.0146 0.039 0.1451 0.2446 0.3044 2.219
0.0985 0.2994 -0.9905 1.0086 0.1898 0.014 0.0374 0.1389 0.2341 0.2914 2.1238
0.1061 0.2913 -1.0535 0.9348 0.1182 0.0147 0.0391 0.1454 0.2451 0.305 2.2234
0.1004 0.2988 -1.0251 0.9868 0.1765 0.0113 0.0302 0.1123 0.1893 0.2356 1.7173
0.1041 0.3064 -1.0645 1.0264 0.0546 0.0114 0.0305 0.1135 0.1912 0.238 1.7349
0.1032 0.3063 -1.0527 0.9341 0.1247 0.0132 0.0353 0.1313 0.2214 0.2755 2.0082
0.0951 0.3108 -0.9538 0.9293 -0.1333 0.0118 0.0316 0.1174 0.1979 0.2463 1.7954
0.1032 0.2849 -0.9828 1.0356 -0.0101 0.0126 0.0336 0.1249 0.2106 0.2621 1.9104
0.0957 0.3128 -0.9583 0.9277 -0.0156 0.0115 0.0308 0.1145 0.1929 0.2401 1.7501
0.1087 0.2753 -1.0644 1.0794 0.1337 0.0124 0.033 0.1226 0.2066 0.2572 1.8745
0.1017 0.2992 -1.0067 0.9627 0.0041 0.0138 0.0367 0.1365 0.23 0.2863 2.087
0.1003 0.3031 -0.9974 0.9346 0.0517 0.0108 0.0289 0.1073 0.1808 0.225 1.6402
0.0905 0.313 -0.934 0.9228 -0.0561 0.0134 0.0357 0.1326 0.2235 0.2781 2.0274
0.1 0.2991 -0.9618 0.931 -0.07 0.0118 0.0314 0.1169 0.1969 0.2451 1.7866
0.0857 0.3305 -0.8497 0.8804 -0.3227 0.0111 0.0297 0.1103 0.1858 0.2313 1.6857
0.0939 0.3136 -0.9392 0.9463 0.0231 0.0123 0.0327 0.1217 0.2051 0.2553 1.861
0.1046 0.2758 -0.9965 1.0377 0.0676 0.0121 0.0322 0.1196 0.2016 0.2509 1.8291
0.1006 0.2849 -0.967 1.0382 0.0197 0.014 0.0373 0.1389 0.234 0.2913 2.123
0.1006 0.3026 -1.045 0.9853 0.177 0.0112 0.0299 0.1111 0.1873 0.2331 1.6992
0.1061 0.2957 -1.0533 0.9667 0.0614 0.0116 0.031 0.1151 0.1939 0.2414 1.7595
0.0921 0.3003 -0.9418 1.0486 0.0302 0.0127 0.0339 0.1259 0.2121 0.264 1.9244
0.0895 0.3047 -0.9 1.0585 -0.0836 0.0121 0.0323 0.1201 0.2023 0.2518 1.8355
0.105 0.2832 -1.041 1.1308 0.0023 0.0112 0.0299 0.1112 0.1874 0.2333 1.7005
